%YAML:1.0
---
points: [ 2.12180603e+02, 2.38050262e+02, 2.21076935e+02, 2.38110657e+02,
    2.29956207e+02, 2.38066101e+02, 2.38886810e+02, 2.38130432e+02,
    2.47878769e+02, 2.38009155e+02, 2.56834137e+02, 2.38051407e+02,
    2.65794037e+02, 2.38011520e+02, 2.12161865e+02, 2.47029861e+02,
    2.21129608e+02, 2.47005493e+02, 2.29972443e+02, 2.47011703e+02,
    2.38885040e+02, 2.47003708e+02, 2.47905441e+02, 2.47046295e+02,
    2.56821655e+02, 2.46930817e+02, 2.65814545e+02, 2.46920837e+02,
    2.12183823e+02, 2.56074738e+02, 2.21073807e+02, 2.56161163e+02,
    2.30070023e+02, 2.56029388e+02, 2.38960602e+02, 2.55999741e+02,
    2.47890854e+02, 2.56023315e+02, 2.56829529e+02, 2.55928833e+02,
    2.65780640e+02, 2.55962601e+02, 2.12175797e+02, 2.65029175e+02,
    2.21090302e+02, 2.64905762e+02, 2.30088425e+02, 2.64943024e+02,
    2.38935287e+02, 2.64853333e+02, 2.47895126e+02, 2.64845520e+02,
    2.56880890e+02, 2.64911163e+02, 2.65807739e+02, 2.64821564e+02,
    2.12131348e+02, 2.74159332e+02, 2.21188889e+02, 2.74076569e+02,
    2.30054520e+02, 2.74072357e+02, 2.38990631e+02, 2.74097382e+02,
    2.47969788e+02, 2.73998596e+02, 2.56858124e+02, 2.73949188e+02,
    2.65885651e+02, 2.73917664e+02, 2.12101059e+02, 2.83104187e+02,
    2.21118851e+02, 2.83063385e+02, 2.30075073e+02, 2.82983856e+02,
    2.39034653e+02, 2.82944092e+02, 2.47968033e+02, 2.82909058e+02,
    2.56866730e+02, 2.82906555e+02, 2.65902954e+02, 2.82883057e+02,
    2.12075485e+02, 2.92214111e+02, 2.21092010e+02, 2.92189789e+02,
    2.29988983e+02, 2.92147644e+02, 2.39090591e+02, 2.92098389e+02,
    2.47986328e+02, 2.92112671e+02, 2.56947540e+02, 2.92096680e+02,
    2.65934296e+02, 2.92004333e+02, 2.12003647e+02, 3.01307556e+02,
    2.21043610e+02, 3.01149353e+02, 2.30053284e+02, 3.01182068e+02,
    2.38991333e+02, 3.01147980e+02, 2.48046936e+02, 3.01154480e+02,
    2.56966705e+02, 3.01151306e+02, 2.65972900e+02, 3.01070129e+02,
    2.12009323e+02, 3.10357239e+02, 2.21031113e+02, 3.10260193e+02,
    2.30071152e+02, 3.10190186e+02, 2.39091293e+02, 3.10103943e+02,
    2.48054550e+02, 3.10144531e+02, 2.57049591e+02, 3.10135986e+02,
    2.66061066e+02, 3.10181885e+02 ]
