%YAML:1.0
---
points: [ 9.55463928e+02, 5.79452332e+02, 9.53958313e+02, 6.05777283e+02,
    9.52511169e+02, 6.32344849e+02, 9.50785828e+02, 6.58592224e+02,
    9.49379700e+02, 6.85208374e+02, 9.47891174e+02, 7.11605042e+02,
    9.46223694e+02, 7.38296936e+02, 9.29296021e+02, 5.77885437e+02,
    9.27626526e+02, 6.04377869e+02, 9.26333984e+02, 6.30561218e+02,
    9.24588745e+02, 6.56961853e+02, 9.23031372e+02, 6.83469849e+02,
    9.21599365e+02, 7.10229004e+02, 9.19754822e+02, 7.36630066e+02,
    9.03167908e+02, 5.76427490e+02, 9.01575867e+02, 6.02602966e+02,
    8.99993103e+02, 6.29184570e+02, 8.98485596e+02, 6.55488586e+02,
    8.96671875e+02, 6.82019958e+02, 8.95305786e+02, 7.08471985e+02,
    8.93457031e+02, 7.35245178e+02, 8.76738342e+02, 5.74776978e+02,
    8.75392456e+02, 6.01337524e+02, 8.73609680e+02, 6.27626465e+02,
    8.72072754e+02, 6.54281128e+02, 8.70392578e+02, 6.80582764e+02,
    8.68678345e+02, 7.07261047e+02, 8.67219543e+02, 7.33602295e+02,
    8.50433533e+02, 5.73559753e+02, 8.48980469e+02, 5.99784668e+02,
    8.47380371e+02, 6.26444336e+02, 8.45606995e+02, 6.52580933e+02,
    8.44072449e+02, 6.79381409e+02, 8.42426025e+02, 7.05714600e+02,
    8.40559082e+02, 7.32483765e+02, 8.24297180e+02, 5.71911743e+02,
    8.22583008e+02, 5.98379883e+02, 8.20965454e+02, 6.24571106e+02,
    8.19278015e+02, 6.51190125e+02, 8.17614624e+02, 6.77466614e+02,
    8.15855957e+02, 7.04306519e+02, 8.14120789e+02, 7.30903870e+02,
    7.97970215e+02, 5.70488647e+02, 7.96294067e+02, 5.96654846e+02,
    7.94629333e+02, 6.23208984e+02, 7.92765442e+02, 6.49561646e+02,
    7.91310730e+02, 6.76211060e+02, 7.89493347e+02, 7.02564392e+02,
    7.87597839e+02, 7.29507629e+02, 7.71539734e+02, 5.68901611e+02,
    7.69691589e+02, 5.95503418e+02, 7.68279175e+02, 6.21779663e+02,
    7.66307983e+02, 6.48428955e+02, 7.64662659e+02, 6.74744080e+02,
    7.62896179e+02, 7.01403931e+02, 7.61118652e+02, 7.27782471e+02,
    7.45196655e+02, 5.67626099e+02, 7.43311707e+02, 5.93929932e+02,
    7.41679077e+02, 6.20509766e+02, 7.39695374e+02, 6.46737549e+02,
    7.38180786e+02, 6.73513550e+02, 7.36439514e+02, 6.99867432e+02,
    7.34422974e+02, 7.26550659e+02 ]
