%YAML:1.0
---
points: [ 3.10445679e+02, 2.23944656e+02, 3.13058258e+02, 2.32542099e+02,
    3.15698120e+02, 2.41116196e+02, 3.18334839e+02, 2.49705444e+02,
    3.20958344e+02, 2.58436249e+02, 3.23715149e+02, 2.67073303e+02,
    3.26347473e+02, 2.75715576e+02, 3.01847015e+02, 2.26521164e+02,
    3.04519989e+02, 2.35085129e+02, 3.07128967e+02, 2.43687408e+02,
    3.09723694e+02, 2.52304413e+02, 3.12356415e+02, 2.60957367e+02,
    3.15021851e+02, 2.69542389e+02, 3.17703827e+02, 2.78272247e+02,
    2.93336426e+02, 2.29123123e+02, 2.95864929e+02, 2.37652527e+02,
    2.98479950e+02, 2.46323486e+02, 3.01136444e+02, 2.54855652e+02,
    3.03802795e+02, 2.63527771e+02, 3.06422760e+02, 2.72190308e+02,
    3.09083344e+02, 2.80869507e+02, 2.84807831e+02, 2.31697693e+02,
    2.87410980e+02, 2.40274689e+02, 2.90013794e+02, 2.48820328e+02,
    2.92642609e+02, 2.57458405e+02, 2.95250793e+02, 2.66080902e+02,
    2.97868744e+02, 2.74731201e+02, 3.00517609e+02, 2.83376587e+02,
    2.76253754e+02, 2.34261505e+02, 2.78806244e+02, 2.42833908e+02,
    2.81425201e+02, 2.51474411e+02, 2.84013062e+02, 2.60028259e+02,
    2.86646820e+02, 2.68711334e+02, 2.89290100e+02, 2.77358398e+02,
    2.91882660e+02, 2.85994629e+02, 2.67698029e+02, 2.36899017e+02,
    2.70302643e+02, 2.45444229e+02, 2.72845490e+02, 2.54029892e+02,
    2.75404388e+02, 2.62601990e+02, 2.78044830e+02, 2.71211609e+02,
    2.80690186e+02, 2.79902313e+02, 2.83297028e+02, 2.88620392e+02,
    2.59154938e+02, 2.39424805e+02, 2.61730316e+02, 2.48073303e+02,
    2.64320251e+02, 2.56586121e+02, 2.66921600e+02, 2.65278259e+02,
    2.69453918e+02, 2.73871674e+02, 2.72113525e+02, 2.82487122e+02,
    2.74707947e+02, 2.91213776e+02, 2.50589706e+02, 2.42011154e+02,
    2.53208435e+02, 2.50671661e+02, 2.55762512e+02, 2.59206787e+02,
    2.58346771e+02, 2.67798523e+02, 2.60990234e+02, 2.76464264e+02,
    2.63577301e+02, 2.85083282e+02, 2.66184174e+02, 2.93793976e+02,
    2.42053528e+02, 2.44596603e+02, 2.44657410e+02, 2.53246719e+02,
    2.47266327e+02, 2.61797424e+02, 2.49795212e+02, 2.70442505e+02,
    2.52388855e+02, 2.78988312e+02, 2.55032364e+02, 2.87757507e+02,
    2.57495117e+02, 2.96364258e+02 ]
