%YAML:1.0
---
points: [ 3.23322327e+02, 4.99341164e+01, 3.18999817e+02, 5.53494415e+01,
    3.20401642e+02, 6.19991570e+01, 3.19157684e+02, 6.79777451e+01,
    3.13581848e+02, 7.39545898e+01, 3.17209290e+02, 7.80012817e+01,
    3.11665131e+02, 8.33088989e+01, 3.20367279e+02, 4.89957809e+01,
    3.18999664e+02, 5.53494759e+01, 3.18999695e+02, 5.53494682e+01,
    3.12486176e+02, 6.67142639e+01, 3.13581177e+02, 7.39551926e+01,
    3.09275024e+02, 8.03511887e+01, 3.10073059e+02, 8.32751007e+01,
    3.14359283e+02, 4.77127342e+01, 3.14361145e+02, 4.77127762e+01,
    3.07792450e+02, 5.95942612e+01, 3.09238007e+02, 6.58428345e+01,
    3.06357697e+02, 6.54344025e+01, 3.07955170e+02, 7.33179474e+01,
    3.03328339e+02, 7.85956726e+01, 3.07179413e+02, 4.62011604e+01,
    3.05610443e+02, 5.24595375e+01, 2.96960388e+02, 5.70603638e+01,
    2.99469513e+02, 6.43221359e+01, 2.97162842e+02, 7.08714142e+01,
    2.96174225e+02, 7.72503357e+01, 2.99506836e+02, 8.04591599e+01,
    2.97162628e+02, 4.38686066e+01, 2.98907654e+02, 5.07555809e+01,
    2.96960388e+02, 5.70603752e+01, 2.96178436e+02, 6.32320557e+01,
    2.90854919e+02, 6.93664780e+01, 2.90340393e+02, 7.54482346e+01,
    2.90340576e+02, 7.54482040e+01, 2.90561951e+02, 4.22943840e+01,
    2.86026611e+02, 4.80903244e+01, 2.87508087e+02, 5.45712128e+01,
    2.82630249e+02, 6.07261848e+01, 2.87858612e+02, 6.81917572e+01,
    2.84354279e+02, 6.78028030e+01, 2.82271393e+02, 7.70286560e+01,
    2.80631042e+02, 3.98046188e+01, 2.86026459e+02, 4.80903015e+01,
    2.84611053e+02, 5.37298164e+01, 2.82526398e+02, 6.07098007e+01,
    2.77941833e+02, 6.64046783e+01, 2.76449249e+02, 7.23048172e+01,
    2.76449127e+02, 7.23048706e+01, 2.80630981e+02, 3.98046341e+01,
    2.73994385e+02, 4.54560738e+01, 2.74258972e+02, 5.23210983e+01,
    2.74258881e+02, 5.23211517e+01, 2.74834534e+02, 6.55609436e+01,
    2.69613983e+02, 7.07678909e+01, 2.69652496e+02, 7.07588882e+01,
    2.71152679e+02, 3.78465805e+01, 2.72352020e+02, 4.52964211e+01,
    2.68131500e+02, 5.08417244e+01, 2.66143219e+02, 5.62734032e+01,
    2.65716370e+02, 5.96193428e+01, 2.66355255e+02, 6.97542953e+01,
    2.60389862e+02, 6.98429947e+01 ]
