%YAML:1.0
---
points: [ 3.44160980e+02, 3.32237473e+01, 3.46773651e+02, 3.90614624e+01,
    3.49246277e+02, 4.52560844e+01, 3.51918640e+02, 5.11353188e+01,
    3.54204956e+02, 5.74621620e+01, 3.57453491e+02, 6.36494026e+01,
    3.59593018e+02, 6.97721558e+01, 3.37462280e+02, 3.50220947e+01,
    3.40261414e+02, 4.12704582e+01, 3.42484894e+02, 4.74007759e+01,
    3.45126007e+02, 5.31731262e+01, 3.48322083e+02, 6.00181580e+01,
    3.51324402e+02, 6.63153381e+01, 3.54189880e+02, 7.19974213e+01,
    3.31142426e+02, 3.75731621e+01, 3.33236633e+02, 4.33659134e+01,
    3.36316650e+02, 4.99239235e+01, 3.39228241e+02, 5.62251930e+01,
    3.41339386e+02, 6.22491684e+01, 3.44309662e+02, 6.82328415e+01,
    3.45639374e+02, 7.56214676e+01, 3.24664337e+02, 3.97286072e+01,
    3.26349396e+02, 5.06535530e+01, 3.30163635e+02, 5.24244690e+01,
    3.31815002e+02, 5.80106430e+01, 3.35221558e+02, 6.45735626e+01,
    3.38053345e+02, 7.12879410e+01, 3.40144470e+02, 7.68192673e+01,
    3.17904114e+02, 4.21528854e+01, 3.20072296e+02, 4.80619888e+01,
    3.23266022e+02, 5.43015327e+01, 3.26510712e+02, 6.15426025e+01,
    3.28010773e+02, 6.66157837e+01, 3.31279358e+02, 7.31210556e+01,
    3.33095612e+02, 8.02428207e+01, 3.11419922e+02, 4.42140617e+01,
    3.14414551e+02, 5.08467293e+01, 3.16653992e+02, 5.70278435e+01,
    3.18770874e+02, 6.30152512e+01, 3.22500610e+02, 6.95071716e+01,
    3.24285645e+02, 7.58351440e+01, 3.27285645e+02, 8.15512466e+01,
    3.04214233e+02, 4.67150803e+01, 3.07273468e+02, 5.25169754e+01,
    3.09358429e+02, 5.92483978e+01, 3.12365173e+02, 6.49279327e+01,
    3.14983704e+02, 7.17795944e+01, 3.18023529e+02, 7.82033615e+01,
    3.20300415e+02, 8.43027878e+01, 2.98563416e+02, 4.93737793e+01,
    3.01019409e+02, 5.51045876e+01, 3.03792572e+02, 6.20562057e+01,
    3.06316956e+02, 6.84645004e+01, 3.08643860e+02, 7.42093048e+01,
    3.11782959e+02, 8.02522125e+01, 3.14202209e+02, 8.65759277e+01,
    2.94919830e+02, 5.42668877e+01, 2.94841522e+02, 5.78593521e+01,
    2.96667786e+02, 6.39562531e+01, 2.99113617e+02, 7.00716629e+01,
    3.02530365e+02, 7.66177063e+01, 3.04079010e+02, 8.22940598e+01,
    3.07544952e+02, 8.97220306e+01 ]
