%YAML:1.0
---
points: [ 1.18540198e+03, 1.38373089e+01, 1.19339673e+03, 3.23482475e+01,
    1.20166187e+03, 5.08120880e+01, 1.20978748e+03, 6.94118118e+01,
    1.21826733e+03, 8.79942703e+01, 1.22639343e+03, 1.06563850e+02,
    1.23475781e+03, 1.25266869e+02, 1.16581812e+03, 2.14862404e+01,
    1.17418030e+03, 3.97865906e+01, 1.18221411e+03, 5.84935760e+01,
    1.19047278e+03, 7.70554428e+01, 1.19850000e+03, 9.56638489e+01,
    1.20688025e+03, 1.14355499e+02, 1.21504126e+03, 1.32863647e+02,
    1.14678662e+03, 2.88854923e+01, 1.15462549e+03, 4.74983597e+01,
    1.16297876e+03, 6.59608917e+01, 1.17084094e+03, 8.46650391e+01,
    1.17922925e+03, 1.03345131e+02, 1.18714929e+03, 1.21925529e+02,
    1.19550183e+03, 1.40612610e+02, 1.12731653e+03, 3.65965004e+01,
    1.13567822e+03, 5.50063171e+01, 1.14341187e+03, 7.35841293e+01,
    1.15166516e+03, 9.22963562e+01, 1.15955994e+03, 1.10922974e+02,
    1.16775903e+03, 1.29589890e+02, 1.17585535e+03, 1.48279892e+02,
    1.10841125e+03, 4.40295219e+01, 1.11599402e+03, 6.26150703e+01,
    1.12438940e+03, 8.11221161e+01, 1.13208813e+03, 9.98110199e+01,
    1.14042102e+03, 1.18490234e+02, 1.14815234e+03, 1.37256531e+02,
    1.15646924e+03, 1.55740784e+02, 1.08869128e+03, 5.13956184e+01,
    1.09700537e+03, 6.98942566e+01, 1.10467090e+03, 8.85772324e+01,
    1.11297290e+03, 1.07288376e+02, 1.12061829e+03, 1.25974609e+02,
    1.12886230e+03, 1.44571838e+02, 1.13682043e+03, 1.63285004e+02,
    1.06954114e+03, 5.88350029e+01, 1.07733325e+03, 7.73707809e+01,
    1.08550049e+03, 9.60919647e+01, 1.09313037e+03, 1.14870155e+02,
    1.10135876e+03, 1.33481705e+02, 1.10913574e+03, 1.52219620e+02,
    1.11739368e+03, 1.70830948e+02, 1.04994226e+03, 6.63682175e+01,
    1.05796045e+03, 8.48613815e+01, 1.06576147e+03, 1.03562157e+02,
    1.07376648e+03, 1.22364037e+02, 1.08152637e+03, 1.41124924e+02,
    1.08973132e+03, 1.59758118e+02, 1.09747913e+03, 1.78482162e+02,
    1.03064880e+03, 7.34798737e+01, 1.03846533e+03, 9.22735443e+01,
    1.04653833e+03, 1.10949791e+02, 1.05418176e+03, 1.29748260e+02,
    1.06226880e+03, 1.48395630e+02, 1.06992517e+03, 1.67347290e+02,
    1.07815332e+03, 1.86106583e+02 ]
