%YAML:1.0
---
points: [ 1.05513110e+03, 5.65051819e+02, 1.06264917e+03, 5.90243530e+02,
    1.07038647e+03, 6.15502869e+02, 1.07809351e+03, 6.40972778e+02,
    1.08565710e+03, 6.66220947e+02, 1.09354749e+03, 6.91815857e+02,
    1.10144873e+03, 7.17429321e+02, 1.02966699e+03, 5.72730103e+02,
    1.03741064e+03, 5.97761292e+02, 1.04503088e+03, 6.23311584e+02,
    1.05270190e+03, 6.48559937e+02, 1.06043115e+03, 6.73988525e+02,
    1.06812988e+03, 6.99339905e+02, 1.07577417e+03, 7.25175476e+02,
    1.00466760e+03, 5.80411133e+02, 1.01220947e+03, 6.05526306e+02,
    1.01983282e+03, 6.30686096e+02, 1.02753955e+03, 6.56278198e+02,
    1.03521155e+03, 6.81526062e+02, 1.04299365e+03, 7.07064209e+02,
    1.05065710e+03, 7.32653442e+02, 9.79575500e+02, 5.87835266e+02,
    9.87206970e+02, 6.13121460e+02, 9.94866943e+02, 6.38423157e+02,
    1.00241382e+03, 6.63793945e+02, 1.01018689e+03, 6.89285767e+02,
    1.01764532e+03, 7.14551819e+02, 1.02548230e+03, 7.40398560e+02,
    9.54393127e+02, 5.95581238e+02, 9.61786682e+02, 6.20870850e+02,
    9.69436951e+02, 6.45963562e+02, 9.77015930e+02, 6.71562500e+02,
    9.84655701e+02, 6.96797241e+02, 9.92357239e+02, 7.22430115e+02,
    1.00007013e+03, 7.47892639e+02, 9.29056335e+02, 6.03354309e+02,
    9.36678589e+02, 6.28500977e+02, 9.44279053e+02, 6.53764954e+02,
    9.51777588e+02, 6.79233704e+02, 9.59495850e+02, 7.04592346e+02,
    9.67005981e+02, 7.29920044e+02, 9.74762268e+02, 7.55657532e+02,
    9.03931763e+02, 6.10830627e+02, 9.11527405e+02, 6.36174072e+02,
    9.19108765e+02, 6.61374573e+02, 9.26633850e+02, 6.86748169e+02,
    9.34382263e+02, 7.12306274e+02, 9.41909973e+02, 7.37695679e+02,
    9.49520325e+02, 7.63380066e+02, 8.78775513e+02, 6.18495178e+02,
    8.86468384e+02, 6.43928101e+02, 8.93871338e+02, 6.69163208e+02,
    9.01454346e+02, 6.94497131e+02, 9.08997742e+02, 7.20095093e+02,
    9.16474548e+02, 7.45371887e+02, 9.24301819e+02, 7.71098145e+02,
    8.53533386e+02, 6.26193542e+02, 8.60907104e+02, 6.51564392e+02,
    8.68523132e+02, 6.76709778e+02, 8.76072754e+02, 7.02312622e+02,
    8.83695129e+02, 7.27756592e+02, 8.91278687e+02, 7.53181335e+02,
    8.98864685e+02, 7.78734741e+02 ]
