%YAML:1.0
---
points: [ 9.77554321e+02, 2.52640961e+02, 9.79505554e+02, 2.72067505e+02,
    9.81055786e+02, 2.92061066e+02, 9.82488403e+02, 3.11745453e+02,
    9.84511658e+02, 3.31701385e+02, 9.85826721e+02, 3.51421295e+02,
    9.87729675e+02, 3.71460785e+02, 9.57740112e+02, 2.54026016e+02,
    9.59196411e+02, 2.73678375e+02, 9.60617981e+02, 2.93549713e+02,
    9.62431091e+02, 3.13344269e+02, 9.64150330e+02, 3.33421082e+02,
    9.65661621e+02, 3.53283203e+02, 9.67122009e+02, 3.72789520e+02,
    9.37428223e+02, 2.55551208e+02, 9.38963013e+02, 2.75553864e+02,
    9.40716736e+02, 2.95245514e+02, 9.42283691e+02, 3.14878387e+02,
    9.43740540e+02, 3.34699585e+02, 9.45352417e+02, 3.54646271e+02,
    9.47199768e+02, 3.74534424e+02, 9.17441895e+02, 2.57453766e+02,
    9.18752808e+02, 2.76816742e+02, 9.20429565e+02, 2.96788025e+02,
    9.22224670e+02, 3.16666351e+02, 9.23649048e+02, 3.36339417e+02,
    9.25160645e+02, 3.56233063e+02, 9.26583740e+02, 3.76208923e+02,
    8.97325256e+02, 2.58813965e+02, 8.98712830e+02, 2.78556213e+02,
    9.00471436e+02, 2.98260437e+02, 9.01751831e+02, 3.18094513e+02,
    9.03272888e+02, 3.37836151e+02, 9.04734985e+02, 3.57653625e+02,
    9.06330383e+02, 3.77474152e+02, 8.77091309e+02, 2.60409058e+02,
    8.78474792e+02, 2.80054230e+02, 8.80046631e+02, 2.99550140e+02,
    8.81494080e+02, 3.19319885e+02, 8.83014343e+02, 3.39275360e+02,
    8.84542236e+02, 3.59146851e+02, 8.85896606e+02, 3.78782562e+02,
    8.56942566e+02, 2.61676300e+02, 8.58527527e+02, 2.81524506e+02,
    8.59773193e+02, 3.01257751e+02, 8.61229004e+02, 3.20918213e+02,
    8.62578613e+02, 3.40577698e+02, 8.64256287e+02, 3.60545776e+02,
    8.65502991e+02, 3.80468048e+02, 8.36837158e+02, 2.63452148e+02,
    8.38182983e+02, 2.82814117e+02, 8.39621643e+02, 3.02901489e+02,
    8.41175293e+02, 3.22367859e+02, 8.42584473e+02, 3.42272949e+02,
    8.43806580e+02, 3.62073273e+02, 8.44990356e+02, 3.81750092e+02,
    8.16563416e+02, 2.64630219e+02, 8.18022644e+02, 2.84378693e+02,
    8.19382751e+02, 3.04122192e+02, 8.20920044e+02, 3.23727966e+02,
    8.22379028e+02, 3.44065002e+02, 8.23369202e+02, 3.63389404e+02,
    8.24686707e+02, 3.83119690e+02 ]
