%YAML:1.0
---
points: [ 2.58311066e+02, 3.00564941e+02, 2.57855469e+02, 2.91387634e+02,
    2.57633972e+02, 2.82346344e+02, 2.57206085e+02, 2.73312988e+02,
    2.56818542e+02, 2.64315277e+02, 2.56514160e+02, 2.55244629e+02,
    2.56096832e+02, 2.46308212e+02, 2.67289917e+02, 3.00413055e+02,
    2.66841980e+02, 2.91275787e+02, 2.66621979e+02, 2.82270386e+02,
    2.66141449e+02, 2.73120178e+02, 2.65797668e+02, 2.64136200e+02,
    2.65518616e+02, 2.54998184e+02, 2.65037201e+02, 2.46000015e+02,
    2.76323212e+02, 3.00348267e+02, 2.75854309e+02, 2.91246826e+02,
    2.75585388e+02, 2.82129578e+02, 2.75164825e+02, 2.72993164e+02,
    2.74800446e+02, 2.63865540e+02, 2.74438568e+02, 2.54888855e+02,
    2.73998535e+02, 2.45680862e+02, 2.85449249e+02, 3.00317230e+02,
    2.84949615e+02, 2.91171143e+02, 2.84625000e+02, 2.81991333e+02,
    2.84204590e+02, 2.72853577e+02, 2.83794189e+02, 2.63698822e+02,
    2.83528687e+02, 2.54614395e+02, 2.83111694e+02, 2.45522003e+02,
    2.94543823e+02, 3.00265778e+02, 2.94141144e+02, 2.91132996e+02,
    2.93793060e+02, 2.81842926e+02, 2.93396179e+02, 2.72703796e+02,
    2.92991516e+02, 2.63499390e+02, 2.92656067e+02, 2.54381516e+02,
    2.92262726e+02, 2.45310120e+02, 3.03888580e+02, 3.00303589e+02,
    3.03375824e+02, 2.91014099e+02, 3.03011200e+02, 2.81759186e+02,
    3.02615021e+02, 2.72477966e+02, 3.02215759e+02, 2.63317108e+02,
    3.01873016e+02, 2.54162735e+02, 3.01454834e+02, 2.44999542e+02,
    3.13056824e+02, 3.00207031e+02, 3.12660400e+02, 2.90886536e+02,
    3.12177704e+02, 2.81604095e+02, 3.11886902e+02, 2.72350433e+02,
    3.11416962e+02, 2.63218384e+02, 3.11036072e+02, 2.53864319e+02,
    3.10765961e+02, 2.44731949e+02, 3.22411285e+02, 3.00137085e+02,
    3.22083466e+02, 2.90855591e+02, 3.21660522e+02, 2.81524689e+02,
    3.21234467e+02, 2.72241394e+02, 3.20878204e+02, 2.62956696e+02,
    3.20368927e+02, 2.53741074e+02, 3.20013000e+02, 2.44515930e+02,
    3.31985352e+02, 3.00072083e+02, 3.31494751e+02, 2.90780060e+02,
    3.31094727e+02, 2.81417725e+02, 3.30707733e+02, 2.72128265e+02,
    3.30180573e+02, 2.62782715e+02, 3.29900391e+02, 2.53534943e+02,
    3.29425507e+02, 2.44214233e+02 ]
