%YAML:1.0
---
points: [ 1.10886169e+03, 6.24487061e+02, 1.11006177e+03, 6.51924194e+02,
    1.11125989e+03, 6.79279785e+02, 1.11242114e+03, 7.06757385e+02,
    1.11356848e+03, 7.34101013e+02, 1.11489966e+03, 7.61673523e+02,
    1.11613391e+03, 7.89194824e+02, 1.08145349e+03, 6.25481567e+02,
    1.08254736e+03, 6.52610352e+02, 1.08379150e+03, 6.79933167e+02,
    1.08503125e+03, 7.07151978e+02, 1.08607910e+03, 7.34536133e+02,
    1.08704053e+03, 7.61839294e+02, 1.08834705e+03, 7.89365906e+02,
    1.05414197e+03, 6.26179138e+02, 1.05528735e+03, 6.53346130e+02,
    1.05648535e+03, 6.80528076e+02, 1.05758582e+03, 7.07695679e+02,
    1.05862793e+03, 7.34765869e+02, 1.05965881e+03, 7.62248596e+02,
    1.06082483e+03, 7.89679504e+02, 1.02745581e+03, 6.27089233e+02,
    1.02823083e+03, 6.53952332e+02, 1.02936475e+03, 6.81061768e+02,
    1.03043774e+03, 7.08076843e+02, 1.03160999e+03, 7.35274780e+02,
    1.03288318e+03, 7.62496765e+02, 1.03369531e+03, 7.89945984e+02,
    1.00032928e+03, 6.27731323e+02, 1.00146393e+03, 6.54771545e+02,
    1.00249902e+03, 6.81499512e+02, 1.00344897e+03, 7.08670898e+02,
    1.00449646e+03, 7.35627991e+02, 1.00569861e+03, 7.62875732e+02,
    1.00682861e+03, 7.89873596e+02, 9.73712891e+02, 6.28646484e+02,
    9.74676147e+02, 6.55422974e+02, 9.75595154e+02, 6.82245789e+02,
    9.76678833e+02, 7.09122986e+02, 9.77826233e+02, 7.36158081e+02,
    9.79056458e+02, 7.63050293e+02, 9.79871521e+02, 7.90240845e+02,
    9.47354309e+02, 6.29390442e+02, 9.48393433e+02, 6.56055847e+02,
    9.49110901e+02, 6.82769470e+02, 9.50279785e+02, 7.09591187e+02,
    9.51371643e+02, 7.36435730e+02, 9.52428223e+02, 7.63512024e+02,
    9.53399902e+02, 7.90567322e+02, 9.20799866e+02, 6.30064270e+02,
    9.22084290e+02, 6.56748291e+02, 9.22858215e+02, 6.83471008e+02,
    9.23836792e+02, 7.10130249e+02, 9.25106506e+02, 7.36966370e+02,
    9.25970215e+02, 7.63826233e+02, 9.26990662e+02, 7.90748840e+02,
    8.94819519e+02, 6.30961731e+02, 8.95603455e+02, 6.57498047e+02,
    8.96866577e+02, 6.84122925e+02, 8.97557556e+02, 7.10753967e+02,
    8.98606140e+02, 7.37518433e+02, 8.99856873e+02, 7.64209229e+02,
    9.00681641e+02, 7.91000549e+02 ]
