%YAML:1.0
---
points: [ 3.88683105e+02, 1.39033249e+02, 3.81446960e+02, 1.40089172e+02,
    3.74278381e+02, 1.41093628e+02, 3.67110687e+02, 1.42090134e+02,
    3.59888489e+02, 1.43030045e+02, 3.52647491e+02, 1.44136749e+02,
    3.45417084e+02, 1.45048386e+02, 3.87352844e+02, 1.32056213e+02,
    3.80194824e+02, 1.33050278e+02, 3.73084961e+02, 1.33999374e+02,
    3.65777588e+02, 1.34990341e+02, 3.58651367e+02, 1.36071121e+02,
    3.51504822e+02, 1.37104523e+02, 3.44290863e+02, 1.37960876e+02,
    3.86126617e+02, 1.25061790e+02, 3.79004028e+02, 1.25923927e+02,
    3.71761993e+02, 1.27077698e+02, 3.64628998e+02, 1.28116837e+02,
    3.57411835e+02, 1.29004105e+02, 3.50224976e+02, 1.30044037e+02,
    3.43147919e+02, 1.30963394e+02, 3.84706238e+02, 1.18145622e+02,
    3.77627594e+02, 1.19097160e+02, 3.70477753e+02, 1.20069527e+02,
    3.63305786e+02, 1.21066833e+02, 3.56240479e+02, 1.22080536e+02,
    3.49153503e+02, 1.23100609e+02, 3.41877930e+02, 1.24034134e+02,
    3.83421661e+02, 1.11149017e+02, 3.76440796e+02, 1.12131256e+02,
    3.69265381e+02, 1.13109238e+02, 3.62161713e+02, 1.14063614e+02,
    3.55112427e+02, 1.15041687e+02, 3.47937378e+02, 1.16023964e+02,
    3.40661926e+02, 1.16817825e+02, 3.82216125e+02, 1.04226692e+02,
    3.75267395e+02, 1.05162094e+02, 3.68148285e+02, 1.06070801e+02,
    3.61042694e+02, 1.07178444e+02, 3.53841064e+02, 1.08060349e+02,
    3.46751343e+02, 1.09027786e+02, 3.39685394e+02, 1.09939056e+02,
    3.81098328e+02, 9.72742233e+01, 3.73975006e+02, 9.83127518e+01,
    3.66950043e+02, 9.92418137e+01, 3.59808655e+02, 1.00114647e+02,
    3.52578522e+02, 1.01000946e+02, 3.45460297e+02, 1.01990799e+02,
    3.38403534e+02, 1.02912743e+02, 3.79684296e+02, 9.06226807e+01,
    3.72728516e+02, 9.14161987e+01, 3.65571899e+02, 9.23943329e+01,
    3.58537537e+02, 9.33050919e+01, 3.51440521e+02, 9.42325745e+01,
    3.44358673e+02, 9.51711349e+01, 3.37350281e+02, 9.59894409e+01,
    3.78501984e+02, 8.37101364e+01, 3.71387421e+02, 8.46139603e+01,
    3.64429810e+02, 8.54811401e+01, 3.57244690e+02, 8.64105301e+01,
    3.50328979e+02, 8.73429413e+01, 3.43236725e+02, 8.81619034e+01,
    3.36163208e+02, 8.91401596e+01 ]
