%YAML:1.0
---
points: [ 8.90635559e+02, 4.97316986e+02, 9.02594604e+02, 5.20685852e+02,
    9.14629700e+02, 5.44218262e+02, 9.26572083e+02, 5.67548340e+02,
    9.38565002e+02, 5.90932617e+02, 9.50554810e+02, 6.14502686e+02,
    9.62504822e+02, 6.37885437e+02, 8.67318298e+02, 5.09315552e+02,
    8.79251892e+02, 5.32636108e+02, 8.91252502e+02, 5.56189636e+02,
    9.03242126e+02, 5.79513489e+02, 9.15188965e+02, 6.03080872e+02,
    9.27146729e+02, 6.26542603e+02, 9.39203674e+02, 6.50085022e+02,
    8.43858582e+02, 5.21332947e+02, 8.55780457e+02, 5.44704834e+02,
    8.67781494e+02, 5.68244751e+02, 8.79724121e+02, 5.91625977e+02,
    8.91794800e+02, 6.15222290e+02, 9.03698853e+02, 6.38610046e+02,
    9.15641907e+02, 6.62298096e+02, 8.20430481e+02, 5.33251953e+02,
    8.32401611e+02, 5.56698120e+02, 8.44445007e+02, 5.80142822e+02,
    8.56405518e+02, 6.03683655e+02, 8.68368530e+02, 6.27147705e+02,
    8.80282654e+02, 6.50738159e+02, 8.92246521e+02, 6.74333191e+02,
    7.96949951e+02, 5.45418274e+02, 8.08808105e+02, 5.68765320e+02,
    8.20844299e+02, 5.92380371e+02, 8.32728210e+02, 6.15752930e+02,
    8.44760010e+02, 6.39386353e+02, 8.56640320e+02, 6.62899597e+02,
    8.68615112e+02, 6.86563293e+02, 7.73345154e+02, 5.57376770e+02,
    7.85263428e+02, 5.80841431e+02, 7.97297974e+02, 6.04429993e+02,
    8.09252930e+02, 6.27965271e+02, 8.21170715e+02, 6.51482849e+02,
    8.33116150e+02, 6.75035278e+02, 8.45188843e+02, 6.98642578e+02,
    7.49772278e+02, 5.69454773e+02, 7.61680725e+02, 5.93040833e+02,
    7.73642273e+02, 6.16573181e+02, 7.85725403e+02, 6.40108521e+02,
    7.97679626e+02, 6.63665955e+02, 8.09613159e+02, 6.87306458e+02,
    8.21502747e+02, 7.10848450e+02, 7.26122803e+02, 5.81432922e+02,
    7.38101135e+02, 6.05173279e+02, 7.50086243e+02, 6.28534546e+02,
    7.62051575e+02, 6.52344727e+02, 7.74096313e+02, 6.75650757e+02,
    7.85922668e+02, 6.99490417e+02, 7.97917419e+02, 7.23171143e+02,
    7.02366699e+02, 5.93797363e+02, 7.14353821e+02, 6.17233398e+02,
    7.26270447e+02, 6.40910217e+02, 7.38377014e+02, 6.64372742e+02,
    7.50364807e+02, 6.88177551e+02, 7.62249451e+02, 7.11571594e+02,
    7.74137634e+02, 7.35506165e+02 ]
