%YAML:1.0
---
points: [ 1.31312817e+03, 3.32309662e+02, 1.29186694e+03, 3.34947662e+02,
    1.27051562e+03, 3.38177948e+02, 1.24943445e+03, 3.40854248e+02,
    1.22812439e+03, 3.44098755e+02, 1.20689221e+03, 3.46681763e+02,
    1.18563464e+03, 3.49680267e+02, 1.30971167e+03, 3.11468597e+02,
    1.28841443e+03, 3.14356537e+02, 1.26731873e+03, 3.17378326e+02,
    1.24570496e+03, 3.20377594e+02, 1.22473547e+03, 3.23266052e+02,
    1.20340161e+03, 3.26201843e+02, 1.18241858e+03, 3.28794617e+02,
    1.30623621e+03, 2.90730743e+02, 1.28497278e+03, 2.93543060e+02,
    1.26368445e+03, 2.96632141e+02, 1.24257361e+03, 2.99491577e+02,
    1.22138818e+03, 3.02551147e+02, 1.20035254e+03, 3.05246948e+02,
    1.17908643e+03, 3.08085815e+02, 1.30257654e+03, 2.70291870e+02,
    1.28139197e+03, 2.73139160e+02, 1.26040051e+03, 2.76079346e+02,
    1.23888867e+03, 2.79136353e+02, 1.21790442e+03, 2.81702179e+02,
    1.19672949e+03, 2.84651672e+02, 1.17572070e+03, 2.87365662e+02,
    1.29917700e+03, 2.49598083e+02, 1.27804736e+03, 2.52493744e+02,
    1.25685754e+03, 2.55477570e+02, 1.23577869e+03, 2.58371735e+02,
    1.21456970e+03, 2.61243042e+02, 1.19369507e+03, 2.64025085e+02,
    1.17253333e+03, 2.66600494e+02, 1.29578308e+03, 2.29005829e+02,
    1.27467639e+03, 2.31859711e+02, 1.25367432e+03, 2.34729950e+02,
    1.23250537e+03, 2.37660812e+02, 1.21156628e+03, 2.40371567e+02,
    1.19044958e+03, 2.43337082e+02, 1.16953284e+03, 2.45804047e+02,
    1.29216516e+03, 2.08519302e+02, 1.27140576e+03, 2.11456375e+02,
    1.25021216e+03, 2.14287598e+02, 1.22930481e+03, 2.17177399e+02,
    1.20814185e+03, 2.19847321e+02, 1.18732520e+03, 2.22661575e+02,
    1.16614624e+03, 2.25377411e+02, 1.28887000e+03, 1.88054779e+02,
    1.26789587e+03, 1.91056641e+02, 1.24699280e+03, 1.93638107e+02,
    1.22582983e+03, 1.96687378e+02, 1.20503467e+03, 1.99335098e+02,
    1.18402100e+03, 2.02260056e+02, 1.16320618e+03, 2.04654831e+02,
    1.28549707e+03, 1.67552963e+02, 1.26463928e+03, 1.70513779e+02,
    1.24356982e+03, 1.73361298e+02, 1.22266248e+03, 1.76208588e+02,
    1.20167017e+03, 1.78976089e+02, 1.18079602e+03, 1.81604034e+02,
    1.15983032e+03, 1.84341507e+02 ]
