%YAML:1.0
---
points: [ 1.82079865e+02, 2.15418533e+02, 1.91142090e+02, 2.15732437e+02,
    2.00174637e+02, 2.15987823e+02, 2.09028519e+02, 2.16477081e+02,
    2.18052277e+02, 2.16583466e+02, 2.26934647e+02, 2.16980453e+02,
    2.35833893e+02, 2.17495392e+02, 1.81734406e+02, 2.24375092e+02,
    1.90773804e+02, 2.24666656e+02, 1.99731918e+02, 2.24917786e+02,
    2.08776047e+02, 2.25378189e+02, 2.17725540e+02, 2.25686157e+02,
    2.26755569e+02, 2.25922058e+02, 2.35746567e+02, 2.26237930e+02,
    1.81435822e+02, 2.33345001e+02, 1.90511185e+02, 2.33652023e+02,
    1.99491684e+02, 2.33833618e+02, 2.08434021e+02, 2.34294418e+02,
    2.17391006e+02, 2.34705215e+02, 2.26342743e+02, 2.34984024e+02,
    2.35262344e+02, 2.35253799e+02, 1.80980728e+02, 2.42299911e+02,
    1.90065033e+02, 2.42688766e+02, 1.99038864e+02, 2.42835571e+02,
    2.08043381e+02, 2.43207626e+02, 2.16976059e+02, 2.43558884e+02,
    2.25914413e+02, 2.43785355e+02, 2.34905502e+02, 2.44060165e+02,
    1.80684921e+02, 2.51325302e+02, 1.89760254e+02, 2.51641403e+02,
    1.98714188e+02, 2.51837616e+02, 2.07729126e+02, 2.52155151e+02,
    2.16732117e+02, 2.52516068e+02, 2.25704117e+02, 2.52753006e+02,
    2.34667709e+02, 2.53001038e+02, 1.80270599e+02, 2.60329224e+02,
    1.89330902e+02, 2.60649750e+02, 1.98436142e+02, 2.60847198e+02,
    2.07425110e+02, 2.61111389e+02, 2.16418884e+02, 2.61516388e+02,
    2.25407944e+02, 2.61837036e+02, 2.34336411e+02, 2.62075806e+02,
    1.79853027e+02, 2.69344086e+02, 1.88899689e+02, 2.69661133e+02,
    1.97900711e+02, 2.69861786e+02, 2.06941315e+02, 2.70241394e+02,
    2.15871841e+02, 2.70526855e+02, 2.24916336e+02, 2.70776581e+02,
    2.33835419e+02, 2.70974335e+02, 1.79585632e+02, 2.78374420e+02,
    1.88650665e+02, 2.78659851e+02, 1.97650772e+02, 2.78852112e+02,
    2.06702774e+02, 2.79168915e+02, 2.15692963e+02, 2.79452728e+02,
    2.24671509e+02, 2.79728363e+02, 2.33733429e+02, 2.79966522e+02,
    1.79103989e+02, 2.87463623e+02, 1.88139832e+02, 2.87716644e+02,
    1.97314758e+02, 2.87908905e+02, 2.06304276e+02, 2.88209900e+02,
    2.15361176e+02, 2.88515961e+02, 2.24356445e+02, 2.88746307e+02,
    2.33309677e+02, 2.89079681e+02 ]
