%YAML:1.0
---
points: [ 2.15995361e+02, 9.30177536e+01, 2.09305191e+02, 9.72741241e+01,
    2.03063980e+02, 9.82974854e+01, 1.95780334e+02, 9.84639969e+01,
    1.88738052e+02, 9.55867538e+01, 1.81894440e+02, 9.92287750e+01,
    1.74999405e+02, 9.58739166e+01, 2.15695145e+02, 9.01503677e+01,
    2.08758942e+02, 8.73597870e+01, 2.02115295e+02, 9.14937515e+01,
    1.95132034e+02, 8.87132797e+01, 1.88738052e+02, 9.55867233e+01,
    1.81812469e+02, 9.00683212e+01, 1.74999405e+02, 9.58739090e+01,
    2.15580368e+02, 8.72807083e+01, 2.08835938e+02, 8.41462631e+01,
    2.01723480e+02, 8.23495941e+01, 1.95132019e+02, 8.87132645e+01,
    1.87621582e+02, 8.23619843e+01, 1.81812485e+02, 9.00683136e+01,
    1.74297287e+02, 8.36493149e+01, 2.14703232e+02, 7.70885239e+01,
    2.12656616e+02, 8.07519150e+01, 2.01723495e+02, 8.23495789e+01,
    1.97374207e+02, 7.56985168e+01, 1.87621597e+02, 8.23619766e+01,
    1.80740723e+02, 7.70492477e+01, 1.74297287e+02, 8.36492996e+01,
    2.14631500e+02, 7.46180038e+01, 2.07726120e+02, 7.11913757e+01,
    2.00616943e+02, 6.92214127e+01, 1.97374207e+02, 7.56985168e+01,
    1.86880157e+02, 6.97143478e+01, 1.80740707e+02, 7.70492249e+01,
    1.73735931e+02, 7.16645737e+01, 2.13794846e+02, 6.43015747e+01,
    2.11848129e+02, 6.77262497e+01, 2.00616943e+02, 6.92213974e+01,
    1.93838608e+02, 6.32333069e+01, 1.83290268e+02, 6.99193039e+01,
    1.79727341e+02, 6.38657951e+01, 1.73735931e+02, 7.16645584e+01,
    2.13618393e+02, 6.14249916e+01, 2.04026077e+02, 6.17875214e+01,
    1.99874481e+02, 5.57003441e+01, 1.93838638e+02, 6.32333145e+01,
    1.86740967e+02, 6.38524971e+01, 1.79727325e+02, 6.38657837e+01,
    1.72871948e+02, 5.81861153e+01, 2.12793915e+02, 5.11348495e+01,
    2.06176895e+02, 4.95682411e+01, 1.99874496e+02, 5.57003403e+01,
    1.92784317e+02, 5.04364166e+01, 1.86486984e+02, 5.71943588e+01,
    1.79159866e+02, 5.12616577e+01, 1.72871948e+02, 5.81861076e+01,
    2.12668930e+02, 4.88366318e+01, 2.02695297e+02, 4.96575127e+01,
    1.99596512e+02, 5.05550842e+01, 1.92784332e+02, 5.04364166e+01,
    1.85496826e+02, 5.11412506e+01, 1.75531372e+02, 5.17715759e+01,
    1.72520981e+02, 5.22757874e+01 ]
