%YAML:1.0
---
points: [ 8.04584900e+02, 4.61136200e+02, 8.30095642e+02, 4.67639282e+02,
    8.55566406e+02, 4.74266876e+02, 8.81083252e+02, 4.80587219e+02,
    9.06591492e+02, 4.87037842e+02, 9.32153259e+02, 4.93614868e+02,
    9.57467285e+02, 5.00043365e+02, 7.97971436e+02, 4.86572601e+02,
    8.23718506e+02, 4.93019928e+02, 8.49239746e+02, 4.99693359e+02,
    8.74619141e+02, 5.06232483e+02, 9.00333801e+02, 5.12603088e+02,
    9.25623901e+02, 5.19027649e+02, 9.50905396e+02, 5.25502686e+02,
    7.91570679e+02, 5.12231628e+02, 8.17294800e+02, 5.18658081e+02,
    8.42745056e+02, 5.24995178e+02, 8.68416565e+02, 5.31609558e+02,
    8.93604675e+02, 5.38228394e+02, 9.19109131e+02, 5.44484680e+02,
    9.44684143e+02, 5.50788330e+02, 7.85217163e+02, 5.37687439e+02,
    8.10570496e+02, 5.44289978e+02, 8.36374634e+02, 5.50600464e+02,
    8.61831177e+02, 5.56871094e+02, 8.87100220e+02, 5.63495178e+02,
    9.12638000e+02, 5.70243103e+02, 9.38276855e+02, 5.76523499e+02,
    7.78561951e+02, 5.63296753e+02, 8.04178528e+02, 5.69695740e+02,
    8.29713928e+02, 5.76174561e+02, 8.55167480e+02, 5.82524292e+02,
    8.80734436e+02, 5.89055298e+02, 9.06371704e+02, 5.95674805e+02,
    9.31698975e+02, 6.02169861e+02, 7.71831482e+02, 5.88777283e+02,
    7.97531250e+02, 5.95435486e+02, 8.23244934e+02, 6.01723328e+02,
    8.48792603e+02, 6.08183289e+02, 8.74449829e+02, 6.14781982e+02,
    8.99753052e+02, 6.21280334e+02, 9.25360046e+02, 6.27701355e+02,
    7.65499695e+02, 6.14331848e+02, 7.90943665e+02, 6.20848694e+02,
    8.16580200e+02, 6.27450684e+02, 8.42404297e+02, 6.33811279e+02,
    8.67795837e+02, 6.40188721e+02, 8.93311523e+02, 6.46704529e+02,
    9.18789612e+02, 6.53324646e+02, 7.58757507e+02, 6.40230713e+02,
    7.84509644e+02, 6.46434021e+02, 8.10234070e+02, 6.53093445e+02,
    8.35647888e+02, 6.59512512e+02, 8.61193665e+02, 6.65887024e+02,
    8.86909790e+02, 6.72294312e+02, 9.12388000e+02, 6.78802185e+02,
    7.52292786e+02, 6.65722839e+02, 7.77742615e+02, 6.72341431e+02,
    8.03585327e+02, 6.78634705e+02, 8.29025757e+02, 6.85131409e+02,
    8.54698242e+02, 6.91639526e+02, 8.80334900e+02, 6.98201721e+02,
    9.05974243e+02, 7.04514221e+02 ]
