%YAML:1.0
---
points: [ 3.19413239e+02, 9.52260818e+01, 3.25169617e+02, 1.00138130e+02,
    3.30433807e+02, 1.04385757e+02, 3.36333435e+02, 1.09242592e+02,
    3.41754700e+02, 1.13338203e+02, 3.47610077e+02, 1.18430473e+02,
    3.52950714e+02, 1.22482399e+02, 3.14776001e+02, 1.00818832e+02,
    3.20500946e+02, 1.05276360e+02, 3.26230499e+02, 1.09901421e+02,
    3.31676025e+02, 1.14557907e+02, 3.37346771e+02, 1.19099442e+02,
    3.43078461e+02, 1.23497231e+02, 3.48862976e+02, 1.27963318e+02,
    3.10559082e+02, 1.06038040e+02, 3.15954468e+02, 1.10624252e+02,
    3.21540955e+02, 1.15284348e+02, 3.27253540e+02, 1.19749222e+02,
    3.32827515e+02, 1.24376984e+02, 3.38452332e+02, 1.29067398e+02,
    3.43941406e+02, 1.33432693e+02, 3.05651276e+02, 1.11761253e+02,
    3.11323364e+02, 1.16218872e+02, 3.17080780e+02, 1.20760735e+02,
    3.22580566e+02, 1.25522865e+02, 3.28264404e+02, 1.29933517e+02,
    3.33926483e+02, 1.34507095e+02, 3.39713837e+02, 1.38879623e+02,
    3.01332916e+02, 1.17033195e+02, 3.06679596e+02, 1.21676399e+02,
    3.12368011e+02, 1.26311676e+02, 3.18018982e+02, 1.30769501e+02,
    3.23631927e+02, 1.35378311e+02, 3.29293304e+02, 1.39995163e+02,
    3.34738617e+02, 1.44496979e+02, 2.96402802e+02, 1.22742493e+02,
    3.02204956e+02, 1.27196136e+02, 3.07803162e+02, 1.31767456e+02,
    3.13345581e+02, 1.36266571e+02, 3.19122681e+02, 1.40914032e+02,
    3.24664062e+02, 1.45397263e+02, 3.30498505e+02, 1.49993469e+02,
    2.92260468e+02, 1.27915665e+02, 2.97571899e+02, 1.32684692e+02,
    3.03190582e+02, 1.37218460e+02, 3.08848907e+02, 1.41871826e+02,
    3.14454895e+02, 1.46317474e+02, 3.20234589e+02, 1.50930069e+02,
    3.25617188e+02, 1.55506088e+02, 2.87181763e+02, 1.33637833e+02,
    2.93047211e+02, 1.38060074e+02, 2.98619843e+02, 1.42700912e+02,
    3.04200226e+02, 1.47258957e+02, 3.09907410e+02, 1.51925415e+02,
    3.15473785e+02, 1.56441193e+02, 3.21297150e+02, 1.60956894e+02,
    2.83103271e+02, 1.39057953e+02, 2.88287842e+02, 1.43351898e+02,
    2.94241486e+02, 1.48262009e+02, 2.99591888e+02, 1.52535828e+02,
    3.05413727e+02, 1.57518509e+02, 3.10978210e+02, 1.61721695e+02,
    3.16493439e+02, 1.66727570e+02 ]
