%YAML:1.0
---
points: [ 1.78917038e+02, 1.81780518e+02, 1.87939636e+02, 1.82055679e+02,
    1.96950928e+02, 1.82510742e+02, 2.05904358e+02, 1.82719788e+02,
    2.14889389e+02, 1.82935730e+02, 2.23823273e+02, 1.83176086e+02,
    2.32746552e+02, 1.83490936e+02, 1.78755508e+02, 1.90769669e+02,
    1.87728958e+02, 1.90942093e+02, 1.96731934e+02, 1.91295685e+02,
    2.05712021e+02, 1.91655319e+02, 2.14721268e+02, 1.91773651e+02,
    2.23687180e+02, 1.91975113e+02, 2.32647202e+02, 1.92332397e+02,
    1.78565460e+02, 1.99749405e+02, 1.87583588e+02, 1.99960526e+02,
    1.96574402e+02, 2.00193390e+02, 2.05592087e+02, 2.00587982e+02,
    2.14593643e+02, 2.00731812e+02, 2.23436234e+02, 2.00915222e+02,
    2.32446289e+02, 2.01248550e+02, 1.78310974e+02, 2.08684204e+02,
    1.87311325e+02, 2.08849930e+02, 1.96290039e+02, 2.09136398e+02,
    2.05313553e+02, 2.09546310e+02, 2.14196350e+02, 2.09742111e+02,
    2.23244720e+02, 2.09822266e+02, 2.32297867e+02, 2.10137772e+02,
    1.77971954e+02, 2.17675812e+02, 1.86964569e+02, 2.17813904e+02,
    1.96032562e+02, 2.17989166e+02, 2.05004456e+02, 2.18345123e+02,
    2.13852737e+02, 2.18478958e+02, 2.22908722e+02, 2.18753677e+02,
    2.31967087e+02, 2.18977921e+02, 1.77772354e+02, 2.26702988e+02,
    1.86779953e+02, 2.26788513e+02, 1.95772049e+02, 2.27081482e+02,
    2.04756424e+02, 2.27357376e+02, 2.13740250e+02, 2.27607727e+02,
    2.22773895e+02, 2.27815018e+02, 2.31894623e+02, 2.27722580e+02,
    1.77563995e+02, 2.35670395e+02, 1.86616211e+02, 2.35758194e+02,
    1.95632660e+02, 2.35926498e+02, 2.04636826e+02, 2.36218002e+02,
    2.13591827e+02, 2.36534637e+02, 2.22618301e+02, 2.36733719e+02,
    2.31541046e+02, 2.36797333e+02, 1.77219269e+02, 2.44683609e+02,
    1.86345306e+02, 2.44808792e+02, 1.95381973e+02, 2.44890305e+02,
    2.04366135e+02, 2.45185822e+02, 2.13324768e+02, 2.45401901e+02,
    2.22359665e+02, 2.45586105e+02, 2.31280991e+02, 2.45705383e+02,
    1.76869919e+02, 2.53677765e+02, 1.85983429e+02, 2.53778000e+02,
    1.95003021e+02, 2.53864777e+02, 2.04033798e+02, 2.54055450e+02,
    2.12984344e+02, 2.54389694e+02, 2.22028030e+02, 2.54577332e+02,
    2.30815735e+02, 2.54752487e+02 ]
