%YAML:1.0
---
points: [ 1.11061560e+03, 2.02539703e+02, 1.12687231e+03, 2.16252625e+02,
    1.14322559e+03, 2.29821014e+02, 1.15973901e+03, 2.43293350e+02,
    1.17615747e+03, 2.56715454e+02, 1.19263342e+03, 2.70049377e+02,
    1.20923462e+03, 2.83550659e+02, 1.09718286e+03, 2.18550385e+02,
    1.11336890e+03, 2.32261353e+02, 1.12973511e+03, 2.45742050e+02,
    1.14595178e+03, 2.59405090e+02, 1.16258728e+03, 2.72752228e+02,
    1.17896985e+03, 2.86274872e+02, 1.19557629e+03, 2.99667328e+02,
    1.08353528e+03, 2.34483597e+02, 1.09975000e+03, 2.48108871e+02,
    1.11614172e+03, 2.61799438e+02, 1.13263501e+03, 2.75322144e+02,
    1.14900134e+03, 2.88784698e+02, 1.16553162e+03, 3.02294128e+02,
    1.18211096e+03, 3.15726776e+02, 1.06999500e+03, 2.50547699e+02,
    1.08629297e+03, 2.64257690e+02, 1.10260852e+03, 2.77822754e+02,
    1.11890356e+03, 2.91386444e+02, 1.13547546e+03, 3.04906036e+02,
    1.15191833e+03, 3.18408783e+02, 1.16850293e+03, 3.31925415e+02,
    1.05629016e+03, 2.66654144e+02, 1.07254028e+03, 2.80294373e+02,
    1.08888782e+03, 2.93947235e+02, 1.10544812e+03, 3.07475464e+02,
    1.12173108e+03, 3.21041626e+02, 1.13841614e+03, 3.34566589e+02,
    1.15481335e+03, 3.48135498e+02, 1.04266882e+03, 2.82746368e+02,
    1.05886975e+03, 2.96392090e+02, 1.07536914e+03, 3.10025146e+02,
    1.09179126e+03, 3.23524139e+02, 1.10830786e+03, 3.37122833e+02,
    1.12475500e+03, 3.50694855e+02, 1.14133533e+03, 3.64280273e+02,
    1.02906165e+03, 2.98616791e+02, 1.04545337e+03, 3.12323151e+02,
    1.06166016e+03, 3.26064667e+02, 1.07830310e+03, 3.39613098e+02,
    1.09463171e+03, 3.53168976e+02, 1.11132178e+03, 3.66736938e+02,
    1.12767627e+03, 3.80362335e+02, 1.01539984e+03, 3.14667267e+02,
    1.03168872e+03, 3.28455994e+02, 1.04814636e+03, 3.42053772e+02,
    1.06455359e+03, 3.55729462e+02, 1.08114404e+03, 3.69315399e+02,
    1.09763989e+03, 3.82845459e+02, 1.11424353e+03, 3.96476013e+02,
    1.00175189e+03, 3.30628632e+02, 1.01822870e+03, 3.44471436e+02,
    1.03452698e+03, 3.58106140e+02, 1.05105237e+03, 3.71739105e+02,
    1.06739624e+03, 3.85383728e+02, 1.08397900e+03, 3.99092957e+02,
    1.10046631e+03, 4.12569702e+02 ]
