%YAML:1.0
---
points: [ 9.72324890e+02, 3.46260254e+02, 9.56643799e+02, 3.58264404e+02,
    9.40236206e+02, 3.70667603e+02, 9.24219788e+02, 3.82912018e+02,
    9.07680786e+02, 3.95193298e+02, 8.91622131e+02, 4.07377563e+02,
    8.75131836e+02, 4.19770996e+02, 9.60292847e+02, 3.30327393e+02,
    9.43904480e+02, 3.42510712e+02, 9.27805542e+02, 3.54780670e+02,
    9.11617737e+02, 3.66923706e+02, 8.95455750e+02, 3.79354706e+02,
    8.79168762e+02, 3.91514313e+02, 8.62681274e+02, 4.03587341e+02,
    9.47692078e+02, 3.14624725e+02, 9.31568420e+02, 3.26807404e+02,
    9.15495789e+02, 3.39063904e+02, 8.99320618e+02, 3.51249146e+02,
    8.83094482e+02, 3.63334473e+02, 8.66816345e+02, 3.75578705e+02,
    8.50458313e+02, 3.87635071e+02, 9.35371277e+02, 2.98987152e+02,
    9.19351624e+02, 3.11152649e+02, 9.03242554e+02, 3.23304260e+02,
    8.86895081e+02, 3.35444336e+02, 8.70832520e+02, 3.47596100e+02,
    8.54454773e+02, 3.59587402e+02, 8.37885803e+02, 3.71726898e+02,
    9.23026123e+02, 2.83355713e+02, 9.06912354e+02, 2.95416687e+02,
    8.90858887e+02, 3.07505188e+02, 8.74643311e+02, 3.19705322e+02,
    8.58371582e+02, 3.31648804e+02, 8.42174316e+02, 3.43734528e+02,
    8.25664368e+02, 3.55928375e+02, 9.10752747e+02, 2.67496277e+02,
    8.94593628e+02, 2.79572144e+02, 8.78481812e+02, 2.91612457e+02,
    8.62326233e+02, 3.03764008e+02, 8.46213501e+02, 3.15720551e+02,
    8.29744080e+02, 3.27790283e+02, 8.13305725e+02, 3.39595825e+02,
    8.98372925e+02, 2.51801010e+02, 8.82334534e+02, 2.63886505e+02,
    8.66202209e+02, 2.75848175e+02, 8.49886230e+02, 2.87866913e+02,
    8.33800598e+02, 2.99920135e+02, 8.17402466e+02, 3.11861145e+02,
    8.01213867e+02, 3.23759125e+02, 8.86074707e+02, 2.36277252e+02,
    8.70130981e+02, 2.48200546e+02, 8.53838196e+02, 2.60127014e+02,
    8.37692261e+02, 2.72252655e+02, 8.21577332e+02, 2.84182922e+02,
    8.05252930e+02, 2.96111664e+02, 7.88763672e+02, 3.08051941e+02,
    8.73902039e+02, 2.20460602e+02, 8.57781311e+02, 2.32563599e+02,
    8.41644348e+02, 2.44519608e+02, 8.25645081e+02, 2.56541168e+02,
    8.09297668e+02, 2.68456268e+02, 7.93064026e+02, 2.80343994e+02,
    7.76519287e+02, 2.92048279e+02 ]
