%YAML:1.0
---
points: [ 1.82078278e+02, 2.49445763e+01, 1.86243896e+02, 3.02182178e+01,
    1.89769455e+02, 3.53038597e+01, 1.93243958e+02, 4.01822319e+01,
    1.97257721e+02, 4.53362198e+01, 2.00874893e+02, 5.08539429e+01,
    2.01025574e+02, 5.33806992e+01, 1.77068756e+02, 2.83010883e+01,
    1.80257202e+02, 3.32695389e+01, 1.84342941e+02, 3.82844582e+01,
    1.91570847e+02, 4.93240623e+01, 1.91570816e+02, 4.93244438e+01,
    1.99025345e+02, 5.79928627e+01, 1.99025803e+02, 5.80851517e+01,
    1.71150406e+02, 3.22894897e+01, 1.75185364e+02, 3.73850708e+01,
    1.78274857e+02, 4.22430382e+01, 1.86189377e+02, 5.25987473e+01,
    1.86109711e+02, 5.28246002e+01, 1.89695908e+02, 5.81742859e+01,
    1.91795258e+02, 6.29304352e+01, 1.65729965e+02, 3.55043602e+01,
    1.69222763e+02, 4.07425308e+01, 1.73507919e+02, 4.98967552e+01,
    1.76473587e+02, 5.17926102e+01, 1.80355637e+02, 5.62919731e+01,
    1.87862808e+02, 6.60506363e+01, 1.87862808e+02, 6.60506363e+01,
    1.60231415e+02, 3.93562469e+01, 1.63390793e+02, 4.41456947e+01,
    1.67334351e+02, 4.92447853e+01, 1.70863861e+02, 5.50883369e+01,
    1.74750000e+02, 60., 1.78179642e+02, 6.55039215e+01, 1.81597275e+02,
    7.07302628e+01, 1.54246277e+02, 4.27961655e+01, 1.61441391e+02,
    5.34353485e+01, 1.61441147e+02, 5.34360123e+01, 1.65253616e+02,
    5.82206230e+01, 1.69643341e+02, 6.67886200e+01, 1.72717682e+02,
    6.89416733e+01, 1.76294540e+02, 7.27952576e+01, 1.49451569e+02,
    4.96865845e+01, 1.52301941e+02, 5.12895508e+01, 1.56262283e+02,
    6.03473663e+01, 1.63375946e+02, 6.74329681e+01, 1.63370560e+02,
    6.76051025e+01, 1.67105103e+02, 7.24288406e+01, 1.69093109e+02,
    7.77755127e+01, 1.43078781e+02, 5.25598106e+01, 1.46630737e+02,
    5.48573723e+01, 1.50316940e+02, 6.02092133e+01, 1.54432480e+02,
    6.54110947e+01, 1.56845413e+02, 7.13510513e+01, 1.65087769e+02,
    8.02537003e+01, 1.65087723e+02, 8.02537231e+01, 1.40699203e+02,
    5.57272911e+01, 1.40836365e+02, 5.80944023e+01, 1.48241653e+02,
    6.92177124e+01, 1.48241638e+02, 6.92176895e+01, 1.52373779e+02,
    7.42827072e+01, 1.55420578e+02, 7.98231659e+01, 1.59668869e+02,
    8.57680130e+01 ]
