%YAML:1.0
---
points: [ 1.03906372e+03, 4.48583649e+02, 1.05385730e+03, 4.71118927e+02,
    1.06895532e+03, 4.93384888e+02, 1.08385400e+03, 5.15788940e+02,
    1.09898645e+03, 5.38189697e+02, 1.11409070e+03, 5.60608154e+02,
    1.12919373e+03, 5.82954285e+02, 1.01661078e+03, 4.63748444e+02,
    1.03152026e+03, 4.86082001e+02, 1.04646753e+03, 5.08465424e+02,
    1.06143689e+03, 5.30640930e+02, 1.07638806e+03, 5.53139526e+02,
    1.09143274e+03, 5.75413452e+02, 1.10640686e+03, 5.97854614e+02,
    9.94360168e+02, 4.78761322e+02, 1.00921637e+03, 5.01203796e+02,
    1.02416394e+03, 5.23443481e+02, 1.03888184e+03, 5.45695007e+02,
    1.05392542e+03, 5.67882080e+02, 1.06887866e+03, 5.90355408e+02,
    1.08384680e+03, 6.12605469e+02, 9.72175903e+02, 4.93826385e+02,
    9.87098389e+02, 5.15992432e+02, 1.00177167e+03, 5.38305725e+02,
    1.01673920e+03, 5.60461731e+02, 1.03161401e+03, 5.82624695e+02,
    1.04656885e+03, 6.04924866e+02, 1.06158264e+03, 6.27301147e+02,
    9.50080017e+02, 5.08652740e+02, 9.64762878e+02, 5.30920959e+02,
    9.79684021e+02, 5.52997314e+02, 9.94525330e+02, 5.75309509e+02,
    1.00945050e+03, 5.97409363e+02, 1.02426440e+03, 6.19750488e+02,
    1.03920117e+03, 6.41850647e+02, 9.28069580e+02, 5.23626038e+02,
    9.42885864e+02, 5.45697876e+02, 9.57618164e+02, 5.67878052e+02,
    9.72429077e+02, 5.89912842e+02, 9.87311584e+02, 6.12214722e+02,
    1.00202515e+03, 6.34327271e+02, 1.01697644e+03, 6.56562195e+02,
    9.06252991e+02, 5.38380249e+02, 9.20928467e+02, 5.60483765e+02,
    9.35695374e+02, 5.82503479e+02, 9.50409302e+02, 6.04637451e+02,
    9.65299377e+02, 6.26640259e+02, 9.80003418e+02, 6.48871826e+02,
    9.94796509e+02, 6.71079773e+02, 8.84428650e+02, 5.53019348e+02,
    8.99234619e+02, 5.75087158e+02, 9.13851013e+02, 5.97247192e+02,
    9.28605835e+02, 6.19248596e+02, 9.43379944e+02, 6.41316956e+02,
    9.58098267e+02, 6.63336182e+02, 9.72869080e+02, 6.85526123e+02,
    8.62665833e+02, 5.67687805e+02, 8.77358948e+02, 5.89752869e+02,
    8.92148926e+02, 6.11797180e+02, 9.06720215e+02, 6.33766907e+02,
    9.21488647e+02, 6.55711182e+02, 9.36165527e+02, 6.77867981e+02,
    9.50875122e+02, 6.99897827e+02 ]
