%YAML:1.0
---
points: [ 3.05456573e+02, 1.84477570e+02, 3.10459717e+02, 1.92032730e+02,
    3.15644653e+02, 1.99617981e+02, 3.20716339e+02, 2.07272949e+02,
    3.25839905e+02, 2.14823593e+02, 3.31001801e+02, 2.22449585e+02,
    3.36201050e+02, 2.30108185e+02, 2.97777283e+02, 1.89563187e+02,
    3.02847198e+02, 1.97111877e+02, 3.07900116e+02, 2.04747498e+02,
    3.13018372e+02, 2.12281982e+02, 3.18095428e+02, 2.19912018e+02,
    3.23244354e+02, 2.27464935e+02, 3.28381531e+02, 2.35129791e+02,
    2.90146667e+02, 1.94694244e+02, 2.95192871e+02, 2.02243378e+02,
    3.00257568e+02, 2.09815338e+02, 3.05389038e+02, 2.17322220e+02,
    3.10462128e+02, 2.24932922e+02, 3.15494232e+02, 2.32515045e+02,
    3.20658722e+02, 2.40175018e+02, 2.82490479e+02, 1.99692413e+02,
    2.87753967e+02, 2.07365662e+02, 2.92614960e+02, 2.14828964e+02,
    2.97713318e+02, 2.22362457e+02, 3.02806610e+02, 2.29905746e+02,
    3.07870392e+02, 2.37495483e+02, 3.12975555e+02, 2.45104370e+02,
    2.75120239e+02, 2.04742493e+02, 2.79959106e+02, 2.12391220e+02,
    2.85112823e+02, 2.19887054e+02, 2.90135895e+02, 2.27404282e+02,
    2.95226013e+02, 2.34920258e+02, 3.00302948e+02, 2.42494766e+02,
    3.05368530e+02, 2.50085693e+02, 2.67618927e+02, 2.09871658e+02,
    2.72436768e+02, 2.17305664e+02, 2.77555023e+02, 2.24991455e+02,
    2.82548920e+02, 2.32347595e+02, 2.87604218e+02, 2.39897232e+02,
    2.92662170e+02, 2.47451141e+02, 2.97768738e+02, 2.54995514e+02,
    2.60038055e+02, 2.15073364e+02, 2.65114136e+02, 2.22442368e+02,
    2.70112793e+02, 2.29805084e+02, 2.75033508e+02, 2.37376907e+02,
    2.80127045e+02, 2.44839249e+02, 2.85182281e+02, 2.52350876e+02,
    2.90253693e+02, 2.59906677e+02, 2.52659821e+02, 2.19844620e+02,
    2.57637878e+02, 2.27268082e+02, 2.62626129e+02, 2.34837280e+02,
    2.67614838e+02, 2.42258560e+02, 2.72669067e+02, 2.49809265e+02,
    2.77687500e+02, 2.57287598e+02, 2.82681061e+02, 2.64771759e+02,
    2.45223038e+02, 2.24899902e+02, 2.50250870e+02, 2.32320816e+02,
    2.55226257e+02, 2.39791351e+02, 2.60176086e+02, 2.47194153e+02,
    2.65195557e+02, 2.54642715e+02, 2.70169128e+02, 2.62208130e+02,
    2.75227478e+02, 2.69692932e+02 ]
