%YAML:1.0
---
points: [ 3.36088715e+02, 1.96113235e+02, 3.36425171e+02, 2.05025024e+02,
    3.37027405e+02, 2.14063034e+02, 3.37575775e+02, 2.22943542e+02,
    3.38156769e+02, 2.31966614e+02, 3.38681702e+02, 2.40965790e+02,
    3.39235657e+02, 2.49918701e+02, 3.27075317e+02, 1.96600052e+02,
    3.27528412e+02, 2.05607452e+02, 3.28050659e+02, 2.14511887e+02,
    3.28428406e+02, 2.23498245e+02, 3.29075012e+02, 2.32423965e+02,
    3.29655914e+02, 2.41448441e+02, 3.30194489e+02, 2.50369522e+02,
    3.17992432e+02, 1.97158539e+02, 3.18434235e+02, 2.06066849e+02,
    3.19092163e+02, 2.15027481e+02, 3.19461700e+02, 2.23998184e+02,
    3.20050873e+02, 2.32926422e+02, 3.20637421e+02, 2.41880783e+02,
    3.21170807e+02, 2.50898285e+02, 3.09109100e+02, 1.97626816e+02,
    3.09566315e+02, 2.06633316e+02, 3.10028137e+02, 2.15584808e+02,
    3.10613312e+02, 2.24451431e+02, 3.11147827e+02, 2.33433823e+02,
    3.11660370e+02, 2.42337845e+02, 3.12192261e+02, 2.51352768e+02,
    3.00079102e+02, 1.98242950e+02, 3.00549072e+02, 2.07158615e+02,
    3.01112885e+02, 2.16098221e+02, 3.01635925e+02, 2.24959427e+02,
    3.02147583e+02, 2.33902725e+02, 3.02635162e+02, 2.42890488e+02,
    3.03166901e+02, 2.51807495e+02, 2.91197784e+02, 1.98681747e+02,
    2.91729492e+02, 2.07713287e+02, 2.92169342e+02, 2.16451187e+02,
    2.92649109e+02, 2.25574615e+02, 2.93157074e+02, 2.34407745e+02,
    2.93743561e+02, 2.43370087e+02, 2.94187927e+02, 2.52285233e+02,
    2.82243439e+02, 1.99252350e+02, 2.82774567e+02, 2.08211136e+02,
    2.83219116e+02, 2.17024750e+02, 2.83745789e+02, 2.25947617e+02,
    2.84225006e+02, 2.34896149e+02, 2.84756439e+02, 2.43799576e+02,
    2.85238281e+02, 2.52849747e+02, 2.73331909e+02, 1.99697464e+02,
    2.73849152e+02, 2.08731796e+02, 2.74335907e+02, 2.17564743e+02,
    2.74830811e+02, 2.26492126e+02, 2.75356506e+02, 2.35445908e+02,
    2.75853943e+02, 2.44355408e+02, 2.76409576e+02, 2.53259186e+02,
    2.64407349e+02, 2.00220245e+02, 2.64932098e+02, 2.09184891e+02,
    2.65347656e+02, 2.18157990e+02, 2.65890656e+02, 2.26869965e+02,
    2.66560272e+02, 2.35879303e+02, 2.66925598e+02, 2.44856827e+02,
    2.67554932e+02, 2.53760574e+02 ]
