%YAML:1.0
---
points: [ 1.06113660e+03, 1.86422913e+02, 1.07659253e+03, 1.92186981e+02,
    1.09207593e+03, 1.98377747e+02, 1.10813635e+03, 2.04307007e+02,
    1.12420996e+03, 2.10344070e+02, 1.14087854e+03, 2.16263779e+02,
    1.15752844e+03, 2.22576096e+02, 1.04910901e+03, 2.02227814e+02,
    1.06439331e+03, 2.08721344e+02, 1.08003967e+03, 2.14834061e+02,
    1.09547253e+03, 2.21161224e+02, 1.11196753e+03, 2.27079407e+02,
    1.12799707e+03, 2.33619690e+02, 1.14502405e+03, 2.39749664e+02,
    1.03711682e+03, 2.18557693e+02, 1.05232104e+03, 2.24801956e+02,
    1.06757092e+03, 2.31378021e+02, 1.08325781e+03, 2.37490860e+02,
    1.09900085e+03, 2.44193634e+02, 1.11555408e+03, 2.50506302e+02,
    1.13195789e+03, 2.57270111e+02, 1.02500928e+03, 2.34541718e+02,
    1.04014819e+03, 2.41393463e+02, 1.05549060e+03, 2.47718124e+02,
    1.07067444e+03, 2.54473282e+02, 1.08681299e+03, 2.60826080e+02,
    1.10271533e+03, 2.67678802e+02, 1.11939539e+03, 2.74401550e+02,
    1.01307336e+03, 2.51190750e+02, 1.02809106e+03, 2.57698639e+02,
    1.04313696e+03, 2.64543457e+02, 1.05852063e+03, 2.71065186e+02,
    1.07391211e+03, 2.78114044e+02, 1.09030896e+03, 2.84713928e+02,
    1.10635693e+03, 2.91932861e+02, 1.00102246e+03, 2.67244141e+02,
    1.01567401e+03, 2.74260498e+02, 1.03105164e+03, 2.81012787e+02,
    1.04587988e+03, 2.87909302e+02, 1.06159692e+03, 2.94718719e+02,
    1.07724634e+03, 3.02107422e+02, 1.09377185e+03, 3.09296326e+02,
    9.88870911e+02, 2.83456451e+02, 1.00362762e+03, 2.90269897e+02,
    1.01838672e+03, 2.97517151e+02, 1.03348682e+03, 3.04468384e+02,
    1.04880005e+03, 3.11640381e+02, 1.06473938e+03, 3.18784119e+02,
    1.08061621e+03, 3.26400696e+02, 9.76764343e+02, 2.99436981e+02,
    9.91260254e+02, 3.06725403e+02, 1.00617438e+03, 3.13901093e+02,
    1.02082928e+03, 3.21292023e+02, 1.03632104e+03, 3.28467621e+02,
    1.05160144e+03, 3.36074860e+02, 1.06780640e+03, 3.43474487e+02,
    9.64518982e+02, 3.15634430e+02, 9.78966248e+02, 3.22797363e+02,
    9.93471680e+02, 3.30443207e+02, 1.00837622e+03, 3.37559387e+02,
    1.02345380e+03, 3.45398376e+02, 1.03913184e+03, 3.52959717e+02,
    1.05463208e+03, 3.60860504e+02 ]
