%YAML:1.0
---
points: [ 3.02363647e+02, 9.42416306e+01, 3.07307159e+02, 9.75475311e+01,
    3.12842529e+02, 9.40108566e+01, 3.20053741e+02, 9.82837982e+01,
    3.27085632e+02, 1.00250481e+02, 3.33993744e+02, 1.02171143e+02,
    3.33993866e+02, 1.02171082e+02, 2.98070892e+02, 9.86352234e+01,
    2.98071167e+02, 9.86389542e+01, 3.10146667e+02, 1.01590202e+02,
    3.14236389e+02, 1.01646889e+02, 3.19773468e+02, 1.03377289e+02,
    3.25754822e+02, 1.05497566e+02, 3.32232086e+02, 1.07737625e+02,
    2.98071075e+02, 9.86368179e+01, 2.99928528e+02, 1.05680771e+02,
    3.04702118e+02, 1.05176102e+02, 3.08745697e+02, 1.04768082e+02,
    3.15576447e+02, 1.09122963e+02, 3.21417603e+02, 1.11195152e+02,
    3.26112915e+02, 1.13380257e+02, 2.95353027e+02, 1.02976212e+02,
    2.95352997e+02, 1.02976273e+02, 2.99881042e+02, 1.16772781e+02,
    3.05968628e+02, 1.12531075e+02, 3.11881805e+02, 1.15330269e+02,
    3.17167755e+02, 1.17233826e+02, 3.23746155e+02, 1.19385979e+02,
    2.86317139e+02, 1.11662392e+02, 2.91348267e+02, 1.14236099e+02,
    2.95096313e+02, 1.13580437e+02, 2.98356415e+02, 1.18489822e+02,
    3.07289001e+02, 1.21107651e+02, 3.17195740e+02, 1.24199638e+02,
    3.17195862e+02, 1.24200172e+02, 2.87442566e+02, 1.13445984e+02,
    2.87278839e+02, 1.19354103e+02, 2.91874573e+02, 1.27526131e+02,
    2.96783356e+02, 1.24371292e+02, 3.07048615e+02, 1.27322556e+02,
    3.08537689e+02, 1.28788361e+02, 3.15000916e+02, 1.31422699e+02,
    2.79078827e+02, 1.24903511e+02, 2.79078827e+02, 1.24903511e+02,
    2.87607971e+02, 1.27750633e+02, 2.95363647e+02, 1.32391174e+02,
    2.98765991e+02, 1.32176025e+02, 3.08619629e+02, 1.36675705e+02,
    3.08651093e+02, 1.36813599e+02, 2.75313171e+02, 1.28687256e+02,
    2.80506683e+02, 1.32976715e+02, 2.80506775e+02, 1.32976776e+02,
    2.88612274e+02, 1.35442566e+02, 2.94797760e+02, 1.38412796e+02,
    2.99986420e+02, 1.40349228e+02, 3.06256104e+02, 1.42841736e+02,
    2.72946991e+02, 1.33738724e+02, 2.72946991e+02, 1.33738724e+02,
    2.79900970e+02, 1.38702942e+02, 2.82959717e+02, 1.38662659e+02,
    2.90990234e+02, 1.44035782e+02, 2.95654205e+02, 1.46198410e+02,
    2.99877075e+02, 1.48738998e+02 ]
