%YAML:1.0
---
points: [ 1.68155853e+02, 1.00560371e+02, 1.60636993e+02, 1.03230934e+02,
    1.54294357e+02, 1.04926582e+02, 1.48054565e+02, 1.07407585e+02,
    1.40981552e+02, 1.09450104e+02, 1.33594437e+02, 1.12416267e+02,
    1.27233604e+02, 1.13897736e+02, 1.64736038e+02, 9.44337540e+01,
    1.58618210e+02, 9.65211945e+01, 1.51716568e+02, 9.86645889e+01,
    1.44175064e+02, 1.01107994e+02, 1.37882446e+02, 1.03395027e+02,
    1.31349106e+02, 1.05720825e+02, 1.24732887e+02, 1.07840767e+02,
    1.62313278e+02, 8.77097702e+01, 1.55153702e+02, 9.01543198e+01,
    1.48021744e+02, 9.23287430e+01, 1.41759521e+02, 9.44061890e+01,
    1.34391388e+02, 9.70180511e+01, 1.27706268e+02, 9.93040771e+01,
    1.18246017e+02, 9.60592346e+01, 1.59074615e+02, 8.10729599e+01,
    1.52062729e+02, 8.31557693e+01, 1.45240768e+02, 8.53560791e+01,
    1.38471634e+02, 8.77019196e+01, 1.31304749e+02, 9.01161270e+01,
    1.24347755e+02, 9.23475571e+01, 1.18221512e+02, 9.58286133e+01,
    1.56438263e+02, 7.38593597e+01, 1.49211105e+02, 7.62487411e+01,
    1.42127106e+02, 7.85054550e+01, 1.35011444e+02, 8.10966797e+01,
    1.28195831e+02, 8.32434998e+01, 1.21087555e+02, 8.56467819e+01,
    1.14082794e+02, 8.82252655e+01, 1.53237000e+02, 6.66803513e+01,
    1.46198013e+02, 6.90901337e+01, 1.39086456e+02, 7.14310608e+01,
    1.32161423e+02, 7.40164642e+01, 1.24728600e+02, 7.64106369e+01,
    1.17675163e+02, 7.87647934e+01, 1.10807053e+02, 8.10626831e+01,
    1.50324997e+02, 5.94447632e+01, 1.43011841e+02, 6.19714432e+01,
    1.35887161e+02, 6.42742386e+01, 1.28541779e+02, 6.66423035e+01,
    1.21344284e+02, 6.91693573e+01, 1.13919266e+02, 7.18103104e+01,
    1.07197441e+02, 7.41717377e+01, 1.47084610e+02, 5.21001282e+01,
    1.39881241e+02, 5.43783646e+01, 1.32366653e+02, 5.69433517e+01,
    1.25405190e+02, 5.93459587e+01, 1.17839729e+02, 6.20010643e+01,
    1.10725151e+02, 6.43842010e+01, 1.03453598e+02, 6.69746094e+01,
    1.44158386e+02, 4.44216995e+01, 1.36424484e+02, 4.70423889e+01,
    1.29237915e+02, 4.93521729e+01, 1.21805550e+02, 5.19182281e+01,
    1.14359512e+02, 5.44599686e+01, 1.07073845e+02, 5.71284790e+01,
    9.96829834e+01, 5.96463470e+01 ]
