%YAML:1.0
---
points: [ 1.12986279e+03, 4.83143982e+02, 1.13152869e+03, 5.09479156e+02,
    1.13305774e+03, 5.35662292e+02, 1.13433118e+03, 5.62210266e+02,
    1.13613098e+03, 5.88394653e+02, 1.13762964e+03, 6.14874817e+02,
    1.13921167e+03, 6.41357422e+02, 1.10343677e+03, 4.84589752e+02,
    1.10518018e+03, 5.10936798e+02, 1.10656970e+03, 5.37447754e+02,
    1.10791541e+03, 5.63669556e+02, 1.10957446e+03, 5.90157654e+02,
    1.11125598e+03, 6.16454346e+02, 1.11254993e+03, 6.42965576e+02,
    1.07725427e+03, 4.86314911e+02, 1.07864124e+03, 5.12398682e+02,
    1.08015039e+03, 5.38675964e+02, 1.08148193e+03, 5.65267090e+02,
    1.08332886e+03, 5.91537964e+02, 1.08469006e+03, 6.17999512e+02,
    1.08628662e+03, 6.44459534e+02, 1.05089526e+03, 4.87640015e+02,
    1.05242896e+03, 5.13924316e+02, 1.05372180e+03, 5.40302368e+02,
    1.05536523e+03, 5.66448914e+02, 1.05683337e+03, 5.92859741e+02,
    1.05838208e+03, 6.19402832e+02, 1.05985889e+03, 6.45704895e+02,
    1.02453577e+03, 4.89073151e+02, 1.02597339e+03, 5.15555664e+02,
    1.02754419e+03, 5.41729065e+02, 1.02906665e+03, 5.68095825e+02,
    1.03047034e+03, 5.94392151e+02, 1.03191724e+03, 6.20667114e+02,
    1.03346667e+03, 6.47066528e+02, 9.98178772e+02, 4.90642334e+02,
    9.99661926e+02, 5.16912659e+02, 1.00135468e+03, 5.43404968e+02,
    1.00263611e+03, 5.69678772e+02, 1.00414264e+03, 5.96128052e+02,
    1.00565405e+03, 6.22314514e+02, 1.00729199e+03, 6.48590210e+02,
    9.72216187e+02, 4.92394104e+02, 9.73589722e+02, 5.18500305e+02,
    9.74978149e+02, 5.44596741e+02, 9.76312317e+02, 5.71075317e+02,
    9.77775635e+02, 5.97450928e+02, 9.79450867e+02, 6.23723328e+02,
    9.80819641e+02, 6.50226440e+02, 9.45835083e+02, 4.93626068e+02,
    9.47479858e+02, 5.20089050e+02, 9.48645142e+02, 5.46303345e+02,
    9.50203064e+02, 5.72462769e+02, 9.51667969e+02, 5.98737244e+02,
    9.53282227e+02, 6.25232361e+02, 9.54486389e+02, 6.51535889e+02,
    9.19504700e+02, 4.95239655e+02, 9.21009521e+02, 5.21518921e+02,
    9.22512268e+02, 5.47823364e+02, 9.23993164e+02, 5.74150452e+02,
    9.25475342e+02, 6.00377869e+02, 9.26776367e+02, 6.26565125e+02,
    9.28385071e+02, 6.53097961e+02 ]
