%YAML:1.0
---
points: [ 1.81766708e+02, 1.24878929e+02, 1.90763626e+02, 1.24896843e+02,
    1.99766602e+02, 1.24935555e+02, 2.08712463e+02, 1.25022919e+02,
    2.17735825e+02, 1.25020325e+02, 2.26816666e+02, 1.25031281e+02,
    2.35770706e+02, 1.25016800e+02, 1.81762421e+02, 1.34111816e+02,
    1.90771652e+02, 1.34129700e+02, 1.99711655e+02, 1.34095108e+02,
    2.08688843e+02, 1.34107956e+02, 2.17740128e+02, 1.34111877e+02,
    2.26784210e+02, 1.34150894e+02, 2.35772247e+02, 1.34157867e+02,
    1.81783249e+02, 1.43141953e+02, 1.90737488e+02, 1.43234222e+02,
    1.99784485e+02, 1.43382843e+02, 2.08722229e+02, 1.43354507e+02,
    2.17705017e+02, 1.43492722e+02, 2.26723541e+02, 1.43417557e+02,
    2.35811325e+02, 1.43426682e+02, 1.81829437e+02, 1.52302353e+02,
    1.90731018e+02, 1.52368042e+02, 1.99753250e+02, 1.52393539e+02,
    2.08712433e+02, 1.52382797e+02, 2.17687073e+02, 1.52384995e+02,
    2.26707169e+02, 1.52393051e+02, 2.35792786e+02, 1.52375839e+02,
    1.81788437e+02, 1.61381180e+02, 1.90769394e+02, 1.61511887e+02,
    1.99701904e+02, 1.61527039e+02, 2.08695969e+02, 1.61570740e+02,
    2.17728073e+02, 1.61649231e+02, 2.26702499e+02, 1.61642868e+02,
    2.35733261e+02, 1.61712982e+02, 1.81807114e+02, 1.70419327e+02,
    1.90775284e+02, 1.70589127e+02, 1.99714584e+02, 1.70608505e+02,
    2.08725861e+02, 1.70631241e+02, 2.17726212e+02, 1.70615280e+02,
    2.26714767e+02, 1.70611420e+02, 2.35666336e+02, 1.70626648e+02,
    1.81796326e+02, 1.79394745e+02, 1.90734772e+02, 1.79515701e+02,
    1.99729568e+02, 1.79598862e+02, 2.08691925e+02, 1.79630722e+02,
    2.17642441e+02, 1.79649216e+02, 2.26691208e+02, 1.79636658e+02,
    2.35674133e+02, 1.79722015e+02, 1.81790909e+02, 1.88514267e+02,
    1.90753189e+02, 1.88535477e+02, 1.99722656e+02, 1.88664932e+02,
    2.08690643e+02, 1.88677750e+02, 2.17607773e+02, 1.88684448e+02,
    2.26686478e+02, 1.88779724e+02, 2.35721802e+02, 1.88729111e+02,
    1.81814224e+02, 1.97482132e+02, 1.90756790e+02, 1.97557556e+02,
    1.99724930e+02, 1.97613602e+02, 2.08676941e+02, 1.97593445e+02,
    2.17680038e+02, 1.97662872e+02, 2.26637756e+02, 1.97685974e+02,
    2.35667953e+02, 1.97816864e+02 ]
