%YAML:1.0
---
points: [ 9.90220154e+02, 6.79052002e+02, 9.63888672e+02, 6.79987366e+02,
    9.37496704e+02, 6.80902466e+02, 9.11018860e+02, 6.81626587e+02,
    8.84650024e+02, 6.82695862e+02, 8.58257141e+02, 6.83707397e+02,
    8.31753235e+02, 6.84636780e+02, 9.89131042e+02, 6.52545410e+02,
    9.62722656e+02, 6.53562744e+02, 9.36545471e+02, 6.54475037e+02,
    9.10215393e+02, 6.55322815e+02, 8.83804932e+02, 6.56324829e+02,
    8.57503662e+02, 6.57149353e+02, 8.30988098e+02, 6.58110107e+02,
    9.88147034e+02, 6.26148865e+02, 9.61912415e+02, 6.27168945e+02,
    9.35482544e+02, 6.27980347e+02, 9.09148071e+02, 6.28757507e+02,
    8.82842041e+02, 6.29803589e+02, 8.56500977e+02, 6.30700745e+02,
    8.30076904e+02, 6.31694885e+02, 9.87162903e+02, 5.99920715e+02,
    9.60692810e+02, 6.00915649e+02, 9.34464050e+02, 6.01629272e+02,
    9.08316650e+02, 6.02608398e+02, 8.81938843e+02, 6.03444031e+02,
    8.55472656e+02, 6.04456543e+02, 8.29281494e+02, 6.05428528e+02,
    9.86355591e+02, 5.73500122e+02, 9.59896179e+02, 5.74460693e+02,
    9.33531433e+02, 5.75312317e+02, 9.07265076e+02, 5.76375122e+02,
    8.81128479e+02, 5.77135925e+02, 8.54750793e+02, 5.78094727e+02,
    8.28420166e+02, 5.79033752e+02, 9.85262207e+02, 5.47236877e+02,
    9.58847595e+02, 5.48144165e+02, 9.32622925e+02, 5.48956421e+02,
    9.06527466e+02, 5.49891968e+02, 8.80088989e+02, 5.50678284e+02,
    8.53627258e+02, 5.51712830e+02, 8.27505920e+02, 5.52704285e+02,
    9.84360168e+02, 5.20821655e+02, 9.57948059e+02, 5.21866516e+02,
    9.31728760e+02, 5.22774414e+02, 9.05474487e+02, 5.23606262e+02,
    8.79310425e+02, 5.24507446e+02, 8.53020325e+02, 5.25460938e+02,
    8.26643616e+02, 5.26384460e+02, 9.83240723e+02, 4.94683044e+02,
    9.57066406e+02, 4.95564819e+02, 9.30689026e+02, 4.96621277e+02,
    9.04554138e+02, 4.97351990e+02, 8.78313232e+02, 4.98386322e+02,
    8.51971069e+02, 4.99185852e+02, 8.25685730e+02, 5.00142792e+02,
    9.82243286e+02, 4.68422791e+02, 9.55930847e+02, 4.69435120e+02,
    9.29717529e+02, 4.70229431e+02, 9.03588257e+02, 4.71329071e+02,
    8.77294250e+02, 4.72041809e+02, 8.51125061e+02, 4.73095581e+02,
    8.24695435e+02, 4.73878113e+02 ]
