%YAML:1.0
---
points: [ 1.24239587e+03, 2.87253662e+02, 1.22275427e+03, 2.92500000e+02,
    1.20276208e+03, 2.98282135e+02, 1.18336462e+03, 3.03407349e+02,
    1.16365417e+03, 3.09056732e+02, 1.14413599e+03, 3.14049591e+02,
    1.12421985e+03, 3.19664001e+02, 1.23656323e+03, 2.68019806e+02,
    1.21680896e+03, 2.73583130e+02, 1.19741260e+03, 2.78899536e+02,
    1.17753577e+03, 2.84481659e+02, 1.15803125e+03, 2.89678986e+02,
    1.13834167e+03, 2.95222931e+02, 1.11895569e+03, 3.00269684e+02,
    1.23067664e+03, 2.49033112e+02, 1.21130249e+03, 2.54507294e+02,
    1.19129749e+03, 2.60016724e+02, 1.17209875e+03, 2.65324097e+02,
    1.15234570e+03, 2.70611816e+02, 1.13292554e+03, 2.75885437e+02,
    1.11289404e+03, 2.81350342e+02, 1.22503442e+03, 2.29967560e+02,
    1.20545459e+03, 2.35462250e+02, 1.18586426e+03, 2.40701385e+02,
    1.16604993e+03, 2.46451736e+02, 1.14665466e+03, 2.51452347e+02,
    1.12704724e+03, 2.56919006e+02, 1.10776160e+03, 2.61870575e+02,
    1.21909558e+03, 2.11244675e+02, 1.19972742e+03, 2.16512772e+02,
    1.18017456e+03, 2.21786942e+02, 1.16075891e+03, 2.27284149e+02,
    1.14098523e+03, 2.32561127e+02, 1.12164648e+03, 2.37731506e+02,
    1.10192126e+03, 2.42802948e+02, 1.21372058e+03, 1.92063522e+02,
    1.19399707e+03, 1.97403198e+02, 1.17464136e+03, 2.02784042e+02,
    1.15477197e+03, 2.08218887e+02, 1.13566467e+03, 2.13363495e+02,
    1.11621240e+03, 2.18459961e+02, 1.09677954e+03, 2.23547287e+02,
    1.20772974e+03, 1.73266937e+02, 1.18845520e+03, 1.78312073e+02,
    1.16894739e+03, 1.83756088e+02, 1.14954907e+03, 1.88891418e+02,
    1.12981653e+03, 1.94425858e+02, 1.11058691e+03, 1.99325623e+02,
    1.09109399e+03, 2.04549210e+02, 1.20238513e+03, 1.54379562e+02,
    1.18270129e+03, 1.59552094e+02, 1.16353223e+03, 1.65000336e+02,
    1.14369287e+03, 1.70170547e+02, 1.12467188e+03, 1.75381744e+02,
    1.10516687e+03, 1.80384644e+02, 1.08592725e+03, 1.85454056e+02,
    1.19648486e+03, 1.35318573e+02, 1.17729895e+03, 1.40518082e+02,
    1.15775037e+03, 1.45816238e+02, 1.13855066e+03, 1.51045532e+02,
    1.11875940e+03, 1.56416718e+02, 1.09965967e+03, 1.61334381e+02,
    1.08021130e+03, 1.66380539e+02 ]
