%YAML:1.0
---
points: [ 1.12977380e+03, 2.85674042e+02, 1.14291785e+03, 3.10555847e+02,
    1.15643726e+03, 3.35044373e+02, 1.16944055e+03, 3.59431061e+02,
    1.18264270e+03, 3.83525787e+02, 1.19557227e+03, 4.07608398e+02,
    1.20871912e+03, 4.31492493e+02, 1.10488513e+03, 3.00524658e+02,
    1.11839856e+03, 3.24809265e+02, 1.13150244e+03, 3.49388489e+02,
    1.14481689e+03, 3.73505188e+02, 1.15784229e+03, 3.97591278e+02,
    1.17107568e+03, 4.21425201e+02, 1.18393469e+03, 4.45404663e+02,
    1.08050159e+03, 3.14758240e+02, 1.09380090e+03, 3.39317993e+02,
    1.10723462e+03, 3.63439697e+02, 1.12020215e+03, 3.87522339e+02,
    1.13350598e+03, 4.11404724e+02, 1.14649426e+03, 4.35263855e+02,
    1.15965723e+03, 4.58725067e+02, 1.05626941e+03, 3.29191345e+02,
    1.06972998e+03, 3.53372894e+02, 1.08282385e+03, 3.77549622e+02,
    1.09622498e+03, 4.01312317e+02, 1.10935400e+03, 4.25217682e+02,
    1.12248083e+03, 4.48716553e+02, 1.13552490e+03, 4.72424316e+02,
    1.03222290e+03, 3.43251617e+02, 1.04552637e+03, 3.67421082e+02,
    1.05887183e+03, 3.91314850e+02, 1.07199915e+03, 4.15285797e+02,
    1.08534302e+03, 4.38698517e+02, 1.09845496e+03, 4.62361603e+02,
    1.11156506e+03, 4.85541809e+02, 1.00827844e+03, 3.57336700e+02,
    1.02170532e+03, 3.81289459e+02, 1.03497437e+03, 4.05270416e+02,
    1.04834546e+03, 4.28768646e+02, 1.06148999e+03, 4.52379486e+02,
    1.07458069e+03, 4.75633789e+02, 1.08767017e+03, 4.99027893e+02,
    9.84637573e+02, 3.71335419e+02, 9.97919006e+02, 3.95224091e+02,
    1.01136230e+03, 4.18756042e+02, 1.02455750e+03, 4.42384430e+02,
    1.03791187e+03, 4.65673584e+02, 1.05095190e+03, 4.88974060e+02,
    1.06424707e+03, 5.12065063e+02, 9.60972046e+02, 3.85199310e+02,
    9.74480652e+02, 4.08688812e+02, 9.87811279e+02, 4.32386688e+02,
    1.00129034e+03, 4.55654907e+02, 1.01446002e+03, 4.79027191e+02,
    1.02757117e+03, 5.02085205e+02, 1.04075903e+03, 5.25266052e+02,
    9.37659302e+02, 3.98744659e+02, 9.51188049e+02, 4.22396210e+02,
    9.64538635e+02, 4.45738770e+02, 9.77769043e+02, 4.69157288e+02,
    9.91311646e+02, 4.92228546e+02, 1.00437634e+03, 5.15221802e+02,
    1.01760004e+03, 5.38101990e+02 ]
