%YAML:1.0
---
points: [ 3.37037506e+02, 1.29045883e+02, 3.41476532e+02, 1.37464813e+02,
    3.45922058e+02, 1.45725998e+02, 3.50375580e+02, 1.54047440e+02,
    3.54835114e+02, 1.62244293e+02, 3.59181122e+02, 1.70417542e+02,
    3.63622498e+02, 1.78565094e+02, 3.28554016e+02, 1.34020981e+02,
    3.33019714e+02, 1.42332382e+02, 3.37510071e+02, 1.50639297e+02,
    3.41874847e+02, 1.58855560e+02, 3.46350037e+02, 1.67017685e+02,
    3.50749512e+02, 1.75119339e+02, 3.55135223e+02, 1.83232803e+02,
    3.20136261e+02, 1.38943634e+02, 3.24593170e+02, 1.47223465e+02,
    3.29056763e+02, 1.55430786e+02, 3.33467255e+02, 1.63627121e+02,
    3.37876617e+02, 1.71749222e+02, 3.42331757e+02, 1.79800751e+02,
    3.46751648e+02, 1.87835388e+02, 3.11788177e+02, 1.43815781e+02,
    3.16268433e+02, 1.52055069e+02, 3.20716797e+02, 1.60172821e+02,
    3.25244019e+02, 1.68285721e+02, 3.29631012e+02, 1.76403061e+02,
    3.34067627e+02, 1.84394821e+02, 3.38385406e+02, 1.92381363e+02,
    3.03534760e+02, 1.48624130e+02, 3.07956970e+02, 1.56817215e+02,
    3.12449860e+02, 1.64941345e+02, 3.16864807e+02, 1.72990234e+02,
    3.21349182e+02, 1.81098846e+02, 3.25750336e+02, 1.89053345e+02,
    3.30153259e+02, 1.96988785e+02, 2.95328369e+02, 1.53448746e+02,
    2.99766083e+02, 1.61556641e+02, 3.04255554e+02, 1.69674774e+02,
    3.08681885e+02, 1.77664520e+02, 3.13114319e+02, 1.85655594e+02,
    3.17586975e+02, 1.93585281e+02, 3.21960632e+02, 2.01482346e+02,
    2.87247803e+02, 1.58149216e+02, 2.91678497e+02, 1.66229706e+02,
    2.96219482e+02, 1.74298706e+02, 3.00610626e+02, 1.82271866e+02,
    3.05059357e+02, 1.90184769e+02, 3.09443024e+02, 1.98102600e+02,
    3.13893738e+02, 2.05938507e+02, 2.79011597e+02, 1.62940140e+02,
    2.83566772e+02, 1.70894623e+02, 2.88031433e+02, 1.78903076e+02,
    2.92525116e+02, 1.86813934e+02, 2.97026062e+02, 1.94733658e+02,
    3.01439056e+02, 2.02606750e+02, 3.05838745e+02, 2.10331024e+02,
    2.71221893e+02, 1.67406082e+02, 2.75665985e+02, 1.75536636e+02,
    2.80124268e+02, 1.83495880e+02, 2.84600342e+02, 1.91341660e+02,
    2.88995728e+02, 1.99187988e+02, 2.93452332e+02, 2.07040070e+02,
    2.97872620e+02, 2.14816971e+02 ]
