%YAML:1.0
---
points: [ 3.26937531e+02, 1.12345100e+02, 3.29075012e+02, 1.19911819e+02,
    3.30811981e+02, 1.26429222e+02, 3.32852142e+02, 1.33250626e+02,
    3.34800079e+02, 1.40280853e+02, 3.37091522e+02, 1.47636078e+02,
    3.37939087e+02, 1.54237259e+02, 3.20222229e+02, 1.15022751e+02,
    3.22027374e+02, 1.22101898e+02, 3.24104919e+02, 1.29017654e+02,
    3.26220886e+02, 1.35597824e+02, 3.28173157e+02, 1.42070282e+02,
    3.30037537e+02, 1.49317078e+02, 3.31967651e+02, 1.55704468e+02,
    3.13630890e+02, 1.17058067e+02, 3.15479706e+02, 1.24148499e+02,
    3.17731323e+02, 1.31223587e+02, 3.19413727e+02, 1.38044632e+02,
    3.21694855e+02, 1.45029251e+02, 3.24009766e+02, 1.51406006e+02,
    3.25843964e+02, 1.58228333e+02, 3.06965393e+02, 1.19612946e+02,
    3.09005585e+02, 1.26833305e+02, 3.11120148e+02, 1.33720032e+02,
    3.13182831e+02, 1.40471771e+02, 3.15130096e+02, 1.47321991e+02,
    3.17209473e+02, 1.53936813e+02, 3.19339569e+02, 1.60135849e+02,
    3.00189331e+02, 1.22113914e+02, 3.02216614e+02, 1.28924164e+02,
    3.04390869e+02, 1.35928589e+02, 3.06394836e+02, 1.42624237e+02,
    3.08308655e+02, 1.49196457e+02, 3.10616302e+02, 1.56447906e+02,
    3.12481842e+02, 1.62534271e+02, 2.93247375e+02, 1.24340469e+02,
    2.95261780e+02, 1.31194260e+02, 2.97387054e+02, 1.38118103e+02,
    2.99739380e+02, 1.45317276e+02, 3.01780518e+02, 1.52159073e+02,
    3.04270233e+02, 1.58410416e+02, 3.06080017e+02, 1.64873322e+02,
    2.87510498e+02, 1.26333931e+02, 2.89137573e+02, 1.33632050e+02,
    2.91042694e+02, 1.40720657e+02, 2.93128296e+02, 1.47209412e+02,
    2.94908325e+02, 1.54397141e+02, 2.97265533e+02, 1.61386063e+02,
    2.99629242e+02, 1.67161652e+02, 2.80053040e+02, 1.29223984e+02,
    2.82045532e+02, 1.36173584e+02, 2.84087524e+02, 1.42756836e+02,
    2.86756805e+02, 1.49411606e+02, 2.89002594e+02, 1.56784348e+02,
    2.91103088e+02, 1.63410477e+02, 2.93384186e+02, 1.69484619e+02,
    2.73571594e+02, 1.31273834e+02, 2.75365051e+02, 1.38271667e+02,
    2.77877533e+02, 1.45298782e+02, 2.80027863e+02, 1.52197952e+02,
    2.82445038e+02, 1.59207382e+02, 2.84462341e+02, 1.65582230e+02,
    2.86697754e+02, 1.72098831e+02 ]
