%YAML:1.0
---
points: [ 3.08929718e+02, 2.95567841e+02, 2.99861359e+02, 2.95623871e+02,
    2.90873535e+02, 2.95735504e+02, 2.81865997e+02, 2.95777832e+02,
    2.72841919e+02, 2.95855560e+02, 2.63875671e+02, 2.95958252e+02,
    2.54807434e+02, 2.96133698e+02, 3.08737457e+02, 2.86447876e+02,
    2.99757507e+02, 2.86594940e+02, 2.90777161e+02, 2.86599396e+02,
    2.81738281e+02, 2.86714478e+02, 2.72771729e+02, 2.86855408e+02,
    2.63764282e+02, 2.86949402e+02, 2.54795181e+02, 2.87032349e+02,
    3.08624084e+02, 2.77477661e+02, 2.99607880e+02, 2.77565247e+02,
    2.90632782e+02, 2.77646484e+02, 2.81636444e+02, 2.77663422e+02,
    2.72661987e+02, 2.77802277e+02, 2.63712555e+02, 2.77933258e+02,
    2.54731277e+02, 2.78100220e+02, 3.08395233e+02, 2.68368164e+02,
    2.99394958e+02, 2.68567566e+02, 2.90487122e+02, 2.68613525e+02,
    2.81502014e+02, 2.68725891e+02, 2.72593506e+02, 2.68809387e+02,
    2.63594604e+02, 2.68854675e+02, 2.54694000e+02, 2.68888550e+02,
    3.08207458e+02, 2.59363098e+02, 2.99217285e+02, 2.59485901e+02,
    2.90287842e+02, 2.59624115e+02, 2.81358948e+02, 2.59648621e+02,
    2.72450806e+02, 2.59740936e+02, 2.63497620e+02, 2.59850647e+02,
    2.54593628e+02, 2.59968811e+02, 3.08055084e+02, 2.50357346e+02,
    2.99073975e+02, 2.50472168e+02, 2.90127747e+02, 2.50580139e+02,
    2.81137756e+02, 2.50672714e+02, 2.72172028e+02, 2.50894897e+02,
    2.63262115e+02, 2.50845917e+02, 2.54458435e+02, 2.50937958e+02,
    3.07857544e+02, 2.41505447e+02, 2.98935455e+02, 2.41615082e+02,
    2.89941986e+02, 2.41649902e+02, 2.80973419e+02, 2.41731476e+02,
    2.72046478e+02, 2.41758209e+02, 2.63148529e+02, 2.41834549e+02,
    2.54250443e+02, 2.41858826e+02, 3.07770264e+02, 2.32572159e+02,
    2.98823425e+02, 2.32616135e+02, 2.89835388e+02, 2.32710236e+02,
    2.80899292e+02, 2.32737518e+02, 2.71963196e+02, 2.32892105e+02,
    2.62910614e+02, 2.32922348e+02, 2.54183487e+02, 2.33148270e+02,
    3.07612823e+02, 2.23641357e+02, 2.98650360e+02, 2.23686325e+02,
    2.89694580e+02, 2.23794373e+02, 2.80790375e+02, 2.23852127e+02,
    2.71898743e+02, 2.23906982e+02, 2.62834167e+02, 2.23948395e+02,
    2.53814850e+02, 2.23839401e+02 ]
