%YAML:1.0
---
points: [ 7.31579895e+02, 2.88775452e+02, 7.26225708e+02, 3.09101715e+02,
    7.21389709e+02, 3.28902344e+02, 7.16008179e+02, 3.48526978e+02,
    7.11243164e+02, 3.67725952e+02, 7.06067993e+02, 3.86624451e+02,
    7.01225281e+02, 4.05363983e+02, 7.11383362e+02, 2.80276794e+02,
    7.06607910e+02, 3.00443329e+02, 7.01549744e+02, 3.20392181e+02,
    6.96705994e+02, 3.39948486e+02, 6.91709290e+02, 3.59360809e+02,
    6.86847229e+02, 3.78336395e+02, 6.82070496e+02, 3.97224213e+02,
    6.91515991e+02, 2.71421722e+02, 6.86593018e+02, 2.91874603e+02,
    6.81954956e+02, 3.11743591e+02, 6.77265015e+02, 3.31671997e+02,
    6.72609009e+02, 3.51108856e+02, 6.67697571e+02, 3.70216736e+02,
    6.63277588e+02, 3.89017578e+02, 6.71585510e+02, 2.62837463e+02,
    6.66984985e+02, 2.83389496e+02, 6.62417908e+02, 3.03510986e+02,
    6.58043152e+02, 3.23367035e+02, 6.53341309e+02, 3.42767090e+02,
    6.48868408e+02, 3.61914551e+02, 6.44049255e+02, 3.80911102e+02,
    6.51684814e+02, 2.54215118e+02, 6.47017273e+02, 2.74931549e+02,
    6.42874695e+02, 2.95090973e+02, 6.38308044e+02, 3.14993225e+02,
    6.34054321e+02, 3.34410980e+02, 6.29530701e+02, 3.53683014e+02,
    6.25101807e+02, 3.72695953e+02, 6.31556396e+02, 2.45741928e+02,
    6.27384766e+02, 2.66422211e+02, 6.22904480e+02, 2.86661285e+02,
    6.18671570e+02, 3.06513611e+02, 6.14507202e+02, 3.26243347e+02,
    6.10409241e+02, 3.45569763e+02, 6.05859436e+02, 3.64669098e+02,
    6.11641724e+02, 2.37295166e+02, 6.07308716e+02, 2.57967682e+02,
    6.03246216e+02, 2.78264374e+02, 5.99224731e+02, 2.98354980e+02,
    5.95387756e+02, 3.17932312e+02, 5.90927795e+02, 3.37416779e+02,
    5.86777100e+02, 3.56447906e+02, 5.91449097e+02, 2.28693878e+02,
    5.87524658e+02, 2.49333084e+02, 5.83541016e+02, 2.69905518e+02,
    5.80021362e+02, 2.89947418e+02, 5.75728333e+02, 3.09687134e+02,
    5.71825623e+02, 3.29172180e+02, 5.67707458e+02, 3.48377228e+02,
    5.71406372e+02, 2.20131973e+02, 5.67567627e+02, 2.41025970e+02,
    5.64184326e+02, 2.61574188e+02, 5.60188721e+02, 2.81718872e+02,
    5.56449158e+02, 3.01334412e+02, 5.52593262e+02, 3.21012512e+02,
    5.48804993e+02, 3.40234131e+02 ]
