%YAML:1.0
---
points: [ 1.44857556e+03, 1.26698387e+02, 1.44821716e+03, 1.46182693e+02,
    1.44785730e+03, 1.65683792e+02, 1.44751758e+03, 1.85357162e+02,
    1.44737671e+03, 2.04647980e+02, 1.44704053e+03, 2.24445908e+02,
    1.44700269e+03, 2.44128693e+02, 1.42812524e+03, 1.25690453e+02,
    1.42781006e+03, 1.45148773e+02, 1.42748364e+03, 1.64710297e+02,
    1.42703308e+03, 1.84319641e+02, 1.42667542e+03, 2.03886002e+02,
    1.42660156e+03, 2.23420532e+02, 1.42636597e+03, 2.43143585e+02,
    1.40771729e+03, 1.24661957e+02, 1.40730786e+03, 1.44351700e+02,
    1.40691479e+03, 1.63598587e+02, 1.40649963e+03, 1.83262939e+02,
    1.40623926e+03, 2.02832886e+02, 1.40585217e+03, 2.22524078e+02,
    1.40575977e+03, 2.41786072e+02, 1.38734766e+03, 1.23934723e+02,
    1.38710107e+03, 1.43311920e+02, 1.38647900e+03, 1.62729218e+02,
    1.38613257e+03, 1.82255310e+02, 1.38573816e+03, 2.01862259e+02,
    1.38554333e+03, 2.21417709e+02, 1.38523486e+03, 2.41001328e+02,
    1.36724390e+03, 1.22880005e+02, 1.36670154e+03, 1.42370010e+02,
    1.36619373e+03, 1.61646790e+02, 1.36573474e+03, 1.81410492e+02,
    1.36538647e+03, 2.00704437e+02, 1.36495032e+03, 2.20354645e+02,
    1.36474805e+03, 2.39784439e+02, 1.34711218e+03, 1.21809044e+02,
    1.34662878e+03, 1.41068863e+02, 1.34609717e+03, 1.60572281e+02,
    1.34555176e+03, 1.80255508e+02, 1.34502795e+03, 1.99581711e+02,
    1.34465820e+03, 2.19037186e+02, 1.34432312e+03, 2.38685532e+02,
    1.32681372e+03, 1.20554909e+02, 1.32635156e+03, 1.40224564e+02,
    1.32581372e+03, 1.59514786e+02, 1.32522742e+03, 1.79163712e+02,
    1.32476221e+03, 1.98459152e+02, 1.32419519e+03, 2.18108154e+02,
    1.32383350e+03, 2.37432037e+02, 1.30671704e+03, 1.19650398e+02,
    1.30619043e+03, 1.39131027e+02, 1.30549438e+03, 1.58534897e+02,
    1.30489233e+03, 1.77848831e+02, 1.30432800e+03, 1.97514526e+02,
    1.30387646e+03, 2.16901047e+02, 1.30340100e+03, 2.36494736e+02,
    1.28645276e+03, 1.18629700e+02, 1.28575146e+03, 1.38117950e+02,
    1.28531702e+03, 1.57384613e+02, 1.28461792e+03, 1.76860229e+02,
    1.28407825e+03, 1.96363251e+02, 1.28344971e+03, 2.15974609e+02,
    1.28295398e+03, 2.35322693e+02 ]
