%YAML:1.0
---
points: [ 1.91187775e+02, 1.25575020e+02, 1.89265320e+02, 1.32276169e+02,
    1.87825363e+02, 1.37607956e+02, 1.85579315e+02, 1.45445358e+02,
    1.83959122e+02, 1.52919250e+02, 1.80457047e+02, 1.63000488e+02,
    1.80471420e+02, 1.63016434e+02, 1.84434174e+02, 1.22112602e+02,
    1.82475021e+02, 1.29855972e+02, 1.80821960e+02, 1.36491623e+02,
    1.78892883e+02, 1.43757294e+02, 1.77180130e+02, 1.50350159e+02,
    1.75662933e+02, 1.55694580e+02, 1.74370590e+02, 1.61225830e+02,
    1.77619003e+02, 1.19941200e+02, 1.76035690e+02, 1.25559319e+02,
    1.74198456e+02, 1.33636124e+02, 1.72596054e+02, 1.41530792e+02,
    1.70619659e+02, 1.47309067e+02, 1.67695526e+02, 1.58236664e+02,
    1.67695465e+02, 1.58236710e+02, 1.71033463e+02, 1.15961327e+02,
    1.69172653e+02, 1.24069275e+02, 1.67414139e+02, 1.30923615e+02,
    1.65691803e+02, 1.38288437e+02, 1.64426025e+02, 1.42410172e+02,
    1.62764664e+02, 1.50236786e+02, 1.61126785e+02, 1.55317490e+02,
    1.64077179e+02, 1.14265266e+02, 1.62379562e+02, 1.20338127e+02,
    1.60768463e+02, 1.28132141e+02, 1.59146042e+02, 1.34877197e+02,
    1.57774887e+02, 1.42112915e+02, 1.56323074e+02, 1.46099319e+02,
    1.54767410e+02, 1.52885117e+02, 1.57294388e+02, 1.10311172e+02,
    1.55849442e+02, 1.18204002e+02, 1.54194992e+02, 1.25538383e+02,
    1.52463409e+02, 1.32349884e+02, 1.50978058e+02, 1.39423904e+02,
    1.49702393e+02, 1.44654114e+02, 1.48232117e+02, 1.50702408e+02,
    1.50425217e+02, 1.08491058e+02, 1.48789780e+02, 1.16043701e+02,
    1.47338928e+02, 1.22537926e+02, 1.45889160e+02, 1.29507431e+02,
    1.44237701e+02, 1.36410843e+02, 1.41704758e+02, 1.47279617e+02,
    1.41704697e+02, 1.47279678e+02, 1.43716782e+02, 1.05215233e+02,
    1.42435867e+02, 1.11349022e+02, 1.40698837e+02, 1.19816650e+02,
    1.39372543e+02, 1.26884407e+02, 1.41691528e+02, 1.36594055e+02,
    1.36235245e+02, 1.40231827e+02, 1.35243378e+02, 1.45007050e+02,
    1.37019714e+02, 1.02769440e+02, 1.35500504e+02, 1.09719765e+02,
    1.34379028e+02, 1.14946358e+02, 1.33030167e+02, 1.23010292e+02,
    1.31092590e+02, 1.33229721e+02, 1.29809662e+02, 1.38103607e+02,
    1.29423904e+02, 1.39688919e+02 ]
