%YAML:1.0
---
points: [ 1.08708667e+03, 6.65600159e+02, 1.06058789e+03, 6.71410522e+02,
    1.03436401e+03, 6.77499939e+02, 1.00841608e+03, 6.83232300e+02,
    9.82548706e+02, 6.89283325e+02, 9.57043945e+02, 6.95139160e+02,
    9.31657166e+02, 7.00703674e+02, 1.08041321e+03, 6.39269592e+02,
    1.05403223e+03, 6.45353516e+02, 1.02774866e+03, 6.51182373e+02,
    1.00187115e+03, 6.57346924e+02, 9.76134644e+02, 6.63183533e+02,
    9.50493774e+02, 6.69246887e+02, 9.25320312e+02, 6.75172913e+02,
    1.07388843e+03, 6.12863586e+02, 1.04736572e+03, 6.18902893e+02,
    1.02147870e+03, 6.25161621e+02, 9.95431458e+02, 6.31233765e+02,
    9.69747131e+02, 6.37349426e+02, 9.44305054e+02, 6.43465149e+02,
    9.18681519e+02, 6.49362488e+02, 1.06732495e+03, 5.86804199e+02,
    1.04084534e+03, 5.93090881e+02, 1.01473755e+03, 5.99142090e+02,
    9.89090393e+02, 6.05370972e+02, 9.63430969e+02, 6.11582520e+02,
    9.37816956e+02, 6.17644836e+02, 9.12506348e+02, 6.23634277e+02,
    1.06049683e+03, 5.60559814e+02, 1.03430273e+03, 5.66696533e+02,
    1.00825378e+03, 5.73273132e+02, 9.82510864e+02, 5.79494263e+02,
    9.56790833e+02, 5.85656982e+02, 9.31407959e+02, 5.91955383e+02,
    9.06238037e+02, 5.97840759e+02, 1.05390759e+03, 5.34272278e+02,
    1.02776074e+03, 5.40692810e+02, 1.00170538e+03, 5.47184326e+02,
    9.75837097e+02, 5.53480652e+02, 9.50497620e+02, 5.59838135e+02,
    9.24891602e+02, 5.66209778e+02, 8.99611267e+02, 5.72265930e+02,
    1.04753235e+03, 5.08143677e+02, 1.02125653e+03, 5.14530945e+02,
    9.95444885e+02, 5.21174561e+02, 9.69591736e+02, 5.27742920e+02,
    9.43944336e+02, 5.34079529e+02, 9.18543945e+02, 5.40383972e+02,
    8.93286316e+02, 5.46728333e+02, 1.04076160e+03, 4.81864166e+02,
    1.01471106e+03, 4.88642761e+02, 9.88799255e+02, 4.95388763e+02,
    9.63253235e+02, 5.01672333e+02, 9.37545654e+02, 5.08245300e+02,
    9.12173950e+02, 5.14719482e+02, 8.87083679e+02, 5.21249084e+02,
    1.03421631e+03, 4.55871033e+02, 1.00826953e+03, 4.62499756e+02,
    9.82240540e+02, 4.69390930e+02, 9.56709961e+02, 4.76017303e+02,
    9.31188171e+02, 4.82501556e+02, 9.05765991e+02, 4.88929749e+02,
    8.80538818e+02, 4.95571747e+02 ]
