%YAML:1.0
---
points: [ 3.67512573e+02, 1.30070358e+02, 3.64614685e+02, 1.39605240e+02,
    3.61871155e+02, 1.48937149e+02, 3.59052582e+02, 1.58078201e+02,
    3.56349152e+02, 1.67097534e+02, 3.53654114e+02, 1.75944534e+02,
    3.51049438e+02, 1.84676773e+02, 3.58060608e+02, 1.28111237e+02,
    3.55271729e+02, 1.37677231e+02, 3.52564514e+02, 147., 3.49903351e+02,
    1.56183945e+02, 3.47212677e+02, 1.65212585e+02, 3.44667633e+02,
    1.74069275e+02, 3.42059113e+02, 1.82762177e+02, 3.48720978e+02,
    1.26177582e+02, 3.45932953e+02, 1.35736893e+02, 3.43243011e+02,
    1.45114594e+02, 3.40638885e+02, 1.54313034e+02, 3.38101501e+02,
    1.63340897e+02, 3.35633362e+02, 1.72210251e+02, 3.33190796e+02,
    1.80967331e+02, 3.39211487e+02, 1.24266167e+02, 3.36702606e+02,
    1.33877060e+02, 3.34087891e+02, 1.43219772e+02, 3.31602997e+02,
    1.52505569e+02, 3.29062225e+02, 1.61521255e+02, 3.26673767e+02,
    1.70357574e+02, 3.24282532e+02, 1.79099930e+02, 3.29891541e+02,
    1.22426353e+02, 3.27292694e+02, 1.31924911e+02, 3.24803253e+02,
    1.41333572e+02, 3.22397278e+02, 1.50601379e+02, 3.20025055e+02,
    1.59658157e+02, 3.17656036e+02, 1.68538300e+02, 3.15364777e+02,
    1.77248520e+02, 3.20453705e+02, 1.20459946e+02, 3.18143707e+02,
    1.30009842e+02, 3.15607117e+02, 1.39500687e+02, 3.13260071e+02,
    1.48708435e+02, 3.10941376e+02, 1.57794464e+02, 3.08729706e+02,
    1.66665680e+02, 3.06430054e+02, 1.75375854e+02, 3.11176819e+02,
    1.18523232e+02, 3.08733490e+02, 1.28096451e+02, 3.06454193e+02,
    1.37608215e+02, 3.04213318e+02, 1.46837387e+02, 3.01974854e+02,
    1.55932602e+02, 2.99779144e+02, 1.64805466e+02, 2.97677856e+02,
    1.73595627e+02, 3.01752869e+02, 1.16609749e+02, 2.99507324e+02,
    1.26229057e+02, 2.97291534e+02, 1.35677063e+02, 2.95088013e+02,
    1.44945663e+02, 2.92954651e+02, 1.54000549e+02, 2.90890259e+02,
    1.62969131e+02, 2.88817657e+02, 1.71712601e+02, 2.92527161e+02,
    1.14728561e+02, 2.90264862e+02, 1.24317047e+02, 2.88148163e+02,
    1.33812714e+02, 2.86028687e+02, 1.43030655e+02, 2.84063995e+02,
    1.52154800e+02, 2.81979675e+02, 1.61144836e+02, 2.80060425e+02,
    1.69856339e+02 ]
