%YAML:1.0
---
points: [ 5.29676636e+02, 2.02090622e+02, 5.50659973e+02, 2.14928131e+02,
    5.70730408e+02, 2.27472946e+02, 5.91066284e+02, 2.39975922e+02,
    6.10488281e+02, 2.51993500e+02, 6.30133484e+02, 2.63869629e+02,
    6.48878235e+02, 2.75460754e+02, 5.19316589e+02, 2.20866409e+02,
    5.39985474e+02, 2.33456558e+02, 5.60649231e+02, 2.45835724e+02,
    5.80582825e+02, 2.58214996e+02, 6.00596802e+02, 2.70138641e+02,
    6.19860046e+02, 2.81915924e+02, 6.39309448e+02, 2.93403717e+02,
    5.08427368e+02, 2.39677933e+02, 5.29572388e+02, 2.52213318e+02,
    5.50125122e+02, 2.64461884e+02, 5.70527039e+02, 2.76475525e+02,
    5.90351196e+02, 2.88325867e+02, 6.10260132e+02, 2.99937347e+02,
    6.29295471e+02, 3.11300598e+02, 4.97735870e+02, 2.58572632e+02,
    5.18793762e+02, 2.70794067e+02, 5.39839417e+02, 2.83024597e+02,
    5.60148743e+02, 2.94909546e+02, 5.80344666e+02, 3.06524261e+02,
    5.99807007e+02, 3.17974060e+02, 6.19506165e+02, 3.29271454e+02,
    4.86845734e+02, 2.77558075e+02, 5.08438782e+02, 2.89613525e+02,
    5.29250305e+02, 3.01624603e+02, 5.50064270e+02, 3.13377319e+02,
    5.69998230e+02, 3.24795715e+02, 5.90119019e+02, 3.36147186e+02,
    6.09510254e+02, 3.47164246e+02, 4.76298706e+02, 2.96528809e+02,
    4.97598083e+02, 3.08565002e+02, 5.18936279e+02, 3.20327698e+02,
    5.39474365e+02, 3.31876984e+02, 5.60024902e+02, 3.43160522e+02,
    5.79774475e+02, 3.54290375e+02, 5.99602966e+02, 3.65109253e+02,
    4.65390350e+02, 3.15604370e+02, 4.87177521e+02, 3.27442291e+02,
    5.08138123e+02, 3.38935577e+02, 5.29292786e+02, 3.50452026e+02,
    5.49535400e+02, 3.61495728e+02, 5.69820740e+02, 3.72539307e+02,
    5.89466797e+02, 3.83365509e+02, 4.54610992e+02, 3.34725403e+02,
    4.76266174e+02, 3.46461792e+02, 4.97705017e+02, 3.57726501e+02,
    5.18592712e+02, 3.69024017e+02, 5.39451416e+02, 3.80023163e+02,
    5.59540527e+02, 3.90746155e+02, 5.79565491e+02, 4.01394806e+02,
    4.43452850e+02, 3.54082916e+02, 4.65565277e+02, 3.65396149e+02,
    4.86849182e+02, 3.76659973e+02, 5.08332886e+02, 3.87666962e+02,
    5.28794067e+02, 3.98560333e+02, 5.49426697e+02, 4.09207001e+02,
    5.69396606e+02, 4.19639587e+02 ]
