%YAML:1.0
---
points: [ 3.33645935e+02, 1.62745483e+02, 3.26336517e+02, 1.64600327e+02,
    3.19318390e+02, 1.66492538e+02, 3.12294403e+02, 1.68402481e+02,
    3.05275574e+02, 1.70186890e+02, 2.98259308e+02, 1.72251907e+02,
    2.91350494e+02, 1.73324799e+02, 3.31857941e+02, 1.56005569e+02,
    3.24723419e+02, 1.57709427e+02, 3.17669525e+02, 1.59687637e+02,
    3.10521637e+02, 1.61202637e+02, 3.03637665e+02, 1.63397659e+02,
    2.96640747e+02, 1.64938522e+02, 2.90173767e+02, 1.67263474e+02,
    3.30319397e+02, 1.49056274e+02, 3.23148895e+02, 1.51233917e+02,
    3.16056061e+02, 1.53364014e+02, 3.09046204e+02, 1.55215775e+02,
    3.02180328e+02, 1.57482391e+02, 2.95154877e+02, 1.58690338e+02,
    2.88358459e+02, 1.60094055e+02, 3.28574646e+02, 1.42295334e+02,
    3.21522766e+02, 1.44320297e+02, 3.14240936e+02, 1.46037231e+02,
    3.07363251e+02, 1.48100677e+02, 3.00417511e+02, 1.50089783e+02,
    2.93952393e+02, 1.52033447e+02, 2.87973419e+02, 1.57736221e+02,
    3.27066101e+02, 1.35312622e+02, 3.19806763e+02, 1.37275818e+02,
    3.12719055e+02, 1.39257553e+02, 3.05880219e+02, 1.41396790e+02,
    2.98770874e+02, 1.42848938e+02, 2.92154480e+02, 1.45431519e+02,
    2.85581299e+02, 1.47949265e+02, 3.25365906e+02, 1.28388092e+02,
    3.18117828e+02, 1.30132126e+02, 3.11231293e+02, 1.32162857e+02,
    3.04292572e+02, 1.35256241e+02, 2.97287323e+02, 1.35904083e+02,
    2.90382446e+02, 1.37846512e+02, 2.84254242e+02, 1.40384766e+02,
    3.23979095e+02, 1.22731880e+02, 3.16595398e+02, 1.23491180e+02,
    3.09672729e+02, 1.25820267e+02, 3.02482269e+02, 1.28023132e+02,
    2.95728424e+02, 1.29999176e+02, 2.89018005e+02, 1.32366867e+02,
    2.82312836e+02, 1.33154724e+02, 3.21998901e+02, 1.14346634e+02,
    3.14842987e+02, 1.16494888e+02, 3.08070831e+02, 1.19137840e+02,
    3.01210541e+02, 1.21760834e+02, 2.94160400e+02, 1.23178162e+02,
    2.87300812e+02, 1.24942726e+02, 2.80806061e+02, 1.27344666e+02,
    3.20640289e+02, 1.09099411e+02, 3.13241425e+02, 1.10164192e+02,
    3.06457336e+02, 1.12801537e+02, 2.99711365e+02, 1.13834724e+02,
    2.92746429e+02, 1.17549683e+02, 2.85816589e+02, 1.18707962e+02,
    2.79194550e+02, 1.21753082e+02 ]
