%YAML:1.0
---
points: [ 1.22942734e+02, 9.63098755e+01, 1.29528870e+02, 1.01028862e+02,
    1.36395264e+02, 1.04688744e+02, 1.42990112e+02, 1.09300667e+02,
    1.49540710e+02, 1.13056816e+02, 1.56101913e+02, 1.17476242e+02,
    1.62133835e+02, 1.20751541e+02, 1.19297577e+02, 1.02848961e+02,
    1.26308304e+02, 1.06882431e+02, 1.33103043e+02, 1.11027718e+02,
    1.39686707e+02, 1.15156532e+02, 1.46232803e+02, 1.19184448e+02,
    1.52811142e+02, 1.22987251e+02, 1.59321304e+02, 1.26549484e+02,
    1.15926109e+02, 1.09042259e+02, 1.22629166e+02, 1.13295410e+02,
    1.29404510e+02, 1.17317108e+02, 1.36337967e+02, 1.21132072e+02,
    1.43043976e+02, 1.25207939e+02, 1.49367630e+02, 1.29264236e+02,
    1.55728256e+02, 1.32768265e+02, 1.12239792e+02, 1.15404060e+02,
    1.19223335e+02, 1.19584755e+02, 1.26162682e+02, 1.23429893e+02,
    1.33120819e+02, 1.27417786e+02, 1.39436768e+02, 1.31483246e+02,
    1.46232132e+02, 1.35134369e+02, 1.52551651e+02, 1.39031937e+02,
    1.08656250e+02, 1.22022812e+02, 1.15602676e+02, 1.26036324e+02,
    1.22392639e+02, 1.30200912e+02, 1.29344131e+02, 1.33996948e+02,
    1.36258301e+02, 1.37547531e+02, 1.42486526e+02, 1.41695450e+02,
    1.49122131e+02, 1.45079254e+02, 1.05147331e+02, 1.28215179e+02,
    1.12198219e+02, 1.32169464e+02, 1.19223633e+02, 1.35969345e+02,
    1.26152321e+02, 1.39929825e+02, 1.32797455e+02, 1.43829224e+02,
    1.39421387e+02, 1.47527893e+02, 1.46201584e+02, 1.50824188e+02,
    1.01350502e+02, 1.35028107e+02, 1.08587814e+02, 1.38858887e+02,
    1.15395241e+02, 1.42747208e+02, 1.22306572e+02, 1.46563004e+02,
    1.29281784e+02, 1.50088684e+02, 1.36245300e+02, 1.53702652e+02,
    1.42321365e+02, 1.57399048e+02, 9.78148499e+01, 1.41242615e+02,
    1.05048523e+02, 1.45034073e+02, 1.12208786e+02, 1.48781418e+02,
    1.19182732e+02, 1.52661407e+02, 1.26022346e+02, 1.55962326e+02,
    1.32547882e+02, 1.60103882e+02, 1.39461838e+02, 1.63249191e+02,
    9.43034210e+01, 1.47725815e+02, 1.01451576e+02, 1.51480377e+02,
    1.08421318e+02, 1.55442398e+02, 1.15669243e+02, 1.58891571e+02,
    1.22361389e+02, 1.62823700e+02, 1.29338791e+02, 1.65965759e+02,
    1.35772736e+02, 1.69770187e+02 ]
