%YAML:1.0
---
points: [ 1.06481750e+03, 4.76303894e+02, 1.04667151e+03, 4.96467255e+02,
    1.02853296e+03, 5.16260437e+02, 1.01075861e+03, 5.35923157e+02,
    9.93394775e+02, 5.55070923e+02, 9.76184265e+02, 5.74179688e+02,
    9.59209717e+02, 5.92871582e+02, 1.04385144e+03, 4.57751007e+02,
    1.02574609e+03, 4.78226196e+02, 1.00818573e+03, 4.98297638e+02,
    9.90404785e+02, 5.17996460e+02, 9.73068115e+02, 5.37215149e+02,
    9.56081360e+02, 5.56456970e+02, 9.39348877e+02, 5.75339355e+02,
    1.02299182e+03, 4.39489288e+02, 1.00509888e+03, 4.59771423e+02,
    9.87382263e+02, 4.80034485e+02, 9.69878052e+02, 4.99923889e+02,
    9.52772400e+02, 5.19491577e+02, 9.35967285e+02, 5.38613403e+02,
    9.19382996e+02, 5.57810791e+02, 1.00231000e+03, 4.21342102e+02,
    9.84531799e+02, 4.41889008e+02, 9.67048096e+02, 4.62180969e+02,
    9.49651733e+02, 4.82118958e+02, 9.32669434e+02, 5.01672333e+02,
    9.15870667e+02, 5.21171204e+02, 8.99491577e+02, 5.40196960e+02,
    9.81442200e+02, 4.02823090e+02, 9.63756592e+02, 4.23543884e+02,
    9.46406738e+02, 4.43925446e+02, 9.29392273e+02, 4.64066589e+02,
    9.12508057e+02, 4.83930511e+02, 8.95900024e+02, 5.03475891e+02,
    8.79636902e+02, 5.22535034e+02, 9.60572327e+02, 3.84386261e+02,
    9.43013123e+02, 4.05324127e+02, 9.25833618e+02, 4.25915527e+02,
    9.08975830e+02, 4.46038361e+02, 8.92407776e+02, 4.66198486e+02,
    8.75806885e+02, 4.85639526e+02, 8.59812622e+02, 5.04984253e+02,
    9.39732849e+02, 3.65782867e+02, 9.22431519e+02, 3.87062195e+02,
    9.05382568e+02, 4.07753387e+02, 8.88648071e+02, 4.28109558e+02,
    8.72232300e+02, 4.48302917e+02, 8.55834534e+02, 4.68053406e+02,
    8.39958801e+02, 4.87425507e+02, 9.19088684e+02, 3.47452087e+02,
    9.01725769e+02, 3.68742035e+02, 8.84866638e+02, 3.89598358e+02,
    8.68455200e+02, 4.10112396e+02, 8.52033081e+02, 4.30432709e+02,
    8.35860840e+02, 4.50322052e+02, 8.20155457e+02, 4.69803833e+02,
    8.98232605e+02, 3.28837433e+02, 8.81169922e+02, 3.50463135e+02,
    8.64417542e+02, 3.71515961e+02, 8.47946350e+02, 3.91987579e+02,
    8.31770142e+02, 4.12470734e+02, 8.15792236e+02, 4.32495697e+02,
    8.00092346e+02, 4.52424011e+02 ]
