%YAML:1.0
---
points: [ 1.10756287e+03, 1.33276077e+02, 1.09528113e+03, 1.48829605e+02,
    1.08329834e+03, 1.64420563e+02, 1.07095337e+03, 1.80075943e+02,
    1.05885815e+03, 1.95501785e+02, 1.04661731e+03, 2.11186111e+02,
    1.03453882e+03, 2.26636963e+02, 1.09143689e+03, 1.21518478e+02,
    1.07941858e+03, 1.37135208e+02, 1.06723218e+03, 1.52575485e+02,
    1.05505823e+03, 1.68242798e+02, 1.04275171e+03, 1.83734100e+02,
    1.03068591e+03, 1.99207581e+02, 1.01838495e+03, 2.14679977e+02,
    1.07551843e+03, 1.09811897e+02, 1.06336279e+03, 1.25311249e+02,
    1.05132202e+03, 1.40822510e+02, 1.03904089e+03, 1.56390396e+02,
    1.02687476e+03, 1.71791977e+02, 1.01459833e+03, 1.87339676e+02,
    1.00243250e+03, 2.02563721e+02, 1.05942468e+03, 9.82927094e+01,
    1.04749487e+03, 1.13562607e+02, 1.03512805e+03, 1.29119720e+02,
    1.02317761e+03, 1.44431900e+02, 1.01073151e+03, 1.60001358e+02,
    9.98693420e+02, 1.75291458e+02, 9.86288940e+02, 1.90731567e+02,
    1.04370288e+03, 8.64398575e+01, 1.03139343e+03, 1.01738464e+02,
    1.01941083e+03, 1.17163918e+02, 1.00700043e+03, 1.32686676e+02,
    9.95094177e+02, 1.48076233e+02, 9.82584595e+02, 1.63428131e+02,
    9.70564148e+02, 1.78663605e+02, 1.02755859e+03, 7.45559616e+01,
    1.01570068e+03, 8.98628159e+01, 1.00335284e+03, 1.05320374e+02,
    9.91333679e+02, 1.20642006e+02, 9.78766174e+02, 1.36089127e+02,
    9.66812866e+02, 1.51209885e+02, 9.54452820e+02, 1.66474457e+02,
    1.01195306e+03, 6.27970161e+01, 9.99563416e+02, 7.81038971e+01,
    9.87620728e+02, 9.33191910e+01, 9.75265381e+02, 1.08755226e+02,
    9.63246033e+02, 1.23934418e+02, 9.50699463e+02, 1.39285019e+02,
    9.38669800e+02, 1.54280746e+02, 9.95860657e+02, 5.11869659e+01,
    9.83976501e+02, 6.63195267e+01, 9.71623413e+02, 8.15317001e+01,
    9.59613342e+02, 9.68587875e+01, 9.47187012e+02, 1.12183426e+02,
    9.35112305e+02, 1.27196503e+02, 9.22650940e+02, 1.42336319e+02,
    9.80240173e+02, 3.92020607e+01, 9.67913025e+02, 5.44188766e+01,
    9.55880432e+02, 6.95782852e+01, 9.43630188e+02, 8.48818283e+01,
    9.31513184e+02, 1.00122032e+02, 9.19177856e+02, 1.15254318e+02,
    9.06781494e+02, 1.30236038e+02 ]
