%YAML:1.0
---
points: [ 2.55993561e+02, 1.65225769e+02, 2.64874451e+02, 1.65562531e+02,
    2.73838867e+02, 1.65817566e+02, 2.82755676e+02, 1.66119446e+02,
    2.91714081e+02, 1.66419357e+02, 3.00645416e+02, 1.66621933e+02,
    3.09490173e+02, 1.66898697e+02, 2.55747116e+02, 1.74170715e+02,
    2.64742645e+02, 1.74406891e+02, 2.73630188e+02, 1.74679688e+02,
    2.82574402e+02, 1.75052994e+02, 2.91410278e+02, 1.75333405e+02,
    3.00280884e+02, 1.75547577e+02, 3.09213745e+02, 1.75798218e+02,
    2.55592499e+02, 1.83067551e+02, 2.64515991e+02, 1.83373093e+02,
    2.73352600e+02, 1.83579956e+02, 2.82211304e+02, 1.83893509e+02,
    2.91114410e+02, 1.84224335e+02, 3.00003082e+02, 1.84534729e+02,
    3.08992584e+02, 1.84758728e+02, 2.55291489e+02, 1.91852432e+02,
    2.64136200e+02, 1.92261917e+02, 2.72937561e+02, 1.92640549e+02,
    2.81929474e+02, 1.92789093e+02, 2.90837952e+02, 1.93028656e+02,
    2.99826080e+02, 1.93382141e+02, 3.08756958e+02, 1.93630371e+02,
    2.54876587e+02, 2.00763702e+02, 2.63851257e+02, 2.01055267e+02,
    2.72833313e+02, 2.01409058e+02, 2.81661438e+02, 2.01714874e+02,
    2.90636749e+02, 2.01950165e+02, 2.99514893e+02, 2.02265274e+02,
    3.08425293e+02, 2.02648331e+02, 2.54702469e+02, 2.09760941e+02,
    2.63662476e+02, 2.10024048e+02, 2.72545258e+02, 2.10374664e+02,
    2.81451721e+02, 2.10656448e+02, 2.90225037e+02, 2.10862579e+02,
    2.99257385e+02, 2.11217163e+02, 3.08143433e+02, 2.11536240e+02,
    2.54404465e+02, 2.18657562e+02, 2.63367523e+02, 2.18883865e+02,
    2.72295502e+02, 2.19241714e+02, 2.81125885e+02, 2.19601730e+02,
    2.89995667e+02, 2.19785141e+02, 2.99012146e+02, 2.20137558e+02,
    3.08001251e+02, 2.20457230e+02, 2.54084869e+02, 2.27660507e+02,
    2.63003143e+02, 2.27880997e+02, 2.71900085e+02, 2.28151718e+02,
    2.80854797e+02, 2.28434296e+02, 2.89786804e+02, 2.28745255e+02,
    2.98806183e+02, 2.28943481e+02, 3.07648132e+02, 2.29360352e+02,
    2.53842728e+02, 2.36594803e+02, 2.62794861e+02, 2.36859406e+02,
    2.71740173e+02, 2.37072586e+02, 2.80638397e+02, 2.37445114e+02,
    2.89585449e+02, 2.37622864e+02, 2.98509064e+02, 2.37921906e+02,
    3.07474396e+02, 2.38250778e+02 ]
