%YAML:1.0
---
points: [ 1.21879077e+03, 2.88485992e+02, 1.21074475e+03, 3.16958191e+02,
    1.20307922e+03, 3.44277863e+02, 1.19540869e+03, 3.71346069e+02,
    1.18795422e+03, 3.97715729e+02, 1.18062878e+03, 4.24000732e+02,
    1.17347595e+03, 4.49508575e+02, 1.19123499e+03, 2.83109100e+02,
    1.18354199e+03, 3.11191467e+02, 1.17581250e+03, 3.38874756e+02,
    1.16859375e+03, 3.65810364e+02, 1.16129529e+03, 3.92380096e+02,
    1.15416589e+03, 4.18392273e+02, 1.14712354e+03, 4.44137604e+02,
    1.16364746e+03, 2.77431427e+02, 1.15596887e+03, 3.05720795e+02,
    1.14871692e+03, 3.33251526e+02, 1.14148145e+03, 3.60333801e+02,
    1.13451965e+03, 3.86709076e+02, 1.12766858e+03, 4.12978577e+02,
    1.12108679e+03, 4.38538849e+02, 1.13599805e+03, 2.71766663e+02,
    1.12861084e+03, 2.99893494e+02, 1.12159570e+03, 3.27766693e+02,
    1.11480530e+03, 3.54690674e+02, 1.10799243e+03, 3.81516235e+02,
    1.10150452e+03, 4.07500336e+02, 1.09482166e+03, 4.33219971e+02,
    1.10829541e+03, 2.66042206e+02, 1.10142773e+03, 2.94366943e+02,
    1.09464294e+03, 3.22148010e+02, 1.08790308e+03, 3.49321411e+02,
    1.08145215e+03, 3.75760345e+02, 1.07511304e+03, 4.02180603e+02,
    1.06903076e+03, 4.27627625e+02, 1.08065002e+03, 2.60522430e+02,
    1.07427319e+03, 2.88657349e+02, 1.06752222e+03, 3.16543091e+02,
    1.06109119e+03, 3.43468658e+02, 1.05475122e+03, 3.70431274e+02,
    1.04882043e+03, 3.96465851e+02, 1.04273315e+03, 4.22326141e+02,
    1.05337915e+03, 2.54740128e+02, 1.04678564e+03, 2.83029602e+02,
    1.04053076e+03, 3.10684448e+02, 1.03443201e+03, 3.38102844e+02,
    1.02841907e+03, 3.64610321e+02, 1.02251892e+03, 3.91137909e+02,
    1.01691217e+03, 4.16686432e+02, 1.02566650e+03, 2.49148758e+02,
    1.01964948e+03, 2.77368225e+02, 1.01366528e+03, 3.05200531e+02,
    1.00773969e+03, 3.32426422e+02, 1.00193829e+03, 3.59317566e+02,
    9.96467102e+02, 3.85379486e+02, 9.90918274e+02, 4.11375336e+02,
    9.98324341e+02, 2.43285553e+02, 9.92518738e+02, 2.71568115e+02,
    9.86684631e+02, 2.99491028e+02, 9.81019165e+02, 3.26906189e+02,
    9.75563782e+02, 3.53521698e+02, 9.70283081e+02, 3.80061005e+02,
    9.64976257e+02, 4.05712494e+02 ]
