%YAML:1.0
---
points: [ 2.57708740e+02, 1.12632256e+02, 2.66732361e+02, 1.13015549e+02,
    2.75643677e+02, 1.13328201e+02, 2.84702576e+02, 1.13641449e+02,
    2.93680328e+02, 1.13927917e+02, 3.02705414e+02, 1.14286461e+02,
    3.11694305e+02, 1.14558281e+02, 2.57385620e+02, 1.21765129e+02,
    2.66398438e+02, 1.22143150e+02, 2.75343079e+02, 1.22402374e+02,
    2.84313110e+02, 1.22691528e+02, 2.93269867e+02, 1.23050911e+02,
    3.02289673e+02, 1.23379341e+02, 3.11301941e+02, 1.23597946e+02,
    2.56945526e+02, 1.30893570e+02, 2.65946442e+02, 1.31262772e+02,
    2.74899811e+02, 1.31504608e+02, 2.83938995e+02, 1.31832382e+02,
    2.92933624e+02, 1.32179688e+02, 3.01972015e+02, 1.32380142e+02,
    3.10943573e+02, 1.32708832e+02, 2.56764740e+02, 1.39933212e+02,
    2.65750854e+02, 1.40237915e+02, 2.74704346e+02, 1.40558502e+02,
    2.83656097e+02, 1.40928726e+02, 2.92619415e+02, 1.41173813e+02,
    3.01613129e+02, 1.41393768e+02, 3.10601318e+02, 1.41737350e+02,
    2.56472961e+02, 1.48973877e+02, 2.65456299e+02, 1.49398087e+02,
    2.74348022e+02, 1.49630829e+02, 2.83291718e+02, 1.49928909e+02,
    2.92261200e+02, 1.50274033e+02, 3.01223724e+02, 1.50570999e+02,
    3.10202881e+02, 1.50854584e+02, 2.56076569e+02, 1.58031219e+02,
    2.65071075e+02, 1.58311615e+02, 2.74013550e+02, 1.58626480e+02,
    2.82916412e+02, 1.59032532e+02, 2.91951172e+02, 1.59308594e+02,
    3.00885406e+02, 1.59538925e+02, 3.09875763e+02, 1.59785416e+02,
    2.55783813e+02, 1.66941132e+02, 2.64750916e+02, 1.67389526e+02,
    2.73741730e+02, 1.67680695e+02, 2.82624329e+02, 1.67947815e+02,
    2.91612946e+02, 1.68290878e+02, 3.00528717e+02, 1.68578430e+02,
    3.09496307e+02, 1.68861740e+02, 2.55596725e+02, 1.75916931e+02,
    2.64551697e+02, 1.76328918e+02, 2.73404785e+02, 1.76666367e+02,
    2.82290894e+02, 1.76959534e+02, 2.91260559e+02, 1.77278549e+02,
    3.00166412e+02, 1.77492844e+02, 3.09125336e+02, 1.77792435e+02,
    2.55301453e+02, 1.84941605e+02, 2.64153076e+02, 1.85258850e+02,
    2.73013885e+02, 1.85539886e+02, 2.81917969e+02, 1.85875702e+02,
    2.90909363e+02, 1.86223083e+02, 2.99844269e+02, 1.86515335e+02,
    3.08802979e+02, 1.86752640e+02 ]
