%YAML:1.0
---
points: [ 1.10081372e+03, 4.06343117e+01, 1.11520325e+03, 5.60236320e+01,
    1.12904639e+03, 7.05917664e+01, 1.14285547e+03, 8.53697968e+01,
    1.15651233e+03, 9.94809952e+01, 1.16993933e+03, 1.13638298e+02,
    1.18331421e+03, 1.27261238e+02, 1.08992688e+03, 5.86107140e+01,
    1.10432947e+03, 7.35151291e+01, 1.11838049e+03, 8.84149323e+01,
    1.13226477e+03, 1.02614761e+02, 1.14596155e+03, 1.17068161e+02,
    1.15956921e+03, 1.30654327e+02, 1.17304785e+03, 1.44371109e+02,
    1.07891003e+03, 7.63184509e+01, 1.09349451e+03, 9.13332062e+01,
    1.10765637e+03, 1.05756424e+02, 1.12165771e+03, 1.20270752e+02,
    1.13556042e+03, 1.34108871e+02, 1.14929199e+03, 1.47925781e+02,
    1.16282886e+03, 1.61272552e+02, 1.06800269e+03, 9.45648346e+01,
    1.08261487e+03, 1.09043076e+02, 1.09706287e+03, 1.23574600e+02,
    1.11120447e+03, 1.37635178e+02, 1.12514539e+03, 1.51623444e+02,
    1.13880566e+03, 1.65062500e+02, 1.15261975e+03, 1.78377869e+02,
    1.05703479e+03, 1.12332924e+02, 1.07185364e+03, 1.26955597e+02,
    1.08635278e+03, 1.41174210e+02, 1.10066626e+03, 1.55172516e+02,
    1.11460999e+03, 1.68759949e+02, 1.12865417e+03, 1.82367645e+02,
    1.14243884e+03, 1.95427353e+02, 1.04630505e+03, 1.30367508e+02,
    1.06121350e+03, 1.44622131e+02, 1.07582751e+03, 1.58915436e+02,
    1.09024780e+03, 1.72620972e+02, 1.10435693e+03, 1.86355774e+02,
    1.11845691e+03, 1.99462280e+02, 1.13243103e+03, 2.12552719e+02,
    1.03540662e+03, 1.48314621e+02, 1.05050061e+03, 1.62712738e+02,
    1.06522461e+03, 1.76511536e+02, 1.07967102e+03, 1.90347000e+02,
    1.09391943e+03, 2.03628860e+02, 1.10827869e+03, 2.16845795e+02,
    1.12231482e+03, 2.29621109e+02, 1.02459607e+03, 1.66441864e+02,
    1.03961938e+03, 1.80400436e+02, 1.05455908e+03, 1.94271835e+02,
    1.06900806e+03, 2.07967148e+02, 1.08353064e+03, 2.21199463e+02,
    1.09771362e+03, 2.34109909e+02, 1.11215540e+03, 2.46849945e+02,
    1.01362024e+03, 1.84481262e+02, 1.02888599e+03, 1.98545670e+02,
    1.04375745e+03, 2.12114944e+02, 1.05862891e+03, 2.25496933e+02,
    1.07288257e+03, 2.38676361e+02, 1.08759119e+03, 2.51587570e+02,
    1.10164380e+03, 2.64201752e+02 ]
