%YAML:1.0
---
points: [ 1.24938879e+03, 3.17256775e+02, 1.22631226e+03, 3.35679871e+02,
    1.20373218e+03, 3.54021240e+02, 1.18156262e+03, 3.71728058e+02,
    1.15977063e+03, 3.89404175e+02, 1.13842590e+03, 4.06618866e+02,
    1.11734583e+03, 4.23686066e+02, 1.23177637e+03, 2.95646210e+02,
    1.20890723e+03, 3.14557098e+02, 1.18646790e+03, 3.32858582e+02,
    1.16432703e+03, 3.51156525e+02, 1.14259888e+03, 3.68729340e+02,
    1.12140259e+03, 3.86276642e+02, 1.10045227e+03, 4.03451996e+02,
    1.21418164e+03, 2.74252502e+02, 1.19136792e+03, 2.93042206e+02,
    1.16892053e+03, 3.11809052e+02, 1.14690710e+03, 3.30160797e+02,
    1.12544617e+03, 3.48195374e+02, 1.10432019e+03, 3.65791595e+02,
    1.08337537e+03, 3.83299683e+02, 1.19655334e+03, 2.52401016e+02,
    1.17378381e+03, 2.71777222e+02, 1.15152441e+03, 2.90467499e+02,
    1.12975061e+03, 3.09359680e+02, 1.10840137e+03, 3.27324280e+02,
    1.08723352e+03, 3.45358612e+02, 1.06652295e+03, 3.62849548e+02,
    1.17876758e+03, 2.30651123e+02, 1.15629041e+03, 2.50151276e+02,
    1.13408606e+03, 2.69272034e+02, 1.11231348e+03, 2.87890808e+02,
    1.09090442e+03, 3.06485199e+02, 1.07000671e+03, 3.24615356e+02,
    1.04932141e+03, 3.42494507e+02, 1.16101782e+03, 2.08587357e+02,
    1.13855847e+03, 2.28404297e+02, 1.11651086e+03, 2.47750763e+02,
    1.09476782e+03, 2.66824402e+02, 1.07361548e+03, 2.85452179e+02,
    1.05262476e+03, 3.03864655e+02, 1.03224866e+03, 3.21794098e+02,
    1.14310388e+03, 1.86658859e+02, 1.12075867e+03, 2.06532547e+02,
    1.09876880e+03, 2.26208405e+02, 1.07732068e+03, 2.45321991e+02,
    1.05615906e+03, 2.64220093e+02, 1.03539355e+03, 2.82795319e+02,
    1.01505182e+03, 3.01259369e+02, 1.12516504e+03, 1.64289047e+02,
    1.10294312e+03, 1.84699127e+02, 1.08114417e+03, 2.04386810e+02,
    1.05959656e+03, 2.23789032e+02, 1.03869043e+03, 2.43057724e+02,
    1.01787299e+03, 2.61829071e+02, 9.97708618e+02, 2.80324280e+02,
    1.10710901e+03, 1.42151505e+02, 1.08501685e+03, 1.62425827e+02,
    1.06333765e+03, 1.82568298e+02, 1.04200415e+03, 2.02224548e+02,
    1.02099457e+03, 2.21617172e+02, 1.00044812e+03, 2.40686264e+02,
    9.80177673e+02, 2.59344818e+02 ]
