%YAML:1.0
---
points: [ 3.77613586e+02, 1.39766739e+02, 3.69671356e+02, 1.46034134e+02,
    3.61840637e+02, 1.52228210e+02, 3.54136810e+02, 1.58229614e+02,
    3.46552460e+02, 1.64237320e+02, 3.39090485e+02, 1.70105347e+02,
    3.31758881e+02, 1.75934204e+02, 3.71728546e+02, 1.32434723e+02,
    3.63738861e+02, 1.38842392e+02, 3.55956116e+02, 1.44998001e+02,
    3.48272766e+02, 1.51223724e+02, 3.40776154e+02, 1.57252258e+02,
    3.33336731e+02, 1.63184586e+02, 3.26073761e+02, 1.68991302e+02,
    3.65703033e+02, 1.25147675e+02, 3.57850281e+02, 1.31542450e+02,
    3.50072632e+02, 1.37895203e+02, 3.42475891e+02, 1.44105408e+02,
    3.34929749e+02, 1.50174026e+02, 3.27561218e+02, 1.56218323e+02,
    3.20333191e+02, 1.62184586e+02, 3.59757935e+02, 1.17795204e+02,
    3.51888306e+02, 1.24299095e+02, 3.44185974e+02, 1.30688736e+02,
    3.36597473e+02, 1.37035248e+02, 3.29138214e+02, 1.43165207e+02,
    3.21774475e+02, 1.49238510e+02, 3.14616455e+02, 1.55217178e+02,
    3.53754425e+02, 1.10439423e+02, 3.45943054e+02, 1.16864639e+02,
    3.38248260e+02, 1.23462639e+02, 3.30744080e+02, 1.29774124e+02,
    3.23268616e+02, 1.36111298e+02, 3.15966675e+02, 1.42248108e+02,
    3.08816193e+02, 1.48319260e+02, 3.47766907e+02, 1.02953468e+02,
    3.39939484e+02, 1.09678955e+02, 3.32343262e+02, 1.16059776e+02,
    3.24738464e+02, 1.22609940e+02, 3.17376495e+02, 1.28836868e+02,
    3.10108368e+02, 1.35207184e+02, 3.02960602e+02, 1.41294922e+02,
    3.41710846e+02, 9.54638672e+01, 3.33919250e+02, 1.02209938e+02,
    3.26319061e+02, 1.08927139e+02, 3.19020752e+02, 1.15182838e+02,
    3.11599487e+02, 1.21912903e+02, 3.04304260e+02, 1.28005173e+02,
    2.97199188e+02, 1.34362381e+02, 3.35660645e+02, 8.80551453e+01,
    3.27889496e+02, 9.47832642e+01, 3.20438110e+02, 1.01573898e+02,
    3.12740601e+02, 1.08187439e+02, 3.05475983e+02, 1.14550270e+02,
    2.98456116e+02, 1.21042366e+02, 2.91346527e+02, 1.27203972e+02,
    3.29524963e+02, 8.04344101e+01, 3.21817932e+02, 8.73537979e+01,
    3.14379272e+02, 9.41211929e+01, 3.06823975e+02, 1.00817429e+02,
    2.99710724e+02, 1.07305161e+02, 2.92429016e+02, 1.13769585e+02,
    2.85564117e+02, 1.20224770e+02 ]
