%YAML:1.0
---
points: [ 3.87187683e+02, 1.03489059e+02, 3.87187744e+02, 1.03489082e+02,
    3.89216675e+02, 1.09844444e+02, 3.94342316e+02, 1.21602547e+02,
    3.94342346e+02, 1.21602585e+02, 3.96920197e+02, 1.27240593e+02,
    3.99535797e+02, 1.33145187e+02, 3.80017670e+02, 1.05454506e+02,
    3.80017731e+02, 1.05454529e+02, 3.82136932e+02, 1.11215172e+02,
    3.84898560e+02, 1.17224632e+02, 3.87242310e+02, 1.23525711e+02,
    3.90036957e+02, 1.29279648e+02, 3.92170990e+02, 1.34739044e+02,
    3.73076691e+02, 1.07470100e+02, 3.73076660e+02, 1.07470108e+02,
    3.75045074e+02, 1.12693466e+02, 3.80541748e+02, 1.25626755e+02,
    3.80541809e+02, 1.25626785e+02, 3.85230164e+02, 1.37003479e+02,
    3.85230194e+02, 1.37003555e+02, 3.66132385e+02, 1.09738876e+02,
    3.66132355e+02, 1.09738884e+02, 3.71197723e+02, 1.21371002e+02,
    3.73233002e+02, 1.27098404e+02, 3.73233032e+02, 1.27098419e+02,
    3.75526123e+02, 1.32852036e+02, 3.78302490e+02, 1.39479172e+02,
    3.59223969e+02, 1.11438408e+02, 3.59223938e+02, 1.11438416e+02,
    3.61739899e+02, 1.16767471e+02, 3.66295105e+02, 1.28819122e+02,
    3.66295166e+02, 1.28819168e+02, 3.71388062e+02, 1.41918304e+02,
    3.71674805e+02, 1.45052582e+02, 3.52303436e+02, 1.12935081e+02,
    3.52303375e+02, 1.12935089e+02, 3.54953461e+02, 1.18986351e+02,
    3.59211029e+02, 1.30731506e+02, 3.59211029e+02, 1.30731537e+02,
    3.61799591e+02, 1.37273407e+02, 3.64240631e+02, 1.43604080e+02,
    3.45675964e+02, 1.14761330e+02, 3.45675934e+02, 1.14761330e+02,
    3.50048004e+02, 1.27029434e+02, 3.50048065e+02, 1.27029465e+02,
    3.52200287e+02, 1.32637863e+02, 3.54552155e+02, 1.39281143e+02,
    3.57753052e+02, 1.48516052e+02, 3.39255859e+02, 1.16364395e+02,
    3.39255951e+02, 1.16364418e+02, 3.43400879e+02, 1.28997635e+02,
    3.43400940e+02, 1.28997696e+02, 3.45279724e+02, 1.34541779e+02,
    3.47688995e+02, 1.41002304e+02, 3.49882782e+02, 1.46718796e+02,
    3.32458557e+02, 1.18385971e+02, 3.32458588e+02, 1.18385994e+02,
    3.34240295e+02, 1.25237770e+02, 3.36461700e+02, 1.30806824e+02,
    3.38600342e+02, 1.37095352e+02, 3.40608917e+02, 1.42541412e+02,
    3.44045258e+02, 1.53183395e+02 ]
