%YAML:1.0
---
points: [ 9.74832703e+02, 7.42482483e+02, 9.46213013e+02, 7.45741760e+02,
    9.17563232e+02, 7.49309204e+02, 8.88909546e+02, 7.52663208e+02,
    8.60333435e+02, 7.55977173e+02, 8.31518433e+02, 7.59645142e+02,
    8.02843262e+02, 7.63322205e+02, 9.71359009e+02, 7.13734558e+02,
    9.43213257e+02, 7.17269409e+02, 9.14635559e+02, 7.20486450e+02,
    8.86388000e+02, 7.23767273e+02, 8.58058960e+02, 7.27403564e+02,
    8.29515564e+02, 7.30666199e+02, 8.01208984e+02, 7.34345276e+02,
    9.68134644e+02, 6.85673096e+02, 9.39777649e+02, 6.88937134e+02,
    9.11847534e+02, 6.92357361e+02, 8.83742493e+02, 6.95747375e+02,
    8.55618652e+02, 6.99054321e+02, 8.27576416e+02, 7.02511169e+02,
    7.99459839e+02, 7.05968140e+02, 9.64693542e+02, 6.58355225e+02,
    9.36914307e+02, 6.61478455e+02, 9.09165283e+02, 6.64900574e+02,
    8.81349060e+02, 6.68280457e+02, 8.53455322e+02, 6.71433228e+02,
    8.25660278e+02, 6.74982178e+02, 7.97678711e+02, 6.78271362e+02,
    9.61399719e+02, 6.31320496e+02, 9.33742004e+02, 6.34457275e+02,
    9.06473083e+02, 6.37758118e+02, 8.78748413e+02, 6.41076721e+02,
    8.51397461e+02, 6.44419189e+02, 8.23606812e+02, 6.47824036e+02,
    7.96070740e+02, 6.51029419e+02, 9.58267578e+02, 6.04605530e+02,
    9.31034424e+02, 6.08026428e+02, 9.03609497e+02, 6.11377502e+02,
    8.76420471e+02, 6.14479431e+02, 8.49124084e+02, 6.17786438e+02,
    8.21752380e+02, 6.21260132e+02, 7.94413025e+02, 6.24367310e+02,
    9.54944885e+02, 5.78727051e+02, 9.28018372e+02, 5.82055725e+02,
    9.01217957e+02, 5.85353699e+02, 8.74140869e+02, 5.88417114e+02,
    8.47047668e+02, 5.91729858e+02, 8.19714905e+02, 5.95179016e+02,
    7.92609863e+02, 5.98324890e+02, 9.52043274e+02, 5.53463989e+02,
    9.25274536e+02, 5.56548340e+02, 8.98471741e+02, 5.59815613e+02,
    8.71602783e+02, 5.62987793e+02, 8.44795837e+02, 5.66317078e+02,
    8.18040649e+02, 5.69434265e+02, 7.91062500e+02, 5.72586792e+02,
    9.49026733e+02, 5.28415649e+02, 9.22520874e+02, 5.31480530e+02,
    8.95883911e+02, 5.34607727e+02, 8.69423279e+02, 5.37810486e+02,
    8.42776672e+02, 5.40872070e+02, 8.16313171e+02, 5.44273987e+02,
    7.89557190e+02, 5.47452637e+02 ]
