%YAML:1.0
---
points: [ 1.12348840e+03, 7.48896637e+01, 1.12080017e+03, 9.69811020e+01,
    1.11824561e+03, 1.18720619e+02, 1.11568103e+03, 1.40533310e+02,
    1.11324475e+03, 1.62071762e+02, 1.11059546e+03, 1.83457428e+02,
    1.10818872e+03, 2.04625443e+02, 1.10267554e+03, 7.28108673e+01,
    1.10047949e+03, 9.49769897e+01, 1.09761182e+03, 1.17006134e+02,
    1.09541125e+03, 1.38640533e+02, 1.09260962e+03, 1.60360184e+02,
    1.09053662e+03, 1.81571671e+02, 1.08782336e+03, 2.02740799e+02,
    1.08229565e+03, 7.10139389e+01, 1.07963940e+03, 9.30160446e+01,
    1.07729395e+03, 1.14782600e+02, 1.07478613e+03, 1.36636749e+02,
    1.07252332e+03, 1.58268845e+02, 1.07009216e+03, 1.79631149e+02,
    1.06783179e+03, 2.00757217e+02, 1.06147095e+03, 6.92307663e+01,
    1.05937256e+03, 9.11322250e+01, 1.05669373e+03, 1.13031403e+02,
    1.05453662e+03, 1.34668716e+02, 1.05214221e+03, 1.56298248e+02,
    1.04982898e+03, 1.77590973e+02, 1.04751123e+03, 1.98919571e+02,
    1.04104980e+03, 6.67653732e+01, 1.03859180e+03, 8.90689621e+01,
    1.03651868e+03, 1.10885391e+02, 1.03397046e+03, 1.32769104e+02,
    1.03192114e+03, 1.54318573e+02, 1.02950110e+03, 1.75700974e+02,
    1.02752673e+03, 1.96855240e+02, 1.02039081e+03, 6.50718231e+01,
    1.01827289e+03, 8.70173035e+01, 1.01599170e+03, 1.08771027e+02,
    1.01366003e+03, 1.30502670e+02, 1.01152576e+03, 1.52241867e+02,
    1.00944879e+03, 1.73508438e+02, 1.00726654e+03, 1.94788818e+02,
    9.99845947e+02, 6.27664413e+01, 9.97551392e+02, 8.49829941e+01,
    9.95675903e+02, 1.06771080e+02, 9.93370789e+02, 1.28589798e+02,
    9.91356140e+02, 1.50160141e+02, 9.89194946e+02, 1.71452759e+02,
    9.87090698e+02, 1.92643433e+02, 9.79246155e+02, 6.06695099e+01,
    9.77190430e+02, 8.26489029e+01, 9.74897461e+02, 1.04601654e+02,
    9.73125122e+02, 1.26494049e+02, 9.70794128e+02, 1.48200455e+02,
    9.69117188e+02, 1.69502411e+02, 9.66771423e+02, 1.90775818e+02,
    9.58752136e+02, 5.85998611e+01, 9.56456482e+02, 8.06767654e+01,
    9.54643494e+02, 1.02541641e+02, 9.52608948e+02, 1.24340355e+02,
    9.50602661e+02, 1.45743073e+02, 9.48604614e+02, 1.67358978e+02,
    9.46732056e+02, 1.88584290e+02 ]
