%YAML:1.0
---
points: [ 3.16294830e+02, 4.13620110e+01, 3.20233459e+02, 4.64428749e+01,
    3.25298401e+02, 5.13638077e+01, 3.30374420e+02, 5.61739960e+01,
    3.34175598e+02, 6.04762726e+01, 3.39339996e+02, 6.51102753e+01,
    3.41040710e+02, 7.08797073e+01, 3.12693542e+02, 4.71983452e+01,
    3.17502380e+02, 5.20888329e+01, 3.21750000e+02, 5.67500000e+01,
    3.28719299e+02, 6.64856033e+01, 3.33080597e+02, 6.63520508e+01,
    3.37696442e+02, 7.58623428e+01, 3.37696442e+02, 7.58623428e+01,
    3.08279144e+02, 5.30473480e+01, 3.14817749e+02, 5.79191360e+01,
    3.20234558e+02, 6.33718605e+01, 3.25522125e+02, 6.69311981e+01,
    3.24825409e+02, 7.25883789e+01, 3.34559113e+02, 7.71341858e+01,
    3.34389130e+02, 8.17048111e+01, 3.05404114e+02, 5.91029549e+01,
    3.12259705e+02, 6.33599663e+01, 3.16997803e+02, 6.85586090e+01,
    3.19102264e+02, 7.32439041e+01, 3.26661896e+02, 7.85390091e+01,
    3.32134735e+02, 8.67892075e+01, 3.32134827e+02, 8.67891846e+01,
    3.00656616e+02, 6.50570602e+01, 3.07032715e+02, 6.97719269e+01,
    3.09068878e+02, 7.48158188e+01, 3.18101379e+02, 7.91111526e+01,
    3.18042908e+02, 8.40645828e+01, 3.25214264e+02, 8.82309570e+01,
    3.29806610e+02, 9.29607468e+01, 2.97894379e+02, 7.12875366e+01,
    3.02750000e+02, 76., 3.10037506e+02, 8.04650040e+01, 3.14747162e+02,
    8.50751114e+01, 3.19351227e+02, 8.96622314e+01, 3.24532715e+02,
    9.87549973e+01, 3.24532806e+02, 9.87549744e+01, 2.94762451e+02,
    7.68872070e+01, 2.99776794e+02, 8.16792221e+01, 3.06272797e+02,
    8.66397095e+01, 3.11066742e+02, 9.07990036e+01, 3.10982025e+02,
    9.54169846e+01, 3.20752899e+02, 1.03709206e+02, 3.23286560e+02,
    1.04184319e+02, 2.90758087e+02, 8.33542480e+01, 2.90758484e+02,
    8.33545151e+01, 3.02912415e+02, 9.30588226e+01, 3.07525757e+02,
    9.70860748e+01, 3.12577606e+02, 1.01464676e+02, 3.17187927e+02,
    1.10516594e+02, 3.17182831e+02, 1.10540947e+02, 2.87967102e+02,
    8.86541901e+01, 2.94806305e+02, 9.30186234e+01, 2.96750000e+02,
    9.85000000e+01, 3.02214600e+02, 1.03269814e+02, 3.08801361e+02,
    1.07234444e+02, 3.14706421e+02, 1.16485435e+02, 3.14705872e+02,
    1.16485580e+02 ]
