%YAML:1.0
---
points: [ 1.08685339e+03, 2.56339355e+02, 1.06783020e+03, 2.63567657e+02,
    1.04875012e+03, 2.71001770e+02, 1.03044348e+03, 2.78113525e+02,
    1.01199994e+03, 2.85222076e+02, 9.94270142e+02, 2.91976868e+02,
    9.76177185e+02, 2.98838287e+02, 1.08285364e+03, 2.35199188e+02,
    1.06360010e+03, 2.42805832e+02, 1.04482166e+03, 2.50538132e+02,
    1.02633032e+03, 2.57877808e+02, 1.00822260e+03, 2.65145233e+02,
    9.90253967e+02, 2.72180878e+02, 9.72600647e+02, 2.78920471e+02,
    1.07859070e+03, 2.14366943e+02, 1.05953528e+03, 2.22329758e+02,
    1.04051489e+03, 2.30244843e+02, 1.02229944e+03, 2.37615036e+02,
    1.00383521e+03, 2.45183716e+02, 9.86268921e+02, 2.52215729e+02,
    9.68550110e+02, 2.59187927e+02, 1.07446228e+03, 1.93484436e+02,
    1.05496118e+03, 2.01721878e+02, 1.03656958e+03, 2.09606903e+02,
    1.01793958e+03, 2.17444260e+02, 1.00019000e+03, 2.25031143e+02,
    9.82015137e+02, 2.32483978e+02, 9.64678162e+02, 2.39652908e+02,
    1.06981641e+03, 1.72851105e+02, 1.05111206e+03, 1.81132645e+02,
    1.03237085e+03, 1.89268433e+02, 1.01405035e+03, 1.97258148e+02,
    9.95928284e+02, 2.05119843e+02, 9.78299255e+02, 2.12603256e+02,
    9.60489319e+02, 2.20122528e+02, 1.06575659e+03, 1.51867401e+02,
    1.04659460e+03, 1.60436691e+02, 1.02817188e+03, 1.68759277e+02,
    1.00963483e+03, 1.77079300e+02, 9.91915283e+02, 1.84968018e+02,
    9.74036377e+02, 1.92653931e+02, 9.56562134e+02, 2.00249191e+02,
    1.06116650e+03, 1.31363190e+02, 1.04247620e+03, 1.39898071e+02,
    1.02359088e+03, 1.48500107e+02, 1.00558606e+03, 1.56778564e+02,
    9.87522095e+02, 1.65079025e+02, 9.70093689e+02, 1.72770432e+02,
    9.52540649e+02, 1.80452866e+02, 1.05708435e+03, 1.10494431e+02,
    1.03816919e+03, 1.19480659e+02, 1.01970355e+03, 1.28244858e+02,
    1.00137335e+03, 1.36837402e+02, 9.83674133e+02, 1.45103745e+02,
    9.65788574e+02, 1.53317215e+02, 9.48671265e+02, 1.61110336e+02,
    1.05260046e+03, 8.97715683e+01, 1.03388599e+03, 9.89752731e+01,
    1.01541534e+03, 1.07853462e+02, 9.97340210e+02, 1.16636520e+02,
    9.79520996e+02, 1.25169144e+02, 9.62028748e+02, 1.33465103e+02,
    9.44489868e+02, 1.41570175e+02 ]
