%YAML:1.0
---
points: [ 3.85842346e+02, 8.42030029e+01, 3.84626831e+02, 9.39786758e+01,
    3.83313232e+02, 1.03791359e+02, 3.81958527e+02, 1.13416817e+02,
    3.80735962e+02, 1.23113625e+02, 3.79460205e+02, 1.32547882e+02,
    3.78110901e+02, 1.41991959e+02, 3.76338837e+02, 8.35755692e+01,
    3.75071411e+02, 9.34903412e+01, 3.73776855e+02, 1.03276100e+02,
    3.72564972e+02, 1.12904488e+02, 3.71326263e+02, 1.22543159e+02,
    3.70044220e+02, 1.32041565e+02, 3.68712860e+02, 1.41398041e+02,
    3.66665436e+02, 8.30921555e+01, 3.65531158e+02, 9.28900681e+01,
    3.64316742e+02, 1.02689545e+02, 3.63093872e+02, 1.12355049e+02,
    3.61850281e+02, 1.22061302e+02, 3.60607147e+02, 1.31448135e+02,
    3.59465668e+02, 1.40903976e+02, 3.57268158e+02, 8.24751282e+01,
    3.56031769e+02, 9.24608612e+01, 3.54854248e+02, 1.02228020e+02,
    3.53740936e+02, 1.11864014e+02, 3.52523193e+02, 1.21455490e+02,
    3.51393768e+02, 1.30903687e+02, 3.50143982e+02, 1.40337341e+02,
    3.47606750e+02, 8.20017624e+01, 3.46545013e+02, 9.19117966e+01,
    3.45433105e+02, 1.01691200e+02, 3.44302307e+02, 1.11384308e+02,
    3.43188354e+02, 1.21004845e+02, 3.42086029e+02, 1.30416794e+02,
    3.40958740e+02, 1.39775101e+02, 3.38166718e+02, 8.14549255e+01,
    3.37089722e+02, 9.13789291e+01, 3.36001343e+02, 1.01246582e+02,
    3.34933197e+02, 1.10887558e+02, 3.33826447e+02, 1.20429573e+02,
    3.32786774e+02, 1.29932083e+02, 3.31762268e+02, 1.39271378e+02,
    3.28619629e+02, 8.10998001e+01, 3.27640747e+02, 9.10165176e+01,
    3.26608795e+02, 1.00702255e+02, 3.25492493e+02, 1.10320755e+02,
    3.24638702e+02, 1.19995392e+02, 3.23554474e+02, 1.29379410e+02,
    3.22559326e+02, 1.38781952e+02, 3.19224731e+02, 8.04845123e+01,
    3.18256592e+02, 9.04261475e+01, 3.17246552e+02, 1.00246811e+02,
    3.16301239e+02, 1.09924820e+02, 3.15314270e+02, 1.19393921e+02,
    3.14445984e+02, 1.28914932e+02, 3.13428497e+02, 1.38234985e+02,
    3.09739777e+02, 8.01415558e+01, 3.08849487e+02, 9.00368271e+01,
    3.07944916e+02, 9.97313309e+01, 3.07027557e+02, 1.09382164e+02,
    3.06157959e+02, 1.19027306e+02, 3.05228180e+02, 1.28347137e+02,
    3.04414795e+02, 1.37729767e+02 ]
