%YAML:1.0
---
points: [ 1.07685840e+03, 3.79825958e+02, 1.06176147e+03, 3.95072418e+02,
    1.04669604e+03, 4.10238678e+02, 1.03174390e+03, 4.25351257e+02,
    1.01699512e+03, 4.40345734e+02, 1.00235840e+03, 4.54934814e+02,
    9.87594788e+02, 4.69805481e+02, 1.06219922e+03, 3.64892700e+02,
    1.04713391e+03, 3.80319580e+02, 1.03211096e+03, 3.95414978e+02,
    1.01725714e+03, 4.10494232e+02, 1.00244196e+03, 4.25419708e+02,
    9.87792603e+02, 4.40233093e+02, 9.73146423e+02, 4.54869629e+02,
    1.04732983e+03, 3.50145935e+02, 1.03231787e+03, 3.65252106e+02,
    1.01748956e+03, 3.80639404e+02, 1.00268237e+03, 3.95706665e+02,
    9.88161621e+02, 4.10677551e+02, 9.73401794e+02, 4.25576385e+02,
    9.58891541e+02, 4.40267578e+02, 1.03259424e+03, 3.35209595e+02,
    1.01774609e+03, 3.50646118e+02, 1.00286139e+03, 3.65794556e+02,
    9.88127991e+02, 3.81069672e+02, 9.73588989e+02, 3.95899689e+02,
    9.59106750e+02, 4.11025085e+02, 9.44664490e+02, 4.25641174e+02,
    1.01789685e+03, 3.20429047e+02, 1.00296765e+03, 3.35636139e+02,
    9.88357483e+02, 3.51145599e+02, 9.73637146e+02, 3.66274567e+02,
    9.59235962e+02, 3.81236938e+02, 9.44670654e+02, 3.96223602e+02,
    9.30361084e+02, 4.11073181e+02, 1.00317633e+03, 3.05389069e+02,
    9.88427002e+02, 3.21071106e+02, 9.73678040e+02, 3.36232605e+02,
    9.59304382e+02, 3.51553894e+02, 9.44800354e+02, 3.66550110e+02,
    9.30333008e+02, 3.81515533e+02, 9.15849243e+02, 3.96398590e+02,
    9.88427490e+02, 2.90605194e+02, 9.73668823e+02, 3.05962189e+02,
    9.59292053e+02, 3.21549896e+02, 9.44676575e+02, 3.36585388e+02,
    9.30309875e+02, 3.52050781e+02, 9.15976440e+02, 3.66783203e+02,
    9.01594910e+02, 3.81760162e+02, 9.73685974e+02, 2.75523346e+02,
    9.59235413e+02, 2.91270172e+02, 9.44604675e+02, 3.06570251e+02,
    9.30366211e+02, 3.22065338e+02, 9.15847351e+02, 3.37111572e+02,
    9.01748169e+02, 3.52383484e+02, 8.87453430e+02, 3.67070404e+02,
    9.59276306e+02, 2.60826782e+02, 9.44552002e+02, 2.76278656e+02,
    9.30341553e+02, 2.91952881e+02, 9.15756653e+02, 3.07307159e+02,
    9.01681335e+02, 3.22457031e+02, 8.87395081e+02, 3.37555298e+02,
    8.73302856e+02, 3.52604065e+02 ]
