%YAML:1.0
---
points: [ 2.88828400e+02, 7.49540024e+01, 2.89439240e+02, 8.39689560e+01,
    2.89761292e+02, 9.30423203e+01, 2.90182343e+02, 1.02162949e+02,
    2.90631226e+02, 1.11186119e+02, 2.90932007e+02, 1.20321236e+02,
    2.91326996e+02, 1.29412521e+02, 2.79875153e+02, 7.52965240e+01,
    2.80306610e+02, 8.43424149e+01, 2.80701447e+02, 9.34587326e+01,
    2.81069855e+02, 1.02454193e+02, 2.81543396e+02, 1.11614731e+02,
    2.81862976e+02, 1.20742783e+02, 2.82260345e+02, 1.29874222e+02,
    2.70718353e+02, 7.56623383e+01, 2.71161530e+02, 8.47157898e+01,
    2.71626801e+02, 9.38155899e+01, 2.71843231e+02, 1.02934525e+02,
    2.72455750e+02, 1.12077637e+02, 2.72736938e+02, 1.21168198e+02,
    2.73133820e+02, 1.30300461e+02, 2.61747437e+02, 7.60057297e+01,
    2.62043610e+02, 8.51615448e+01, 2.62585571e+02, 9.42285004e+01,
    2.62919006e+02, 1.03295807e+02, 2.63313660e+02, 1.12410408e+02,
    2.63708252e+02, 1.21540466e+02, 2.64096191e+02, 1.30709259e+02,
    2.52653473e+02, 7.63765030e+01, 2.52950348e+02, 8.55106125e+01,
    2.53470795e+02, 9.46372452e+01, 2.53765442e+02, 1.03705032e+02,
    2.54211380e+02, 1.12794281e+02, 2.54596237e+02, 1.22009583e+02,
    2.54961914e+02, 1.31165802e+02, 2.43574295e+02, 7.67053680e+01,
    2.43874435e+02, 8.58002090e+01, 2.44306625e+02, 9.49900589e+01,
    2.44734726e+02, 1.04058006e+02, 2.44988876e+02, 1.13179497e+02,
    2.45602249e+02, 1.22437584e+02, 2.45889954e+02, 1.31513657e+02,
    2.34428177e+02, 7.71527100e+01, 2.34751114e+02, 8.62294693e+01,
    2.35240860e+02, 9.52806244e+01, 2.35604004e+02, 1.04454041e+02,
    2.35948532e+02, 1.13645538e+02, 2.36522034e+02, 1.22875168e+02,
    2.36764740e+02, 1.31872467e+02, 2.25279968e+02, 7.75382996e+01,
    2.25683060e+02, 8.66806717e+01, 2.25995316e+02, 9.57581558e+01,
    2.26616150e+02, 1.04921059e+02, 2.26842514e+02, 1.14044464e+02,
    2.27402985e+02, 1.23201241e+02, 2.27764648e+02, 1.32298355e+02,
    2.16086899e+02, 7.80530090e+01, 2.16637695e+02, 8.70516739e+01,
    2.16903488e+02, 9.62451630e+01, 2.17446716e+02, 1.05382957e+02,
    2.17789688e+02, 1.14414436e+02, 2.18206314e+02, 1.23555138e+02,
    2.18663849e+02, 1.32724930e+02 ]
