%YAML:1.0
---
points: [ 9.80211548e+02, 7.60259216e+02, 9.51390503e+02, 7.64558838e+02,
    9.23353210e+02, 7.68535339e+02, 8.95418396e+02, 7.72672485e+02,
    8.68444214e+02, 7.76845154e+02, 8.41403442e+02, 7.81033264e+02,
    8.15298157e+02, 7.85160034e+02, 9.77354553e+02, 7.29119202e+02,
    9.49038147e+02, 7.33671936e+02, 9.21283447e+02, 7.38261780e+02,
    8.93913086e+02, 7.42512390e+02, 8.66782593e+02, 7.46815857e+02,
    8.40498840e+02, 7.51259644e+02, 8.14578613e+02, 7.55497009e+02,
    9.74548584e+02, 6.98857361e+02, 9.46487366e+02, 7.03611816e+02,
    9.19227295e+02, 7.08363525e+02, 8.92041138e+02, 7.12953247e+02,
    8.65533752e+02, 7.17564392e+02, 8.39507446e+02, 7.22094360e+02,
    8.13805908e+02, 7.26520874e+02, 9.72056885e+02, 6.69606873e+02,
    9.44388794e+02, 6.74473694e+02, 9.17239136e+02, 6.79448792e+02,
    8.90524048e+02, 6.84276611e+02, 8.64274109e+02, 6.88798706e+02,
    8.38478027e+02, 6.93613464e+02, 8.12902588e+02, 6.98206360e+02,
    9.69468384e+02, 6.40585083e+02, 9.42250610e+02, 6.45660583e+02,
    9.15391663e+02, 6.50758118e+02, 8.88832458e+02, 6.55744568e+02,
    8.63003174e+02, 6.60797852e+02, 8.37454468e+02, 6.65734619e+02,
    8.12427856e+02, 6.70595337e+02, 9.66967773e+02, 6.12506348e+02,
    9.40011841e+02, 6.17881104e+02, 9.13546875e+02, 6.23142944e+02,
    8.87361084e+02, 6.28348999e+02, 8.61633301e+02, 6.33505554e+02,
    8.36585205e+02, 6.38468445e+02, 8.11645508e+02, 6.43579956e+02,
    9.64602722e+02, 5.84781555e+02, 9.37940308e+02, 5.90521179e+02,
    9.11635925e+02, 5.95961060e+02, 8.85959778e+02, 6.01350525e+02,
    8.60470398e+02, 6.06533264e+02, 8.35531128e+02, 6.11905701e+02,
    8.10960693e+02, 6.16957947e+02, 9.62342590e+02, 5.57896179e+02,
    9.35900330e+02, 5.63618042e+02, 9.09986206e+02, 5.69392212e+02,
    8.84592896e+02, 5.74727295e+02, 8.59376099e+02, 5.80392151e+02,
    8.34571289e+02, 5.85663269e+02, 8.10319763e+02, 5.91119507e+02,
    9.60106201e+02, 5.31524780e+02, 9.33817505e+02, 5.37475403e+02,
    9.08326538e+02, 5.43174072e+02, 8.83131836e+02, 5.48995667e+02,
    8.58194031e+02, 5.54464233e+02, 8.33650574e+02, 5.60039368e+02,
    8.09592712e+02, 5.65428345e+02 ]
