%YAML:1.0
---
points: [ 3.12012299e+02, 1.13104492e+02, 3.05249634e+02, 1.16029648e+02,
    2.98686890e+02, 1.17916130e+02, 2.88912079e+02, 1.22061859e+02,
    2.88911987e+02, 1.22061874e+02, 2.76286469e+02, 1.26227524e+02,
    2.76286499e+02, 1.26227585e+02, 3.10346497e+02, 1.06195976e+02,
    3.03953094e+02, 1.09258293e+02, 2.97328400e+02, 1.10915192e+02,
    2.87277161e+02, 1.15200096e+02, 2.81885590e+02, 1.16688637e+02,
    2.75090698e+02, 1.20296333e+02, 2.75090759e+02, 1.20296402e+02,
    3.09045532e+02, 9.92624741e+01, 3.02174744e+02, 1.00898979e+02,
    2.95439575e+02, 1.03839226e+02, 2.89205475e+02, 1.06688622e+02,
    2.83300171e+02, 1.10217155e+02, 2.76802673e+02, 1.12405701e+02,
    2.70739716e+02, 1.14727394e+02, 3.07473663e+02, 9.26311493e+01,
    3.01037384e+02, 9.60552979e+01, 2.94299774e+02, 9.68353424e+01,
    2.84960236e+02, 1.01918907e+02, 2.78115021e+02, 1.04359756e+02,
    2.70245941e+02, 1.01954414e+02, 2.69337067e+02, 1.08057793e+02,
    3.05893250e+02, 8.46855469e+01, 2.99299103e+02, 8.73788986e+01,
    2.93011932e+02, 9.13804245e+01, 2.86182373e+02, 9.25267181e+01,
    2.83813538e+02, 9.46561356e+01, 2.70151581e+02, 1.00190796e+02,
    2.67782623e+02, 1.01477837e+02, 3.04233246e+02, 7.80371170e+01,
    2.98116333e+02, 8.19707184e+01, 2.91332153e+02, 8.32263489e+01,
    2.82210083e+02, 8.84502487e+01, 2.75359619e+02, 9.10479660e+01,
    2.67650757e+02, 8.84408569e+01, 2.66650391e+02, 9.47675858e+01,
    3.02986389e+02, 7.21528320e+01, 2.96138214e+02, 7.33377838e+01,
    2.89712189e+02, 7.62193756e+01, 2.86734558e+02, 7.61752090e+01,
    2.74233307e+02, 8.18923492e+01, 2.74233276e+02, 8.18926239e+01,
    2.67876831e+02, 8.61524582e+01, 3.01207031e+02, 6.43172302e+01,
    2.94974884e+02, 6.80960846e+01, 2.88163513e+02, 7.01979523e+01,
    2.79329803e+02, 7.44448547e+01, 2.73045593e+02, 7.74949570e+01,
    2.69701996e+02, 7.88175812e+01, 2.65044281e+02, 7.61207275e+01,
    2.99884369e+02, 5.75011139e+01, 2.93034729e+02, 6.16802711e+01,
    2.86845093e+02, 6.35221939e+01, 2.77077057e+02, 6.92336655e+01,
    2.70999695e+02, 7.24944534e+01, 2.64706207e+02, 7.51245804e+01,
    2.61908813e+02, 7.60359802e+01 ]
