%YAML:1.0
---
points: [ 3.55919006e+02, 1.09149269e+02, 3.62037994e+02, 1.11625687e+02,
    3.68974304e+02, 1.12888840e+02, 3.76195648e+02, 1.14700966e+02,
    3.83372345e+02, 1.16324753e+02, 3.90880341e+02, 1.18174461e+02,
    3.98093353e+02, 1.19415268e+02, 3.53051849e+02, 1.16152870e+02,
    3.61138184e+02, 1.13684090e+02, 3.67084778e+02, 1.19293602e+02,
    3.74260101e+02, 1.21296646e+02, 3.81023438e+02, 1.23350739e+02,
    3.88369843e+02, 1.24344162e+02, 3.96025391e+02, 1.26033188e+02,
    3.51437256e+02, 1.22162582e+02, 3.57240540e+02, 1.24545334e+02,
    3.64790192e+02, 1.25553352e+02, 3.73096161e+02, 1.24110779e+02,
    3.79142822e+02, 1.29192703e+02, 3.86286407e+02, 1.31110870e+02,
    3.93480804e+02, 1.32752441e+02, 3.48538391e+02, 1.28858231e+02,
    3.55258423e+02, 1.30798065e+02, 3.62162872e+02, 1.32331528e+02,
    3.69213013e+02, 1.34386322e+02, 3.76474121e+02, 1.36146744e+02,
    3.83795563e+02, 1.37404541e+02, 3.91216003e+02, 1.39321640e+02,
    3.46574768e+02, 1.35134918e+02, 3.53253540e+02, 1.37200211e+02,
    3.60179077e+02, 1.38674164e+02, 3.67202667e+02, 1.40458344e+02,
    3.74192688e+02, 1.42383392e+02, 3.81473694e+02, 1.44181931e+02,
    3.88881256e+02, 1.46130142e+02, 3.43940125e+02, 1.41572906e+02,
    3.49788910e+02, 1.43261978e+02, 3.57780243e+02, 1.45191391e+02,
    3.65142639e+02, 1.46511063e+02, 3.71815216e+02, 1.49165680e+02,
    3.79231018e+02, 1.50888733e+02, 3.86354950e+02, 1.52930405e+02,
    3.41820587e+02, 1.48276825e+02, 3.48227722e+02, 1.50229294e+02,
    3.55435822e+02, 1.52133408e+02, 3.62224274e+02, 1.53767395e+02,
    3.69325897e+02, 1.55485672e+02, 3.76792877e+02, 1.57337906e+02,
    3.84128082e+02, 1.59308777e+02, 3.39081696e+02, 1.54174683e+02,
    3.45413574e+02, 1.56057632e+02, 3.53141876e+02, 1.58007126e+02,
    3.60105927e+02, 1.60083023e+02, 3.67306122e+02, 1.61949310e+02,
    3.74367676e+02, 1.64216568e+02, 3.81782867e+02, 1.66094391e+02,
    3.37332031e+02, 1.60753601e+02, 3.43390350e+02, 1.62556168e+02,
    3.50726440e+02, 1.65206268e+02, 3.57638672e+02, 1.66588394e+02,
    3.64996338e+02, 1.68858643e+02, 3.72146637e+02, 1.70487534e+02,
    3.79345795e+02, 1.72771255e+02 ]
