%YAML:1.0
---
points: [ 1.27504822e+03, 1.51557892e+02, 1.27110168e+03, 1.81427200e+02,
    1.26745984e+03, 2.10480164e+02, 1.26358789e+03, 2.39489731e+02,
    1.25991797e+03, 2.67631744e+02, 1.25631079e+03, 2.95956055e+02,
    1.25271594e+03, 3.23720490e+02, 1.24654883e+03, 1.50497452e+02,
    1.24284851e+03, 1.79812912e+02, 1.23903467e+03, 2.09262527e+02,
    1.23565356e+03, 2.37901703e+02, 1.23219104e+03, 2.66473755e+02,
    1.22854126e+03, 2.94418396e+02, 1.22515344e+03, 3.22366852e+02,
    1.21808826e+03, 1.49001572e+02, 1.21458887e+03, 1.78531937e+02,
    1.21132190e+03, 2.07728775e+02, 1.20770740e+03, 2.36550827e+02,
    1.20446216e+03, 2.64918304e+02, 1.20121021e+03, 2.92857178e+02,
    1.19771667e+03, 3.20513916e+02, 1.19010107e+03, 1.47657990e+02,
    1.18668433e+03, 1.77185135e+02, 1.18339331e+03, 2.06460571e+02,
    1.18037732e+03, 2.34978500e+02, 1.17685144e+03, 2.63456329e+02,
    1.17387952e+03, 2.91459015e+02, 1.17064355e+03, 3.19124084e+02,
    1.16183191e+03, 1.46115570e+02, 1.15865332e+03, 1.75802597e+02,
    1.15551367e+03, 2.04695312e+02, 1.15253528e+03, 2.33605927e+02,
    1.14952039e+03, 2.61753784e+02, 1.14650476e+03, 2.90098358e+02,
    1.14362610e+03, 3.17396362e+02, 1.13363538e+03, 1.44804733e+02,
    1.13074634e+03, 1.74403900e+02, 1.12778467e+03, 2.03448639e+02,
    1.12499927e+03, 2.32242630e+02, 1.12228650e+03, 2.60509064e+02,
    1.11939404e+03, 2.88451447e+02, 1.11665625e+03, 3.16015503e+02,
    1.10584583e+03, 1.43586517e+02, 1.10285535e+03, 1.73143219e+02,
    1.10040198e+03, 2.02119339e+02, 1.09754968e+03, 2.30646896e+02,
    1.09516370e+03, 2.58998962e+02, 1.09249268e+03, 2.86751526e+02,
    1.09007117e+03, 3.14380432e+02, 1.07798352e+03, 1.42330551e+02,
    1.07545398e+03, 1.71572540e+02, 1.07283508e+03, 2.00712891e+02,
    1.07042847e+03, 2.29227966e+02, 1.06816211e+03, 2.57406586e+02,
    1.06557556e+03, 2.85362793e+02, 1.06340662e+03, 3.12625427e+02,
    1.05027917e+03, 1.40728653e+02, 1.04789685e+03, 1.70328369e+02,
    1.04561816e+03, 1.99261963e+02, 1.04333911e+03, 2.27782150e+02,
    1.04117358e+03, 2.55810104e+02, 1.03878198e+03, 2.83683807e+02,
    1.03667029e+03, 3.11249146e+02 ]
