%YAML:1.0
---
points: [ 9.65198242e+02, 2.64212006e+02, 9.76642456e+02, 2.82333496e+02,
    9.88585999e+02, 3.00083649e+02, 1.00005042e+03, 3.18044678e+02,
    1.01189679e+03, 3.35651672e+02, 1.02353412e+03, 3.53544098e+02,
    1.03540198e+03, 3.71226501e+02, 9.47481812e+02, 2.76700470e+02,
    9.59384460e+02, 2.94381012e+02, 9.70897522e+02, 3.12391876e+02,
    9.82750732e+02, 3.30101959e+02, 9.94407227e+02, 3.47879181e+02,
    1.00614563e+03, 3.65459198e+02, 1.01769464e+03, 3.83302124e+02,
    9.30280884e+02, 2.88904388e+02, 9.41758850e+02, 3.06808014e+02,
    9.53676086e+02, 3.24482391e+02, 9.65340942e+02, 3.42334869e+02,
    9.77167114e+02, 3.59900940e+02, 9.88488403e+02, 3.77633240e+02,
    1.00032947e+03, 3.95114532e+02, 9.12920837e+02, 3.01277222e+02,
    9.24801208e+02, 3.18796173e+02, 9.36377563e+02, 3.36594330e+02,
    9.48255066e+02, 3.54226227e+02, 9.59634521e+02, 3.71936157e+02,
    9.71458740e+02, 3.89405701e+02, 9.82862000e+02, 4.06999268e+02,
    8.95897522e+02, 3.13235840e+02, 9.07508728e+02, 3.31094910e+02,
    9.19383789e+02, 3.48515656e+02, 9.30782410e+02, 3.66272705e+02,
    9.42576782e+02, 3.83568878e+02, 9.53994690e+02, 4.01366241e+02,
    9.65693604e+02, 4.18674225e+02, 8.78691162e+02, 3.25394226e+02,
    8.90567627e+02, 3.42818359e+02, 9.02057861e+02, 3.60569824e+02,
    9.13868286e+02, 3.78008850e+02, 9.25361816e+02, 3.95482880e+02,
    9.36900330e+02, 4.12855652e+02, 9.48435364e+02, 4.30427917e+02,
    8.61800415e+02, 3.37246277e+02, 8.73384827e+02, 3.54880615e+02,
    8.85123291e+02, 3.72199554e+02, 8.96701599e+02, 3.89847107e+02,
    9.08374329e+02, 4.07131866e+02, 9.19717651e+02, 4.24713989e+02,
    9.31281433e+02, 4.41854980e+02, 8.44876465e+02, 3.49280579e+02,
    8.56668823e+02, 3.66548462e+02, 8.68177368e+02, 3.84203979e+02,
    8.79880188e+02, 4.01535187e+02, 8.91349365e+02, 4.18900208e+02,
    9.02889282e+02, 4.36129822e+02, 9.14325500e+02, 4.53508179e+02,
    8.28213440e+02, 3.60873474e+02, 8.39657349e+02, 3.78525574e+02,
    8.51438538e+02, 3.95685791e+02, 8.62876831e+02, 4.13189453e+02,
    8.74482849e+02, 4.30355286e+02, 8.85816101e+02, 4.47817139e+02,
    8.97451904e+02, 4.64955017e+02 ]
