%YAML:1.0
---
points: [ 3.27996735e+02, 8.18395004e+01, 3.28271545e+02, 8.92613754e+01,
    3.28546692e+02, 9.66239090e+01, 3.28577728e+02, 1.03833290e+02,
    3.28732483e+02, 1.11059143e+02, 3.28775085e+02, 1.21728714e+02,
    3.28664337e+02, 1.25215645e+02, 3.20760925e+02, 8.30255966e+01,
    3.20902679e+02, 9.04107513e+01, 3.21164917e+02, 9.78566895e+01,
    3.21562164e+02, 1.05063576e+02, 3.21722931e+02, 1.12206917e+02,
    3.21797333e+02, 1.19258194e+02, 3.21984100e+02, 1.22917542e+02,
    3.13638031e+02, 8.41449280e+01, 3.13835693e+02, 9.16922607e+01,
    3.13998688e+02, 9.90438614e+01, 3.14514465e+02, 1.06261581e+02,
    3.14738464e+02, 1.13309868e+02, 3.14836578e+02, 1.20610893e+02,
    3.15256531e+02, 1.27241936e+02, 3.06229553e+02, 8.53407822e+01,
    3.06673157e+02, 9.27923431e+01, 3.06851593e+02, 1.00228577e+02,
    3.07311462e+02, 1.07361885e+02, 3.07708099e+02, 1.14524284e+02,
    3.08192444e+02, 1.24764786e+02, 3.08192444e+02, 1.24764801e+02,
    2.98847290e+02, 8.64691010e+01, 2.99376373e+02, 9.40425186e+01,
    2.99791809e+02, 1.01332458e+02, 3.00253723e+02, 1.08579369e+02,
    3.00712830e+02, 1.15692329e+02, 3.01453094e+02, 1.25503693e+02,
    3.01453186e+02, 1.25504196e+02, 2.91616425e+02, 8.76928177e+01,
    2.92073914e+02, 9.52347107e+01, 2.92667938e+02, 1.02597321e+02,
    2.93118073e+02, 1.09718582e+02, 2.93694061e+02, 1.16888130e+02,
    2.94186523e+02, 1.23847992e+02, 2.94515198e+02, 1.26799080e+02,
    2.84315552e+02, 8.89389191e+01, 2.84880005e+02, 9.64285049e+01,
    2.85572327e+02, 1.03780693e+02, 2.86046783e+02, 1.11030754e+02,
    2.86721863e+02, 1.18006493e+02, 2.87675903e+02, 1.28103928e+02,
    2.87675903e+02, 1.28103958e+02, 2.76980988e+02, 9.00835114e+01,
    2.77646881e+02, 9.77100143e+01, 2.78394135e+02, 1.04934784e+02,
    2.79075684e+02, 1.12202477e+02, 2.79738190e+02, 1.19288589e+02,
    2.80484955e+02, 1.26209572e+02, 2.80762543e+02, 1.28898773e+02,
    2.69697388e+02, 9.13424911e+01, 2.70403320e+02, 9.88573685e+01,
    2.71256561e+02, 1.06159691e+02, 2.72010834e+02, 1.13354118e+02,
    2.72786621e+02, 1.20441467e+02, 2.73504364e+02, 1.27428123e+02,
    2.74267334e+02, 1.34132538e+02 ]
