%YAML:1.0
---
points: [ 1.26183374e+03, 1.59497070e+02, 1.25069055e+03, 1.88313187e+02,
    1.23956482e+03, 2.16016098e+02, 1.22903137e+03, 2.43277100e+02,
    1.21866077e+03, 2.69113800e+02, 1.20892358e+03, 2.94551300e+02,
    1.19926379e+03, 3.18873322e+02, 1.23364709e+03, 1.52710022e+02,
    1.22268872e+03, 1.81511810e+02, 1.21235339e+03, 2.09548233e+02,
    1.20215674e+03, 2.36574585e+02, 1.19230286e+03, 2.62736938e+02,
    1.18270520e+03, 2.88073242e+02, 1.17335583e+03, 3.12814941e+02,
    1.20545117e+03, 1.45700882e+02, 1.19462866e+03, 1.75052826e+02,
    1.18494312e+03, 2.02844360e+02, 1.17505554e+03, 2.30213486e+02,
    1.16558301e+03, 2.56417236e+02, 1.15649377e+03, 2.82103180e+02,
    1.14773755e+03, 3.06658264e+02, 1.17704663e+03, 1.39114471e+02,
    1.16711438e+03, 1.68020889e+02, 1.15738562e+03, 1.96432709e+02,
    1.14827039e+03, 2.23562927e+02, 1.13921533e+03, 2.50205643e+02,
    1.13050623e+03, 2.75720490e+02, 1.12183337e+03, 3.00572754e+02,
    1.14865381e+03, 1.31732483e+02, 1.13917407e+03, 1.61313446e+02,
    1.12982727e+03, 1.89488754e+02, 1.12081604e+03, 2.17231354e+02,
    1.11247607e+03, 2.43547516e+02, 1.10411304e+03, 2.69546173e+02,
    1.09613818e+03, 2.94247742e+02, 1.12012585e+03, 1.24654907e+02,
    1.11127124e+03, 1.54246307e+02, 1.10248230e+03, 1.82720261e+02,
    1.09399548e+03, 2.10369553e+02, 1.08569165e+03, 2.37214279e+02,
    1.07783325e+03, 2.62988220e+02, 1.07029236e+03, 2.88050079e+02,
    1.09157678e+03, 1.17535393e+02, 1.08294287e+03, 1.47267044e+02,
    1.07483850e+03, 1.75852722e+02, 1.06687720e+03, 2.03564545e+02,
    1.05921033e+03, 2.30556931e+02, 1.05159412e+03, 2.56544006e+02,
    1.04436243e+03, 2.81673492e+02, 1.06301245e+03, 1.10399681e+02,
    1.05485413e+03, 1.40189514e+02, 1.04707739e+03, 1.69211624e+02,
    1.03956396e+03, 1.96868164e+02, 1.03228003e+03, 2.24049194e+02,
    1.02534607e+03, 2.50138657e+02, 1.01844556e+03, 2.75557312e+02,
    1.03438416e+03, 1.03089943e+02, 1.02666736e+03, 1.33253952e+02,
    1.01948578e+03, 1.62147125e+02, 1.01233130e+03, 1.90321976e+02,
    1.00561847e+03, 2.17421143e+02, 9.98732056e+02, 2.43767700e+02,
    9.92385315e+02, 2.69101440e+02 ]
