%YAML:1.0
---
points: [ 1.13519629e+03, 1.62524521e+02, 1.13564331e+03, 1.84765320e+02,
    1.13657751e+03, 2.06776550e+02, 1.13731665e+03, 2.28033096e+02,
    1.13817847e+03, 2.49085464e+02, 1.13868384e+03, 2.69442291e+02,
    1.13958057e+03, 2.89497650e+02, 1.11343127e+03, 1.66152924e+02,
    1.11445203e+03, 1.88235352e+02, 1.11541187e+03, 2.10071655e+02,
    1.11647253e+03, 2.31314789e+02, 1.11738477e+03, 2.52354874e+02,
    1.11831372e+03, 2.72618683e+02, 1.11919092e+03, 2.92685791e+02,
    1.09204578e+03, 1.69591690e+02, 1.09318970e+03, 1.91640625e+02,
    1.09446790e+03, 2.13485016e+02, 1.09553198e+03, 2.34685822e+02,
    1.09673816e+03, 2.55640854e+02, 1.09785339e+03, 2.76287384e+02,
    1.09937158e+03, 2.96239410e+02, 1.07030408e+03, 1.73055557e+02,
    1.07177490e+03, 1.95286880e+02, 1.07331958e+03, 2.16858505e+02,
    1.07477332e+03, 2.38345367e+02, 1.07617810e+03, 2.59163757e+02,
    1.07762476e+03, 2.79533417e+02, 1.07902380e+03, 2.99398346e+02,
    1.04885144e+03, 1.76424210e+02, 1.05043884e+03, 1.98444046e+02,
    1.05237793e+03, 2.20182266e+02, 1.05379578e+03, 2.41445068e+02,
    1.05560583e+03, 2.62358215e+02, 1.05728088e+03, 2.82640015e+02,
    1.05886597e+03, 3.02682983e+02, 1.02735242e+03, 1.79798889e+02,
    1.02938306e+03, 2.02050125e+02, 1.03127966e+03, 2.23600555e+02,
    1.03322839e+03, 2.44822601e+02, 1.03477747e+03, 2.65712524e+02,
    1.03704041e+03, 2.86217346e+02, 1.03863110e+03, 3.06022034e+02,
    1.00593353e+03, 1.83276535e+02, 1.00787726e+03, 2.05478455e+02,
    1.01035248e+03, 2.27249542e+02, 1.01237903e+03, 2.48371109e+02,
    1.01458167e+03, 2.69293915e+02, 1.01659955e+03, 2.89464752e+02,
    1.01861621e+03, 3.09305481e+02, 9.84368835e+02, 1.86688751e+02,
    9.86742432e+02, 2.08822678e+02, 9.89260010e+02, 2.30448715e+02,
    9.91617859e+02, 2.51572845e+02, 9.93861816e+02, 2.72489807e+02,
    9.96345581e+02, 2.92706787e+02, 9.98398438e+02, 3.12680786e+02,
    9.62830261e+02, 1.90331329e+02, 9.65445312e+02, 2.12477875e+02,
    9.68390930e+02, 2.34092728e+02, 9.70722595e+02, 2.55287613e+02,
    9.73513184e+02, 2.75955902e+02, 9.75829224e+02, 2.96329865e+02,
    9.78490845e+02, 3.16071198e+02 ]
