%YAML:1.0
---
points: [ 4.75638702e+02, 1.46516708e+02, 4.76773987e+02, 1.53713852e+02,
    4.77899445e+02, 1.61286530e+02, 4.78992249e+02, 1.68383942e+02,
    4.80131012e+02, 1.75924011e+02, 4.81155090e+02, 1.83127075e+02,
    4.82316345e+02, 1.90794022e+02, 4.67643433e+02, 1.47625473e+02,
    4.68732819e+02, 1.55081833e+02, 4.69885315e+02, 1.62184296e+02,
    4.70885620e+02, 1.69620010e+02, 4.72001770e+02, 1.76715927e+02,
    4.73088043e+02, 1.84366180e+02, 4.74145630e+02, 1.91562805e+02,
    4.59718658e+02, 1.48891388e+02, 4.60796234e+02, 1.56089874e+02,
    4.61773682e+02, 1.63331070e+02, 4.62911194e+02, 1.70577805e+02,
    4.63914062e+02, 1.77935303e+02, 4.65060242e+02, 1.85169281e+02,
    4.66045593e+02, 1.92582001e+02, 4.51673279e+02, 1.50009338e+02,
    4.52775879e+02, 1.57234116e+02, 4.53760345e+02, 1.64366959e+02,
    4.54819031e+02, 1.71753616e+02, 4.55888245e+02, 1.78880997e+02,
    4.56905426e+02, 1.86238617e+02, 4.58042175e+02, 1.93481674e+02,
    4.43839905e+02, 1.51176300e+02, 4.44730347e+02, 1.58344727e+02,
    4.45845795e+02, 1.65578186e+02, 4.46795288e+02, 1.72689011e+02,
    4.47937225e+02, 1.79909256e+02, 4.48875214e+02, 1.87182190e+02,
    4.49924347e+02, 1.94426178e+02, 4.36014008e+02, 1.52313171e+02,
    4.36956390e+02, 1.59556473e+02, 4.37885712e+02, 1.66574905e+02,
    4.38948425e+02, 1.73746628e+02, 4.39845764e+02, 1.80866577e+02,
    4.40909790e+02, 1.88226395e+02, 4.41899353e+02, 1.95315796e+02,
    4.28080078e+02, 1.53511475e+02, 4.29181946e+02, 1.60633270e+02,
    4.29875427e+02, 1.67689896e+02, 4.31023499e+02, 1.74771744e+02,
    4.31837250e+02, 1.82070023e+02, 4.32979248e+02, 1.89142334e+02,
    4.33835938e+02, 1.96265442e+02, 4.20282257e+02, 1.54661331e+02,
    4.21220581e+02, 1.61822845e+02, 4.22181885e+02, 1.68634277e+02,
    4.23226410e+02, 1.75962463e+02, 4.24049591e+02, 1.82778656e+02,
    4.25147552e+02, 1.90073227e+02, 4.25939514e+02, 1.97111130e+02,
    4.12752472e+02, 1.55859482e+02, 4.13422180e+02, 1.62744644e+02,
    4.14581146e+02, 1.69849792e+02, 4.15398773e+02, 1.76810181e+02,
    4.16412872e+02, 1.84062485e+02, 4.17271332e+02, 1.90819519e+02,
    4.18203156e+02, 1.98125504e+02 ]
