%YAML:1.0
---
points: [ 2.83259796e+02, 2.10020096e+02, 2.90741974e+02, 2.10306625e+02,
    2.98487885e+02, 2.10633011e+02, 3.06463348e+02, 2.10958252e+02,
    3.14934265e+02, 2.11340820e+02, 3.23460571e+02, 2.11652359e+02,
    3.32461273e+02, 2.12039307e+02, 2.82720398e+02, 2.19038040e+02,
    2.90191650e+02, 2.19637817e+02, 2.97941040e+02, 2.20071686e+02,
    3.05999969e+02, 2.20603928e+02, 3.14340454e+02, 2.21090439e+02,
    3.23080200e+02, 2.21653290e+02, 3.32085938e+02, 2.22138443e+02,
    2.82172638e+02, 2.28199890e+02, 2.89644470e+02, 2.28758499e+02,
    2.97457764e+02, 2.29468048e+02, 3.05444122e+02, 2.30138947e+02,
    3.13854523e+02, 2.30785629e+02, 3.22413422e+02, 2.31505890e+02,
    3.31469788e+02, 2.32266922e+02, 2.81648071e+02, 2.37244080e+02,
    2.89143066e+02, 2.38063660e+02, 2.96920410e+02, 2.38815750e+02,
    3.04966736e+02, 2.39626511e+02, 3.13250244e+02, 2.40459061e+02,
    3.21999969e+02, 2.41354507e+02, 3.30976196e+02, 2.42280212e+02,
    2.81097076e+02, 2.46354691e+02, 2.88681061e+02, 2.47263275e+02,
    2.96400391e+02, 2.48240479e+02, 3.04460541e+02, 2.49220993e+02,
    3.12832642e+02, 2.50219452e+02, 3.21419800e+02, 2.51295822e+02,
    3.30394958e+02, 2.52417374e+02, 2.80601105e+02, 2.55418488e+02,
    2.88122742e+02, 2.56609772e+02, 2.95913330e+02, 2.57638245e+02,
    3.03940338e+02, 2.58856110e+02, 3.12251709e+02, 2.59971191e+02,
    3.20987183e+02, 2.61273224e+02, 3.29988007e+02, 2.62542816e+02,
    2.80128174e+02, 2.64669037e+02, 2.87670776e+02, 2.65738434e+02,
    2.95439331e+02, 2.67100677e+02, 3.03453918e+02, 2.68420532e+02,
    3.11833710e+02, 2.69813019e+02, 3.20396088e+02, 2.71187592e+02,
    3.29420013e+02, 2.72638641e+02, 2.79677673e+02, 2.73674225e+02,
    2.87168213e+02, 2.75139343e+02, 2.94911163e+02, 2.76598145e+02,
    3.03033020e+02, 2.78024658e+02, 3.11303894e+02, 2.79525299e+02,
    3.19974731e+02, 2.81160065e+02, 3.28959778e+02, 2.82783203e+02,
    2.79166931e+02, 2.82929779e+02, 2.86761963e+02, 2.84421417e+02,
    2.94503204e+02, 2.85950531e+02, 3.02575562e+02, 2.87620209e+02,
    3.10856140e+02, 2.89399841e+02, 3.19399384e+02, 2.91078461e+02,
    3.28412964e+02, 2.93000702e+02 ]
