%YAML:1.0
---
points: [ 3.82373383e+02, 8.67574158e+01, 3.78372345e+02, 9.62943268e+01,
    3.74527954e+02, 1.05548492e+02, 3.70675842e+02, 1.14653160e+02,
    3.66889893e+02, 1.23458023e+02, 3.63353455e+02, 1.31998352e+02,
    3.59760101e+02, 1.40325577e+02, 3.72938080e+02, 8.43198700e+01,
    3.69024139e+02, 9.39465256e+01, 3.65231049e+02, 1.03278023e+02,
    3.61611176e+02, 1.12377914e+02, 3.57950592e+02, 1.21302834e+02,
    3.54473145e+02, 1.29835846e+02, 3.51000244e+02, 1.38154434e+02,
    3.63368500e+02, 8.19344254e+01, 3.59680023e+02, 9.16110992e+01,
    3.55981812e+02, 1.01103523e+02, 3.52425690e+02, 1.10186531e+02,
    3.48965912e+02, 1.19129730e+02, 3.45538513e+02, 1.27724960e+02,
    3.42275330e+02, 1.36168610e+02, 3.53931122e+02, 7.95574570e+01,
    3.50316986e+02, 8.92914810e+01, 3.46717163e+02, 9.87931900e+01,
    3.43283264e+02, 1.07989769e+02, 3.39979187e+02, 1.16936836e+02,
    3.36722534e+02, 1.25622475e+02, 3.33508057e+02, 1.34065506e+02,
    3.44274902e+02, 7.71286621e+01, 3.40793884e+02, 8.69532623e+01,
    3.37455292e+02, 9.65109253e+01, 3.34086212e+02, 1.05742905e+02,
    3.30925720e+02, 1.14776176e+02, 3.27794342e+02, 1.23439949e+02,
    3.24840546e+02, 1.31943115e+02, 3.34706787e+02, 7.47630081e+01,
    3.31356628e+02, 8.46264496e+01, 3.28057373e+02, 9.42187271e+01,
    3.24922516e+02, 1.03470863e+02, 3.21822449e+02, 1.12529320e+02,
    3.18865295e+02, 1.21308044e+02, 3.15933777e+02, 1.29834183e+02,
    3.25005859e+02, 7.23012924e+01, 3.21844147e+02, 8.22573929e+01,
    3.18751892e+02, 9.18749084e+01, 3.15694214e+02, 1.01206329e+02,
    3.12823334e+02, 1.10334953e+02, 3.09924072e+02, 1.19197418e+02,
    3.07296936e+02, 1.27712364e+02, 3.15406891e+02, 6.98644028e+01,
    3.12313171e+02, 7.98599319e+01, 3.09351837e+02, 8.95578613e+01,
    3.06486694e+02, 9.89413147e+01, 3.03762146e+02, 1.08168419e+02,
    3.01083557e+02, 1.16978394e+02, 2.98340149e+02, 1.25569862e+02,
    3.05706787e+02, 6.74123993e+01, 3.02891754e+02, 7.74437485e+01,
    3.00077057e+02, 8.72357330e+01, 2.97266205e+02, 9.66838989e+01,
    2.94659027e+02, 1.05900055e+02, 2.92083893e+02, 1.14796341e+02,
    2.89662811e+02, 1.23458046e+02 ]
