%YAML:1.0
---
points: [ 9.04569641e+02, 8.46507812e+02, 8.74746826e+02, 8.48634277e+02,
    8.44819397e+02, 8.50614685e+02, 8.14885437e+02, 8.52649475e+02,
    7.85014709e+02, 8.54855103e+02, 7.54926147e+02, 8.56906067e+02,
    7.24955872e+02, 8.59297180e+02, 9.03287476e+02, 8.16380005e+02,
    8.73823608e+02, 8.18193909e+02, 8.44443237e+02, 8.20241882e+02,
    8.15043274e+02, 8.22322754e+02, 7.85497009e+02, 8.24339111e+02,
    7.55990051e+02, 8.26412170e+02, 7.26244934e+02, 8.28629150e+02,
    9.02265808e+02, 7.86653259e+02, 8.73113159e+02, 7.88555420e+02,
    8.44198059e+02, 7.90533325e+02, 8.14931885e+02, 7.92557678e+02,
    7.85874695e+02, 7.94504150e+02, 7.56587341e+02, 7.96689087e+02,
    7.27385498e+02, 7.98732605e+02, 9.01036560e+02, 7.58016296e+02,
    8.72405884e+02, 7.60018005e+02, 8.43704712e+02, 7.61773254e+02,
    8.14960938e+02, 7.63861450e+02, 7.86302307e+02, 7.65873169e+02,
    7.57430237e+02, 7.67749573e+02, 7.28472839e+02, 7.70169800e+02,
    8.99947693e+02, 7.29845093e+02, 8.71610535e+02, 7.31794067e+02,
    8.43466919e+02, 7.33752319e+02, 8.14985474e+02, 7.35651428e+02,
    7.86573975e+02, 7.37704407e+02, 7.58198730e+02, 7.39706604e+02,
    7.29652588e+02, 7.41726013e+02, 8.98770630e+02, 7.02643005e+02,
    8.70798828e+02, 7.04542358e+02, 8.42945496e+02, 7.06556396e+02,
    8.15029480e+02, 7.08429077e+02, 7.87008545e+02, 7.10418457e+02,
    7.58912231e+02, 7.12340637e+02, 7.30719666e+02, 7.14339600e+02,
    8.97653748e+02, 6.76218262e+02, 8.70147888e+02, 6.77937561e+02,
    8.42712097e+02, 6.80055725e+02, 8.14973206e+02, 6.81741943e+02,
    7.87266418e+02, 6.83614746e+02, 7.59501404e+02, 6.85702698e+02,
    7.31876038e+02, 6.87562195e+02, 8.96779297e+02, 6.50402527e+02,
    8.69585266e+02, 6.52305359e+02, 8.42252441e+02, 6.54151367e+02,
    8.14941101e+02, 6.55776611e+02, 7.87547119e+02, 6.57740173e+02,
    7.60241272e+02, 6.59650146e+02, 7.32603882e+02, 6.61546814e+02,
    8.95611389e+02, 6.25260681e+02, 8.68835693e+02, 6.27049072e+02,
    8.41905945e+02, 6.28768860e+02, 8.14882141e+02, 6.30531738e+02,
    7.87937378e+02, 6.32472168e+02, 7.60739441e+02, 6.34374207e+02,
    7.33714355e+02, 6.36208313e+02 ]
