%YAML:1.0
---
points: [ 1.45237415e+03, 8.55225525e+01, 1.43926782e+03, 1.07013603e+02,
    1.42675916e+03, 1.28014725e+02, 1.41442700e+03, 1.48657196e+02,
    1.40243823e+03, 1.68868820e+02, 1.39039893e+03, 1.89040405e+02,
    1.37887219e+03, 2.08354370e+02, 1.43216699e+03, 7.64994125e+01,
    1.41966516e+03, 9.80079041e+01, 1.40709668e+03, 1.19304993e+02,
    1.39513245e+03, 1.39817795e+02, 1.38306836e+03, 1.60361038e+02,
    1.37153638e+03, 1.80144211e+02, 1.36004028e+03, 1.99746475e+02,
    1.41231812e+03, 6.74351349e+01, 1.39970667e+03, 8.91527252e+01,
    1.38762634e+03, 1.10360672e+02, 1.37565796e+03, 1.31175308e+02,
    1.36411047e+03, 1.51642303e+02, 1.35255212e+03, 1.71658478e+02,
    1.34137646e+03, 1.91206818e+02, 1.39226428e+03, 5.83208504e+01,
    1.38024109e+03, 8.00565567e+01, 1.36784900e+03, 1.01513779e+02,
    1.35651404e+03, 1.22344009e+02, 1.34478687e+03, 1.42886703e+02,
    1.33367395e+03, 1.63129257e+02, 1.32260608e+03, 1.82807693e+02,
    1.37244556e+03, 4.91884613e+01, 1.36029004e+03, 7.12076569e+01,
    1.34858887e+03, 9.25500259e+01, 1.33695032e+03, 1.13596611e+02,
    1.32585718e+03, 1.34213150e+02, 1.31464294e+03, 1.54463058e+02,
    1.30406494e+03, 1.74235840e+02, 1.35235779e+03, 4.03119812e+01,
    1.34069531e+03, 6.22673111e+01, 1.32918030e+03, 8.37464447e+01,
    1.31789917e+03, 1.04821053e+02, 1.30674170e+03, 1.25588211e+02,
    1.29598950e+03, 1.45849335e+02, 1.28526575e+03, 1.65821701e+02,
    1.33261292e+03, 3.12664661e+01, 1.32086682e+03, 5.34121056e+01,
    1.30974780e+03, 7.48019791e+01, 1.29859180e+03, 9.62466583e+01,
    1.28789209e+03, 1.16878365e+02, 1.27717188e+03, 1.37488922e+02,
    1.26675049e+03, 1.57389511e+02, 1.31264709e+03, 2.23315105e+01,
    1.30151355e+03, 4.43694534e+01, 1.29024084e+03, 6.63219147e+01,
    1.27958130e+03, 8.74645615e+01, 1.26866907e+03, 1.08460953e+02,
    1.25846875e+03, 1.28772034e+02, 1.24784802e+03, 1.49001816e+02,
    1.29306653e+03, 1.32663326e+01, 1.28185522e+03, 3.56581802e+01,
    1.27107922e+03, 5.74204712e+01, 1.26034204e+03, 7.88661346e+01,
    1.25006470e+03, 9.97339325e+01, 1.23960034e+03, 1.20415352e+02,
    1.22965234e+03, 1.40455963e+02 ]
