%YAML:1.0
---
points: [ 1.16440271e+03, 6.73156799e+02, 1.16859387e+03, 6.96884460e+02,
    1.17279419e+03, 7.21284668e+02, 1.17742322e+03, 7.46487183e+02,
    1.18210120e+03, 7.72608521e+02, 1.18694678e+03, 7.99839417e+02,
    1.19217261e+03, 8.27838684e+02, 1.13740100e+03, 6.74108765e+02,
    1.14091003e+03, 6.97568359e+02, 1.14470251e+03, 7.22241638e+02,
    1.14895337e+03, 7.47333313e+02, 1.15332898e+03, 7.73710999e+02,
    1.15756287e+03, 8.00750122e+02, 1.16214624e+03, 8.29052185e+02,
    1.11033447e+03, 6.74871277e+02, 1.11349207e+03, 6.98620178e+02,
    1.11708484e+03, 7.23070496e+02, 1.12060974e+03, 7.48475586e+02,
    1.12433044e+03, 7.74572021e+02, 1.12809302e+03, 8.01792297e+02,
    1.13232129e+03, 8.29788208e+02, 1.08339453e+03, 6.75819824e+02,
    1.08624390e+03, 6.99488037e+02, 1.08932849e+03, 7.23984314e+02,
    1.09235510e+03, 7.49416687e+02, 1.09550635e+03, 7.75611572e+02,
    1.09880713e+03, 8.02588928e+02, 1.10233521e+03, 8.30955933e+02,
    1.05638147e+03, 6.76639465e+02, 1.05884351e+03, 7.00553833e+02,
    1.06136829e+03, 7.24912903e+02, 1.06408582e+03, 7.50380432e+02,
    1.06664392e+03, 7.76534607e+02, 1.06957349e+03, 8.03764221e+02,
    1.07246997e+03, 8.32045471e+02, 1.02944849e+03, 6.77762085e+02,
    1.03150098e+03, 7.01604126e+02, 1.03351233e+03, 7.26125610e+02,
    1.03561792e+03, 7.51320862e+02, 1.03793469e+03, 7.77609558e+02,
    1.04026587e+03, 8.04774292e+02, 1.04273193e+03, 8.33115356e+02,
    1.00260895e+03, 6.78866272e+02, 1.00426617e+03, 7.02621277e+02,
    1.00590192e+03, 7.27195496e+02, 1.00749554e+03, 7.52477844e+02,
    1.00936511e+03, 7.78607544e+02, 1.01120935e+03, 8.06007690e+02,
    1.01293182e+03, 8.34316895e+02, 9.75772522e+02, 6.80094543e+02,
    9.76954468e+02, 7.03601929e+02, 9.78236328e+02, 7.28275085e+02,
    9.79367981e+02, 7.53607300e+02, 9.80561462e+02, 7.79929077e+02,
    9.81887268e+02, 8.07115540e+02, 9.83374939e+02, 8.35258972e+02,
    9.49078552e+02, 6.81332153e+02, 9.49615540e+02, 7.04891052e+02,
    9.50432556e+02, 7.29415955e+02, 9.51184265e+02, 7.54670532e+02,
    9.52004517e+02, 7.80954834e+02, 9.52731384e+02, 8.08194763e+02,
    9.53663635e+02, 8.36407227e+02 ]
