%YAML:1.0
---
points: [ 4.67784149e+02, 2.20770660e+02, 4.59693878e+02, 2.21031113e+02,
    4.51687775e+02, 2.21144180e+02, 4.43660950e+02, 2.21497192e+02,
    4.35804108e+02, 2.21581497e+02, 4.27788727e+02, 2.21728149e+02,
    4.19845642e+02, 2.21740906e+02, 4.67841553e+02, 2.13837585e+02,
    4.59616394e+02, 2.13855759e+02, 4.51704102e+02, 2.14055222e+02,
    4.43715057e+02, 2.14274551e+02, 4.35757690e+02, 2.14661514e+02,
    4.27682220e+02, 2.14788086e+02, 4.19738281e+02, 2.14848419e+02,
    4.67802826e+02, 2.06532654e+02, 4.59692535e+02, 2.06763290e+02,
    4.51713745e+02, 2.06781723e+02, 4.43730865e+02, 2.07122238e+02,
    4.35644348e+02, 2.07554138e+02, 4.27623749e+02, 2.07748932e+02,
    4.19643921e+02, 2.07770569e+02, 4.67764252e+02, 1.99281784e+02,
    4.59727692e+02, 1.99543854e+02, 4.51756744e+02, 1.99693146e+02,
    4.43725861e+02, 1.99878113e+02, 4.35560059e+02, 2.00328888e+02,
    4.27552948e+02, 2.00624344e+02, 4.19607269e+02, 2.00816742e+02,
    4.67804260e+02, 1.91786758e+02, 4.59712738e+02, 1.92195496e+02,
    4.51785675e+02, 1.92590378e+02, 4.43680176e+02, 1.92773682e+02,
    4.35354980e+02, 1.93029053e+02, 4.27516632e+02, 1.93582687e+02,
    4.19583252e+02, 1.93669724e+02, 4.67824493e+02, 1.84625412e+02,
    4.59816315e+02, 1.84833160e+02, 4.51741333e+02, 1.85212845e+02,
    4.43579407e+02, 1.85644867e+02, 4.35355957e+02, 1.85847748e+02,
    4.27459045e+02, 1.86260620e+02, 4.19398102e+02, 1.86768326e+02,
    4.67877289e+02, 1.76914627e+02, 4.59763458e+02, 1.77521225e+02,
    4.51755524e+02, 1.77753433e+02, 4.43565643e+02, 1.78196091e+02,
    4.35250000e+02, 1.78653564e+02, 4.27259216e+02, 1.78932770e+02,
    4.19202637e+02, 1.79588318e+02, 4.67901245e+02, 1.69688339e+02,
    4.59800354e+02, 1.69914124e+02, 4.51715271e+02, 1.70541855e+02,
    4.43457855e+02, 1.70802368e+02, 4.35211365e+02, 1.71410004e+02,
    4.27205322e+02, 1.71736511e+02, 4.19038300e+02, 1.72376404e+02,
    4.68031616e+02, 1.61854752e+02, 4.59749451e+02, 1.62622925e+02,
    4.51722809e+02, 1.62852142e+02, 4.43442657e+02, 1.63502319e+02,
    4.35162537e+02, 1.63877274e+02, 4.27003998e+02, 1.64632935e+02,
    4.18841431e+02, 1.64858963e+02 ]
