%YAML:1.0
---
points: [ 7.40719910e+02, 6.13406128e+02, 7.68811340e+02, 6.14616943e+02,
    7.96083801e+02, 6.15981140e+02, 8.22575317e+02, 6.17379517e+02,
    8.48504578e+02, 6.18569214e+02, 8.73784729e+02, 6.19756836e+02,
    8.98445557e+02, 6.21032593e+02, 7.39140808e+02, 6.42316040e+02,
    7.67237976e+02, 6.43418396e+02, 7.94552002e+02, 6.44309448e+02,
    8.21298645e+02, 6.45323181e+02, 8.47310791e+02, 6.46128723e+02,
    8.72630127e+02, 6.47108765e+02, 8.97451111e+02, 6.48133850e+02,
    7.37427551e+02, 6.71396301e+02, 7.65568237e+02, 6.71947144e+02,
    7.92994812e+02, 6.72504456e+02, 8.19769226e+02, 6.73188904e+02,
    8.45938599e+02, 6.73895813e+02, 8.71434326e+02, 6.74564941e+02,
    8.96448669e+02, 6.75245056e+02, 7.35635376e+02, 7.00726929e+02,
    7.64097961e+02, 7.00963745e+02, 7.91476501e+02, 7.01231323e+02,
    8.18449463e+02, 7.01527588e+02, 8.44549561e+02, 7.01760925e+02,
    8.70286987e+02, 7.02199097e+02, 8.95428223e+02, 7.02527039e+02,
    7.33854736e+02, 7.30224792e+02, 7.62352295e+02, 7.30182373e+02,
    7.90127991e+02, 7.30035400e+02, 8.17073547e+02, 7.29968628e+02,
    8.43369080e+02, 7.29930603e+02, 8.69089661e+02, 7.29920837e+02,
    8.94220459e+02, 7.29915710e+02, 7.32226135e+02, 7.60276855e+02,
    7.60604492e+02, 7.59742126e+02, 7.88438354e+02, 7.59390503e+02,
    8.15619568e+02, 7.58812378e+02, 8.41995544e+02, 7.58481628e+02,
    8.67753174e+02, 7.58138000e+02, 8.92884399e+02, 7.57861450e+02,
    7.30377563e+02, 7.90166016e+02, 7.58875244e+02, 7.89342285e+02,
    7.86763672e+02, 7.88438721e+02, 8.13906616e+02, 7.87588867e+02,
    8.40555176e+02, 7.86941040e+02, 8.66402222e+02, 7.86429443e+02,
    8.91700134e+02, 7.85692871e+02, 7.28369385e+02, 8.20445984e+02,
    7.57289307e+02, 8.19173462e+02, 7.85294067e+02, 8.18054565e+02,
    8.12570557e+02, 8.16927979e+02, 8.39107788e+02, 8.15745728e+02,
    8.65151062e+02, 8.14653931e+02, 8.90460144e+02, 8.13665100e+02,
    7.26639587e+02, 8.51005005e+02, 7.55411743e+02, 8.49496216e+02,
    7.83580444e+02, 8.47859558e+02, 8.10955505e+02, 8.46317505e+02,
    8.37704224e+02, 8.44881042e+02, 8.63674316e+02, 8.43555237e+02,
    8.89312317e+02, 8.42276855e+02 ]
