%YAML:1.0
---
points: [ 3.32063904e+02, 2.19543076e+02, 3.23216156e+02, 2.19338394e+02,
    3.14752777e+02, 2.19182159e+02, 3.06575409e+02, 2.18964005e+02,
    2.98717316e+02, 2.18838684e+02, 2.91095490e+02, 2.18654694e+02,
    2.83850800e+02, 2.18575790e+02, 3.32209198e+02, 2.09321487e+02,
    3.23343964e+02, 2.09414688e+02, 3.14848389e+02, 2.09427261e+02,
    3.06723938e+02, 2.09494675e+02, 2.98858002e+02, 2.09448547e+02,
    2.91241669e+02, 2.09483856e+02, 2.83873505e+02, 2.09462799e+02,
    3.32353668e+02, 1.99301285e+02, 3.23352051e+02, 1.99465729e+02,
    3.15093323e+02, 1.99691040e+02, 3.06821899e+02, 1.99792313e+02,
    2.98928864e+02, 2.00044479e+02, 2.91335663e+02, 2.00221390e+02,
    2.83954926e+02, 2.00458755e+02, 3.32338165e+02, 1.89146881e+02,
    3.23640747e+02, 1.89546555e+02, 3.15146240e+02, 1.89873627e+02,
    3.06954163e+02, 1.90311523e+02, 2.99101471e+02, 1.90629333e+02,
    2.91505005e+02, 1.90934296e+02, 2.84092621e+02, 1.91280792e+02,
    3.32601746e+02, 1.78959778e+02, 3.23747925e+02, 1.79484100e+02,
    3.15246918e+02, 1.80171646e+02, 3.07091217e+02, 1.80676239e+02,
    2.99235443e+02, 1.81225800e+02, 2.91684357e+02, 1.81659210e+02,
    2.84313477e+02, 1.82281906e+02, 3.32759277e+02, 1.68742355e+02,
    3.23971893e+02, 1.69533737e+02, 3.15421173e+02, 1.70329956e+02,
    3.07209229e+02, 1.71109406e+02, 2.99355865e+02, 1.71715897e+02,
    2.91821991e+02, 1.72391464e+02, 2.84535278e+02, 1.73070999e+02,
    3.32931549e+02, 1.58657593e+02, 3.24094452e+02, 1.59623215e+02,
    3.15579346e+02, 1.60579987e+02, 3.07391541e+02, 1.61464233e+02,
    2.99567139e+02, 1.62342178e+02, 2.91911255e+02, 1.63254074e+02,
    2.84757111e+02, 1.64065292e+02, 3.33154694e+02, 1.48373352e+02,
    3.24249329e+02, 1.49723251e+02, 3.15781647e+02, 1.50776321e+02,
    3.07636139e+02, 1.51900970e+02, 2.99716400e+02, 1.52946503e+02,
    2.92122162e+02, 1.53988983e+02, 2.84833099e+02, 1.54813202e+02,
    3.33229004e+02, 1.38329239e+02, 3.24382263e+02, 1.39642639e+02,
    3.15946869e+02, 1.40957321e+02, 3.07836182e+02, 1.42211594e+02,
    2.99895386e+02, 1.43462784e+02, 2.92302856e+02, 1.44693817e+02,
    2.85024323e+02, 1.45844330e+02 ]
