%YAML:1.0
---
points: [ 9.18631287e+02, 2.79229675e+02, 9.40098389e+02, 2.83638977e+02,
    9.61533813e+02, 2.88177734e+02, 9.82994629e+02, 2.92581238e+02,
    1.00441150e+03, 2.97225281e+02, 1.02601770e+03, 3.01624847e+02,
    1.04737585e+03, 3.06346405e+02, 9.14774536e+02, 3.01159332e+02,
    9.35914734e+02, 3.05742767e+02, 9.57457642e+02, 3.10127686e+02,
    9.78644226e+02, 3.14470245e+02, 1.00022308e+03, 3.18968750e+02,
    1.02128613e+03, 3.23537445e+02, 1.04280273e+03, 3.28041809e+02,
    9.10743835e+02, 3.23124298e+02, 9.32173706e+02, 3.27348755e+02,
    9.53184631e+02, 3.31842072e+02, 9.74489624e+02, 3.36210052e+02,
    9.95589661e+02, 3.40481354e+02, 1.01685602e+03, 3.44984558e+02,
    1.03788635e+03, 3.49599548e+02, 9.07131775e+02, 3.44255157e+02,
    9.27892639e+02, 3.48793335e+02, 9.49199890e+02, 3.53028229e+02,
    9.70184021e+02, 3.57457245e+02, 9.91257690e+02, 3.61734741e+02,
    1.01225684e+03, 3.66275574e+02, 1.03329968e+03, 3.70640564e+02,
    9.03177856e+02, 3.65419159e+02, 9.24168701e+02, 3.69646820e+02,
    9.44954956e+02, 3.74292786e+02, 9.65881287e+02, 3.78402527e+02,
    9.86777771e+02, 3.82711334e+02, 1.00768726e+03, 3.87239105e+02,
    1.02856555e+03, 3.91789062e+02, 8.99610474e+02, 3.86257385e+02,
    9.20271606e+02, 3.90750122e+02, 9.41031067e+02, 3.94807159e+02,
    9.61739929e+02, 3.99272705e+02, 9.82455994e+02, 4.03586182e+02,
    1.00328290e+03, 4.08053162e+02, 1.02397870e+03, 4.12448883e+02,
    8.95720093e+02, 4.07108276e+02, 9.16606628e+02, 4.11241364e+02,
    9.37132446e+02, 4.15555817e+02, 9.57872864e+02, 4.19776886e+02,
    9.78269165e+02, 4.24236816e+02, 9.98899597e+02, 4.28571716e+02,
    1.01951300e+03, 4.33244568e+02, 8.92184082e+02, 4.27159973e+02,
    9.12608398e+02, 4.31468811e+02, 9.33214233e+02, 4.35661652e+02,
    9.53650024e+02, 4.40081238e+02, 9.74292297e+02, 4.44451599e+02,
    9.94491577e+02, 4.49104218e+02, 1.01530286e+03, 4.53268982e+02,
    8.88500427e+02, 4.47381500e+02, 9.08823486e+02, 4.51529968e+02,
    9.29309326e+02, 4.55745148e+02, 9.49640381e+02, 4.60064026e+02,
    9.69882812e+02, 4.64616882e+02, 9.90552002e+02, 4.68736511e+02,
    1.01072040e+03, 4.73281403e+02 ]
