%YAML:1.0
---
points: [ 4.32719147e+02, 5.74304695e+01, 4.28876099e+02, 6.42799072e+01,
    4.25007019e+02, 7.12295456e+01, 4.20707153e+02, 7.76960526e+01,
    4.17062805e+02, 8.45820694e+01, 4.12697144e+02, 9.09400711e+01,
    4.09234924e+02, 9.73601074e+01, 4.26722382e+02, 5.44735565e+01,
    4.22189972e+02, 6.13106155e+01, 4.18712616e+02, 6.82534256e+01,
    4.14665344e+02, 7.48934021e+01, 4.10732666e+02, 8.15022202e+01,
    4.06862457e+02, 8.82265778e+01, 4.03235931e+02, 9.45254517e+01,
    4.19790161e+02, 5.11958923e+01, 4.16706207e+02, 5.85318947e+01,
    4.12373901e+02, 6.52083130e+01, 4.08810730e+02, 7.20717163e+01,
    4.03954590e+02, 7.85538559e+01, 4.00824646e+02, 8.53737946e+01,
    3.97173370e+02, 9.16351929e+01, 4.13803589e+02, 4.84138451e+01,
    4.09356659e+02, 5.51824455e+01, 4.05821198e+02, 6.22326813e+01,
    4.01795105e+02, 6.90029373e+01, 3.98006104e+02, 7.54456940e+01,
    3.94255585e+02, 8.23729935e+01, 3.90796326e+02, 8.89916306e+01,
    4.06833344e+02, 4.50809402e+01, 4.03492920e+02, 5.22343826e+01,
    3.99218933e+02, 5.90114365e+01, 3.95718842e+02, 6.60464706e+01,
    3.91283051e+02, 7.28268814e+01, 3.88008911e+02, 7.93394012e+01,
    3.84314758e+02, 8.58783417e+01, 4.00700348e+02, 4.21930046e+01,
    3.96554474e+02, 4.91402702e+01, 3.92867126e+02, 5.61898766e+01,
    3.89031555e+02, 6.30218658e+01, 3.85294891e+02, 6.97484894e+01,
    3.81473969e+02, 7.64106750e+01, 3.78037781e+02, 8.30619583e+01,
    3.93456573e+02, 3.89011345e+01, 3.90306610e+02, 4.62435074e+01,
    3.86364807e+02, 5.31722145e+01, 3.82806152e+02, 6.01302452e+01,
    3.78427917e+02, 6.67596817e+01, 3.75604828e+02, 7.37190552e+01,
    3.71597382e+02, 8.00695038e+01, 3.87709198e+02, 3.61228676e+01,
    3.83366028e+02, 4.30657539e+01, 3.79736938e+02, 5.01332397e+01,
    3.75914734e+02, 5.71965256e+01, 3.72747742e+02, 6.40584183e+01,
    3.69076202e+02, 7.08861771e+01, 3.65904053e+02, 7.75627975e+01,
    3.80499725e+02, 3.29905281e+01, 3.77358917e+02, 4.03913536e+01,
    3.73272522e+02, 4.71335335e+01, 3.69903503e+02, 5.42527885e+01,
    3.66523834e+02, 6.11761093e+01, 3.63104828e+02, 6.82851639e+01,
    3.59559296e+02, 7.45465393e+01 ]
