%YAML:1.0
---
points: [ 3.48089264e+02, 2.60749756e+02, 3.49865570e+02, 2.68725769e+02,
    3.51624023e+02, 2.77161774e+02, 3.53535767e+02, 2.85643768e+02,
    3.55468109e+02, 2.94491150e+02, 3.57537842e+02, 3.03673248e+02,
    3.59477448e+02, 3.13104553e+02, 3.38907715e+02, 2.61096130e+02,
    3.40461517e+02, 2.69072418e+02, 3.42154633e+02, 2.77365540e+02,
    3.43796753e+02, 2.85909393e+02, 3.45645966e+02, 2.94814575e+02,
    3.47434204e+02, 3.04098389e+02, 3.49408875e+02, 3.13610931e+02,
    3.29645660e+02, 2.61364624e+02, 3.31115601e+02, 2.69334930e+02,
    3.32622681e+02, 2.77709961e+02, 3.34188965e+02, 2.86264130e+02,
    3.35772644e+02, 2.95171844e+02, 3.37469513e+02, 3.04351746e+02,
    3.39097809e+02, 3.13975525e+02, 3.20609406e+02, 2.61674469e+02,
    3.21779419e+02, 2.69682922e+02, 3.23161072e+02, 2.77951935e+02,
    3.24531494e+02, 2.86541870e+02, 3.25938385e+02, 2.95388977e+02,
    3.27452118e+02, 3.04663208e+02, 3.29055878e+02, 3.14261902e+02,
    3.11288361e+02, 2.61931396e+02, 3.12437256e+02, 2.69982697e+02,
    3.13647919e+02, 2.78239014e+02, 3.14893951e+02, 2.86869263e+02,
    3.16194458e+02, 2.95811279e+02, 3.17530334e+02, 3.05085236e+02,
    3.18785583e+02, 3.14599945e+02, 3.02227417e+02, 2.62227997e+02,
    3.03179962e+02, 2.70257019e+02, 3.04235168e+02, 2.78625244e+02,
    3.05231598e+02, 2.87207489e+02, 3.06370850e+02, 2.96213409e+02,
    3.07488007e+02, 3.05303741e+02, 3.08793152e+02, 3.14989166e+02,
    2.93004944e+02, 2.62594330e+02, 2.93912445e+02, 2.70617310e+02,
    2.94744080e+02, 2.79063995e+02, 2.95688354e+02, 2.87559235e+02,
    2.96572723e+02, 2.96424774e+02, 2.97612885e+02, 3.05690247e+02,
    2.98516632e+02, 3.15297455e+02, 2.84013489e+02, 2.62995178e+02,
    2.84584595e+02, 2.71052551e+02, 2.85365967e+02, 2.79314392e+02,
    2.86053528e+02, 2.87931427e+02, 2.86869598e+02, 2.96798615e+02,
    2.87705811e+02, 3.06159027e+02, 2.88617523e+02, 3.15611267e+02,
    2.74778778e+02, 2.63279694e+02, 2.75411438e+02, 2.71362091e+02,
    2.75876099e+02, 2.79651123e+02, 2.76553650e+02, 2.88242554e+02,
    2.77105225e+02, 2.97228333e+02, 2.77751770e+02, 3.06334839e+02,
    2.78406830e+02, 3.16136932e+02 ]
