%YAML:1.0
---
points: [ 1.24020190e+03, 2.30032562e+02, 1.24754187e+03, 2.50570251e+02,
    1.25537280e+03, 2.70827637e+02, 1.26253284e+03, 2.91461334e+02,
    1.27036523e+03, 3.11867828e+02, 1.27766895e+03, 3.32491669e+02,
    1.28551831e+03, 3.53173706e+02, 1.21875940e+03, 2.39903793e+02,
    1.22625635e+03, 2.59888031e+02, 1.23360730e+03, 2.80434875e+02,
    1.24127222e+03, 3.00639435e+02, 1.24860962e+03, 3.21059052e+02,
    1.25640234e+03, 3.41353363e+02, 1.26358301e+03, 3.61831909e+02,
    1.19818091e+03, 2.49080032e+02, 1.20541663e+03, 2.69359711e+02,
    1.21292297e+03, 2.89336823e+02, 1.21998621e+03, 3.09933685e+02,
    1.22760852e+03, 3.29716217e+02, 1.23465771e+03, 3.50330841e+02,
    1.24237158e+03, 3.70357513e+02, 1.17763904e+03, 2.58682129e+02,
    1.18488684e+03, 2.78464325e+02, 1.19193286e+03, 2.98742828e+02,
    1.19944812e+03, 3.18528625e+02, 1.20657886e+03, 3.38614563e+02,
    1.21417957e+03, 3.58605927e+02, 1.22129663e+03, 3.78804565e+02,
    1.15747131e+03, 2.67596558e+02, 1.16453711e+03, 2.87626373e+02,
    1.17195129e+03, 3.07336975e+02, 1.17892249e+03, 3.27365570e+02,
    1.18637097e+03, 3.47110657e+02, 1.19334912e+03, 3.67269318e+02,
    1.20063794e+03, 3.87133850e+02, 1.13750952e+03, 2.76806793e+02,
    1.14472925e+03, 2.96328186e+02, 1.15160559e+03, 3.16168671e+02,
    1.15882251e+03, 3.35659882e+02, 1.16570166e+03, 3.55728943e+02,
    1.17306982e+03, 3.75290741e+02, 1.18004028e+03, 3.95293030e+02,
    1.11821692e+03, 2.85473480e+02, 1.12489270e+03, 3.05382263e+02,
    1.13200586e+03, 3.24548828e+02, 1.13897754e+03, 3.44426971e+02,
    1.14611157e+03, 3.63620239e+02, 1.15299646e+03, 3.83688507e+02,
    1.16019897e+03, 4.03084229e+02, 1.09876685e+03, 2.94419525e+02,
    1.10572534e+03, 3.13581787e+02, 1.11250012e+03, 3.33151855e+02,
    1.11967468e+03, 3.52521271e+02, 1.12649292e+03, 3.71984100e+02,
    1.13353113e+03, 3.91474091e+02, 1.14017773e+03, 4.11057190e+02,
    1.07978735e+03, 3.02768188e+02, 1.08652539e+03, 3.22116089e+02,
    1.09357947e+03, 3.41357239e+02, 1.10042590e+03, 3.60591858e+02,
    1.10744861e+03, 3.80027710e+02, 1.11393616e+03, 3.99622192e+02,
    1.12074194e+03, 4.18728607e+02 ]
