%YAML:1.0
---
points: [ 3.31384155e+02, 2.14646027e+02, 3.32733032e+02, 2.22039856e+02,
    3.34118042e+02, 2.29571228e+02, 3.35626312e+02, 2.37291046e+02,
    3.37050079e+02, 2.45385056e+02, 3.38670074e+02, 2.53551071e+02,
    3.40291595e+02, 2.62188782e+02, 3.22182526e+02, 2.14928253e+02,
    3.23438293e+02, 2.22253357e+02, 3.24691498e+02, 2.29735413e+02,
    3.25938904e+02, 2.37515320e+02, 3.27398560e+02, 2.45538040e+02,
    3.28743988e+02, 2.53798370e+02, 3.30273407e+02, 2.62435547e+02,
    3.13095245e+02, 2.15123993e+02, 3.14107086e+02, 2.22450623e+02,
    3.15239868e+02, 2.29915237e+02, 3.16359192e+02, 2.37734238e+02,
    3.17529419e+02, 2.45723541e+02, 3.18765076e+02, 2.54070541e+02,
    3.19993439e+02, 2.62673553e+02, 3.03985596e+02, 2.15397049e+02,
    3.04841553e+02, 2.22641571e+02, 3.05833130e+02, 2.30181900e+02,
    3.06810669e+02, 2.37922836e+02, 3.07853729e+02, 2.45964294e+02,
    3.08875366e+02, 2.54258438e+02, 3.10040894e+02, 2.62885773e+02,
    2.94848206e+02, 2.15584579e+02, 2.95661621e+02, 2.22888657e+02,
    2.96406464e+02, 2.30441483e+02, 2.97227539e+02, 2.38173050e+02,
    2.98126007e+02, 2.46201904e+02, 2.99042206e+02, 2.54532578e+02,
    2.99923126e+02, 2.63143677e+02, 2.85785675e+02, 2.15816650e+02,
    2.86371033e+02, 2.23142899e+02, 2.87041565e+02, 2.30692947e+02,
    2.87689880e+02, 2.38395233e+02, 2.88418518e+02, 2.46484619e+02,
    2.89169250e+02, 2.54817993e+02, 2.89957764e+02, 2.63323273e+02,
    2.76698944e+02, 2.16078583e+02, 2.77138153e+02, 2.23468201e+02,
    2.77668884e+02, 2.30942596e+02, 2.78206726e+02, 2.38703842e+02,
    2.78681183e+02, 2.46812119e+02, 2.79295502e+02, 2.55091522e+02,
    2.79821075e+02, 2.63649017e+02, 2.67700653e+02, 2.16448181e+02,
    2.67896332e+02, 2.23705429e+02, 2.68306793e+02, 2.31220276e+02,
    2.68652466e+02, 2.39041840e+02, 2.69086578e+02, 2.46968369e+02,
    2.69540924e+02, 2.55277740e+02, 2.69884003e+02, 2.64016510e+02,
    2.58569946e+02, 2.16510635e+02, 2.58841797e+02, 2.23926605e+02,
    2.58876923e+02, 2.31540421e+02, 2.59210724e+02, 2.39270767e+02,
    2.59430084e+02, 2.47238846e+02, 2.59661530e+02, 2.55561737e+02,
    2.59824524e+02, 2.64248199e+02 ]
