%YAML:1.0
---
points: [ 3.36223480e+02, 1.39433578e+02, 3.27434509e+02, 1.40691330e+02,
    3.19031891e+02, 1.41943619e+02, 3.10843445e+02, 1.43142075e+02,
    3.03032745e+02, 1.44400543e+02, 2.95514679e+02, 1.45429153e+02,
    2.88181427e+02, 1.46626404e+02, 3.36563538e+02, 1.28970779e+02,
    3.27723022e+02, 1.30660767e+02, 3.19215607e+02, 1.31989990e+02,
    3.11111664e+02, 1.33477097e+02, 3.03279663e+02, 1.34756561e+02,
    2.95702393e+02, 1.36113541e+02, 2.88458038e+02, 1.37219772e+02,
    3.36943848e+02, 1.18773590e+02, 3.28030945e+02, 1.20468025e+02,
    3.19546082e+02, 1.22106628e+02, 3.11352448e+02, 1.23709503e+02,
    3.03533325e+02, 1.25256119e+02, 2.95908661e+02, 1.26748863e+02,
    2.88667572e+02, 1.28129150e+02, 3.37147705e+02, 1.08360062e+02,
    3.28253815e+02, 1.10343658e+02, 3.19824524e+02, 1.12089294e+02,
    3.11643890e+02, 1.13981804e+02, 3.03813873e+02, 1.15544319e+02,
    2.96161072e+02, 1.17320259e+02, 2.88845856e+02, 1.18811913e+02,
    3.37367096e+02, 9.80444031e+01, 3.28546936e+02, 1.00186600e+02,
    3.20041321e+02, 1.02253838e+02, 3.11881500e+02, 1.04140289e+02,
    3.03941345e+02, 1.06081589e+02, 2.96508453e+02, 1.07812355e+02,
    2.89070435e+02, 1.09662621e+02, 3.37643463e+02, 8.77425385e+01,
    3.28846375e+02, 9.00117493e+01, 3.20347595e+02, 9.21259384e+01,
    3.12143494e+02, 9.43761673e+01, 3.04276398e+02, 9.64496460e+01,
    2.96729065e+02, 9.84162369e+01, 2.89451813e+02, 1.00243790e+02,
    3.37911896e+02, 7.75026321e+01, 3.29024445e+02, 7.99444427e+01,
    3.20638519e+02, 8.23323898e+01, 3.12429321e+02, 8.46513290e+01,
    3.04621307e+02, 8.68740692e+01, 2.96933807e+02, 8.90134583e+01,
    2.89694092e+02, 9.11615143e+01, 3.38173706e+02, 6.71095123e+01,
    3.29361359e+02, 6.98827744e+01, 3.20811737e+02, 7.25212402e+01,
    3.12715149e+02, 7.48918991e+01, 3.04833771e+02, 7.72562790e+01,
    2.97286957e+02, 7.96508408e+01, 2.89874908e+02, 8.18706589e+01,
    3.38463226e+02, 5.69337616e+01, 3.29476105e+02, 5.98766937e+01,
    3.21089508e+02, 6.25756645e+01, 3.12847260e+02, 6.52188950e+01,
    3.05059326e+02, 6.77885284e+01, 2.97614899e+02, 7.01413116e+01,
    2.90276154e+02, 7.26382599e+01 ]
