%YAML:1.0
---
points: [ 7.40239380e+02, 5.97429932e+02, 7.68342773e+02, 6.02021484e+02,
    7.95512817e+02, 6.06526550e+02, 8.22142883e+02, 6.10759949e+02,
    8.48183105e+02, 6.15052185e+02, 8.73442017e+02, 6.19314941e+02,
    8.98142761e+02, 6.23395935e+02, 7.37592285e+02, 6.25428894e+02,
    7.65734009e+02, 6.29621826e+02, 7.93387695e+02, 6.33846252e+02,
    8.20365295e+02, 6.38086548e+02, 8.46516663e+02, 6.41979370e+02,
    8.72200500e+02, 6.45820007e+02, 8.97286560e+02, 6.49686646e+02,
    7.34613892e+02, 6.53986206e+02, 7.63482178e+02, 6.58031311e+02,
    7.91330750e+02, 6.61739197e+02, 8.18445740e+02, 6.65622559e+02,
    8.44856995e+02, 6.69473877e+02, 8.70805969e+02, 6.73040039e+02,
    8.96319092e+02, 6.76534607e+02, 7.32029724e+02, 6.83200073e+02,
    7.60800110e+02, 6.86763367e+02, 7.89135010e+02, 6.90496277e+02,
    8.16596130e+02, 6.93842224e+02, 8.43429382e+02, 6.97338745e+02,
    8.69605408e+02, 7.00761169e+02, 8.95310242e+02, 7.03916016e+02,
    7.29053833e+02, 7.13070251e+02, 7.58343140e+02, 7.16478210e+02,
    7.86763306e+02, 7.19497192e+02, 8.14623901e+02, 7.22819641e+02,
    8.41668457e+02, 7.25921326e+02, 8.68243591e+02, 7.29103577e+02,
    8.94118103e+02, 7.32202393e+02, 7.26193726e+02, 7.43697266e+02,
    7.55642151e+02, 7.46489502e+02, 7.84544128e+02, 7.49595947e+02,
    8.12583130e+02, 7.52440796e+02, 8.39931519e+02, 7.55304504e+02,
    8.66630798e+02, 7.58139160e+02, 8.92772766e+02, 7.60761658e+02,
    7.23033447e+02, 7.74818542e+02, 7.53092834e+02, 7.77423340e+02,
    7.82108582e+02, 7.80073059e+02, 8.10594666e+02, 7.82531555e+02,
    8.38253662e+02, 7.85151978e+02, 8.65281006e+02, 7.87545105e+02,
    8.91584717e+02, 7.90014343e+02, 7.19648926e+02, 8.06845398e+02,
    7.50110413e+02, 8.08918640e+02, 7.79701904e+02, 8.11408569e+02,
    8.08350525e+02, 8.13462036e+02, 8.36362610e+02, 8.15613586e+02,
    8.63658936e+02, 8.17794983e+02, 8.90396667e+02, 8.19818298e+02,
    7.16605835e+02, 8.39476807e+02, 7.47313721e+02, 8.41453918e+02,
    7.77054504e+02, 8.43276428e+02, 8.06193237e+02, 8.45094788e+02,
    8.34446411e+02, 8.46811768e+02, 8.61995850e+02, 8.48742615e+02,
    8.89121765e+02, 8.50486023e+02 ]
