%YAML:1.0
---
points: [ 4.71047791e+02, 7.31497955e+01, 4.69798126e+02, 8.29529190e+01,
    4.63925903e+02, 8.72993546e+01, 4.58678650e+02, 9.25273590e+01,
    4.52924133e+02, 9.80474396e+01, 4.47814575e+02, 1.02800285e+02,
    4.42139496e+02, 1.06817833e+02, 4.71042999e+02, 7.31472931e+01,
    4.65778595e+02, 7.76044922e+01, 4.60124329e+02, 8.32123566e+01,
    4.54714325e+02, 8.75196152e+01, 4.49396484e+02, 9.24844818e+01,
    4.44136200e+02, 9.77911987e+01, 4.38495148e+02, 1.02888893e+02,
    4.66983246e+02, 6.74713974e+01, 4.61976501e+02, 7.28371506e+01,
    4.55916260e+02, 7.71729584e+01, 4.51079193e+02, 8.28180313e+01,
    4.45204407e+02, 8.74273834e+01, 4.39999939e+02, 9.26980438e+01,
    4.33336121e+02, 9.59770813e+01, 4.63176117e+02, 6.25793953e+01,
    4.55622681e+02, 6.60312805e+01, 4.52350616e+02, 7.24078064e+01,
    4.46906311e+02, 7.73855667e+01, 4.41429169e+02, 8.26892319e+01,
    4.35491028e+02, 8.71790543e+01, 4.30431671e+02, 9.27640610e+01,
    4.59028534e+02, 5.67686157e+01, 4.53488495e+02, 6.20038567e+01,
    4.48259918e+02, 6.70306396e+01, 4.42622986e+02, 7.21634598e+01,
    4.36826172e+02, 7.68820267e+01, 4.31357178e+02, 8.22348557e+01,
    4.25533600e+02, 8.66270981e+01, 4.54865234e+02, 5.16685143e+01,
    4.49384399e+02, 5.62823715e+01, 4.44126282e+02, 6.17940483e+01,
    4.38085510e+02, 6.63937378e+01, 4.32990173e+02, 7.21444168e+01,
    4.27313141e+02, 7.70513000e+01, 4.22050476e+02, 8.24741669e+01,
    4.50607635e+02, 4.60543785e+01, 4.45335632e+02, 5.13227272e+01,
    4.39670074e+02, 5.60836296e+01, 4.34329803e+02, 6.14090424e+01,
    4.28607941e+02, 6.64168472e+01, 4.23181244e+02, 7.19667816e+01,
    4.17043365e+02, 7.63018265e+01, 4.46474915e+02, 4.08071861e+01,
    4.41154205e+02, 4.57296638e+01, 4.35358276e+02, 5.08945694e+01,
    4.29898743e+02, 5.60268326e+01, 4.24327362e+02, 6.13256454e+01,
    4.18655273e+02, 6.62055130e+01, 4.13435608e+02, 7.18932495e+01,
    4.42222961e+02, 3.53952789e+01, 4.36770691e+02, 4.03291397e+01,
    4.31334442e+02, 4.56214790e+01, 4.25531311e+02, 5.06150131e+01,
    4.20124237e+02, 5.60411530e+01, 4.14431976e+02, 6.11950417e+01,
    4.08527344e+02, 6.63066025e+01 ]
