%YAML:1.0
---
points: [ 3.63114410e+02, 1.16349777e+02, 3.57108917e+02, 1.21242714e+02,
    3.51286682e+02, 1.24813957e+02, 3.45285034e+02, 1.29673492e+02,
    3.39440430e+02, 1.33122055e+02, 3.33696167e+02, 1.38138275e+02,
    3.27638855e+02, 1.41205246e+02, 3.59315094e+02, 1.11021439e+02,
    3.53536377e+02, 1.15173286e+02, 3.47666809e+02, 1.19378586e+02,
    3.41735291e+02, 1.23960426e+02, 3.36016510e+02, 1.28334518e+02,
    3.30308380e+02, 1.32673264e+02, 3.24602600e+02, 1.36833939e+02,
    3.56117615e+02, 1.05401016e+02, 3.49969482e+02, 1.09461945e+02,
    3.44074493e+02, 1.13901962e+02, 3.38182190e+02, 1.18244583e+02,
    3.32347931e+02, 1.22669785e+02, 3.26486084e+02, 1.26780075e+02,
    3.20442596e+02, 1.30703812e+02, 3.52063782e+02, 9.91132050e+01,
    3.46260345e+02, 1.03513344e+02, 3.40455109e+02, 1.08084015e+02,
    3.34563690e+02, 1.12477760e+02, 3.28711243e+02, 1.16887840e+02,
    3.22786377e+02, 1.21216393e+02, 3.17163513e+02, 1.25410980e+02,
    3.48616180e+02, 9.31153412e+01, 3.42681122e+02, 9.76086044e+01,
    3.36679840e+02, 1.01996468e+02, 3.30790833e+02, 1.06429474e+02,
    3.24848511e+02, 1.10770210e+02, 3.19029877e+02, 1.15200729e+02,
    3.13083557e+02, 1.19634804e+02, 3.44890839e+02, 8.71743546e+01,
    3.39152405e+02, 9.16397934e+01, 3.33007568e+02, 9.61167984e+01,
    3.27024689e+02, 1.00391312e+02, 3.21151154e+02, 1.05035286e+02,
    3.15351440e+02, 1.09349464e+02, 3.09705078e+02, 1.13800095e+02,
    3.41226593e+02, 8.10008240e+01, 3.35272858e+02, 8.54707413e+01,
    3.29195740e+02, 8.99014740e+01, 3.23292908e+02, 9.43661575e+01,
    3.17327118e+02, 9.88811188e+01, 3.11428650e+02, 1.03444244e+02,
    3.05457825e+02, 1.07795113e+02, 3.37365997e+02, 7.49590683e+01,
    3.31433258e+02, 7.93355942e+01, 3.25359711e+02, 8.39848404e+01,
    3.19466675e+02, 8.84479904e+01, 3.13559998e+02, 9.28700714e+01,
    3.07581635e+02, 9.75337906e+01, 3.01866150e+02, 1.01911491e+02,
    3.33893890e+02, 6.89234085e+01, 3.27650513e+02, 7.33695602e+01,
    3.21721252e+02, 7.79355240e+01, 3.15584534e+02, 8.23789139e+01,
    3.09681000e+02, 8.70113449e+01, 3.03685333e+02, 9.13421555e+01,
    2.97700378e+02, 9.60377274e+01 ]
