%YAML:1.0
---
points: [ 1.11546863e+03, 5.37988953e+02, 1.11836108e+03, 5.59446472e+02,
    1.12166919e+03, 5.81485168e+02, 1.12482202e+03, 6.04181030e+02,
    1.12839197e+03, 6.27745667e+02, 1.13216797e+03, 6.52147705e+02,
    1.13568542e+03, 6.77384155e+02, 1.08855957e+03, 5.38760254e+02,
    1.09126416e+03, 5.60133423e+02, 1.09397546e+03, 5.82212341e+02,
    1.09668872e+03, 6.04887268e+02, 1.09975439e+03, 6.28588501e+02,
    1.10271069e+03, 6.52945801e+02, 1.10619666e+03, 6.78279358e+02,
    1.06160229e+03, 5.39319397e+02, 1.06405212e+03, 5.60708679e+02,
    1.06625537e+03, 5.82658142e+02, 1.06868445e+03, 6.05662903e+02,
    1.07111987e+03, 6.29297485e+02, 1.07374695e+03, 6.53823303e+02,
    1.07640320e+03, 6.78925049e+02, 1.03487720e+03, 5.39806030e+02,
    1.03681140e+03, 5.61372009e+02, 1.03865662e+03, 5.83347839e+02,
    1.04057751e+03, 6.06401611e+02, 1.04264563e+03, 6.29987854e+02,
    1.04471448e+03, 6.54484070e+02, 1.04694214e+03, 6.79876587e+02,
    1.00811810e+03, 5.40424011e+02, 1.00950195e+03, 5.62087524e+02,
    1.01113354e+03, 5.84092285e+02, 1.01249707e+03, 6.07074890e+02,
    1.01414789e+03, 6.30597839e+02, 1.01565240e+03, 6.55219849e+02,
    1.01742072e+03, 6.80599670e+02, 9.81363098e+02, 5.41000549e+02,
    9.82407288e+02, 5.62684570e+02, 9.83401855e+02, 5.84950012e+02,
    9.84424072e+02, 6.07685303e+02, 9.85510681e+02, 6.31547852e+02,
    9.86568542e+02, 6.55931274e+02, 9.87722473e+02, 6.81374451e+02,
    9.54613647e+02, 5.42033875e+02, 9.55296753e+02, 5.63556030e+02,
    9.55784851e+02, 5.85728394e+02, 9.56390137e+02, 6.08601562e+02,
    9.57138123e+02, 6.32366821e+02, 9.57693481e+02, 6.56794617e+02,
    9.58415283e+02, 6.82330261e+02, 9.28052368e+02, 5.42841248e+02,
    9.28217102e+02, 5.64368225e+02, 9.28358276e+02, 5.86522583e+02,
    9.28451172e+02, 6.09374878e+02, 9.28574585e+02, 6.33121704e+02,
    9.28734436e+02, 6.57584839e+02, 9.28977539e+02, 6.83033081e+02,
    9.01410828e+02, 5.43735779e+02, 9.01030212e+02, 5.65120972e+02,
    9.00724731e+02, 5.87396118e+02, 9.00473450e+02, 6.10149353e+02,
    9.00123718e+02, 6.33890686e+02, 8.99931824e+02, 6.58429932e+02,
    8.99520569e+02, 6.83810486e+02 ]
