%YAML:1.0
---
points: [ 1.23930298e+03, 2.67017334e+02, 1.22177222e+03, 2.79488281e+02,
    1.20443311e+03, 2.92196899e+02, 1.18730676e+03, 3.04624390e+02,
    1.17014441e+03, 3.17113434e+02, 1.15325415e+03, 3.29339844e+02,
    1.13645630e+03, 3.41682831e+02, 1.22871729e+03, 2.49768127e+02,
    1.21132812e+03, 2.62423157e+02, 1.19380359e+03, 2.75057739e+02,
    1.17650000e+03, 2.87756042e+02, 1.15949011e+03, 3.00302490e+02,
    1.14234082e+03, 3.12720215e+02, 1.12547595e+03, 3.25197388e+02,
    1.21797461e+03, 2.32378693e+02, 1.20047314e+03, 2.44931946e+02,
    1.18295569e+03, 2.58008301e+02, 1.16575342e+03, 2.70589111e+02,
    1.14851392e+03, 2.83348755e+02, 1.13129102e+03, 2.95707001e+02,
    1.11451282e+03, 3.08352692e+02, 1.20741528e+03, 2.14489410e+02,
    1.18967993e+03, 2.27677582e+02, 1.17227173e+03, 2.40410110e+02,
    1.15473071e+03, 2.53445206e+02, 1.13746082e+03, 2.65986053e+02,
    1.12026978e+03, 2.79041351e+02, 1.10343188e+03, 2.91451416e+02,
    1.19645007e+03, 1.96733215e+02, 1.17878674e+03, 2.09670029e+02,
    1.16118225e+03, 2.22842972e+02, 1.14370374e+03, 2.35803070e+02,
    1.12640576e+03, 2.48712753e+02, 1.10932654e+03, 2.61510315e+02,
    1.09214856e+03, 2.74455902e+02, 1.18561633e+03, 1.78596603e+02,
    1.16778027e+03, 1.91949585e+02, 1.15029114e+03, 2.04901566e+02,
    1.13260046e+03, 2.18100967e+02, 1.11531580e+03, 2.30940567e+02,
    1.09788538e+03, 2.44087143e+02, 1.08078772e+03, 2.56874603e+02,
    1.17455664e+03, 1.60345367e+02, 1.15680640e+03, 1.73573639e+02,
    1.13908057e+03, 1.87034683e+02, 1.12144006e+03, 2.00032822e+02,
    1.10390881e+03, 2.13312912e+02, 1.08667700e+03, 2.26252533e+02,
    1.06940112e+03, 2.39375031e+02, 1.16351636e+03, 1.41751862e+02,
    1.14556042e+03, 1.55299927e+02, 1.12782141e+03, 1.68535706e+02,
    1.10990967e+03, 1.82168320e+02, 1.09260962e+03, 1.95062714e+02,
    1.07496277e+03, 2.08511414e+02, 1.05783887e+03, 2.21374893e+02,
    1.15197498e+03, 1.23058372e+02, 1.13435840e+03, 1.36390427e+02,
    1.11630750e+03, 1.50054749e+02, 1.09865564e+03, 1.63445770e+02,
    1.08084204e+03, 1.77063065e+02, 1.06362744e+03, 1.90097046e+02,
    1.04606470e+03, 2.03563171e+02 ]
