%YAML:1.0
---
points: [ 2.62268646e+02, 2.07711365e+02, 2.61906128e+02, 1.99259705e+02,
    2.61608093e+02, 1.91206879e+02, 2.61290161e+02, 1.83245331e+02,
    2.60922699e+02, 1.75522598e+02, 2.60666321e+02, 1.67913254e+02,
    2.60389740e+02, 1.60443817e+02, 2.71987671e+02, 2.07385361e+02,
    2.71529907e+02, 1.98912323e+02, 2.71110321e+02, 1.90810593e+02,
    2.70590790e+02, 1.82951248e+02, 2.70181580e+02, 1.75215958e+02,
    2.69802185e+02, 1.67554047e+02, 2.69404297e+02, 1.60094681e+02,
    2.81676636e+02, 2.06985107e+02, 2.81140442e+02, 1.98693542e+02,
    2.80494293e+02, 1.90551437e+02, 2.79964050e+02, 1.82601913e+02,
    2.79380402e+02, 1.74843079e+02, 2.78891235e+02, 1.67257080e+02,
    2.78368195e+02, 1.59772171e+02, 2.91337189e+02, 2.06675934e+02,
    2.90665833e+02, 1.98353760e+02, 2.90040344e+02, 1.90206665e+02,
    2.89264221e+02, 1.82328354e+02, 2.88678925e+02, 1.74477676e+02,
    2.88035339e+02, 1.66868958e+02, 2.87412384e+02, 1.59469788e+02,
    3.01050018e+02, 2.06381714e+02, 3.00287384e+02, 1.97971802e+02,
    2.99443542e+02, 1.89794769e+02, 2.98695312e+02, 1.81833527e+02,
    2.97955475e+02, 1.74164139e+02, 2.97197052e+02, 1.66608658e+02,
    2.96436768e+02, 1.59165054e+02, 3.10883331e+02, 2.06036102e+02,
    3.09916840e+02, 1.97646805e+02, 3.08995331e+02, 1.89482559e+02,
    3.08100830e+02, 1.81554489e+02, 3.07207611e+02, 1.73807892e+02,
    3.06339844e+02, 1.66273529e+02, 3.05549835e+02, 1.58818008e+02,
    3.20607788e+02, 2.05690948e+02, 3.19521576e+02, 1.97314102e+02,
    3.18466125e+02, 1.89202744e+02, 3.17433350e+02, 1.81275681e+02,
    3.16508331e+02, 1.73496460e+02, 3.15477844e+02, 1.65901428e+02,
    3.14589630e+02, 1.58563950e+02, 3.30472839e+02, 2.05384705e+02,
    3.29159912e+02, 1.97001389e+02, 3.27953430e+02, 1.88852127e+02,
    3.26840851e+02, 1.80925552e+02, 3.25747711e+02, 1.73159042e+02,
    3.24721985e+02, 1.65655472e+02, 3.23711243e+02, 1.58317474e+02,
    3.40120239e+02, 2.05007187e+02, 3.38879852e+02, 1.96646545e+02,
    3.37574524e+02, 1.88561783e+02, 3.36310089e+02, 1.80545929e+02,
    3.35062866e+02, 1.72849808e+02, 3.33921265e+02, 1.65379669e+02,
    3.32757294e+02, 1.57977066e+02 ]
