%YAML:1.0
---
points: [ 2.65312439e+02, 3.62666740e+01, 2.70924103e+02, 4.11697807e+01,
    2.75253876e+02, 4.47872925e+01, 2.80578033e+02, 4.97096138e+01,
    2.84962280e+02, 5.33723335e+01, 2.90088745e+02, 5.80470238e+01,
    2.94698730e+02, 6.22471199e+01, 2.60225189e+02, 4.24623680e+01,
    2.66322571e+02, 4.69091377e+01, 2.70676300e+02, 5.08161201e+01,
    2.75552002e+02, 5.52461510e+01, 2.79480011e+02, 5.92179565e+01,
    2.85532867e+02, 6.41107178e+01, 2.90178894e+02, 6.80565338e+01,
    2.57170654e+02, 4.85494576e+01, 2.60184662e+02, 5.19326172e+01,
    2.66875580e+02, 5.73634834e+01, 2.71206543e+02, 6.10931625e+01,
    2.75724457e+02, 6.53873520e+01, 2.79804199e+02, 6.96277390e+01,
    2.84583893e+02, 7.41497498e+01, 2.52307846e+02, 5.40250053e+01,
    2.60666351e+02, 6.23172989e+01, 2.60716278e+02, 6.23297882e+01,
    2.66918457e+02, 6.74785004e+01, 2.71369446e+02, 7.12975388e+01,
    2.75833679e+02, 7.57695160e+01, 2.80419800e+02, 7.99266357e+01,
    2.48081772e+02, 5.99561348e+01, 2.56940765e+02, 6.84827499e+01,
    2.57667053e+02, 6.87718353e+01, 2.60528046e+02, 7.23537521e+01,
    2.66807556e+02, 7.71678009e+01, 2.71621277e+02, 8.16860580e+01,
    2.75166687e+02, 8.57800446e+01, 2.43405884e+02, 6.54161911e+01,
    2.43405930e+02, 6.54161682e+01, 2.52888336e+02, 7.42368774e+01,
    2.56011047e+02, 7.79398956e+01, 2.61606750e+02, 8.28509750e+01,
    2.65549133e+02, 8.70182266e+01, 2.71157104e+02, 9.14167938e+01,
    2.39637421e+02, 7.13216476e+01, 2.39639740e+02, 7.13232269e+01,
    2.46678085e+02, 7.93825531e+01, 2.50696960e+02, 8.37512131e+01,
    2.56668304e+02, 8.83100586e+01, 2.62507263e+02, 9.31662216e+01,
    2.65657104e+02, 9.72276382e+01, 2.34876160e+02, 7.68572617e+01,
    2.40107147e+02, 8.12932510e+01, 2.41756958e+02, 8.48116455e+01,
    2.48348358e+02, 8.92284775e+01, 2.51694870e+02, 9.39594650e+01,
    2.56670563e+02, 9.83901749e+01, 2.61819977e+02, 1.02628403e+02,
    2.31682968e+02, 8.23343811e+01, 2.31683044e+02, 8.23343658e+01,
    2.40200394e+02, 9.08924103e+01, 2.40200378e+02, 9.08924332e+01,
    2.49671585e+02, 9.99195328e+01, 2.53650085e+02, 1.04211319e+02,
    2.56392944e+02, 1.08474609e+02 ]
