%YAML:1.0
---
points: [ 2.89746704e+02, 1.12947212e+02, 2.93220612e+02, 1.22711845e+02,
    2.93279419e+02, 1.22793701e+02, 2.96416534e+02, 1.30927841e+02,
    3.02750000e+02, 1.36750000e+02, 3.06386200e+02, 1.42337494e+02,
    3.06274170e+02, 1.48267563e+02, 2.81224701e+02, 1.20612831e+02,
    2.87726410e+02, 1.22673546e+02, 2.94151459e+02, 1.28677582e+02,
    2.94449646e+02, 1.34325455e+02, 2.96872406e+02, 1.39759842e+02,
    3.00105042e+02, 1.45724258e+02, 3.06274048e+02, 1.48267624e+02,
    2.79909241e+02, 1.20311852e+02, 2.82465973e+02, 1.26410286e+02,
    2.85922424e+02, 1.32007538e+02, 2.89296356e+02, 1.38197449e+02,
    2.95041534e+02, 1.43381180e+02, 2.95306305e+02, 1.49361725e+02,
    2.94738770e+02, 1.55686935e+02, 2.72802521e+02, 1.24750595e+02,
    2.76716461e+02, 1.29350388e+02, 2.79808044e+02, 1.36099182e+02,
    2.83245422e+02, 1.41282715e+02, 2.86251373e+02, 1.47068848e+02,
    2.86312195e+02, 1.53058014e+02, 2.93355530e+02, 1.56523727e+02,
    2.68758423e+02, 1.27092453e+02, 2.71243835e+02, 1.33213013e+02,
    2.73999542e+02, 1.42273666e+02, 2.77696350e+02, 1.44262985e+02,
    2.82301147e+02, 1.55622757e+02, 2.84287354e+02, 1.56352982e+02,
    2.87244415e+02, 1.61534775e+02, 2.58144928e+02, 1.34465973e+02,
    2.65339996e+02, 1.36367096e+02, 2.73925171e+02, 1.42242935e+02,
    2.72436371e+02, 1.48677338e+02, 2.74915039e+02, 1.53923599e+02,
    2.78534241e+02, 1.59035919e+02, 2.87245117e+02, 1.61535080e+02,
    2.57085449e+02, 1.33962997e+02, 2.59798798e+02, 1.39866135e+02,
    2.63075989e+02, 1.45667358e+02, 2.66420593e+02, 1.51092758e+02,
    2.70873474e+02, 1.62440842e+02, 2.73274017e+02, 1.63096573e+02,
    2.75731384e+02, 1.65190552e+02, 2.51256897e+02, 1.38062668e+02,
    2.53674026e+02, 1.39794785e+02, 2.57488220e+02, 1.48686172e+02,
    2.61028168e+02, 1.55154572e+02, 2.64230896e+02, 1.60897095e+02,
    2.67584991e+02, 1.66047058e+02, 2.71107147e+02, 1.72195282e+02,
    2.47385620e+02, 1.40974747e+02, 2.48739624e+02, 1.46592438e+02,
    2.53402863e+02, 1.52766327e+02, 2.53402908e+02, 1.52766373e+02, 259.,
    1.63750000e+02, 2.62261841e+02, 1.69417801e+02, 2.66011353e+02,
    1.75332626e+02 ]
