%YAML:1.0
---
points: [ 1.25694507e+03, 2.03146652e+02, 1.27135889e+03, 2.11607132e+02,
    1.28588831e+03, 2.20677521e+02, 1.30116406e+03, 2.29666260e+02,
    1.31620618e+03, 2.38917160e+02, 1.33228406e+03, 2.48195724e+02,
    1.34825610e+03, 2.57727570e+02, 1.24124976e+03, 2.16006256e+02,
    1.25543213e+03, 2.25124084e+02, 1.26988489e+03, 2.34082169e+02,
    1.28462793e+03, 2.43414383e+02, 1.30007898e+03, 2.52710907e+02,
    1.31533643e+03, 2.62327087e+02, 1.33148486e+03, 2.71697083e+02,
    1.22560059e+03, 2.29430176e+02, 1.23947095e+03, 2.38251450e+02,
    1.25373584e+03, 2.47614929e+02, 1.26857837e+03, 2.56975220e+02,
    1.28336377e+03, 2.66517883e+02, 1.29886951e+03, 2.76116547e+02,
    1.31440930e+03, 2.85780457e+02, 1.21003149e+03, 2.42536789e+02,
    1.22362964e+03, 2.51637177e+02, 1.23782727e+03, 2.60957031e+02,
    1.25214111e+03, 2.70546265e+02, 1.26708203e+03, 2.80260498e+02,
    1.28199170e+03, 2.90107025e+02, 1.29777478e+03, 2.99857300e+02,
    1.19413293e+03, 2.55642776e+02, 1.20770728e+03, 2.64691406e+02,
    1.22153662e+03, 2.74420654e+02, 1.23611633e+03, 2.84145386e+02,
    1.25044727e+03, 2.93900085e+02, 1.26557959e+03, 3.03856995e+02,
    1.28059534e+03, 3.13794403e+02, 1.17862146e+03, 2.68511475e+02,
    1.19165417e+03, 2.78017883e+02, 1.20559924e+03, 2.87518341e+02,
    1.21951099e+03, 2.97488586e+02, 1.23404077e+03, 3.07391296e+02,
    1.24861121e+03, 3.17506744e+02, 1.26375293e+03, 3.27570282e+02,
    1.16263367e+03, 2.81547974e+02, 1.17590015e+03, 2.90960632e+02,
    1.18930701e+03, 3.00911957e+02, 1.20343787e+03, 3.10817627e+02,
    1.21732068e+03, 3.21068176e+02, 1.23209509e+03, 3.31283142e+02,
    1.24659216e+03, 3.41505768e+02, 1.14710498e+03, 2.94482849e+02,
    1.15994800e+03, 3.04250244e+02, 1.17332581e+03, 3.14121033e+02,
    1.18708044e+03, 3.24369598e+02, 1.20108813e+03, 3.34563568e+02,
    1.21498926e+03, 3.45138214e+02, 1.22994275e+03, 3.55473846e+02,
    1.13117957e+03, 3.07458069e+02, 1.14401953e+03, 3.17193787e+02,
    1.15721716e+03, 3.27486664e+02, 1.17073962e+03, 3.37611755e+02,
    1.18434705e+03, 3.48231201e+02, 1.19857861e+03, 3.58623688e+02,
    1.21285095e+03, 3.69525848e+02 ]
