%YAML:1.0
---
points: [ 7.65772888e+02, 5.59154846e+02, 7.90401123e+02, 5.70413513e+02,
    8.14839111e+02, 5.81505737e+02, 8.39455811e+02, 5.92753906e+02,
    8.63776001e+02, 6.03912354e+02, 8.88308655e+02, 6.15283447e+02,
    9.12664062e+02, 6.26388306e+02, 7.53516785e+02, 5.81639160e+02,
    7.78444214e+02, 5.92952576e+02, 8.03212036e+02, 6.04388489e+02,
    8.27983154e+02, 6.15584167e+02, 8.52609985e+02, 6.26803345e+02,
    8.77434143e+02, 6.38302734e+02, 9.02195923e+02, 6.49575439e+02,
    7.40954834e+02, 6.04557068e+02, 7.65991089e+02, 6.16100525e+02,
    7.91097534e+02, 6.27475891e+02, 8.16141235e+02, 6.38884399e+02,
    8.41288696e+02, 6.50397766e+02, 8.66247375e+02, 6.61918762e+02,
    8.91328674e+02, 6.73371277e+02, 7.27863647e+02, 6.28124512e+02,
    7.53389832e+02, 6.39643616e+02, 7.78648560e+02, 6.51322815e+02,
    8.04270752e+02, 6.62830200e+02, 8.29486694e+02, 6.74418274e+02,
    8.54741394e+02, 6.86083679e+02, 8.80066467e+02, 6.97688171e+02,
    7.14588684e+02, 6.52306396e+02, 7.40396423e+02, 6.64053284e+02,
    7.66146423e+02, 6.75669556e+02, 7.91707214e+02, 6.87498901e+02,
    8.17430542e+02, 6.99204224e+02, 8.42892578e+02, 7.10906311e+02,
    8.68614441e+02, 7.22653320e+02, 7.00798645e+02, 6.77181763e+02,
    7.27100708e+02, 6.88973206e+02, 7.53102722e+02, 7.00726685e+02,
    7.79148804e+02, 7.12624573e+02, 8.04905151e+02, 7.24640381e+02,
    8.30940491e+02, 7.36513000e+02, 8.56840820e+02, 7.48476868e+02,
    6.86985535e+02, 7.02355042e+02, 7.13352295e+02, 7.14524841e+02,
    7.39701904e+02, 7.26438599e+02, 7.66051575e+02, 7.38465210e+02,
    7.92423279e+02, 7.50537598e+02, 8.18600464e+02, 7.62707581e+02,
    8.44863159e+02, 7.74718750e+02, 6.72499329e+02, 7.28555115e+02,
    6.99346863e+02, 7.40637573e+02, 7.25995056e+02, 7.52769958e+02,
    7.52642578e+02, 7.65007568e+02, 7.79250732e+02, 7.77395386e+02,
    8.05840088e+02, 7.89503662e+02, 8.32386047e+02, 8.01898560e+02,
    6.57833923e+02, 7.55182983e+02, 6.84685364e+02, 7.67605469e+02,
    7.11891602e+02, 7.79858032e+02, 7.38797546e+02, 7.92343262e+02,
    7.65921021e+02, 8.04696594e+02, 7.92714355e+02, 8.17152588e+02,
    8.19864197e+02, 8.29610596e+02 ]
