%YAML:1.0
---
points: [ 2.83844879e+02, 2.87456696e+02, 2.75359497e+02, 2.86136261e+02,
    2.67011139e+02, 2.84959503e+02, 2.58989532e+02, 2.83779266e+02,
    2.51404160e+02, 2.82787170e+02, 2.43785660e+02, 2.81561646e+02,
    2.36552383e+02, 2.80567413e+02, 2.83969879e+02, 2.77317444e+02,
    2.75547974e+02, 2.76368225e+02, 2.67221954e+02, 2.75210144e+02,
    2.59212097e+02, 2.74299438e+02, 2.51543854e+02, 2.73207520e+02,
    2.43818253e+02, 2.72334686e+02, 2.36656036e+02, 2.71309204e+02,
    2.84063507e+02, 2.67402008e+02, 2.75626923e+02, 2.66472565e+02,
    2.67331818e+02, 2.65593750e+02, 2.59305573e+02, 2.64765289e+02,
    2.51651764e+02, 2.63925964e+02, 2.43913040e+02, 2.63094360e+02,
    2.36755234e+02, 2.62384186e+02, 2.84104706e+02, 2.57398499e+02,
    2.75715179e+02, 2.56749725e+02, 2.67506470e+02, 2.55942245e+02,
    2.59494965e+02, 2.55200424e+02, 2.51717957e+02, 2.54512054e+02,
    2.44108200e+02, 2.53863724e+02, 2.36715378e+02, 2.53099976e+02,
    2.84265381e+02, 2.47503479e+02, 2.75801056e+02, 2.46904770e+02,
    2.67619934e+02, 2.46298218e+02, 2.59575226e+02, 2.45691559e+02,
    2.51746597e+02, 2.45181320e+02, 2.44234879e+02, 2.44642578e+02,
    2.36843506e+02, 2.44103943e+02, 2.84386932e+02, 2.37536591e+02,
    2.75826752e+02, 2.37154297e+02, 2.67636627e+02, 2.36632294e+02,
    2.59734100e+02, 2.36214218e+02, 2.51854996e+02, 2.35711182e+02,
    2.44418198e+02, 2.35362289e+02, 2.36995834e+02, 2.34960709e+02,
    2.84510742e+02, 2.27711929e+02, 2.75960754e+02, 2.27370728e+02,
    2.67734161e+02, 2.27036835e+02, 2.59798065e+02, 2.26753006e+02,
    2.51989960e+02, 2.26478806e+02, 2.44581436e+02, 2.26167160e+02,
    2.37251740e+02, 2.25919022e+02, 2.84598877e+02, 2.17708755e+02,
    2.76150238e+02, 2.17646210e+02, 2.67825378e+02, 2.17453186e+02,
    2.59892242e+02, 2.17328995e+02, 2.52170013e+02, 2.17080460e+02,
    2.44729935e+02, 2.16886932e+02, 2.37507385e+02, 2.16703674e+02,
    2.84748657e+02, 2.07857056e+02, 2.76229004e+02, 2.07812363e+02,
    2.67920746e+02, 2.07806976e+02, 2.60046234e+02, 2.07758011e+02,
    2.52355820e+02, 2.07806732e+02, 2.44821777e+02, 2.07748596e+02,
    2.37588882e+02, 2.07845734e+02 ]
