%YAML:1.0
---
points: [ 9.52136841e+02, 2.53091259e+01, 9.66476562e+02, 3.83894844e+01,
    9.80575745e+02, 5.14431114e+01, 9.95002441e+02, 6.45344391e+01,
    1.00930048e+03, 7.76208267e+01, 1.02373334e+03, 9.08562851e+01,
    1.03829309e+03, 1.04175354e+02, 9.38958801e+02, 4.32634392e+01,
    9.52873169e+02, 5.62682838e+01, 9.67173157e+02, 6.94156647e+01,
    9.81186340e+02, 8.24344940e+01, 9.95466125e+02, 9.56246872e+01,
    1.00963702e+03, 1.08725311e+02, 1.02422534e+03, 1.22065063e+02,
    9.25678162e+02, 6.08232956e+01, 9.39686218e+02, 7.39013748e+01,
    9.53604370e+02, 8.69255524e+01, 9.67598083e+02, 1.00159805e+02,
    9.81651489e+02, 1.13173325e+02, 9.95813232e+02, 1.26481377e+02,
    1.01003735e+03, 1.39718735e+02, 9.12807861e+02, 7.83620682e+01,
    9.26562988e+02, 9.13519974e+01, 9.40495117e+02, 1.04446281e+02,
    9.54230225e+02, 1.17461243e+02, 9.68219910e+02, 1.30735352e+02,
    9.82153503e+02, 1.43812897e+02, 9.96305176e+02, 1.57286194e+02,
    9.00038696e+02, 9.55812607e+01, 9.13742065e+02, 1.08656235e+02,
    9.27422180e+02, 1.21670822e+02, 9.41191040e+02, 1.34761124e+02,
    9.54775452e+02, 1.47883331e+02, 9.68715393e+02, 1.61167572e+02,
    9.82589172e+02, 1.74310349e+02, 8.87468140e+02, 1.12628357e+02,
    9.00865356e+02, 1.25639229e+02, 9.14547485e+02, 1.38607300e+02,
    9.27949951e+02, 1.51633392e+02, 9.41613159e+02, 1.64921814e+02,
    9.55287598e+02, 1.78063553e+02, 9.69240234e+02, 1.91343765e+02,
    8.74803467e+02, 1.29357727e+02, 8.88358765e+02, 1.42370743e+02,
    9.01638184e+02, 1.55415817e+02, 9.15113892e+02, 1.68464584e+02,
    9.28514526e+02, 1.81504822e+02, 9.42198425e+02, 1.94701569e+02,
    9.55645447e+02, 2.07926468e+02, 8.62475708e+02, 1.46101608e+02,
    8.75708496e+02, 1.58846848e+02, 8.89143921e+02, 1.71970215e+02,
    9.02308655e+02, 1.84844131e+02, 9.15599915e+02, 1.98125534e+02,
    9.28828979e+02, 2.11228348e+02, 9.42446289e+02, 2.24488434e+02,
    8.50139832e+02, 1.62397263e+02, 8.63349976e+02, 1.75270309e+02,
    8.76419983e+02, 1.88231934e+02, 8.89557007e+02, 2.01219315e+02,
    9.02726440e+02, 2.14296326e+02, 9.16067383e+02, 2.27495026e+02,
    9.29362976e+02, 2.40640167e+02 ]
