%YAML:1.0
---
points: [ 1.11964392e+03, 3.70844421e+02, 1.12246448e+03, 3.92733521e+02,
    1.12535889e+03, 4.14829773e+02, 1.12819055e+03, 4.37712982e+02,
    1.13126282e+03, 4.60789490e+02, 1.13421509e+03, 4.84828522e+02,
    1.13743408e+03, 5.09247711e+02, 1.09307434e+03, 3.71773834e+02,
    1.09549146e+03, 3.93440277e+02, 1.09781421e+03, 4.15815063e+02,
    1.10055664e+03, 4.38551849e+02, 1.10305847e+03, 4.61917969e+02,
    1.10582275e+03, 4.85678864e+02, 1.10849390e+03, 5.10391907e+02,
    1.06641882e+03, 3.72508331e+02, 1.06855798e+03, 3.94360596e+02,
    1.07055322e+03, 4.16685699e+02, 1.07283862e+03, 4.39470123e+02,
    1.07520312e+03, 4.62686890e+02, 1.07746082e+03, 4.86802399e+02,
    1.07993689e+03, 5.11343506e+02, 1.03973962e+03, 3.73378815e+02,
    1.04160547e+03, 3.95299591e+02, 1.04353442e+03, 4.17574341e+02,
    1.04540564e+03, 4.40358582e+02, 1.04739490e+03, 4.63717285e+02,
    1.04936633e+03, 4.87532837e+02, 1.05140833e+03, 5.12243469e+02,
    1.01323364e+03, 3.74295807e+02, 1.01459943e+03, 3.96213043e+02,
    1.01629688e+03, 4.18441986e+02, 1.01768939e+03, 4.41279175e+02,
    1.01948737e+03, 4.64686249e+02, 1.02116370e+03, 4.88628571e+02,
    1.02269232e+03, 5.13412903e+02, 9.86465515e+02, 3.75153107e+02,
    9.87630798e+02, 3.96900696e+02, 9.89001038e+02, 4.19380280e+02,
    9.90305054e+02, 4.42113800e+02, 9.91383423e+02, 4.65621857e+02,
    9.92637878e+02, 4.89660248e+02, 9.94192566e+02, 5.14141174e+02,
    9.60008118e+02, 3.76096710e+02, 9.60785828e+02, 3.97997742e+02,
    9.61715393e+02, 4.20249725e+02, 9.62686768e+02, 4.43270233e+02,
    9.63711121e+02, 4.66497925e+02, 9.64525146e+02, 4.90636841e+02,
    9.65628967e+02, 5.15219788e+02, 9.33460144e+02, 3.76935181e+02,
    9.33999390e+02, 3.98734467e+02, 9.34532227e+02, 4.21272217e+02,
    9.35250549e+02, 4.44237183e+02, 9.35832153e+02, 4.67487427e+02,
    9.36513733e+02, 4.91598450e+02, 9.37149963e+02, 5.16195618e+02,
    9.07011475e+02, 3.78067108e+02, 9.07154846e+02, 3.99698975e+02,
    9.07334595e+02, 4.22240875e+02, 9.07556152e+02, 4.45006958e+02,
    9.08017883e+02, 4.68482819e+02, 9.08239441e+02, 4.92404846e+02,
    9.08523438e+02, 5.17133911e+02 ]
