%YAML:1.0
---
points: [ 1.11843982e+03, 2.32386459e+02, 1.12024353e+03, 2.52679321e+02,
    1.12196777e+03, 2.73540985e+02, 1.12353601e+03, 2.94784973e+02,
    1.12553333e+03, 3.16624420e+02, 1.12750476e+03, 3.38853363e+02,
    1.12945093e+03, 3.61697693e+02, 1.09178589e+03, 2.30627304e+02,
    1.09344214e+03, 2.51125107e+02, 1.09472852e+03, 2.71901672e+02,
    1.09630054e+03, 2.93269836e+02, 1.09760876e+03, 3.15228760e+02,
    1.09944702e+03, 3.37533630e+02, 1.10093042e+03, 3.60561615e+02,
    1.06531714e+03, 2.28976227e+02, 1.06643445e+03, 2.49534653e+02,
    1.06758057e+03, 2.70383514e+02, 1.06865637e+03, 2.91719757e+02,
    1.06991614e+03, 3.13614868e+02, 1.07111084e+03, 3.36000610e+02,
    1.07246191e+03, 3.59090088e+02, 1.03869092e+03, 2.27373138e+02,
    1.03958191e+03, 2.47791153e+02, 1.04034302e+03, 2.68701599e+02,
    1.04131738e+03, 2.90289398e+02, 1.04214587e+03, 3.12277954e+02,
    1.04302429e+03, 3.34522064e+02, 1.04378760e+03, 3.57539978e+02,
    1.01213470e+03, 2.25519531e+02, 1.01248187e+03, 2.46288193e+02,
    1.01295801e+03, 2.67094727e+02, 1.01340625e+03, 2.88562836e+02,
    1.01416895e+03, 3.10563782e+02, 1.01456390e+03, 3.33257690e+02,
    1.01512244e+03, 3.56100616e+02, 9.85307312e+02, 2.24016846e+02,
    9.85521240e+02, 2.44645233e+02, 9.85609802e+02, 2.65515564e+02,
    9.85789001e+02, 2.87017548e+02, 9.85914673e+02, 3.09203491e+02,
    9.86126526e+02, 3.31572113e+02, 9.86333191e+02, 3.54609802e+02,
    9.58447693e+02, 2.22485657e+02, 9.58163818e+02, 2.43109985e+02,
    9.58000427e+02, 2.63980835e+02, 9.57897095e+02, 2.85621277e+02,
    9.57812134e+02, 3.07540253e+02, 9.57722778e+02, 3.30242401e+02,
    9.57581482e+02, 3.53377808e+02, 9.31503479e+02, 2.20744980e+02,
    9.30900513e+02, 2.41490662e+02, 9.30497375e+02, 2.62370178e+02,
    9.30097778e+02, 2.83839661e+02, 9.29566772e+02, 3.06102264e+02,
    9.29120911e+02, 3.28659515e+02, 9.28699463e+02, 3.51585968e+02,
    9.04332092e+02, 2.19344284e+02, 9.03533081e+02, 2.39691086e+02,
    9.02682495e+02, 2.60776123e+02, 9.01908386e+02, 2.82355927e+02,
    9.01438232e+02, 3.04463226e+02, 9.00499817e+02, 3.26935272e+02,
    8.99753845e+02, 3.50108704e+02 ]
