%YAML:1.0
---
points: [ 2.72383209e+02, 1.04420708e+02, 2.76380219e+02, 1.14340622e+02,
    2.76380341e+02, 1.14340569e+02, 2.77778107e+02, 1.26396179e+02,
    2.77778259e+02, 1.26396469e+02, 2.84471954e+02, 1.36255280e+02,
    2.82874176e+02, 1.42724701e+02, 2.66062866e+02, 1.09634232e+02,
    2.74741089e+02, 1.10155449e+02, 2.68936401e+02, 1.18604691e+02,
    2.74539093e+02, 1.26111565e+02, 2.72375885e+02, 1.29694885e+02,
    2.74365295e+02, 1.36494965e+02, 2.77062256e+02, 1.44453415e+02,
    2.66062958e+02, 1.09634232e+02, 2.60110901e+02, 1.12275452e+02,
    2.70896149e+02, 1.24583282e+02, 2.70897339e+02, 1.24585129e+02,
    2.74365295e+02, 1.36494736e+02, 2.72161987e+02, 1.40988129e+02,
    2.70785919e+02, 1.46745621e+02, 2.54350266e+02, 1.14649170e+02,
    2.58997559e+02, 1.18464546e+02, 2.56710907e+02, 1.21507477e+02,
    2.59362213e+02, 1.30179596e+02, 2.68182159e+02, 1.39421097e+02,
    2.64179932e+02, 1.47917435e+02, 2.70785828e+02, 1.46745544e+02,
    2.54340286e+02, 1.14611443e+02, 2.48462967e+02, 1.17334602e+02,
    2.52771042e+02, 1.31207397e+02, 2.60320007e+02, 1.34017426e+02,
    2.62587219e+02, 1.42048676e+02, 2.58911041e+02, 1.50012802e+02,
    2.58911133e+02, 1.50012924e+02, 2.42829483e+02, 1.20381187e+02,
    2.42829529e+02, 1.20381256e+02, 2.44901428e+02, 1.26825989e+02,
    2.46665756e+02, 1.32487122e+02, 2.50710770e+02, 1.45658890e+02,
    2.50710800e+02, 1.45658966e+02, 2.52079147e+02, 1.52149216e+02,
    2.42829483e+02, 1.20381187e+02, 2.37477600e+02, 1.22367912e+02,
    2.39434082e+02, 1.28786179e+02, 2.40698349e+02, 1.34790649e+02,
    2.43166916e+02, 1.42053818e+02, 2.52079086e+02, 1.52149139e+02,
    2.46677460e+02, 1.53980438e+02, 2.37477493e+02, 1.22367867e+02,
    2.39434021e+02, 1.28786102e+02, 2.39434082e+02, 1.28786179e+02,
    2.35800095e+02, 1.36871872e+02, 2.44902786e+02, 1.47722717e+02,
    2.41153366e+02, 1.56444977e+02, 2.46677460e+02, 1.53980438e+02,
    2.31872635e+02, 1.24425781e+02, 2.34211258e+02, 1.31326202e+02,
    2.35800049e+02, 1.36871811e+02, 2.37030838e+02, 1.43482986e+02,
    2.39144760e+02, 1.50538727e+02, 2.41153366e+02, 1.56444977e+02,
    2.38496094e+02, 1.59996552e+02 ]
