%YAML:1.0
---
points: [ 7.57911682e+02, 5.08226196e+02, 7.77537048e+02, 5.26025757e+02,
    7.97335144e+02, 5.44279602e+02, 8.16757385e+02, 5.62062317e+02,
    8.36355042e+02, 5.80014587e+02, 8.56034790e+02, 5.98148926e+02,
    8.75517517e+02, 6.16102112e+02, 7.38997803e+02, 5.27377197e+02,
    7.58884766e+02, 5.45503052e+02, 7.78508911e+02, 5.63473999e+02,
    7.98505737e+02, 5.81555725e+02, 8.18000183e+02, 5.99600952e+02,
    8.37761658e+02, 6.17695923e+02, 8.57397522e+02, 6.35779053e+02,
    7.20106934e+02, 5.46623840e+02, 7.39927185e+02, 5.64814697e+02,
    7.59920837e+02, 5.83017761e+02, 7.79585327e+02, 6.01153076e+02,
    7.99612915e+02, 6.19461975e+02, 8.19344604e+02, 6.37581482e+02,
    8.39149780e+02, 6.55672180e+02, 7.00709839e+02, 5.66272034e+02,
    7.20818542e+02, 5.84397217e+02, 7.40743774e+02, 6.02714355e+02,
    7.60919373e+02, 6.21119934e+02, 7.80687500e+02, 6.39386597e+02,
    8.00640686e+02, 6.57545349e+02, 8.20546143e+02, 6.75936584e+02,
    6.81476379e+02, 5.86042480e+02, 7.01577087e+02, 6.04381287e+02,
    7.21656494e+02, 6.22683289e+02, 7.41630432e+02, 6.41122009e+02,
    7.61694214e+02, 6.59486511e+02, 7.81752197e+02, 6.77873413e+02,
    8.01922241e+02, 6.96408386e+02, 6.61583435e+02, 6.06131592e+02,
    6.81938171e+02, 6.24520325e+02, 7.02042664e+02, 6.43195862e+02,
    7.22315552e+02, 6.61529541e+02, 7.42386230e+02, 6.80137085e+02,
    7.62622559e+02, 6.98593079e+02, 7.82677002e+02, 7.17300049e+02,
    6.41659058e+02, 6.26194031e+02, 6.61799133e+02, 6.44830078e+02,
    6.82440125e+02, 6.63467285e+02, 7.02664429e+02, 6.82219055e+02,
    7.23153076e+02, 7.00754272e+02, 7.43245422e+02, 7.19614624e+02,
    7.63478149e+02, 7.38131531e+02, 6.21293213e+02, 6.46750916e+02,
    6.41840576e+02, 6.65532593e+02, 6.62365967e+02, 6.84439026e+02,
    6.82775940e+02, 7.02941040e+02, 7.03285950e+02, 7.21782776e+02,
    7.23759888e+02, 7.40676514e+02, 7.43993286e+02, 7.59459717e+02,
    6.00759460e+02, 6.67607849e+02, 6.21336853e+02, 6.86643127e+02,
    6.41969055e+02, 7.05357788e+02, 6.62603333e+02, 7.24360596e+02,
    6.83167297e+02, 7.43121216e+02, 7.03674500e+02, 7.62290405e+02,
    7.24241638e+02, 7.81105103e+02 ]
