%YAML:1.0
---
points: [ 2.83490906e+02, 2.18583328e+02, 2.74999390e+02, 2.18368423e+02,
    2.66821259e+02, 2.18171143e+02, 2.58801483e+02, 2.17933548e+02,
    2.51240051e+02, 2.17793137e+02, 2.43699600e+02, 2.17672791e+02,
    2.36577103e+02, 2.17585037e+02, 2.83703674e+02, 2.08640289e+02,
    2.75238922e+02, 2.08644287e+02, 2.66958679e+02, 2.08602005e+02,
    2.59001282e+02, 2.08575897e+02, 2.51385773e+02, 2.08505096e+02,
    2.43791794e+02, 2.08465775e+02, 2.36625656e+02, 2.08292755e+02,
    2.83848450e+02, 1.98768768e+02, 2.75400269e+02, 1.98799240e+02,
    2.67185852e+02, 1.98917068e+02, 2.59203217e+02, 1.99022690e+02,
    2.51532578e+02, 1.99111664e+02, 2.43910141e+02, 1.99161377e+02,
    2.36735092e+02, 1.99281570e+02, 2.83960815e+02, 1.88833557e+02,
    2.75561554e+02, 1.89147812e+02, 2.67304291e+02, 1.89326248e+02,
    2.59325684e+02, 1.89550095e+02, 2.51649887e+02, 1.89758698e+02,
    2.44076843e+02, 1.89915359e+02, 2.36787811e+02, 1.90107895e+02,
    2.84182159e+02, 1.79031967e+02, 2.75682343e+02, 1.79344452e+02,
    2.67574127e+02, 1.79660309e+02, 2.59570496e+02, 1.80079895e+02,
    2.51800720e+02, 1.80469330e+02, 2.44311981e+02, 1.80868179e+02,
    2.36920135e+02, 1.81206589e+02, 2.84297729e+02, 1.69039703e+02,
    2.75847137e+02, 1.69606094e+02, 2.67633881e+02, 1.70068451e+02,
    2.59702087e+02, 1.70515732e+02, 2.51863983e+02, 1.71127914e+02,
    2.44524246e+02, 1.71620117e+02, 2.37147644e+02, 1.71965179e+02,
    2.84562836e+02, 1.59144623e+02, 2.75976929e+02, 1.59756348e+02,
    2.67803101e+02, 1.60438385e+02, 2.59818726e+02, 1.61214050e+02,
    2.52139175e+02, 1.61777008e+02, 2.44694931e+02, 1.62331177e+02,
    2.37339462e+02, 1.62969772e+02, 2.84719788e+02, 1.49073441e+02,
    2.76178558e+02, 1.49983200e+02, 2.67948242e+02, 1.50767151e+02,
    2.59954803e+02, 1.51670425e+02, 2.52338379e+02, 1.52298553e+02,
    2.44739502e+02, 1.53192322e+02, 2.37616791e+02, 1.53907700e+02,
    2.84834534e+02, 1.39163467e+02, 2.76367462e+02, 1.40075928e+02,
    2.68184692e+02, 1.41207138e+02, 2.60225830e+02, 1.42069794e+02,
    2.52587769e+02, 1.43056732e+02, 2.44904373e+02, 1.43891937e+02,
    2.37709854e+02, 1.44837051e+02 ]
