%YAML:1.0
---
points: [ 6.77641846e+02, 2.55884838e+01, 6.96572021e+02, 3.84870949e+01,
    7.15214966e+02, 5.14493713e+01, 7.33755554e+02, 6.43100510e+01,
    7.52377991e+02, 7.74263229e+01, 7.70757874e+02, 9.04331284e+01,
    7.89378540e+02, 1.03572235e+02, 6.73239990e+02, 4.70930557e+01,
    6.91567261e+02, 5.96139069e+01, 7.10242493e+02, 7.25250702e+01,
    7.28369141e+02, 8.52861633e+01, 7.46666809e+02, 9.81669617e+01,
    7.64849792e+02, 1.11124878e+02, 7.83254578e+02, 1.24033455e+02,
    6.68483765e+02, 6.77617035e+01, 6.86708130e+02, 8.01308365e+01,
    7.04994446e+02, 9.28548584e+01, 7.23078918e+02, 1.05428940e+02,
    7.41020386e+02, 1.18316544e+02, 7.59171021e+02, 1.31159744e+02,
    7.77057251e+02, 1.43801620e+02, 6.64298706e+02, 8.79368591e+01,
    6.82239258e+02, 1.00280266e+02, 7.00376221e+02, 1.12804230e+02,
    7.17888794e+02, 1.25244720e+02, 7.35642029e+02, 1.37775787e+02,
    7.53422424e+02, 1.50457825e+02, 7.71206360e+02, 1.63015808e+02,
    6.60045593e+02, 1.07527130e+02, 6.77896057e+02, 1.19597610e+02,
    6.95512024e+02, 1.32034637e+02, 7.12992004e+02, 1.44332672e+02,
    7.30598511e+02, 1.56753006e+02, 7.48170166e+02, 1.69339142e+02,
    7.65494629e+02, 1.81692673e+02, 6.55844482e+02, 1.26388519e+02,
    6.73432800e+02, 1.38604126e+02, 6.90854187e+02, 1.50739487e+02,
    7.08140320e+02, 1.63042740e+02, 7.25449463e+02, 1.75301712e+02,
    7.42566589e+02, 1.87615005e+02, 7.59921631e+02, 1.99931732e+02,
    6.51709900e+02, 1.45096512e+02, 6.69207825e+02, 1.57146774e+02,
    6.86232483e+02, 1.69125610e+02, 7.03346008e+02, 1.81142487e+02,
    7.20309143e+02, 1.93351273e+02, 7.37431824e+02, 2.05612320e+02,
    7.54335693e+02, 2.17707199e+02, 6.47891724e+02, 1.63320877e+02,
    6.64727722e+02, 1.75043564e+02, 6.81780273e+02, 1.86824005e+02,
    6.98579407e+02, 1.98758072e+02, 7.15482544e+02, 2.10939240e+02,
    7.31928589e+02, 2.22992935e+02, 7.48798340e+02, 2.34980789e+02,
    6.43715759e+02, 1.81035263e+02, 6.60597168e+02, 1.92488525e+02,
    6.77352173e+02, 2.04376297e+02, 6.93940430e+02, 2.16174118e+02,
    7.10455444e+02, 2.28099319e+02, 7.27139160e+02, 2.39964737e+02,
    7.43397949e+02, 2.51927475e+02 ]
