%YAML:1.0
---
points: [ 1.73604218e+02, 3.77254105e+01, 1.79890594e+02, 4.18424683e+01,
    1.86274582e+02, 4.63609734e+01, 1.92331161e+02, 5.05832558e+01,
    1.99000900e+02, 5.42428398e+01, 2.05178040e+02, 5.88369293e+01,
    2.11386932e+02, 6.29030647e+01, 1.71404404e+02, 4.57561951e+01,
    1.78114548e+02, 4.91857376e+01, 1.84132263e+02, 5.32845230e+01,
    1.90366653e+02, 5.76539841e+01, 1.96486588e+02, 6.17151375e+01,
    2.03080688e+02, 6.56625366e+01, 2.09284592e+02, 6.96843643e+01,
    1.70167297e+02, 5.11494560e+01, 1.76162140e+02, 5.60645752e+01,
    1.82381927e+02, 6.05170746e+01, 1.88776337e+02, 6.27204247e+01,
    1.94539871e+02, 6.85040894e+01, 2.00873917e+02, 7.17784119e+01,
    2.07154602e+02, 7.57421036e+01, 1.68287125e+02, 5.73822098e+01,
    1.74621323e+02, 6.32983665e+01, 1.80647293e+02, 6.63868484e+01,
    1.86408371e+02, 7.13321762e+01, 1.92800919e+02, 7.44008865e+01,
    1.98664825e+02, 7.90280762e+01, 2.04997559e+02, 8.16807709e+01,
    1.66853546e+02, 6.41018524e+01, 1.72977188e+02, 6.81901779e+01,
    1.78953979e+02, 7.26485367e+01, 1.84420013e+02, 7.72903976e+01,
    1.90917801e+02, 8.06164017e+01, 1.96681808e+02, 8.47728729e+01,
    2.02561111e+02, 8.85326538e+01, 1.67819336e+02, 7.49502792e+01,
    1.71105972e+02, 7.41840439e+01, 1.80317429e+02, 7.88739853e+01,
    1.82768051e+02, 8.29217377e+01, 1.89005447e+02, 8.67954941e+01,
    1.94461121e+02, 9.07616425e+01, 2.00615082e+02, 9.48652496e+01,
    1.64097916e+02, 7.71741409e+01, 1.71791672e+02, 8.54309921e+01,
    1.75267227e+02, 8.45753632e+01, 1.77186432e+02, 8.98935318e+01,
    1.83330658e+02, 9.32054672e+01, 1.93292084e+02, 9.67143326e+01,
    1.96540649e+02, 1.02075378e+02, 1.64033966e+02, 8.73393860e+01,
    1.64033966e+02, 8.73393860e+01, 1.77186172e+02, 8.98937836e+01,
    1.79102371e+02, 9.46625214e+01, 1.90175537e+02, 9.79633102e+01,
    1.90227386e+02, 1.02853928e+02, 1.96286041e+02, 1.06110428e+02,
    1.64033813e+02, 8.73394165e+01, 1.66316650e+02, 9.29403915e+01,
    1.69879440e+02, 9.14009171e+01, 1.77259048e+02, 1.00472664e+02,
    1.75759094e+02, 1.06377716e+02, 1.87787216e+02, 1.03676620e+02,
    1.94474258e+02, 1.12700089e+02 ]
