%YAML:1.0
---
points: [ 7.33399963e+02, 4.51010132e+01, 7.45209595e+02, 4.77304955e+01,
    7.56582581e+02, 5.18448257e+01, 7.69519653e+02, 5.46166801e+01,
    7.81462646e+02, 5.86162987e+01, 7.94623901e+02, 6.13997726e+01,
    8.07031433e+02, 6.52298889e+01, 7.13663635e+02, 5.80593758e+01,
    7.33565186e+02, 6.53763962e+01, 7.46428772e+02, 6.83882370e+01,
    7.58046387e+02, 7.22583542e+01, 7.70690186e+02, 7.54086533e+01,
    7.83406250e+02, 7.89866791e+01, 7.96695251e+02, 8.24729996e+01,
    7.11267822e+02, 7.81269989e+01, 7.22872192e+02, 8.13175735e+01,
    7.34317383e+02, 8.57471237e+01, 7.47096619e+02, 8.91374359e+01,
    7.59449036e+02, 9.26966476e+01, 7.71577271e+02, 9.64084167e+01,
    7.83202393e+02, 1.00691673e+02, 6.91405212e+02, 9.08738632e+01,
    7.11356812e+02, 9.85621185e+01, 7.23371582e+02, 1.01963577e+02,
    7.36197510e+02, 1.05951134e+02, 7.47692383e+02, 1.10222214e+02,
    7.59467529e+02, 1.14401962e+02, 7.72679077e+02, 1.18033012e+02,
    6.88985901e+02, 1.11212685e+02, 7.00468079e+02, 1.14870087e+02,
    7.11540405e+02, 1.19562637e+02, 7.23627319e+02, 1.22862534e+02,
    7.35287598e+02, 1.28070587e+02, 7.48538879e+02, 1.31603790e+02,
    7.48961853e+02, 1.31669403e+02, 6.67608398e+02, 1.22591988e+02,
    7.00424316e+02, 1.35743683e+02, 7.00424316e+02, 1.35743683e+02,
    7.11673401e+02, 1.40524216e+02, 7.24063477e+02, 1.44355743e+02,
    7.35366333e+02, 1.49360611e+02, 7.48174438e+02, 1.53036850e+02,
    6.65688721e+02, 1.44289139e+02, 6.77262085e+02, 1.47906342e+02,
    6.88854736e+02, 1.52812912e+02, 7.00671265e+02, 1.57333908e+02,
    7.11801514e+02, 1.61979553e+02, 7.24375610e+02, 1.66263809e+02,
    7.35842224e+02, 1.70907608e+02, 6.46579651e+02, 1.56290619e+02,
    6.75664185e+02, 1.68876694e+02, 6.76891724e+02, 1.69188751e+02,
    6.89085388e+02, 1.74399597e+02, 7.00697571e+02, 1.79162582e+02,
    7.11736572e+02, 1.83945251e+02, 7.24446472e+02, 1.88539444e+02,
    6.54371338e+02, 1.81425079e+02, 6.54371399e+02, 1.81425095e+02,
    6.65904785e+02, 1.86595047e+02, 6.77136597e+02, 1.91286957e+02,
    6.88365051e+02, 1.96599182e+02, 7.00345825e+02, 2.01247437e+02,
    7.12019775e+02, 2.06229126e+02 ]
