%YAML:1.0
---
points: [ 3.32466919e+02, 1.11001640e+02, 3.33203613e+02, 1.17633446e+02,
    3.33997833e+02, 1.24869324e+02, 3.34867584e+02, 1.32124969e+02,
    3.35721375e+02, 1.39429047e+02, 3.36683563e+02, 1.47096680e+02,
    3.37531097e+02, 1.54831345e+02, 3.23307526e+02, 1.10139427e+02,
    3.24112305e+02, 1.17280312e+02, 3.24903748e+02, 1.24416130e+02,
    3.25545868e+02, 1.31538193e+02, 3.26317596e+02, 1.39129333e+02,
    3.27118530e+02, 1.46514954e+02, 3.27925629e+02, 1.54396866e+02,
    3.14419342e+02, 1.10176498e+02, 3.15060822e+02, 1.16619682e+02,
    3.15611908e+02, 1.23755089e+02, 3.16257202e+02, 1.31151077e+02,
    3.16845306e+02, 1.38451218e+02, 3.17502472e+02, 1.46147263e+02,
    3.18229950e+02, 1.53887039e+02, 3.05324554e+02, 1.09096367e+02,
    3.05915588e+02, 1.16218544e+02, 3.06359863e+02, 1.23301926e+02,
    3.06862091e+02, 1.30472565e+02, 3.07419586e+02, 1.38058578e+02,
    3.08075623e+02, 1.45547256e+02, 3.08524719e+02, 1.53410767e+02,
    2.96344147e+02, 1.08763580e+02, 2.96723816e+02, 1.15562576e+02,
    2.97082947e+02, 1.22811272e+02, 2.97527039e+02, 1.30128281e+02,
    2.97917694e+02, 1.37412659e+02, 2.98263763e+02, 1.45149536e+02,
    2.98748505e+02, 1.53023026e+02, 2.87203888e+02, 1.08079231e+02,
    2.87562042e+02, 1.15168472e+02, 2.87805756e+02, 1.22291481e+02,
    2.88122681e+02, 1.29488571e+02, 2.88377197e+02, 1.37071213e+02,
    2.88708221e+02, 1.44599289e+02, 2.88998169e+02, 1.52486313e+02,
    2.78182281e+02, 1.07667953e+02, 2.78344177e+02, 1.14573349e+02,
    2.78560944e+02, 1.21769196e+02, 2.78688751e+02, 1.29109558e+02,
    2.78812439e+02, 1.36539322e+02, 2.79053009e+02, 1.44210327e+02,
    2.79244965e+02, 1.51974701e+02, 2.68978027e+02, 1.07172974e+02,
    2.69092468e+02, 1.14204773e+02, 2.69134888e+02, 1.21190483e+02,
    2.69244843e+02, 1.28543518e+02, 2.69355927e+02, 1.36044373e+02,
    2.69385010e+02, 1.43640411e+02, 2.69515961e+02, 1.51588165e+02,
    2.59810699e+02, 1.06660973e+02, 2.59825867e+02, 1.13626244e+02,
    2.59771790e+02, 1.20665276e+02, 2.59746948e+02, 1.27994896e+02,
    2.59723236e+02, 1.35450134e+02, 2.59751495e+02, 1.43195038e+02,
    2.59656952e+02, 1.51049194e+02 ]
