%YAML:1.0
---
points: [ 2.95645081e+02, 1.32134338e+02, 2.83876251e+02, 1.32474548e+02,
    2.83876251e+02, 1.32474548e+02, 2.72298126e+02, 1.37626953e+02,
    2.65301422e+02, 1.41127365e+02, 2.60174316e+02, 1.42412704e+02,
    2.60174316e+02, 1.42412704e+02, 2.91162354e+02, 1.23305649e+02,
    2.82564606e+02, 1.27969650e+02, 2.81996735e+02, 1.27928062e+02,
    2.75978973e+02, 1.28760971e+02, 2.70395325e+02, 1.31765976e+02,
    2.58375275e+02, 1.37073853e+02, 2.60174225e+02, 1.42412659e+02,
    2.91162231e+02, 1.23305603e+02, 2.84817871e+02, 1.22800484e+02,
    2.75978973e+02, 1.28760971e+02, 2.70395477e+02, 1.31766037e+02,
    2.64797638e+02, 1.34223267e+02, 2.56742310e+02, 1.30831528e+02,
    2.58375092e+02, 1.37073730e+02, 2.86695770e+02, 1.11222023e+02,
    2.80492859e+02, 1.21731255e+02, 2.71485931e+02, 1.17541344e+02,
    2.71485260e+02, 1.17542656e+02, 2.59889252e+02, 1.21555061e+02,
    2.54095047e+02, 1.23813873e+02, 2.56742218e+02, 1.30831467e+02,
    2.86695770e+02, 1.11222031e+02, 2.80993256e+02, 1.10537437e+02,
    2.70943329e+02, 1.10853439e+02, 2.67899567e+02, 1.19170341e+02,
    2.58672485e+02, 1.15935593e+02, 2.52761353e+02, 1.18817268e+02,
    2.52761353e+02, 1.18817268e+02, 2.83274170e+02, 9.87097244e+01,
    2.79031067e+02, 1.04467934e+02, 2.72931549e+02, 1.07093002e+02,
    2.69671448e+02, 1.05550209e+02, 2.62743164e+02, 1.07805847e+02,
    2.50467285e+02, 1.12019615e+02, 2.50467285e+02, 1.12019608e+02,
    2.83273987e+02, 9.87097473e+01, 2.77274170e+02, 9.82113266e+01,
    2.72947876e+02, 9.56866379e+01, 2.69671448e+02, 1.05550163e+02,
    2.54957581e+02, 1.04053314e+02, 2.49228348e+02, 1.06709641e+02,
    2.49228348e+02, 1.06709641e+02, 2.80840332e+02, 9.24564438e+01,
    2.79539642e+02, 8.68010864e+01, 2.72947510e+02, 9.56858673e+01,
    2.59178375e+02, 9.52125854e+01, 2.53460464e+02, 9.93369217e+01,
    2.49228394e+02, 1.06709610e+02, 2.49228394e+02, 1.06709610e+02,
    2.79539490e+02, 8.68011246e+01, 2.71851257e+02, 9.07338867e+01,
    2.67042725e+02, 8.85027771e+01, 2.65882721e+02, 9.40911942e+01,
    2.53460403e+02, 9.93369064e+01, 2.46201355e+02, 9.47858734e+01,
    2.43481552e+02, 9.86551056e+01 ]
