%YAML:1.0
---
points: [ 9.19449341e+02, 5.12240967e+02, 9.45953735e+02, 5.22371460e+02,
    9.72551025e+02, 5.32613953e+02, 9.99276367e+02, 5.42839355e+02,
    1.02566638e+03, 5.53176819e+02, 1.05246423e+03, 5.63408936e+02,
    1.07918359e+03, 5.73679504e+02, 9.10309753e+02, 5.37555298e+02,
    9.36543152e+02, 5.47659058e+02, 9.62982666e+02, 5.57893799e+02,
    9.89272766e+02, 5.68117310e+02, 1.01563593e+03, 5.78304810e+02,
    1.04216589e+03, 5.88468628e+02, 1.06854016e+03, 5.98741516e+02,
    9.01104675e+02, 5.62444458e+02, 9.27323425e+02, 5.72674683e+02,
    9.53334656e+02, 5.82576416e+02, 9.79567688e+02, 5.92817139e+02,
    1.00557050e+03, 6.02886597e+02, 1.03189404e+03, 6.13045837e+02,
    1.05814722e+03, 6.23372986e+02, 8.92088013e+02, 5.87078064e+02,
    9.18215210e+02, 5.97112061e+02, 9.43994263e+02, 6.07086914e+02,
    9.69940063e+02, 6.17279358e+02, 9.95928650e+02, 6.27158569e+02,
    1.02188025e+03, 6.37445374e+02, 1.04799585e+03, 6.47454285e+02,
    8.83301880e+02, 6.11367249e+02, 9.08906433e+02, 6.21222656e+02,
    9.34772461e+02, 6.31273987e+02, 9.60457703e+02, 6.41283752e+02,
    9.86373596e+02, 6.51239136e+02, 1.01203699e+03, 6.61294556e+02,
    1.03802258e+03, 6.71350464e+02, 8.74588318e+02, 6.35353943e+02,
    9.00074646e+02, 6.45054932e+02, 9.25624512e+02, 6.54993713e+02,
    9.51324463e+02, 6.64907593e+02, 9.76699890e+02, 6.74687744e+02,
    1.00239801e+03, 6.84841309e+02, 1.02810754e+03, 6.94748474e+02,
    8.66037354e+02, 6.58720459e+02, 8.91291504e+02, 6.68506165e+02,
    9.16690979e+02, 6.78212097e+02, 9.42148621e+02, 6.88309753e+02,
    9.67521973e+02, 6.97859863e+02, 9.92842285e+02, 7.07840332e+02,
    1.01844800e+03, 7.17837891e+02, 8.57483093e+02, 6.81891602e+02,
    8.82705872e+02, 6.91577942e+02, 9.07732422e+02, 7.01307556e+02,
    9.33081177e+02, 7.11207520e+02, 9.58301331e+02, 7.20844116e+02,
    9.83535461e+02, 7.30658569e+02, 1.00865417e+03, 7.40576843e+02,
    8.49257812e+02, 7.04715454e+02, 8.74199097e+02, 7.14599915e+02,
    8.99318604e+02, 7.24039124e+02, 9.24113586e+02, 7.33680298e+02,
    9.49244324e+02, 7.43497742e+02, 9.74179810e+02, 7.53226929e+02,
    9.99345093e+02, 7.63135437e+02 ]
