%YAML:1.0
---
points: [ 1.63761978e+02, 4.77495422e+01, 1.71553696e+02, 4.80303802e+01,
    1.79454224e+02, 4.85793114e+01, 1.87069260e+02, 4.87542572e+01,
    1.94966934e+02, 4.93029976e+01, 2.02681168e+02, 4.97198296e+01,
    2.10631653e+02, 5.00495186e+01, 1.64688889e+02, 5.57038994e+01,
    1.72495178e+02, 5.59140434e+01, 1.80140350e+02, 5.64314003e+01,
    1.87865219e+02, 5.67513962e+01, 1.95551544e+02, 5.71271744e+01,
    2.03250961e+02, 5.76757698e+01, 2.10762695e+02, 5.78891487e+01,
    1.65710037e+02, 6.33890915e+01, 1.73287796e+02, 6.36393433e+01,
    1.80933807e+02, 6.39425621e+01, 1.88530594e+02, 6.45029831e+01,
    1.96003250e+02, 6.47914124e+01, 2.03673538e+02, 6.52223129e+01,
    2.11189911e+02, 6.56599121e+01, 1.66594574e+02, 7.07311554e+01,
    1.74160675e+02, 7.11069260e+01, 1.81734802e+02, 7.16147766e+01,
    1.89146149e+02, 7.18347015e+01, 1.96667969e+02, 7.23882141e+01,
    2.04036758e+02, 7.27218475e+01, 2.11646881e+02, 7.31813049e+01,
    1.67596222e+02, 7.80168304e+01, 1.75096420e+02, 7.85553741e+01,
    1.82475037e+02, 7.87177811e+01, 1.89755203e+02, 7.91611176e+01,
    1.97106110e+02, 7.95884094e+01, 2.04630737e+02, 8.00304794e+01,
    2.11822983e+02, 8.05587158e+01, 1.68520874e+02, 8.50748138e+01,
    1.75814865e+02, 8.55601044e+01, 1.83128311e+02, 8.58527908e+01,
    1.90477280e+02, 8.63859024e+01, 1.97715668e+02, 8.67506104e+01,
    2.04847946e+02, 8.70659027e+01, 2.12218430e+02, 8.77619019e+01,
    1.69303802e+02, 9.20173111e+01, 1.76716843e+02, 9.31825180e+01,
    1.83799530e+02, 9.27790298e+01, 1.91032242e+02, 9.34958115e+01,
    1.99241425e+02, 9.78156662e+01, 2.05343094e+02, 9.80870972e+01,
    2.12680893e+02, 9.47078629e+01, 1.70248016e+02, 9.88153687e+01,
    1.77722229e+02, 1.02339935e+02, 1.84787521e+02, 1.01954834e+02,
    1.91398468e+02, 9.67406540e+01, 1.99187042e+02, 1.00287422e+02,
    2.05343094e+02, 9.80871048e+01, 2.12893356e+02, 1.04586494e+02,
    1.71532349e+02, 1.07065651e+02, 1.77722229e+02, 1.02339958e+02,
    1.85279633e+02, 1.06398514e+02, 1.92027008e+02, 1.06227783e+02,
    1.99139542e+02, 1.02354996e+02, 2.06160492e+02, 1.07752205e+02,
    2.13120316e+02, 1.08149002e+02 ]
