%YAML:1.0
---
points: [ 7.43624329e+02, 1.99940094e+02, 7.29379639e+02, 2.10297455e+02,
    7.14760681e+02, 2.20482742e+02, 7.00681824e+02, 2.30346085e+02,
    6.86563965e+02, 2.40042511e+02, 6.72941772e+02, 2.49417847e+02,
    6.59368652e+02, 2.58637665e+02, 7.36800720e+02, 1.79917435e+02,
    7.22460205e+02, 1.90426788e+02, 7.08379333e+02, 2.00648544e+02,
    6.94143921e+02, 2.10823502e+02, 6.80151733e+02, 2.20598953e+02,
    6.66321167e+02, 2.30412201e+02, 6.53032532e+02, 2.39697891e+02,
    7.29769287e+02, 1.59984283e+02, 7.15618774e+02, 1.70626999e+02,
    7.01422119e+02, 1.81202957e+02, 6.87539551e+02, 1.91412186e+02,
    6.73545166e+02, 2.01416611e+02, 6.60030823e+02, 2.11289215e+02,
    6.46501282e+02, 2.20857635e+02, 7.23197754e+02, 1.39860886e+02,
    7.08719604e+02, 1.50979370e+02, 6.94751099e+02, 1.61624405e+02,
    6.80730774e+02, 1.72120941e+02, 6.67113220e+02, 1.82266449e+02,
    6.53439941e+02, 1.92201584e+02, 6.40297852e+02, 2.02042679e+02,
    7.16389526e+02, 1.19939728e+02, 7.02356995e+02, 1.31147202e+02,
    6.88161987e+02, 1.42179550e+02, 6.74369446e+02, 1.52601089e+02,
    6.60505554e+02, 1.63288025e+02, 6.47093750e+02, 1.73245255e+02,
    6.33647156e+02, 1.83430771e+02, 7.09610046e+02, 1.00117081e+02,
    6.95450562e+02, 1.11463661e+02, 6.81584351e+02, 1.22554955e+02,
    6.67578613e+02, 1.33382996e+02, 6.54099243e+02, 1.43968170e+02,
    6.40444336e+02, 1.54362045e+02, 6.27484497e+02, 1.64468536e+02,
    7.02486877e+02, 8.03104630e+01, 6.88568909e+02, 9.18458939e+01,
    6.74629761e+02, 1.03141182e+02, 6.61038452e+02, 1.14155220e+02,
    6.47287842e+02, 1.24859962e+02, 6.34075623e+02, 1.35434875e+02,
    6.20741882e+02, 1.45708755e+02, 6.95655090e+02, 6.04301453e+01,
    6.81625183e+02, 7.23396912e+01, 6.67876282e+02, 8.36947403e+01,
    6.54268799e+02, 9.48746414e+01, 6.40723755e+02, 1.05733940e+02,
    6.27356628e+02, 1.16492447e+02, 6.14426331e+02, 1.26858521e+02,
    6.88620117e+02, 4.07521973e+01, 6.74771606e+02, 5.25660477e+01,
    6.60876282e+02, 6.44327316e+01, 6.47440552e+02, 7.56048584e+01,
    6.33965637e+02, 8.68742905e+01, 6.20765015e+02, 9.76299744e+01,
    6.07672913e+02, 1.08388260e+02 ]
