%YAML:1.0
---
points: [ 7.31121155e+02, 5.03561401e+02, 7.52435486e+02, 5.21257629e+02,
    7.73226013e+02, 5.38333679e+02, 7.93543701e+02, 5.55009644e+02,
    8.13352173e+02, 5.71404358e+02, 8.32540039e+02, 5.87373474e+02,
    8.51359680e+02, 6.02761230e+02, 7.11936279e+02, 5.25549438e+02,
    7.33613708e+02, 5.42874146e+02, 7.54685181e+02, 5.59737854e+02,
    7.75365234e+02, 5.76315308e+02, 7.95369995e+02, 5.92463074e+02,
    8.14863464e+02, 6.08211853e+02, 8.33893738e+02, 6.23556396e+02,
    6.92737427e+02, 5.47532593e+02, 7.14684448e+02, 5.64655701e+02,
    7.36128418e+02, 5.81406006e+02, 7.56930359e+02, 5.97649963e+02,
    7.77384705e+02, 6.13584656e+02, 7.97200439e+02, 6.29167847e+02,
    8.16467773e+02, 6.44363464e+02, 6.73422974e+02, 5.69728516e+02,
    6.95671204e+02, 5.86610962e+02, 7.17391113e+02, 6.03187744e+02,
    7.38600464e+02, 6.19231079e+02, 7.59158508e+02, 6.34913269e+02,
    7.79291748e+02, 6.50279297e+02, 7.98828918e+02, 6.65268677e+02,
    6.53885803e+02, 5.92144714e+02, 6.76542114e+02, 6.08766113e+02,
    6.98562134e+02, 6.25100830e+02, 7.19921509e+02, 6.40898071e+02,
    7.40819092e+02, 6.56343506e+02, 7.61171631e+02, 6.71484558e+02,
    7.81042603e+02, 6.86284546e+02, 6.34201355e+02, 6.14685486e+02,
    6.57215454e+02, 6.31148438e+02, 6.79405762e+02, 6.47222961e+02,
    7.01250366e+02, 6.62728455e+02, 7.22308411e+02, 6.77980774e+02,
    7.42939331e+02, 6.92775391e+02, 7.63078674e+02, 7.07463318e+02,
    6.14510681e+02, 6.37330139e+02, 6.37608032e+02, 6.53469177e+02,
    6.60391602e+02, 6.69261292e+02, 6.82376831e+02, 6.84620789e+02,
    7.03822754e+02, 6.99586365e+02, 7.24646606e+02, 7.14304321e+02,
    7.45144714e+02, 7.28556763e+02, 5.94419556e+02, 6.60179260e+02,
    6.18141296e+02, 6.75997498e+02, 6.40885803e+02, 6.91585571e+02,
    6.63396484e+02, 7.06696533e+02, 6.84940857e+02, 7.21514282e+02,
    7.06277100e+02, 7.35828796e+02, 7.26789062e+02, 7.49914917e+02,
    5.74384888e+02, 6.83173523e+02, 5.98276733e+02, 6.98863831e+02,
    6.21515991e+02, 7.14150330e+02, 6.44002808e+02, 7.29087219e+02,
    6.66251282e+02, 7.43576843e+02, 6.87585754e+02, 7.57705444e+02,
    7.08625488e+02, 7.71555908e+02 ]
