%YAML:1.0
---
points: [ 2.82654297e+02, 1.53882294e+02, 2.74184021e+02, 1.54281921e+02,
    2.65933319e+02, 1.54736877e+02, 2.57953217e+02, 1.55214905e+02,
    2.50336349e+02, 1.55624680e+02, 2.42786270e+02, 1.55951859e+02,
    2.35584381e+02, 1.56376450e+02, 2.83291443e+02, 1.43777969e+02,
    2.74780243e+02, 1.44413910e+02, 2.66593414e+02, 1.45050888e+02,
    2.58595734e+02, 1.45640961e+02, 2.50842819e+02, 1.46099991e+02,
    2.43357269e+02, 1.46629623e+02, 2.36001541e+02, 1.47163055e+02,
    2.83897217e+02, 1.33768967e+02, 2.75417084e+02, 1.34553421e+02,
    2.67084015e+02, 1.35339233e+02, 2.59160278e+02, 1.36018463e+02,
    2.51417206e+02, 1.36693054e+02, 2.43831833e+02, 1.37389023e+02,
    2.36585037e+02, 1.38037018e+02, 2.84495514e+02, 1.23706322e+02,
    2.75997955e+02, 1.24693207e+02, 2.67723877e+02, 1.25496933e+02,
    2.59707458e+02, 1.26402199e+02, 2.51961365e+02, 1.27305595e+02,
    2.44370880e+02, 1.27980400e+02, 2.37009445e+02, 1.28790451e+02,
    2.85196289e+02, 1.13728897e+02, 2.76597382e+02, 1.14664772e+02,
    2.68293121e+02, 1.15787956e+02, 2.60322601e+02, 1.16738831e+02,
    2.52544632e+02, 1.17730034e+02, 2.44910263e+02, 1.18732132e+02,
    2.37646576e+02, 1.19581322e+02, 2.85755676e+02, 1.03417091e+02,
    2.77184143e+02, 1.04795494e+02, 2.68878265e+02, 1.05894653e+02,
    2.60811859e+02, 1.07154892e+02, 2.53116959e+02, 1.08199135e+02,
    2.45622040e+02, 1.09281845e+02, 2.38203629e+02, 1.10318985e+02,
    2.86446625e+02, 9.35039139e+01, 2.77809570e+02, 9.47760849e+01,
    2.69581207e+02, 9.62673035e+01, 2.61528198e+02, 9.74700546e+01,
    2.53671967e+02, 9.88218002e+01, 2.46033920e+02, 9.99591446e+01,
    2.38727646e+02, 1.01222122e+02, 2.87041107e+02, 8.32679138e+01,
    2.78524475e+02, 8.48439789e+01, 2.70148468e+02, 8.63686600e+01,
    2.62005707e+02, 8.78584213e+01, 2.54292465e+02, 8.92880096e+01,
    2.46737793e+02, 9.06609039e+01, 2.39353851e+02, 9.19179764e+01,
    2.87698975e+02, 7.32655563e+01, 2.78937317e+02, 7.50616760e+01,
    2.70743408e+02, 7.66295624e+01, 2.62706207e+02, 7.82738571e+01,
    2.54817993e+02, 7.97857285e+01, 2.47330032e+02, 8.12275009e+01,
    2.39842972e+02, 8.28414536e+01 ]
