%YAML:1.0
---
points: [ 6.48263184e+02, 5.81857071e+01, 6.71361877e+02, 5.93992500e+01,
    6.94542175e+02, 6.06244240e+01, 7.17556763e+02, 6.20140953e+01,
    7.40503906e+02, 6.35856247e+01, 7.63638184e+02, 6.52076492e+01,
    7.86437927e+02, 6.65379791e+01, 6.51846619e+02, 8.17524185e+01,
    6.74681152e+02, 8.29274826e+01, 6.97516174e+02, 8.43233719e+01,
    7.20219971e+02, 8.56790466e+01, 7.43092468e+02, 8.72550430e+01,
    7.65526550e+02, 8.86198654e+01, 7.88237976e+02, 9.02014313e+01,
    6.55308594e+02, 1.04686951e+02, 6.77949890e+02, 1.06032127e+02,
    7.00523071e+02, 1.07436707e+02, 7.22789856e+02, 1.08614128e+02,
    7.45149048e+02, 1.10205490e+02, 7.67582520e+02, 1.11669922e+02,
    7.89796021e+02, 1.13234169e+02, 6.59069031e+02, 1.27284187e+02,
    6.81129700e+02, 1.28489548e+02, 7.03321350e+02, 1.29584000e+02,
    7.25328613e+02, 1.31071472e+02, 7.47583435e+02, 1.32552216e+02,
    7.69528687e+02, 1.34090256e+02, 7.91480286e+02, 1.35399292e+02,
    6.62250488e+02, 1.48934067e+02, 6.84415161e+02, 1.50097580e+02,
    7.06234802e+02, 1.51386932e+02, 7.27928833e+02, 1.52767883e+02,
    7.49621033e+02, 1.54349335e+02, 7.71394958e+02, 1.55655746e+02,
    7.92959106e+02, 1.57143356e+02, 6.65568298e+02, 1.70128998e+02,
    6.87136108e+02, 1.71324188e+02, 7.08719360e+02, 1.72480728e+02,
    7.30246948e+02, 1.73982956e+02, 7.51795410e+02, 1.75459885e+02,
    7.73241699e+02, 1.76779800e+02, 7.94658691e+02, 1.78229019e+02,
    6.68849121e+02, 1.90818161e+02, 6.90321106e+02, 1.91920822e+02,
    7.11419739e+02, 1.93206406e+02, 7.32677856e+02, 1.94576950e+02,
    7.53832581e+02, 1.96182663e+02, 7.75039795e+02, 1.97497101e+02,
    7.96112732e+02, 1.98882065e+02, 6.71817871e+02, 2.10965637e+02,
    6.92780762e+02, 2.12292313e+02, 7.13890503e+02, 2.13399078e+02,
    7.34722168e+02, 2.14680893e+02, 7.55740356e+02, 2.16211746e+02,
    7.76532471e+02, 2.17644958e+02, 7.97479919e+02, 2.18941208e+02,
    6.74865356e+02, 2.30547867e+02, 6.95724487e+02, 2.31751709e+02,
    7.16474731e+02, 2.33274628e+02, 7.37215515e+02, 2.34485382e+02,
    7.57668884e+02, 2.35735458e+02, 7.78320374e+02, 2.37240494e+02,
    7.98673706e+02, 2.38653595e+02 ]
