%YAML:1.0
---
points: [ 2.65901154e+02, 2.06017502e+02, 2.74922516e+02, 2.09551468e+02,
    2.83925903e+02, 2.12956436e+02, 2.93086151e+02, 2.16397018e+02,
    3.02023499e+02, 2.19892929e+02, 3.11196045e+02, 2.23412811e+02,
    3.20251617e+02, 2.26917282e+02, 2.62672089e+02, 2.14625229e+02,
    2.71635406e+02, 2.18060303e+02, 2.80488953e+02, 2.21544312e+02,
    2.89453156e+02, 2.24963608e+02, 2.98492310e+02, 2.28420654e+02,
    3.07508453e+02, 2.31953613e+02, 3.16557465e+02, 2.35399307e+02,
    2.59384949e+02, 2.23051956e+02, 2.68331635e+02, 2.26493408e+02,
    2.77124451e+02, 2.29919022e+02, 2.86035553e+02, 2.33329376e+02,
    2.94922180e+02, 2.36839569e+02, 3.03889221e+02, 2.40270966e+02,
    3.12807861e+02, 2.43787842e+02, 2.56185181e+02, 2.31380219e+02,
    2.65003662e+02, 2.34807861e+02, 2.73792786e+02, 2.38233124e+02,
    2.82617126e+02, 2.41680206e+02, 2.91446777e+02, 2.45066956e+02,
    3.00277649e+02, 2.48512665e+02, 3.09243744e+02, 2.51977417e+02,
    2.53034424e+02, 2.39592529e+02, 2.61760010e+02, 2.42965683e+02,
    2.70536835e+02, 2.46380188e+02, 2.79271027e+02, 2.49796082e+02,
    2.88023682e+02, 2.53185547e+02, 2.96823792e+02, 2.56626465e+02,
    3.05627350e+02, 2.60121979e+02, 2.50000122e+02, 2.47723557e+02,
    2.58589264e+02, 2.51102829e+02, 2.67303619e+02, 2.54423965e+02,
    2.75961975e+02, 2.57849243e+02, 2.84668640e+02, 2.61234406e+02,
    2.93355225e+02, 2.64616089e+02, 3.02128967e+02, 2.67990692e+02,
    2.46877563e+02, 2.55649246e+02, 2.55479248e+02, 2.59016357e+02,
    2.64108276e+02, 2.62328369e+02, 2.72723358e+02, 2.65709015e+02,
    2.81323547e+02, 2.69042603e+02, 2.90041443e+02, 2.72491486e+02,
    2.98688660e+02, 2.75862823e+02, 2.43904587e+02, 2.63480225e+02,
    2.52436523e+02, 2.66855896e+02, 2.61015076e+02, 2.70145386e+02,
    2.69521942e+02, 2.73496490e+02, 2.78117371e+02, 2.76803284e+02,
    2.86699982e+02, 2.80191071e+02, 2.95336090e+02, 2.83536316e+02,
    2.40885666e+02, 2.71330231e+02, 2.49379410e+02, 2.74606659e+02,
    2.57862854e+02, 2.77856903e+02, 2.66409576e+02, 2.81158356e+02,
    2.74878143e+02, 2.84485931e+02, 2.83364441e+02, 2.87851318e+02,
    2.91956207e+02, 2.91247772e+02 ]
