%YAML:1.0
---
points: [ 4.70497559e+02, 1.34501846e+02, 4.76213226e+02, 1.57251190e+02,
    4.82219330e+02, 1.79567093e+02, 4.87530243e+02, 2.01483185e+02,
    4.93225159e+02, 2.23128662e+02, 4.98348389e+02, 2.44314056e+02,
    5.03730652e+02, 2.65169067e+02, 4.48633209e+02, 1.35937408e+02,
    4.54804413e+02, 1.58607346e+02, 4.60637238e+02, 1.81062256e+02,
    4.66568665e+02, 2.02709503e+02, 4.71895782e+02, 2.24413300e+02,
    4.77698425e+02, 2.45499710e+02, 4.82934784e+02, 2.66386292e+02,
    4.27114899e+02, 1.37547501e+02, 4.33351318e+02, 1.60174423e+02,
    4.39511627e+02, 1.82425156e+02, 4.45244232e+02, 2.04190765e+02,
    4.51172119e+02, 2.25652161e+02, 4.56689819e+02, 2.46936020e+02,
    4.62480255e+02, 2.67673492e+02, 4.05424591e+02, 1.39007767e+02,
    4.11850403e+02, 1.61481918e+02, 4.17980225e+02, 1.83805222e+02,
    4.24294708e+02, 2.05578674e+02, 4.29989716e+02, 2.27309570e+02,
    4.36141235e+02, 2.48464905e+02, 4.41794556e+02, 2.69216339e+02,
    3.83836975e+02, 1.40468552e+02, 3.90424713e+02, 1.62927719e+02,
    3.96944092e+02, 1.85355087e+02, 4.02846436e+02, 2.07171463e+02,
    4.09286591e+02, 2.28539856e+02, 4.15168121e+02, 2.49730865e+02,
    4.21153046e+02, 2.70528290e+02, 3.62018860e+02, 1.42007278e+02,
    3.68947998e+02, 1.64502289e+02, 3.75469360e+02, 1.86705841e+02,
    3.81946625e+02, 2.08409622e+02, 3.87991211e+02, 2.30013763e+02,
    3.94392029e+02, 2.51217255e+02, 4.00406219e+02, 2.71790131e+02,
    3.40594452e+02, 1.43503922e+02, 3.47490692e+02, 1.66023041e+02,
    3.54148682e+02, 1.88136032e+02, 3.60553467e+02, 2.10046478e+02,
    3.67245850e+02, 2.31551788e+02, 3.73469421e+02, 2.52650208e+02,
    3.79619751e+02, 2.73459290e+02, 3.18595856e+02, 1.45068054e+02,
    3.25797485e+02, 1.67513000e+02, 3.32807861e+02, 1.89733200e+02,
    3.39580261e+02, 2.11561310e+02, 3.46023834e+02, 2.33232178e+02,
    3.52515991e+02, 2.54242264e+02, 3.58888977e+02, 2.75026001e+02,
    2.97138153e+02, 1.46515350e+02, 3.04278412e+02, 1.69263672e+02,
    3.11421539e+02, 1.91426453e+02, 3.18186554e+02, 2.13204483e+02,
    3.25112579e+02, 2.34546753e+02, 3.31614838e+02, 2.55647415e+02,
    3.38166016e+02, 2.76421265e+02 ]
