%YAML:1.0
---
points: [ 3.05443848e+02, 4.04100609e+01, 3.12596680e+02, 4.33843956e+01,
    3.19897919e+02, 4.65241966e+01, 3.26979218e+02, 4.94706497e+01,
    3.34253235e+02, 5.26626892e+01, 3.41277374e+02, 5.58063698e+01,
    3.48582184e+02, 5.89370346e+01, 3.02579010e+02, 4.79644165e+01,
    3.09843842e+02, 5.10343170e+01, 3.16805450e+02, 5.39981689e+01,
    3.24005371e+02, 5.71235542e+01, 3.30909210e+02, 6.01200638e+01,
    3.38119202e+02, 6.31590309e+01, 3.45103302e+02, 6.61747513e+01,
    2.99998993e+02, 5.54086075e+01, 3.06766571e+02, 5.82496681e+01,
    3.14034332e+02, 6.13058319e+01, 3.20857361e+02, 6.42141266e+01,
    3.27954193e+02, 6.72967987e+01, 3.34761078e+02, 7.03068390e+01,
    3.41565277e+02, 7.33795090e+01, 2.97122040e+02, 6.25262680e+01,
    3.04121124e+02, 6.53768921e+01, 3.10915771e+02, 6.85034790e+01,
    3.17747314e+02, 7.14677887e+01, 3.24665314e+02, 7.44157104e+01,
    3.31467194e+02, 7.75179138e+01, 3.38427216e+02, 8.05363922e+01,
    2.94503448e+02, 6.95721664e+01, 3.01280029e+02, 7.24780197e+01,
    3.08258392e+02, 7.53940887e+01, 3.14968048e+02, 7.81896286e+01,
    3.21902924e+02, 8.14241791e+01, 3.28416016e+02, 8.42849045e+01,
    3.34962769e+02, 8.70914078e+01, 2.92034546e+02, 7.63833771e+01,
    2.98552521e+02, 7.94489822e+01, 3.05313599e+02, 8.23250122e+01,
    3.12309540e+02, 8.51054459e+01, 3.18718048e+02, 8.80757065e+01,
    3.25217529e+02, 9.09744339e+01, 3.32271881e+02, 9.35637283e+01,
    2.89534821e+02, 8.38625641e+01, 2.96135193e+02, 8.62462997e+01,
    3.02436554e+02, 8.90517807e+01, 3.09193573e+02, 9.20728989e+01,
    3.15921814e+02, 9.44987946e+01, 3.22393280e+02, 9.73843536e+01,
    3.28648071e+02, 1.00352196e+02, 2.87207855e+02, 8.95719681e+01,
    2.93104431e+02, 9.24208527e+01, 3.00206268e+02, 9.46532516e+01,
    3.06174530e+02, 9.81062164e+01, 3.13355896e+02, 1.00964989e+02,
    3.19309082e+02, 1.03924232e+02, 3.26364594e+02, 1.06032707e+02,
    2.85038605e+02, 9.53221664e+01, 2.91129852e+02, 9.85785370e+01,
    2.97508026e+02, 1.01337196e+02, 3.03726654e+02, 1.03516899e+02,
    3.10571869e+02, 1.07088470e+02, 3.16944305e+02, 1.09252609e+02,
    3.22718170e+02, 1.13009148e+02 ]
