%YAML:1.0
---
points: [ 1.04056018e+03, 6.50464294e+02, 1.01369080e+03, 6.51935242e+02,
    9.87127441e+02, 6.53690063e+02, 9.60517944e+02, 6.55377380e+02,
    9.33670654e+02, 6.56803650e+02, 9.07064880e+02, 6.58646484e+02,
    8.80406982e+02, 6.60280762e+02, 1.03955811e+03, 6.25548462e+02,
    1.01253638e+03, 6.27418457e+02, 9.85769775e+02, 6.28772644e+02,
    9.58795532e+02, 6.30512695e+02, 9.32084717e+02, 6.32289368e+02,
    9.05209839e+02, 6.33824951e+02, 8.78219299e+02, 6.35422485e+02,
    1.03848486e+03, 6.00525879e+02, 1.01129883e+03, 6.02254211e+02,
    9.84363647e+02, 6.03751343e+02, 9.57338623e+02, 6.05461609e+02,
    9.30083557e+02, 6.07188843e+02, 9.02819763e+02, 6.08668335e+02,
    8.75906067e+02, 6.10467773e+02, 1.03752661e+03, 5.75144592e+02,
    1.01014148e+03, 5.76699951e+02, 9.82642761e+02, 5.78368042e+02,
    9.55465210e+02, 5.80235291e+02, 9.28266357e+02, 5.81580444e+02,
    9.00947388e+02, 5.83466370e+02, 8.73625488e+02, 5.85120667e+02,
    1.03650208e+03, 5.49242188e+02, 1.00868298e+03, 5.50680054e+02,
    9.81337402e+02, 5.52482849e+02, 9.53832642e+02, 5.54161743e+02,
    9.26406433e+02, 5.55752380e+02, 8.98730347e+02, 5.57496948e+02,
    8.71357117e+02, 5.59230103e+02, 1.03529285e+03, 5.22736389e+02,
    1.00748981e+03, 5.24477905e+02, 9.79671448e+02, 5.26077576e+02,
    9.52138550e+02, 5.27761414e+02, 9.24345032e+02, 5.29384155e+02,
    8.96645325e+02, 5.31284973e+02, 8.68921448e+02, 5.32763306e+02,
    1.03426453e+03, 4.96156403e+02, 1.00617841e+03, 4.97554596e+02,
    9.78233765e+02, 4.99469391e+02, 9.50334595e+02, 5.01163483e+02,
    9.22425598e+02, 5.02819366e+02, 8.94480103e+02, 5.04405579e+02,
    8.66483643e+02, 5.06327942e+02, 1.03302332e+03, 4.68751740e+02,
    1.00484314e+03, 4.70465179e+02, 9.76562378e+02, 4.72267670e+02,
    9.48540344e+02, 4.73977081e+02, 9.20420959e+02, 4.75669769e+02,
    8.92209656e+02, 4.77488342e+02, 8.64146973e+02, 4.79157532e+02,
    1.03177771e+03, 4.40990051e+02, 1.00345764e+03, 4.42842072e+02,
    9.75055115e+02, 4.44728943e+02, 9.46597473e+02, 4.46349762e+02,
    9.18400940e+02, 4.48352753e+02, 8.90003296e+02, 4.49881104e+02,
    8.61451172e+02, 4.51621643e+02 ]
