%YAML:1.0
---
points: [ 2.39457108e+02, 2.91450500e+02, 2.30908615e+02, 2.90692261e+02,
    2.22853561e+02, 2.90019531e+02, 2.14994202e+02, 2.89185883e+02,
    2.07510635e+02, 2.88568604e+02, 1.99818161e+02, 2.87845459e+02,
    1.92658768e+02, 2.87226593e+02, 2.39103836e+02, 2.81537323e+02,
    2.30807480e+02, 2.80884552e+02, 2.22700943e+02, 2.80312775e+02,
    2.14824478e+02, 2.79741364e+02, 2.07190552e+02, 2.79101288e+02,
    1.99714355e+02, 2.78622467e+02, 1.92384628e+02, 2.77982880e+02,
    2.38885605e+02, 2.71797699e+02, 2.30660995e+02, 2.71197815e+02,
    2.22609406e+02, 2.70732635e+02, 2.14708145e+02, 2.70270081e+02,
    2.06915558e+02, 2.69738647e+02, 1.99551758e+02, 2.69316345e+02,
    1.92124496e+02, 2.68917114e+02, 2.38682678e+02, 2.61932892e+02,
    2.30459213e+02, 2.61527740e+02, 2.22409332e+02, 2.61034058e+02,
    2.14572510e+02, 2.60810974e+02, 2.06778519e+02, 2.60465851e+02,
    1.99335602e+02, 2.60087189e+02, 1.91932938e+02, 2.59725464e+02,
    2.38533096e+02, 2.52141678e+02, 2.30208069e+02, 2.51831970e+02,
    2.22161926e+02, 2.51578766e+02, 2.14309860e+02, 2.51306290e+02,
    2.06670975e+02, 2.51049103e+02, 1.99092651e+02, 2.50821732e+02,
    1.91810516e+02, 2.50697739e+02, 2.38216934e+02, 2.42195251e+02,
    2.29850983e+02, 2.42093948e+02, 2.21820618e+02, 2.41901779e+02,
    2.14060028e+02, 2.41813889e+02, 2.06529968e+02, 2.41746201e+02,
    1.98884125e+02, 2.41675308e+02, 1.91708725e+02, 2.41578323e+02,
    2.37954483e+02, 2.32649017e+02, 2.29734116e+02, 2.32599533e+02,
    2.21755844e+02, 2.32601654e+02, 2.13809708e+02, 2.32592926e+02,
    2.06328018e+02, 2.32543015e+02, 1.98736710e+02, 2.32523544e+02,
    1.91584335e+02, 2.32511719e+02, 2.37745407e+02, 2.22632538e+02,
    2.29585770e+02, 2.22769913e+02, 2.21630722e+02, 2.22837631e+02,
    2.13740860e+02, 2.22998688e+02, 2.06081650e+02, 2.23070831e+02,
    1.98703476e+02, 2.23290268e+02, 1.91464935e+02, 2.23357864e+02,
    2.37514572e+02, 2.12942017e+02, 2.29335327e+02, 2.13279007e+02,
    2.21331268e+02, 2.13569443e+02, 2.13538895e+02, 2.13743530e+02,
    2.05889679e+02, 2.13854965e+02, 1.98574997e+02, 2.14009308e+02,
    1.91202744e+02, 2.14289062e+02 ]
