%YAML:1.0
---
points: [ 1.06694885e+03, 3.87410049e+01, 1.08827271e+03, 4.76788559e+01,
    1.10922119e+03, 5.70305824e+01, 1.13039539e+03, 6.61517868e+01,
    1.15135803e+03, 7.54647522e+01, 1.17257166e+03, 8.45845718e+01,
    1.19350623e+03, 9.40231781e+01, 1.05920557e+03, 6.14648438e+01,
    1.07972485e+03, 7.05054169e+01, 1.10074426e+03, 7.94128265e+01,
    1.12128638e+03, 8.85624619e+01, 1.14232617e+03, 9.76246872e+01,
    1.16274231e+03, 1.06874100e+02, 1.18394751e+03, 1.15992050e+02,
    1.05132092e+03, 8.36214905e+01, 1.07179480e+03, 9.22970505e+01,
    1.09234106e+03, 1.01439072e+02, 1.11276636e+03, 1.10280281e+02,
    1.13322217e+03, 1.19484436e+02, 1.15375879e+03, 1.28297592e+02,
    1.17412341e+03, 1.37524918e+02, 1.04396899e+03, 1.05111824e+02,
    1.06396985e+03, 1.13870941e+02, 1.08445471e+03, 1.22526855e+02,
    1.10433997e+03, 1.31528427e+02, 1.12456177e+03, 1.40425842e+02,
    1.14464893e+03, 1.49462952e+02, 1.16505200e+03, 1.58288376e+02,
    1.03648694e+03, 1.25914337e+02, 1.05652332e+03, 1.34430984e+02,
    1.07641101e+03, 1.43391281e+02, 1.09630334e+03, 1.52060974e+02,
    1.11599182e+03, 1.60979706e+02, 1.13609753e+03, 1.69574615e+02,
    1.15591602e+03, 1.78582291e+02, 1.02949939e+03, 1.46176544e+02,
    1.04897974e+03, 1.54875610e+02, 1.06879614e+03, 1.63397705e+02,
    1.08827429e+03, 1.72192490e+02, 1.10792505e+03, 1.80616653e+02,
    1.12742200e+03, 1.89619873e+02, 1.14715247e+03, 1.98282669e+02,
    1.02247845e+03, 1.66196594e+02, 1.04213550e+03, 1.74425110e+02,
    1.06130969e+03, 1.83162445e+02, 1.08055737e+03, 1.91462936e+02,
    1.09966907e+03, 2.00279984e+02, 1.11928601e+03, 2.08866867e+02,
    1.13843005e+03, 2.17581070e+02, 1.01597137e+03, 1.85250031e+02,
    1.03490625e+03, 1.93720993e+02, 1.05406287e+03, 2.01998550e+02,
    1.07287463e+03, 2.10602768e+02, 1.09215369e+03, 2.19106659e+02,
    1.11082007e+03, 2.27772247e+02, 1.13016907e+03, 2.36316910e+02,
    1.00926910e+03, 2.04272324e+02, 1.02815283e+03, 2.12352448e+02,
    1.04673059e+03, 2.20749619e+02, 1.06564612e+03, 2.29100845e+02,
    1.08426331e+03, 2.37636398e+02, 1.10326001e+03, 2.46066299e+02,
    1.12174695e+03, 2.54599915e+02 ]
