%YAML:1.0
---
points: [ 7.31386169e+02, 4.23376373e+02, 7.46755310e+02, 4.46375610e+02,
    7.61761658e+02, 4.68600281e+02, 7.76496887e+02, 4.90254486e+02,
    7.90602295e+02, 5.11282074e+02, 8.04392517e+02, 5.31717102e+02,
    8.17719971e+02, 5.51756470e+02, 7.06307190e+02, 4.38218384e+02,
    7.22196777e+02, 4.60984406e+02, 7.37478821e+02, 4.83046600e+02,
    7.52451904e+02, 5.04568634e+02, 7.66851135e+02, 5.25497925e+02,
    7.81129639e+02, 5.45950928e+02, 7.94797485e+02, 5.65699341e+02,
    6.81244263e+02, 4.53128906e+02, 6.97410217e+02, 4.75607178e+02,
    7.13144836e+02, 4.97591064e+02, 7.28392944e+02, 5.19019653e+02,
    7.43254944e+02, 5.39642395e+02, 7.57647705e+02, 5.59897156e+02,
    7.71768127e+02, 5.79674133e+02, 6.55915283e+02, 4.68081787e+02,
    6.72561951e+02, 4.90464813e+02, 6.88634583e+02, 5.12221863e+02,
    7.04378479e+02, 5.33372620e+02, 7.19474792e+02, 5.53884277e+02,
    7.34341919e+02, 5.74093689e+02, 7.48643005e+02, 5.93621338e+02,
    6.30621521e+02, 4.83082764e+02, 6.47525818e+02, 5.05270966e+02,
    6.64078003e+02, 5.26886230e+02, 6.80045410e+02, 5.47752136e+02,
    6.95546021e+02, 5.68320068e+02, 7.10641602e+02, 5.88167297e+02,
    7.25404846e+02, 6.07529419e+02, 6.05067749e+02, 4.98055908e+02,
    6.22405457e+02, 5.20229614e+02, 6.39325256e+02, 5.41542969e+02,
    6.55712585e+02, 5.62433899e+02, 6.71494263e+02, 5.82543518e+02,
    6.86997375e+02, 6.02278809e+02, 7.02008545e+02, 6.21509155e+02,
    5.79671204e+02, 5.13248169e+02, 5.97344788e+02, 5.34909790e+02,
    6.14615845e+02, 5.56239685e+02, 6.31335999e+02, 5.76749756e+02,
    6.47533447e+02, 5.96911987e+02, 6.63339783e+02, 6.16368774e+02,
    6.78640869e+02, 6.35465149e+02, 5.54043335e+02, 5.28205139e+02,
    5.72174988e+02, 5.49904297e+02, 5.89680664e+02, 5.70834045e+02,
    6.06783203e+02, 5.91428833e+02, 6.23365967e+02, 6.11235046e+02,
    6.39503723e+02, 6.30586060e+02, 6.55150208e+02, 6.49388428e+02,
    5.28359558e+02, 5.43513550e+02, 5.46715027e+02, 5.64865784e+02,
    5.64732849e+02, 5.85718811e+02, 5.82184631e+02, 6.05903931e+02,
    5.99049194e+02, 6.25632629e+02, 6.15456055e+02, 6.44776245e+02,
    6.31517029e+02, 6.63516052e+02 ]
