%YAML:1.0
---
points: [ 3.40863159e+02, 1.26573517e+02, 3.33607513e+02, 1.29752106e+02,
    3.24627289e+02, 1.31502899e+02, 3.24627289e+02, 1.31502899e+02,
    3.12777466e+02, 1.34345291e+02, 3.07208038e+02, 1.36319229e+02,
    3.07208038e+02, 1.36319229e+02, 3.38013519e+02, 1.20484825e+02,
    3.28168030e+02, 1.22390350e+02, 3.22014648e+02, 1.22671013e+02,
    3.16670654e+02, 1.25332947e+02, 3.11592499e+02, 1.29600449e+02,
    3.06369812e+02, 1.31883591e+02, 3.06369812e+02, 1.31883591e+02,
    3.33681213e+02, 1.13835411e+02, 3.30321381e+02, 1.16665070e+02,
    3.22013794e+02, 1.22668938e+02, 3.16670563e+02, 1.25332893e+02,
    3.09532318e+02, 1.21280106e+02, 3.06369751e+02, 1.31883514e+02,
    3.06369751e+02, 1.31883514e+02, 3.31861542e+02, 1.06298576e+02,
    3.25166840e+02, 1.09266075e+02, 3.19942749e+02, 1.12188278e+02,
    3.19942749e+02, 1.12188278e+02, 3.08098999e+02, 1.15488777e+02,
    3.03547485e+02, 1.19933510e+02, 3.04542267e+02, 1.24812103e+02,
    3.30545227e+02, 1.00176750e+02, 3.30545074e+02, 1.00176598e+02,
    3.24893433e+02, 1.08857559e+02, 3.13788055e+02, 1.13148888e+02,
    3.06942963e+02, 1.10718475e+02, 3.08098907e+02, 1.15488716e+02,
    3.03547424e+02, 1.19933372e+02, 3.29184937e+02, 9.36748657e+01,
    3.29224060e+02, 9.79138794e+01, 3.16108093e+02, 9.84853287e+01,
    3.10196136e+02, 1.00285332e+02, 3.05806030e+02, 1.05048668e+02,
    3.06942810e+02, 1.10718254e+02, 3.02632812e+02, 1.14167595e+02,
    3.29644409e+02, 8.78345184e+01, 3.27099030e+02, 8.73992386e+01,
    3.14871216e+02, 9.26549683e+01, 3.09015869e+02, 9.47404022e+01,
    3.03385895e+02, 9.68845825e+01, 3.00109009e+02, 1.05666832e+02,
    2.96653595e+02, 1.05081688e+02, 3.27993500e+02, 8.12206268e+01,
    3.19577271e+02, 8.40871124e+01, 3.13710419e+02, 8.70083160e+01,
    3.14668243e+02, 9.19089890e+01, 3.02341248e+02, 9.20093918e+01,
    2.96395660e+02, 9.33240662e+01, 2.94966003e+02, 9.90357208e+01,
    3.26259827e+02, 7.47851562e+01, 3.20341797e+02, 7.84052734e+01,
    3.14723511e+02, 8.11942291e+01, 3.06532166e+02, 8.32025909e+01,
    3.02341095e+02, 9.20092087e+01, 2.95803864e+02, 8.91538620e+01,
    2.96395569e+02, 9.33240128e+01 ]
