%YAML:1.0
---
points: [ 3.05915039e+02, 2.52959976e+02, 2.96832672e+02, 2.53452850e+02,
    2.87733978e+02, 2.54017807e+02, 2.78685333e+02, 2.54551315e+02,
    2.69554138e+02, 2.55039780e+02, 2.60581146e+02, 2.55609818e+02,
    2.51430923e+02, 2.56230469e+02, 3.05665070e+02, 2.44477615e+02,
    2.96475098e+02, 2.45080170e+02, 2.87357483e+02, 2.45588928e+02,
    2.78173431e+02, 2.46123672e+02, 2.69008087e+02, 2.46744568e+02,
    2.59928680e+02, 2.47230865e+02, 2.50831161e+02, 2.47776688e+02,
    3.05449799e+02, 2.35943588e+02, 2.96217987e+02, 2.36532684e+02,
    2.86979645e+02, 2.37120010e+02, 2.77814453e+02, 2.37564331e+02,
    2.68574402e+02, 2.38181732e+02, 2.59378418e+02, 2.38818222e+02,
    2.50179398e+02, 2.39301376e+02, 3.05192993e+02, 2.27326797e+02,
    2.95925659e+02, 2.27871689e+02, 2.86630890e+02, 2.28428314e+02,
    2.77275208e+02, 2.29037689e+02, 2.68060059e+02, 2.29605286e+02,
    2.58820465e+02, 2.30141861e+02, 2.49544449e+02, 2.30740845e+02,
    3.04992889e+02, 2.18552063e+02, 2.95654968e+02, 2.19088364e+02,
    2.86263062e+02, 2.19671677e+02, 2.76894714e+02, 2.20203308e+02,
    2.67580688e+02, 2.20719467e+02, 2.58251678e+02, 2.21346466e+02,
    2.48947556e+02, 2.21920624e+02, 3.04859283e+02, 2.09542465e+02,
    2.95311859e+02, 2.10106750e+02, 2.85900391e+02, 2.10672226e+02,
    2.76455933e+02, 2.11287277e+02, 2.67063629e+02, 2.11882248e+02,
    2.57633636e+02, 2.12510574e+02, 2.48327423e+02, 2.12988937e+02,
    3.04519012e+02, 2.00448990e+02, 2.95092468e+02, 2.01025131e+02,
    2.85569977e+02, 2.01614304e+02, 2.76027863e+02, 2.02296005e+02,
    2.66573792e+02, 2.02793488e+02, 2.57067657e+02, 2.03331268e+02,
    2.47572510e+02, 2.03960266e+02, 3.04309937e+02, 1.91223557e+02,
    2.94699493e+02, 1.91809006e+02, 2.85169495e+02, 1.92450104e+02,
    2.75590271e+02, 1.93043259e+02, 2.66034271e+02, 1.93534531e+02,
    2.56458344e+02, 1.94239288e+02, 2.46912491e+02, 1.94791779e+02,
    3.04103821e+02, 1.81793655e+02, 2.94385345e+02, 1.82469162e+02,
    2.84757782e+02, 1.83117264e+02, 2.75133850e+02, 1.83626907e+02,
    2.65513763e+02, 1.84292557e+02, 2.55846130e+02, 1.84913483e+02,
    2.46185989e+02, 1.85538849e+02 ]
