%YAML:1.0
---
points: [ 3.51298401e+02, 3.72297592e+01, 3.57451721e+02, 4.04828911e+01,
    3.63846588e+02, 4.36762047e+01, 3.69847931e+02, 4.69841118e+01,
    3.76477295e+02, 5.02347603e+01, 3.82491669e+02, 5.36902275e+01,
    3.88479675e+02, 5.68829155e+01, 3.47326813e+02, 4.38568001e+01,
    3.53936066e+02, 4.72515717e+01, 3.60248749e+02, 5.04332733e+01,
    3.66209930e+02, 5.34223022e+01, 3.72446899e+02, 5.68997841e+01,
    3.78906128e+02, 6.03259430e+01, 3.84915649e+02, 6.32919846e+01,
    3.44517181e+02, 5.05550728e+01, 3.50025665e+02, 5.32791519e+01,
    3.56725311e+02, 5.67544403e+01, 3.62432861e+02, 5.98788109e+01,
    3.68786987e+02, 6.33748970e+01, 3.74901672e+02, 6.63694458e+01,
    3.80590546e+02, 6.96988068e+01, 3.39983032e+02, 5.69968758e+01,
    3.47103638e+02, 6.00684242e+01, 3.52846924e+02, 6.32368660e+01,
    3.58971405e+02, 6.62651749e+01, 3.64922882e+02, 6.96607895e+01,
    3.71671356e+02, 7.28823013e+01, 3.77602264e+02, 7.59913254e+01,
    3.37708221e+02, 6.32222443e+01, 3.43310669e+02, 6.61687698e+01,
    3.49760742e+02, 6.95339279e+01, 3.55257935e+02, 7.24566956e+01,
    3.61750885e+02, 7.56679306e+01, 3.67519684e+02, 7.88221054e+01,
    3.72903442e+02, 8.17703476e+01, 3.34112183e+02, 6.98947220e+01,
    3.40205200e+02, 7.22478256e+01, 3.46315643e+02, 7.51957397e+01,
    3.52365753e+02, 7.84428711e+01, 3.58212921e+02, 8.16509018e+01,
    3.63745697e+02, 8.47701492e+01, 3.70395416e+02, 8.79666595e+01,
    3.31340637e+02, 7.50702057e+01, 3.37367523e+02, 7.81355515e+01,
    3.42835571e+02, 8.12479324e+01, 3.49090729e+02, 8.44030991e+01,
    3.54532745e+02, 8.76619949e+01, 3.60693420e+02, 9.06174850e+01,
    3.65575775e+02, 9.37468338e+01, 3.28781006e+02, 8.34109955e+01,
    3.33393402e+02, 8.39844284e+01, 3.39537872e+02, 8.72129898e+01,
    3.45365845e+02, 9.57500610e+01, 3.51618134e+02, 9.31308670e+01,
    3.57140564e+02, 9.62997208e+01, 3.62745972e+02, 9.91311951e+01,
    3.28780884e+02, 8.34110260e+01, 3.30347961e+02, 8.97994919e+01,
    3.36591278e+02, 9.26234665e+01, 3.42257599e+02, 9.54841766e+01,
    3.48009613e+02, 9.57275848e+01, 3.53846161e+02, 1.02109016e+02,
    3.58793457e+02, 1.05141296e+02 ]
