%YAML:1.0
---
points: [ 4.47904846e+02, 4.30453278e+02, 4.76867401e+02, 4.50410614e+02,
    5.05050385e+02, 4.69532288e+02, 5.32268188e+02, 4.88254822e+02,
    5.58607361e+02, 5.06237274e+02, 5.84183533e+02, 5.23687561e+02,
    6.08945618e+02, 5.40625732e+02, 4.26234985e+02, 4.56005768e+02,
    4.55600616e+02, 4.75483643e+02, 4.84142609e+02, 4.94459686e+02,
    5.11719818e+02, 5.12645874e+02, 5.38458557e+02, 5.30423035e+02,
    5.64435242e+02, 5.47584167e+02, 5.89445862e+02, 5.64323975e+02,
    4.04364319e+02, 4.81537201e+02, 4.34220490e+02, 5.00739685e+02,
    4.63145508e+02, 5.19343933e+02, 4.91066193e+02, 5.37324646e+02,
    5.18266907e+02, 5.54605835e+02, 5.44497498e+02, 5.71543945e+02,
    5.70023621e+02, 5.87852905e+02, 3.82386993e+02, 5.07456055e+02,
    4.12638031e+02, 5.26231079e+02, 4.41866852e+02, 5.44485291e+02,
    4.70327118e+02, 5.62052429e+02, 4.97720093e+02, 5.79148560e+02,
    5.24431335e+02, 5.95638062e+02, 5.50265564e+02, 6.11667603e+02,
    3.60375763e+02, 5.33419800e+02, 3.90826935e+02, 5.51888184e+02,
    4.20571045e+02, 5.69703247e+02, 4.49339020e+02, 5.87057068e+02,
    4.77235718e+02, 6.03680359e+02, 5.04219025e+02, 6.19970459e+02,
    5.30425598e+02, 6.35640686e+02, 3.38035675e+02, 5.59608276e+02,
    3.69078491e+02, 5.77679382e+02, 3.99067902e+02, 5.95298218e+02,
    4.28276428e+02, 6.12068298e+02, 4.56401886e+02, 6.28496826e+02,
    4.83817017e+02, 6.44345215e+02, 5.10388184e+02, 6.59743408e+02,
    3.15922333e+02, 5.85730103e+02, 3.47203949e+02, 6.03535339e+02,
    3.77591003e+02, 6.20634155e+02, 4.07066437e+02, 6.37290710e+02,
    4.35669464e+02, 6.53236389e+02, 4.63417938e+02, 6.68814392e+02,
    4.90365936e+02, 6.83811279e+02, 2.93509705e+02, 6.12213989e+02,
    3.25277710e+02, 6.29551331e+02, 3.55963989e+02, 6.46394043e+02,
    3.85783295e+02, 6.62526367e+02, 4.14732849e+02, 6.78245972e+02,
    4.42872925e+02, 6.93377808e+02, 4.70053528e+02, 7.08249146e+02,
    2.71322052e+02, 6.38678772e+02, 3.03201691e+02, 6.55772766e+02,
    3.34333466e+02, 6.72111206e+02, 3.64432709e+02, 6.88091980e+02,
    3.93779602e+02, 7.03316528e+02, 4.22173828e+02, 7.18250610e+02,
    4.49752838e+02, 7.32527771e+02 ]
