%YAML:1.0
---
points: [ 1.02771289e+03, 4.25246429e+02, 1.00370618e+03, 4.37125397e+02,
    9.79627380e+02, 4.49145142e+02, 9.55622314e+02, 4.61149323e+02,
    9.31581177e+02, 4.73222687e+02, 9.07631592e+02, 4.85148407e+02,
    8.83567932e+02, 4.97188416e+02, 1.01764801e+03, 4.01960510e+02,
    9.93393677e+02, 4.14186737e+02, 9.68967407e+02, 4.26342133e+02,
    9.44755798e+02, 4.38415070e+02, 9.20447205e+02, 4.50519135e+02,
    8.96220764e+02, 4.62569061e+02, 8.71811035e+02, 4.74673401e+02,
    1.00737427e+03, 3.78369690e+02, 9.82716980e+02, 3.90561859e+02,
    9.58102600e+02, 4.02869354e+02, 9.33541382e+02, 4.15188263e+02,
    9.08974365e+02, 4.27460236e+02, 8.84388367e+02, 4.39632111e+02,
    8.59697998e+02, 4.51966095e+02, 9.96859436e+02, 3.54231506e+02,
    9.71835999e+02, 3.66625824e+02, 9.47036621e+02, 3.79135803e+02,
    9.22206482e+02, 3.91408569e+02, 8.97377808e+02, 4.03833069e+02,
    8.72464355e+02, 4.16227112e+02, 8.47559631e+02, 4.28580902e+02,
    9.85938354e+02, 3.29416290e+02, 9.60694580e+02, 3.41815430e+02,
    9.35547363e+02, 3.54463562e+02, 9.10344910e+02, 3.67019714e+02,
    8.85321655e+02, 3.79531281e+02, 8.60112976e+02, 3.92028625e+02,
    8.35011047e+02, 4.04558990e+02, 9.74764221e+02, 3.03933472e+02,
    9.49378479e+02, 3.16499268e+02, 9.23843384e+02, 3.29381500e+02,
    8.98445496e+02, 3.42020538e+02, 8.72861023e+02, 3.54692993e+02,
    8.47513062e+02, 3.67443542e+02, 8.22106262e+02, 3.80113556e+02,
    9.63439758e+02, 2.77700317e+02, 9.37573730e+02, 2.90589203e+02,
    9.11718140e+02, 3.03612213e+02, 8.86138489e+02, 3.16408844e+02,
    8.60347046e+02, 3.29360077e+02, 8.34613708e+02, 3.42176392e+02,
    8.08704590e+02, 3.54895081e+02, 9.51792236e+02, 2.51050034e+02,
    9.25588989e+02, 2.64135925e+02, 8.99526062e+02, 2.77234711e+02,
    8.73455566e+02, 2.90221497e+02, 8.47469116e+02, 3.03315582e+02,
    8.21377869e+02, 3.16212524e+02, 7.95316162e+02, 3.29298126e+02,
    9.39640625e+02, 2.23524918e+02, 9.13393616e+02, 2.36785568e+02,
    8.86902161e+02, 2.50155365e+02, 8.60640930e+02, 2.63304047e+02,
    8.34135559e+02, 2.76472260e+02, 8.07745667e+02, 2.89622620e+02,
    7.81343140e+02, 3.02768555e+02 ]
