%YAML:1.0
---
points: [ 3.01552307e+02, 1.76367584e+02, 2.93422241e+02, 1.80477219e+02,
    2.85242371e+02, 1.84634552e+02, 2.77068726e+02, 1.88624359e+02,
    2.68907104e+02, 1.92697800e+02, 2.60762665e+02, 1.96793350e+02,
    2.52616653e+02, 2.00910217e+02, 2.98392334e+02, 1.68532761e+02,
    2.90075012e+02, 1.72714355e+02, 2.81805328e+02, 1.76907654e+02,
    2.73586884e+02, 1.80999374e+02, 2.65316498e+02, 1.85075974e+02,
    2.57125153e+02, 1.89197235e+02, 2.48856461e+02, 1.93291595e+02,
    2.95093750e+02, 1.60526474e+02, 2.86686676e+02, 1.64753815e+02,
    2.78351959e+02, 1.68957550e+02, 2.70010681e+02, 1.73080475e+02,
    2.61631775e+02, 1.77260269e+02, 2.53358871e+02, 1.81412399e+02,
    2.44969788e+02, 1.85579147e+02, 2.91751770e+02, 1.52345428e+02,
    2.83220184e+02, 1.56617157e+02, 2.74761108e+02, 1.60839447e+02,
    2.66362976e+02, 1.65076859e+02, 2.57929138e+02, 1.69289352e+02,
    2.49473007e+02, 1.73500015e+02, 2.41064758e+02, 1.77719299e+02,
    2.88286713e+02, 1.43910889e+02, 2.79730804e+02, 1.48221786e+02,
    2.71157043e+02, 1.52542908e+02, 2.62604889e+02, 1.56737717e+02,
    2.54107941e+02, 1.61078323e+02, 2.45497787e+02, 1.65307098e+02,
    2.37016449e+02, 1.69584015e+02, 2.84730347e+02, 1.35259521e+02,
    2.76034760e+02, 1.39657822e+02, 2.67381073e+02, 1.43960892e+02,
    2.58745941e+02, 1.48300339e+02, 2.50148026e+02, 1.52638107e+02,
    2.41462219e+02, 1.56913528e+02, 2.32888992e+02, 1.61229965e+02,
    2.81179291e+02, 1.26423698e+02, 2.72332275e+02, 1.30827835e+02,
    2.63593933e+02, 1.35230896e+02, 2.54849152e+02, 1.39670685e+02,
    2.46128662e+02, 1.44038620e+02, 2.37334488e+02, 1.48361877e+02,
    2.28568619e+02, 1.52720581e+02, 2.77391266e+02, 1.17333008e+02,
    2.68515625e+02, 1.21877769e+02, 2.59602966e+02, 1.26348953e+02,
    2.50821594e+02, 1.30789444e+02, 2.41998535e+02, 1.35239487e+02,
    2.33172226e+02, 1.39668381e+02, 2.24287033e+02, 1.44065872e+02,
    2.73590942e+02, 1.08088737e+02, 2.64626343e+02, 1.12573151e+02,
    2.55620453e+02, 1.17135773e+02, 2.46674881e+02, 1.21661179e+02,
    2.37696274e+02, 1.26187256e+02, 2.28795425e+02, 1.30596024e+02,
    2.19843506e+02, 1.35127899e+02 ]
