%YAML:1.0
---
points: [ 4.55239410e+02, 7.32759399e+01, 4.52225006e+02, 7.94703445e+01,
    4.48770020e+02, 8.57851715e+01, 4.45753082e+02, 9.20260315e+01,
    4.42218201e+02, 9.83506470e+01, 4.39259613e+02, 1.04166443e+02,
    4.33316833e+02, 1.05679985e+02, 4.50248657e+02, 7.13994522e+01,
    4.45815063e+02, 7.76264191e+01, 4.42717072e+02, 8.42304153e+01,
    4.33822144e+02, 9.15730591e+01, 4.30793701e+02, 9.81650085e+01,
    4.33316681e+02, 1.05679932e+02, 4.27688721e+02, 1.06191254e+02,
    4.42772369e+02, 6.95760956e+01, 4.39322113e+02, 7.60115738e+01,
    4.36258636e+02, 8.20085526e+01, 4.34170227e+02, 8.82803955e+01,
    4.30793579e+02, 9.81647110e+01, 4.27200806e+02, 1.00294830e+02,
    4.20817902e+02, 1.02933861e+02, 4.37059509e+02, 6.72272491e+01,
    4.33472992e+02, 7.39805298e+01, 4.30949829e+02, 8.00848618e+01,
    4.27279083e+02, 8.60991516e+01, 4.24135529e+02, 9.23788376e+01,
    4.20819366e+02, 1.02924820e+02, 4.17387054e+02, 1.01909065e+02,
    4.31571747e+02, 6.54327011e+01, 4.27173584e+02, 7.13773575e+01,
    4.24506256e+02, 7.80989075e+01, 4.20872375e+02, 8.42688293e+01,
    4.17847412e+02, 9.19311371e+01, 4.17387360e+02, 1.01908485e+02,
    4.11511780e+02, 9.96323166e+01, 4.24839569e+02, 6.31115990e+01,
    4.17544800e+02, 6.95276642e+01, 4.17572296e+02, 7.60575104e+01,
    4.10404755e+02, 8.10810165e+01, 4.12593292e+02, 9.36650238e+01,
    4.12587585e+02, 9.37988052e+01, 4.05786896e+02, 1.01015175e+02,
    4.17903473e+02, 6.13440514e+01, 4.13069702e+02, 6.69533920e+01,
    4.13439301e+02, 7.43507309e+01, 4.08222290e+02, 8.04824677e+01,
    4.05114380e+02, 8.69919357e+01, 4.03129211e+02, 9.54927673e+01,
    3.98922699e+02, 9.51307449e+01, 4.12741699e+02, 5.95479622e+01,
    4.06630676e+02, 6.54887161e+01, 4.07079865e+02, 7.25415115e+01,
    4.03252960e+02, 7.92114334e+01, 3.99035248e+02, 8.45732346e+01,
    3.99038361e+02, 9.11777573e+01, 3.93294769e+02, 9.74930954e+01,
    4.05198181e+02, 5.75164757e+01, 4.02416107e+02, 6.40104446e+01,
    3.97419312e+02, 7.04999390e+01, 3.97881256e+02, 8.22623672e+01,
    3.92897034e+02, 8.30292664e+01, 3.90183044e+02, 8.95271072e+01,
    3.85804230e+02, 9.52890244e+01 ]
