%YAML:1.0
---
points: [ 4.49753967e+02, 9.86466599e+01, 4.61540619e+02, 1.18101990e+02,
    4.73196198e+02, 1.37074722e+02, 4.84153534e+02, 1.55394608e+02,
    4.95133545e+02, 1.73346222e+02, 5.05411896e+02, 1.90681442e+02,
    5.15833679e+02, 2.07714066e+02, 4.28354401e+02, 1.05577888e+02,
    4.40644745e+02, 1.24785286e+02, 4.52293671e+02, 1.43525787e+02,
    4.63829071e+02, 1.61851028e+02, 4.74790833e+02, 1.79804672e+02,
    4.85990509e+02, 1.97249390e+02, 4.96180634e+02, 2.13889679e+02,
    4.07226501e+02, 1.12586159e+02, 4.19491089e+02, 1.31587234e+02,
    4.31770020e+02, 1.50389709e+02, 4.43413757e+02, 1.68484100e+02,
    4.55031250e+02, 1.86396393e+02, 4.65867310e+02, 2.03555161e+02,
    4.76798218e+02, 2.20267441e+02, 3.85555206e+02, 1.19427002e+02,
    3.98641205e+02, 1.38537918e+02, 4.10807159e+02, 1.57091309e+02,
    4.23209198e+02, 1.75225967e+02, 4.34649658e+02, 1.92819321e+02,
    4.46162109e+02, 2.09833054e+02, 4.57206360e+02, 2.26552856e+02,
    3.64316528e+02, 1.26244698e+02, 3.77294006e+02, 1.45101974e+02,
    3.90267792e+02, 1.63658020e+02, 4.02432709e+02, 1.81637634e+02,
    4.14605499e+02, 1.99199814e+02, 4.26239868e+02, 2.16323196e+02,
    4.37867889e+02, 2.33018631e+02, 3.42605927e+02, 1.33095856e+02,
    3.56272400e+02, 1.51921280e+02, 3.69328217e+02, 1.70298553e+02,
    3.82154144e+02, 1.88382065e+02, 3.94417145e+02, 2.05786057e+02,
    4.06510712e+02, 2.22819824e+02, 4.18044617e+02, 2.39233505e+02,
    3.21465118e+02, 1.40327896e+02, 3.35065796e+02, 1.58982559e+02,
    3.48636322e+02, 1.77306168e+02, 3.61539307e+02, 1.95142807e+02,
    3.74399628e+02, 2.12561707e+02, 3.86535004e+02, 2.29495667e+02,
    3.98526947e+02, 2.45756546e+02, 2.99802917e+02, 1.47356674e+02,
    3.14192505e+02, 1.66037186e+02, 3.27690674e+02, 1.84249222e+02,
    3.41352112e+02, 2.02041733e+02, 3.53950592e+02, 2.19286911e+02,
    3.66698059e+02, 2.36109467e+02, 3.78814178e+02, 2.52403687e+02,
    2.78535889e+02, 1.54571671e+02, 2.92798645e+02, 1.73226334e+02,
    3.07099854e+02, 1.91320007e+02, 3.20529999e+02, 2.08841644e+02,
    3.33838745e+02, 2.25959656e+02, 3.46643158e+02, 2.42634491e+02,
    3.59376129e+02, 2.59074310e+02 ]
