%YAML:1.0
---
points: [ 1.20560181e+03, 2.73482475e+01, 1.22452502e+03, 3.70747795e+01,
    1.24299609e+03, 4.71468658e+01, 1.26185876e+03, 5.67600250e+01,
    1.28056213e+03, 6.68361588e+01, 1.29940271e+03, 7.66991653e+01,
    1.31796875e+03, 8.67962418e+01, 1.19560608e+03, 4.76235733e+01,
    1.21393494e+03, 5.74521446e+01, 1.23255994e+03, 6.70967484e+01,
    1.25082678e+03, 7.67719803e+01, 1.26946436e+03, 8.66592560e+01,
    1.28776453e+03, 9.65622864e+01, 1.30647888e+03, 1.06389473e+02,
    1.18567859e+03, 6.76790237e+01, 1.20405115e+03, 7.70976944e+01,
    1.22208313e+03, 8.67933121e+01, 1.24037695e+03, 9.63069458e+01,
    1.25848645e+03, 1.06221947e+02, 1.27680640e+03, 1.15828293e+02,
    1.29487793e+03, 1.25687508e+02, 1.17630298e+03, 8.68287354e+01,
    1.19396729e+03, 9.64254379e+01, 1.21221802e+03, 1.05814629e+02,
    1.22992017e+03, 1.15526711e+02, 1.24809851e+03, 1.25094559e+02,
    1.26583044e+03, 1.34728470e+02, 1.28397705e+03, 1.44293121e+02,
    1.16673389e+03, 1.05776360e+02, 1.18466724e+03, 1.15110817e+02,
    1.20228015e+03, 1.24578621e+02, 1.21997583e+03, 1.33885284e+02,
    1.23760083e+03, 1.43477341e+02, 1.25546057e+03, 1.52892578e+02,
    1.27300366e+03, 1.62639755e+02, 1.15774316e+03, 1.24156494e+02,
    1.17513477e+03, 1.33508698e+02, 1.19267896e+03, 1.42603592e+02,
    1.20990747e+03, 1.52176529e+02, 1.22761584e+03, 1.61447708e+02,
    1.24492493e+03, 1.70960724e+02, 1.26257666e+03, 1.80240005e+02,
    1.14865808e+03, 1.42287613e+02, 1.16613806e+03, 1.51267090e+02,
    1.18324268e+03, 1.60581375e+02, 1.20052954e+03, 1.69608459e+02,
    1.21756982e+03, 1.79145798e+02, 1.23504675e+03, 1.88419342e+02,
    1.25210327e+03, 1.97870453e+02, 1.14027771e+03, 1.59644211e+02,
    1.15699915e+03, 1.68767197e+02, 1.17420923e+03, 1.77779999e+02,
    1.19090662e+03, 1.87124985e+02, 1.20828772e+03, 1.96161987e+02,
    1.22495544e+03, 2.05548569e+02, 1.24222510e+03, 2.14675705e+02,
    1.13145239e+03, 1.76936752e+02, 1.14847595e+03, 1.85732544e+02,
    1.16515002e+03, 1.94853790e+02, 1.18208447e+03, 2.03805618e+02,
    1.19854370e+03, 2.13114304e+02, 1.21548535e+03, 2.22061462e+02,
    1.23220728e+03, 2.31402496e+02 ]
