%YAML:1.0
---
points: [ 2.38311325e+02, 2.19939560e+02, 2.30103241e+02, 2.19589478e+02,
    2.22275421e+02, 2.19134796e+02, 2.14593231e+02, 2.18746918e+02,
    2.07085236e+02, 2.18454346e+02, 1.99695297e+02, 2.17963638e+02,
    1.92656799e+02, 2.17810135e+02, 2.38727005e+02, 2.10085999e+02,
    2.30653534e+02, 2.09821503e+02, 2.22694550e+02, 2.09656647e+02,
    2.14900742e+02, 2.09455185e+02, 2.07538803e+02, 2.08986328e+02,
    2.00105438e+02, 2.08789764e+02, 1.92938080e+02, 2.08652725e+02,
    2.39108185e+02, 2.00390991e+02, 2.30928268e+02, 2.00170670e+02,
    2.23023987e+02, 1.99979858e+02, 2.15378586e+02, 1.99825470e+02,
    2.07787460e+02, 1.99787491e+02, 2.00530899e+02, 1.99687180e+02,
    1.93316757e+02, 1.99682205e+02, 2.39487183e+02, 1.90617081e+02,
    2.31424271e+02, 1.90640076e+02, 2.23443741e+02, 1.90625793e+02,
    2.15728577e+02, 1.90606705e+02, 2.08228790e+02, 1.90614349e+02,
    2.00867981e+02, 1.90611923e+02, 1.93694885e+02, 1.90586945e+02,
    2.39837036e+02, 1.80806747e+02, 2.31744476e+02, 1.80848068e+02,
    2.23839661e+02, 1.81008255e+02, 2.16107254e+02, 1.81131744e+02,
    2.08608261e+02, 1.81234390e+02, 2.01313934e+02, 1.81335999e+02,
    1.94018768e+02, 1.81491241e+02, 2.40269409e+02, 1.70868027e+02,
    2.32105911e+02, 1.71262695e+02, 2.24246918e+02, 1.71487793e+02,
    2.16548126e+02, 1.71694901e+02, 2.08976776e+02, 1.71824677e+02,
    2.01651031e+02, 1.72043869e+02, 1.94552094e+02, 1.72335495e+02,
    2.40664322e+02, 1.61243896e+02, 2.32619415e+02, 1.61606125e+02,
    2.24659500e+02, 1.61920364e+02, 2.16840561e+02, 1.62262085e+02,
    2.09425797e+02, 1.62624405e+02, 2.01997864e+02, 1.62952179e+02,
    1.94856277e+02, 1.63314682e+02, 2.41059814e+02, 1.51372330e+02,
    2.32905106e+02, 1.51938812e+02, 2.25002640e+02, 1.52306061e+02,
    2.17311356e+02, 1.52857895e+02, 2.09804642e+02, 1.53376816e+02,
    2.02534683e+02, 1.53793320e+02, 1.95364670e+02, 1.54145920e+02,
    2.41438950e+02, 1.41580185e+02, 2.33302597e+02, 1.42136093e+02,
    2.25419113e+02, 1.42793030e+02, 2.17681168e+02, 1.43449905e+02,
    2.10192917e+02, 1.44004242e+02, 2.02794083e+02, 1.44626724e+02,
    1.95706818e+02, 1.45159698e+02 ]
