%YAML:1.0
---
points: [ 2.35366989e+02, 1.51678329e+02, 2.27355682e+02, 1.51779938e+02,
    2.19608521e+02, 1.51984940e+02, 2.12087357e+02, 1.52106918e+02,
    2.04698120e+02, 1.52367950e+02, 1.97599915e+02, 1.52575485e+02,
    1.90609955e+02, 1.52732208e+02, 2.36133484e+02, 1.41614136e+02,
    2.28149567e+02, 1.42018646e+02, 2.20340515e+02, 1.42267883e+02,
    2.12755295e+02, 1.42633713e+02, 2.05418015e+02, 1.42912460e+02,
    1.98186218e+02, 1.43212952e+02, 1.91211319e+02, 1.43433319e+02,
    2.36844177e+02, 1.31696976e+02, 2.28834930e+02, 1.32146149e+02,
    2.21086578e+02, 1.32672546e+02, 2.13453094e+02, 1.33148605e+02,
    2.06100998e+02, 1.33541428e+02, 1.98812225e+02, 1.33893204e+02,
    1.91917206e+02, 1.34395050e+02, 2.37621628e+02, 1.21647018e+02,
    2.29613159e+02, 1.22337296e+02, 2.21747757e+02, 1.23045074e+02,
    2.14202728e+02, 1.23503876e+02, 2.06760406e+02, 1.24115028e+02,
    1.99581604e+02, 1.24632141e+02, 1.92550995e+02, 1.25121422e+02,
    2.38445587e+02, 1.11753883e+02, 2.30361084e+02, 1.12432663e+02,
    2.22540268e+02, 1.13228264e+02, 2.14859390e+02, 1.13990540e+02,
    2.07534866e+02, 1.14556740e+02, 2.00301254e+02, 1.15312500e+02,
    1.93282745e+02, 1.15932426e+02, 2.39199142e+02, 1.01571999e+02,
    2.31077438e+02, 1.02626709e+02, 2.23247131e+02, 1.03465942e+02,
    2.15674973e+02, 1.04320099e+02, 2.08229553e+02, 1.05174904e+02,
    2.00950943e+02, 1.05922302e+02, 1.93410187e+02, 1.06853088e+02,
    2.39885941e+02, 9.17409286e+01, 2.31861725e+02, 9.27157364e+01,
    2.23936676e+02, 9.37750015e+01, 2.16419693e+02, 9.46891785e+01,
    2.08843567e+02, 9.57649155e+01, 2.01681091e+02, 9.66256180e+01,
    1.94752609e+02, 9.75882263e+01, 2.40740646e+02, 8.15269318e+01,
    2.32680084e+02, 8.28879242e+01, 2.24730820e+02, 8.39522705e+01,
    2.17061554e+02, 8.52611923e+01, 2.09727875e+02, 8.62604218e+01,
    2.02525742e+02, 8.73192596e+01, 1.95540939e+02, 8.83337097e+01,
    2.41544968e+02, 7.16780701e+01, 2.33331299e+02, 7.29640656e+01,
    2.25642014e+02, 7.42799225e+01, 2.17836472e+02, 7.56572952e+01,
    2.10517715e+02, 7.67656403e+01, 2.03232010e+02, 7.80738678e+01,
    1.96199219e+02, 7.91665268e+01 ]
