%YAML:1.0
---
points: [ 3.18726166e+02, 1.22555962e+02, 3.11076538e+02, 1.29108795e+02,
    3.03666565e+02, 1.35645523e+02, 2.96292450e+02, 1.41909103e+02,
    2.89185883e+02, 1.48110214e+02, 2.82264221e+02, 1.54090912e+02,
    2.75472870e+02, 1.60001541e+02, 3.12279999e+02, 1.15557182e+02,
    3.04685394e+02, 1.22416489e+02, 2.97203003e+02, 1.28987732e+02,
    2.89911163e+02, 1.35469589e+02, 2.82811615e+02, 1.41748001e+02,
    2.75866211e+02, 1.47946365e+02, 2.69115814e+02, 1.53836472e+02,
    3.05769989e+02, 1.08576645e+02, 2.98114319e+02, 1.15467255e+02,
    2.90671875e+02, 1.22273827e+02, 2.83393341e+02, 1.28784622e+02,
    2.76261597e+02, 1.35261093e+02, 2.69399902e+02, 1.41533768e+02,
    2.62640259e+02, 1.47709229e+02, 2.99110779e+02, 1.01259850e+02,
    2.91453766e+02, 1.08441154e+02, 2.84007721e+02, 1.15338356e+02,
    2.76750427e+02, 1.22092148e+02, 2.69640656e+02, 1.28698364e+02,
    2.62739258e+02, 1.35087051e+02, 2.56036469e+02, 1.41276047e+02,
    2.92279694e+02, 9.40533752e+01, 2.84584778e+02, 1.01156334e+02,
    2.77193298e+02, 1.08289970e+02, 2.69954773e+02, 1.15156860e+02,
    2.62843964e+02, 1.21905922e+02, 2.55983063e+02, 1.28400375e+02,
    2.49274948e+02, 1.34797272e+02, 2.85267334e+02, 8.63643036e+01,
    2.77648987e+02, 9.38691025e+01, 2.70211273e+02, 1.00975037e+02,
    2.62934814e+02, 1.08142273e+02, 2.55918106e+02, 1.14897133e+02,
    2.49054169e+02, 1.21701447e+02, 2.42329178e+02, 1.28173065e+02,
    2.78175171e+02, 7.87861481e+01, 2.70536957e+02, 8.62637100e+01,
    2.63114319e+02, 9.37002106e+01, 2.55895767e+02, 1.00823738e+02,
    2.48845932e+02, 1.07921669e+02, 2.41974228e+02, 1.14750839e+02,
    2.35256378e+02, 1.21481293e+02, 2.70830994e+02, 7.09002457e+01,
    2.63263214e+02, 7.85921021e+01, 2.55858765e+02, 8.61586609e+01,
    2.48645248e+02, 9.35455856e+01, 2.41622314e+02, 1.00651901e+02,
    2.34781464e+02, 1.07713028e+02, 2.28064804e+02, 1.14475159e+02,
    2.63422638e+02, 6.28158836e+01, 2.55831848e+02, 7.07476959e+01,
    2.48416061e+02, 7.84245987e+01, 2.41199463e+02, 8.59319077e+01,
    2.34246521e+02, 9.33438187e+01, 2.27386627e+02, 1.00453186e+02,
    2.20758026e+02, 1.07473396e+02 ]
