%YAML:1.0
---
points: [ 6.18772583e+02, 6.63555786e+02, 6.11671753e+02, 6.98414978e+02,
    6.04269897e+02, 7.33462036e+02, 5.96892456e+02, 7.68321045e+02,
    5.89680969e+02, 8.03246765e+02, 5.82161621e+02, 8.38119080e+02,
    5.74894043e+02, 8.72900146e+02, 5.81552429e+02, 6.57788391e+02,
    5.74376587e+02, 6.93261902e+02, 5.66762146e+02, 7.28468750e+02,
    5.59514343e+02, 7.63688782e+02, 5.52129150e+02, 7.98697693e+02,
    5.44559387e+02, 8.34098450e+02, 5.37361267e+02, 8.69286316e+02,
    5.43541870e+02, 6.52200928e+02, 5.36244812e+02, 6.87641418e+02,
    5.28625000e+02, 7.23350708e+02, 5.21320923e+02, 7.58967651e+02,
    5.13834717e+02, 7.94450317e+02, 5.06550720e+02, 8.29808472e+02,
    4.99053345e+02, 8.65438293e+02, 5.04714294e+02, 6.46165894e+02,
    4.97281830e+02, 6.82261780e+02, 4.89908112e+02, 7.18208008e+02,
    4.82379181e+02, 7.54139099e+02, 4.75127289e+02, 7.89791687e+02,
    4.67623474e+02, 8.25619690e+02, 4.60262024e+02, 8.61330444e+02,
    4.65155853e+02, 6.40353149e+02, 4.57653534e+02, 6.76471008e+02,
    4.50184326e+02, 7.12745361e+02, 4.42878418e+02, 7.48940796e+02,
    4.35384918e+02, 7.85260864e+02, 4.28075073e+02, 8.21190613e+02,
    4.20714600e+02, 8.57363525e+02, 4.24731873e+02, 6.34038574e+02,
    4.17480194e+02, 6.70750427e+02, 4.09892761e+02, 7.07371887e+02,
    4.02468658e+02, 7.43817566e+02, 3.95234070e+02, 7.80327698e+02,
    3.87645264e+02, 8.16639893e+02, 3.80474548e+02, 8.52948242e+02,
    3.84039612e+02, 6.27923340e+02, 3.76454834e+02, 6.64789185e+02,
    3.69313904e+02, 7.01779602e+02, 3.61734558e+02, 7.38584290e+02,
    3.54437408e+02, 7.75357605e+02, 3.47277100e+02, 8.11953308e+02,
    3.39795288e+02, 8.48521729e+02, 3.42453217e+02, 6.21364807e+02,
    3.34833862e+02, 6.58706055e+02, 3.27562134e+02, 6.95954712e+02,
    3.20286926e+02, 7.33241943e+02, 3.13040588e+02, 7.69987915e+02,
    3.05942566e+02, 8.07119324e+02, 2.98621796e+02, 8.43787598e+02,
    3.00391937e+02, 6.14750977e+02, 2.92688385e+02, 6.52417969e+02,
    2.85528381e+02, 6.90085022e+02, 2.78260590e+02, 7.27497986e+02,
    2.71002441e+02, 7.64735046e+02, 2.63966766e+02, 8.01874451e+02,
    2.56849945e+02, 8.38815613e+02 ]
