%YAML:1.0
---
points: [ 1.01689995e+02, 2.46850021e+02, 1.26449966e+02, 2.56627075e+02,
    1.50468643e+02, 2.66115295e+02, 1.74034164e+02, 2.75002197e+02,
    1.96629364e+02, 2.84073334e+02, 2.18822769e+02, 2.92496582e+02,
    2.40513519e+02, 3.01030945e+02, 9.42005005e+01, 2.67747467e+02,
    1.19094109e+02, 2.77227631e+02, 1.43396301e+02, 2.86227081e+02,
    1.66732788e+02, 2.95148438e+02, 1.89961685e+02, 3.03758698e+02,
    2.12088974e+02, 3.12163696e+02, 2.33869064e+02, 3.20136993e+02,
    8.66964874e+01, 2.88600067e+02, 1.11669037e+02, 2.97731689e+02,
    1.36107010e+02, 3.06682037e+02, 1.59846466e+02, 3.15004333e+02,
    1.83054993e+02, 3.23487274e+02, 2.05592896e+02, 3.31516052e+02,
    2.27354752e+02, 3.39336426e+02, 7.90301743e+01, 3.09758820e+02,
    1.04367645e+02, 3.18556305e+02, 1.28925720e+02, 3.26852325e+02,
    1.52733795e+02, 3.35248230e+02, 1.76214203e+02, 3.43125397e+02,
    1.98878632e+02, 3.51003296e+02, 2.20863968e+02, 3.58438507e+02,
    7.13842850e+01, 3.31045319e+02, 9.67570724e+01, 3.39295898e+02,
    1.21518829e+02, 3.47568970e+02, 1.45607513e+02, 3.55445312e+02,
    1.69156540e+02, 3.63255707e+02, 1.91988327e+02, 3.70466278e+02,
    2.14318329e+02, 3.77888123e+02, 6.37138100e+01, 3.52302002e+02,
    8.93101044e+01, 3.60379883e+02, 1.14305885e+02, 3.68157379e+02,
    1.38561142e+02, 3.75893494e+02, 1.62324646e+02, 3.83243011e+02,
    1.85255478e+02, 3.90439148e+02, 2.07546402e+02, 3.97240082e+02,
    5.63432312e+01, 3.73609131e+02, 8.19445724e+01, 3.81244324e+02,
    1.07263908e+02, 3.88847748e+02, 1.31707657e+02, 3.96241943e+02,
    1.55562881e+02, 4.03330109e+02, 1.78709290e+02, 4.10124023e+02,
    2.01105316e+02, 4.16997162e+02, 4.86329651e+01, 3.95178955e+02,
    7.45875702e+01, 4.02637909e+02, 9.99887848e+01, 4.09658691e+02,
    1.24615662e+02, 4.16790466e+02, 1.48675598e+02, 4.23481537e+02,
    1.72079742e+02, 4.30091278e+02, 1.94625412e+02, 4.36459656e+02,
    4.09307899e+01, 4.16846344e+02, 6.73595352e+01, 4.23735626e+02,
    9.29246445e+01, 4.30668121e+02, 1.17618706e+02, 4.37295990e+02,
    1.41604614e+02, 4.43936188e+02, 1.65270218e+02, 4.50129730e+02,
    1.88149643e+02, 4.56121918e+02 ]
