%YAML:1.0
---
points: [ 9.20718445e+02, 2.18747955e+02, 9.09234009e+02, 2.34187866e+02,
    8.97998779e+02, 2.49335938e+02, 8.86523499e+02, 2.64560028e+02,
    8.75319031e+02, 2.79804260e+02, 8.63716370e+02, 2.95062683e+02,
    8.52550293e+02, 3.10370087e+02, 9.05644470e+02, 2.06074783e+02,
    8.94395691e+02, 2.21437363e+02, 8.82863159e+02, 2.36718048e+02,
    8.71547180e+02, 2.52230453e+02, 8.59891052e+02, 2.67405518e+02,
    8.48629456e+02, 2.82711029e+02, 8.37036255e+02, 2.98146057e+02,
    8.90661011e+02, 1.93307251e+02, 8.79149048e+02, 2.08611679e+02,
    8.67719971e+02, 2.24141907e+02, 8.56155334e+02, 2.39486465e+02,
    8.44707581e+02, 2.54863586e+02, 8.33118530e+02, 2.70261871e+02,
    8.21803955e+02, 2.85593903e+02, 8.75366089e+02, 1.80397385e+02,
    8.63998718e+02, 1.95762604e+02, 8.52286865e+02, 2.11281708e+02,
    8.40781982e+02, 2.26731049e+02, 8.29201782e+02, 2.42184052e+02,
    8.17686707e+02, 2.57700623e+02, 8.06103333e+02, 2.73122498e+02,
    8.60051819e+02, 1.67288376e+02, 8.48449463e+02, 1.82668335e+02,
    8.36810791e+02, 1.98330811e+02, 8.25182129e+02, 2.13871628e+02,
    8.13638855e+02, 2.29395233e+02, 8.01883545e+02, 2.44841278e+02,
    7.90381714e+02, 2.60397156e+02, 8.44524719e+02, 1.53838089e+02,
    8.32896790e+02, 1.69469971e+02, 8.21134766e+02, 1.85157120e+02,
    8.09462036e+02, 2.00741074e+02, 7.97752502e+02, 2.16291962e+02,
    7.86226318e+02, 2.32015839e+02, 7.74396179e+02, 2.47482056e+02,
    8.28820190e+02, 1.40520294e+02, 8.17038940e+02, 1.56203125e+02,
    8.05424377e+02, 1.71885071e+02, 7.93535278e+02, 1.87546921e+02,
    7.81960693e+02, 2.03239075e+02, 7.70013428e+02, 2.18778824e+02,
    7.58406555e+02, 2.34515213e+02, 8.12858521e+02, 1.26845314e+02,
    8.01276489e+02, 1.42729645e+02, 7.89330444e+02, 1.58414658e+02,
    7.77566345e+02, 1.74227921e+02, 7.65624878e+02, 1.89937836e+02,
    7.54030334e+02, 2.05691467e+02, 7.41984131e+02, 2.21358246e+02,
    7.96994385e+02, 1.13309090e+02, 7.84949524e+02, 1.28978958e+02,
    7.73297791e+02, 1.44885742e+02, 7.61264771e+02, 1.60663147e+02,
    7.49484253e+02, 1.76484482e+02, 7.37410278e+02, 1.92261276e+02,
    7.25629578e+02, 2.08188690e+02 ]
