%YAML:1.0
---
points: [ 1.07351062e+03, 2.66450165e+02, 1.05175098e+03, 2.85785858e+02,
    1.03055481e+03, 3.04842682e+02, 1.00978058e+03, 3.23499054e+02,
    9.89733826e+02, 3.41594025e+02, 9.69838074e+02, 3.59348419e+02,
    9.50548645e+02, 3.76530182e+02, 1.05405627e+03, 2.45842957e+02,
    1.03230139e+03, 2.65953705e+02, 1.01118457e+03, 2.85397766e+02,
    9.90340881e+02, 3.04447296e+02, 9.70187927e+02, 3.22855835e+02,
    9.50570984e+02, 3.40808319e+02, 9.31271179e+02, 3.58475128e+02,
    1.03422290e+03, 2.25283264e+02, 1.01237939e+03, 2.45545914e+02,
    9.91233032e+02, 2.65365540e+02, 9.70526978e+02, 2.84805450e+02,
    9.50555420e+02, 3.03753906e+02, 9.30619568e+02, 3.22222382e+02,
    9.11425659e+02, 3.40139282e+02, 1.01387787e+03, 2.03820465e+02,
    9.92356262e+02, 2.24748138e+02, 9.71002991e+02, 2.45060257e+02,
    9.50524536e+02, 2.64911774e+02, 9.30239929e+02, 2.84225220e+02,
    9.10654785e+02, 3.03203217e+02, 8.91376526e+02, 3.21467438e+02,
    9.93194824e+02, 1.82044189e+02, 9.71460876e+02, 2.03409088e+02,
    9.50299500e+02, 2.24183838e+02, 9.29695801e+02, 2.44358994e+02,
    9.09551086e+02, 2.64263153e+02, 8.90079895e+02, 2.83569427e+02,
    8.70896545e+02, 3.02399414e+02, 9.71811218e+02, 1.59610031e+02,
    9.50292664e+02, 1.81517715e+02, 9.29052002e+02, 2.02745392e+02,
    9.08579468e+02, 2.23427475e+02, 8.88508240e+02, 2.43543304e+02,
    8.68856445e+02, 2.63475189e+02, 8.49917236e+02, 2.82699158e+02,
    9.50169312e+02, 1.36699463e+02, 9.28574768e+02, 1.59082260e+02,
    9.07458252e+02, 1.80784485e+02, 8.87126160e+02, 2.02103088e+02,
    8.67045837e+02, 2.22779465e+02, 8.47543579e+02, 2.42891647e+02,
    8.28535461e+02, 2.62664093e+02, 9.27917908e+02, 1.13162910e+02,
    9.06378906e+02, 1.36264206e+02, 8.85478027e+02, 1.58472672e+02,
    8.64939514e+02, 1.80236053e+02, 8.45047119e+02, 2.01369217e+02,
    8.25556274e+02, 2.22150208e+02, 8.06642517e+02, 2.42282028e+02,
    9.05265198e+02, 8.92049484e+01, 8.83658997e+02, 1.12551025e+02,
    8.62702942e+02, 1.35504761e+02, 8.42418396e+02, 1.57798065e+02,
    8.22485229e+02, 1.79467712e+02, 8.03180298e+02, 2.00614914e+02,
    7.84172058e+02, 2.21360825e+02 ]
