%YAML:1.0
---
points: [ 2.53583405e+02, 1.02192131e+02, 2.46389465e+02, 1.06315910e+02,
    2.45685913e+02, 1.10620514e+02, 2.38570145e+02, 1.15979973e+02,
    2.37740768e+02, 1.21352280e+02, 2.30592422e+02, 1.30698898e+02,
    2.30592804e+02, 1.30696808e+02, 2.47524216e+02, 9.68668518e+01,
    2.45301376e+02, 1.02082222e+02, 2.40666153e+02, 1.06888741e+02,
    2.36415390e+02, 1.12813431e+02, 2.32852051e+02, 1.17635628e+02,
    2.29566681e+02, 1.22730492e+02, 2.25828629e+02, 1.27432121e+02,
    2.42850037e+02, 9.33341522e+01, 2.39122131e+02, 9.74958496e+01,
    2.35808289e+02, 1.02740074e+02, 2.32043976e+02, 1.07533699e+02,
    2.27935059e+02, 1.13117088e+02, 2.24081741e+02, 1.18607628e+02,
    2.20309830e+02, 1.22776733e+02, 2.37917618e+02, 8.83926544e+01,
    2.33874329e+02, 9.33832703e+01, 2.30778687e+02, 9.78083878e+01,
    2.26757019e+02, 1.03920364e+02, 2.22811218e+02, 1.09179703e+02,
    2.18954391e+02, 1.14398079e+02, 2.15484360e+02, 1.20063141e+02,
    2.32216522e+02, 8.48666534e+01, 2.29258514e+02, 8.88001785e+01,
    2.25941788e+02, 9.29383698e+01, 2.21295609e+02, 9.89207306e+01,
    2.17848404e+02, 1.04848442e+02, 2.13610580e+02, 1.10505600e+02,
    2.09529236e+02, 1.14633240e+02, 2.27563065e+02, 7.91257095e+01,
    2.24966415e+02, 8.38483810e+01, 2.20262161e+02, 8.97717438e+01,
    2.16551712e+02, 9.49293442e+01, 2.11840775e+02, 1.00150124e+02,
    2.08195282e+02, 1.05362450e+02, 2.04613831e+02, 1.11703613e+02,
    2.22400803e+02, 7.57607269e+01, 2.18529648e+02, 8.03249588e+01,
    2.14432526e+02, 8.54336090e+01, 2.10424408e+02, 9.08584900e+01,
    2.03019287e+02, 9.66711197e+01, 2.03019287e+02, 9.66711197e+01,
    1.98371338e+02, 1.05901543e+02, 2.17126343e+02, 7.06095657e+01,
    2.13135849e+02, 7.53519669e+01, 2.09527267e+02, 8.09554749e+01,
    2.05539963e+02, 8.60971680e+01, 2.00846100e+02, 9.35992279e+01,
    1.97556595e+02, 9.69234695e+01, 1.93593216e+02, 1.02430824e+02,
    2.11583954e+02, 6.67142410e+01, 2.08334320e+02, 7.09819412e+01,
    2.03587372e+02, 7.65935745e+01, 2.00114151e+02, 8.17114792e+01,
    1.95687256e+02, 8.75319366e+01, 1.92202896e+02, 9.20283051e+01,
    1.87522430e+02, 9.75855331e+01 ]
