%YAML:1.0
---
points: [ 5.08626022e+01, 1.19597504e+02, 5.11110954e+01, 1.26251099e+02,
    5.11110992e+01, 1.26251114e+02, 5.19442978e+01, 1.38816696e+02,
    5.19443054e+01, 1.38816742e+02, 5.23424034e+01, 1.52664871e+02,
    5.22196693e+01, 1.55254303e+02, 4.60360756e+01, 1.21823845e+02,
    4.62798729e+01, 1.27793579e+02, 5.11110992e+01, 1.26251114e+02,
    5.19442978e+01, 1.38816696e+02, 5.19443054e+01, 1.38816742e+02,
    5.23424034e+01, 1.52664871e+02, 5.23424110e+01, 1.52664932e+02,
    4.60360680e+01, 1.21823845e+02, 4.62798729e+01, 1.27793579e+02,
    4.62798729e+01, 1.27793594e+02, 4.69124947e+01, 1.40860321e+02,
    4.71649704e+01, 1.47109024e+02, 4.71649780e+01, 1.47109055e+02,
    4.47418900e+01, 1.57474716e+02, 4.18686905e+01, 1.23150734e+02,
    4.19092293e+01, 1.29690155e+02, 4.19092255e+01, 1.29690186e+02,
    4.19530754e+01, 1.35662796e+02, 4.25209694e+01, 1.48473190e+02,
    4.28627167e+01, 1.55092697e+02, 4.28627205e+01, 1.55092728e+02,
    3.68659554e+01, 1.25323174e+02, 3.48562508e+01, 1.31814667e+02,
    3.68729515e+01, 1.31423492e+02, 3.75258560e+01, 1.43707993e+02,
    3.75258636e+01, 1.43708023e+02, 3.77827682e+01, 1.49908035e+02,
    3.53480339e+01, 1.60336914e+02, 3.19786835e+01, 1.27196022e+02,
    3.25091476e+01, 1.32741241e+02, 3.25091591e+01, 1.32741272e+02,
    3.06989594e+01, 1.46112305e+02, 3.04491100e+01, 1.52316010e+02,
    3.04491062e+01, 1.52315979e+02, 3.08768005e+01, 1.58578293e+02,
    2.52656136e+01, 1.26286949e+02, 2.80538197e+01, 1.34699173e+02,
    2.78158150e+01, 1.40881088e+02, 2.77442055e+01, 1.47082520e+02,
    2.77442093e+01, 1.47082520e+02, 2.83638668e+01, 1.59840103e+02,
    2.57616444e+01, 1.63483902e+02, 2.14203281e+01, 1.30792267e+02,
    2.14203300e+01, 1.30792282e+02, 2.11683712e+01, 1.40231140e+02,
    2.14827747e+01, 1.46062500e+02, 2.16437054e+01, 1.52431366e+02,
    2.18022385e+01, 1.58506241e+02, 2.41303654e+01, 1.65415100e+02,
    2.14203281e+01, 1.30792267e+02, 1.86223717e+01, 1.37967926e+02,
    1.91974277e+01, 1.43699051e+02, 1.91974316e+01, 1.43699036e+02,
    1.69792709e+01, 1.53833908e+02, 1.68021450e+01, 1.60066040e+02,
    1.67021313e+01, 1.66384171e+02 ]
