%YAML:1.0
---
points: [ 8.88664429e+02, 6.47942261e+02, 8.90501709e+02, 6.85641479e+02,
    8.92135864e+02, 7.23640076e+02, 8.93963379e+02, 7.62195190e+02,
    8.95732056e+02, 8.01253906e+02, 8.97427551e+02, 8.40326111e+02,
    8.99188599e+02, 8.80378052e+02, 8.52008057e+02, 6.50132324e+02,
    8.53516541e+02, 6.87639221e+02, 8.55087036e+02, 7.25575989e+02,
    8.56667542e+02, 7.64279480e+02, 8.58263855e+02, 8.02795654e+02,
    8.59700134e+02, 8.42321167e+02, 8.61267029e+02, 8.81858215e+02,
    8.15604858e+02, 6.52361755e+02, 8.16760986e+02, 6.89687744e+02,
    8.18213013e+02, 7.27693115e+02, 8.19537781e+02, 7.65940674e+02,
    8.20929382e+02, 8.04621704e+02, 8.22390015e+02, 8.43860291e+02,
    8.23453247e+02, 8.83475647e+02, 7.79179993e+02, 6.54390869e+02,
    7.80425842e+02, 6.91870178e+02, 7.81436096e+02, 7.29610107e+02,
    7.82675354e+02, 7.67898926e+02, 7.83796997e+02, 8.06534241e+02,
    7.84849854e+02, 8.45537720e+02, 7.86043030e+02, 8.85162781e+02,
    7.42830200e+02, 6.56578125e+02, 7.43732727e+02, 6.93876648e+02,
    7.44844910e+02, 7.31743286e+02, 7.45845581e+02, 7.69928406e+02,
    7.46909729e+02, 8.08496948e+02, 7.47747925e+02, 8.47348022e+02,
    7.48624207e+02, 8.86648682e+02, 7.06609985e+02, 6.58821594e+02,
    7.07448914e+02, 6.96146912e+02, 7.08328369e+02, 7.33762146e+02,
    7.08988953e+02, 7.71713135e+02, 7.09944580e+02, 8.10319519e+02,
    7.10728943e+02, 8.49230652e+02, 7.11475159e+02, 8.88335205e+02,
    6.70636475e+02, 6.60961243e+02, 6.71360474e+02, 6.98065796e+02,
    6.72002075e+02, 7.35847290e+02, 6.72864563e+02, 7.73599915e+02,
    6.73423462e+02, 8.12252502e+02, 6.74067871e+02, 8.50739441e+02,
    6.74664368e+02, 8.90055298e+02, 6.34776855e+02, 6.63356873e+02,
    6.35300903e+02, 7.00367371e+02, 6.35881409e+02, 7.37866394e+02,
    6.36429077e+02, 7.75672363e+02, 6.36922607e+02, 8.13760620e+02,
    6.37491394e+02, 8.52611511e+02, 6.37864929e+02, 8.91572937e+02,
    5.99002747e+02, 6.65633240e+02, 5.99376892e+02, 7.02368774e+02,
    5.99718628e+02, 7.39860657e+02, 6.00197021e+02, 7.77589539e+02,
    6.00631836e+02, 8.15796692e+02, 6.00991089e+02, 8.54268066e+02,
    6.01363525e+02, 8.93278870e+02 ]
