%YAML:1.0
---
points: [ 3.09165436e+02, 3.92393532e+01, 3.15780792e+02, 4.65321083e+01,
    3.22258179e+02, 5.40435677e+01, 3.28531219e+02, 6.11390648e+01,
    3.34655487e+02, 6.82138977e+01, 3.40652740e+02, 7.50908279e+01,
    3.46497833e+02, 8.18814316e+01, 3.02221344e+02, 4.71375465e+01,
    3.08875092e+02, 5.47320786e+01, 3.15391022e+02, 6.19404221e+01,
    3.21749023e+02, 6.91283035e+01, 3.27888550e+02, 7.59585953e+01,
    3.34014313e+02, 8.27628250e+01, 3.39894348e+02, 8.93336105e+01,
    2.95374664e+02, 5.55218239e+01, 3.02095062e+02, 6.27212181e+01,
    3.08598114e+02, 6.98945770e+01, 3.15010651e+02, 7.68727646e+01,
    3.21205597e+02, 8.37133636e+01, 3.27331238e+02, 9.03349457e+01,
    3.33261353e+02, 9.69433365e+01, 2.88504303e+02, 6.35333824e+01,
    2.95275635e+02, 7.08128510e+01, 3.01895081e+02, 7.78109360e+01,
    3.08314026e+02, 8.46661148e+01, 3.14571381e+02, 9.13593674e+01,
    3.20722961e+02, 9.78782120e+01, 3.26725525e+02, 1.04355934e+02,
    2.81749756e+02, 7.16462250e+01, 2.88571014e+02, 7.86997147e+01,
    2.95197968e+02, 8.56047592e+01, 3.01676178e+02, 9.23709793e+01,
    3.07999725e+02, 9.89896393e+01, 3.14147369e+02, 1.05429604e+02,
    3.20177368e+02, 1.11746628e+02, 2.75039703e+02, 7.96805649e+01,
    2.81868713e+02, 8.65547104e+01, 2.88539917e+02, 9.34577789e+01,
    2.95046204e+02, 9.99925156e+01, 3.01436401e+02, 1.06546677e+02,
    3.07622559e+02, 1.12861923e+02, 3.13741211e+02, 1.19092491e+02,
    2.68449219e+02, 8.75388641e+01, 2.75320374e+02, 9.44312668e+01,
    2.82043365e+02, 1.01054771e+02, 2.88601379e+02, 1.07631691e+02,
    2.94923859e+02, 1.13960159e+02, 3.01217896e+02, 1.20207947e+02,
    3.07252563e+02, 1.26261314e+02, 2.61851959e+02, 9.54648361e+01,
    2.68821594e+02, 1.02155899e+02, 2.75496613e+02, 1.08740463e+02,
    2.82116150e+02, 1.15141930e+02, 2.88516876e+02, 1.21387352e+02,
    2.94778168e+02, 1.27446350e+02, 3.00932343e+02, 1.33436264e+02,
    2.55400528e+02, 1.03227455e+02, 2.62334961e+02, 1.09831268e+02,
    2.69130585e+02, 1.16302765e+02, 2.75731995e+02, 1.22590324e+02,
    2.82223541e+02, 1.28663635e+02, 2.88488129e+02, 1.34662750e+02,
    2.94626099e+02, 1.40551926e+02 ]
