%YAML:1.0
---
points: [ 5.69721642e+01, 1.44428879e+02, 6.05499077e+01, 1.52486786e+02,
    6.05499268e+01, 1.52486816e+02, 6.62602158e+01, 1.59720154e+02,
    6.60417175e+01, 1.65360107e+02, 7.23293610e+01, 1.70053879e+02,
    7.45536194e+01, 1.76073410e+02, 5.16752014e+01, 1.47290680e+02,
    5.44590759e+01, 1.52579620e+02, 5.83298645e+01, 1.62463577e+02,
    6.15619278e+01, 1.67013687e+02, 6.45155411e+01, 1.71266861e+02,
    6.72695236e+01, 1.74199448e+02, 7.45536118e+01, 1.76073410e+02,
    4.66537895e+01, 1.54628372e+02, 4.89261627e+01, 1.53748001e+02,
    5.25734253e+01, 1.61726044e+02, 5.58891258e+01, 1.70123230e+02,
    5.85945244e+01, 1.71816757e+02, 6.12816086e+01, 1.77121506e+02,
    6.26032181e+01, 1.81471878e+02, 4.66538048e+01, 1.54628433e+02,
    4.42267189e+01, 1.62795898e+02, 5.01531487e+01, 1.66747070e+02,
    5.02418594e+01, 1.70347977e+02, 5.86499100e+01, 1.74647873e+02,
    5.62903481e+01, 1.81378815e+02, 6.24003716e+01, 1.81616074e+02,
    3.59315453e+01, 1.61322342e+02, 4.36703606e+01, 1.63155518e+02,
    4.42267303e+01, 1.62795883e+02, 4.48334999e+01, 1.77062149e+02,
    4.76883698e+01, 1.75763382e+02, 4.99641876e+01, 1.80731567e+02,
    5.11172829e+01, 1.87912766e+02, 3.04539165e+01, 1.65522766e+02,
    3.33641052e+01, 1.70680679e+02, 3.63864708e+01, 1.75562561e+02,
    3.92632980e+01, 1.77255157e+02, 4.25372810e+01, 1.85721069e+02,
    4.57221680e+01, 1.91089249e+02, 4.83629799e+01, 1.90016495e+02,
    2.56268291e+01, 1.68187103e+02, 3.33649025e+01, 1.70692993e+02,
    2.87584400e+01, 1.74769974e+02, 3.37852898e+01, 1.76678329e+02,
    3.72118912e+01, 1.88772858e+02, 3.92135963e+01, 1.91160355e+02,
    4.02122040e+01, 1.94449402e+02, 2.00642014e+01, 1.68371246e+02,
    2.24325790e+01, 1.73185287e+02, 3.07940254e+01, 1.78799271e+02,
    2.86075382e+01, 1.87427338e+02, 3.13907223e+01, 1.89295135e+02,
    3.42666397e+01, 1.94856888e+02, 3.73189468e+01, 2.00252869e+02,
    1.42927980e+01, 1.71777847e+02, 1.72658157e+01, 1.77256851e+02,
    2.02809849e+01, 1.82228073e+02, 2.86075382e+01, 1.87427292e+02,
    2.58727417e+01, 1.93251251e+02, 2.89272747e+01, 1.98365036e+02,
    3.15035648e+01, 2.03724350e+02 ]
