%YAML:1.0
---
points: [ 1.10546814e+03, 1.08634781e+02, 1.11949841e+03, 1.09076172e+02,
    1.13359839e+03, 1.09442085e+02, 1.14772083e+03, 1.09843369e+02,
    1.16179785e+03, 1.10352402e+02, 1.17590625e+03, 1.10558044e+02,
    1.19014783e+03, 1.11001175e+02, 1.10451001e+03, 1.24375206e+02,
    1.11847253e+03, 1.24667427e+02, 1.13267212e+03, 1.25082115e+02,
    1.14669885e+03, 1.25445671e+02, 1.16067688e+03, 1.25703384e+02,
    1.17482153e+03, 1.26133652e+02, 1.18902441e+03, 1.26438843e+02,
    1.10359192e+03, 1.39926788e+02, 1.11755994e+03, 1.40273804e+02,
    1.13180298e+03, 1.40518845e+02, 1.14561401e+03, 1.40832321e+02,
    1.15975635e+03, 1.41214813e+02, 1.17387439e+03, 1.41427139e+02,
    1.18779016e+03, 1.41649506e+02, 1.10270105e+03, 1.55362411e+02,
    1.11683008e+03, 1.55574890e+02, 1.13080750e+03, 1.55895432e+02,
    1.14471594e+03, 1.56237244e+02, 1.15879956e+03, 1.56392029e+02,
    1.17264697e+03, 1.56642471e+02, 1.18665649e+03, 1.57086594e+02,
    1.10201831e+03, 1.70559601e+02, 1.11609656e+03, 1.70871185e+02,
    1.12977649e+03, 1.71194199e+02, 1.14375977e+03, 1.71341660e+02,
    1.15772827e+03, 1.71560654e+02, 1.17158362e+03, 1.71847763e+02,
    1.18571521e+03, 1.72132431e+02, 1.10138110e+03, 1.85857681e+02,
    1.11531372e+03, 1.86163574e+02, 1.12899133e+03, 1.86220642e+02,
    1.14301367e+03, 1.86486557e+02, 1.15676428e+03, 1.86729355e+02,
    1.17070557e+03, 1.86895248e+02, 1.18460559e+03, 1.87096497e+02,
    1.10049731e+03, 2.00721085e+02, 1.11429944e+03, 2.00896057e+02,
    1.12829797e+03, 2.01275375e+02, 1.14205957e+03, 2.01413055e+02,
    1.15578760e+03, 2.01549957e+02, 1.16954529e+03, 2.01809097e+02,
    1.18362915e+03, 2.02036758e+02, 1.09979041e+03, 2.15623093e+02,
    1.11349951e+03, 2.15995514e+02, 1.12744824e+03, 2.16153214e+02,
    1.14115759e+03, 2.16356659e+02, 1.15486096e+03, 2.16454926e+02,
    1.16881909e+03, 2.16531097e+02, 1.18243164e+03, 2.16834808e+02,
    1.09891553e+03, 2.30392319e+02, 1.11251062e+03, 2.30453903e+02,
    1.12657959e+03, 2.30634445e+02, 1.14018616e+03, 2.30825775e+02,
    1.15402515e+03, 2.31294739e+02, 1.16754785e+03, 2.31239319e+02,
    1.18150427e+03, 2.31464874e+02 ]
