%YAML:1.0
---
points: [ 2.12349426e+02, 1.03289658e+02, 2.12340942e+02, 1.03273254e+02,
    2.15779800e+02, 1.11474144e+02, 2.22240509e+02, 1.19284615e+02,
    2.22778870e+02, 1.25089630e+02, 2.28238083e+02, 1.30104874e+02,
    2.28650665e+02, 1.36037613e+02, 2.04968201e+02, 1.09752617e+02,
    2.10298004e+02, 1.05953163e+02, 2.13367310e+02, 1.17218513e+02,
    2.19442810e+02, 1.18686066e+02, 2.19486313e+02, 1.31237778e+02, 223.,
    1.33750000e+02, 2.28650620e+02, 1.36037643e+02, 2.04968140e+02,
    1.09752693e+02, 2.04967178e+02, 1.09755768e+02, 2.08005585e+02,
    1.20037361e+02, 2.12176773e+02, 1.29553406e+02, 2.14434860e+02,
    1.28133896e+02, 2.17217178e+02, 1.31565735e+02, 2.15039032e+02,
    1.43294601e+02, 1.95686325e+02, 1.15591873e+02, 2.01629395e+02,
    1.11651886e+02, 2.02245499e+02, 1.20045326e+02, 2.04693344e+02,
    1.24882004e+02, 2.08247574e+02, 1.34188950e+02, 2.06878647e+02,
    1.39789856e+02, 2.14911163e+02, 1.43583572e+02, 1.91084854e+02,
    1.15210793e+02, 1.97277756e+02, 1.20942879e+02, 1.97067749e+02,
    1.21563927e+02, 1.94461182e+02, 1.31688065e+02, 2.02825287e+02,
    1.37185760e+02, 2.03352371e+02, 1.48555374e+02, 2.08544250e+02,
    1.48730255e+02, 1.82297455e+02, 1.21368103e+02, 1.87788467e+02,
    1.18401680e+02, 1.90932358e+02, 1.32217926e+02, 1.94461212e+02,
    1.31688171e+02, 1.97117584e+02, 1.36178177e+02, 2.00533966e+02,
    1.42579285e+02, 2.03352371e+02, 1.48555374e+02, 1.79800919e+02,
    1.21336075e+02, 1.82297394e+02, 1.21368141e+02, 1.85116562e+02,
    1.32017670e+02, 1.88543854e+02, 1.37644318e+02, 1.91759689e+02,
    1.42788925e+02, 1.94744827e+02, 1.45026260e+02, 1.97760284e+02,
    1.54280991e+02, 1.70545517e+02, 1.27158066e+02, 1.72067551e+02,
    1.25889809e+02, 1.85295181e+02, 1.35392929e+02, 1.88270035e+02,
    1.40591553e+02, 1.91066895e+02, 1.45818466e+02, 1.86319229e+02,
    1.57509811e+02, 1.92239441e+02, 1.54815231e+02, 1.70545471e+02,
    1.27158104e+02, 1.70545471e+02, 1.27158104e+02, 1.79582169e+02,
    1.37870636e+02, 1.77253220e+02, 1.43976730e+02, 1.83361557e+02,
    1.51826202e+02, 1.83361588e+02, 1.51826248e+02, 1.86329147e+02,
    1.60236298e+02 ]
