%YAML:1.0
---
points: [ 2.40793503e+02, 2.99806519e+02, 2.30394699e+02, 3.00112030e+02,
    2.19800949e+02, 3.00337982e+02, 2.09329910e+02, 3.00574554e+02,
    1.98769440e+02, 3.00825012e+02, 1.88165588e+02, 3.01088257e+02,
    1.77750748e+02, 3.01341644e+02, 2.40812363e+02, 2.89290039e+02,
    2.30611115e+02, 2.89533630e+02, 2.19972198e+02, 2.89884766e+02,
    2.09707428e+02, 2.90105774e+02, 1.99326797e+02, 2.90382538e+02,
    1.88860229e+02, 2.90659241e+02, 1.78460052e+02, 2.90824951e+02,
    2.40825150e+02, 2.79085846e+02, 2.30665466e+02, 2.79364746e+02,
    2.20316559e+02, 2.79616241e+02, 2.10014130e+02, 2.79876862e+02,
    1.99828369e+02, 2.80129974e+02, 1.89579681e+02, 2.80364532e+02,
    1.79235886e+02, 2.80601776e+02, 2.40784180e+02, 2.69216339e+02,
    2.30737137e+02, 2.69453125e+02, 2.20628174e+02, 2.69694061e+02,
    2.10562408e+02, 2.69893677e+02, 2.00410233e+02, 2.70199158e+02,
    1.90200577e+02, 2.70470917e+02, 1.79970657e+02, 2.70701599e+02,
    2.40810196e+02, 2.59616730e+02, 2.30788834e+02, 2.59838501e+02,
    2.20848312e+02, 2.60006836e+02, 2.10786804e+02, 2.60249084e+02,
    2.00803635e+02, 2.60503632e+02, 1.90829666e+02, 2.60721191e+02,
    1.80754974e+02, 2.60818115e+02, 2.40795990e+02, 2.50121506e+02,
    2.30870438e+02, 2.50409042e+02, 2.20979950e+02, 2.50633316e+02,
    2.11246933e+02, 2.50795670e+02, 2.01323273e+02, 2.50948776e+02,
    1.91466751e+02, 2.51194290e+02, 1.81464111e+02, 2.51532547e+02,
    2.40777893e+02, 2.40932343e+02, 2.30976471e+02, 2.41183685e+02,
    2.21333664e+02, 2.41383774e+02, 2.11583160e+02, 2.41598557e+02,
    2.01785782e+02, 2.41762787e+02, 1.91956345e+02, 2.41930725e+02,
    1.82158493e+02, 2.42260941e+02, 2.40762650e+02, 2.31943954e+02,
    2.31197556e+02, 2.32236130e+02, 2.21542740e+02, 2.32504852e+02,
    2.11834732e+02, 2.32699173e+02, 2.02204117e+02, 2.32834259e+02,
    1.92632889e+02, 2.33042862e+02, 1.82900848e+02, 2.33263519e+02,
    2.40751755e+02, 2.23234161e+02, 2.31260101e+02, 2.23507233e+02,
    2.21702896e+02, 2.23703857e+02, 2.12179031e+02, 2.23838776e+02,
    2.02741287e+02, 2.23964752e+02, 1.93072266e+02, 2.24290588e+02,
    1.83605118e+02, 2.24621780e+02 ]
