%YAML:1.0
---
points: [ 8.02675293e+02, 2.24209396e+02, 8.11544373e+02, 2.40442307e+02,
    8.20558105e+02, 2.56894592e+02, 8.29497742e+02, 2.73179230e+02,
    8.38347168e+02, 2.89479004e+02, 8.47424438e+02, 3.05663422e+02,
    8.56298218e+02, 3.21754242e+02, 7.85908325e+02, 2.32911301e+02,
    7.95050720e+02, 2.49206482e+02, 8.03922607e+02, 2.65567627e+02,
    8.13005554e+02, 2.81994690e+02, 8.21833740e+02, 2.98372375e+02,
    8.30757690e+02, 3.14485626e+02, 8.39658386e+02, 3.31126312e+02,
    7.69431885e+02, 2.41604797e+02, 7.78349121e+02, 2.58047852e+02,
    7.87388062e+02, 2.74315430e+02, 7.96312988e+02, 2.90693024e+02,
    8.05330872e+02, 3.07116852e+02, 8.14193298e+02, 3.23481415e+02,
    8.22969299e+02, 3.39538483e+02, 7.52687134e+02, 2.50460815e+02,
    7.61710022e+02, 2.66700073e+02, 7.70636963e+02, 2.83234039e+02,
    7.79601807e+02, 2.99509003e+02, 7.88525940e+02, 3.15819611e+02,
    7.97582336e+02, 3.32309937e+02, 8.06304932e+02, 3.48627625e+02,
    7.36227661e+02, 2.59144745e+02, 7.44979980e+02, 2.75506744e+02,
    7.53995483e+02, 2.91765106e+02, 7.62969238e+02, 3.08401642e+02,
    7.71863953e+02, 3.24664093e+02, 7.80695251e+02, 3.41201111e+02,
    7.89786072e+02, 3.57395172e+02, 7.19242493e+02, 2.67799927e+02,
    7.28344055e+02, 2.84235687e+02, 7.37073547e+02, 3.00626465e+02,
    7.46297668e+02, 3.16999268e+02, 7.55011536e+02, 3.33471161e+02,
    7.63911316e+02, 3.49738434e+02, 7.72783386e+02, 3.66284973e+02,
    7.02566895e+02, 2.76524902e+02, 7.11378174e+02, 2.92848389e+02,
    7.20413086e+02, 3.09422485e+02, 7.29348694e+02, 3.25832031e+02,
    7.38255554e+02, 3.42211426e+02, 7.47141785e+02, 3.58608398e+02,
    7.56105774e+02, 3.74868622e+02, 6.85671875e+02, 2.85262726e+02,
    6.94625732e+02, 3.01631439e+02, 7.03558472e+02, 3.18134705e+02,
    7.12509888e+02, 3.34508514e+02, 7.21365540e+02, 3.51043549e+02,
    7.30400513e+02, 3.67440277e+02, 7.39139099e+02, 3.83842438e+02,
    6.68824768e+02, 2.94013336e+02, 6.77679688e+02, 3.10411163e+02,
    6.86665100e+02, 3.26884369e+02, 6.95537964e+02, 3.43279816e+02,
    7.04640137e+02, 3.59809631e+02, 7.13399841e+02, 3.76293884e+02,
    7.22291992e+02, 3.92595215e+02 ]
