%YAML:1.0
---
points: [ 1.04377612e+03, 1.78657932e+01, 1.06403503e+03, 4.07213554e+01,
    1.08370544e+03, 6.26500893e+01, 1.10289807e+03, 8.43312988e+01,
    1.12164050e+03, 1.05248474e+02, 1.14008484e+03, 1.25790955e+02,
    1.15782129e+03, 1.45771927e+02, 1.02348798e+03, 4.26784439e+01,
    1.04380115e+03, 6.49901810e+01, 1.06368201e+03, 8.67199173e+01,
    1.08305969e+03, 1.07843346e+02, 1.10182690e+03, 1.28509201e+02,
    1.12036340e+03, 1.48704636e+02, 1.13844653e+03, 1.68520569e+02,
    1.00347009e+03, 6.72157440e+01, 1.02387653e+03, 8.92409363e+01,
    1.04388025e+03, 1.10502769e+02, 1.06341394e+03, 1.31380356e+02,
    1.08243213e+03, 1.51554840e+02, 1.10096082e+03, 1.71433533e+02,
    1.11910425e+03, 1.90718445e+02, 9.83590759e+02, 9.15369797e+01,
    1.00419043e+03, 1.13080048e+02, 1.02432263e+03, 1.33926895e+02,
    1.04391760e+03, 1.54453247e+02, 1.06312793e+03, 1.74324783e+02,
    1.08174390e+03, 1.93865204e+02, 1.10003931e+03, 2.12797043e+02,
    9.63906738e+02, 1.15587189e+02, 9.84648010e+02, 1.36760483e+02,
    1.00481122e+03, 1.57398529e+02, 1.02459338e+03, 1.77368622e+02,
    1.04388867e+03, 1.96830276e+02, 1.06267651e+03, 2.16032639e+02,
    1.08116602e+03, 2.34709061e+02, 9.44523010e+02, 1.39438095e+02,
    9.65387146e+02, 1.60222565e+02, 9.85663452e+02, 1.80398178e+02,
    1.00546698e+03, 2.00088608e+02, 1.02481555e+03, 2.19271042e+02,
    1.04376819e+03, 2.37993454e+02, 1.06240649e+03, 2.56348755e+02,
    9.25419800e+02, 1.62878662e+02, 9.46342957e+02, 1.83328110e+02,
    9.66773987e+02, 2.03045975e+02, 9.86718079e+02, 2.22293152e+02,
    1.00617926e+03, 2.41273178e+02, 1.02523438e+03, 2.59537750e+02,
    1.04382654e+03, 2.77526398e+02, 9.06389282e+02, 1.86127106e+02,
    9.27399658e+02, 2.06160721e+02, 9.47992615e+02, 2.25526260e+02,
    9.68135742e+02, 2.44423767e+02, 9.87552979e+02, 2.62981506e+02,
    1.00670068e+03, 2.80916656e+02, 1.02540295e+03, 2.98592224e+02,
    8.87611389e+02, 2.09220261e+02, 9.08793762e+02, 2.28655273e+02,
    9.29497437e+02, 2.47667313e+02, 9.49630188e+02, 2.66278870e+02,
    9.69288940e+02, 2.84475861e+02, 9.88431335e+02, 3.02188934e+02,
    1.00723413e+03, 3.19438293e+02 ]
