%YAML:1.0
---
points: [ 8.62548584e+02, 6.35194641e+02, 8.65342285e+02, 6.68385376e+02,
    8.68248474e+02, 7.01689209e+02, 8.70890503e+02, 7.35313965e+02,
    8.73707581e+02, 7.69201965e+02, 8.76445190e+02, 8.03151306e+02,
    8.79311340e+02, 8.37544312e+02, 8.30329529e+02, 6.38410217e+02,
    8.33092590e+02, 6.71826660e+02, 8.35784119e+02, 7.05581787e+02,
    8.38489258e+02, 7.39605103e+02, 8.41247742e+02, 7.73722534e+02,
    8.43893555e+02, 8.08332520e+02, 8.46730957e+02, 8.43146545e+02,
    7.97445312e+02, 6.41546265e+02, 8.00251831e+02, 6.75467957e+02,
    8.02680176e+02, 7.09568237e+02, 8.05523010e+02, 7.44038269e+02,
    8.07878357e+02, 7.78623352e+02, 8.10701294e+02, 8.13496765e+02,
    8.13279114e+02, 8.48812134e+02, 7.63795532e+02, 6.44846313e+02,
    7.66282776e+02, 6.79340149e+02, 7.69022339e+02, 7.13643311e+02,
    7.71432861e+02, 7.48686279e+02, 7.74192505e+02, 7.83557678e+02,
    7.76511230e+02, 8.18857117e+02, 7.79274963e+02, 8.54553528e+02,
    7.29159363e+02, 6.48438171e+02, 7.31756775e+02, 6.82979736e+02,
    7.34152771e+02, 7.18195984e+02, 7.36739807e+02, 7.53365967e+02,
    7.39078125e+02, 7.88717957e+02, 7.41613037e+02, 8.24412598e+02,
    7.44067505e+02, 8.60610352e+02, 6.93665344e+02, 6.51673096e+02,
    6.96213623e+02, 6.87068909e+02, 6.98535645e+02, 7.22483215e+02,
    7.00986938e+02, 7.58245911e+02, 7.03314575e+02, 7.94043335e+02,
    7.05647339e+02, 8.30143188e+02, 7.08060059e+02, 8.66539795e+02,
    6.57520203e+02, 6.55429077e+02, 6.59883301e+02, 6.91174194e+02,
    6.62194275e+02, 7.27025940e+02, 6.64520203e+02, 7.63148987e+02,
    6.66639709e+02, 7.99448853e+02, 6.69158447e+02, 8.36023621e+02,
    6.71292725e+02, 8.72824768e+02, 6.20220337e+02, 6.59232178e+02,
    6.22560730e+02, 6.95381836e+02, 6.24643738e+02, 7.31579163e+02,
    6.26953308e+02, 7.68243469e+02, 6.29165344e+02, 8.04872803e+02,
    6.31428040e+02, 8.42048706e+02, 6.33491455e+02, 8.79394897e+02,
    5.81878357e+02, 6.63034851e+02, 5.84348938e+02, 6.99467346e+02,
    5.86329956e+02, 7.36381714e+02, 5.88522583e+02, 7.73399597e+02,
    5.90650818e+02, 8.10634460e+02, 5.92603455e+02, 8.48254211e+02,
    5.94812866e+02, 8.85873169e+02 ]
