%YAML:1.0
---
points: [ 1.68175034e+02, 1.55348404e+02, 1.62612579e+02, 1.54727112e+02,
    1.56245148e+02, 1.60849930e+02, 1.50093216e+02, 1.63767624e+02,
    1.47825333e+02, 1.61049637e+02, 1.38449799e+02, 1.69201096e+02,
    1.32864288e+02, 1.69467529e+02, 1.62587128e+02, 1.47574783e+02,
    1.64711212e+02, 1.52265366e+02, 1.54039581e+02, 1.58497284e+02,
    1.47826080e+02, 1.61049591e+02, 1.42820648e+02, 1.56591171e+02,
    1.35730988e+02, 1.63667206e+02, 1.32864227e+02, 1.69467453e+02,
    1.62587097e+02, 1.47574707e+02, 1.56369919e+02, 1.47241028e+02,
    1.47836258e+02, 1.54779266e+02, 1.44536789e+02, 1.52677567e+02,
    1.38625076e+02, 1.58409088e+02, 1.33100693e+02, 1.58352356e+02,
    1.27139030e+02, 1.60666733e+02, 1.56677307e+02, 1.36101181e+02,
    1.53834702e+02, 1.41312927e+02, 1.48064575e+02, 1.40792038e+02,
    1.42015976e+02, 1.47111389e+02, 1.36343765e+02, 1.49469238e+02,
    1.30733414e+02, 1.47663177e+02, 1.27270859e+02, 1.58442841e+02,
    1.56677261e+02, 1.36101120e+02, 1.51284225e+02, 1.35486435e+02,
    1.41170029e+02, 1.38511581e+02, 1.39693817e+02, 1.41450500e+02,
    1.33188309e+02, 1.44251480e+02, 1.24292816e+02, 1.52386658e+02,
    1.21779831e+02, 1.49885559e+02, 1.50867050e+02, 1.24327477e+02,
    1.48277740e+02, 1.30321365e+02, 1.42236984e+02, 1.33044052e+02,
    1.39301041e+02, 1.30100830e+02, 1.30838211e+02, 1.34890076e+02,
    1.24715401e+02, 1.44566238e+02, 1.23605003e+02, 1.47040115e+02,
    1.50866989e+02, 1.24327499e+02, 1.45337738e+02, 1.24194969e+02,
    1.40163284e+02, 1.23580368e+02, 1.34245697e+02, 1.26525810e+02,
    1.27964012e+02, 1.30072098e+02, 1.22101562e+02, 1.31904785e+02,
    1.16472000e+02, 1.35242889e+02, 1.48573883e+02, 1.18493057e+02,
    1.42480591e+02, 1.18788300e+02, 1.37535080e+02, 1.18764557e+02,
    1.34388763e+02, 1.26033371e+02, 1.25264000e+02, 1.27293091e+02,
    1.13744118e+02, 1.30078735e+02, 1.16472000e+02, 1.35242889e+02,
    1.45869568e+02, 1.13673615e+02, 1.40188904e+02, 1.13243301e+02,
    1.33869308e+02, 1.19251213e+02, 1.28193741e+02, 1.19347740e+02,
    1.22234482e+02, 1.21796059e+02, 1.16303772e+02, 1.24268524e+02,
    1.13736557e+02, 1.30095123e+02 ]
