%YAML:1.0
---
points: [ 1.33019470e+03, 7.22117615e+02, 1.30286877e+03, 7.24806885e+02,
    1.27591016e+03, 7.28057068e+02, 1.24870776e+03, 7.30707397e+02,
    1.22165112e+03, 7.33815186e+02, 1.19442432e+03, 7.36810608e+02,
    1.16713403e+03, 7.39793640e+02, 1.32778870e+03, 6.94815002e+02,
    1.30075317e+03, 6.97659302e+02, 1.27360681e+03, 7.00701172e+02,
    1.24645569e+03, 7.03552490e+02, 1.21914575e+03, 7.06614502e+02,
    1.19176416e+03, 7.09518066e+02, 1.16447595e+03, 7.12557007e+02,
    1.32569983e+03, 6.67630371e+02, 1.29854419e+03, 6.70574341e+02,
    1.27137488e+03, 6.73471619e+02, 1.24405103e+03, 6.76348389e+02,
    1.21674353e+03, 6.79370239e+02, 1.18945959e+03, 6.82202148e+02,
    1.16219373e+03, 6.85280151e+02, 1.32362256e+03, 6.40468018e+02,
    1.29643518e+03, 6.43449036e+02, 1.26919617e+03, 6.46251221e+02,
    1.24174207e+03, 6.49202209e+02, 1.21442322e+03, 6.51917236e+02,
    1.18699988e+03, 6.54893494e+02, 1.15950061e+03, 6.57728455e+02,
    1.32163684e+03, 6.13138367e+02, 1.29415503e+03, 6.15859497e+02,
    1.26662549e+03, 6.18755371e+02, 1.23937012e+03, 6.21683411e+02,
    1.21206042e+03, 6.24500305e+02, 1.18456165e+03, 6.27516357e+02,
    1.15717627e+03, 6.30291260e+02, 1.31936353e+03, 5.85681763e+02,
    1.29177405e+03, 5.88517090e+02, 1.26447961e+03, 5.91423340e+02,
    1.23718372e+03, 5.94231934e+02, 1.20955579e+03, 5.97053467e+02,
    1.18209705e+03, 5.99796326e+02, 1.15455884e+03, 6.02716187e+02,
    1.31721130e+03, 5.58156250e+02, 1.28965112e+03, 5.60874451e+02,
    1.26227197e+03, 5.63735596e+02, 1.23464954e+03, 5.66523193e+02,
    1.20731323e+03, 5.69517273e+02, 1.17962720e+03, 5.72346558e+02,
    1.15231567e+03, 5.75267517e+02, 1.31489490e+03, 5.30443726e+02,
    1.28747302e+03, 5.33444214e+02, 1.25983838e+03, 5.36115662e+02,
    1.23258118e+03, 5.38987976e+02, 1.20474646e+03, 5.41707764e+02,
    1.17736609e+03, 5.44661377e+02, 1.14958447e+03, 5.47576111e+02,
    1.31262524e+03, 5.02755493e+02, 1.28528296e+03, 5.05545624e+02,
    1.25772180e+03, 5.08465790e+02, 1.23024585e+03, 5.11326019e+02,
    1.20254895e+03, 5.14062317e+02, 1.17492603e+03, 5.16913452e+02,
    1.14735779e+03, 5.19688538e+02 ]
