%YAML:1.0
---
points: [ 1.86623169e+02, 1.28092026e+02, 1.96256180e+02, 1.28773422e+02,
    2.05927521e+02, 1.29383698e+02, 2.15448608e+02, 1.30096680e+02,
    2.25195801e+02, 1.30719803e+02, 2.34793335e+02, 1.31352798e+02,
    2.44453979e+02, 1.32004684e+02, 1.85310196e+02, 1.36215302e+02,
    1.95053268e+02, 1.36890656e+02, 2.04880020e+02, 1.37454880e+02,
    2.14493729e+02, 1.38129166e+02, 2.24230133e+02, 1.38861526e+02,
    2.33974380e+02, 1.39582611e+02, 2.43671585e+02, 1.40224426e+02,
    1.83922577e+02, 1.44407990e+02, 1.93825806e+02, 1.45090576e+02,
    2.03654053e+02, 1.45718994e+02, 2.13474091e+02, 1.46458481e+02,
    2.23319366e+02, 1.47189835e+02, 2.33132645e+02, 1.47820099e+02,
    2.42924713e+02, 1.48458923e+02, 1.82513260e+02, 1.52804596e+02,
    1.92552475e+02, 1.53425232e+02, 2.02486160e+02, 1.54174561e+02,
    2.12421371e+02, 1.54850937e+02, 2.22297989e+02, 1.55623474e+02,
    2.32288620e+02, 1.56234451e+02, 2.42180252e+02, 1.56961884e+02,
    1.81165451e+02, 1.61309509e+02, 1.91219650e+02, 1.62041351e+02,
    2.01264816e+02, 1.62813995e+02, 2.11291199e+02, 1.63542358e+02,
    2.21395691e+02, 1.64226822e+02, 2.31316422e+02, 1.64933502e+02,
    2.41350433e+02, 1.65651047e+02, 1.79711090e+02, 1.70128845e+02,
    1.89880829e+02, 1.70858459e+02, 2.00054657e+02, 1.71613235e+02,
    2.10212402e+02, 1.72311539e+02, 2.20322327e+02, 1.73073517e+02,
    2.30454849e+02, 1.73725266e+02, 2.40617310e+02, 1.74359390e+02,
    1.78285721e+02, 1.79106262e+02, 1.88583633e+02, 1.79770905e+02,
    1.98806473e+02, 1.80582977e+02, 2.09073822e+02, 1.81313690e+02,
    2.19329483e+02, 1.81962891e+02, 2.29498047e+02, 1.82734512e+02,
    2.39766449e+02, 1.83465118e+02, 1.76705765e+02, 1.88349701e+02,
    1.87196213e+02, 1.88978928e+02, 1.97516708e+02, 1.89678970e+02,
    2.07868027e+02, 1.90537323e+02, 2.18208511e+02, 1.91209976e+02,
    2.28607697e+02, 1.91811371e+02, 2.38894363e+02, 1.92609772e+02,
    1.75200897e+02, 1.97667633e+02, 1.85681122e+02, 1.98469437e+02,
    1.96259308e+02, 1.99061676e+02, 2.06717010e+02, 1.99783188e+02,
    2.17217453e+02, 2.00600037e+02, 2.27535294e+02, 2.01226181e+02,
    2.38130707e+02, 2.01969879e+02 ]
