%YAML:1.0
---
points: [ 1.09534277e+03, 2.63449005e+02, 1.08419727e+03, 2.70854340e+02,
    1.09041760e+03, 2.89687561e+02, 1.07963403e+03, 2.96763977e+02,
    1.08619189e+03, 3.15687134e+02, 1.07503638e+03, 3.23085968e+02,
    1.08033655e+03, 3.34123840e+02, 1.07462219e+03, 2.52876617e+02,
    1.08419727e+03, 2.70854340e+02, 1.06983752e+03, 2.79446808e+02,
    1.07963367e+03, 2.96764130e+02, 1.06511609e+03, 3.05199585e+02,
    1.07503638e+03, 3.23085968e+02, 1.07503613e+03, 3.23086151e+02,
    1.07460522e+03, 2.52935684e+02, 1.05984021e+03, 2.61789917e+02,
    1.06983752e+03, 2.79446838e+02, 1.05441919e+03, 2.88189697e+02,
    1.06511584e+03, 3.05199860e+02, 1.05617126e+03, 3.08114716e+02,
    1.06031079e+03, 3.28210144e+02, 1.06199255e+03, 2.39646805e+02,
    1.05984021e+03, 2.61789917e+02, 1.05107336e+03, 2.65712738e+02,
    1.05441882e+03, 2.88189941e+02, 1.04627478e+03, 2.92356689e+02,
    1.05025110e+03, 3.14080170e+02, 1.04053137e+03, 3.24336670e+02,
    1.04949402e+03, 2.41338699e+02, 1.04949402e+03, 2.41338699e+02,
    1.04424634e+03, 2.70565247e+02, 1.03583838e+03, 2.74535797e+02,
    1.04009985e+03, 2.96564850e+02, 1.03116980e+03, 3.00635864e+02,
    1.02953040e+03, 3.16431946e+02, 1.03021545e+03, 2.31537704e+02,
    1.03462964e+03, 2.52344330e+02, 1.02470959e+03, 2.62091492e+02,
    1.02249237e+03, 2.73053772e+02, 1.02056677e+03, 2.84080231e+02,
    1.02521277e+03, 3.03056824e+02, 1.01574719e+03, 3.10553131e+02,
    1.02353619e+03, 2.34268799e+02, 1.01540802e+03, 2.38514694e+02,
    1.01871234e+03, 2.61371002e+02, 1.01042993e+03, 2.65510010e+02,
    1.01430396e+03, 2.87588837e+02, 1.00477271e+03, 2.96909058e+02,
    1.00366290e+03, 3.08140717e+02, 1.00438556e+03, 2.25719940e+02,
    1.00835541e+03, 2.41279114e+02, 9.99576904e+02, 2.48252243e+02,
    9.98229370e+02, 2.63403351e+02, 9.94323730e+02, 2.79240387e+02,
    9.93144165e+02, 2.89339111e+02, 9.89420776e+02, 3.05870667e+02,
    9.98287415e+02, 2.23297119e+02, 9.88658813e+02, 2.34458435e+02,
    9.93434937e+02, 2.51342621e+02, 9.84377991e+02, 2.56609222e+02,
    9.88355469e+02, 2.78395721e+02, 9.79376160e+02, 2.83433411e+02,
    9.77137756e+02, 2.99166962e+02 ]
