%YAML:1.0
---
points: [ 4.04591034e+02, 2.77229004e+02, 3.95533173e+02, 2.78108246e+02,
    3.86428711e+02, 2.79244659e+02, 3.77231934e+02, 2.80326477e+02,
    3.68070099e+02, 2.81310272e+02, 3.58865662e+02, 2.82327362e+02,
    3.49587250e+02, 2.83319580e+02, 4.03964386e+02, 2.68073822e+02,
    3.94846924e+02, 2.69011871e+02, 3.85678406e+02, 2.70149536e+02,
    3.76544769e+02, 2.71136475e+02, 3.67291870e+02, 2.72063385e+02,
    3.58084534e+02, 2.73152191e+02, 3.48734589e+02, 2.74200867e+02,
    4.03315796e+02, 2.58736053e+02, 3.94183289e+02, 2.59915741e+02,
    3.84943146e+02, 2.60758209e+02, 3.75841370e+02, 2.61755127e+02,
    3.66559906e+02, 2.62851807e+02, 3.57295349e+02, 2.63788971e+02,
    3.47925629e+02, 2.64742645e+02, 4.02651154e+02, 2.49738998e+02,
    3.93440582e+02, 2.50540985e+02, 3.84260315e+02, 2.51463089e+02,
    3.75024689e+02, 2.52621033e+02, 3.65719147e+02, 2.53507080e+02,
    3.56407867e+02, 2.54479324e+02, 3.47145294e+02, 2.55569412e+02,
    4.02021057e+02, 2.40239410e+02, 3.92797150e+02, 2.41262009e+02,
    3.83491272e+02, 2.42279388e+02, 3.74287079e+02, 2.43186874e+02,
    3.64978790e+02, 2.44189377e+02, 3.55603302e+02, 2.45168716e+02,
    3.46267731e+02, 2.46140564e+02, 4.01348602e+02, 2.30924423e+02,
    3.92114471e+02, 2.31922684e+02, 3.82791779e+02, 2.32820145e+02,
    3.73527710e+02, 2.33891006e+02, 3.64210663e+02, 2.34873154e+02,
    3.54807526e+02, 2.35880249e+02, 3.45478516e+02, 2.36811356e+02,
    4.00553528e+02, 2.21665329e+02, 3.91356354e+02, 2.22533859e+02,
    3.82086792e+02, 2.23600525e+02, 3.72816406e+02, 2.24424164e+02,
    3.63434204e+02, 2.25498108e+02, 3.54080750e+02, 2.26423798e+02,
    3.44618286e+02, 2.27434830e+02, 3.99944458e+02, 2.12157990e+02,
    3.90668152e+02, 2.13201721e+02, 3.81365723e+02, 2.14093689e+02,
    3.72046692e+02, 2.15154480e+02, 3.62653290e+02, 2.16057251e+02,
    3.53312805e+02, 2.17104187e+02, 3.43847168e+02, 2.18084518e+02,
    3.99285034e+02, 2.02805725e+02, 3.89932953e+02, 2.03726334e+02,
    3.80612701e+02, 2.04675903e+02, 3.71289368e+02, 2.05622498e+02,
    3.61857635e+02, 2.06684280e+02, 3.52459351e+02, 2.07658783e+02,
    3.43051453e+02, 2.08595657e+02 ]
