%YAML:1.0
---
points: [ 6.68395996e+02, 3.76607788e+02, 6.51349121e+02, 3.85053497e+02,
    6.33744812e+02, 3.93546265e+02, 6.16414734e+02, 4.01947052e+02,
    5.98755188e+02, 4.10344574e+02, 5.81278320e+02, 4.18634827e+02,
    5.63442322e+02, 4.27100433e+02, 6.60366577e+02, 3.59935120e+02,
    6.42883057e+02, 3.68472931e+02, 6.25692139e+02, 3.76898071e+02,
    6.08289429e+02, 3.85202637e+02, 5.90640808e+02, 3.93588379e+02,
    5.72968323e+02, 4.02012177e+02, 5.55598328e+02, 4.10370087e+02,
    6.51987122e+02, 3.43440979e+02, 6.35001953e+02, 3.51913727e+02,
    6.17413452e+02, 3.60271454e+02, 6.00145081e+02, 3.68585449e+02,
    5.82525818e+02, 3.77015350e+02, 5.65146729e+02, 3.85297363e+02,
    5.47326416e+02, 3.93651642e+02, 6.44019226e+02, 3.26900970e+02,
    6.26621277e+02, 3.35441864e+02, 6.09476440e+02, 3.43670410e+02,
    5.91951477e+02, 3.52104126e+02, 5.74498535e+02, 3.60355164e+02,
    5.56861572e+02, 3.68628998e+02, 5.39487366e+02, 3.77045532e+02,
    6.35737244e+02, 3.10548828e+02, 6.18741272e+02, 3.18893341e+02,
    6.01261414e+02, 3.27230316e+02, 5.84041382e+02, 3.35509003e+02,
    5.66424744e+02, 3.43711609e+02, 5.48884583e+02, 3.52098724e+02,
    5.31301331e+02, 3.60306763e+02, 6.27801270e+02, 2.94189331e+02,
    6.10449646e+02, 3.02443115e+02, 5.93324280e+02, 3.10705322e+02,
    5.75723511e+02, 3.19014465e+02, 5.58406982e+02, 3.27248383e+02,
    5.40756897e+02, 3.35493500e+02, 5.23391052e+02, 3.43654602e+02,
    6.19504333e+02, 2.77628693e+02, 6.02530945e+02, 2.86015656e+02,
    5.85042297e+02, 2.94321564e+02, 5.67764465e+02, 3.02553497e+02,
    5.50240112e+02, 3.10649750e+02, 5.32752441e+02, 3.18899841e+02,
    5.15169922e+02, 3.27034058e+02, 6.11448669e+02, 2.61323273e+02,
    5.94178223e+02, 2.69442993e+02, 5.77153381e+02, 2.77779968e+02,
    5.59561584e+02, 2.85938416e+02, 5.42264648e+02, 2.94188477e+02,
    5.24631531e+02, 3.02356323e+02, 5.07233246e+02, 3.10502930e+02,
    6.03284668e+02, 2.44737762e+02, 5.86257690e+02, 2.53102173e+02,
    5.68702637e+02, 2.61404663e+02, 5.51610229e+02, 2.69454712e+02,
    5.34033997e+02, 2.77762543e+02, 5.16716675e+02, 2.85782562e+02,
    4.99084137e+02, 2.94004639e+02 ]
