%YAML:1.0
---
points: [ 1.01253929e+02, 1.90280685e+02, 1.01253967e+02, 1.90280670e+02,
    9.56099243e+01, 1.98354492e+02, 9.13342590e+01, 2.08279114e+02,
    8.87482758e+01, 2.13847900e+02, 8.39123535e+01, 2.20820221e+02,
    8.27654037e+01, 2.27135208e+02, 9.26994476e+01, 1.87583817e+02,
    9.12050018e+01, 1.93339600e+02, 8.69172974e+01, 2.00583588e+02,
    8.43396683e+01, 2.06059708e+02, 8.08555374e+01, 2.12387497e+02,
    7.87417221e+01, 2.18884064e+02, 7.62397766e+01, 2.25436005e+02,
    9.26971283e+01, 1.87585388e+02, 8.43661880e+01, 1.92022675e+02,
    8.08311462e+01, 1.98168335e+02, 7.87669144e+01, 2.03765335e+02,
    7.40723343e+01, 2.10214645e+02, 7.22195358e+01, 2.17279343e+02,
    6.84021530e+01, 2.22962234e+02, 8.13221893e+01, 1.83927750e+02,
    7.86894226e+01, 1.86627167e+02, 7.51827316e+01, 1.95523636e+02,
    7.22585678e+01, 2.02114914e+02, 6.76127319e+01, 2.08206924e+02,
    6.52268753e+01, 2.14505020e+02, 6.30223007e+01, 2.21581909e+02,
    7.48633499e+01, 1.84458435e+02, 7.17541504e+01, 1.90828171e+02,
    6.81482315e+01, 1.93508362e+02, 6.51071243e+01, 1.99968033e+02,
    6.13110619e+01, 2.06314972e+02, 5.79402237e+01, 2.12713089e+02,
    5.55815659e+01, 2.18879684e+02, 6.67801590e+01, 1.80448318e+02,
    6.45742493e+01, 1.80533997e+02, 6.13468971e+01, 1.92242584e+02,
    5.76840897e+01, 1.98035324e+02, 5.55822029e+01, 2.03991760e+02,
    5.08073044e+01, 2.10241470e+02, 4.87811813e+01, 2.17038147e+02,
    6.22108612e+01, 1.77477661e+02, 5.86022949e+01, 1.84055359e+02,
    5.47580986e+01, 1.87033554e+02, 5.10871773e+01, 1.95977905e+02,
    4.78073463e+01, 2.02109573e+02, 4.46798248e+01, 2.08347961e+02,
    4.32017288e+01, 2.15059998e+02, 5.24136429e+01, 1.76359802e+02,
    5.23204117e+01, 1.82035583e+02, 4.84314613e+01, 1.83920746e+02,
    4.66907463e+01, 1.93811722e+02, 4.18371162e+01, 2.00065063e+02,
    3.87358170e+01, 2.06513367e+02, 3.52566986e+01, 2.12775986e+02,
    5.22417107e+01, 1.76328110e+02, 4.60919037e+01, 1.79713242e+02,
    4.23510208e+01, 1.86256302e+02, 3.93043556e+01, 1.92284729e+02,
    4.17283821e+01, 1.97664993e+02, 3.23219910e+01, 2.04422913e+02,
    2.92795506e+01, 2.10225098e+02 ]
