%YAML:1.0
---
points: [ 1.02392450e+03, 3.07366211e+02, 1.02275885e+03, 3.21544556e+02,
    1.02173773e+03, 3.35476929e+02, 1.02068646e+03, 3.49497192e+02,
    1.01954364e+03, 3.63303253e+02, 1.01852344e+03, 3.76855042e+02,
    1.01757129e+03, 3.90314789e+02, 1.00951898e+03, 3.06569397e+02,
    1.00839343e+03, 3.20560547e+02, 1.00746869e+03, 3.34567871e+02,
    1.00645880e+03, 3.48635895e+02, 1.00550592e+03, 3.62405304e+02,
    1.00453412e+03, 3.76025360e+02, 1.00347723e+03, 3.89576935e+02,
    9.95167358e+02, 3.05631439e+02, 9.94272095e+02, 3.19739105e+02,
    9.93188904e+02, 3.33928223e+02, 9.92335449e+02, 3.47762024e+02,
    9.91401123e+02, 3.61520752e+02, 9.90526428e+02, 3.83036407e+02,
    9.89694580e+02, 3.88489410e+02, 9.80541809e+02, 3.04692566e+02,
    9.79676880e+02, 3.18872864e+02, 9.78934204e+02, 3.33212952e+02,
    9.78157654e+02, 3.46854675e+02, 9.77320618e+02, 3.60717163e+02,
    9.76400269e+02, 3.74440460e+02, 9.75648865e+02, 3.87582581e+02,
    9.66118042e+02, 3.03717163e+02, 9.65401550e+02, 3.18173187e+02,
    9.64586365e+02, 3.32300446e+02, 9.64012634e+02, 3.46100647e+02,
    9.63328674e+02, 3.59876892e+02, 9.62526306e+02, 3.73619141e+02,
    9.61773865e+02, 3.86967621e+02, 9.51565063e+02, 3.03104034e+02,
    9.50816040e+02, 3.17322205e+02, 9.50322205e+02, 3.31431427e+02,
    9.49607483e+02, 3.45400482e+02, 9.49138794e+02, 3.59249237e+02,
    9.48577576e+02, 3.72619171e+02, 9.48008667e+02, 3.86356598e+02,
    9.37298340e+02, 3.02297668e+02, 9.36653198e+02, 3.16548950e+02,
    9.36142151e+02, 3.30497742e+02, 9.35545532e+02, 3.44530304e+02,
    9.35007690e+02, 3.58416138e+02, 9.34464478e+02, 3.71975006e+02,
    9.33839233e+02, 3.85487335e+02, 9.22694397e+02, 3.01509705e+02,
    9.22399475e+02, 3.15580475e+02, 9.21945923e+02, 3.29689178e+02,
    9.21495361e+02, 3.43811981e+02, 9.20951904e+02, 3.57591187e+02,
    9.20491821e+02, 3.71219147e+02, 9.20077087e+02, 3.84760162e+02,
    9.08232666e+02, 3.00521393e+02, 9.07767029e+02, 3.14802521e+02,
    9.07492126e+02, 3.28982483e+02, 9.07121094e+02, 3.43020294e+02,
    9.06761047e+02, 3.56643768e+02, 9.06556152e+02, 3.70646790e+02,
    9.06254578e+02, 3.83778137e+02 ]
