%YAML:1.0
---
points: [ 7.33283447e+02, 5.62995178e+02, 7.57698547e+02, 5.83584961e+02,
    7.82224365e+02, 6.03935547e+02, 8.06398499e+02, 6.24408264e+02,
    8.30530090e+02, 6.44718079e+02, 8.54517273e+02, 6.65011841e+02,
    8.78494812e+02, 6.85216248e+02, 7.13205017e+02, 5.83915955e+02,
    7.38301636e+02, 6.04799683e+02, 7.63128235e+02, 6.25605835e+02,
    7.87945374e+02, 6.46307800e+02, 8.12494141e+02, 6.66995667e+02,
    8.37123596e+02, 6.87558655e+02, 8.61477966e+02, 7.08184082e+02,
    6.92464355e+02, 6.05581360e+02, 7.18118530e+02, 6.26803833e+02,
    7.43474182e+02, 6.47973816e+02, 7.68700500e+02, 6.69063721e+02,
    7.93782410e+02, 6.90091980e+02, 8.18888184e+02, 7.10973022e+02,
    8.43805176e+02, 7.31862000e+02, 6.70861267e+02, 6.28148743e+02,
    6.97106567e+02, 6.49676514e+02, 7.22936279e+02, 6.71297424e+02,
    7.48798706e+02, 6.92697815e+02, 7.74421814e+02, 7.14152832e+02,
    8.00047913e+02, 7.35471008e+02, 8.25470642e+02, 7.56669067e+02,
    6.48370239e+02, 6.51631592e+02, 6.74998535e+02, 6.73586914e+02,
    7.01587219e+02, 6.95544495e+02, 7.27923401e+02, 7.17394897e+02,
    7.54169312e+02, 7.39173035e+02, 7.80221313e+02, 7.60904785e+02,
    8.06293945e+02, 7.82528931e+02, 6.24895447e+02, 6.76266235e+02,
    6.52228638e+02, 6.98517700e+02, 6.79317566e+02, 7.20885803e+02,
    7.06258057e+02, 7.43132019e+02, 7.32954895e+02, 7.65365967e+02,
    7.59588318e+02, 7.87467224e+02, 7.86102783e+02, 8.09561890e+02,
    6.00480896e+02, 7.01552429e+02, 6.28419189e+02, 7.24472290e+02,
    6.56234070e+02, 7.47214722e+02, 6.83615906e+02, 7.69812256e+02,
    7.10958496e+02, 7.92444336e+02, 7.38182922e+02, 8.15078857e+02,
    7.65339661e+02, 8.37498962e+02, 5.74909180e+02, 7.28312683e+02,
    6.03614136e+02, 7.51556396e+02, 6.31783691e+02, 7.74671021e+02,
    6.60146545e+02, 7.97755920e+02, 6.87932190e+02, 8.20806885e+02,
    7.15739502e+02, 8.43783997e+02, 7.43426697e+02, 8.66787537e+02,
    5.48451660e+02, 7.56160339e+02, 5.77526489e+02, 7.79703552e+02,
    6.06591736e+02, 8.03460449e+02, 6.35387146e+02, 8.27031006e+02,
    6.63983948e+02, 8.50508972e+02, 6.92381653e+02, 8.73929626e+02,
    7.20704834e+02, 8.97393311e+02 ]
