%YAML:1.0
---
points: [ 8.08731384e+02, 1.60728088e+02, 8.23560913e+02, 1.72154770e+02,
    8.38107056e+02, 1.83698166e+02, 8.52927856e+02, 1.95104675e+02,
    8.67517517e+02, 2.06486664e+02, 8.82346252e+02, 2.17655151e+02,
    8.96846008e+02, 2.29115952e+02, 7.97282349e+02, 1.74925552e+02,
    8.11643738e+02, 1.86470917e+02, 8.26608398e+02, 1.97808090e+02,
    8.41207764e+02, 2.09429001e+02, 8.56092163e+02, 2.20753296e+02,
    8.70618408e+02, 2.32197266e+02, 8.85492737e+02, 2.43448166e+02,
    7.85368896e+02, 1.89253433e+02, 8.00248535e+02, 2.00610199e+02,
    8.14700806e+02, 2.12220352e+02, 8.29661560e+02, 2.23544891e+02,
    8.44342102e+02, 2.35233322e+02, 8.59144653e+02, 2.46446823e+02,
    8.73666626e+02, 2.57797668e+02, 7.73809509e+02, 2.03546844e+02,
    7.88356506e+02, 2.14960434e+02, 8.03294983e+02, 2.26429153e+02,
    8.17722046e+02, 2.38019730e+02, 8.32680237e+02, 2.49379990e+02,
    8.47344238e+02, 2.60842285e+02, 8.62224243e+02, 2.72347137e+02,
    7.61875916e+02, 2.17704941e+02, 7.76824463e+02, 2.29242447e+02,
    7.91364197e+02, 2.40790649e+02, 8.06371948e+02, 2.52310516e+02,
    8.20842285e+02, 2.63775391e+02, 8.35741211e+02, 2.75176208e+02,
    8.50399963e+02, 2.86457947e+02, 7.50263306e+02, 2.32002518e+02,
    7.64734192e+02, 2.43452438e+02, 7.79783386e+02, 2.55019852e+02,
    7.94394592e+02, 2.66532288e+02, 8.09305847e+02, 2.78130219e+02,
    8.23912476e+02, 2.89470428e+02, 8.38661499e+02, 3.00722900e+02,
    7.38207153e+02, 2.46266968e+02, 7.53177185e+02, 2.57764282e+02,
    7.67707458e+02, 2.69323669e+02, 7.82686279e+02, 2.80818207e+02,
    7.97391296e+02, 2.92406158e+02, 8.12174744e+02, 3.03770294e+02,
    8.26838379e+02, 3.15211517e+02, 7.26473633e+02, 2.60534393e+02,
    7.41050293e+02, 2.72159698e+02, 7.56158569e+02, 2.83712555e+02,
    7.70734802e+02, 2.95217834e+02, 7.85648132e+02, 3.06628052e+02,
    8.00327576e+02, 3.18314178e+02, 8.15178711e+02, 3.29591034e+02,
    7.14368225e+02, 2.74834503e+02, 7.29311584e+02, 2.86368256e+02,
    7.43951782e+02, 2.98139526e+02, 7.58902161e+02, 3.09543579e+02,
    7.73690552e+02, 3.21278168e+02, 7.88434937e+02, 3.32526245e+02,
    8.03234131e+02, 3.44121185e+02 ]
