%YAML:1.0
---
points: [ 1.18144641e+03, 3.62794220e+02, 1.20367712e+03, 3.75322418e+02,
    1.22565137e+03, 3.87706390e+02, 1.24743994e+03, 3.99853455e+02,
    1.26870471e+03, 4.11871704e+02, 1.28988916e+03, 4.23675049e+02,
    1.31073364e+03, 4.35471619e+02, 1.16847070e+03, 3.88153564e+02,
    1.19084570e+03, 4.00542023e+02, 1.21292798e+03, 4.12551697e+02,
    1.23475549e+03, 4.24703644e+02, 1.25625012e+03, 4.36422791e+02,
    1.27743079e+03, 4.48210175e+02, 1.29836633e+03, 4.59526215e+02,
    1.15571912e+03, 4.13397705e+02, 1.17826990e+03, 4.25528778e+02,
    1.20030774e+03, 4.37510864e+02, 1.22210791e+03, 4.49300018e+02,
    1.24362683e+03, 4.60903229e+02, 1.26474915e+03, 4.72337830e+02,
    1.28585291e+03, 4.83698547e+02, 1.14314197e+03, 4.38428436e+02,
    1.16557483e+03, 4.50504547e+02, 1.18766162e+03, 4.62167511e+02,
    1.20959888e+03, 4.73799377e+02, 1.23110413e+03, 4.85146729e+02,
    1.25247156e+03, 4.96540924e+02, 1.27347351e+03, 5.07575348e+02,
    1.13049121e+03, 4.63496460e+02, 1.15295898e+03, 4.75285248e+02,
    1.17526636e+03, 4.86896851e+02, 1.19707385e+03, 4.98256104e+02,
    1.21871973e+03, 5.09523529e+02, 1.23995532e+03, 5.20503418e+02,
    1.26122754e+03, 5.31581543e+02, 1.11790405e+03, 4.88437744e+02,
    1.14056421e+03, 4.99963867e+02, 1.16266479e+03, 5.11327393e+02,
    1.18463708e+03, 5.22587158e+02, 1.20633154e+03, 5.33557556e+02,
    1.22764478e+03, 5.44570374e+02, 1.24870557e+03, 5.55288940e+02,
    1.10549512e+03, 5.13217651e+02, 1.12807996e+03, 5.24510925e+02,
    1.15044238e+03, 5.35675537e+02, 1.17234656e+03, 5.46706116e+02,
    1.19389807e+03, 5.57570557e+02, 1.21529773e+03, 5.68339111e+02,
    1.23652209e+03, 5.78893799e+02, 1.09301550e+03, 5.37746094e+02,
    1.11567236e+03, 5.49052612e+02, 1.13790088e+03, 5.59822815e+02,
    1.16010718e+03, 5.70924316e+02, 1.18162268e+03, 5.81448120e+02,
    1.20319141e+03, 5.92131287e+02, 1.22422717e+03, 6.02458862e+02,
    1.08069458e+03, 5.62566284e+02, 1.10345312e+03, 5.73538635e+02,
    1.12568762e+03, 5.84305237e+02, 1.14763257e+03, 5.94815002e+02,
    1.16941028e+03, 6.05390747e+02, 1.19079858e+03, 6.15658813e+02,
    1.21207715e+03, 6.26072815e+02 ]
