%YAML:1.0
---
points: [ 2.15888840e+02, 8.15497131e+01, 2.15471329e+02, 8.68731918e+01,
    2.25282990e+02, 8.92625351e+01, 2.29443588e+02, 9.58943100e+01,
    2.31312820e+02, 9.91264038e+01, 2.40293900e+02, 1.00981293e+02,
    2.40226974e+02, 1.06980591e+02, 2.14274872e+02, 8.44133072e+01,
    2.16278671e+02, 9.02435989e+01, 2.21272690e+02, 9.42352448e+01,
    2.26350052e+02, 9.82842407e+01, 2.30847137e+02, 1.01522217e+02,
    2.39725494e+02, 1.07080727e+02, 2.39729797e+02, 1.07135803e+02,
    2.10661804e+02, 8.97366104e+01, 2.10531128e+02, 8.98985748e+01,
    2.17272766e+02, 9.92584152e+01, 2.22314072e+02, 1.03213326e+02,
    2.27231400e+02, 1.06705353e+02, 2.35177841e+02, 1.14020782e+02,
    2.33582413e+02, 1.18079384e+02, 2.02235825e+02, 9.94688797e+01,
    2.08278976e+02, 1.00268280e+02, 2.13346710e+02, 1.04144432e+02,
    2.17647446e+02, 1.11918785e+02, 2.23481262e+02, 1.11042320e+02,
    2.24926285e+02, 1.14482307e+02, 2.33582611e+02, 1.18079292e+02,
    2.02205139e+02, 9.94928207e+01, 2.03436447e+02, 1.06490768e+02,
    2.09150467e+02, 1.08541557e+02, 2.17631119e+02, 1.13250366e+02,
    2.20174820e+02, 1.13396545e+02, 2.27685974e+02, 1.25067406e+02,
    2.26143570e+02, 1.26413330e+02, 1.94310760e+02, 1.09251968e+02,
    2.00172729e+02, 1.09556564e+02, 2.04685944e+02, 1.16698761e+02,
    2.10092468e+02, 1.17256592e+02, 2.17490997e+02, 1.22006111e+02,
    2.22606216e+02, 1.28915710e+02, 2.26143158e+02, 1.26414192e+02,
    1.93042145e+02, 1.10748505e+02, 1.93016846e+02, 1.10782524e+02,
    2.02614868e+02, 1.15576424e+02, 2.08082397e+02, 1.23055107e+02,
    2.14910339e+02, 1.27784927e+02, 2.19773315e+02, 1.31112869e+02,
    2.17936966e+02, 1.36073059e+02, 1.86718796e+02, 1.18387482e+02,
    1.86726013e+02, 1.18380157e+02, 1.97871719e+02, 1.20221321e+02,
    2.01385223e+02, 1.26264809e+02, 2.08801682e+02, 1.27705650e+02,
    2.12215942e+02, 1.35351959e+02, 2.17936905e+02, 1.36073120e+02,
    1.86718658e+02, 1.18387619e+02, 1.88161423e+02, 1.24281700e+02,
    1.93222656e+02, 1.28271881e+02, 1.99093475e+02, 1.29543823e+02,
    2.04774139e+02, 1.35413300e+02, 2.09202911e+02, 1.37345642e+02,
    2.12726059e+02, 1.43906082e+02 ]
