%YAML:1.0
---
points: [ 3.54628693e+02, 1.55181992e+02, 3.62027100e+02, 1.59460632e+02,
    3.69477509e+02, 1.63645905e+02, 3.76721924e+02, 1.67831177e+02,
    3.83860596e+02, 1.71884277e+02, 3.90884796e+02, 1.75982544e+02,
    3.97720520e+02, 1.79894928e+02, 3.50205322e+02, 1.63862976e+02,
    3.57690674e+02, 1.68046585e+02, 3.65121521e+02, 1.72093704e+02,
    3.72358246e+02, 1.76158173e+02, 3.79488190e+02, 1.80222290e+02,
    3.86613342e+02, 1.84171600e+02, 3.93567963e+02, 1.88165390e+02,
    3.45808167e+02, 1.72358795e+02, 3.53380188e+02, 1.76535446e+02,
    3.60738922e+02, 1.80608719e+02, 3.68041168e+02, 1.84615341e+02,
    3.75231567e+02, 1.88584641e+02, 3.82300507e+02, 1.92428314e+02,
    3.89284058e+02, 1.96271515e+02, 3.41487518e+02, 1.80961716e+02,
    3.48981201e+02, 1.84979935e+02, 3.56468903e+02, 1.88960617e+02,
    3.63786957e+02, 1.92976593e+02, 3.70945129e+02, 1.96804626e+02,
    3.78104126e+02, 2.00665482e+02, 3.85035217e+02, 2.04442322e+02,
    3.37150024e+02, 1.89422775e+02, 3.44724487e+02, 1.93409821e+02,
    3.52148071e+02, 1.97344528e+02, 3.59486359e+02, 2.01215912e+02,
    3.66697449e+02, 2.05108841e+02, 3.73784149e+02, 2.08859604e+02,
    3.80748688e+02, 2.12419342e+02, 3.32822052e+02, 1.97960983e+02,
    3.40440063e+02, 2.01866241e+02, 3.47825226e+02, 2.05743454e+02,
    3.55246307e+02, 2.09553040e+02, 3.62377289e+02, 2.13286621e+02,
    3.69678284e+02, 2.17015305e+02, 3.76564301e+02, 2.20701874e+02,
    3.28526184e+02, 2.06347137e+02, 3.36132599e+02, 2.10211823e+02,
    3.43582550e+02, 2.13978973e+02, 3.50932007e+02, 2.17724243e+02,
    3.58185455e+02, 2.21459900e+02, 3.65283295e+02, 2.25138412e+02,
    3.72341614e+02, 2.28716843e+02, 3.24321594e+02, 2.14752106e+02,
    3.31840881e+02, 2.18531586e+02, 3.39321899e+02, 2.22304550e+02,
    3.46807037e+02, 2.26057388e+02, 3.53944855e+02, 2.29578781e+02,
    3.61109497e+02, 2.33164322e+02, 3.68175812e+02, 2.36777206e+02,
    3.20057953e+02, 2.23190796e+02, 3.27685974e+02, 2.26864502e+02,
    3.35111176e+02, 2.30517670e+02, 3.42526337e+02, 2.34133011e+02,
    3.49797699e+02, 2.37738541e+02, 3.56902618e+02, 2.41241150e+02,
    3.63900085e+02, 2.44691635e+02 ]
