%YAML:1.0
---
points: [ 1.89883347e+02, 6.31114349e+01, 1.99568100e+02, 6.39090843e+01,
    2.09380554e+02, 6.48245392e+01, 2.19093460e+02, 6.59479752e+01,
    2.28892761e+02, 6.69331360e+01, 2.38593002e+02, 6.78487320e+01,
    2.48469650e+02, 6.90535278e+01, 1.88159225e+02, 7.04897995e+01,
    1.98063126e+02, 7.13223190e+01, 2.07837021e+02, 7.24550323e+01,
    2.17689636e+02, 7.36048889e+01, 2.27471375e+02, 7.44657669e+01,
    2.37441177e+02, 7.55933380e+01, 2.47290497e+02, 7.64967804e+01,
    1.86420837e+02, 7.81033936e+01, 1.96306351e+02, 7.92016678e+01,
    2.06341537e+02, 8.02742691e+01, 2.16224060e+02, 8.12137527e+01,
    2.26299820e+02, 8.23211136e+01, 2.36185501e+02, 8.33347855e+01,
    2.46218933e+02, 8.43674927e+01, 1.84611862e+02, 8.59546127e+01,
    1.94703979e+02, 8.70266113e+01, 2.04743362e+02, 8.80161743e+01,
    2.14803711e+02, 8.91514130e+01, 2.24871140e+02, 9.02101364e+01,
    2.34966019e+02, 9.13023224e+01, 2.45052109e+02, 9.23879089e+01,
    1.82841949e+02, 9.38631058e+01, 1.92954895e+02, 9.51600876e+01,
    2.03151764e+02, 9.62597809e+01, 2.13315567e+02, 9.71855850e+01,
    2.23485229e+02, 9.84279938e+01, 2.33710007e+02, 9.93959732e+01,
    2.43884064e+02, 1.00561592e+02, 1.80959534e+02, 1.02194946e+02,
    1.91260193e+02, 1.03235313e+02, 2.01560410e+02, 1.04458275e+02,
    2.11801346e+02, 1.05561592e+02, 2.22085403e+02, 1.06658134e+02,
    2.32354584e+02, 1.07840149e+02, 2.42679352e+02, 1.08884445e+02,
    1.79075150e+02, 1.10631256e+02, 1.89489502e+02, 1.11761269e+02,
    1.99892288e+02, 1.12881958e+02, 2.10249634e+02, 1.14089890e+02,
    2.20661911e+02, 1.15155594e+02, 2.31039703e+02, 1.16390739e+02,
    2.41413132e+02, 1.17403740e+02, 1.77145309e+02, 1.19281326e+02,
    1.87731613e+02, 1.20363281e+02, 1.98184067e+02, 1.21564308e+02,
    2.08690811e+02, 1.22710854e+02, 2.19205231e+02, 1.23758949e+02,
    2.29682816e+02, 1.25029129e+02, 2.40212509e+02, 1.26141235e+02,
    1.75223938e+02, 1.28054108e+02, 1.85843536e+02, 1.29112976e+02,
    1.96541443e+02, 1.30401306e+02, 2.07080215e+02, 1.31465271e+02,
    2.17738083e+02, 1.32708618e+02, 2.28312897e+02, 1.33815460e+02,
    2.38949509e+02, 1.35079559e+02 ]
