%YAML:1.0
---
points: [ 7.23712158e+01, 9.73462372e+01, 7.85483246e+01, 1.01557152e+02,
    8.50816803e+01, 1.04794716e+02, 9.12795258e+01, 1.09241753e+02,
    9.75035934e+01, 1.12486328e+02, 1.04208588e+02, 1.16959045e+02,
    1.10076889e+02, 1.19909622e+02, 6.86434860e+01, 1.03129051e+02,
    7.50656509e+01, 1.06809860e+02, 8.15003510e+01, 1.10888161e+02,
    8.79802399e+01, 1.14702148e+02, 9.42328033e+01, 1.18344978e+02,
    1.00342430e+02, 1.22127243e+02, 1.07516708e+02, 1.24718925e+02,
    6.51465683e+01, 1.08867554e+02, 7.13377457e+01, 1.12609398e+02,
    7.78754044e+01, 1.16561577e+02, 8.42968063e+01, 1.20112236e+02,
    9.04947891e+01, 1.24149132e+02, 9.68212814e+01, 1.28019363e+02,
    1.02769958e+02, 1.31804626e+02, 6.11512299e+01, 1.14846519e+02,
    6.77003784e+01, 1.18658852e+02, 7.42712555e+01, 1.22330643e+02,
    8.04600220e+01, 1.26360207e+02, 8.71554260e+01, 1.29655762e+02,
    9.34025421e+01, 1.33782806e+02, 9.99765015e+01, 1.37345078e+02,
    5.75465393e+01, 1.20807533e+02, 6.38935928e+01, 1.24559494e+02,
    7.03862610e+01, 1.28381699e+02, 7.70106506e+01, 1.31814133e+02,
    8.32437973e+01, 1.35868134e+02, 8.96830597e+01, 1.39516190e+02,
    9.57411957e+01, 1.43134323e+02, 5.40523300e+01, 1.26456322e+02,
    6.02787514e+01, 1.30508896e+02, 6.65099640e+01, 1.34343155e+02,
    7.30996246e+01, 1.38041336e+02, 7.94422531e+01, 1.41810028e+02,
    8.60443878e+01, 1.45115860e+02, 9.25581131e+01, 1.48742981e+02,
    5.01089706e+01, 1.32731522e+02, 5.65845108e+01, 1.36303497e+02,
    6.29864273e+01, 1.40095673e+02, 6.94281845e+01, 1.43807175e+02,
    7.60531693e+01, 1.47347321e+02, 8.22718201e+01, 1.51212936e+02,
    8.83101425e+01, 1.54985489e+02, 4.63530312e+01, 1.38598923e+02,
    5.27934151e+01, 1.42333237e+02, 5.93109283e+01, 1.45864456e+02,
    6.53552856e+01, 1.49738541e+02, 7.23622284e+01, 1.53211212e+02,
    7.85779724e+01, 1.57169647e+02, 8.54021530e+01, 1.60513428e+02,
    4.27346764e+01, 1.44505676e+02, 4.92153625e+01, 1.47761185e+02,
    5.56874542e+01, 1.51809402e+02, 6.20800400e+01, 1.55287231e+02,
    6.86298294e+01, 1.59509964e+02, 7.51799011e+01, 1.62368378e+02,
    8.11462936e+01, 1.66736450e+02 ]
