%YAML:1.0
---
points: [ 1.12157605e+03, 1.15179512e+02, 1.13177014e+03, 1.29492981e+02,
    1.14224377e+03, 1.43745804e+02, 1.15243408e+03, 1.58272018e+02,
    1.16289868e+03, 1.72490631e+02, 1.17320605e+03, 1.86923248e+02,
    1.18397400e+03, 2.01068970e+02, 1.10684607e+03, 1.25132248e+02,
    1.11741455e+03, 1.39444885e+02, 1.12749390e+03, 1.53754807e+02,
    1.13795825e+03, 1.68206543e+02, 1.14813074e+03, 1.82676254e+02,
    1.15885864e+03, 1.96909576e+02, 1.16920129e+03, 2.11258514e+02,
    1.09256189e+03, 1.35089233e+02, 1.10262451e+03, 1.49365036e+02,
    1.11315137e+03, 1.63815964e+02, 1.12325928e+03, 1.78279175e+02,
    1.13373096e+03, 1.92535583e+02, 1.14390662e+03, 2.07128021e+02,
    1.15474280e+03, 2.21241577e+02, 1.07776196e+03, 1.45124832e+02,
    1.08828101e+03, 1.59305222e+02, 1.09833472e+03, 1.73776505e+02,
    1.10890796e+03, 1.88251312e+02, 1.11899377e+03, 2.02674301e+02,
    1.12960132e+03, 2.16952667e+02, 1.13985046e+03, 2.31428772e+02,
    1.06338135e+03, 1.54815796e+02, 1.07353101e+03, 1.69311737e+02,
    1.08385461e+03, 1.83663391e+02, 1.09411475e+03, 1.98266144e+02,
    1.10458557e+03, 2.12519028e+02, 1.11480554e+03, 2.27109207e+02,
    1.12537476e+03, 2.41221527e+02, 1.04859375e+03, 1.64762024e+02,
    1.05913953e+03, 1.79190491e+02, 1.06922949e+03, 1.93606766e+02,
    1.07964648e+03, 2.08101410e+02, 1.08986475e+03, 2.22514542e+02,
    1.10039001e+03, 2.36889862e+02, 1.11072705e+03, 2.51262100e+02,
    1.03426465e+03, 1.74572678e+02, 1.04434326e+03, 1.89191559e+02,
    1.05473926e+03, 2.03559586e+02, 1.06486365e+03, 2.18185242e+02,
    1.07536890e+03, 2.32408966e+02, 1.08562146e+03, 2.46898361e+02,
    1.09626501e+03, 2.61259308e+02, 1.01946167e+03, 1.84606873e+02,
    1.02986133e+03, 1.99025848e+02, 1.03991284e+03, 2.13634247e+02,
    1.05049841e+03, 2.28037857e+02, 1.06059204e+03, 2.42522873e+02,
    1.07115613e+03, 2.56800323e+02, 1.08151489e+03, 2.71262390e+02,
    1.00496082e+03, 1.94414703e+02, 1.01492938e+03, 2.09085510e+02,
    1.02548828e+03, 2.23399536e+02, 1.03560510e+03, 2.38056458e+02,
    1.04619409e+03, 2.52387558e+02, 1.05626465e+03, 2.66927673e+02,
    1.06686499e+03, 2.81267670e+02 ]
