%YAML:1.0
---
points: [ 1.01618750e+03, 8.54640625e+02, 9.82092468e+02, 8.57358643e+02,
    9.49269104e+02, 8.59968323e+02, 9.16797791e+02, 8.62554443e+02,
    8.85404358e+02, 8.65285339e+02, 8.54254333e+02, 8.67759033e+02,
    8.24111694e+02, 8.70527771e+02, 1.01352380e+03, 8.16857666e+02,
    9.80359253e+02, 8.19826965e+02, 9.47637390e+02, 8.22997559e+02,
    9.15796936e+02, 8.26113708e+02, 8.84722656e+02, 8.28975769e+02,
    8.54318542e+02, 8.32139221e+02, 8.24395813e+02, 8.34969421e+02,
    1.01132385e+03, 7.80305847e+02, 9.78322144e+02, 7.83502991e+02,
    9.46214661e+02, 7.87151001e+02, 9.14817993e+02, 7.90445557e+02,
    8.84162537e+02, 7.93728027e+02, 8.53987427e+02, 7.97145874e+02,
    8.24657349e+02, 8.00494568e+02, 1.00864124e+03, 7.44494202e+02,
    9.76373413e+02, 7.48453613e+02, 9.44692932e+02, 7.52177490e+02,
    9.13854797e+02, 7.55794189e+02, 8.83595398e+02, 7.59655273e+02,
    8.53906006e+02, 7.63349670e+02, 8.24870056e+02, 7.66739319e+02,
    1.00659802e+03, 7.09679932e+02, 9.74622314e+02, 7.13869263e+02,
    9.43597107e+02, 7.18152771e+02, 9.12931458e+02, 7.22251648e+02,
    8.83118225e+02, 7.26195801e+02, 8.53707886e+02, 7.30043701e+02,
    8.25163391e+02, 7.34073059e+02, 1.00442877e+03, 6.75800476e+02,
    9.73145325e+02, 6.80431824e+02, 9.42253784e+02, 6.84813232e+02,
    9.12261475e+02, 6.89279968e+02, 8.82515869e+02, 6.93483704e+02,
    8.53649963e+02, 6.97692383e+02, 8.25256104e+02, 7.02014404e+02,
    1.00248639e+03, 6.42939819e+02, 9.71450928e+02, 6.47720825e+02,
    9.41010010e+02, 6.52524780e+02, 9.11299622e+02, 6.57161255e+02,
    8.82150269e+02, 6.61727844e+02, 8.53531494e+02, 6.66384338e+02,
    8.25772583e+02, 6.70732239e+02, 1.00060065e+03, 6.10788269e+02,
    9.69807495e+02, 6.16081055e+02, 9.39837830e+02, 6.21108154e+02,
    9.10533325e+02, 6.25926086e+02, 8.81650879e+02, 6.30688660e+02,
    8.53498230e+02, 6.35604736e+02, 8.26000854e+02, 6.40386841e+02,
    9.98822510e+02, 5.79539124e+02, 9.68508118e+02, 5.84999268e+02,
    9.38621948e+02, 5.90329834e+02, 9.09750916e+02, 5.95509888e+02,
    8.81307251e+02, 6.00516785e+02, 8.53328003e+02, 6.05599060e+02,
    8.26115417e+02, 6.10545593e+02 ]
