%YAML:1.0
---
points: [ 1.30996619e+03, 4.65532501e+02, 1.28655396e+03, 4.74307648e+02,
    1.26324658e+03, 4.83132111e+02, 1.23948303e+03, 4.91766479e+02,
    1.21604895e+03, 5.00625031e+02, 1.19227246e+03, 5.09533508e+02,
    1.16846313e+03, 5.18539917e+02, 1.30361938e+03, 4.41173523e+02,
    1.28017297e+03, 4.50006805e+02, 1.25654077e+03, 4.58709778e+02,
    1.23284802e+03, 4.67666870e+02, 1.20904431e+03, 4.76432556e+02,
    1.18532153e+03, 4.85260071e+02, 1.16117969e+03, 4.94182556e+02,
    1.29723645e+03, 4.16619324e+02, 1.27358582e+03, 4.25388458e+02,
    1.24970776e+03, 4.34342865e+02, 1.22595398e+03, 4.42963348e+02,
    1.20207593e+03, 4.52101929e+02, 1.17795178e+03, 4.60619110e+02,
    1.15400806e+03, 4.69599792e+02, 1.29095544e+03, 3.91778412e+02,
    1.26696484e+03, 4.00688507e+02, 1.24325867e+03, 4.09345490e+02,
    1.21899951e+03, 4.18452789e+02, 1.19510632e+03, 4.27233185e+02,
    1.17078027e+03, 4.36251770e+02, 1.14650586e+03, 4.44889069e+02,
    1.28455200e+03, 3.66753204e+02, 1.26055090e+03, 3.75537933e+02,
    1.23643591e+03, 3.84328674e+02, 1.21221301e+03, 3.93053680e+02,
    1.18793579e+03, 4.02116089e+02, 1.16361133e+03, 4.10894104e+02,
    1.13921680e+03, 4.19883087e+02, 1.27784131e+03, 3.41274689e+02,
    1.25376782e+03, 3.50228882e+02, 1.22958862e+03, 3.58864655e+02,
    1.20535779e+03, 3.67720428e+02, 1.18077124e+03, 3.76587891e+02,
    1.15633862e+03, 3.85484558e+02, 1.13169421e+03, 3.94444794e+02,
    1.27113904e+03, 3.15720612e+02, 1.24694495e+03, 3.24399719e+02,
    1.22252869e+03, 3.33254303e+02, 1.19828308e+03, 3.42092346e+02,
    1.17361890e+03, 3.50927948e+02, 1.14906921e+03, 3.59762146e+02,
    1.12415430e+03, 3.68822235e+02, 1.26456079e+03, 2.89653290e+02,
    1.23988818e+03, 2.98721436e+02, 1.21555029e+03, 3.07359558e+02,
    1.19087964e+03, 3.16244202e+02, 1.16637109e+03, 3.24935913e+02,
    1.14153333e+03, 3.33828156e+02, 1.11663525e+03, 3.42817596e+02,
    1.25770837e+03, 2.63468475e+02, 1.23329285e+03, 2.72158386e+02,
    1.20845837e+03, 2.81065521e+02, 1.18377429e+03, 2.89749817e+02,
    1.15900195e+03, 2.98787994e+02, 1.13425793e+03, 3.07580780e+02,
    1.10896814e+03, 3.16582642e+02 ]
