%YAML:1.0
---
points: [ 5.52324448e+01, 8.22016754e+01, 6.10063629e+01, 8.68700180e+01,
    6.71540604e+01, 9.04582977e+01, 7.32808075e+01, 9.49032745e+01,
    7.93550262e+01, 9.83787537e+01, 8.55400772e+01, 1.03233849e+02,
    9.16433868e+01, 1.06091492e+02, 5.20740318e+01, 8.84317398e+01,
    5.80041847e+01, 9.29405289e+01, 6.40640411e+01, 9.68787308e+01,
    7.02168503e+01, 1.00948486e+02, 7.62464905e+01, 1.04647636e+02,
    8.23524704e+01, 1.08641754e+02, 8.86287231e+01, 1.12409760e+02,
    4.90041428e+01, 9.54344711e+01, 5.50134125e+01, 9.85587692e+01,
    6.09227715e+01, 1.02940544e+02, 6.71025543e+01, 1.06622551e+02,
    7.30629578e+01, 1.11034264e+02, 7.91958923e+01, 1.14742416e+02,
    8.49132919e+01, 1.19292702e+02, 4.58405228e+01, 1.01213211e+02,
    5.19407234e+01, 1.04874695e+02, 5.81690025e+01, 1.08625519e+02,
    6.40225830e+01, 1.12870468e+02, 7.00573730e+01, 1.16736282e+02,
    7.62435837e+01, 1.20836746e+02, 8.24600143e+01, 1.24525963e+02,
    4.31037254e+01, 1.07115402e+02, 4.89661636e+01, 1.10997467e+02,
    5.50735741e+01, 1.14945740e+02, 6.09979668e+01, 1.18755722e+02,
    6.70139389e+01, 1.22885490e+02, 7.32208099e+01, 1.26554443e+02,
    7.90326004e+01, 1.30587799e+02, 4.03084793e+01, 1.12701851e+02,
    4.60151901e+01, 1.16933266e+02, 5.20113220e+01, 1.21057228e+02,
    5.78794022e+01, 1.24900246e+02, 6.40356064e+01, 1.28951569e+02,
    7.00173492e+01, 1.32730362e+02, 7.65039291e+01, 1.36212952e+02,
    3.72944908e+01, 1.19210236e+02, 4.32078247e+01, 1.22873062e+02,
    4.88949242e+01, 1.26752113e+02, 5.50707436e+01, 1.30687637e+02,
    6.09837570e+01, 1.34555817e+02, 6.70597763e+01, 1.38650528e+02,
    7.24615936e+01, 1.42978821e+02, 3.48798981e+01, 1.23931862e+02,
    4.05903053e+01, 1.27794327e+02, 4.61528130e+01, 1.32530075e+02,
    5.20343933e+01, 1.36555573e+02, 5.82565346e+01, 1.40273102e+02,
    6.41187439e+01, 1.44452072e+02, 7.00358887e+01, 1.48244522e+02,
    3.14511909e+01, 1.31377914e+02, 3.73723984e+01, 1.34920959e+02,
    4.32408142e+01, 1.38394684e+02, 4.93668938e+01, 1.42125336e+02,
    5.53733826e+01, 1.45640991e+02, 6.12010803e+01, 1.50164917e+02,
    6.67220917e+01, 1.54436447e+02 ]
