%YAML:1.0
---
points: [ 1.73946564e+02, 4.68199959e+01, 1.84604843e+02, 4.69011345e+01,
    1.95714935e+02, 4.72089615e+01, 2.06352386e+02, 4.75824089e+01,
    2.17415176e+02, 4.77301102e+01, 2.28089172e+02, 4.79795647e+01,
    2.39229477e+02, 4.82374573e+01, 1.74666367e+02, 5.85614662e+01,
    1.85675186e+02, 5.88529472e+01, 1.96084808e+02, 5.90888252e+01,
    2.06828552e+02, 5.93735466e+01, 2.17662521e+02, 5.96475868e+01,
    2.28518097e+02, 5.98295898e+01, 2.39117615e+02, 5.99487953e+01,
    1.75692474e+02, 6.98946762e+01, 1.86269653e+02, 7.03258972e+01,
    1.96792358e+02, 7.05846329e+01, 2.07401276e+02, 7.08879166e+01,
    2.17849243e+02, 7.11817856e+01, 2.28667374e+02, 7.14142532e+01,
    2.39234329e+02, 7.16533051e+01, 1.76597061e+02, 8.11768951e+01,
    1.86912170e+02, 8.14674072e+01, 1.97501083e+02, 8.17730865e+01,
    2.07803879e+02, 8.19851303e+01, 2.18305969e+02, 8.23163376e+01,
    2.28746643e+02, 8.26641693e+01, 2.39352264e+02, 8.29254990e+01,
    1.77399124e+02, 9.19562454e+01, 1.87746323e+02, 9.23464813e+01,
    1.97931778e+02, 9.26135101e+01, 2.08337875e+02, 9.28891525e+01,
    2.18664566e+02, 9.32661743e+01, 2.28883728e+02, 9.35497055e+01,
    2.39419296e+02, 9.39118347e+01, 1.78355484e+02, 1.02687012e+02,
    1.88447449e+02, 1.02945175e+02, 1.98672943e+02, 1.03365509e+02,
    2.08713211e+02, 1.03627731e+02, 2.18891464e+02, 1.03918427e+02,
    2.29143982e+02, 1.04249474e+02, 2.39507965e+02, 1.04574951e+02,
    1.79159119e+02, 1.13045692e+02, 1.89173233e+02, 1.13509666e+02,
    1.99225327e+02, 1.13766075e+02, 2.09292847e+02, 1.14140648e+02,
    2.19305420e+02, 1.14375832e+02, 2.29439728e+02, 1.14739685e+02,
    2.39519058e+02, 1.15027977e+02, 1.79956894e+02, 1.23221046e+02,
    1.89928726e+02, 1.23607788e+02, 1.99763000e+02, 1.23892075e+02,
    2.09701706e+02, 1.24266182e+02, 2.19673920e+02, 1.24576645e+02,
    2.29619720e+02, 1.24916862e+02, 2.39620575e+02, 1.25220055e+02,
    1.80789505e+02, 1.32872238e+02, 1.90698792e+02, 1.33361755e+02,
    2.00419647e+02, 1.33678360e+02, 2.10193146e+02, 1.33999588e+02,
    2.19866318e+02, 1.34332687e+02, 2.29753983e+02, 1.34698120e+02,
    2.39552032e+02, 1.35116882e+02 ]
