%YAML:1.0
---
points: [ 7.39112427e+02, 1.16578926e+02, 7.41715088e+02, 1.31867050e+02,
    7.46740540e+02, 1.46589447e+02, 7.48704041e+02, 1.61577942e+02,
    7.54392273e+02, 1.76108627e+02, 7.56048523e+02, 1.90643402e+02,
    7.61532715e+02, 2.04701477e+02, 7.23412231e+02, 1.19382027e+02,
    7.28958801e+02, 1.34408386e+02, 7.31545715e+02, 1.49419144e+02,
    7.36690613e+02, 1.64228653e+02, 7.38440247e+02, 1.78928329e+02,
    7.44331299e+02, 1.93037872e+02, 7.46289734e+02, 2.07472961e+02,
    7.10904297e+02, 1.22083206e+02, 7.12767761e+02, 1.37312943e+02,
    7.18983093e+02, 1.52021393e+02, 7.20957214e+02, 1.66888229e+02,
    7.26771667e+02, 1.81499847e+02, 7.28831299e+02, 1.95914886e+02,
    7.34458801e+02, 2.09942139e+02, 6.94913391e+02, 1.24744408e+02,
    7.00971069e+02, 1.39764801e+02, 7.03721069e+02, 1.54785339e+02,
    7.09187195e+02, 1.69457657e+02, 7.10725952e+02, 1.84267075e+02,
    7.16809753e+02, 1.98374069e+02, 7.18815491e+02, 2.12819427e+02,
    6.82718262e+02, 1.27429527e+02, 6.84895874e+02, 1.42543472e+02,
    6.91041565e+02, 1.57275146e+02, 6.93403259e+02, 1.72162781e+02,
    6.99343262e+02, 1.86608475e+02, 7.01249573e+02, 2.01242493e+02,
    7.07234375e+02, 2.15203629e+02, 6.67676086e+02, 1.30063797e+02,
    6.72760498e+02, 1.45130829e+02, 6.75020874e+02, 1.60277008e+02,
    6.81432007e+02, 1.74785873e+02, 6.83615662e+02, 1.89483093e+02,
    6.89403625e+02, 2.03567947e+02, 6.91543396e+02, 2.17966644e+02,
    6.54362000e+02, 1.32832367e+02, 6.57788818e+02, 1.47922775e+02,
    6.63033081e+02, 1.62620987e+02, 6.65466309e+02, 1.77560028e+02,
    6.71652222e+02, 1.92058594e+02, 6.73863037e+02, 2.06490829e+02,
    6.79912354e+02, 2.20358307e+02, 6.37921448e+02, 1.35650452e+02,
    6.44543701e+02, 1.50401184e+02, 6.47354858e+02, 1.65582748e+02,
    6.53485474e+02, 1.80178253e+02, 6.55856873e+02, 1.94752121e+02,
    6.61963318e+02, 2.08822510e+02, 6.63893860e+02, 2.23359070e+02,
    6.25854065e+02, 1.38292984e+02, 6.28568542e+02, 1.53473358e+02,
    6.35097839e+02, 1.68048035e+02, 6.37143738e+02, 1.83070267e+02,
    6.44030090e+02, 1.97282410e+02, 6.46291504e+02, 2.11839081e+02,
    6.52587402e+02, 2.25622360e+02 ]
