%YAML:1.0
---
points: [ 3.18124359e+02, 6.86282578e+01, 3.24367737e+02, 7.03806992e+01,
    3.27355499e+02, 7.49597626e+01, 3.31276306e+02, 8.02508392e+01,
    3.32733337e+02, 9.06840973e+01, 3.38459747e+02, 9.54210358e+01,
    3.38459747e+02, 9.54210358e+01, 3.15340881e+02, 6.92201462e+01,
    3.16518127e+02, 7.66091385e+01, 3.22729431e+02, 7.91779175e+01,
    3.28999756e+02, 8.61644440e+01, 3.30813354e+02, 9.09107513e+01,
    3.32733429e+02, 9.06840591e+01, 3.38459625e+02, 9.54209900e+01,
    3.13772583e+02, 7.48804169e+01, 3.13772705e+02, 7.48803864e+01,
    3.18212982e+02, 8.47874680e+01, 3.18213959e+02, 8.47872772e+01,
    3.23152771e+02, 9.76680908e+01, 3.28151703e+02, 9.66723938e+01,
    3.27692657e+02, 1.02577133e+02, 3.05743042e+02, 7.61663971e+01,
    3.13772461e+02, 7.48804550e+01, 3.13639191e+02, 8.52477036e+01,
    3.16191956e+02, 9.00928497e+01, 3.20919281e+02, 9.80413666e+01,
    3.27032196e+02, 1.02759003e+02, 3.27086578e+02, 1.02727402e+02,
    3.01558929e+02, 8.22708740e+01, 3.01558960e+02, 8.22708206e+01,
    3.08075562e+02, 9.45527420e+01, 3.08463348e+02, 9.46768036e+01,
    3.17188477e+02, 9.43364258e+01, 3.18762817e+02, 1.03311279e+02,
    3.20054779e+02, 1.07981781e+02, 2.96369965e+02, 8.23512955e+01,
    3.00092255e+02, 8.22365952e+01, 3.01526367e+02, 9.48910065e+01,
    3.07655365e+02, 9.44452286e+01, 3.07045471e+02, 1.02887199e+02,
    3.19408142e+02, 1.08658592e+02, 3.19408142e+02, 1.08658592e+02,
    2.89013733e+02, 8.84998932e+01, 2.89013733e+02, 8.84999161e+01,
    3.00094635e+02, 9.24214859e+01, 3.00442535e+02, 9.79136200e+01,
    3.06793549e+02, 1.02844193e+02, 3.07858887e+02, 1.06964157e+02,
    3.12199677e+02, 1.15296158e+02, 2.84916260e+02, 9.19201584e+01,
    2.89363556e+02, 9.42481766e+01, 2.94265533e+02, 1.01704666e+02,
    2.96229858e+02, 1.04304390e+02, 2.98406219e+02, 1.14079414e+02, 304.,
    1.13500000e+02, 3.07401306e+02, 1.18250145e+02, 2.84909821e+02,
    9.19233856e+01, 2.84909821e+02, 9.19233856e+01, 2.91338440e+02,
    1.01796730e+02, 2.92082001e+02, 1.10971886e+02, 2.98406219e+02,
    1.14079414e+02, 2.98406281e+02, 1.14079445e+02, 3.02111237e+02,
    1.22261955e+02 ]
