%YAML:1.0
---
points: [ 3.96784729e+02, 1.90023788e+02, 3.88936707e+02, 1.93139618e+02,
    3.81073242e+02, 1.96085510e+02, 3.73028351e+02, 1.99116043e+02,
    3.65064453e+02, 2.02089401e+02, 3.57060181e+02, 2.05139816e+02,
    3.48978790e+02, 2.08221359e+02, 3.94738983e+02, 1.81940842e+02,
    3.86783234e+02, 1.84786255e+02, 3.78864685e+02, 1.87809601e+02,
    3.70835449e+02, 1.90794342e+02, 3.62812500e+02, 1.93793350e+02,
    3.54667419e+02, 1.96841797e+02, 3.46540955e+02, 1.99846222e+02,
    3.92672943e+02, 1.73414658e+02, 3.84748383e+02, 1.76485779e+02,
    3.76670013e+02, 1.79442627e+02, 3.68653870e+02, 1.82418884e+02,
    3.60554749e+02, 1.85447159e+02, 3.52387329e+02, 1.88466766e+02,
    3.44167969e+02, 1.91533569e+02, 3.90659912e+02, 1.65165588e+02,
    3.82588196e+02, 1.68088181e+02, 3.74497314e+02, 1.71087982e+02,
    3.66391113e+02, 1.74046463e+02, 3.58240662e+02, 1.77069611e+02,
    3.50028961e+02, 1.80082092e+02, 3.41759521e+02, 1.83135254e+02,
    3.88465149e+02, 1.56550278e+02, 3.80425659e+02, 1.59549164e+02,
    3.72281097e+02, 1.62462097e+02, 3.64128052e+02, 1.65482025e+02,
    3.55845398e+02, 1.68419205e+02, 3.47714417e+02, 1.71488968e+02,
    3.39343811e+02, 1.74584732e+02, 3.86368835e+02, 1.48003906e+02,
    3.78230194e+02, 1.50909225e+02, 3.70082184e+02, 1.53846237e+02,
    3.61840668e+02, 1.56841614e+02, 3.53589203e+02, 1.59908066e+02,
    3.45293121e+02, 1.62930588e+02, 3.36918518e+02, 1.66017944e+02,
    3.84200256e+02, 1.39195465e+02, 3.76049866e+02, 1.42185272e+02,
    3.67739899e+02, 1.45199799e+02, 3.59563568e+02, 1.48176392e+02,
    3.51186066e+02, 1.51167160e+02, 3.42911896e+02, 1.54155670e+02,
    3.34465973e+02, 1.57188416e+02, 3.81924652e+02, 1.30505096e+02,
    3.73699615e+02, 1.33378998e+02, 3.65493988e+02, 1.36376068e+02,
    3.57209198e+02, 1.39294708e+02, 3.48867798e+02, 1.42339005e+02,
    3.40449432e+02, 1.45370285e+02, 3.32064392e+02, 1.48393631e+02,
    3.79604919e+02, 1.21580612e+02, 3.71510620e+02, 1.24482857e+02,
    3.63142700e+02, 1.27434311e+02, 3.54862488e+02, 1.30363022e+02,
    3.46410645e+02, 1.33394318e+02, 3.37972565e+02, 1.36424820e+02,
    3.29519318e+02, 1.39507248e+02 ]
