%YAML:1.0
---
points: [ 6.61381409e+02, 8.55250244e+01, 6.74465027e+02, 9.53929901e+01,
    6.87793457e+02, 1.02768761e+02, 7.00777771e+02, 1.12494209e+02,
    7.14225830e+02, 1.19181496e+02, 7.26571106e+02, 1.28805008e+02,
    7.39606201e+02, 1.35686661e+02, 6.54433289e+02, 9.97393951e+01,
    6.67915100e+02, 1.07510353e+02, 6.81506653e+02, 1.16890709e+02,
    6.94463318e+02, 1.23893669e+02, 7.07813904e+02, 1.33098083e+02,
    7.20540833e+02, 1.40111221e+02, 7.33317749e+02, 1.49409653e+02,
    6.47998413e+02, 1.11729965e+02, 6.61484375e+02, 1.21186340e+02,
    6.74884399e+02, 1.28491516e+02, 6.88018921e+02, 1.37654709e+02,
    7.01360352e+02, 1.44447464e+02, 7.14170959e+02, 1.53586365e+02,
    7.26802185e+02, 1.60789795e+02, 6.41335449e+02, 1.25662964e+02,
    6.55260559e+02, 1.32811676e+02, 6.68232605e+02, 1.42407791e+02,
    6.81786377e+02, 1.49262207e+02, 6.94549011e+02, 1.58584885e+02,
    7.07974365e+02, 1.65187698e+02, 7.20402344e+02, 1.74269775e+02,
    6.35152954e+02, 1.37641602e+02, 6.48479370e+02, 1.46862015e+02,
    6.61865417e+02, 1.54265167e+02, 6.74800354e+02, 1.63563049e+02,
    6.88396973e+02, 1.69987274e+02, 7.01448975e+02, 1.79102432e+02,
    7.14102783e+02, 1.85900925e+02, 6.28447083e+02, 1.51524368e+02,
    6.41892700e+02, 1.58980484e+02, 6.55511047e+02, 1.68046707e+02,
    6.68602173e+02, 1.74912186e+02, 6.82237061e+02, 1.84061905e+02,
    6.94626648e+02, 1.91088165e+02, 7.08076355e+02, 1.99464951e+02,
    6.21567444e+02, 1.64346924e+02, 6.35633118e+02, 1.72668488e+02,
    6.48777344e+02, 1.80366898e+02, 6.62432251e+02, 1.88875229e+02,
    6.75620483e+02, 1.95365555e+02, 6.88806274e+02, 2.04714310e+02,
    7.01332031e+02, 2.11144547e+02, 6.15442871e+02, 1.77442902e+02,
    6.29333984e+02, 1.84525406e+02, 6.42369385e+02, 1.93650314e+02,
    6.56008179e+02, 2.00426437e+02, 6.69088013e+02, 2.09593872e+02,
    6.82547058e+02, 2.15755341e+02, 6.94953064e+02, 2.24901474e+02,
    6.09047424e+02, 1.89594406e+02, 6.23066895e+02, 1.97845505e+02,
    6.36288086e+02, 2.05327957e+02, 6.50126831e+02, 2.13346161e+02,
    6.62736572e+02, 2.20785110e+02, 6.76453918e+02, 2.28358612e+02,
    6.88852844e+02, 2.35890244e+02 ]
