%YAML:1.0
---
points: [ 1.35651685e+03, 2.38570953e+02, 1.33398999e+03, 2.54790253e+02,
    1.31163965e+03, 2.71106445e+02, 1.28938403e+03, 2.86955322e+02,
    1.26731934e+03, 3.03099030e+02, 1.24552075e+03, 3.18757355e+02,
    1.22363196e+03, 3.34580902e+02, 1.34340503e+03, 2.16506271e+02,
    1.32077600e+03, 2.33122849e+02, 1.29842249e+03, 2.49318710e+02,
    1.27594995e+03, 2.65680145e+02, 1.25384937e+03, 2.81717377e+02,
    1.23177271e+03, 2.97803528e+02, 1.21001257e+03, 3.13565857e+02,
    1.33009985e+03, 1.94399261e+02, 1.30748206e+03, 2.10909836e+02,
    1.28479285e+03, 2.27518997e+02, 1.26246362e+03, 2.43736649e+02,
    1.24020154e+03, 2.60335449e+02, 1.21808960e+03, 2.76296967e+02,
    1.19625159e+03, 2.92467224e+02, 1.31675220e+03, 1.71731949e+02,
    1.29381055e+03, 1.88762466e+02, 1.27138977e+03, 2.05373642e+02,
    1.24869250e+03, 2.22063446e+02, 1.22658423e+03, 2.38388168e+02,
    1.20428357e+03, 2.54879456e+02, 1.18243250e+03, 2.70970673e+02,
    1.30313025e+03, 1.49045349e+02, 1.28025732e+03, 1.65856750e+02,
    1.25743469e+03, 1.82896820e+02, 1.23490076e+03, 1.99572479e+02,
    1.21251416e+03, 2.16393661e+02, 1.19033899e+03, 2.32798828e+02,
    1.16820056e+03, 2.49299103e+02, 1.28924402e+03, 1.25665489e+02,
    1.26635083e+03, 1.43044388e+02, 1.24356470e+03, 1.60055710e+02,
    1.22075183e+03, 1.77103683e+02, 1.19834619e+03, 1.93783768e+02,
    1.17593823e+03, 2.10751694e+02, 1.15402393e+03, 2.27221146e+02,
    1.27529907e+03, 1.02439262e+02, 1.25226990e+03, 1.19612755e+02,
    1.22940039e+03, 1.37126160e+02, 1.20675916e+03, 1.54113022e+02,
    1.18405872e+03, 1.71314438e+02, 1.16173267e+03, 1.88157333e+02,
    1.13947168e+03, 2.05119415e+02, 1.26118481e+03, 7.85870743e+01,
    1.23795044e+03, 9.63384857e+01, 1.21508044e+03, 1.13590950e+02,
    1.19228931e+03, 1.31171051e+02, 1.16972913e+03, 1.48196548e+02,
    1.14721008e+03, 1.65416565e+02, 1.12490137e+03, 1.82334976e+02,
    1.24664319e+03, 5.46640511e+01, 1.22360376e+03, 7.23642654e+01,
    1.20053625e+03, 9.00789948e+01, 1.17776587e+03, 1.07506447e+02,
    1.15495447e+03, 1.25026733e+02, 1.13252490e+03, 1.42253021e+02,
    1.11012219e+03, 1.59474640e+02 ]
