%YAML:1.0
---
points: [ 3.09259613e+02, 1.08245522e+02, 3.03635406e+02, 1.10097298e+02,
    3.00065002e+02, 1.16251991e+02, 2.96648254e+02, 1.20710686e+02,
    2.93869507e+02, 1.21154953e+02, 2.92242340e+02, 1.31297729e+02,
    2.86604187e+02, 1.32617386e+02, 3.01737457e+02, 1.02138000e+02,
    3.01183868e+02, 1.08201523e+02, 3.00549011e+02, 1.10435562e+02,
    2.91560455e+02, 1.17117683e+02, 2.91497375e+02, 1.18851395e+02,
    2.84322388e+02, 1.29640762e+02, 2.86604126e+02, 1.32617310e+02,
    3.01600372e+02, 1.02004074e+02, 3.01143402e+02, 1.01855530e+02,
    2.95892181e+02, 1.06980202e+02, 2.89095612e+02, 1.14669174e+02,
    2.88862518e+02, 1.17263870e+02, 2.81732208e+02, 1.29841019e+02,
    2.77137024e+02, 1.25132431e+02, 2.92966003e+02, 9.46594925e+01,
    2.92198700e+02, 1.00259827e+02, 2.89468170e+02, 1.01646584e+02,
    2.83744415e+02, 1.15673264e+02, 2.83743713e+02, 1.15675995e+02,
    2.77125244e+02, 1.25114265e+02, 2.77134613e+02, 1.25128868e+02,
    2.92965942e+02, 9.46594467e+01, 2.87303436e+02, 9.61490173e+01,
    2.82595215e+02, 1.04256989e+02, 2.80147614e+02, 1.03107315e+02,
    2.76302124e+02, 1.14250023e+02, 2.73474609e+02, 1.12402763e+02,
    2.70197754e+02, 1.19605095e+02, 2.82414185e+02, 8.67677536e+01,
    2.82435089e+02, 8.67844620e+01, 2.77724518e+02, 1.02753578e+02,
    2.72157562e+02, 1.01749832e+02, 2.71855316e+02, 1.03630249e+02,
    2.73239685e+02, 1.10411209e+02, 2.64205292e+02, 1.17359268e+02,
    2.79910400e+02, 8.49129486e+01, 2.79910431e+02, 8.49129715e+01,
    2.68119934e+02, 9.23398819e+01, 2.69443634e+02, 1.01820580e+02,
    2.69441315e+02, 1.01823257e+02, 2.60339996e+02, 1.10239357e+02,
    2.60339752e+02, 1.10239174e+02, 2.79362610e+02, 8.31320343e+01,
    2.76123169e+02, 8.23257904e+01, 2.69686157e+02, 8.58607635e+01,
    2.65280365e+02, 9.42375183e+01, 2.61132111e+02, 9.91997147e+01,
    2.55099533e+02, 1.04183495e+02, 2.54110184e+02, 1.09378624e+02,
    2.70463776e+02, 7.90901566e+01, 2.70463715e+02, 7.90901947e+01,
    2.69686096e+02, 8.58604050e+01, 2.63897705e+02, 8.85518188e+01,
    2.55927612e+02, 9.99171753e+01, 2.55875229e+02, 1.00996529e+02,
    2.49133881e+02, 1.03885254e+02 ]
