%YAML:1.0
---
points: [ 1.06575232e+03, 8.82272583e+02, 1.02728149e+03, 8.82923584e+02,
    9.88877625e+02, 8.83814514e+02, 9.50663574e+02, 8.84653809e+02,
    9.12583374e+02, 8.85636230e+02, 8.74831909e+02, 8.86509521e+02,
    8.37279785e+02, 8.87393982e+02, 1.06370886e+03, 8.42046143e+02,
    1.02544189e+03, 8.42938721e+02, 9.87205322e+02, 8.43727051e+02,
    9.49401855e+02, 8.44675232e+02, 9.11662048e+02, 8.45595886e+02,
    8.74169067e+02, 8.46714722e+02, 8.36655334e+02, 8.47794373e+02,
    1.06151660e+03, 8.02563354e+02, 1.02345984e+03, 8.03422485e+02,
    9.85571716e+02, 8.04342773e+02, 9.48076294e+02, 8.05395935e+02,
    9.10595459e+02, 8.06550354e+02, 8.73197021e+02, 8.07594177e+02,
    8.36033447e+02, 8.08690857e+02, 1.05955725e+03, 7.63546997e+02,
    1.02166730e+03, 7.64729187e+02, 9.84165405e+02, 7.65618042e+02,
    9.46712402e+02, 7.66679016e+02, 9.09468689e+02, 7.67886108e+02,
    8.72414856e+02, 7.69086548e+02, 8.35335388e+02, 7.70428345e+02,
    1.05756689e+03, 7.24900269e+02, 1.01985266e+03, 7.26090637e+02,
    9.82517700e+02, 7.27286926e+02, 9.45408569e+02, 7.28511597e+02,
    9.08370361e+02, 7.29643677e+02, 8.71570129e+02, 7.31005371e+02,
    8.34866028e+02, 7.32263428e+02, 1.05546216e+03, 6.86952881e+02,
    1.01826379e+03, 6.88097900e+02, 9.80992126e+02, 6.89454773e+02,
    9.44323303e+02, 6.90774109e+02, 9.07410217e+02, 6.92167908e+02,
    8.70650146e+02, 6.93368774e+02, 8.34293884e+02, 6.94705872e+02,
    1.05351001e+03, 6.49467163e+02, 1.01646729e+03, 6.50633240e+02,
    9.79601929e+02, 6.52143616e+02, 9.42989014e+02, 6.53704041e+02,
    9.06470642e+02, 6.54867249e+02, 8.69965698e+02, 6.56252441e+02,
    8.33623169e+02, 6.57757874e+02, 1.05151501e+03, 6.12525818e+02,
    1.01468494e+03, 6.13855713e+02, 9.78035461e+02, 6.15355103e+02,
    9.41804993e+02, 6.16934998e+02, 9.05444946e+02, 6.18454895e+02,
    8.69311462e+02, 6.19740967e+02, 8.33260132e+02, 6.21425598e+02,
    1.04957043e+03, 5.75898254e+02, 1.01294147e+03, 5.77378174e+02,
    9.76517395e+02, 5.79022949e+02, 9.40411621e+02, 5.80641785e+02,
    9.04252930e+02, 5.82035156e+02, 8.68438232e+02, 5.83573425e+02,
    8.32544189e+02, 5.85337097e+02 ]
