%YAML:1.0
---
points: [ 1.65309464e+02, 5.61079102e+01, 1.58906708e+02, 6.28518753e+01,
    1.61180588e+02, 7.01394272e+01, 1.54885178e+02, 7.68433304e+01,
    1.57161392e+02, 8.41370773e+01, 1.50774368e+02, 9.07402954e+01,
    1.48763351e+02, 9.76363983e+01, 1.60911591e+02, 5.56419106e+01,
    1.53451553e+02, 6.14897385e+01, 1.56953568e+02, 6.97254181e+01,
    1.49521561e+02, 7.54286499e+01, 1.47302917e+02, 8.24134674e+01,
    1.45361511e+02, 8.92359695e+01, 1.48763336e+02, 9.76363983e+01,
    1.49843796e+02, 5.32958374e+01, 1.53451538e+02, 6.14897423e+01,
    1.51579590e+02, 6.86675110e+01, 1.49521530e+02, 7.54286423e+01,
    1.47302887e+02, 8.24134750e+01, 1.45361496e+02, 8.92359619e+01,
    1.43387894e+02, 9.60716858e+01, 1.44279984e+02, 5.24171333e+01,
    1.47913986e+02, 6.04388695e+01, 1.45945511e+02, 6.74207687e+01,
    1.44173920e+02, 7.43805618e+01, 1.41898941e+02, 8.11150742e+01,
    1.39896545e+02, 8.79588699e+01, 1.37924789e+02, 9.47612534e+01,
    1.44279968e+02, 5.24171295e+01, 1.42618820e+02, 5.93410835e+01,
    1.40568939e+02, 6.59767914e+01, 1.38606750e+02, 7.26950073e+01,
    1.30865738e+02, 7.88217773e+01, 1.29172913e+02, 8.55154266e+01,
    1.32555344e+02, 9.34643707e+01, 1.38886505e+02, 5.15274429e+01,
    1.36917557e+02, 5.84861145e+01, 1.35064804e+02, 6.52756042e+01,
    1.33023056e+02, 7.19959717e+01, 1.25882126e+02, 7.77295685e+01,
    1.29172943e+02, 8.55154343e+01, 1.27351059e+02, 9.19947586e+01,
    1.33992599e+02, 5.02328224e+01, 1.31804535e+02, 5.72207413e+01,
    1.29821991e+02, 6.38350029e+01, 1.27871414e+02, 7.06639175e+01,
    1.25882118e+02, 7.77295456e+01, 1.23772034e+02, 8.40418396e+01,
    1.21630463e+02, 9.09782181e+01, 1.28483017e+02, 4.94179726e+01,
    1.26528374e+02, 5.60494995e+01, 1.24756500e+02, 6.28308105e+01,
    1.22779800e+02, 6.99861450e+01, 1.20805611e+02, 7.59455414e+01,
    1.18827843e+02, 8.27235413e+01, 1.16997688e+02, 8.92543106e+01,
    1.23773109e+02, 4.83774986e+01, 1.21895409e+02, 5.51584854e+01,
    1.19835747e+02, 6.19749260e+01, 1.17848640e+02, 6.81609650e+01,
    1.15825768e+02, 7.50732803e+01, 1.13721954e+02, 8.15158386e+01,
    1.11791885e+02, 8.82874680e+01 ]
