%YAML:1.0
---
points: [ 1.08830896e+03, 2.36344986e+02, 1.07761218e+03, 2.50899063e+02,
    1.06740918e+03, 2.65329315e+02, 1.05687708e+03, 2.79738647e+02,
    1.04668298e+03, 2.94226410e+02, 1.03633435e+03, 3.08558289e+02,
    1.02608386e+03, 3.23077637e+02, 1.07414050e+03, 2.25092377e+02,
    1.06384399e+03, 2.39610962e+02, 1.05316174e+03, 2.54136353e+02,
    1.04294360e+03, 2.68439606e+02, 1.03245337e+03, 2.83057495e+02,
    1.02213159e+03, 2.97385559e+02, 1.01165399e+03, 3.11879852e+02,
    1.06030835e+03, 2.13557388e+02, 1.04961145e+03, 2.28227753e+02,
    1.03933606e+03, 2.42712128e+02, 1.02872852e+03, 2.57212006e+02,
    1.01844141e+03, 2.71744904e+02, 1.00781683e+03, 2.86204102e+02,
    9.97561768e+02, 3.00638000e+02, 1.04596533e+03, 2.02118393e+02,
    1.03555493e+03, 2.16652802e+02, 1.02493970e+03, 2.31283554e+02,
    1.01461407e+03, 2.45776489e+02, 1.00389917e+03, 2.60410309e+02,
    9.93687317e+02, 2.74790039e+02, 9.83115723e+02, 2.89411835e+02,
    1.03191809e+03, 1.90572464e+02, 1.02116498e+03, 2.05259171e+02,
    1.01069592e+03, 2.19801102e+02, 1.00006250e+03, 2.34414459e+02,
    9.89729553e+02, 2.48850586e+02, 9.79081238e+02, 2.63508514e+02,
    9.68710205e+02, 2.78174225e+02, 1.01753528e+03, 1.78920258e+02,
    1.00700195e+03, 1.93598984e+02, 9.96335144e+02, 2.08275574e+02,
    9.85868591e+02, 2.22703110e+02, 9.75207581e+02, 2.37395645e+02,
    9.64714905e+02, 2.52033478e+02, 9.54108765e+02, 2.66525543e+02,
    1.00332727e+03, 1.67232269e+02, 9.92562622e+02, 1.81857330e+02,
    9.81951355e+02, 1.96425919e+02, 9.71341675e+02, 2.11185730e+02,
    9.60798767e+02, 2.25739517e+02, 9.50192322e+02, 2.40402939e+02,
    9.39642456e+02, 2.54994156e+02, 9.88704102e+02, 1.55356659e+02,
    9.78223511e+02, 1.70034653e+02, 9.67380249e+02, 1.84788101e+02,
    9.56822815e+02, 1.99389023e+02, 9.46112061e+02, 2.14129166e+02,
    9.35634827e+02, 2.28650467e+02, 9.24794250e+02, 2.43257385e+02,
    9.74364929e+02, 1.43359955e+02, 9.63483459e+02, 1.58170044e+02,
    9.52924561e+02, 1.72888412e+02, 9.42224609e+02, 1.87491852e+02,
    9.31561340e+02, 2.02238220e+02, 9.20748047e+02, 2.16812790e+02,
    9.10194214e+02, 2.31536789e+02 ]
