%YAML:1.0
---
points: [ 4.12158997e+02, 1.13463562e+02, 4.04732147e+02, 1.18860382e+02,
    3.97241638e+02, 1.24244438e+02, 3.89760315e+02, 1.29552765e+02,
    3.82271454e+02, 1.34885483e+02, 3.74838684e+02, 1.40279404e+02,
    3.67367157e+02, 1.45566925e+02, 4.07801605e+02, 1.06165947e+02,
    4.00242096e+02, 1.11501930e+02, 3.92811432e+02, 1.16904350e+02,
    3.85240356e+02, 1.22292725e+02, 3.77800537e+02, 1.27701309e+02,
    3.70243683e+02, 1.33158142e+02, 3.62847748e+02, 1.38508804e+02,
    4.03295868e+02, 9.85444641e+01, 3.95888092e+02, 1.04052017e+02,
    3.88242126e+02, 1.09481155e+02, 3.80784973e+02, 1.14955109e+02,
    3.73225677e+02, 1.20432587e+02, 3.65737762e+02, 1.25894661e+02,
    3.58215424e+02, 1.31320297e+02, 3.98976685e+02, 9.10428543e+01,
    3.91307922e+02, 9.65289841e+01, 3.83770264e+02, 1.02059128e+02,
    3.76199432e+02, 1.07595520e+02, 3.68669647e+02, 1.13065575e+02,
    3.61145935e+02, 1.18587296e+02, 3.53649231e+02, 1.24054047e+02,
    3.94427917e+02, 8.33028183e+01, 3.86797272e+02, 8.89435272e+01,
    3.79184540e+02, 9.44573059e+01, 3.71598999e+02, 1.00029938e+02,
    3.63981079e+02, 1.05617439e+02, 3.56411316e+02, 1.11142685e+02,
    3.48896759e+02, 1.16683693e+02, 3.89821411e+02, 7.56516037e+01,
    3.82186096e+02, 8.11793747e+01, 3.74546265e+02, 8.68391800e+01,
    3.66910706e+02, 9.23931198e+01, 3.59298096e+02, 9.80611115e+01,
    3.51718994e+02, 1.03670738e+02, 3.44185272e+02, 1.09222847e+02,
    3.85129395e+02, 6.76987457e+01, 3.77468842e+02, 7.34539490e+01,
    3.69796051e+02, 7.90640106e+01, 3.62179474e+02, 8.47112808e+01,
    3.54495087e+02, 9.03785934e+01, 3.46899902e+02, 9.60369186e+01,
    3.39317688e+02, 1.01703346e+02, 3.80339386e+02, 5.99752960e+01,
    3.72661621e+02, 6.54907684e+01, 3.65036469e+02, 7.12610397e+01,
    3.57379700e+02, 7.69301147e+01, 3.49725067e+02, 8.26867065e+01,
    3.42108124e+02, 8.83821564e+01, 3.34531036e+02, 9.40622330e+01,
    3.75567780e+02, 5.17858543e+01, 3.67851288e+02, 5.76816521e+01,
    3.60160248e+02, 6.32841644e+01, 3.52491425e+02, 6.90923920e+01,
    3.44836548e+02, 7.47255707e+01, 3.37200043e+02, 8.06291809e+01,
    3.29598877e+02, 8.63352509e+01 ]
