%YAML:1.0
---
points: [ 2.34688843e+02, 2.23796570e+02, 2.24788986e+02, 2.24158264e+02,
    2.14949142e+02, 2.24664032e+02, 2.05149124e+02, 2.25170715e+02,
    1.95235825e+02, 2.25667236e+02, 1.85348694e+02, 2.26069824e+02,
    1.75523880e+02, 2.26597626e+02, 2.33902893e+02, 2.14635834e+02,
    2.23828476e+02, 2.15122192e+02, 2.13980194e+02, 2.15731567e+02,
    2.04022446e+02, 2.16104034e+02, 1.94068634e+02, 2.16590134e+02,
    1.84137436e+02, 2.17023193e+02, 1.74041473e+02, 2.17632309e+02,
    2.33107864e+02, 2.05435043e+02, 2.23042725e+02, 2.05950104e+02,
    2.12951981e+02, 2.06442017e+02, 2.02940277e+02, 2.06872711e+02,
    1.92867172e+02, 2.07450333e+02, 1.82793991e+02, 2.07863281e+02,
    1.72661392e+02, 2.08399094e+02, 2.32376694e+02, 1.95856506e+02,
    2.22134705e+02, 1.96507004e+02, 2.11908005e+02, 1.96921112e+02,
    2.01769730e+02, 1.97444519e+02, 1.91619751e+02, 1.97886292e+02,
    1.81403839e+02, 1.98500336e+02, 1.71196884e+02, 1.98822495e+02,
    2.31498459e+02, 1.86253326e+02, 2.21177185e+02, 1.86787048e+02,
    2.10907684e+02, 1.87315033e+02, 2.00571442e+02, 1.87688660e+02,
    1.90274612e+02, 1.88325897e+02, 1.79968872e+02, 1.88745651e+02,
    1.69731201e+02, 1.89236969e+02, 2.30624222e+02, 1.76307190e+02,
    2.20224701e+02, 1.76845337e+02, 2.09808594e+02, 1.77415771e+02,
    1.99354767e+02, 1.77788254e+02, 1.89007217e+02, 1.78361893e+02,
    1.78537704e+02, 1.78789062e+02, 1.68179153e+02, 1.79315552e+02,
    2.29772705e+02, 1.66262787e+02, 2.19236069e+02, 1.66705688e+02,
    2.08677826e+02, 1.67299286e+02, 1.98134140e+02, 1.67770645e+02,
    1.87600739e+02, 1.68267548e+02, 1.77105560e+02, 1.68747192e+02,
    1.66505142e+02, 1.69198563e+02, 2.28821640e+02, 1.55782867e+02,
    2.18222900e+02, 1.56312897e+02, 2.07479797e+02, 1.56930939e+02,
    1.96881958e+02, 1.57377029e+02, 1.86208603e+02, 1.57804611e+02,
    1.75555023e+02, 1.58433823e+02, 1.64902817e+02, 1.58778732e+02,
    2.27917511e+02, 1.45249939e+02, 2.17161102e+02, 1.45725754e+02,
    2.06312347e+02, 1.46215179e+02, 1.95571930e+02, 1.46769806e+02,
    1.84776093e+02, 1.47218887e+02, 1.74024155e+02, 1.47693817e+02,
    1.63187042e+02, 1.48178635e+02 ]
