%YAML:1.0
---
points: [ 4.07868927e+02, 2.30329468e+02, 4.00452820e+02, 2.36693085e+02,
    3.91708191e+02, 2.34783829e+02, 3.83634247e+02, 2.36686829e+02,
    3.75819244e+02, 2.39641525e+02, 3.68702637e+02, 2.46226761e+02,
    3.60151672e+02, 2.44604004e+02, 4.07868927e+02, 2.30329422e+02,
    3.99781311e+02, 2.32667450e+02, 3.91708191e+02, 2.34783783e+02,
    3.83634247e+02, 2.36686768e+02, 3.75819214e+02, 2.39641464e+02,
    3.68041840e+02, 2.42773361e+02, 3.60151672e+02, 2.44603973e+02,
    4.05740753e+02, 2.18525864e+02, 3.98207428e+02, 2.24126556e+02,
    3.89727325e+02, 2.24720383e+02, 3.82362091e+02, 2.30732452e+02,
    3.73875946e+02, 2.31277603e+02, 3.66431671e+02, 2.35839050e+02,
    3.58249542e+02, 2.38009247e+02, 4.05438721e+02, 2.16292450e+02,
    3.96861084e+02, 2.17169159e+02, 3.88463806e+02, 2.18650574e+02,
    3.80511078e+02, 2.22153305e+02, 3.72283203e+02, 2.23519119e+02,
    3.64199829e+02, 2.27159073e+02, 3.56190338e+02, 2.29109070e+02,
    4.03702118e+02, 2.06269745e+02, 3.95509827e+02, 2.09161255e+02,
    3.87121796e+02, 2.12466034e+02, 3.78929199e+02, 2.14456757e+02,
    3.70648834e+02, 2.17149719e+02, 3.62440094e+02, 2.19391937e+02,
    3.54267303e+02, 2.21968613e+02, 4.02599426e+02, 1.99789322e+02,
    3.94056946e+02, 2.02170837e+02, 3.85711090e+02, 2.04660675e+02,
    3.77361938e+02, 2.07288452e+02, 3.69004852e+02, 2.10010574e+02,
    3.60751495e+02, 2.12502975e+02, 3.52536194e+02, 2.15131546e+02,
    4.01295227e+02, 1.92263519e+02, 3.92759338e+02, 1.95118851e+02,
    3.84229980e+02, 1.97881119e+02, 3.75845154e+02, 2.00276321e+02,
    3.67312347e+02, 2.02765579e+02, 3.59105713e+02, 2.05311142e+02,
    3.50722778e+02, 2.08048813e+02, 3.99967102e+02, 1.85034073e+02,
    3.91312714e+02, 1.87588013e+02, 3.82811218e+02, 1.90242355e+02,
    3.74264557e+02, 1.93178650e+02, 3.65793671e+02, 1.95734161e+02,
    3.57444611e+02, 1.98334091e+02, 3.49002594e+02, 2.01069870e+02,
    3.98597443e+02, 1.77355621e+02, 3.89972351e+02, 1.80199539e+02,
    3.81257751e+02, 1.82970474e+02, 3.72733582e+02, 1.85537201e+02,
    3.64065369e+02, 1.88358490e+02, 3.55611450e+02, 1.91119720e+02,
    3.47121002e+02, 1.93754791e+02 ]
