%YAML:1.0
---
points: [ 1.34885889e+03, 5.93486023e+02, 1.32532410e+03, 6.00354736e+02,
    1.30176233e+03, 6.07348633e+02, 1.27839880e+03, 6.14032410e+02,
    1.25526587e+03, 6.21201782e+02, 1.23245691e+03, 6.27999390e+02,
    1.20949426e+03, 6.34685425e+02, 1.34501477e+03, 5.74212708e+02,
    1.32126550e+03, 5.81295532e+02, 1.29738110e+03, 5.88267639e+02,
    1.27396790e+03, 5.95465393e+02, 1.25052734e+03, 6.02341553e+02,
    1.22743054e+03, 6.09346863e+02, 1.20432654e+03, 6.16126709e+02,
    1.34106958e+03, 5.54619873e+02, 1.31691357e+03, 5.61657104e+02,
    1.29284497e+03, 5.69169678e+02, 1.26924976e+03, 5.76059448e+02,
    1.24560608e+03, 5.83379883e+02, 1.22230713e+03, 5.90360291e+02,
    1.19906116e+03, 5.97399292e+02, 1.33719299e+03, 5.34570618e+02,
    1.31259351e+03, 5.42181274e+02, 1.28857141e+03, 5.49477478e+02,
    1.26453809e+03, 5.56685425e+02, 1.24069934e+03, 5.63928284e+02,
    1.21705566e+03, 5.71246216e+02, 1.19349927e+03, 5.78034302e+02,
    1.33296692e+03, 5.14406860e+02, 1.30841431e+03, 5.21717407e+02,
    1.28405188e+03, 5.29238708e+02, 1.25970544e+03, 5.36573853e+02,
    1.23571375e+03, 5.44059204e+02, 1.21169263e+03, 5.51200378e+02,
    1.18816785e+03, 5.58525879e+02, 1.32870251e+03, 4.93300323e+02,
    1.30383960e+03, 5.01161133e+02, 1.27932056e+03, 5.08484558e+02,
    1.25471521e+03, 5.16294678e+02, 1.23055212e+03, 5.23692322e+02,
    1.20653015e+03, 5.31244263e+02, 1.18256067e+03, 5.38595337e+02,
    1.32447607e+03, 4.72203308e+02, 1.29948364e+03, 4.79825378e+02,
    1.27457703e+03, 4.87596802e+02, 1.24981677e+03, 4.95423370e+02,
    1.22533801e+03, 5.03088409e+02, 1.20100793e+03, 5.10560333e+02,
    1.17668567e+03, 5.18332825e+02, 1.32019739e+03, 4.50230255e+02,
    1.29481799e+03, 4.58218262e+02, 1.26959241e+03, 4.66113464e+02,
    1.24456238e+03, 4.74254791e+02, 1.21991895e+03, 4.81763550e+02,
    1.19552820e+03, 4.89629547e+02, 1.17107849e+03, 4.97346313e+02,
    1.31562109e+03, 4.27848114e+02, 1.29005286e+03, 4.35955750e+02,
    1.26464111e+03, 4.44293457e+02, 1.23943579e+03, 4.52335602e+02,
    1.21452649e+03, 4.60373932e+02, 1.18970764e+03, 4.68252747e+02,
    1.16505640e+03, 4.76357666e+02 ]
