%YAML:1.0
---
points: [ 2.41028427e+02, 2.84137512e+02, 2.31243423e+02, 2.84597443e+02,
    2.21394989e+02, 2.85038483e+02, 2.11714157e+02, 2.85607361e+02,
    2.02050629e+02, 2.86217072e+02, 1.92240143e+02, 2.86738098e+02,
    1.82566147e+02, 2.87208374e+02, 2.40028305e+02, 2.75196991e+02,
    2.30151566e+02, 2.75840393e+02, 2.20275116e+02, 2.76376678e+02,
    2.10418335e+02, 2.76901062e+02, 2.00699081e+02, 2.77482086e+02,
    1.90900162e+02, 2.78012390e+02, 1.81089050e+02, 2.78686951e+02,
    2.39097275e+02, 2.66478882e+02, 2.29118744e+02, 2.66924744e+02,
    2.19183670e+02, 2.67601044e+02, 2.09231766e+02, 2.68165955e+02,
    1.99322586e+02, 2.68705658e+02, 1.89459183e+02, 2.69280731e+02,
    1.79598801e+02, 2.69818695e+02, 2.38076904e+02, 2.57364929e+02,
    2.28073853e+02, 2.58020630e+02, 2.18000824e+02, 2.58602875e+02,
    2.08065399e+02, 2.59136169e+02, 1.98031174e+02, 2.59794800e+02,
    1.88103058e+02, 2.60370728e+02, 1.78100723e+02, 2.60918915e+02,
    2.37126328e+02, 2.48223007e+02, 2.26928085e+02, 2.48816498e+02,
    2.16790451e+02, 2.49396194e+02, 2.06742065e+02, 2.49986694e+02,
    1.96723312e+02, 2.50669022e+02, 1.86613953e+02, 2.51253082e+02,
    1.76612320e+02, 2.51789841e+02, 2.36010208e+02, 2.38832916e+02,
    2.25831146e+02, 2.39399338e+02, 2.15612350e+02, 2.40006699e+02,
    2.05483276e+02, 2.40727203e+02, 1.95295883e+02, 2.41291275e+02,
    1.85165863e+02, 2.41848404e+02, 1.74994751e+02, 2.42596207e+02,
    2.35034470e+02, 2.29442307e+02, 2.24669815e+02, 2.29951523e+02,
    2.14378983e+02, 2.30636276e+02, 2.04112366e+02, 2.31293304e+02,
    1.93863281e+02, 2.31814926e+02, 1.83660553e+02, 2.32543335e+02,
    1.73413223e+02, 2.33113342e+02, 2.33902603e+02, 2.19633987e+02,
    2.23532272e+02, 2.20214874e+02, 2.13128693e+02, 2.20877136e+02,
    2.02746994e+02, 2.21639023e+02, 1.92411346e+02, 2.22185684e+02,
    1.82094788e+02, 2.22821091e+02, 1.71789734e+02, 2.23596924e+02,
    2.32863831e+02, 2.09702072e+02, 2.22322006e+02, 2.10432739e+02,
    2.11768585e+02, 2.11007217e+02, 2.01367767e+02, 2.11726654e+02,
    1.90910309e+02, 2.12495453e+02, 1.80568436e+02, 2.12938843e+02,
    1.70123810e+02, 2.13693604e+02 ]
