%YAML:1.0
---
points: [ 7.63077820e+02, 2.56864929e+02, 7.75941528e+02, 2.70040649e+02,
    7.88642273e+02, 2.83099854e+02, 8.01609741e+02, 2.96208649e+02,
    8.14295776e+02, 3.09288574e+02, 8.27171509e+02, 3.22490479e+02,
    8.39834106e+02, 3.35594910e+02, 7.50824524e+02, 2.70455261e+02,
    7.63539429e+02, 2.83644012e+02, 7.76393372e+02, 2.96657379e+02,
    7.89057800e+02, 3.09806793e+02, 8.01890320e+02, 3.23012939e+02,
    8.14530334e+02, 3.35899200e+02, 8.27360718e+02, 3.49144836e+02,
    7.38416016e+02, 2.84179291e+02, 7.51276550e+02, 2.97239410e+02,
    7.63923523e+02, 3.10339874e+02, 7.76729919e+02, 3.23291931e+02,
    7.89370544e+02, 3.36326447e+02, 8.02143005e+02, 3.49547791e+02,
    8.14615601e+02, 3.62535645e+02, 7.26413208e+02, 2.97679688e+02,
    7.38964478e+02, 3.10571289e+02, 7.51694519e+02, 3.23601593e+02,
    7.64384460e+02, 3.36693787e+02, 7.77045654e+02, 3.49890991e+02,
    7.89551453e+02, 3.62742310e+02, 8.02368225e+02, 3.75830109e+02,
    7.14268311e+02, 3.11029724e+02, 7.26834473e+02, 3.24082092e+02,
    7.39421387e+02, 3.36954651e+02, 7.52064636e+02, 3.50193726e+02,
    7.64604187e+02, 3.63093506e+02, 7.77379700e+02, 3.76157410e+02,
    7.89609314e+02, 3.89160980e+02, 7.02050720e+02, 3.24384308e+02,
    7.14546265e+02, 3.37281860e+02, 7.27173828e+02, 3.50354614e+02,
    7.39664734e+02, 3.63315765e+02, 7.52334412e+02, 3.76257446e+02,
    7.64610596e+02, 3.89242859e+02, 7.77237488e+02, 4.02361603e+02,
    6.89789673e+02, 3.37520508e+02, 7.02406006e+02, 3.50599823e+02,
    7.14785767e+02, 3.63423584e+02, 7.27523438e+02, 3.76499329e+02,
    7.39975281e+02, 3.89435486e+02, 7.52416443e+02, 4.02487946e+02,
    7.64804382e+02, 4.15413574e+02, 6.77881836e+02, 3.50728455e+02,
    6.90291016e+02, 3.63642242e+02, 7.02765991e+02, 3.76638245e+02,
    7.15293701e+02, 3.89464874e+02, 7.27698364e+02, 4.02442902e+02,
    7.40051025e+02, 4.15435089e+02, 7.52477234e+02, 4.28334442e+02,
    6.65684387e+02, 3.63717712e+02, 6.78247437e+02, 3.76744965e+02,
    6.90589294e+02, 3.89580048e+02, 7.03166992e+02, 4.02526276e+02,
    7.15484680e+02, 4.15412750e+02, 7.27832703e+02, 4.28438171e+02,
    7.40250366e+02, 4.41412689e+02 ]
