%YAML:1.0
---
points: [ 1.08847009e+03, 5.47655518e+02, 1.10716040e+03, 5.77858948e+02,
    1.12641589e+03, 6.08632385e+02, 1.14625208e+03, 6.40261658e+02,
    1.16647986e+03, 6.72445312e+02, 1.18735120e+03, 7.05595642e+02,
    1.20855786e+03, 7.39330566e+02, 1.05958972e+03, 5.67692322e+02,
    1.07794812e+03, 5.97618347e+02, 1.09665002e+03, 6.28319946e+02,
    1.11589685e+03, 6.59690002e+02, 1.13562256e+03, 6.91845520e+02,
    1.15561523e+03, 7.24651794e+02, 1.17639355e+03, 7.58529419e+02,
    1.03156494e+03, 5.86905640e+02, 1.04939685e+03, 6.16813049e+02,
    1.06764868e+03, 6.47405396e+02, 1.08635266e+03, 6.78750244e+02,
    1.10541113e+03, 7.10641968e+02, 1.12505872e+03, 7.43466858e+02,
    1.14491772e+03, 7.77058350e+02, 1.00419220e+03, 6.05938416e+02,
    1.02143665e+03, 6.35716614e+02, 1.03928577e+03, 6.66288696e+02,
    1.05739038e+03, 6.97288086e+02, 1.07596411e+03, 7.29251892e+02,
    1.09477795e+03, 7.61833618e+02, 1.11440540e+03, 7.95361938e+02,
    9.77224731e+02, 6.24539673e+02, 9.94246704e+02, 6.54280212e+02,
    1.01134149e+03, 6.84569458e+02, 1.02908777e+03, 7.15706177e+02,
    1.04707239e+03, 7.47297485e+02, 1.06561780e+03, 7.79890625e+02,
    1.08439832e+03, 8.13141479e+02, 9.50905762e+02, 6.42851379e+02,
    9.67296814e+02, 6.72431519e+02, 9.84103577e+02, 7.02701782e+02,
    1.00128876e+03, 7.33556030e+02, 1.01892255e+03, 7.65303955e+02,
    1.03669922e+03, 7.97512512e+02, 1.05523938e+03, 8.30766479e+02,
    9.25154846e+02, 6.60756531e+02, 9.41186646e+02, 6.90276794e+02,
    9.57492371e+02, 7.20326782e+02, 9.74304382e+02, 7.51201965e+02,
    9.91390320e+02, 7.82603638e+02, 1.00887341e+03, 8.14843140e+02,
    1.02660876e+03, 8.47712646e+02, 8.99792358e+02, 6.78361694e+02,
    9.15421570e+02, 7.07766357e+02, 9.31433411e+02, 7.37715454e+02,
    9.47630981e+02, 7.68441528e+02, 9.64454163e+02, 7.99650085e+02,
    9.81397583e+02, 8.31721802e+02, 9.98850037e+02, 8.64599426e+02,
    8.74938293e+02, 6.95765381e+02, 8.90108765e+02, 7.24915833e+02,
    9.05708130e+02, 7.54829895e+02, 9.21743591e+02, 7.85383789e+02,
    9.37841492e+02, 8.16511108e+02, 9.54544800e+02, 8.48447632e+02,
    9.71475342e+02, 8.81174683e+02 ]
