%YAML:1.0
---
points: [ 1.75389313e+02, 9.64260330e+01, 1.69652481e+02, 1.01413651e+02,
    1.64830627e+02, 1.05526604e+02, 1.59561203e+02, 1.10992493e+02,
    1.54755157e+02, 1.14491669e+02, 1.49539902e+02, 1.20083443e+02,
    1.45256210e+02, 1.22892807e+02, 1.70050400e+02, 9.10676117e+01,
    1.65905029e+02, 9.62521667e+01, 1.60998154e+02, 1.00447937e+02,
    1.56107803e+02, 1.05668930e+02, 1.51111465e+02, 1.09561455e+02,
    1.45850113e+02, 1.14749329e+02, 1.43437958e+02, 1.20050400e+02,
    1.67617065e+02, 8.72070084e+01, 1.63549271e+02, 9.21812134e+01,
    1.58078568e+02, 9.67410278e+01, 1.53118637e+02, 1.01581856e+02,
    1.48346329e+02, 1.05848183e+02, 1.42627884e+02, 1.10418839e+02,
    1.37824814e+02, 1.13566490e+02, 1.62739807e+02, 8.09964600e+01,
    1.59729477e+02, 8.66396713e+01, 1.52531433e+02, 9.00616684e+01,
    1.48075912e+02, 9.50337524e+01, 1.44134415e+02, 1.00326645e+02,
    1.39428192e+02, 1.05562630e+02, 1.36458801e+02, 1.10612633e+02,
    1.62739731e+02, 8.09964371e+01, 1.54764465e+02, 8.13509598e+01,
    1.53176346e+02, 8.70119095e+01, 1.45355927e+02, 9.09657440e+01,
    1.36880859e+02, 9.58823853e+01, 1.33987946e+02, 9.91878586e+01,
    1.30735062e+02, 1.03787262e+02, 1.54845535e+02, 7.10984955e+01,
    1.49691772e+02, 7.52333908e+01, 1.44720245e+02, 8.01158371e+01,
    1.40860977e+02, 8.55275955e+01, 1.33137634e+02, 8.93631134e+01,
    1.32792786e+02, 9.96233826e+01, 1.29442795e+02, 1.00414391e+02,
    1.52000183e+02, 6.73053513e+01, 1.44406952e+02, 7.06507111e+01,
    1.39629532e+02, 7.44041519e+01, 1.38228210e+02, 8.48887787e+01,
    1.29646820e+02, 8.41060257e+01, 1.25119560e+02, 9.13713531e+01,
    1.21909233e+02, 9.41259613e+01, 1.48296494e+02, 6.13325653e+01,
    1.45924301e+02, 6.75372238e+01, 1.39680527e+02, 7.25290527e+01,
    1.32891785e+02, 7.48943787e+01, 1.25721359e+02, 7.98283844e+01,
    1.21288345e+02, 8.39400864e+01, 1.22195679e+02, 9.13057175e+01,
    1.44282990e+02, 5.63165092e+01, 1.41576996e+02, 6.54675674e+01,
    1.34201569e+02, 6.62382278e+01, 1.29750000e+02, 7.07500000e+01,
    1.25721611e+02, 7.98283234e+01, 1.21288177e+02, 8.39400177e+01,
    1.17997787e+02, 8.57765121e+01 ]
