%YAML:1.0
---
points: [ 5.63399475e+02, 9.19302979e+01, 5.85087952e+02, 9.25665359e+01,
    5.85088013e+02, 9.25665283e+01, 6.08039307e+02, 9.32047043e+01,
    6.08039490e+02, 9.32046967e+01, 6.32161926e+02, 9.35918579e+01,
    6.32161987e+02, 9.35918579e+01, 5.72295715e+02, 1.07139160e+02,
    5.72295837e+02, 1.07139160e+02, 5.95449402e+02, 1.07858955e+02,
    5.95449402e+02, 1.07858963e+02, 6.18719421e+02, 1.08565918e+02,
    6.18719482e+02, 1.08565918e+02, 6.41108887e+02, 1.09458481e+02,
    5.62148438e+02, 1.21426453e+02, 5.83326599e+02, 1.22285622e+02,
    5.83326660e+02, 1.22285622e+02, 6.06715393e+02, 1.23226929e+02,
    6.06715454e+02, 1.23226936e+02, 6.29727661e+02, 1.24085922e+02,
    6.29727783e+02, 1.24085922e+02, 5.70497009e+02, 1.36348724e+02,
    5.70497070e+02, 1.36348724e+02, 5.93838440e+02, 1.37562042e+02,
    5.93838562e+02, 1.37562057e+02, 6.17233582e+02, 1.38692108e+02,
    6.17233704e+02, 1.38692108e+02, 6.38313843e+02, 1.39720245e+02,
    5.70240540e+02, 1.51707275e+02, 5.81514099e+02, 1.51737137e+02,
    5.81514160e+02, 1.51737137e+02, 6.05142395e+02, 1.53145157e+02,
    6.05142456e+02, 1.53145157e+02, 6.28272156e+02, 1.54219284e+02,
    6.28272217e+02, 1.54219284e+02, 5.69542786e+02, 1.65623917e+02,
    5.69542847e+02, 1.65623917e+02, 5.92422363e+02, 1.67199570e+02,
    5.92422424e+02, 1.67199570e+02, 6.15606018e+02, 1.68548431e+02,
    6.15606079e+02, 1.68548447e+02, 6.37599426e+02, 1.69773453e+02,
    5.60101074e+02, 1.79751343e+02, 5.80301941e+02, 1.81105957e+02,
    5.80302002e+02, 1.81105957e+02, 6.03091309e+02, 1.82336655e+02,
    6.03091492e+02, 1.82336670e+02, 6.26804504e+02, 1.83922684e+02,
    6.26804626e+02, 1.83922729e+02, 5.67913147e+02, 1.94599792e+02,
    5.67913391e+02, 1.94599823e+02, 5.90697937e+02, 1.96377945e+02,
    5.90697998e+02, 1.96377945e+02, 6.13485413e+02, 1.97761078e+02,
    6.13485474e+02, 1.97761093e+02, 6.34630981e+02, 1.99380615e+02,
    5.66681396e+02, 2.09683670e+02, 5.78374146e+02, 2.09918320e+02,
    5.78374207e+02, 2.09918335e+02, 6.01311218e+02, 2.11578842e+02,
    6.01311279e+02, 2.11578842e+02, 6.24484924e+02, 2.13415924e+02,
    6.24484985e+02, 2.13415924e+02 ]
