%YAML:1.0
---
points: [ 1.94048294e+02, 1.10116592e+02, 2.04393845e+02, 1.18168556e+02,
    2.08246521e+02, 1.23245819e+02, 2.12750000e+02, 1.27500000e+02,
    2.15925095e+02, 1.37652466e+02, 2.17272461e+02, 1.37676147e+02,
    2.22482239e+02, 1.42093948e+02, 1.96947464e+02, 1.22529037e+02,
    1.96919968e+02, 1.24277779e+02, 2.00824234e+02, 1.26756142e+02,
    2.08269897e+02, 1.32349014e+02, 2.15926422e+02, 1.37654617e+02,
    2.20385223e+02, 1.44038681e+02, 2.20385269e+02, 1.44038712e+02,
    1.94056839e+02, 1.24530060e+02, 1.93547272e+02, 1.26708733e+02,
    2.02319244e+02, 1.31052383e+02, 2.05377228e+02, 1.35461121e+02,
    2.06337585e+02, 1.39786896e+02, 2.13392548e+02, 1.45227295e+02,
    2.14071625e+02, 1.51510056e+02, 1.87195618e+02, 1.28293640e+02,
    1.91106644e+02, 1.32303162e+02, 1.94912186e+02, 1.37797882e+02,
    2.00299744e+02, 1.41197296e+02, 2.02577316e+02, 1.44035339e+02,
    2.12680206e+02, 1.53437271e+02, 2.12680191e+02, 1.53437317e+02,
    1.84203125e+02, 1.36050125e+02, 1.84160767e+02, 1.38040543e+02,
    1.88388214e+02, 1.40236465e+02, 1.98667358e+02, 1.46508072e+02,
    2.01837250e+02, 1.46235443e+02, 2.04187012e+02, 1.54718155e+02,
    2.06086899e+02, 1.59569534e+02, 1.81100418e+02, 1.38069839e+02,
    1.84160645e+02, 1.38040375e+02, 1.85156967e+02, 1.44566650e+02,
    1.91308899e+02, 1.50162216e+02, 1.97422226e+02, 1.56252991e+02,
    1.96933670e+02, 1.60597260e+02, 2.01909424e+02, 1.62684952e+02,
    1.74750000e+02, 1.41750000e+02, 1.79292404e+02, 1.46291260e+02,
    1.83256607e+02, 1.50242096e+02, 1.84899017e+02, 1.56222595e+02,
    1.93415039e+02, 1.57108215e+02, 1.98017288e+02, 1.62384064e+02,
    1.97702194e+02, 1.66712967e+02, 1.71814285e+02, 1.46875671e+02,
    1.77048996e+02, 1.48142212e+02, 1.80867996e+02, 1.58086807e+02,
    1.80867310e+02, 1.58087601e+02, 1.89546066e+02, 1.59781616e+02,
    1.94168625e+02, 1.71123764e+02, 1.94168915e+02, 1.71123734e+02,
    1.66076752e+02, 1.50436539e+02, 1.70502274e+02, 1.55370209e+02,
    1.77396347e+02, 1.57851822e+02, 1.81454391e+02, 1.62070114e+02,
    1.85887360e+02, 1.66696930e+02, 1.90452682e+02, 1.70937668e+02,
    1.97769287e+02, 1.82276093e+02 ]
