%YAML:1.0
---
points: [ 9.46556091e+02, 2.43238983e+02, 9.50201904e+02, 2.60146301e+02,
    9.53652771e+02, 2.77369751e+02, 9.57681702e+02, 2.94247009e+02,
    9.61101562e+02, 3.11652771e+02, 9.64755371e+02, 3.28745819e+02,
    9.68628845e+02, 3.45973907e+02, 9.28952820e+02, 2.46539398e+02,
    9.32487671e+02, 2.63740814e+02, 9.36538574e+02, 2.80557617e+02,
    9.39642090e+02, 2.97977386e+02, 9.43654419e+02, 3.15320862e+02,
    9.47283020e+02, 3.32444702e+02, 9.50575745e+02, 3.49708862e+02,
    9.11494995e+02, 2.50156876e+02, 9.15374207e+02, 2.67031891e+02,
    9.18581238e+02, 2.84334534e+02, 9.22451904e+02, 3.01556763e+02,
    9.25781982e+02, 3.18712952e+02, 9.29371704e+02, 3.36011749e+02,
    9.33250610e+02, 3.53170593e+02, 8.94146240e+02, 2.53654205e+02,
    8.97382629e+02, 2.70701324e+02, 9.01260437e+02, 2.87857483e+02,
    9.04554993e+02, 3.05006470e+02, 9.08160828e+02, 3.22439972e+02,
    9.11781311e+02, 3.39437744e+02, 9.15289124e+02, 3.56966339e+02,
    8.76350098e+02, 2.57149323e+02, 8.80224731e+02, 2.74191650e+02,
    8.83474304e+02, 2.91441772e+02, 8.86903442e+02, 3.08695770e+02,
    8.90533875e+02, 3.25656281e+02, 8.94057190e+02, 3.43285889e+02,
    8.97851501e+02, 3.60333008e+02, 8.58981018e+02, 2.60501160e+02,
    8.62107300e+02, 2.77500244e+02, 8.65749329e+02, 2.94841125e+02,
    8.69442444e+02, 3.12041443e+02, 8.72854431e+02, 3.29321960e+02,
    8.76434143e+02, 3.46371857e+02, 8.79823059e+02, 3.63700714e+02,
    8.41173035e+02, 2.64089752e+02, 8.44742920e+02, 2.81197632e+02,
    8.48215027e+02, 2.98200226e+02, 8.51651306e+02, 3.15551636e+02,
    8.55127136e+02, 3.32732544e+02, 8.58690979e+02, 3.49989258e+02,
    8.62217896e+02, 3.67031830e+02, 8.23690613e+02, 2.67426392e+02,
    8.27118774e+02, 2.84521881e+02, 8.30532410e+02, 3.02011230e+02,
    8.33795044e+02, 3.18746552e+02, 8.37562561e+02, 3.36179321e+02,
    8.40934204e+02, 3.53617188e+02, 8.44302551e+02, 3.70701233e+02,
    8.05758057e+02, 2.70712311e+02, 8.09410095e+02, 2.87814697e+02,
    8.12711975e+02, 3.05237610e+02, 8.16501587e+02, 3.22327576e+02,
    8.19798828e+02, 3.39983490e+02, 8.23064209e+02, 3.56845337e+02,
    8.26656738e+02, 3.74181427e+02 ]
