%YAML:1.0
---
points: [ 4.16017639e+02, 1.83770279e+02, 4.09671448e+02, 1.89260757e+02,
    4.02512604e+02, 1.92997879e+02, 3.96188568e+02, 1.98809937e+02,
    3.89500000e+02, 2.03500000e+02, 3.82698486e+02, 2.07844528e+02,
    3.75569122e+02, 2.11818802e+02, 4.13691925e+02, 1.78698685e+02,
    4.06696564e+02, 1.83133575e+02, 4.00153320e+02, 1.88081940e+02,
    3.93191772e+02, 1.92765091e+02, 3.86514923e+02, 1.97577805e+02,
    3.79708954e+02, 2.02349823e+02, 3.72811676e+02, 2.06887817e+02,
    4.10821533e+02, 1.72295425e+02, 4.04080322e+02, 1.77281967e+02,
    3.97210968e+02, 1.82209961e+02, 3.90367096e+02, 1.86916092e+02,
    3.83458679e+02, 1.91786392e+02, 3.76623230e+02, 1.96539734e+02,
    3.69751526e+02, 2.01222092e+02, 4.08037262e+02, 1.66288620e+02,
    4.00961212e+02, 1.70979858e+02, 3.94140869e+02, 1.75864685e+02,
    3.87202698e+02, 1.80903961e+02, 3.80238464e+02, 1.85651749e+02,
    3.73210846e+02, 1.90373840e+02, 3.66482178e+02, 1.95284607e+02,
    4.04831024e+02, 1.59400101e+02, 3.98009338e+02, 1.64766129e+02,
    3.90950867e+02, 1.69570694e+02, 3.83957916e+02, 1.74490295e+02,
    3.76877167e+02, 1.79317795e+02, 3.69943970e+02, 1.84183273e+02,
    3.62844330e+02, 1.88914246e+02, 4.01972473e+02, 1.53241760e+02,
    3.94761719e+02, 1.57965881e+02, 3.87785370e+02, 1.63136307e+02,
    3.80709503e+02, 1.68103531e+02, 3.73617523e+02, 1.73103928e+02,
    3.66537689e+02, 1.77940933e+02, 3.59516937e+02, 1.82847076e+02,
    3.98802002e+02, 1.46308350e+02, 3.91688019e+02, 1.51436523e+02,
    3.84526550e+02, 1.56508118e+02, 3.77349426e+02, 1.61431107e+02,
    3.70025757e+02, 1.66241898e+02, 3.63012238e+02, 1.71366364e+02,
    3.55794708e+02, 1.76394882e+02, 3.95575012e+02, 1.39348114e+02,
    3.88222015e+02, 1.44506866e+02, 3.81168610e+02, 1.49500687e+02,
    3.73867065e+02, 1.54725174e+02, 3.66663544e+02, 1.59739532e+02,
    3.59529694e+02, 1.65008606e+02, 3.52386017e+02, 1.69948456e+02,
    3.92310913e+02, 1.32609772e+02, 3.85058105e+02, 1.37524429e+02,
    3.77728607e+02, 1.43012466e+02, 3.70459808e+02, 1.47869354e+02,
    3.63131439e+02, 1.53239594e+02, 3.55899933e+02, 1.58117661e+02,
    3.48643372e+02, 1.63488510e+02 ]
