%YAML:1.0
---
points: [ 3.00165894e+02, 2.84101593e+02, 2.90251587e+02, 2.84350586e+02,
    2.80375916e+02, 2.84838776e+02, 2.70570648e+02, 2.85144135e+02,
    2.60743286e+02, 2.85418823e+02, 2.50946442e+02, 2.85830566e+02,
    2.41240280e+02, 2.86235443e+02, 2.99867249e+02, 2.75311371e+02,
    2.89819519e+02, 2.75688934e+02, 2.79817078e+02, 2.76081177e+02,
    2.69948578e+02, 2.76424591e+02, 2.60007538e+02, 2.76806458e+02,
    2.50233658e+02, 2.77202148e+02, 2.40416107e+02, 2.77526489e+02,
    2.99587616e+02, 2.66495789e+02, 2.89399841e+02, 2.66830872e+02,
    2.79362579e+02, 2.67202728e+02, 2.69319916e+02, 2.67593628e+02,
    2.59402954e+02, 2.68070190e+02, 2.49436951e+02, 2.68414673e+02,
    2.39555862e+02, 2.68779297e+02, 2.99193604e+02, 2.57364532e+02,
    2.89021240e+02, 2.57815063e+02, 2.78844452e+02, 2.58208221e+02,
    2.68746582e+02, 2.58624939e+02, 2.58739197e+02, 2.59040710e+02,
    2.48707291e+02, 2.59451447e+02, 2.38713211e+02, 2.59906677e+02,
    2.98903870e+02, 2.48191620e+02, 2.88595154e+02, 2.48593719e+02,
    2.78365143e+02, 2.49071014e+02, 2.68122131e+02, 2.49450256e+02,
    2.58021393e+02, 2.49861603e+02, 2.47921432e+02, 2.50343079e+02,
    2.37818771e+02, 2.50772995e+02, 2.98490295e+02, 2.38723251e+02,
    2.88157928e+02, 2.39228745e+02, 2.77823761e+02, 2.39685577e+02,
    2.67581787e+02, 2.40106018e+02, 2.57288940e+02, 2.40680038e+02,
    2.47140259e+02, 2.41030090e+02, 2.36960403e+02, 2.41441940e+02,
    2.98178009e+02, 2.29252335e+02, 2.87719696e+02, 2.29725433e+02,
    2.77303986e+02, 2.30201767e+02, 2.66922272e+02, 2.30655807e+02,
    2.56593384e+02, 2.31237747e+02, 2.46322983e+02, 2.31653549e+02,
    2.36053421e+02, 2.32047623e+02, 2.97911011e+02, 2.19520126e+02,
    2.87263031e+02, 2.19965805e+02, 2.76759216e+02, 2.20450546e+02,
    2.66216675e+02, 2.20987381e+02, 2.55855362e+02, 2.21486725e+02,
    2.45459503e+02, 2.21919586e+02, 2.35130478e+02, 2.22418228e+02,
    2.97487793e+02, 2.09510223e+02, 2.86874695e+02, 2.10083069e+02,
    2.76191284e+02, 2.10543060e+02, 2.65606201e+02, 2.11094742e+02,
    2.55186401e+02, 2.11623077e+02, 2.44684219e+02, 2.12195679e+02,
    2.34151779e+02, 2.12672150e+02 ]
