%YAML:1.0
---
points: [ 1.14752563e+03, 5.11509277e+02, 1.15476978e+03, 5.44861877e+02,
    1.16248425e+03, 5.78214111e+02, 1.17020093e+03, 6.12169250e+02,
    1.17774622e+03, 6.45987061e+02, 1.18585522e+03, 6.80485596e+02,
    1.19352844e+03, 7.14923950e+02, 1.11365930e+03, 5.19115845e+02,
    1.12119080e+03, 5.52025513e+02, 1.12847681e+03, 5.85430969e+02,
    1.13590686e+03, 6.18906067e+02, 1.14345593e+03, 6.52671936e+02,
    1.15106799e+03, 6.86869995e+02, 1.15886096e+03, 7.21344360e+02,
    1.08072583e+03, 5.26506165e+02, 1.08771863e+03, 5.59319031e+02,
    1.09513269e+03, 5.92316772e+02, 1.10212585e+03, 6.25641235e+02,
    1.10963293e+03, 6.59378967e+02, 1.11714465e+03, 6.93176270e+02,
    1.12455188e+03, 7.27564514e+02, 1.04817114e+03, 5.33658203e+02,
    1.05489600e+03, 5.66390564e+02, 1.06196069e+03, 5.99338928e+02,
    1.06923083e+03, 6.32513916e+02, 1.07618127e+03, 6.65801086e+02,
    1.08346143e+03, 6.99410889e+02, 1.09076453e+03, 7.33524170e+02,
    1.01579059e+03, 5.40753967e+02, 1.02253217e+03, 5.73446899e+02,
    1.02954395e+03, 6.06218201e+02, 1.03640015e+03, 6.39042419e+02,
    1.04335132e+03, 6.72103027e+02, 1.05019995e+03, 7.05659668e+02,
    1.05742126e+03, 7.39526550e+02, 9.84161743e+02, 5.47999329e+02,
    9.90691650e+02, 5.80391907e+02, 9.97218750e+02, 6.12839539e+02,
    1.00397015e+03, 6.45462097e+02, 1.01086865e+03, 6.78456726e+02,
    1.01764001e+03, 7.11835327e+02, 1.02441980e+03, 7.45428345e+02,
    9.52763123e+02, 5.55086853e+02, 9.59283630e+02, 5.87119385e+02,
    9.65663940e+02, 6.19394775e+02, 9.72294983e+02, 6.51834717e+02,
    9.79086426e+02, 6.84811890e+02, 9.85610718e+02, 7.17804871e+02,
    9.92295837e+02, 7.51105896e+02, 9.21911499e+02, 5.61901733e+02,
    9.28107971e+02, 5.93721741e+02, 9.34358459e+02, 6.26103210e+02,
    9.40940186e+02, 6.58457764e+02, 9.47552002e+02, 6.90828308e+02,
    9.53879211e+02, 7.23737610e+02, 9.60404663e+02, 7.56932434e+02,
    8.91370361e+02, 5.69066956e+02, 8.97365662e+02, 6.00564026e+02,
    9.03674255e+02, 6.32649841e+02, 9.09908142e+02, 6.64614075e+02,
    9.16353394e+02, 6.97091492e+02, 9.22613892e+02, 7.29634033e+02,
    9.28893799e+02, 7.62679138e+02 ]
