%YAML:1.0
---
points: [ 1.52467712e+03, 1.81896210e+02, 1.53646619e+03, 1.92378281e+02,
    1.54766528e+03, 2.03315536e+02, 1.55959375e+03, 2.13703094e+02,
    1.57082910e+03, 2.24709091e+02, 1.58266223e+03, 2.35326859e+02,
    1.59373401e+03, 2.46569733e+02, 1.51377417e+03, 1.91476578e+02,
    1.52491431e+03, 2.02298691e+02, 1.53655212e+03, 2.12545151e+02,
    1.54780505e+03, 2.23366211e+02, 1.55942615e+03, 2.33706985e+02,
    1.57061926e+03, 2.44648972e+02, 1.58203809e+03, 2.55494385e+02,
    1.50256665e+03, 2.01370224e+02, 1.51417358e+03, 2.11469284e+02,
    1.52510718e+03, 2.21959656e+02, 1.53663440e+03, 2.32336441e+02,
    1.54754419e+03, 2.42964645e+02, 1.55914160e+03, 2.53343567e+02,
    1.56992908e+03, 2.64403687e+02, 1.49248230e+03, 2.09709549e+02,
    1.50272083e+03, 2.21070206e+02, 1.51460315e+03, 2.30535019e+02,
    1.52499609e+03, 2.41597717e+02, 1.53669238e+03, 2.51323517e+02,
    1.54731519e+03, 2.62355408e+02, 1.55904126e+03, 2.72184387e+02,
    1.48083936e+03, 2.20248886e+02, 1.49310181e+03, 2.29152756e+02,
    1.50279150e+03, 2.40747879e+02, 1.51508411e+03, 2.49428543e+02,
    1.52483276e+03, 2.61266693e+02, 1.53669189e+03, 2.70172241e+02,
    1.54661353e+03, 2.81626740e+02, 1.47220996e+03, 2.26681229e+02,
    1.48029834e+03, 2.39857758e+02, 1.49373486e+03, 2.47725555e+02,
    1.50257654e+03, 2.59912354e+02, 1.51518848e+03, 2.67818970e+02,
    1.52465369e+03, 2.79851990e+02, 1.53636865e+03, 2.89454498e+02,
    1.45766064e+03, 2.38094406e+02, 1.47248767e+03, 2.47055878e+02,
    1.48092261e+03, 2.58627472e+02, 1.49461108e+03, 2.65456696e+02,
    1.50150647e+03, 2.78983063e+02, 1.51502148e+03, 2.87195343e+02,
    1.52162927e+03, 2.99202972e+02, 1.45284985e+03, 2.43423370e+02,
    1.45868579e+03, 2.57784393e+02, 1.47450696e+03, 2.63382294e+02,
    1.48052234e+03, 2.77011017e+02, 1.49355090e+03, 2.86261993e+02,
    1.49972046e+03, 2.96748871e+02, 1.51520215e+03, 3.05363861e+02,
    1.45187427e+03, 2.46465729e+02, 1.45709375e+03, 2.59661896e+02,
    1.46535193e+03, 2.71341125e+02, 1.48052332e+03, 2.77012970e+02,
    1.48551917e+03, 2.91012604e+02, 1.49540015e+03, 3.01028595e+02,
    1.50623254e+03, 3.11395050e+02 ]
