%YAML:1.0
---
points: [ 2.99423218e+02, 2.45842152e+01, 3.05672028e+02, 2.58313141e+01,
    3.12360718e+02, 2.74910679e+01, 3.18681549e+02, 2.87018356e+01,
    3.28252411e+02, 3.51838799e+01, 3.28252411e+02, 3.51838799e+01,
    3.37312195e+02, 3.25313721e+01, 2.98735138e+02, 3.11614952e+01,
    3.08681610e+02, 3.75247154e+01, 3.14739166e+02, 3.88908501e+01,
    3.19982300e+02, 3.92725372e+01, 3.27733063e+02, 4.14642639e+01,
    3.34530212e+02, 4.20623398e+01, 3.34530212e+02, 4.20623398e+01,
    3.02142853e+02, 4.25828094e+01, 3.02142853e+02, 4.25828094e+01,
    3.14297180e+02, 4.54476585e+01, 3.20462891e+02, 4.21545372e+01,
    3.21344788e+02, 4.67237167e+01, 3.34530182e+02, 4.20623360e+01,
    3.33334717e+02, 4.89434624e+01, 2.97866577e+02, 4.48660851e+01,
    3.07748505e+02, 4.66366463e+01, 3.07748505e+02, 4.66366463e+01,
    3.21344727e+02, 4.67237358e+01, 3.26360565e+02, 4.77843246e+01,
    3.33219879e+02, 5.57992935e+01, 3.33219879e+02, 5.57992935e+01,
    3.00404449e+02, 5.22845268e+01, 3.00404419e+02, 5.22845230e+01,
    3.13869354e+02, 5.44118805e+01, 3.14224792e+02, 5.77693443e+01,
    3.25752228e+02, 6.08787994e+01, 3.33219910e+02, 5.57993050e+01,
    3.33543762e+02, 5.81293221e+01, 2.96989899e+02, 6.29490318e+01,
    3.06336609e+02, 6.02794380e+01, 3.06770081e+02, 6.37857285e+01,
    3.20259277e+02, 6.21294098e+01, 3.20607819e+02, 6.57861710e+01,
    3.26096954e+02, 6.72412796e+01, 3.33217468e+02, 6.06731796e+01,
    2.99236908e+02, 6.58450928e+01, 3.03159210e+02, 6.62117767e+01,
    3.13456451e+02, 7.16799164e+01, 3.13456451e+02, 7.16799164e+01,
    3.26097015e+02, 6.72413025e+01, 3.31362915e+02, 6.83479156e+01,
    3.31612396e+02, 7.11694565e+01, 2.95972137e+02, 7.64235687e+01,
    3.05342041e+02, 7.35313034e+01, 3.05672302e+02, 7.71472397e+01,
    3.19099945e+02, 7.89328537e+01, 3.19099945e+02, 7.89328537e+01,
    3.32117249e+02, 7.46109390e+01, 3.31695923e+02, 8.06781998e+01,
    2.96290009e+02, 7.89494553e+01, 3.05672363e+02, 7.71472626e+01,
    3.05672363e+02, 7.71472626e+01, 3.11263367e+02, 8.13297424e+01,
    3.24959290e+02, 8.32316895e+01, 3.24959259e+02, 8.32317047e+01,
    3.31695862e+02, 8.06782455e+01 ]
