%YAML:1.0
---
points: [ 1.37248022e+03, 4.49783142e+02, 1.35243884e+03, 4.63556702e+02,
    1.33235376e+03, 4.77514496e+02, 1.31249609e+03, 4.91161804e+02,
    1.29258960e+03, 5.04903503e+02, 1.27283948e+03, 5.18565430e+02,
    1.25317761e+03, 5.32164001e+02, 1.36361340e+03, 4.31690735e+02,
    1.34343213e+03, 4.45869934e+02, 1.32332422e+03, 4.59697906e+02,
    1.30318457e+03, 4.73723907e+02, 1.28311816e+03, 4.87494171e+02,
    1.26311084e+03, 5.01395172e+02, 1.24313953e+03, 5.14932922e+02,
    1.35475256e+03, 4.13526764e+02, 1.33441687e+03, 4.27601410e+02,
    1.31387073e+03, 4.41947876e+02, 1.29358972e+03, 4.55779816e+02,
    1.27334143e+03, 4.69967743e+02, 1.25326965e+03, 4.83786255e+02,
    1.23318750e+03, 4.97827942e+02, 1.34579626e+03, 3.94842926e+02,
    1.32504285e+03, 4.09342743e+02, 1.30448804e+03, 4.23497772e+02,
    1.28386572e+03, 4.37784637e+02, 1.26349780e+03, 4.51923462e+02,
    1.24314246e+03, 4.66201294e+02, 1.22285132e+03, 4.80090454e+02,
    1.33646497e+03, 3.75814606e+02, 1.31554285e+03, 3.90256012e+02,
    1.29464990e+03, 4.04827637e+02, 1.27406982e+03, 4.19163147e+02,
    1.25341199e+03, 4.33581116e+02, 1.23287183e+03, 4.47785095e+02,
    1.21245325e+03, 4.62134399e+02, 1.32705713e+03, 3.56278259e+02,
    1.30580908e+03, 3.71131195e+02, 1.28481116e+03, 3.85608521e+02,
    1.26385229e+03, 4.00365356e+02, 1.24312231e+03, 4.14722534e+02,
    1.22236584e+03, 4.29370911e+02, 1.20175415e+03, 4.43670135e+02,
    1.31726099e+03, 3.36411011e+02, 1.29588464e+03, 3.51195496e+02,
    1.27464795e+03, 3.66244263e+02, 1.25367224e+03, 3.80912659e+02,
    1.23258582e+03, 3.95686188e+02, 1.21166211e+03, 4.10320190e+02,
    1.19079614e+03, 4.25092285e+02, 1.30736938e+03, 3.15969971e+02,
    1.28571509e+03, 3.31305817e+02, 1.26442444e+03, 3.46149231e+02,
    1.24313049e+03, 3.61298279e+02, 1.22193066e+03, 3.76116028e+02,
    1.20074976e+03, 3.91082397e+02, 1.17984644e+03, 4.05769745e+02,
    1.29706714e+03, 2.95346466e+02, 1.27551318e+03, 3.10536682e+02,
    1.25380920e+03, 3.25937073e+02, 1.23241333e+03, 3.40927734e+02,
    1.21095801e+03, 3.56286591e+02, 1.18974524e+03, 3.71266693e+02,
    1.16849377e+03, 3.86320801e+02 ]
