%YAML:1.0
---
points: [ 2.58711792e+02, 1.12821632e+02, 2.64368622e+02, 1.11739151e+02,
    2.60382294e+02, 1.18690323e+02, 2.62763367e+02, 1.30345551e+02,
    2.63918732e+02, 1.35873352e+02, 2.65350983e+02, 1.42257889e+02,
    2.65350922e+02, 1.42257919e+02, 2.52820465e+02, 1.14052399e+02,
    2.54454437e+02, 1.19875671e+02, 2.54454437e+02, 1.19875671e+02,
    2.57025940e+02, 1.31583160e+02, 2.63918671e+02, 1.35873352e+02,
    2.59803070e+02, 1.43295288e+02, 2.59803070e+02, 1.43295319e+02,
    2.52820435e+02, 1.14052391e+02, 2.48396103e+02, 1.21098228e+02,
    2.48396133e+02, 1.21098244e+02, 2.57025848e+02, 1.31583176e+02,
    2.58063721e+02, 1.37615860e+02, 2.53755646e+02, 1.44522415e+02,
    2.53755615e+02, 1.44522446e+02, 2.47300995e+02, 1.15555214e+02,
    2.42583984e+02, 1.22159012e+02, 2.42584015e+02, 1.22159027e+02,
    2.49881470e+02, 1.26434273e+02, 2.52584335e+02, 1.38850739e+02,
    2.52584335e+02, 1.38850769e+02, 2.53755615e+02, 1.44522446e+02,
    2.41073944e+02, 1.16766830e+02, 2.35340683e+02, 1.17453995e+02,
    2.36858200e+02, 1.23355988e+02, 2.44437866e+02, 1.34076508e+02,
    2.40293961e+02, 1.40953705e+02, 2.42108673e+02, 1.47208481e+02,
    2.42108673e+02, 1.47208481e+02, 2.29244873e+02, 1.18557465e+02,
    2.35340652e+02, 1.17453979e+02, 2.30654617e+02, 1.25046700e+02,
    2.39131912e+02, 1.35443207e+02, 2.40293930e+02, 1.40953720e+02,
    2.35763611e+02, 1.48088577e+02, 2.42108643e+02, 1.47208466e+02,
    2.29244904e+02, 1.18557480e+02, 2.24822906e+02, 1.26172569e+02,
    2.25747604e+02, 1.31564056e+02, 2.32595261e+02, 1.36433762e+02,
    2.32595291e+02, 1.36433777e+02, 2.28234222e+02, 1.43260345e+02,
    2.29830627e+02, 1.49136185e+02, 2.17234543e+02, 1.20862251e+02,
    2.17234543e+02, 1.20862259e+02, 2.25747574e+02, 1.31564087e+02,
    2.27079803e+02, 1.37692352e+02, 2.28234192e+02, 1.43260330e+02,
    2.28234192e+02, 1.43260330e+02, 2.23403152e+02, 1.50447205e+02,
    2.17234512e+02, 1.20862259e+02, 2.17234512e+02, 1.20862259e+02,
    2.19648148e+02, 1.33111633e+02, 2.20700592e+02, 1.39001450e+02,
    2.21962189e+02, 1.44249863e+02, 2.21962189e+02, 1.44249863e+02,
    2.20910202e+02, 1.53862152e+02 ]
