%YAML:1.0
---
points: [ 1.21952307e+03, 5.35122742e+02, 1.22828369e+03, 5.66148560e+02,
    1.23677856e+03, 5.96936401e+02, 1.24541772e+03, 6.27709290e+02,
    1.25423193e+03, 6.58508667e+02, 1.26284998e+03, 6.89253418e+02,
    1.27147107e+03, 7.19787415e+02, 1.18834534e+03, 5.42906738e+02,
    1.19666235e+03, 5.73357178e+02, 1.20535767e+03, 6.03653625e+02,
    1.21375623e+03, 6.34148071e+02, 1.22235693e+03, 6.64546387e+02,
    1.23087585e+03, 6.95028137e+02, 1.23932446e+03, 7.25492310e+02,
    1.15765198e+03, 5.50272339e+02, 1.16600208e+03, 5.80520996e+02,
    1.17449902e+03, 6.10454163e+02, 1.18288635e+03, 6.40593750e+02,
    1.19144629e+03, 6.70537231e+02, 1.19990979e+03, 7.00575867e+02,
    1.20837585e+03, 7.30607056e+02, 1.12788379e+03, 5.57626892e+02,
    1.13620935e+03, 5.87266602e+02, 1.14443481e+03, 6.17197937e+02,
    1.15269482e+03, 6.46625610e+02, 1.16113025e+03, 6.76433655e+02,
    1.16955017e+03, 7.06281433e+02, 1.17772363e+03, 7.35867676e+02,
    1.09876721e+03, 5.64856567e+02, 1.10690686e+03, 5.94240601e+02,
    1.11515759e+03, 6.23445740e+02, 1.12330945e+03, 6.52742188e+02,
    1.13146277e+03, 6.81961243e+02, 1.13974792e+03, 7.11570862e+02,
    1.14810669e+03, 7.40832825e+02, 1.07021387e+03, 5.71777161e+02,
    1.07846350e+03, 6.00775940e+02, 1.08640417e+03, 6.29727295e+02,
    1.09460364e+03, 6.58789124e+02, 1.10258948e+03, 6.87725525e+02,
    1.11089062e+03, 7.16743774e+02, 1.11881030e+03, 7.45725708e+02,
    1.04258594e+03, 5.78490356e+02, 1.05053442e+03, 6.07306763e+02,
    1.05856018e+03, 6.35712585e+02, 1.06662073e+03, 6.64533752e+02,
    1.07458289e+03, 6.93081848e+02, 1.08273706e+03, 7.21874390e+02,
    1.09082605e+03, 7.50487793e+02, 1.01557001e+03, 5.85117310e+02,
    1.02340875e+03, 6.13503845e+02, 1.03147961e+03, 6.41786194e+02,
    1.03935144e+03, 6.70328186e+02, 1.04740674e+03, 6.98482666e+02,
    1.05531458e+03, 7.26850220e+02, 1.06340442e+03, 7.55233215e+02,
    9.88870483e+02, 5.91790649e+02, 9.96658020e+02, 6.19727234e+02,
    1.00457983e+03, 6.47705688e+02, 1.01244434e+03, 6.75763794e+02,
    1.02034753e+03, 7.03615417e+02, 1.02832300e+03, 7.31722351e+02,
    1.03628345e+03, 7.59898987e+02 ]
