%YAML:1.0
---
points: [ 1.07471484e+03, 2.89722534e+02, 1.07383545e+03, 3.03400543e+02,
    1.07291370e+03, 3.16952301e+02, 1.07187219e+03, 3.30535065e+02,
    1.07091602e+03, 3.44169250e+02, 1.07013965e+03, 3.57705444e+02,
    1.06932495e+03, 3.71423798e+02, 1.06089807e+03, 2.88614624e+02,
    1.05980737e+03, 3.02466400e+02, 1.05910657e+03, 3.16054779e+02,
    1.05821741e+03, 3.29614960e+02, 1.05724109e+03, 3.43583008e+02,
    1.05632983e+03, 3.56730682e+02, 1.05523291e+03, 3.72497925e+02,
    1.04721948e+03, 2.87792267e+02, 1.04628296e+03, 3.01738037e+02,
    1.04522363e+03, 3.15058685e+02, 1.04433752e+03, 3.28688019e+02,
    1.04338147e+03, 3.42330200e+02, 1.04249426e+03, 3.55694794e+02,
    1.04147546e+03, 3.69582642e+02, 1.03336267e+03, 2.87244110e+02,
    1.03246643e+03, 3.00552612e+02, 1.03151318e+03, 3.14151001e+02,
    1.03041345e+03, 3.27756226e+02, 1.02946509e+03, 3.41280762e+02,
    1.02845984e+03, 3.54955292e+02, 1.02753613e+03, 3.68710327e+02,
    1.01950293e+03, 2.86208801e+02, 1.01857892e+03, 2.99636200e+02,
    1.01761658e+03, 3.13231140e+02, 1.01666351e+03, 3.26997314e+02,
    1.01570343e+03, 3.40378235e+02, 1.01465552e+03, 3.54255829e+02,
    1.01359961e+03, 3.67439240e+02, 1.00585785e+03, 2.85446198e+02,
    1.00480286e+03, 2.98594543e+02, 1.00383179e+03, 3.12200012e+02,
    1.00274243e+03, 3.25737091e+02, 1.00176685e+03, 3.39261932e+02,
    1.00089777e+03, 3.52947144e+02, 9.99921936e+02, 3.66206146e+02,
    9.92039734e+02, 2.84248108e+02, 9.91173401e+02, 2.97463287e+02,
    9.90058167e+02, 3.11289673e+02, 9.89247314e+02, 3.24630920e+02,
    9.87913208e+02, 3.38436981e+02, 9.87092468e+02, 3.51688416e+02,
    9.86038269e+02, 3.65433502e+02, 9.78415283e+02, 2.83428375e+02,
    9.77234680e+02, 2.96641174e+02, 9.76217834e+02, 3.10343781e+02,
    9.75246826e+02, 3.23710297e+02, 9.74337524e+02, 3.37482697e+02,
    9.73383850e+02, 3.50757263e+02, 9.72260620e+02, 3.64556305e+02,
    9.64538147e+02, 2.82272736e+02, 9.63672913e+02, 2.95697754e+02,
    9.62573120e+02, 3.09266724e+02, 9.61513489e+02, 3.22836334e+02,
    9.60362305e+02, 3.36336700e+02, 9.59485779e+02, 3.49721130e+02,
    9.58478210e+02, 3.63404083e+02 ]
