%YAML:1.0
---
points: [ 8.92877930e+02, 2.71120880e+02, 9.09535583e+02, 2.77981445e+02,
    9.25629211e+02, 2.84879517e+02, 9.41907166e+02, 2.91288177e+02,
    9.57491089e+02, 2.97934082e+02, 9.73369263e+02, 3.04289917e+02,
    9.88518616e+02, 3.10461182e+02, 8.88896790e+02, 2.89149292e+02,
    9.05195312e+02, 2.96157928e+02, 9.21794067e+02, 3.02590149e+02,
    9.37569519e+02, 3.09136780e+02, 9.53662537e+02, 3.15384247e+02,
    9.69246338e+02, 3.21710083e+02, 9.84760864e+02, 3.27634583e+02,
    8.84495667e+02, 3.07356750e+02, 9.01325562e+02, 3.13841095e+02,
    9.17562378e+02, 3.20360168e+02, 9.33594177e+02, 3.26528351e+02,
    9.49534424e+02, 3.33002655e+02, 9.65358582e+02, 3.38756744e+02,
    9.80627747e+02, 3.45116333e+02, 8.80296326e+02, 3.25463074e+02,
    8.96799255e+02, 3.31954010e+02, 9.13367615e+02, 3.38004883e+02,
    9.29535889e+02, 3.44514008e+02, 9.45538635e+02, 3.50370392e+02,
    9.61406189e+02, 3.56441711e+02, 9.76721191e+02, 3.62229706e+02,
    8.75782471e+02, 3.43762726e+02, 8.92601746e+02, 3.49838501e+02,
    9.09034241e+02, 3.56266296e+02, 9.25473267e+02, 3.62213287e+02,
    9.41527649e+02, 3.68250671e+02, 9.57523071e+02, 3.73912689e+02,
    9.72776428e+02, 3.79831512e+02, 8.71495361e+02, 3.61842712e+02,
    8.88379761e+02, 3.68167328e+02, 9.05192871e+02, 3.74179291e+02,
    9.21347107e+02, 3.80253906e+02, 9.37697388e+02, 3.85697235e+02,
    9.53401489e+02, 3.91655884e+02, 9.69276550e+02, 3.97194244e+02,
    8.67309692e+02, 3.80392365e+02, 8.84393921e+02, 3.86192566e+02,
    9.00735474e+02, 3.92274902e+02, 9.17443481e+02, 3.97855408e+02,
    9.33588867e+02, 4.03528381e+02, 9.49534912e+02, 4.09117371e+02,
    9.65354248e+02, 4.14479767e+02, 8.63247620e+02, 3.98676208e+02,
    8.79946350e+02, 4.04512268e+02, 8.96778442e+02, 4.10204865e+02,
    9.13265076e+02, 4.15834259e+02, 9.29480896e+02, 4.21317474e+02,
    9.45566772e+02, 4.26799042e+02, 9.61376343e+02, 4.31886444e+02,
    8.58654297e+02, 4.17209839e+02, 8.75859436e+02, 4.22554321e+02,
    8.92603760e+02, 4.28457336e+02, 9.09264526e+02, 4.33627930e+02,
    9.25534363e+02, 4.39324463e+02, 9.41779724e+02, 4.44414062e+02,
    9.57426880e+02, 4.49754608e+02 ]
