%YAML:1.0
---
points: [ 2.41978348e+02, 1.50983047e+02, 2.52384155e+02, 1.51131378e+02,
    2.62700562e+02, 1.51420151e+02, 2.73115082e+02, 1.51466507e+02,
    2.83634827e+02, 1.51616028e+02, 2.94259552e+02, 1.51684219e+02,
    3.04824127e+02, 1.51891647e+02, 2.42127487e+02, 1.61402679e+02,
    2.52411819e+02, 1.61573853e+02, 2.62656403e+02, 1.61728455e+02,
    2.72922974e+02, 1.61924759e+02, 2.83344543e+02, 1.62133499e+02,
    2.93825897e+02, 1.62310318e+02, 3.04331177e+02, 1.62407410e+02,
    2.42237137e+02, 1.71594543e+02, 2.52425583e+02, 1.71744202e+02,
    2.62600098e+02, 1.71948807e+02, 2.72804565e+02, 1.72233765e+02,
    2.83065552e+02, 1.72422302e+02, 2.93392365e+02, 1.72617996e+02,
    3.03871429e+02, 1.72778503e+02, 2.42449554e+02, 1.81555008e+02,
    2.52400330e+02, 1.81716034e+02, 2.62567566e+02, 1.81940918e+02,
    2.72661224e+02, 1.82234711e+02, 2.82875153e+02, 1.82470215e+02,
    2.93083282e+02, 1.82677277e+02, 3.03455688e+02, 1.82844116e+02,
    2.42535339e+02, 1.91354736e+02, 2.52491623e+02, 1.91606628e+02,
    2.62419556e+02, 1.91785294e+02, 2.72493591e+02, 1.92207947e+02,
    2.82646881e+02, 1.92467621e+02, 2.92777191e+02, 1.92692535e+02,
    3.03022888e+02, 1.92872070e+02, 2.42633148e+02, 2.00943451e+02,
    2.52505676e+02, 2.01279022e+02, 2.62396759e+02, 2.01567719e+02,
    2.72316254e+02, 2.01847076e+02, 2.82330780e+02, 2.02194183e+02,
    2.92453827e+02, 2.02460114e+02, 3.02556946e+02, 2.02698730e+02,
    2.42750916e+02, 2.10523178e+02, 2.52563736e+02, 2.10741989e+02,
    2.62315338e+02, 2.11070053e+02, 2.72203949e+02, 2.11458481e+02,
    2.82075317e+02, 2.11718018e+02, 2.92101532e+02, 2.12040390e+02,
    3.02139252e+02, 2.12338562e+02, 2.42785141e+02, 2.19812790e+02,
    2.52603958e+02, 2.20112442e+02, 2.62256195e+02, 2.20442200e+02,
    2.72018280e+02, 2.20675964e+02, 2.81911224e+02, 2.21048676e+02,
    2.91844666e+02, 2.21445953e+02, 3.01835052e+02, 2.21758652e+02,
    2.42822205e+02, 2.28944916e+02, 2.52593353e+02, 2.29327911e+02,
    2.62124268e+02, 2.29644165e+02, 2.71919891e+02, 2.29952820e+02,
    2.81728302e+02, 2.30331314e+02, 2.91548279e+02, 2.30696091e+02,
    3.01415405e+02, 2.31041855e+02 ]
