%YAML:1.0
---
points: [ 1.41648462e+03, 2.48906021e+02, 1.39661707e+03, 2.69408630e+02,
    1.37685803e+03, 2.89613434e+02, 1.35729700e+03, 3.09627075e+02,
    1.33807837e+03, 3.29466370e+02, 1.31897449e+03, 3.48929596e+02,
    1.30016357e+03, 3.68207306e+02, 1.40231531e+03, 2.32249100e+02,
    1.38228149e+03, 2.53079620e+02, 1.36236670e+03, 2.73548218e+02,
    1.34266687e+03, 2.93791748e+02, 1.32332141e+03, 3.13938873e+02,
    1.30406702e+03, 3.33670410e+02, 1.28498450e+03, 3.53270203e+02,
    1.38775842e+03, 2.15159912e+02, 1.36756995e+03, 2.36278442e+02,
    1.34754321e+03, 2.57174408e+02, 1.32784070e+03, 2.77684357e+02,
    1.30831555e+03, 2.98089172e+02, 1.28886206e+03, 3.18249084e+02,
    1.26976221e+03, 3.38041016e+02, 1.37309827e+03, 1.97604599e+02,
    1.35266565e+03, 2.19179565e+02, 1.33255322e+03, 2.40326569e+02,
    1.31263330e+03, 2.61287842e+02, 1.29292224e+03, 2.82008270e+02,
    1.27349609e+03, 3.02416870e+02, 1.25434717e+03, 3.22569336e+02,
    1.35784265e+03, 1.79745819e+02, 1.33732947e+03, 2.01460098e+02,
    1.31707336e+03, 2.23132111e+02, 1.29707214e+03, 2.44396729e+02,
    1.27731677e+03, 2.65386200e+02, 1.25759558e+03, 2.86161652e+02,
    1.23837268e+03, 3.06673920e+02, 1.34236157e+03, 1.61383453e+02,
    1.32166833e+03, 1.83547272e+02, 1.30129578e+03, 2.05450562e+02,
    1.28120081e+03, 2.27106567e+02, 1.26125830e+03, 2.48476425e+02,
    1.24149573e+03, 2.69601776e+02, 1.22208276e+03, 2.90496796e+02,
    1.32645337e+03, 1.42571915e+02, 1.30561633e+03, 1.65136871e+02,
    1.28514648e+03, 1.87475311e+02, 1.26483398e+03, 2.09476471e+02,
    1.24483643e+03, 2.31265411e+02, 1.22509509e+03, 2.52675232e+02,
    1.20551770e+03, 2.73915283e+02, 1.31011743e+03, 1.23374245e+02,
    1.28927380e+03, 1.46379318e+02, 1.26854016e+03, 1.68962082e+02,
    1.24828369e+03, 1.91379578e+02, 1.22817798e+03, 2.13519653e+02,
    1.20838000e+03, 2.35368591e+02, 1.18862695e+03, 2.56968109e+02,
    1.29339502e+03, 1.03693604e+02, 1.27243921e+03, 1.26952843e+02,
    1.25168762e+03, 1.50145386e+02, 1.23125439e+03, 1.72764053e+02,
    1.21099097e+03, 1.95386230e+02, 1.19107971e+03, 2.17608185e+02,
    1.17142859e+03, 2.39532761e+02 ]
