%YAML:1.0
---
points: [ 4.31729584e+02, 1.16940613e+02, 4.25363586e+02, 1.24013237e+02,
    4.18742035e+02, 1.30539642e+02, 4.12296326e+02, 1.37395004e+02,
    4.05753571e+02, 1.43795044e+02, 3.99327118e+02, 1.50659637e+02,
    3.92961975e+02, 1.56929123e+02, 4.27510864e+02, 1.11647781e+02,
    4.20705475e+02, 1.18417702e+02, 4.14224457e+02, 1.25133072e+02,
    4.07631195e+02, 1.32086029e+02, 4.01109100e+02, 1.38746796e+02,
    3.94622437e+02, 1.45391602e+02, 3.88125916e+02, 1.51971588e+02,
    4.22697083e+02, 1.05706177e+02, 4.16125885e+02, 1.12730515e+02,
    4.09450562e+02, 1.19671478e+02, 4.02810974e+02, 1.26522316e+02,
    3.96171631e+02, 1.33320908e+02, 3.89684998e+02, 1.40110123e+02,
    3.83125366e+02, 1.46873917e+02, 4.18043243e+02, 9.99298782e+01,
    4.11204315e+02, 1.06926445e+02, 4.04615417e+02, 1.14012856e+02,
    3.97924713e+02, 1.21020309e+02, 3.91236633e+02, 1.27905457e+02,
    3.84592224e+02, 1.34805588e+02, 3.77966980e+02, 1.41470352e+02,
    4.13140015e+02, 9.38497849e+01, 4.06351318e+02, 1.00973846e+02,
    3.99514618e+02, 1.08161156e+02, 3.92793335e+02, 1.15217438e+02,
    3.86016235e+02, 1.22263054e+02, 3.79404785e+02, 1.29216949e+02,
    3.72767822e+02, 1.36193481e+02, 4.08104980e+02, 8.77473602e+01,
    4.01173126e+02, 9.48977280e+01, 3.94387817e+02, 1.02168365e+02,
    3.87465851e+02, 1.09375832e+02, 3.80818359e+02, 1.16497429e+02,
    3.74143524e+02, 1.23641830e+02, 3.67470367e+02, 1.30595871e+02,
    4.02807953e+02, 8.12488556e+01, 3.96028931e+02, 8.87390823e+01,
    3.89031677e+02, 9.60694351e+01, 3.82316223e+02, 1.03366035e+02,
    3.75451569e+02, 1.10679115e+02, 3.68755554e+02, 1.17851929e+02,
    3.62003326e+02, 1.24980087e+02, 3.97601318e+02, 7.49848785e+01,
    3.90537354e+02, 8.23261414e+01, 3.83743469e+02, 8.98661346e+01,
    3.76826111e+02, 9.72356567e+01, 3.70036224e+02, 1.04656174e+02,
    3.63205963e+02, 1.12008217e+02, 3.56500641e+02, 1.19215645e+02,
    3.92059174e+02, 6.82411957e+01, 3.85194275e+02, 7.59681702e+01,
    3.78152435e+02, 8.35051193e+01, 3.71289246e+02, 9.10734634e+01,
    3.64344513e+02, 9.86123581e+01, 3.57576660e+02, 1.05926231e+02,
    3.50708893e+02, 1.13415009e+02 ]
