%YAML:1.0
---
points: [ 3.31342072e+02, 8.18477325e+01, 3.25991974e+02, 8.73015137e+01,
    3.20882416e+02, 9.20737839e+01, 3.15115265e+02, 9.73184738e+01,
    3.10308411e+02, 1.01839775e+02, 3.05108551e+02, 1.07106201e+02,
    3.02042694e+02, 1.10663185e+02, 3.27024750e+02, 7.64403076e+01,
    3.21567993e+02, 8.16410751e+01, 3.16554749e+02, 8.66887054e+01,
    3.11195068e+02, 9.19070435e+01, 3.06847198e+02, 9.69205780e+01,
    3.01444733e+02, 1.01882111e+02, 3.00654510e+02, 1.06226387e+02,
    3.22422699e+02, 7.07327957e+01, 3.17357513e+02, 7.61314011e+01,
    3.11976440e+02, 8.12775116e+01, 3.06864288e+02, 8.63628845e+01,
    3.02008514e+02, 9.14490051e+01, 2.99270844e+02, 9.65823441e+01,
    2.94196228e+02, 1.01140396e+02, 3.18277466e+02, 6.51223526e+01,
    3.12530945e+02, 7.03821106e+01, 3.08160156e+02, 7.59770813e+01,
    3.02388336e+02, 8.09807129e+01, 2.97692871e+02, 8.61340485e+01,
    2.90870117e+02, 9.20453568e+01, 2.90811920e+02, 9.59513626e+01,
    3.13455383e+02, 5.95618744e+01, 3.08488129e+02, 6.50955734e+01,
    3.04640930e+02, 7.03518677e+01, 2.98776001e+02, 7.56310196e+01,
    2.91491577e+02, 7.99117508e+01, 2.91005890e+02, 8.61472778e+01,
    2.85656586e+02, 9.05068207e+01, 3.09168304e+02, 5.40620079e+01,
    3.04723175e+02, 5.96058006e+01, 2.98881805e+02, 6.51048737e+01,
    2.95751038e+02, 7.03992462e+01, 2.88672211e+02, 7.53069916e+01,
    2.83209229e+02, 8.06127930e+01, 2.80627838e+02, 8.49514008e+01,
    3.04612366e+02, 4.85323753e+01, 2.99563538e+02, 5.40245476e+01,
    2.94710968e+02, 5.93602104e+01, 2.89073090e+02, 6.49992142e+01,
    2.85059052e+02, 6.99655685e+01, 2.77897705e+02, 7.98496170e+01,
    2.77897583e+02, 7.98495483e+01, 3.00458160e+02, 4.32340660e+01,
    2.95137543e+02, 4.85492249e+01, 2.90533051e+02, 5.40548935e+01,
    2.85278595e+02, 5.93686447e+01, 2.85059052e+02, 6.99655685e+01,
    2.75174377e+02, 6.96407394e+01, 2.75877411e+02, 7.60799637e+01,
    2.96146210e+02, 3.79880524e+01, 2.91916321e+02, 4.40733871e+01,
    2.87115173e+02, 4.90449905e+01, 2.83442993e+02, 5.43400459e+01,
    2.78395599e+02, 5.96800385e+01, 2.71994507e+02, 6.49483109e+01,
    2.71427765e+02, 6.95119171e+01 ]
