%YAML:1.0
---
points: [ 2.46424072e+02, 1.17406792e+02, 2.51353088e+02, 1.24870110e+02,
    2.51353088e+02, 1.24870110e+02, 2.57016266e+02, 1.27733932e+02,
    2.62096710e+02, 1.29982285e+02, 2.72760071e+02, 1.34919098e+02,
    2.72760071e+02, 1.34919098e+02, 2.44265259e+02, 1.29735962e+02,
    2.49983826e+02, 1.31732925e+02, 2.49983826e+02, 1.31732925e+02,
    2.61106659e+02, 1.35684174e+02, 2.61106659e+02, 1.35684174e+02,
    2.71456635e+02, 1.40030212e+02, 2.71456635e+02, 1.40030212e+02,
    2.44265228e+02, 1.29736038e+02, 2.44265228e+02, 1.29736038e+02,
    2.49983795e+02, 1.31732971e+02, 2.61106628e+02, 1.35684235e+02,
    2.66203613e+02, 1.38084671e+02, 2.71456573e+02, 1.40030273e+02,
    2.71456573e+02, 1.40030273e+02, 2.41748032e+02, 1.40827240e+02,
    2.48813568e+02, 1.37377670e+02, 2.54328415e+02, 1.39548050e+02,
    2.58064789e+02, 1.47703354e+02, 2.63430756e+02, 1.50711746e+02,
    2.69093933e+02, 1.52328201e+02, 2.69093933e+02, 1.52328201e+02,
    2.41748032e+02, 1.40827240e+02, 2.47570572e+02, 1.43401428e+02,
    2.53153244e+02, 1.45859909e+02, 2.58064819e+02, 1.47703400e+02,
    2.62401917e+02, 1.55804916e+02, 2.69093903e+02, 1.52328262e+02,
    2.69093903e+02, 1.52328262e+02, 2.38438370e+02, 1.54102676e+02,
    2.39852112e+02, 1.48098389e+02, 2.50103912e+02, 1.58115021e+02,
    2.57614044e+02, 1.53896317e+02, 2.62401886e+02, 1.55804947e+02,
    2.62401886e+02, 1.55804947e+02, 2.67608368e+02, 1.56937225e+02,
    2.38438339e+02, 1.54102753e+02, 2.36977386e+02, 1.61011444e+02,
    2.43083817e+02, 1.62837799e+02, 2.56074951e+02, 1.60066452e+02,
    2.61279144e+02, 1.61715561e+02, 2.66186340e+02, 1.63798035e+02,
    2.66186340e+02, 1.63798035e+02, 2.35681702e+02, 1.66403458e+02,
    2.35681702e+02, 1.66403458e+02, 2.48872665e+02, 1.64362381e+02,
    2.54544357e+02, 1.65651718e+02, 2.60118286e+02, 1.67756699e+02,
    2.60118286e+02, 1.67756699e+02, 2.65230804e+02, 1.69491348e+02,
    2.35681671e+02, 1.66403519e+02, 2.42015671e+02, 1.68067474e+02,
    2.47104095e+02, 1.70566360e+02, 2.47104095e+02, 1.70566360e+02,
    2.58485718e+02, 1.73907898e+02, 2.64036377e+02, 1.75644867e+02,
    2.63051544e+02, 1.81092529e+02 ]
