%YAML:1.0
---
points: [ 2.49109238e+02, 7.12036972e+01, 2.59566772e+02, 7.16595154e+01,
    2.70114777e+02, 7.25002518e+01, 2.80587830e+02, 7.32079163e+01,
    2.91224365e+02, 7.40265579e+01, 3.01925995e+02, 7.45784225e+01,
    3.12691254e+02, 7.53810501e+01, 2.48573349e+02, 8.22028809e+01,
    2.58853088e+02, 8.31188126e+01, 2.69257996e+02, 8.37345810e+01,
    2.79629791e+02, 8.47246628e+01, 2.90661682e+02, 8.54377365e+01,
    3.01067993e+02, 8.58316727e+01, 3.11383240e+02, 8.65689545e+01,
    2.47908081e+02, 9.33401794e+01, 2.58223907e+02, 9.41538391e+01,
    2.68521149e+02, 9.47796783e+01, 2.78792511e+02, 9.55505753e+01,
    2.89106842e+02, 9.62088089e+01, 2.99772552e+02, 9.72078552e+01,
    3.10085602e+02, 9.77583466e+01, 2.47441086e+02, 1.04146210e+02,
    2.57572784e+02, 1.05037483e+02, 2.67680145e+02, 1.05616806e+02,
    2.77863007e+02, 1.06400826e+02, 2.88224030e+02, 1.07194595e+02,
    2.98554443e+02, 1.07953911e+02, 3.09081421e+02, 1.08558563e+02,
    2.46762741e+02, 1.14763084e+02, 2.56823486e+02, 1.15514915e+02,
    2.66867126e+02, 1.16347916e+02, 2.77057068e+02, 1.17181610e+02,
    2.87241699e+02, 1.17885880e+02, 2.97496307e+02, 1.18553925e+02,
    3.07746094e+02, 1.19367722e+02, 2.46261917e+02, 1.25245728e+02,
    2.56208221e+02, 1.26014870e+02, 2.66200500e+02, 1.26775192e+02,
    2.76140137e+02, 1.27547684e+02, 2.86260284e+02, 1.28373337e+02,
    2.96315613e+02, 1.29154343e+02, 3.06592377e+02, 1.29874695e+02,
    2.45757324e+02, 1.35439407e+02, 2.55608505e+02, 1.36181061e+02,
    2.65421570e+02, 1.37074860e+02, 2.75349243e+02, 1.37693085e+02,
    2.85288239e+02, 1.38595490e+02, 2.95303467e+02, 1.39366974e+02,
    3.05396301e+02, 1.40189148e+02, 2.45254745e+02, 1.45402252e+02,
    2.54862885e+02, 1.46118088e+02, 2.64759308e+02, 1.46994263e+02,
    2.74536346e+02, 1.47774811e+02, 2.84396027e+02, 1.48494034e+02,
    2.94268341e+02, 1.49349167e+02, 3.04239777e+02, 1.50281219e+02,
    2.44707855e+02, 1.55087997e+02, 2.54397690e+02, 1.55915146e+02,
    2.63967834e+02, 1.56779236e+02, 2.73748627e+02, 1.57545807e+02,
    2.83446838e+02, 1.58389816e+02, 2.93302124e+02, 1.59303558e+02,
    3.03097198e+02, 1.60106033e+02 ]
