%YAML:1.0
---
points: [ 9.98277832e+02, 4.13845367e+01, 1.00050610e+03, 5.77841759e+01,
    1.00275812e+03, 7.40333481e+01, 1.00499402e+03, 8.98516235e+01,
    1.00735352e+03, 1.05433876e+02, 1.00944812e+03, 1.20767250e+02,
    1.01179059e+03, 1.36042862e+02, 9.82896606e+02, 4.48005753e+01,
    9.85612549e+02, 6.12108192e+01, 9.87792603e+02, 7.72874451e+01,
    9.90489136e+02, 9.31376495e+01, 9.92571472e+02, 1.08620461e+02,
    9.95307068e+02, 1.24106880e+02, 9.97258240e+02, 1.39305801e+02,
    9.68149902e+02, 4.83013840e+01, 9.70492065e+02, 6.45435333e+01,
    9.73304810e+02, 8.06755676e+01, 9.75564514e+02, 9.64733276e+01,
    9.78298584e+02, 1.12129593e+02, 9.80514221e+02, 1.27367859e+02,
    9.83198608e+02, 1.42479858e+02, 9.52924011e+02, 5.14382324e+01,
    9.55620483e+02, 6.78815765e+01, 9.58292908e+02, 8.38443146e+01,
    9.60953125e+02, 9.96185074e+01, 9.63642212e+02, 1.15261848e+02,
    9.66232544e+02, 1.30436783e+02, 9.68813477e+02, 1.45526215e+02,
    9.38019409e+02, 5.51112518e+01, 9.40577637e+02, 7.13049240e+01,
    9.43570251e+02, 8.72614670e+01, 9.46210754e+02, 1.03022148e+02,
    9.49120789e+02, 1.18573257e+02, 9.51712280e+02, 1.33779648e+02,
    9.54542114e+02, 1.49041962e+02, 9.22753845e+02, 5.84182587e+01,
    9.25850403e+02, 7.47310257e+01, 9.28570068e+02, 9.06245956e+01,
    9.31729492e+02, 1.06468788e+02, 9.34320740e+02, 1.21797348e+02,
    9.37520630e+02, 1.37115662e+02, 9.39920166e+02, 1.52257950e+02,
    9.07608948e+02, 6.17322426e+01, 9.10829102e+02, 7.80172348e+01,
    9.13960754e+02, 9.40000610e+01, 9.16902222e+02, 1.09646027e+02,
    9.20072144e+02, 1.25012909e+02, 9.22806946e+02, 1.40372650e+02,
    9.25926819e+02, 1.55412796e+02, 8.92507507e+02, 6.53175507e+01,
    8.96124146e+02, 8.14427032e+01, 8.99126648e+02, 9.73176727e+01,
    9.02450012e+02, 1.13107178e+02, 9.05526184e+02, 1.28357727e+02,
    9.08607422e+02, 1.43678177e+02, 9.11590637e+02, 1.58568222e+02,
    8.77606323e+02, 6.86484528e+01, 8.80830322e+02, 8.47733994e+01,
    8.84498108e+02, 1.00656921e+02, 8.87477600e+02, 1.16396996e+02,
    8.91027527e+02, 1.31579346e+02, 8.94131958e+02, 1.46737854e+02,
    8.97392029e+02, 1.61697174e+02 ]
