%YAML:1.0
---
points: [ 1.32611292e+03, 1.45901520e+02, 1.30880603e+03, 1.72192123e+02,
    1.29218237e+03, 1.97518112e+02, 1.27573071e+03, 2.22476913e+02,
    1.25989807e+03, 2.46642929e+02, 1.24436096e+03, 2.70451538e+02,
    1.22926135e+03, 2.93428009e+02, 1.30254980e+03, 1.33109100e+02,
    1.28567603e+03, 1.59409637e+02, 1.26911340e+03, 1.85392197e+02,
    1.25309009e+03, 2.10427048e+02, 1.23724451e+03, 2.35122833e+02,
    1.22202588e+03, 2.58790161e+02, 1.20696558e+03, 2.82316650e+02,
    1.27909424e+03, 1.19853508e+02, 1.26224829e+03, 1.46709015e+02,
    1.24600659e+03, 1.72744370e+02, 1.23002527e+03, 1.98354294e+02,
    1.21453796e+03, 2.22958176e+02, 1.19937341e+03, 2.47384552e+02,
    1.18468933e+03, 2.70725372e+02, 1.25527563e+03, 1.06699005e+02,
    1.23873816e+03, 1.33661255e+02, 1.22254858e+03, 1.60325211e+02,
    1.20703674e+03, 1.85831436e+02, 1.19151660e+03, 2.11122894e+02,
    1.17676147e+03, 2.35526321e+02, 1.16220911e+03, 2.59461029e+02,
    1.23110571e+03, 9.32340317e+01, 1.21465186e+03, 1.20747398e+02,
    1.19888501e+03, 1.47334763e+02, 1.18341785e+03, 1.73522614e+02,
    1.16842285e+03, 1.98839859e+02, 1.15363684e+03, 2.23602509e+02,
    1.13948486e+03, 2.47638916e+02, 1.20660059e+03, 7.96612244e+01,
    1.19057947e+03, 1.07340584e+02, 1.17483594e+03, 1.34589554e+02,
    1.15978625e+03, 1.60748856e+02, 1.14480310e+03, 1.86551880e+02,
    1.13048999e+03, 2.11501205e+02, 1.11634546e+03, 2.36163940e+02,
    1.18201257e+03, 6.58327484e+01, 1.16603577e+03, 9.41293259e+01,
    1.15079688e+03, 1.21338196e+02, 1.13571631e+03, 1.48106033e+02,
    1.12132593e+03, 1.74007736e+02, 1.10699988e+03, 1.99421234e+02,
    1.09331787e+03, 2.24054321e+02, 1.15691113e+03, 5.20068703e+01,
    1.14151550e+03, 8.03017197e+01, 1.12626929e+03, 1.08197105e+02,
    1.11167224e+03, 1.35001892e+02, 1.09733435e+03, 1.61477524e+02,
    1.08350720e+03, 1.86965393e+02, 1.06972034e+03, 2.12112411e+02,
    1.13177673e+03, 3.77042313e+01, 1.11646509e+03, 6.66185074e+01,
    1.10174084e+03, 9.45810547e+01, 1.08724304e+03, 1.21957336e+02,
    1.07321240e+03, 1.48478577e+02, 1.05945703e+03, 1.74512314e+02,
    1.04626587e+03, 1.99720581e+02 ]
