%YAML:1.0
---
points: [ 1.22205640e+03, 2.31658157e+02, 1.25505688e+03, 2.34658691e+02,
    1.28841528e+03, 2.38173309e+02, 1.32239941e+03, 2.41150009e+02,
    1.35631409e+03, 2.44509308e+02, 1.39078894e+03, 2.47693161e+02,
    1.42555261e+03, 2.51238281e+02, 1.21636328e+03, 2.64641205e+02,
    1.24886816e+03, 2.68054871e+02, 1.28179443e+03, 2.71306732e+02,
    1.31536511e+03, 2.74689728e+02, 1.34902625e+03, 2.77887970e+02,
    1.38308215e+03, 2.81625397e+02, 1.41751221e+03, 2.85035187e+02,
    1.21056848e+03, 2.97141602e+02, 1.24293665e+03, 3.00479279e+02,
    1.27554211e+03, 3.03938995e+02, 1.30851587e+03, 3.07430420e+02,
    1.34194482e+03, 3.10908081e+02, 1.37560876e+03, 3.14372223e+02,
    1.40968542e+03, 3.18183472e+02, 1.20525708e+03, 3.28652618e+02,
    1.23699829e+03, 3.32385651e+02, 1.26943140e+03, 3.35664276e+02,
    1.30194238e+03, 3.39434357e+02, 1.33475867e+03, 3.43102112e+02,
    1.36837195e+03, 3.46681183e+02, 1.40196167e+03, 3.50402435e+02,
    1.19968579e+03, 3.59699219e+02, 1.23139526e+03, 3.63422852e+02,
    1.26330261e+03, 3.67058929e+02, 1.29554321e+03, 3.70683929e+02,
    1.32819983e+03, 3.74648529e+02, 1.36091248e+03, 3.78310455e+02,
    1.39447083e+03, 3.82268707e+02, 1.19455457e+03, 3.90146149e+02,
    1.22569397e+03, 3.93794403e+02, 1.25742639e+03, 3.97623077e+02,
    1.28924084e+03, 4.01623505e+02, 1.32155115e+03, 4.05465485e+02,
    1.35411206e+03, 4.09338745e+02, 1.38684937e+03, 4.13304260e+02,
    1.18945679e+03, 4.19576660e+02, 1.22030408e+03, 4.23611572e+02,
    1.25146802e+03, 4.27587799e+02, 1.28292200e+03, 4.31418396e+02,
    1.31484875e+03, 4.35390808e+02, 1.34723389e+03, 4.39465393e+02,
    1.37972131e+03, 4.43631866e+02, 1.18449414e+03, 4.48816040e+02,
    1.21485046e+03, 4.52737640e+02, 1.24567883e+03, 4.56613281e+02,
    1.27695837e+03, 4.60796570e+02, 1.30838684e+03, 4.64942932e+02,
    1.34042712e+03, 4.69275574e+02, 1.37262109e+03, 4.73284760e+02,
    1.17960510e+03, 4.77293365e+02, 1.20978589e+03, 4.81366272e+02,
    1.24025500e+03, 4.85591675e+02, 1.27100452e+03, 4.89543030e+02,
    1.30236682e+03, 4.93785858e+02, 1.33367554e+03, 4.98016846e+02,
    1.36571313e+03, 5.02489441e+02 ]
