%YAML:1.0
---
points: [ 4.02837402e+02, 8.24462967e+01, 3.97161224e+02, 9.10860443e+01,
    3.91361298e+02, 9.94662323e+01, 3.85811859e+02, 1.07785576e+02,
    3.80244904e+02, 1.15928322e+02, 3.74754608e+02, 1.23883102e+02,
    3.69538940e+02, 1.31765610e+02, 3.95256775e+02, 7.80700226e+01,
    3.89339478e+02, 8.67502823e+01, 3.83795166e+02, 9.53237228e+01,
    3.78124329e+02, 1.03711449e+02, 3.72710205e+02, 1.11902206e+02,
    3.67346222e+02, 1.19957687e+02, 3.62032654e+02, 1.27764084e+02,
    3.87195770e+02, 7.34747314e+01, 3.81671143e+02, 8.23868637e+01,
    3.76004456e+02, 9.10730591e+01, 3.70546814e+02, 9.94774017e+01,
    3.65090302e+02, 1.07835052e+02, 3.59747253e+02, 1.15916374e+02,
    3.54636230e+02, 1.24007462e+02, 3.79449005e+02, 6.91020584e+01,
    3.73785583e+02, 7.79916382e+01, 3.68281860e+02, 8.67910461e+01,
    3.62741272e+02, 9.54095230e+01, 3.57418304e+02, 1.03757423e+02,
    3.52217010e+02, 1.12034309e+02, 3.47041992e+02, 1.20040588e+02,
    3.71346375e+02, 6.44973679e+01, 3.65865784e+02, 7.36048431e+01,
    3.60303009e+02, 8.24245224e+01, 3.54924042e+02, 9.11190033e+01,
    3.49625000e+02, 9.96850739e+01, 3.44422394e+02, 1.07940422e+02,
    3.39434509e+02, 1.16132812e+02, 3.63366180e+02, 6.00686951e+01,
    3.57697937e+02, 6.91052551e+01, 3.52322296e+02, 7.80418549e+01,
    3.46983154e+02, 8.68020554e+01, 3.41725555e+02, 9.54325409e+01,
    3.36686157e+02, 1.03887627e+02, 3.31639984e+02, 1.12139252e+02,
    3.55009338e+02, 5.52487640e+01, 3.49583557e+02, 6.45098572e+01,
    3.44208862e+02, 7.35636139e+01, 3.38953369e+02, 8.25186920e+01,
    3.33790833e+02, 9.12231140e+01, 3.28753021e+02, 9.97090912e+01,
    3.23852631e+02, 1.08143532e+02, 3.46781921e+02, 5.06506195e+01,
    3.41306549e+02, 5.99116058e+01, 3.36084412e+02, 6.91822891e+01,
    3.30897919e+02, 7.81372910e+01, 3.25807373e+02, 8.69314423e+01,
    3.20871368e+02, 9.55992203e+01, 3.15988007e+02, 1.04030083e+02,
    3.38213135e+02, 4.57293739e+01, 3.33065063e+02, 5.53289490e+01,
    3.27753967e+02, 6.46091156e+01, 3.22707886e+02, 7.37566376e+01,
    3.17679382e+02, 8.26445007e+01, 3.12805664e+02, 9.13477554e+01,
    3.08093842e+02, 9.99015579e+01 ]
