%YAML:1.0
---
points: [ 4.23025726e+02, 1.05098335e+02, 4.17416687e+02, 1.12272766e+02,
    4.11611023e+02, 1.19470474e+02, 4.05850250e+02, 1.26511253e+02,
    4.00220673e+02, 1.33687744e+02, 3.94479980e+02, 1.40578217e+02,
    3.88921661e+02, 1.47560287e+02, 4.16788055e+02, 9.99577103e+01,
    4.10948303e+02, 1.07233253e+02, 4.05289673e+02, 1.14448486e+02,
    3.99481018e+02, 1.21694641e+02, 3.93775787e+02, 1.28799042e+02,
    3.88080139e+02, 1.35873093e+02, 3.82550995e+02, 1.42832626e+02,
    4.10185760e+02, 9.48265762e+01, 4.04481781e+02, 1.02154289e+02,
    3.98694641e+02, 1.09541229e+02, 3.92991058e+02, 1.16729752e+02,
    3.87270782e+02, 1.23913185e+02, 3.81678314e+02, 1.30969498e+02,
    3.76023010e+02, 1.38068649e+02, 4.03834564e+02, 8.97384949e+01,
    3.97968323e+02, 9.70890198e+01, 3.92230865e+02, 1.04460342e+02,
    3.86451416e+02, 1.11813629e+02, 3.80822021e+02, 1.19026009e+02,
    3.75234406e+02, 1.26227341e+02, 3.69602631e+02, 1.33262253e+02,
    3.97095490e+02, 8.44270630e+01, 3.91310730e+02, 9.19379349e+01,
    3.85531281e+02, 9.94264450e+01, 3.79912018e+02, 1.06759865e+02,
    3.74164886e+02, 1.14155396e+02, 3.68627502e+02, 1.21270805e+02,
    3.63082886e+02, 1.28539963e+02, 3.90457825e+02, 7.92033615e+01,
    3.84599609e+02, 8.67839661e+01, 3.78884155e+02, 9.43010025e+01,
    3.73183807e+02, 1.01751808e+02, 3.67566345e+02, 1.09101662e+02,
    3.62020691e+02, 1.16393181e+02, 3.56554504e+02, 1.23619865e+02,
    3.83669067e+02, 7.38179550e+01, 3.77904480e+02, 8.16207123e+01,
    3.72127319e+02, 8.92011108e+01, 3.66547241e+02, 9.66773834e+01,
    3.60936432e+02, 1.04133614e+02, 3.55349182e+02, 1.11431290e+02,
    3.49840240e+02, 1.18766090e+02, 3.76893890e+02, 6.86816254e+01,
    3.71114197e+02, 7.62952805e+01, 3.65462433e+02, 8.40176849e+01,
    3.59780640e+02, 9.15740509e+01, 3.54203156e+02, 9.90822144e+01,
    3.48718994e+02, 1.06515953e+02, 3.43246735e+02, 1.13774574e+02,
    3.69896637e+02, 6.32122574e+01, 3.64301025e+02, 7.11032791e+01,
    3.58573914e+02, 7.87510605e+01, 3.53056549e+02, 8.64322433e+01,
    3.47445801e+02, 9.39964294e+01, 3.41961212e+02, 1.01456100e+02,
    3.36533844e+02, 1.08856827e+02 ]
