%YAML:1.0
---
points: [ 1.33511328e+03, 2.61331421e+02, 1.30583960e+03, 2.73016815e+02,
    1.27734412e+03, 2.84865753e+02, 1.24965686e+03, 2.96270233e+02,
    1.22223376e+03, 3.07423950e+02, 1.19560059e+03, 3.18348297e+02,
    1.16951721e+03, 3.29011108e+02, 1.32557874e+03, 2.34887939e+02,
    1.29614307e+03, 2.47433212e+02, 1.26752722e+03, 2.59440948e+02,
    1.23933826e+03, 2.71356110e+02, 1.21207239e+03, 2.82646423e+02,
    1.18535059e+03, 2.94127319e+02, 1.15907068e+03, 3.04882812e+02,
    1.31576929e+03, 2.08212128e+02, 1.28636499e+03, 2.20721771e+02,
    1.25744519e+03, 2.33358185e+02, 1.22936975e+03, 2.45521820e+02,
    1.20154712e+03, 2.57722321e+02, 1.17468469e+03, 2.69244507e+02,
    1.14830713e+03, 2.80662476e+02, 1.30604614e+03, 1.80635315e+02,
    1.27615662e+03, 1.94154282e+02, 1.24717822e+03, 2.06832703e+02,
    1.21868115e+03, 2.19643860e+02, 1.19122998e+03, 2.31802353e+02,
    1.16393494e+03, 2.44138000e+02, 1.13754639e+03, 2.55731201e+02,
    1.29570605e+03, 1.52680695e+02, 1.26599915e+03, 1.66235321e+02,
    1.23662097e+03, 1.79663452e+02, 1.20831641e+03, 1.92629898e+02,
    1.18026477e+03, 2.05610016e+02, 1.15308655e+03, 2.18052643e+02,
    1.12645618e+03, 2.30323288e+02, 1.28549463e+03, 1.23728729e+02,
    1.25530859e+03, 1.38170441e+02, 1.22591125e+03, 1.51821625e+02,
    1.19718933e+03, 1.65446274e+02, 1.16917383e+03, 1.78594467e+02,
    1.14175256e+03, 1.91540421e+02, 1.11515369e+03, 2.04228104e+02,
    1.27472791e+03, 9.46355972e+01, 1.24465820e+03, 1.09150856e+02,
    1.21493262e+03, 1.23561310e+02, 1.18634912e+03, 1.37411865e+02,
    1.15801233e+03, 1.51320679e+02, 1.13053345e+03, 1.64558212e+02,
    1.10350134e+03, 1.77710175e+02, 1.26400952e+03, 6.43882751e+01,
    1.23348926e+03, 7.96651535e+01, 1.20388623e+03, 9.44242935e+01,
    1.17471289e+03, 1.09028618e+02, 1.14648108e+03, 1.23098167e+02,
    1.11871350e+03, 1.37129166e+02, 1.09191711e+03, 1.50406906e+02,
    1.25278711e+03, 3.38234291e+01, 1.22238599e+03, 4.93518982e+01,
    1.19231152e+03, 6.48285370e+01, 1.16328174e+03, 7.96499786e+01,
    1.13463843e+03, 9.45070648e+01, 1.10699487e+03, 1.08614037e+02,
    1.07963074e+03, 1.22634262e+02 ]
