%YAML:1.0
---
points: [ 1.39166650e+03, 2.12843552e+02, 1.37401758e+03, 2.35057632e+02,
    1.35688623e+03, 2.56551117e+02, 1.33968958e+03, 2.77957550e+02,
    1.32286353e+03, 2.98872192e+02, 1.30625317e+03, 3.19753662e+02,
    1.28981409e+03, 3.40039368e+02, 1.37212939e+03, 1.98055756e+02,
    1.35471875e+03, 2.20130219e+02, 1.33737598e+03, 2.42064941e+02,
    1.32050330e+03, 2.63470978e+02, 1.30359082e+03, 2.84769257e+02,
    1.28711304e+03, 3.05630310e+02, 1.27065430e+03, 3.26386475e+02,
    1.35262012e+03, 1.82934860e+02, 1.33515283e+03, 2.05322418e+02,
    1.31799719e+03, 2.27277390e+02, 1.30085889e+03, 2.49113312e+02,
    1.28435144e+03, 2.70432709e+02, 1.26767358e+03, 2.91615997e+02,
    1.25161243e+03, 3.12375336e+02, 1.33288623e+03, 1.67752609e+02,
    1.31552905e+03, 1.90296341e+02, 1.29842053e+03, 2.12580643e+02,
    1.28161938e+03, 2.34429947e+02, 1.26484534e+03, 2.56151001e+02,
    1.24857385e+03, 2.77443085e+02, 1.23234106e+03, 2.98449127e+02,
    1.31303394e+03, 1.52340805e+02, 1.29559558e+03, 1.75210602e+02,
    1.27866333e+03, 1.97530991e+02, 1.26182703e+03, 2.19667068e+02,
    1.24537024e+03, 2.41522034e+02, 1.22888306e+03, 2.63165771e+02,
    1.21291357e+03, 2.84215942e+02, 1.29273010e+03, 1.37036545e+02,
    1.27575427e+03, 1.59788452e+02, 1.25869934e+03, 1.82552872e+02,
    1.24211121e+03, 2.04878098e+02, 1.22548718e+03, 2.26926544e+02,
    1.20937585e+03, 2.48538071e+02, 1.19324548e+03, 2.70086090e+02,
    1.27268311e+03, 1.21275017e+02, 1.25551770e+03, 1.44554810e+02,
    1.23870789e+03, 1.67411819e+02, 1.22193323e+03, 1.90027390e+02,
    1.20577673e+03, 2.12171112e+02, 1.18949329e+03, 2.34125168e+02,
    1.17372156e+03, 2.55614502e+02, 1.25229810e+03, 1.05632095e+02,
    1.23537793e+03, 1.28984833e+02, 1.21849780e+03, 1.52156647e+02,
    1.20211023e+03, 1.74688339e+02, 1.18567456e+03, 1.97303894e+02,
    1.16975378e+03, 2.19325928e+02, 1.15403333e+03, 2.41155106e+02,
    1.23176050e+03, 8.97177887e+01, 1.21474133e+03, 1.13399765e+02,
    1.19823364e+03, 1.36660202e+02, 1.18172424e+03, 1.59575302e+02,
    1.16560730e+03, 1.82207611e+02, 1.14972253e+03, 2.04515671e+02,
    1.13413367e+03, 2.26482758e+02 ]
