%YAML:1.0
---
points: [ 2.89591461e+02, 1.17351250e+02, 2.97907074e+02, 1.25316170e+02,
    3.06012909e+02, 1.33060349e+02, 3.14302490e+02, 1.40933426e+02,
    3.22506378e+02, 1.48641541e+02, 3.30778320e+02, 1.56582321e+02,
    3.38975464e+02, 1.64257370e+02, 2.82074432e+02, 1.26164207e+02,
    2.90195251e+02, 1.33870651e+02, 2.98345398e+02, 1.41655090e+02,
    3.06398712e+02, 1.49355087e+02, 3.14567780e+02, 1.57055054e+02,
    3.22709686e+02, 1.64732697e+02, 3.30849457e+02, 1.72405609e+02,
    2.74631470e+02, 1.34689835e+02, 2.82726074e+02, 1.42365631e+02,
    2.90720551e+02, 1.49996948e+02, 2.98709381e+02, 1.57624298e+02,
    3.06786133e+02, 1.65167648e+02, 3.14846497e+02, 1.72806946e+02,
    3.22874634e+02, 1.80350128e+02, 2.67523468e+02, 1.42988113e+02,
    2.75414337e+02, 1.50541489e+02, 2.83388336e+02, 1.58112305e+02,
    2.91276062e+02, 1.65616379e+02, 2.99263214e+02, 1.73096359e+02,
    3.07171448e+02, 1.80647629e+02, 3.15151031e+02, 1.88084503e+02,
    2.60445862e+02, 1.51124344e+02, 2.68326233e+02, 1.58619614e+02,
    2.76160980e+02, 1.66055527e+02, 2.83986389e+02, 1.73445480e+02,
    2.91868439e+02, 1.80878616e+02, 2.99741516e+02, 1.88243927e+02,
    3.07543701e+02, 1.95663177e+02, 2.53617630e+02, 1.59117081e+02,
    2.61363312e+02, 1.66445557e+02, 2.69147217e+02, 1.73800888e+02,
    2.76867798e+02, 1.81085846e+02, 2.84665161e+02, 1.88400955e+02,
    2.92394043e+02, 1.95711578e+02, 3.00180817e+02, 2.03060593e+02,
    2.46896317e+02, 1.66817093e+02, 2.54623291e+02, 1.74091705e+02,
    2.62273865e+02, 1.81308594e+02, 2.69949188e+02, 1.88563217e+02,
    2.77616150e+02, 1.95744110e+02, 2.85345398e+02, 2.03054245e+02,
    2.92971344e+02, 2.10323669e+02, 2.40385391e+02, 1.74341660e+02,
    2.48020462e+02, 1.81505325e+02, 2.55571854e+02, 1.88716553e+02,
    2.63167694e+02, 1.95793488e+02, 2.70781372e+02, 2.03004242e+02,
    2.78324615e+02, 2.10135498e+02, 2.85934814e+02, 2.17286423e+02,
    2.34039124e+02, 1.81710983e+02, 2.41527328e+02, 1.88795059e+02,
    2.49017380e+02, 1.95837921e+02, 2.56580597e+02, 2.02999527e+02,
    2.64018555e+02, 2.10048218e+02, 2.71593719e+02, 2.17137939e+02,
    2.79047882e+02, 2.24227280e+02 ]
