%YAML:1.0
---
points: [ 3.91262238e+02, 1.68855850e+02, 3.91262177e+02, 1.68855865e+02,
    3.84881195e+02, 1.70544769e+02, 3.75057220e+02, 1.72954498e+02,
    3.68174744e+02, 1.74627106e+02, 3.61419861e+02, 1.76391724e+02,
    3.54516663e+02, 1.78077866e+02, 3.89543915e+02, 1.61022430e+02,
    3.83541748e+02, 1.62584824e+02, 3.80598419e+02, 1.63259232e+02,
    3.73795135e+02, 1.64841934e+02, 3.67078888e+02, 1.66483307e+02,
    3.59988190e+02, 1.68153778e+02, 3.53232971e+02, 1.69810104e+02,
    3.88263977e+02, 1.53021454e+02, 3.88263885e+02, 1.53021484e+02,
    3.79340027e+02, 1.55098343e+02, 3.72727417e+02, 1.56652985e+02,
    3.65741333e+02, 1.58232513e+02, 3.58930206e+02, 1.59893570e+02,
    3.51919159e+02, 1.61523636e+02, 3.87320770e+02, 1.44876556e+02,
    3.87320709e+02, 1.44876572e+02, 3.78122284e+02, 1.47003403e+02,
    3.71440125e+02, 1.48471375e+02, 3.64620422e+02, 1.50030548e+02,
    3.57675720e+02, 1.51511719e+02, 3.50645844e+02, 1.53126358e+02,
    3.85963959e+02, 1.36771332e+02, 3.85963867e+02, 1.36771347e+02,
    3.77095642e+02, 1.38720200e+02, 3.70080200e+02, 1.40213333e+02,
    3.63376404e+02, 1.41586334e+02, 3.56461060e+02, 1.43107147e+02,
    3.49272797e+02, 1.44600006e+02, 3.85212830e+02, 1.28519318e+02,
    3.85212769e+02, 1.28519333e+02, 3.75858612e+02, 1.30389633e+02,
    3.68924133e+02, 1.31749374e+02, 3.62155487e+02, 1.33184906e+02,
    3.55026245e+02, 1.34652328e+02, 3.48010712e+02, 1.36135651e+02,
    3.84720734e+02, 1.20003288e+02, 3.84720642e+02, 1.20003296e+02,
    3.74517456e+02, 1.22044563e+02, 3.67654572e+02, 1.23414352e+02,
    3.60843811e+02, 1.24702965e+02, 3.53886108e+02, 1.26076797e+02,
    3.46578979e+02, 1.27516319e+02, 3.83068420e+02, 1.11883896e+02,
    3.80081848e+02, 1.12440254e+02, 3.77320740e+02, 1.12939751e+02,
    3.66520416e+02, 1.14894905e+02, 3.59673218e+02, 1.16146721e+02,
    3.52528564e+02, 1.17465813e+02, 3.45384308e+02, 1.18833984e+02,
    3.81567352e+02, 1.03596680e+02, 3.78882446e+02, 1.04079811e+02,
    3.72057526e+02, 1.05135391e+02, 3.65199402e+02, 1.06379951e+02,
    3.58249420e+02, 1.07583763e+02, 3.51159149e+02, 1.08902138e+02,
    3.43935394e+02, 1.10098618e+02 ]
