%YAML:1.0
---
points: [ 1.30740295e+03, 4.00719421e+02, 1.28794678e+03, 4.05513885e+02,
    1.26854248e+03, 4.10305145e+02, 1.24865515e+03, 4.14994965e+02,
    1.22851172e+03, 4.20087494e+02, 1.20820337e+03, 4.24931549e+02,
    1.18740942e+03, 4.30189514e+02, 1.30404932e+03, 3.77240356e+02,
    1.28463232e+03, 3.81779572e+02, 1.26496045e+03, 3.86533203e+02,
    1.24495044e+03, 3.91353790e+02, 1.22477637e+03, 3.96184296e+02,
    1.20421606e+03, 4.00915649e+02, 1.18348950e+03, 4.05822754e+02,
    1.30081262e+03, 3.53606842e+02, 1.28125513e+03, 3.58081177e+02,
    1.26138989e+03, 3.62544037e+02, 1.24139575e+03, 3.66887390e+02,
    1.22102417e+03, 3.71695770e+02, 1.20046497e+03, 3.76462860e+02,
    1.17961719e+03, 3.81313324e+02, 1.29749255e+03, 3.29715118e+02,
    1.27778809e+03, 3.34206299e+02, 1.25815271e+03, 3.38545380e+02,
    1.23769873e+03, 3.42946655e+02, 1.21729785e+03, 3.47421204e+02,
    1.19651270e+03, 3.52079681e+02, 1.17543250e+03, 3.56531860e+02,
    1.29429443e+03, 3.05667023e+02, 1.27440906e+03, 3.09783936e+02,
    1.25429272e+03, 3.14074432e+02, 1.23405835e+03, 3.18445007e+02,
    1.21336426e+03, 3.22832886e+02, 1.19260852e+03, 3.27295959e+02,
    1.17134302e+03, 3.31717682e+02, 1.29075244e+03, 2.81529999e+02,
    1.27079480e+03, 2.85600891e+02, 1.25068835e+03, 2.89584503e+02,
    1.23033252e+03, 2.93638794e+02, 1.20967651e+03, 2.97797516e+02,
    1.18869666e+03, 3.02305389e+02, 1.16752209e+03, 3.06607086e+02,
    1.28715295e+03, 2.57160339e+02, 1.26735181e+03, 2.60945618e+02,
    1.24711304e+03, 2.64884705e+02, 1.22668140e+03, 2.68840698e+02,
    1.20583643e+03, 2.72816620e+02, 1.18483398e+03, 2.76923279e+02,
    1.16349683e+03, 2.81247314e+02, 1.28375916e+03, 2.32620377e+02,
    1.26369165e+03, 2.36320190e+02, 1.24343420e+03, 2.39914352e+02,
    1.22273376e+03, 2.43897141e+02, 1.20188440e+03, 2.47712051e+02,
    1.18075171e+03, 2.51539886e+02, 1.15939795e+03, 2.55542404e+02,
    1.28012634e+03, 2.07769775e+02, 1.26015747e+03, 2.11350937e+02,
    1.23957056e+03, 2.14891418e+02, 1.21897095e+03, 2.18496002e+02,
    1.19792358e+03, 2.22350235e+02, 1.17680237e+03, 2.25879578e+02,
    1.15512903e+03, 2.29679321e+02 ]
