%YAML:1.0
---
points: [ 2.34489700e+02, 5.09832268e+01, 2.44871979e+02, 5.70659256e+01,
    2.55294815e+02, 6.31995735e+01, 2.65646301e+02, 6.92925568e+01,
    2.76103363e+02, 7.54139557e+01, 2.86514496e+02, 8.15068283e+01,
    2.96811249e+02, 8.75326996e+01, 2.30131805e+02, 6.23285942e+01,
    2.40315964e+02, 6.82676849e+01, 2.50515594e+02, 7.43421173e+01,
    2.60655273e+02, 8.02981720e+01, 2.70935944e+02, 8.63319702e+01,
    2.81053589e+02, 9.22715302e+01, 2.91297180e+02, 9.82099533e+01,
    2.25901413e+02, 7.32288361e+01, 2.35885559e+02, 7.91808777e+01,
    2.45895264e+02, 8.50319748e+01, 2.55903030e+02, 9.09473572e+01,
    2.65908630e+02, 9.68198242e+01, 2.75899506e+02, 1.02694153e+02,
    2.85848541e+02, 1.08587776e+02, 2.21873260e+02, 8.38116302e+01,
    2.31655472e+02, 8.95303040e+01, 2.41527969e+02, 9.53644257e+01,
    2.51285004e+02, 1.01079590e+02, 2.61138519e+02, 1.06904678e+02,
    2.70928833e+02, 1.12673203e+02, 2.80739044e+02, 1.18377266e+02,
    2.17989502e+02, 9.39719162e+01, 2.27637283e+02, 9.96871872e+01,
    2.37267944e+02, 1.05317101e+02, 2.46941162e+02, 1.10963440e+02,
    2.56505493e+02, 1.16660286e+02, 2.66200012e+02, 1.22222061e+02,
    2.75751587e+02, 1.27865021e+02, 2.14256088e+02, 1.03732018e+02,
    2.23674606e+02, 1.09280182e+02, 2.33233963e+02, 1.14907883e+02,
    2.42677643e+02, 1.20458725e+02, 2.52137665e+02, 1.26026176e+02,
    2.61536102e+02, 1.31520630e+02, 2.71005219e+02, 1.37089935e+02,
    2.10669830e+02, 1.13155289e+02, 2.20008530e+02, 1.18641579e+02,
    2.29266251e+02, 1.24175438e+02, 2.38607056e+02, 1.29561981e+02,
    2.47863251e+02, 1.34999847e+02, 2.57155396e+02, 1.40423676e+02,
    2.66364716e+02, 1.45799179e+02, 2.07240494e+02, 1.22283318e+02,
    2.16347458e+02, 1.27618538e+02, 2.25580399e+02, 1.33004150e+02,
    2.34645035e+02, 1.38331024e+02, 2.43799530e+02, 1.43669128e+02,
    2.52862122e+02, 1.48997925e+02, 2.62019745e+02, 1.54272186e+02,
    2.03870895e+02, 1.30952484e+02, 2.12956131e+02, 1.36253479e+02,
    2.21884171e+02, 1.41487625e+02, 2.30941849e+02, 1.46807724e+02,
    2.39797455e+02, 1.52031418e+02, 2.48767181e+02, 1.57248245e+02,
    2.57649353e+02, 1.62433411e+02 ]
