%YAML:1.0
---
points: [ 1.48349207e+03, 3.08131348e+02, 1.45328772e+03, 3.12487061e+02,
    1.42332019e+03, 3.16955811e+02, 1.39391028e+03, 3.21234558e+02,
    1.36513892e+03, 3.25464844e+02, 1.33668408e+03, 3.29602386e+02,
    1.30858984e+03, 3.33835785e+02, 1.48248328e+03, 2.80853241e+02,
    1.45184229e+03, 2.85567719e+02, 1.42184924e+03, 2.90259064e+02,
    1.39235339e+03, 2.94748199e+02, 1.36322583e+03, 2.99265594e+02,
    1.33447351e+03, 3.03708344e+02, 1.30643555e+03, 3.08165222e+02,
    1.48150549e+03, 2.53114441e+02, 1.45067883e+03, 2.57887451e+02,
    1.42045361e+03, 2.62942139e+02, 1.39059521e+03, 2.67579285e+02,
    1.36120825e+03, 2.72616943e+02, 1.33248401e+03, 2.77314056e+02,
    1.30381970e+03, 2.82191162e+02, 1.48056116e+03, 2.24671661e+02,
    1.44948669e+03, 2.30119568e+02, 1.41879395e+03, 2.35271240e+02,
    1.38880750e+03, 2.40439865e+02, 1.35933704e+03, 2.45459610e+02,
    1.33005908e+03, 2.50579971e+02, 1.30155225e+03, 2.55463669e+02,
    1.47967224e+03, 1.95855637e+02, 1.44834363e+03, 2.01481750e+02,
    1.41740283e+03, 2.07042633e+02, 1.38698096e+03, 2.12444641e+02,
    1.35725330e+03, 2.17686798e+02, 1.32782507e+03, 2.23209335e+02,
    1.29897168e+03, 2.28416031e+02, 1.47851514e+03, 1.66431915e+02,
    1.44683936e+03, 1.72371811e+02, 1.41584546e+03, 1.77953598e+02,
    1.38534473e+03, 1.83769608e+02, 1.35511023e+03, 1.89462097e+02,
    1.32540869e+03, 1.95166611e+02, 1.29654346e+03, 2.00597153e+02,
    1.47735449e+03, 1.36487183e+02, 1.44550806e+03, 1.42617477e+02,
    1.41410364e+03, 1.48682083e+02, 1.38341711e+03, 1.54729370e+02,
    1.35301550e+03, 1.60728577e+02, 1.32317981e+03, 1.66539841e+02,
    1.29381543e+03, 1.72473343e+02, 1.47626562e+03, 1.05994858e+02,
    1.44413501e+03, 1.12434036e+02, 1.41249243e+03, 1.18770821e+02,
    1.38126062e+03, 1.25200989e+02, 1.35090344e+03, 1.31354721e+02,
    1.32075061e+03, 1.37603088e+02, 1.29132520e+03, 1.43757065e+02,
    1.47483752e+03, 7.47440872e+01, 1.44266931e+03, 8.15285034e+01,
    1.41077930e+03, 8.82702713e+01, 1.37957983e+03, 9.47189484e+01,
    1.34861133e+03, 1.01471184e+02, 1.31841101e+03, 1.07895233e+02,
    1.28847058e+03, 1.14457588e+02 ]
