%YAML:1.0
---
points: [ 1.28751733e+03, 6.86591614e+02, 1.26949268e+03, 6.89304260e+02,
    1.25102820e+03, 6.92240906e+02, 1.23232031e+03, 6.94936462e+02,
    1.21299353e+03, 6.97824829e+02, 1.19350488e+03, 7.00963806e+02,
    1.17351099e+03, 7.03801147e+02, 1.28701050e+03, 6.62823975e+02,
    1.26912524e+03, 6.65479675e+02, 1.25043713e+03, 6.67878906e+02,
    1.23170776e+03, 6.70605957e+02, 1.21244470e+03, 6.73209045e+02,
    1.19267004e+03, 6.76106140e+02, 1.17267334e+03, 6.78776184e+02,
    1.28670129e+03, 6.39300354e+02, 1.26861877e+03, 6.41370850e+02,
    1.24997864e+03, 6.43955627e+02, 1.23122534e+03, 6.46039673e+02,
    1.21189783e+03, 6.48642822e+02, 1.19215137e+03, 6.50968689e+02,
    1.17224902e+03, 6.53675842e+02, 1.28646643e+03, 6.15500000e+02,
    1.26829871e+03, 6.17620422e+02, 1.24960315e+03, 6.19585632e+02,
    1.23068188e+03, 6.21799622e+02, 1.21139368e+03, 6.23913879e+02,
    1.19158374e+03, 6.26346863e+02, 1.17141321e+03, 6.28584961e+02,
    1.28610193e+03, 5.91681580e+02, 1.26778528e+03, 5.93429199e+02,
    1.24926855e+03, 5.95448120e+02, 1.23014282e+03, 5.97305603e+02,
    1.21086218e+03, 5.99291748e+02, 1.19099377e+03, 6.01314941e+02,
    1.17073889e+03, 6.03275452e+02, 1.28560437e+03, 5.67713318e+02,
    1.26741858e+03, 5.69493347e+02, 1.24866455e+03, 5.71069885e+02,
    1.22956702e+03, 5.72628357e+02, 1.21033398e+03, 5.74477417e+02,
    1.19051660e+03, 5.76213623e+02, 1.17027466e+03, 5.77899719e+02,
    1.28520679e+03, 5.43976501e+02, 1.26672070e+03, 5.45272522e+02,
    1.24822498e+03, 5.46592590e+02, 1.22914941e+03, 5.48238525e+02,
    1.20966357e+03, 5.49598083e+02, 1.18987280e+03, 5.51020630e+02,
    1.16957654e+03, 5.52609802e+02, 1.28475171e+03, 5.19897278e+02,
    1.26634375e+03, 5.21183289e+02, 1.24772424e+03, 5.22368164e+02,
    1.22853674e+03, 5.23569336e+02, 1.20924756e+03, 5.24676392e+02,
    1.18938013e+03, 5.25944092e+02, 1.16912036e+03, 5.27346191e+02,
    1.28431982e+03, 4.95917419e+02, 1.26581909e+03, 4.96830963e+02,
    1.24734680e+03, 4.97686646e+02, 1.22814624e+03, 4.98634155e+02,
    1.20863660e+03, 4.99675049e+02, 1.18886292e+03, 5.00824646e+02,
    1.16867053e+03, 5.01931671e+02 ]
