%YAML:1.0
---
points: [ 1.23988904e+03, 3.46252747e+02, 1.27060559e+03, 3.55103241e+02,
    1.30159766e+03, 3.64394928e+02, 1.33318921e+03, 3.73401764e+02,
    1.36509534e+03, 3.82665894e+02, 1.39735950e+03, 3.91958313e+02,
    1.42971069e+03, 4.01785187e+02, 1.22924768e+03, 3.76322784e+02,
    1.25958557e+03, 3.85583038e+02, 1.29055737e+03, 3.94529388e+02,
    1.32169104e+03, 4.03776825e+02, 1.35343323e+03, 4.13238251e+02,
    1.38514551e+03, 4.23010162e+02, 1.41774231e+03, 4.32200592e+02,
    1.21861145e+03, 4.06296967e+02, 1.24889697e+03, 4.15334686e+02,
    1.27953015e+03, 4.24501373e+02, 1.31055994e+03, 4.33820587e+02,
    1.34164783e+03, 4.43607056e+02, 1.37370874e+03, 4.52971649e+02,
    1.40569849e+03, 4.62708313e+02, 1.20822046e+03, 4.35359711e+02,
    1.23825659e+03, 4.44743744e+02, 1.26870764e+03, 4.53890686e+02,
    1.29930481e+03, 4.63661652e+02, 1.33055481e+03, 4.73166473e+02,
    1.36206348e+03, 4.82881622e+02, 1.39409290e+03, 4.92706451e+02,
    1.19796179e+03, 4.64627258e+02, 1.22780469e+03, 4.73786499e+02,
    1.25784375e+03, 4.83365143e+02, 1.28847815e+03, 4.93045441e+02,
    1.31933044e+03, 5.02802338e+02, 1.35057166e+03, 5.12418579e+02,
    1.38223535e+03, 5.22653564e+02, 1.18788733e+03, 4.93180725e+02,
    1.21748938e+03, 5.02703796e+02, 1.24746289e+03, 5.12296570e+02,
    1.27745947e+03, 5.22213501e+02, 1.30832166e+03, 5.31640869e+02,
    1.33938525e+03, 5.41823486e+02, 1.37076257e+03, 5.51805481e+02,
    1.17790881e+03, 5.21523193e+02, 1.20733691e+03, 5.31055176e+02,
    1.23693726e+03, 5.40735352e+02, 1.26689172e+03, 5.50516235e+02,
    1.29748926e+03, 5.60606506e+02, 1.32834314e+03, 5.70554077e+02,
    1.35936060e+03, 5.80924927e+02, 1.16834082e+03, 5.49429749e+02,
    1.19726160e+03, 5.59385254e+02, 1.22675293e+03, 5.68895081e+02,
    1.25650452e+03, 5.78994507e+02, 1.28660864e+03, 5.88827454e+02,
    1.31736633e+03, 5.99114075e+02, 1.34820959e+03, 6.09476807e+02,
    1.15856470e+03, 5.77062134e+02, 1.18734326e+03, 5.86887024e+02,
    1.21647937e+03, 5.97002502e+02, 1.24629651e+03, 6.06814697e+02,
    1.27616858e+03, 6.17364502e+02, 1.30651990e+03, 6.27273010e+02,
    1.33706323e+03, 6.37804077e+02 ]
