%YAML:1.0
---
points: [ 3.48794830e+02, 2.02434341e+02, 3.51690063e+02, 2.02298233e+02,
    3.65229065e+02, 2.01682098e+02, 3.65229126e+02, 2.01682098e+02,
    3.78213074e+02, 2.00886673e+02, 3.84002655e+02, 2.00687775e+02,
    3.84002686e+02, 2.00687775e+02, 3.52044006e+02, 2.10922989e+02,
    3.52044037e+02, 2.10922989e+02, 3.64733215e+02, 2.10041214e+02,
    3.64733276e+02, 2.10041199e+02, 3.78466522e+02, 2.09175751e+02,
    3.84119934e+02, 2.08926712e+02, 3.84119995e+02, 2.08926712e+02,
    3.51919037e+02, 2.19501617e+02, 3.51919098e+02, 2.19501617e+02,
    3.64679718e+02, 2.18566528e+02, 3.71408997e+02, 2.17993179e+02,
    3.78691498e+02, 2.17508194e+02, 3.84249664e+02, 2.16931351e+02,
    3.84249725e+02, 2.16931351e+02, 3.51848236e+02, 2.28128983e+02,
    3.51848297e+02, 2.28128983e+02, 3.64867676e+02, 2.26973389e+02,
    3.72127594e+02, 2.26281097e+02, 3.78393005e+02, 2.25796249e+02,
    3.84271515e+02, 2.25220932e+02, 3.84271545e+02, 2.25220932e+02,
    3.49299622e+02, 2.36936615e+02, 3.59149841e+02, 2.35964172e+02,
    3.65099396e+02, 2.35323196e+02, 3.65099487e+02, 2.35323196e+02,
    3.78553406e+02, 2.34018509e+02, 3.78553467e+02, 2.34018494e+02,
    3.84173279e+02, 2.33346848e+02, 3.49384033e+02, 2.45642334e+02,
    3.58859406e+02, 2.44418884e+02, 3.58859467e+02, 2.44418869e+02,
    3.72257019e+02, 2.42849335e+02, 3.78423035e+02, 2.42283478e+02,
    3.84209381e+02, 2.41496918e+02, 3.84209412e+02, 2.41496902e+02,
    3.53063660e+02, 2.53704453e+02, 3.53063721e+02, 2.53704437e+02,
    3.66296448e+02, 2.51960358e+02, 3.66296509e+02, 2.51960342e+02,
    3.71985962e+02, 2.51218597e+02, 3.78343231e+02, 2.50345642e+02,
    3.84435822e+02, 2.49652145e+02, 3.52888550e+02, 2.62228943e+02,
    3.52888641e+02, 2.62228912e+02, 3.66496704e+02, 2.60300842e+02,
    3.66496765e+02, 2.60300842e+02, 3.72002350e+02, 2.59535156e+02,
    3.84496307e+02, 2.57717804e+02, 3.84496399e+02, 2.57717804e+02,
    3.50453522e+02, 2.71042786e+02, 3.52483551e+02, 2.70789948e+02,
    3.66244354e+02, 2.68650177e+02, 3.72544617e+02, 2.67714783e+02,
    3.72544678e+02, 2.67714783e+02, 3.78838104e+02, 2.66726532e+02,
    3.84887695e+02, 2.65793121e+02 ]
