%YAML:1.0
---
points: [ 2.04492416e+02, 2.23069046e+02, 2.14239883e+02, 2.23058167e+02,
    2.24139359e+02, 2.22972702e+02, 2.33821609e+02, 2.22935608e+02,
    2.43797714e+02, 2.22927780e+02, 2.53583878e+02, 2.22876465e+02,
    2.63478699e+02, 2.22959534e+02, 2.03375290e+02, 2.30221054e+02,
    2.13455353e+02, 2.30200073e+02, 2.23369186e+02, 2.30196106e+02,
    2.33550064e+02, 2.30135880e+02, 2.43396057e+02, 2.30159790e+02,
    2.53590652e+02, 2.30173096e+02, 2.63529022e+02, 2.30189224e+02,
    2.02321014e+02, 2.37716888e+02, 2.12435242e+02, 2.37717484e+02,
    2.22790054e+02, 2.37663696e+02, 2.32886566e+02, 2.37645844e+02,
    2.43151245e+02, 2.37641541e+02, 2.53387634e+02, 2.37650467e+02,
    2.63674652e+02, 2.37659378e+02, 2.01144211e+02, 2.45468475e+02,
    2.11561188e+02, 2.45405823e+02, 2.22031189e+02, 2.45416794e+02,
    2.32559509e+02, 2.45374374e+02, 2.42845596e+02, 2.45392441e+02,
    2.53298294e+02, 2.45396057e+02, 2.63686218e+02, 2.45430771e+02,
    1.99935776e+02, 2.53619003e+02, 2.10572113e+02, 2.53605499e+02,
    2.21252640e+02, 2.53604324e+02, 2.31891434e+02, 2.53575531e+02,
    2.42625824e+02, 2.53569901e+02, 2.53195312e+02, 2.53579407e+02,
    2.63857727e+02, 2.53612549e+02, 1.98615509e+02, 2.62116180e+02,
    2.09593933e+02, 2.62116241e+02, 2.20374069e+02, 2.62159149e+02,
    2.31351013e+02, 2.62176270e+02, 2.42181503e+02, 2.62191803e+02,
    2.53084503e+02, 2.62184052e+02, 2.63934967e+02, 2.62161163e+02,
    1.97364609e+02, 2.70901093e+02, 2.08477371e+02, 2.70904816e+02,
    2.19678696e+02, 2.70897247e+02, 2.30751389e+02, 2.70926208e+02,
    2.41824173e+02, 2.70928467e+02, 2.52951828e+02, 2.70977692e+02,
    2.64135193e+02, 2.71041504e+02, 1.95936005e+02, 2.80342529e+02,
    2.07338394e+02, 2.80251526e+02, 2.18762329e+02, 2.80276978e+02,
    2.30172607e+02, 2.80312744e+02, 2.41547699e+02, 2.80193146e+02,
    2.52840759e+02, 2.80307770e+02, 2.64322601e+02, 2.80337433e+02,
    1.94558578e+02, 2.90076569e+02, 2.06130890e+02, 2.90174927e+02,
    2.17893204e+02, 2.90123230e+02, 2.29457962e+02, 2.90142761e+02,
    2.41178406e+02, 2.90153259e+02, 2.52755829e+02, 2.90093384e+02,
    2.64503235e+02, 2.90134705e+02 ]
