%YAML:1.0
---
points: [ 3.61329163e+02, 2.26830780e+02, 3.67096954e+02, 2.33149643e+02,
    3.72907288e+02, 2.38970383e+02, 3.78775513e+02, 2.45241486e+02,
    3.84592072e+02, 2.50948929e+02, 3.90076996e+02, 2.57250092e+02,
    3.95943512e+02, 2.62839111e+02, 3.56546509e+02, 2.33092850e+02,
    3.62459900e+02, 2.39193863e+02, 3.68339478e+02, 2.45234955e+02,
    3.74224121e+02, 2.51343521e+02, 3.80013733e+02, 2.57341034e+02,
    3.85799469e+02, 2.63475311e+02, 3.91454163e+02, 2.69330780e+02,
    3.51698303e+02, 2.39352112e+02, 3.57625916e+02, 2.45506805e+02,
    3.63607513e+02, 2.51657883e+02, 3.69567200e+02, 2.57777802e+02,
    3.75416809e+02, 2.63787750e+02, 3.81329681e+02, 2.69772125e+02,
    3.87098419e+02, 2.75900635e+02, 3.46731140e+02, 2.45832611e+02,
    3.52820557e+02, 2.51974396e+02, 3.58801941e+02, 2.58104706e+02,
    3.64837280e+02, 2.64282806e+02, 3.70756012e+02, 2.70332245e+02,
    3.76681519e+02, 2.76431763e+02, 3.82603485e+02, 2.82317627e+02,
    3.41797638e+02, 2.52304398e+02, 3.47848236e+02, 2.58516266e+02,
    3.53961670e+02, 2.64795868e+02, 3.59953186e+02, 2.70835632e+02,
    3.66011108e+02, 2.77120056e+02, 3.71891846e+02, 2.83134491e+02,
    3.77903137e+02, 2.89223694e+02, 3.36679138e+02, 2.58941254e+02,
    3.42875397e+02, 2.65220184e+02, 3.49061462e+02, 2.71430084e+02,
    3.55090210e+02, 2.77692413e+02, 3.61198059e+02, 2.83728607e+02,
    3.67219788e+02, 2.89943878e+02, 3.73202423e+02, 2.96070801e+02,
    3.31601715e+02, 2.65631317e+02, 3.37787781e+02, 2.71949371e+02,
    3.44022583e+02, 2.78227509e+02, 3.50183289e+02, 2.84463074e+02,
    3.56255890e+02, 2.90629364e+02, 3.62447540e+02, 2.96746857e+02,
    3.68438721e+02, 3.03042328e+02, 3.26312225e+02, 2.72532074e+02,
    3.32647583e+02, 2.78834381e+02, 3.38861725e+02, 2.85186676e+02,
    3.45161652e+02, 2.91405975e+02, 3.51291931e+02, 2.97669312e+02,
    3.57457733e+02, 3.03868988e+02, 3.63502502e+02, 3.09896667e+02,
    3.21079956e+02, 2.79455566e+02, 3.27404114e+02, 2.85808685e+02,
    3.33768860e+02, 2.92184906e+02, 3.39952423e+02, 2.98474670e+02,
    3.46252472e+02, 3.04830933e+02, 3.52394104e+02, 3.10901581e+02,
    3.58529999e+02, 3.17202026e+02 ]
