%YAML:1.0
---
points: [ 1.32460925e+03, 6.62491272e+02, 1.29531323e+03, 6.65970337e+02,
    1.26539526e+03, 6.69631958e+02, 1.23548376e+03, 6.73135498e+02,
    1.20535730e+03, 6.76679077e+02, 1.17456750e+03, 6.80536987e+02,
    1.14371509e+03, 6.84290283e+02, 1.32219263e+03, 6.30680542e+02,
    1.29256580e+03, 6.34242676e+02, 1.26286707e+03, 6.37630676e+02,
    1.23277136e+03, 6.41099426e+02, 1.20250122e+03, 6.44602112e+02,
    1.17178528e+03, 6.48084778e+02, 1.14108154e+03, 6.51492126e+02,
    1.31955786e+03, 5.99273438e+02, 1.29019604e+03, 6.02425659e+02,
    1.26026331e+03, 6.05665405e+02, 1.23030579e+03, 6.08882141e+02,
    1.19990356e+03, 6.12401672e+02, 1.16930200e+03, 6.15579163e+02,
    1.13845190e+03, 6.19127869e+02, 1.31727710e+03, 5.67468201e+02,
    1.28753992e+03, 5.70657654e+02, 1.25782141e+03, 5.73672424e+02,
    1.22761023e+03, 5.76783020e+02, 1.19731104e+03, 5.79980896e+02,
    1.16654211e+03, 5.83198975e+02, 1.13563623e+03, 5.86484253e+02,
    1.31469775e+03, 5.35599976e+02, 1.28524023e+03, 5.38641174e+02,
    1.25521399e+03, 5.41571411e+02, 1.22515393e+03, 5.44577881e+02,
    1.19459387e+03, 5.47590332e+02, 1.16400659e+03, 5.50549316e+02,
    1.13292822e+03, 5.53693787e+02, 1.31236707e+03, 5.03694702e+02,
    1.28270618e+03, 5.06625671e+02, 1.25278784e+03, 5.09400970e+02,
    1.22254944e+03, 5.12358337e+02, 1.19197705e+03, 5.15042786e+02,
    1.16130164e+03, 5.17904541e+02, 1.13034131e+03, 5.20735291e+02,
    1.31015955e+03, 4.71912537e+02, 1.28033923e+03, 4.74681580e+02,
    1.25028931e+03, 4.77346832e+02, 1.21998816e+03, 4.80022278e+02,
    1.18948743e+03, 4.82551331e+02, 1.15865881e+03, 4.85425232e+02,
    1.12750049e+03, 4.88031189e+02, 1.30761072e+03, 4.39982849e+02,
    1.27784119e+03, 4.42565582e+02, 1.24787329e+03, 4.44989136e+02,
    1.21748132e+03, 4.47557159e+02, 1.18680872e+03, 4.50106995e+02,
    1.15576978e+03, 4.52585724e+02, 1.12471423e+03, 4.55178986e+02,
    1.30539441e+03, 4.07851929e+02, 1.27556238e+03, 4.10287018e+02,
    1.24538599e+03, 4.12628662e+02, 1.21497253e+03, 4.14826813e+02,
    1.18443640e+03, 4.17409973e+02, 1.15343372e+03, 4.19609039e+02,
    1.12210498e+03, 4.22253448e+02 ]
