%YAML:1.0
---
points: [ 1.20560840e+03, 5.73603577e+02, 1.22295618e+03, 5.91407898e+02,
    1.24022156e+03, 6.09366394e+02, 1.25738452e+03, 6.27020325e+02,
    1.27450391e+03, 6.44658813e+02, 1.29151599e+03, 6.62279480e+02,
    1.30848511e+03, 6.79710693e+02, 1.19120447e+03, 5.91819946e+02,
    1.20864026e+03, 6.09955261e+02, 1.22611804e+03, 6.27715515e+02,
    1.24348474e+03, 6.45603027e+02, 1.26076477e+03, 6.63284546e+02,
    1.27799451e+03, 6.81082153e+02, 1.29514563e+03, 6.98566772e+02,
    1.17655811e+03, 6.10394104e+02, 1.19428967e+03, 6.28425232e+02,
    1.21183936e+03, 6.46502686e+02, 1.22942847e+03, 6.64380981e+02,
    1.24682019e+03, 6.82345215e+02, 1.26435425e+03, 6.99911804e+02,
    1.28167615e+03, 7.17729004e+02, 1.16171045e+03, 6.29174255e+02,
    1.17963684e+03, 6.47393311e+02, 1.19742297e+03, 6.65482300e+02,
    1.21512146e+03, 6.83636169e+02, 1.23273682e+03, 7.01447205e+02,
    1.25044983e+03, 7.19474976e+02, 1.26784412e+03, 7.37155151e+02,
    1.14662146e+03, 6.48412231e+02, 1.16461829e+03, 6.66718567e+02,
    1.18268811e+03, 6.84988464e+02, 1.20056763e+03, 7.03100769e+02,
    1.21844067e+03, 7.21064270e+02, 1.23613452e+03, 7.38948486e+02,
    1.25387891e+03, 7.57116211e+02, 1.13138782e+03, 6.67859436e+02,
    1.14963245e+03, 6.86312195e+02, 1.16772131e+03, 7.04598755e+02,
    1.18578992e+03, 7.22874878e+02, 1.20370911e+03, 7.41076172e+02,
    1.22165466e+03, 7.59285767e+02, 1.23952063e+03, 7.77191223e+02,
    1.11588940e+03, 6.87639954e+02, 1.13433081e+03, 7.06037476e+02,
    1.15259265e+03, 7.24573547e+02, 1.17081555e+03, 7.42809143e+02,
    1.18903821e+03, 7.61333496e+02, 1.20705579e+03, 7.79416199e+02,
    1.22513049e+03, 7.97627136e+02, 1.09986560e+03, 7.07880188e+02,
    1.11858020e+03, 7.26501526e+02, 1.13715125e+03, 7.45018555e+02,
    1.15558557e+03, 7.63533325e+02, 1.17381726e+03, 7.81911438e+02,
    1.19212622e+03, 8.00315674e+02, 1.21024390e+03, 8.18441589e+02,
    1.08405701e+03, 7.28406372e+02, 1.10280469e+03, 7.47034058e+02,
    1.12147717e+03, 7.65755066e+02, 1.14011597e+03, 7.84332764e+02,
    1.15861511e+03, 8.02884521e+02, 1.17691418e+03, 8.21211060e+02,
    1.19536731e+03, 8.39673401e+02 ]
