%YAML:1.0
---
points: [ 2.46952118e+02, 2.23411774e+02, 2.55914856e+02, 2.23324448e+02,
    2.65287170e+02, 2.23420792e+02, 2.74459503e+02, 2.23410812e+02,
    2.83689545e+02, 2.23456192e+02, 2.92881073e+02, 2.23467224e+02,
    3.02154663e+02, 2.23554199e+02, 2.46685471e+02, 2.30543732e+02,
    2.56018036e+02, 2.30586563e+02, 2.65413971e+02, 2.30536255e+02,
    2.74771545e+02, 2.30590240e+02, 2.84088867e+02, 2.30614532e+02,
    2.93455200e+02, 2.30638428e+02, 3.02878357e+02, 2.30716766e+02,
    2.46636261e+02, 2.37810364e+02, 2.55952087e+02, 2.37849930e+02,
    2.65703064e+02, 2.37948029e+02, 2.74961243e+02, 2.37926575e+02,
    2.84641174e+02, 2.38058929e+02, 2.94068542e+02, 2.38103104e+02,
    3.03713776e+02, 2.38156006e+02, 2.46310226e+02, 2.45565430e+02,
    2.55994629e+02, 2.45604431e+02, 2.65714478e+02, 2.45610672e+02,
    2.75372314e+02, 2.45687805e+02, 2.85051361e+02, 2.45701660e+02,
    2.94800415e+02, 2.45793320e+02, 3.04446167e+02, 2.45880722e+02,
    2.46156799e+02, 2.53450714e+02, 2.55925552e+02, 2.53567093e+02,
    2.65865967e+02, 2.53642059e+02, 2.75754333e+02, 2.53667526e+02,
    2.85615936e+02, 2.53696747e+02, 2.95466034e+02, 2.53818237e+02,
    3.05361938e+02, 2.53931000e+02, 2.45848434e+02, 2.61847321e+02,
    2.55949020e+02, 2.61934113e+02, 2.65948120e+02, 2.61966766e+02,
    2.76040161e+02, 2.62069641e+02, 2.86073883e+02, 2.62089600e+02,
    2.96200989e+02, 2.62181549e+02, 3.06241791e+02, 2.62200745e+02,
    2.45778519e+02, 2.70455048e+02, 2.55853699e+02, 2.70523224e+02,
    2.66232483e+02, 2.70613007e+02, 2.76493500e+02, 2.70663330e+02,
    2.86731750e+02, 2.70748413e+02, 2.96989532e+02, 2.70844421e+02,
    3.07311615e+02, 2.71001923e+02, 2.45629074e+02, 2.79371002e+02,
    2.55927216e+02, 2.79368744e+02, 2.66503540e+02, 2.79457336e+02,
    2.76842316e+02, 2.79575317e+02, 2.87239838e+02, 2.79644836e+02,
    2.97759003e+02, 2.79776855e+02, 3.08170471e+02, 2.79835175e+02,
    2.45380920e+02, 2.88755493e+02, 2.55865555e+02, 2.88868408e+02,
    2.66701599e+02, 2.88886993e+02, 2.77212433e+02, 2.89048492e+02,
    2.87947937e+02, 2.89084625e+02, 2.98548828e+02, 2.89175659e+02,
    3.09349121e+02, 2.89277222e+02 ]
