%YAML:1.0
---
points: [ 1.08891846e+03, 4.96628723e+02, 1.11855737e+03, 5.01835449e+02,
    1.14834705e+03, 5.07339569e+02, 1.17789380e+03, 5.12515869e+02,
    1.20754919e+03, 5.18002625e+02, 1.23746667e+03, 5.23271179e+02,
    1.26710596e+03, 5.28581787e+02, 1.08422339e+03, 5.26267151e+02,
    1.11362354e+03, 5.31556152e+02, 1.14346106e+03, 5.36790222e+02,
    1.17306738e+03, 5.42293701e+02, 1.20273267e+03, 5.47485535e+02,
    1.23256750e+03, 5.52963684e+02, 1.26245728e+03, 5.58192810e+02,
    1.07923755e+03, 5.55804626e+02, 1.10871130e+03, 5.61218750e+02,
    1.13858228e+03, 5.66537170e+02, 1.16842847e+03, 5.71924377e+02,
    1.19808191e+03, 5.77224243e+02, 1.22801282e+03, 5.82580017e+02,
    1.25781360e+03, 5.87923767e+02, 1.07423389e+03, 5.85650635e+02,
    1.10383545e+03, 5.91240051e+02, 1.13364050e+03, 5.96426453e+02,
    1.16347302e+03, 6.01847107e+02, 1.19330798e+03, 6.07091980e+02,
    1.22326929e+03, 6.12529480e+02, 1.25323938e+03, 6.17793823e+02,
    1.06928809e+03, 6.15659851e+02, 1.09909412e+03, 6.21090454e+02,
    1.12873877e+03, 6.26398926e+02, 1.15872241e+03, 6.31679443e+02,
    1.18858521e+03, 6.37211487e+02, 1.21843848e+03, 6.42432190e+02,
    1.24849756e+03, 6.47929077e+02, 1.06433875e+03, 6.45731323e+02,
    1.09417346e+03, 6.51068665e+02, 1.12392529e+03, 6.56431824e+02,
    1.15390112e+03, 6.61753906e+02, 1.18401440e+03, 6.67344482e+02,
    1.21378821e+03, 6.72515076e+02, 1.24385120e+03, 6.77975830e+02,
    1.05923682e+03, 6.76044250e+02, 1.08925537e+03, 6.81410767e+02,
    1.11913000e+03, 6.86722839e+02, 1.14904944e+03, 6.92135498e+02,
    1.17916406e+03, 6.97448181e+02, 1.20911792e+03, 7.02773010e+02,
    1.23920398e+03, 7.08284058e+02, 1.05406165e+03, 7.06354187e+02,
    1.08418115e+03, 7.11813293e+02, 1.11409546e+03, 7.17063660e+02,
    1.14425330e+03, 7.22622314e+02, 1.17440833e+03, 7.27861389e+02,
    1.20444678e+03, 7.33386719e+02, 1.23448267e+03, 7.38636475e+02,
    1.04917346e+03, 7.36860107e+02, 1.07925391e+03, 7.42327942e+02,
    1.10932874e+03, 7.47638672e+02, 1.13937610e+03, 7.53025452e+02,
    1.16957019e+03, 7.58538879e+02, 1.19977600e+03, 7.63831726e+02,
    1.22990747e+03, 7.69440918e+02 ]
