%YAML:1.0
---
points: [ 3.51399170e+02, 2.12975128e+02, 3.57300812e+02, 2.20621704e+02,
    3.63185303e+02, 2.28156326e+02, 3.68993652e+02, 2.35714691e+02,
    3.74822021e+02, 2.43014145e+02, 3.80585419e+02, 2.50605820e+02,
    3.86310760e+02, 2.58042480e+02, 3.45654877e+02, 2.19050583e+02,
    3.51658356e+02, 2.26752365e+02, 3.57543610e+02, 2.34351608e+02,
    3.63498047e+02, 2.41883102e+02, 3.69391235e+02, 2.49498093e+02,
    3.75256653e+02, 2.56958496e+02, 3.81092194e+02, 2.64449829e+02,
    3.39760864e+02, 2.25311081e+02, 3.45872925e+02, 2.33041901e+02,
    3.51892456e+02, 2.40683640e+02, 3.57899139e+02, 2.48342102e+02,
    3.63883575e+02, 2.55989151e+02, 3.69833252e+02, 2.63551483e+02,
    3.75752380e+02, 2.71041626e+02, 3.33865631e+02, 2.31668198e+02,
    3.39978577e+02, 2.39490082e+02, 3.46055969e+02, 2.47203720e+02,
    3.52182159e+02, 2.54989380e+02, 3.58225037e+02, 2.62523804e+02,
    3.64277802e+02, 2.70229645e+02, 3.70260620e+02, 2.77848114e+02,
    3.27670929e+02, 2.38235306e+02, 3.33930389e+02, 2.46055923e+02,
    3.40146820e+02, 2.53874268e+02, 3.46323273e+02, 2.61641510e+02,
    3.52482880e+02, 2.69416412e+02, 3.58588013e+02, 2.77110443e+02,
    3.64660217e+02, 2.84785767e+02, 3.21424164e+02, 2.44868484e+02,
    3.27802185e+02, 2.52780991e+02, 3.34090668e+02, 2.60723999e+02,
    3.40335876e+02, 2.68538757e+02, 3.46526306e+02, 2.76356262e+02,
    3.52740173e+02, 2.84152618e+02, 3.58896545e+02, 2.91881592e+02,
    3.15102234e+02, 2.51663498e+02, 3.21503052e+02, 2.59694305e+02,
    3.27889191e+02, 2.67664276e+02, 3.34276123e+02, 2.75584961e+02,
    3.40571655e+02, 2.83531006e+02, 3.46788208e+02, 2.91296875e+02,
    3.53045380e+02, 2.99161957e+02, 3.08557129e+02, 2.58632690e+02,
    3.15047577e+02, 2.66684723e+02, 3.21566925e+02, 2.74768951e+02,
    3.27962402e+02, 2.82811737e+02, 3.34353180e+02, 2.90766876e+02,
    3.40712280e+02, 2.98694122e+02, 3.46991241e+02, 3.06480103e+02,
    3.01908356e+02, 2.65790497e+02, 3.08529877e+02, 2.73921051e+02,
    3.15018433e+02, 2.82076599e+02, 3.21562897e+02, 2.90120300e+02,
    3.28038513e+02, 2.98270020e+02, 3.34411560e+02, 3.06171478e+02,
    3.40854248e+02, 3.14130219e+02 ]
