%YAML:1.0
---
points: [ 1.89364655e+02, 1.92948792e+02, 1.98588501e+02, 1.93332428e+02,
    2.07813309e+02, 1.93589325e+02, 2.17043503e+02, 1.93786514e+02,
    2.26312592e+02, 1.94057922e+02, 2.35425400e+02, 1.94396606e+02,
    2.44660355e+02, 1.94635422e+02, 1.88172867e+02, 1.99865707e+02,
    1.97533813e+02, 2.00220276e+02, 2.06957321e+02, 2.00568192e+02,
    2.16321716e+02, 2.00711304e+02, 2.25606552e+02, 2.00875931e+02,
    2.34964096e+02, 2.01235977e+02, 2.44323090e+02, 2.01596466e+02,
    1.86894821e+02, 2.06993881e+02, 1.96373840e+02, 2.07448761e+02,
    2.06019943e+02, 2.07715775e+02, 2.15453461e+02, 2.07935623e+02,
    2.24990402e+02, 2.08244034e+02, 2.34500122e+02, 2.08520096e+02,
    2.43908371e+02, 2.08691010e+02, 1.85591461e+02, 2.14495102e+02,
    1.95339081e+02, 2.14674088e+02, 2.05028824e+02, 2.14862991e+02,
    2.14661057e+02, 2.15253387e+02, 2.24284500e+02, 2.15642883e+02,
    2.33971680e+02, 2.15819397e+02, 2.43614960e+02, 2.16154358e+02,
    1.84243546e+02, 2.21996185e+02, 1.94098969e+02, 2.22413086e+02,
    2.04013123e+02, 2.22689880e+02, 2.13836975e+02, 2.22859741e+02,
    2.23672897e+02, 2.23217316e+02, 2.33477768e+02, 2.23590683e+02,
    2.43298096e+02, 2.23804794e+02, 1.82827744e+02, 2.29921646e+02,
    1.92864258e+02, 2.30295609e+02, 2.03006165e+02, 2.30650024e+02,
    2.12943832e+02, 2.30906204e+02, 2.22963760e+02, 2.31167587e+02,
    2.32945511e+02, 2.31509048e+02, 2.42879684e+02, 2.31703140e+02,
    1.81430099e+02, 2.38202454e+02, 1.91626587e+02, 2.38624191e+02,
    2.01857727e+02, 2.38856201e+02, 2.12080612e+02, 2.39051270e+02,
    2.22240845e+02, 2.39357559e+02, 2.32384552e+02, 2.39595367e+02,
    2.42590912e+02, 2.39838364e+02, 1.79827133e+02, 2.46806717e+02,
    1.90347641e+02, 2.46996185e+02, 2.00688934e+02, 2.47283981e+02,
    2.11097565e+02, 2.47536575e+02, 2.21458328e+02, 2.47799316e+02,
    2.31850143e+02, 2.48145538e+02, 2.42117844e+02, 2.48429947e+02,
    1.78331284e+02, 2.55669922e+02, 1.88914963e+02, 2.55888596e+02,
    1.99628632e+02, 2.56128601e+02, 2.10131241e+02, 2.56479340e+02,
    2.20714691e+02, 2.56650726e+02, 2.31236267e+02, 2.56895386e+02,
    2.41777344e+02, 2.57158081e+02 ]
