%YAML:1.0
---
points: [ 1.16945850e+03, 5.32612610e+02, 1.18689539e+03, 5.55082031e+02,
    1.20442444e+03, 5.77280823e+02, 1.22166345e+03, 5.99357971e+02,
    1.23895068e+03, 6.21317993e+02, 1.25617749e+03, 6.43222351e+02,
    1.27325818e+03, 6.64991455e+02, 1.15186658e+03, 5.50712952e+02,
    1.16964514e+03, 5.73305603e+02, 1.18738318e+03, 5.95586731e+02,
    1.20485291e+03, 6.17851135e+02, 1.22243408e+03, 6.40064148e+02,
    1.23983337e+03, 6.62167236e+02, 1.25728223e+03, 6.84089905e+02,
    1.13418921e+03, 5.69104919e+02, 1.15204077e+03, 5.91636841e+02,
    1.16992480e+03, 6.14335083e+02, 1.18778784e+03, 6.36739441e+02,
    1.20554553e+03, 6.59167480e+02, 1.22325745e+03, 6.81362122e+02,
    1.24085742e+03, 7.03567749e+02, 1.11583862e+03, 5.87628052e+02,
    1.13427002e+03, 6.10667419e+02, 1.15232520e+03, 6.33374817e+02,
    1.17038647e+03, 6.56175476e+02, 1.18841699e+03, 6.78624023e+02,
    1.20638623e+03, 7.01188843e+02, 1.22424438e+03, 7.23516479e+02,
    1.09729846e+03, 6.06964050e+02, 1.11566333e+03, 6.29921082e+02,
    1.13429724e+03, 6.53085876e+02, 1.15250659e+03, 6.75848755e+02,
    1.17070972e+03, 6.98717957e+02, 1.18889429e+03, 7.21370361e+02,
    1.20710730e+03, 7.43996338e+02, 1.07821875e+03, 6.26590088e+02,
    1.09700317e+03, 6.49847717e+02, 1.11565161e+03, 6.73167358e+02,
    1.13433459e+03, 6.96279053e+02, 1.15267847e+03, 7.19248657e+02,
    1.17111841e+03, 7.42167419e+02, 1.18947412e+03, 7.64880920e+02,
    1.05873047e+03, 6.46618835e+02, 1.07778088e+03, 6.70218018e+02,
    1.09675000e+03, 6.93638550e+02, 1.11555762e+03, 7.16855347e+02,
    1.13438977e+03, 7.40197693e+02, 1.15285767e+03, 7.63210449e+02,
    1.17148669e+03, 7.86301392e+02, 1.03883447e+03, 6.67337524e+02,
    1.05807874e+03, 6.90944397e+02, 1.07740808e+03, 7.14683838e+02,
    1.09644946e+03, 7.38190674e+02, 1.11542651e+03, 7.61595947e+02,
    1.13431836e+03, 7.84927002e+02, 1.15305676e+03, 8.08153931e+02,
    1.01849377e+03, 6.88367310e+02, 1.03819409e+03, 7.12256104e+02,
    1.05754675e+03, 7.36286194e+02, 1.07677356e+03, 7.59976562e+02,
    1.09610071e+03, 7.83637390e+02, 1.11525220e+03, 8.07229492e+02,
    1.13431995e+03, 8.30664246e+02 ]
