%YAML:1.0
---
points: [ 1.10719702e+03, 3.90934296e+02, 1.10742761e+03, 4.21620789e+02,
    1.10768323e+03, 4.51660004e+02, 1.10804492e+03, 4.81309601e+02,
    1.10836670e+03, 5.10023865e+02, 1.10860950e+03, 5.38439514e+02,
    1.10886304e+03, 5.66097473e+02, 1.07829883e+03, 3.95284760e+02,
    1.07885889e+03, 4.26242920e+02, 1.07955408e+03, 4.56428253e+02,
    1.08022144e+03, 4.86271088e+02, 1.08062573e+03, 5.15244263e+02,
    1.08137524e+03, 5.43779053e+02, 1.08192737e+03, 5.71562195e+02,
    1.04901074e+03, 3.99603058e+02, 1.04991309e+03, 4.30787720e+02,
    1.05084863e+03, 4.61347992e+02, 1.05184668e+03, 4.91352875e+02,
    1.05281091e+03, 5.20318665e+02, 1.05358606e+03, 5.49222168e+02,
    1.05458826e+03, 5.76956299e+02, 1.01939038e+03, 4.04175018e+02,
    1.02066785e+03, 4.35498535e+02, 1.02180389e+03, 4.66325836e+02,
    1.02312299e+03, 4.96480927e+02, 1.02441309e+03, 5.25622864e+02,
    1.02554626e+03, 5.54575134e+02, 1.02673193e+03, 5.82641846e+02,
    9.89194946e+02, 4.08695190e+02, 9.90678650e+02, 4.40395569e+02,
    9.92372314e+02, 4.71346558e+02, 9.93954712e+02, 5.01532440e+02,
    9.95516541e+02, 5.31024658e+02, 9.96883240e+02, 5.60138062e+02,
    9.98342834e+02, 5.88399048e+02, 9.58381165e+02, 4.13423492e+02,
    9.60363953e+02, 4.45296936e+02, 9.62341309e+02, 4.76401459e+02,
    9.64251465e+02, 5.06865814e+02, 9.65938599e+02, 5.36560059e+02,
    9.67713257e+02, 5.65680237e+02, 9.69572571e+02, 5.94335449e+02,
    9.27277771e+02, 4.18236633e+02, 9.29440308e+02, 4.50232849e+02,
    9.31879883e+02, 4.81459595e+02, 9.33979614e+02, 5.12262146e+02,
    9.36307129e+02, 5.42023987e+02, 9.38344238e+02, 5.71345032e+02,
    9.40397278e+02, 6.00089355e+02, 8.95359741e+02, 4.22967957e+02,
    8.98010315e+02, 4.55183380e+02, 9.00738892e+02, 4.86621796e+02,
    9.03309875e+02, 5.17618286e+02, 9.05797668e+02, 5.47576782e+02,
    9.08178894e+02, 5.77036682e+02, 9.10601807e+02, 6.05968201e+02,
    8.63042664e+02, 4.27924103e+02, 8.66018921e+02, 4.60393097e+02,
    8.69204956e+02, 4.92020538e+02, 8.71934692e+02, 5.23166931e+02,
    8.74908386e+02, 5.53418823e+02, 8.77515686e+02, 5.82863953e+02,
    8.80301514e+02, 6.12224854e+02 ]
