%YAML:1.0
---
points: [ 2.73837952e+02, 1.58761597e+02, 2.66174194e+02, 1.66557037e+02,
    2.58669952e+02, 1.74298477e+02, 2.51087280e+02, 1.82116730e+02,
    2.43556458e+02, 1.89697052e+02, 2.36089981e+02, 1.97363525e+02,
    2.28627838e+02, 2.05018188e+02, 2.66781281e+02, 1.52331772e+02,
    2.59281250e+02, 1.60110168e+02, 2.51818695e+02, 1.67753067e+02,
    2.44383148e+02, 1.75382721e+02, 2.36939011e+02, 1.83057571e+02,
    2.29587631e+02, 1.90580734e+02, 2.22198318e+02, 1.98077530e+02,
    2.59975250e+02, 1.46135986e+02, 2.52575485e+02, 1.53769028e+02,
    2.45220016e+02, 1.61364197e+02, 2.37827133e+02, 1.68930008e+02,
    2.30504822e+02, 1.76430542e+02, 2.23219376e+02, 1.83984741e+02,
    2.15925797e+02, 1.91393448e+02, 2.53287903e+02, 1.40017883e+02,
    2.45989319e+02, 1.47591919e+02, 2.38703873e+02, 1.55090500e+02,
    2.31485168e+02, 1.62619812e+02, 2.24238770e+02, 1.70081787e+02,
    2.17045090e+02, 1.77461258e+02, 2.09806885e+02, 1.84829865e+02,
    2.46759277e+02, 1.33975006e+02, 2.39519669e+02, 1.41486710e+02,
    2.32330536e+02, 1.48961105e+02, 2.25175919e+02, 1.56396301e+02,
    2.18091431e+02, 1.63743698e+02, 2.10930740e+02, 1.71137360e+02,
    2.03861160e+02, 1.78397293e+02, 2.40344894e+02, 1.28114395e+02,
    2.33235092e+02, 1.35536697e+02, 2.26119995e+02, 1.42945374e+02,
    2.19052475e+02, 1.50274017e+02, 2.12020294e+02, 1.57606354e+02,
    2.04989761e+02, 1.64867355e+02, 1.97929459e+02, 1.72153259e+02,
    2.34126328e+02, 1.22336044e+02, 2.27096344e+02, 1.29743790e+02,
    2.20088821e+02, 1.37086075e+02, 2.13054276e+02, 1.44362961e+02,
    2.06124908e+02, 1.51600372e+02, 1.99174515e+02, 1.58824402e+02,
    1.92278534e+02, 1.66025253e+02, 2.27978180e+02, 1.16762718e+02,
    2.21035431e+02, 1.24012062e+02, 2.14093216e+02, 1.31309891e+02,
    2.07189941e+02, 1.38531387e+02, 2.00306091e+02, 1.45721481e+02,
    1.93488617e+02, 1.52938919e+02, 1.86650742e+02, 1.59988220e+02,
    2.21913834e+02, 1.11216110e+02, 2.15137299e+02, 1.18364471e+02,
    2.08221069e+02, 1.25691856e+02, 2.01467163e+02, 1.32834076e+02,
    1.94639313e+02, 1.39959152e+02, 1.87909286e+02, 1.47103241e+02,
    1.81167679e+02, 1.54198395e+02 ]
