%YAML:1.0
---
points: [ 1.09055933e+03, 5.06295929e+02, 1.12016895e+03, 5.11680237e+02,
    1.14949927e+03, 5.17356689e+02, 1.17903101e+03, 5.22804016e+02,
    1.20828491e+03, 5.28405396e+02, 1.23764355e+03, 5.33701111e+02,
    1.26665198e+03, 5.39309692e+02, 1.08546570e+03, 5.36157898e+02,
    1.11498181e+03, 5.41569336e+02, 1.14440723e+03, 5.47182617e+02,
    1.17378223e+03, 5.52627258e+02, 1.20309558e+03, 5.57933350e+02,
    1.23251892e+03, 5.63555542e+02, 1.26166931e+03, 5.68852844e+02,
    1.08025000e+03, 5.66209839e+02, 1.10982056e+03, 5.71545959e+02,
    1.13940430e+03, 5.76920166e+02, 1.16882056e+03, 5.82477661e+02,
    1.19821838e+03, 5.87776489e+02, 1.22758630e+03, 5.93366516e+02,
    1.25675537e+03, 5.98551941e+02, 1.07495215e+03, 5.96245667e+02,
    1.10455676e+03, 6.01602051e+02, 1.13415833e+03, 6.06839172e+02,
    1.16360962e+03, 6.12466675e+02, 1.19297876e+03, 6.17649902e+02,
    1.22246875e+03, 6.23162842e+02, 1.25175977e+03, 6.28456055e+02,
    1.06974805e+03, 6.26343445e+02, 1.09951575e+03, 6.31628723e+02,
    1.12899353e+03, 6.37191406e+02, 1.15862646e+03, 6.42449463e+02,
    1.18797156e+03, 6.47762695e+02, 1.21744067e+03, 6.53030701e+02,
    1.24671313e+03, 6.58518921e+02, 1.06458899e+03, 6.56546082e+02,
    1.09434961e+03, 6.61862549e+02, 1.12377576e+03, 6.67229431e+02,
    1.15352271e+03, 6.72451904e+02, 1.18300281e+03, 6.77747498e+02,
    1.21245630e+03, 6.83084717e+02, 1.24189539e+03, 6.88435486e+02,
    1.05940649e+03, 6.86956299e+02, 1.08923535e+03, 6.92344543e+02,
    1.11867419e+03, 6.97444214e+02, 1.14847253e+03, 7.02706726e+02,
    1.17785620e+03, 7.07971802e+02, 1.20745825e+03, 7.13275085e+02,
    1.23688599e+03, 7.18509277e+02, 1.05395642e+03, 7.17427429e+02,
    1.08380225e+03, 7.22660034e+02, 1.11354138e+03, 7.27773987e+02,
    1.14331726e+03, 7.33198547e+02, 1.17283044e+03, 7.38349365e+02,
    1.20240442e+03, 7.43531067e+02, 1.23205530e+03, 7.48662842e+02,
    1.04868616e+03, 7.47992615e+02, 1.07867188e+03, 7.53207397e+02,
    1.10851636e+03, 7.58425781e+02, 1.13829932e+03, 7.63522400e+02,
    1.16782336e+03, 7.68692383e+02, 1.19742871e+03, 7.73685364e+02,
    1.22711426e+03, 7.79143127e+02 ]
