%YAML:1.0
---
points: [ 3.32135925e+02, 1.64722290e+02, 3.31901459e+02, 1.75174850e+02,
    3.31753723e+02, 1.85461349e+02, 3.31586304e+02, 1.95453430e+02,
    3.31478516e+02, 2.05271759e+02, 3.31273956e+02, 2.14819824e+02,
    3.31234406e+02, 2.24340347e+02, 3.22267059e+02, 1.66210526e+02,
    3.22254395e+02, 1.76820145e+02, 3.22235718e+02, 1.87105209e+02,
    3.22237671e+02, 1.97190399e+02, 3.22172516e+02, 2.07005402e+02,
    3.22160431e+02, 2.16691635e+02, 3.22230713e+02, 2.26158142e+02,
    3.12506989e+02, 1.67799057e+02, 3.12602325e+02, 1.78382187e+02,
    3.12703400e+02, 1.88749313e+02, 3.12790009e+02, 1.98838150e+02,
    3.12893433e+02, 2.08766678e+02, 3.13020172e+02, 2.18540787e+02,
    3.13081329e+02, 2.28063675e+02, 3.02569763e+02, 1.69327469e+02,
    3.02868103e+02, 1.79974396e+02, 3.03070862e+02, 1.90437820e+02,
    3.03199585e+02, 2.00618057e+02, 3.03297058e+02, 2.10568542e+02,
    3.03535217e+02, 2.20416977e+02, 3.03755615e+02, 2.29963928e+02,
    2.92487061e+02, 1.70877228e+02, 2.92857544e+02, 1.81624512e+02,
    2.93127747e+02, 1.92111206e+02, 2.93375214e+02, 2.02373932e+02,
    2.93722778e+02, 2.12397903e+02, 2.93991119e+02, 2.22263596e+02,
    2.94233582e+02, 2.31898087e+02, 2.82231018e+02, 1.72527939e+02,
    2.82677002e+02, 1.83328690e+02, 2.83067413e+02, 1.93853333e+02,
    2.83453491e+02, 2.04164017e+02, 2.83860474e+02, 2.14228287e+02,
    2.84211823e+02, 2.24169281e+02, 2.84654755e+02, 2.33830750e+02,
    2.71869385e+02, 1.74108673e+02, 2.72387238e+02, 1.84977600e+02,
    2.72925354e+02, 1.95621048e+02, 2.73343689e+02, 2.06055450e+02,
    2.73888641e+02, 2.16075623e+02, 2.74420135e+02, 2.26076889e+02,
    2.74857361e+02, 2.35828110e+02, 2.61202301e+02, 1.75770370e+02,
    2.61917114e+02, 1.86733795e+02, 2.62564087e+02, 1.97322906e+02,
    2.63235321e+02, 2.07899261e+02, 2.63828461e+02, 2.17977707e+02,
    2.64386719e+02, 2.27998169e+02, 2.64955536e+02, 2.37804825e+02,
    2.50500214e+02, 1.77494415e+02, 2.51291794e+02, 1.88479172e+02,
    2.52047256e+02, 1.99133865e+02, 2.52820175e+02, 2.09725281e+02,
    2.53486313e+02, 2.20017624e+02, 2.54183960e+02, 2.29948135e+02,
    2.54891083e+02, 2.39809021e+02 ]
