%YAML:1.0
---
points: [ 8.08041931e+02, 1.73272934e+02, 8.38512573e+02, 1.93475296e+02,
    8.68223328e+02, 2.13135635e+02, 8.97463806e+02, 2.32442795e+02,
    9.25839661e+02, 2.51308777e+02, 9.53841370e+02, 2.69615143e+02,
    9.81285217e+02, 2.87736603e+02, 7.90494263e+02, 2.04480057e+02,
    8.20726379e+02, 2.24129715e+02, 8.50572876e+02, 2.43324326e+02,
    8.79585510e+02, 2.62140411e+02, 9.08086304e+02, 2.80505920e+02,
    9.35964111e+02, 2.98526093e+02, 9.63340820e+02, 3.16172852e+02,
    7.73193665e+02, 2.34883774e+02, 8.03564270e+02, 2.54182022e+02,
    8.33211121e+02, 2.72837341e+02, 8.62162415e+02, 2.91251801e+02,
    8.90542847e+02, 3.09260010e+02, 9.18418213e+02, 3.26787170e+02,
    9.45674744e+02, 3.44113159e+02, 7.56389160e+02, 2.64917908e+02,
    7.86496521e+02, 2.83593933e+02, 8.15966431e+02, 3.01924316e+02,
    8.45121094e+02, 3.19777985e+02, 8.73277344e+02, 3.37397064e+02,
    9.01047607e+02, 3.54614075e+02, 9.28283264e+02, 3.71444214e+02,
    7.39562622e+02, 2.94352600e+02, 7.69618958e+02, 3.12658783e+02,
    7.99258057e+02, 3.30485657e+02, 8.28113831e+02, 3.48093079e+02,
    8.56326965e+02, 3.65070099e+02, 8.83852173e+02, 3.81843292e+02,
    9.11162659e+02, 3.98431702e+02, 7.23224670e+02, 3.23398773e+02,
    7.53177490e+02, 3.41172272e+02, 7.82580994e+02, 3.58601715e+02,
    8.11394287e+02, 3.75606110e+02, 8.39517639e+02, 3.92442596e+02,
    8.67188232e+02, 4.08739380e+02, 8.94353638e+02, 4.24954926e+02,
    7.06960083e+02, 3.51611420e+02, 7.36781738e+02, 3.68997681e+02,
    7.66359497e+02, 3.86023132e+02, 7.94982117e+02, 4.02790802e+02,
    8.23195862e+02, 4.19011780e+02, 8.50638062e+02, 4.35005280e+02,
    8.77662048e+02, 4.50716675e+02, 6.91036438e+02, 3.79653717e+02,
    7.20879639e+02, 3.96502808e+02, 7.50091309e+02, 4.13216003e+02,
    7.78755371e+02, 4.29458649e+02, 8.06742981e+02, 4.45397583e+02,
    8.34321228e+02, 4.60909485e+02, 8.61324219e+02, 4.76316650e+02,
    6.75275208e+02, 4.07107025e+02, 7.05116455e+02, 4.23813843e+02,
    7.34317871e+02, 4.39808289e+02, 7.62685303e+02, 4.55709015e+02,
    7.90767700e+02, 4.71259552e+02, 8.18248352e+02, 4.86478424e+02,
    8.45274841e+02, 5.01453491e+02 ]
