%YAML:1.0
---
points: [ 2.76632416e+02, 6.03209877e+01, 2.85468384e+02, 6.70430450e+01,
    2.94341003e+02, 7.39185867e+01, 3.03263306e+02, 8.07911072e+01,
    3.12211029e+02, 8.77209778e+01, 3.21279724e+02, 9.46839447e+01,
    3.30270477e+02, 1.01566048e+02, 2.71097778e+02, 7.03062668e+01,
    2.79710602e+02, 7.70680466e+01, 2.88441467e+02, 8.38365402e+01,
    2.97129791e+02, 9.06043549e+01, 3.05970856e+02, 9.74634705e+01,
    3.14767029e+02, 1.04183441e+02, 3.23658875e+02, 1.11057175e+02,
    2.65684906e+02, 8.01204758e+01, 2.74185608e+02, 8.67793503e+01,
    2.82711456e+02, 9.34143295e+01, 2.91227234e+02, 1.00063828e+02,
    2.99819153e+02, 1.06816917e+02, 3.08485992e+02, 1.13491409e+02,
    3.17186920e+02, 1.20222717e+02, 2.60512756e+02, 8.94964447e+01,
    2.68867432e+02, 9.60328293e+01, 2.77197937e+02, 1.02600800e+02,
    2.85594604e+02, 1.09204742e+02, 2.94059143e+02, 1.15756866e+02,
    3.02500458e+02, 1.22378288e+02, 3.11048889e+02, 1.28956070e+02,
    2.55556061e+02, 9.86025925e+01, 2.63738373e+02, 1.05032898e+02,
    2.71926086e+02, 1.11455429e+02, 2.80174469e+02, 1.17920349e+02,
    2.88417999e+02, 1.24407967e+02, 2.96745178e+02, 1.30948608e+02,
    3.05049622e+02, 1.37427002e+02, 2.50756912e+02, 1.07332336e+02,
    2.58778870e+02, 1.13626007e+02, 2.66864807e+02, 1.20020966e+02,
    2.74880310e+02, 1.26430206e+02, 2.83027679e+02, 1.32759949e+02,
    2.91150635e+02, 1.39203171e+02, 2.99362823e+02, 1.45668793e+02,
    2.46159393e+02, 1.15719917e+02, 2.54102509e+02, 1.22064133e+02,
    2.61946472e+02, 1.28279602e+02, 2.69899536e+02, 1.34574982e+02,
    2.77793732e+02, 1.40822037e+02, 2.85825043e+02, 1.47117004e+02,
    2.93812164e+02, 1.53442261e+02, 2.41813477e+02, 1.23937485e+02,
    2.49409439e+02, 1.30032455e+02, 2.57265259e+02, 1.36251144e+02,
    2.64991058e+02, 1.42340607e+02, 2.72832123e+02, 1.48590591e+02,
    2.80597137e+02, 1.54738770e+02, 2.88527924e+02, 1.61025528e+02,
    2.37423752e+02, 1.31762024e+02, 2.45094971e+02, 1.37833542e+02,
    2.52634796e+02, 1.43903809e+02, 2.60300568e+02, 1.50003311e+02,
    2.67929840e+02, 1.56086151e+02, 2.75667145e+02, 1.62221756e+02,
    2.83330475e+02, 1.68340012e+02 ]
