%YAML:1.0
---
points: [ 2.32922882e+02, 9.12368851e+01, 2.42928619e+02, 9.80780792e+01,
    2.52771667e+02, 1.04664452e+02, 2.62384369e+02, 1.11196739e+02,
    2.71835022e+02, 1.17538086e+02, 2.81084930e+02, 1.23761833e+02,
    2.90184998e+02, 1.29876755e+02, 2.26722961e+02, 1.01865219e+02,
    2.36739441e+02, 1.08460640e+02, 2.46518280e+02, 1.14963837e+02,
    2.56141174e+02, 1.21308632e+02, 2.65535217e+02, 1.27509888e+02,
    2.74785095e+02, 1.33616577e+02, 2.83887360e+02, 1.39584686e+02,
    2.20690201e+02, 1.12127243e+02, 2.30662170e+02, 1.18614326e+02,
    2.40439224e+02, 1.24925812e+02, 2.50036453e+02, 1.31138657e+02,
    2.59383362e+02, 1.37174057e+02, 2.68632935e+02, 1.43136826e+02,
    2.77663086e+02, 1.48950378e+02, 2.14699509e+02, 1.22340446e+02,
    2.24653763e+02, 1.28586945e+02, 2.34400650e+02, 1.34811523e+02,
    2.44015182e+02, 1.40846848e+02, 2.53352737e+02, 1.46803650e+02,
    2.62535095e+02, 1.52611938e+02, 2.71549103e+02, 1.58318680e+02,
    2.08819717e+02, 1.32279266e+02, 2.18745697e+02, 1.38522095e+02,
    2.28527802e+02, 1.44512894e+02, 2.38050781e+02, 1.50477448e+02,
    2.47361603e+02, 1.56193939e+02, 2.56559570e+02, 1.61882202e+02,
    2.65540436e+02, 1.67379654e+02, 2.03058792e+02, 1.42133270e+02,
    2.12962357e+02, 1.48169479e+02, 2.22689301e+02, 1.54009247e+02,
    2.32165588e+02, 1.59777893e+02, 2.41551712e+02, 1.65424667e+02,
    2.50637192e+02, 1.70941483e+02, 2.59666473e+02, 1.76461334e+02,
    1.97366333e+02, 1.51686981e+02, 2.07244370e+02, 1.57609924e+02,
    2.16972595e+02, 1.63342728e+02, 2.26432114e+02, 1.68999054e+02,
    2.35784241e+02, 1.74460831e+02, 2.44859772e+02, 1.79924210e+02,
    2.53816757e+02, 1.85196930e+02, 1.91775177e+02, 1.61211395e+02,
    2.01653900e+02, 1.66826782e+02, 2.11306915e+02, 1.72523804e+02,
    2.20815903e+02, 1.78047943e+02, 2.30112000e+02, 1.83399445e+02,
    2.39150177e+02, 1.88707794e+02, 2.48093506e+02, 1.93921249e+02,
    1.86248108e+02, 1.70415512e+02, 1.96148300e+02, 1.76147812e+02,
    2.05732224e+02, 1.81531631e+02, 2.15231003e+02, 1.86902618e+02,
    2.24403671e+02, 1.92165131e+02, 2.33554794e+02, 1.97336334e+02,
    2.42412933e+02, 2.02345154e+02 ]
