%YAML:1.0
---
points: [ 1.04637012e+03, 2.70241455e+02, 1.04341968e+03, 2.98615784e+02,
    1.04029016e+03, 3.26450714e+02, 1.03744995e+03, 3.53435364e+02,
    1.03458142e+03, 3.79532043e+02, 1.03194580e+03, 4.05430450e+02,
    1.02926819e+03, 4.30278351e+02, 1.01762958e+03, 2.68466736e+02,
    1.01505743e+03, 2.96950073e+02, 1.01246143e+03, 3.24520233e+02,
    1.00990759e+03, 3.51508026e+02, 1.00745178e+03, 3.77862000e+02,
    1.00519324e+03, 4.03544617e+02, 1.00264545e+03, 4.28522766e+02,
    9.89230591e+02, 2.66641998e+02, 9.86607361e+02, 2.95218689e+02,
    9.84539307e+02, 3.22805878e+02, 9.82425415e+02, 3.49751221e+02,
    9.80361145e+02, 3.76144928e+02, 9.78327515e+02, 4.01824280e+02,
    9.76202087e+02, 4.26791260e+02, 9.60533630e+02, 2.64749969e+02,
    9.58637329e+02, 2.93306793e+02, 9.56601562e+02, 3.21048676e+02,
    9.54816650e+02, 3.48117889e+02, 9.53296997e+02, 3.74481628e+02,
    9.51478821e+02, 4.00243011e+02, 9.49676758e+02, 4.25165741e+02,
    9.31822571e+02, 2.62664703e+02, 9.30383423e+02, 2.91483002e+02,
    9.28675232e+02, 3.19113800e+02, 9.27292908e+02, 3.46271606e+02,
    9.25859680e+02, 3.72583466e+02, 9.24509827e+02, 3.98333466e+02,
    9.23408142e+02, 4.23409637e+02, 9.03145325e+02, 2.60853302e+02,
    9.02005310e+02, 2.89509521e+02, 9.00863525e+02, 3.17413696e+02,
    8.99841248e+02, 3.44357880e+02, 8.98634644e+02, 3.70772980e+02,
    8.97559265e+02, 3.96472504e+02, 8.96667969e+02, 4.21649048e+02,
    8.74595642e+02, 2.58914581e+02, 8.73657166e+02, 2.87416260e+02,
    8.73057251e+02, 3.15491425e+02, 8.72122314e+02, 3.42503632e+02,
    8.71506714e+02, 3.68946808e+02, 8.70768311e+02, 3.94636932e+02,
    8.70230774e+02, 4.19755157e+02, 8.45748352e+02, 2.56781738e+02,
    8.45285583e+02, 2.85545074e+02, 8.44946045e+02, 3.13450439e+02,
    8.44618958e+02, 3.40627014e+02, 8.44288696e+02, 3.67193787e+02,
    8.43875610e+02, 3.92829773e+02, 8.43512390e+02, 4.18237854e+02,
    8.17022827e+02, 2.54900177e+02, 8.16897949e+02, 2.83516907e+02,
    8.16955200e+02, 3.11534454e+02, 8.16852600e+02, 3.38727020e+02,
    8.16901367e+02, 3.65311462e+02, 8.16818970e+02, 3.91241119e+02,
    8.16854553e+02, 4.16455597e+02 ]
