%YAML:1.0
---
points: [ 9.74533752e+02, 2.60650238e+02, 9.51584106e+02, 2.76855469e+02,
    9.28676514e+02, 2.93192657e+02, 9.05698792e+02, 3.09324860e+02,
    8.82821106e+02, 3.25509552e+02, 8.59964355e+02, 3.41599548e+02,
    8.37113892e+02, 3.57604431e+02, 9.60199402e+02, 2.36425522e+02,
    9.36812805e+02, 2.52903854e+02, 9.13677612e+02, 2.69349304e+02,
    8.90484985e+02, 2.85697144e+02, 8.67413879e+02, 3.02178833e+02,
    8.44242920e+02, 3.18370667e+02, 8.20947815e+02, 3.34641846e+02,
    9.45367432e+02, 2.11620529e+02, 9.21857788e+02, 2.28325577e+02,
    8.98320679e+02, 2.44937759e+02, 8.74821899e+02, 2.61474792e+02,
    8.51395447e+02, 2.78160187e+02, 8.27930359e+02, 2.94615753e+02,
    8.04448853e+02, 3.11175201e+02, 9.30344910e+02, 1.86234665e+02,
    9.06340698e+02, 2.03190125e+02, 8.82595276e+02, 2.19998306e+02,
    8.58737549e+02, 2.36846771e+02, 8.35178467e+02, 2.53626556e+02,
    8.11294250e+02, 2.70372833e+02, 7.87560059e+02, 2.87122437e+02,
    9.14605469e+02, 1.59988022e+02, 8.90467407e+02, 1.77176498e+02,
    8.66410950e+02, 1.94309692e+02, 8.42391968e+02, 2.11325104e+02,
    8.18345154e+02, 2.28326126e+02, 7.94263245e+02, 2.45397568e+02,
    7.70182678e+02, 2.62258118e+02, 8.98618286e+02, 1.33193542e+02,
    8.74162231e+02, 1.50500656e+02, 8.49750000e+02, 1.67956085e+02,
    8.25387146e+02, 1.85177094e+02, 8.01073303e+02, 2.02370911e+02,
    7.76591492e+02, 2.19617737e+02, 7.52342834e+02, 2.36797607e+02,
    8.82037598e+02, 1.05642532e+02, 8.57403748e+02, 1.23252777e+02,
    8.32555298e+02, 1.40905090e+02, 8.08069641e+02, 1.58390518e+02,
    7.83295593e+02, 1.75786041e+02, 7.58635376e+02, 1.93355698e+02,
    7.33908691e+02, 2.10687836e+02, 8.65289612e+02, 7.74334335e+01,
    8.40202332e+02, 9.53099823e+01, 8.15249695e+02, 1.13151146e+02,
    7.89992676e+02, 1.30904617e+02, 7.65236206e+02, 1.48578430e+02,
    7.40183838e+02, 1.66333939e+02, 7.15282837e+02, 1.84032532e+02,
    8.47759644e+02, 4.85377922e+01, 8.22499817e+02, 6.65706635e+01,
    7.97083679e+02, 8.46432571e+01, 7.71890076e+02, 1.02569077e+02,
    7.46445618e+02, 1.20684448e+02, 7.21294128e+02, 1.38586853e+02,
    6.95877747e+02, 1.56482132e+02 ]
