%YAML:1.0
---
points: [ 2.84292023e+02, 1.20515266e+02, 2.76473907e+02, 1.25993172e+02,
    2.68637939e+02, 1.31627609e+02, 2.60863800e+02, 1.37038147e+02,
    2.53064270e+02, 1.42583984e+02, 2.45291946e+02, 1.48047546e+02,
    2.37524673e+02, 1.53533325e+02, 2.79683594e+02, 1.12279976e+02,
    2.71686584e+02, 1.17912109e+02, 2.63845184e+02, 1.23526283e+02,
    2.55933777e+02, 1.29067093e+02, 2.48046494e+02, 1.34607132e+02,
    2.40170120e+02, 1.40241531e+02, 2.32308899e+02, 1.45672379e+02,
    2.74877502e+02, 1.03862984e+02, 2.66852966e+02, 1.09514481e+02,
    2.58865448e+02, 1.15250801e+02, 2.50879822e+02, 1.20848518e+02,
    2.42885422e+02, 1.26503944e+02, 2.34920151e+02, 1.32089218e+02,
    2.26933273e+02, 1.37755814e+02, 2.69980042e+02, 9.53092957e+01,
    2.61888855e+02, 1.01050285e+02, 2.53788544e+02, 1.06765030e+02,
    2.45665756e+02, 1.12489952e+02, 2.37608231e+02, 1.18155815e+02,
    2.29524048e+02, 1.23883392e+02, 2.21485657e+02, 1.29512802e+02,
    2.64994965e+02, 8.64323120e+01, 2.56731171e+02, 9.22278366e+01,
    2.48510757e+02, 9.80730591e+01, 2.40360474e+02, 1.03821968e+02,
    2.32157471e+02, 1.09658615e+02, 2.24045990e+02, 1.15384033e+02,
    2.15841263e+02, 1.21140984e+02, 2.59805115e+02, 7.73341217e+01,
    2.51431274e+02, 8.32586517e+01, 2.43197464e+02, 8.90893097e+01,
    2.34863510e+02, 9.49734421e+01, 2.26621124e+02, 1.00847183e+02,
    2.18318298e+02, 1.06701851e+02, 2.10100494e+02, 1.12579903e+02,
    2.54489273e+02, 6.80862961e+01, 2.46119553e+02, 7.39967270e+01,
    2.37684067e+02, 8.00045395e+01, 2.29308548e+02, 8.59220428e+01,
    2.20897491e+02, 9.18772125e+01, 2.12519150e+02, 9.77996597e+01,
    2.04124252e+02, 1.03762154e+02, 2.49098297e+02, 5.87756653e+01,
    2.40514191e+02, 6.46696625e+01, 2.32039536e+02, 7.06947479e+01,
    2.23528427e+02, 7.66616974e+01, 2.15130203e+02, 8.26936340e+01,
    2.06598373e+02, 8.86833115e+01, 1.98194519e+02, 9.47015610e+01,
    2.43433502e+02, 4.89123726e+01, 2.34855865e+02, 5.51462555e+01,
    2.26249207e+02, 6.11666374e+01, 2.17635162e+02, 6.72315750e+01,
    2.09131653e+02, 7.33355789e+01, 2.00477783e+02, 7.93528519e+01,
    1.91862045e+02, 8.54673767e+01 ]
