%YAML:1.0
---
points: [ 8.89865540e+02, 1.54310669e+02, 9.06137817e+02, 1.81571945e+02,
    9.22298523e+02, 2.08064529e+02, 9.37613037e+02, 2.33844269e+02,
    9.52872498e+02, 2.58847168e+02, 9.67639221e+02, 2.83425720e+02,
    9.82181519e+02, 3.07162140e+02, 8.64313477e+02, 1.71236832e+02,
    8.81111023e+02, 1.97998871e+02, 8.97151855e+02, 2.24188675e+02,
    9.12964111e+02, 2.49496887e+02, 9.28306396e+02, 2.74287109e+02,
    9.43390625e+02, 2.98334229e+02, 9.57893921e+02, 3.21727539e+02,
    8.39265869e+02, 1.87894699e+02, 8.56002380e+02, 2.14299774e+02,
    8.72556335e+02, 2.40005356e+02, 8.88359741e+02, 2.64950287e+02,
    9.04135193e+02, 2.89378815e+02, 9.19250610e+02, 3.13127594e+02,
    9.34208984e+02, 3.36305023e+02, 8.14382446e+02, 2.04226517e+02,
    8.31565918e+02, 2.30256454e+02, 8.48169189e+02, 2.55524109e+02,
    8.64422729e+02, 2.80193329e+02, 8.80067627e+02, 3.04300873e+02,
    8.95628845e+02, 3.27654266e+02, 9.10536804e+02, 3.50454315e+02,
    7.89846252e+02, 2.20333359e+02, 8.07083923e+02, 2.46032837e+02,
    8.24091003e+02, 2.70811554e+02, 8.40405029e+02, 2.95282776e+02,
    8.56485413e+02, 3.18980438e+02, 8.72038269e+02, 3.41976807e+02,
    8.87396606e+02, 3.64512238e+02, 7.65546265e+02, 2.36300201e+02,
    7.83220093e+02, 2.61496460e+02, 8.00224915e+02, 2.86124634e+02,
    8.16852173e+02, 3.10171722e+02, 8.32986694e+02, 3.33457886e+02,
    8.48912292e+02, 3.56253937e+02, 8.64309937e+02, 3.78484070e+02,
    7.41692017e+02, 2.51900925e+02, 7.59397034e+02, 2.76697968e+02,
    7.76759521e+02, 3.01104370e+02, 7.93432251e+02, 3.24685425e+02,
    8.09910889e+02, 3.47732178e+02, 8.25975342e+02, 3.70192749e+02,
    8.41543030e+02, 3.92187408e+02, 7.18013550e+02, 2.67300537e+02,
    7.35973999e+02, 2.91784790e+02, 7.53390198e+02, 3.15712891e+02,
    7.70539062e+02, 3.39121948e+02, 7.86918579e+02, 3.61805481e+02,
    8.03331787e+02, 3.84067963e+02, 8.19020081e+02, 4.05645966e+02,
    6.94640198e+02, 2.82512695e+02, 7.12687378e+02, 3.06693451e+02,
    7.30472961e+02, 3.30413055e+02, 7.47542908e+02, 3.53391907e+02,
    7.64425415e+02, 3.75805420e+02, 7.80700684e+02, 3.97680237e+02,
    7.96785278e+02, 4.19173096e+02 ]
