%YAML:1.0
---
points: [ 2.83085266e+02, 1.96026886e+02, 2.91925934e+02, 2.01599075e+02,
    3.00884552e+02, 2.07257462e+02, 3.10054779e+02, 2.13026260e+02,
    3.19395508e+02, 2.18794037e+02, 3.28873962e+02, 2.24742004e+02,
    3.38441650e+02, 2.30707520e+02, 2.78506775e+02, 2.04717941e+02,
    2.87235229e+02, 2.10313141e+02, 2.96084839e+02, 2.15919510e+02,
    3.05027771e+02, 2.21600021e+02, 3.14191010e+02, 2.27420914e+02,
    3.23492310e+02, 2.33321838e+02, 3.32941559e+02, 2.39299332e+02,
    2.73904083e+02, 2.13159073e+02, 2.82607391e+02, 2.18779755e+02,
    2.91303741e+02, 2.24386459e+02, 3.00151459e+02, 2.30120010e+02,
    3.09126831e+02, 2.35842300e+02, 3.18313385e+02, 2.41706619e+02,
    3.27576904e+02, 2.47741348e+02, 2.69687683e+02, 2.21434860e+02,
    2.78101807e+02, 2.26994141e+02, 2.86705383e+02, 2.32589386e+02,
    2.95400574e+02, 2.38278229e+02, 3.04291992e+02, 2.44046188e+02,
    3.13232269e+02, 2.49911957e+02, 3.22421783e+02, 2.55828079e+02,
    2.65376434e+02, 2.29580551e+02, 2.73784058e+02, 2.35028015e+02,
    2.82164673e+02, 2.40641708e+02, 2.90776978e+02, 2.46299500e+02,
    2.99464966e+02, 2.52087906e+02, 3.08351776e+02, 2.57871521e+02,
    3.17325684e+02, 2.63864624e+02, 2.61247589e+02, 2.37426956e+02,
    2.69437378e+02, 2.42920807e+02, 2.77751495e+02, 2.48510208e+02,
    2.86201965e+02, 2.54130554e+02, 2.94774017e+02, 2.59859283e+02,
    3.03486206e+02, 2.65742279e+02, 3.12383179e+02, 2.71634583e+02,
    2.57206543e+02, 2.45131317e+02, 2.65286469e+02, 2.50534607e+02,
    2.73468719e+02, 2.56142242e+02, 2.81800201e+02, 2.61790039e+02,
    2.90295654e+02, 2.67498962e+02, 2.98847992e+02, 2.73272278e+02,
    3.07541779e+02, 2.79259277e+02, 2.53292862e+02, 2.52547501e+02,
    2.61217102e+02, 2.58096375e+02, 2.69329071e+02, 2.63618011e+02,
    2.77515717e+02, 2.69244324e+02, 2.85885559e+02, 2.74928619e+02,
    2.94293732e+02, 2.80753296e+02, 3.02924316e+02, 2.86681976e+02,
    2.49375793e+02, 2.59910614e+02, 2.57376495e+02, 2.65304596e+02,
    2.65231873e+02, 2.70922333e+02, 2.73334320e+02, 2.76507843e+02,
    2.81488129e+02, 2.82270050e+02, 2.89879944e+02, 2.88089294e+02,
    2.98252411e+02, 2.93925018e+02 ]
