%YAML:1.0
---
points: [ 9.47032288e+02, 2.03113419e+02, 9.56665100e+02, 2.28788452e+02,
    9.66262573e+02, 2.53509903e+02, 9.75131958e+02, 2.77405487e+02,
    9.83773682e+02, 3.00207428e+02, 9.92203552e+02, 3.22173920e+02,
    1.00028918e+03, 3.43208649e+02, 9.19355591e+02, 2.16426926e+02,
    9.29691589e+02, 2.41881195e+02, 9.39566040e+02, 2.66389618e+02,
    9.49103821e+02, 2.89640503e+02, 9.58241638e+02, 3.12243347e+02,
    9.67127441e+02, 3.33877594e+02, 9.75459473e+02, 3.54695129e+02,
    8.91850220e+02, 2.29762848e+02, 9.02584473e+02, 2.54857712e+02,
    9.13193420e+02, 2.79037415e+02, 9.23018555e+02, 3.02167542e+02,
    9.32649719e+02, 3.24431610e+02, 9.41910889e+02, 3.45813171e+02,
    9.50984680e+02, 3.66423676e+02, 8.64369446e+02, 2.42898727e+02,
    8.75777832e+02, 2.67747833e+02, 8.86657104e+02, 2.91500702e+02,
    8.97354919e+02, 3.14437927e+02, 9.07366272e+02, 3.36391205e+02,
    9.17108643e+02, 3.57556671e+02, 9.26358398e+02, 3.77849365e+02,
    8.36950928e+02, 2.56259125e+02, 8.48782471e+02, 2.80595612e+02,
    8.60397461e+02, 3.04205688e+02, 8.71332886e+02, 3.26621857e+02,
    8.81917908e+02, 3.48395172e+02, 8.92132263e+02, 3.69209412e+02,
    9.01879456e+02, 3.89363770e+02, 8.09475830e+02, 2.69226257e+02,
    8.22079651e+02, 2.93440582e+02, 8.33914001e+02, 3.16498993e+02,
    8.45507019e+02, 3.38780670e+02, 8.56518677e+02, 3.60281830e+02,
    8.67223877e+02, 3.80872955e+02, 8.77422241e+02, 4.00743561e+02,
    7.82331299e+02, 2.82230042e+02, 7.95192688e+02, 3.05968475e+02,
    8.07714050e+02, 3.29032043e+02, 8.19632080e+02, 3.50958801e+02,
    8.31248291e+02, 3.72132751e+02, 8.42333862e+02, 3.92509857e+02,
    8.53135010e+02, 4.12037018e+02, 7.54826477e+02, 2.94926605e+02,
    7.68482422e+02, 3.18577789e+02, 7.81503418e+02, 3.41274933e+02,
    7.94049622e+02, 3.63065216e+02, 8.05893066e+02, 3.83884796e+02,
    8.17560120e+02, 4.04135468e+02, 8.28689514e+02, 4.23471466e+02,
    7.27701782e+02, 3.07725616e+02, 7.41703003e+02, 3.31161652e+02,
    7.55357666e+02, 3.53529053e+02, 7.68276062e+02, 3.74922272e+02,
    7.80732178e+02, 3.95625580e+02, 7.92753906e+02, 4.15607758e+02,
    8.04440552e+02, 4.34784302e+02 ]
