%YAML:1.0
---
points: [ 2.50591782e+02, 2.02227875e+02, 2.61802246e+02, 2.02312286e+02,
    2.73406189e+02, 2.02409149e+02, 2.85065430e+02, 2.02348740e+02,
    2.97120178e+02, 2.02503708e+02, 3.09264313e+02, 2.02513428e+02,
    3.21764252e+02, 2.02575043e+02, 2.50097763e+02, 2.13806625e+02,
    2.61323212e+02, 2.13998718e+02, 2.72983643e+02, 2.14139771e+02,
    2.84654694e+02, 2.14366959e+02, 2.96667175e+02, 2.14556046e+02,
    3.08974487e+02, 2.14677673e+02, 3.21364777e+02, 2.14865677e+02,
    2.49491180e+02, 2.25595200e+02, 2.60852051e+02, 2.25787567e+02,
    2.72492737e+02, 2.26108765e+02, 2.84271667e+02, 2.26326019e+02,
    2.96274628e+02, 2.26656540e+02, 3.08634247e+02, 2.27109055e+02,
    3.21277374e+02, 2.27349564e+02, 2.48933578e+02, 2.37329193e+02,
    2.60384216e+02, 2.37621902e+02, 2.72050476e+02, 2.38023636e+02,
    2.83927063e+02, 2.38458878e+02, 2.95953186e+02, 2.38862534e+02,
    3.08270233e+02, 2.39329651e+02, 3.21042450e+02, 2.39726257e+02,
    2.48431458e+02, 2.49175598e+02, 2.59879120e+02, 2.49662201e+02,
    2.71608734e+02, 2.50255020e+02, 2.83497192e+02, 2.50712677e+02,
    2.95611847e+02, 2.51258652e+02, 3.08070496e+02, 2.51763123e+02,
    3.20659668e+02, 2.52383194e+02, 2.47866318e+02, 2.61152313e+02,
    2.59419525e+02, 2.61822021e+02, 2.71171509e+02, 2.62394287e+02,
    2.83121613e+02, 2.63151886e+02, 2.95219879e+02, 2.63697754e+02,
    3.07609894e+02, 2.64363556e+02, 3.20323029e+02, 2.65035492e+02,
    2.47408386e+02, 2.73203613e+02, 2.58959564e+02, 2.74007629e+02,
    2.70731995e+02, 2.74789368e+02, 2.82723785e+02, 2.75342682e+02,
    2.94892273e+02, 2.76261169e+02, 3.07366547e+02, 2.77081329e+02,
    3.20098175e+02, 2.77926483e+02, 2.46856735e+02, 2.85346008e+02,
    2.58523163e+02, 2.86288391e+02, 2.70294495e+02, 2.87143341e+02,
    2.82280243e+02, 2.88027252e+02, 2.94613708e+02, 2.88956238e+02,
    3.07167328e+02, 2.89864136e+02, 3.19955261e+02, 2.90784515e+02,
    2.46338882e+02, 2.97738586e+02, 2.57944946e+02, 2.98751251e+02,
    2.69829437e+02, 2.99661072e+02, 2.81927032e+02, 3.00576172e+02,
    2.94263672e+02, 3.01742096e+02, 3.06904419e+02, 3.02698029e+02,
    3.19741699e+02, 3.03841766e+02 ]
