%YAML:1.0
---
points: [ 9.35720947e+02, 3.87733734e+02, 9.16075378e+02, 4.07475037e+02,
    8.96343567e+02, 4.27290222e+02, 8.76562561e+02, 4.46952545e+02,
    8.56616272e+02, 4.66815216e+02, 8.36811401e+02, 4.86673431e+02,
    8.16906555e+02, 5.06451843e+02, 9.17454834e+02, 3.67611389e+02,
    8.97568359e+02, 3.87439789e+02, 8.77597290e+02, 4.07407959e+02,
    8.57529480e+02, 4.27424072e+02, 8.37415894e+02, 4.47472565e+02,
    8.17312927e+02, 4.67525391e+02, 7.97152649e+02, 4.87553070e+02,
    8.98903564e+02, 3.47093231e+02, 8.78663940e+02, 3.67229797e+02,
    8.58487976e+02, 3.87346344e+02, 8.38244019e+02, 4.07490356e+02,
    8.17842346e+02, 4.27737183e+02, 7.97522827e+02, 4.47939270e+02,
    7.77121216e+02, 4.68182922e+02, 8.79827820e+02, 3.25856659e+02,
    8.59367065e+02, 3.46406891e+02, 8.38959106e+02, 3.66633514e+02,
    8.18538208e+02, 3.86985687e+02, 7.97955383e+02, 4.07495056e+02,
    7.77348450e+02, 4.27918213e+02, 7.56444580e+02, 4.48383148e+02,
    8.60279602e+02, 3.04400177e+02, 8.39478516e+02, 3.24894318e+02,
    8.18806152e+02, 3.45333710e+02, 7.98045532e+02, 3.65958160e+02,
    7.77280579e+02, 3.86623627e+02, 7.56431458e+02, 4.07285156e+02,
    7.35426697e+02, 4.28052582e+02, 8.40234131e+02, 2.82157562e+02,
    8.19284485e+02, 3.02906158e+02, 7.98270081e+02, 3.23646851e+02,
    7.77309753e+02, 3.44482880e+02, 7.56235718e+02, 3.65383026e+02,
    7.35030090e+02, 3.86271515e+02, 7.13685120e+02, 4.07207794e+02,
    8.19683044e+02, 2.59479889e+02, 7.98442993e+02, 2.80516968e+02,
    7.77255859e+02, 3.01489532e+02, 7.55862366e+02, 3.22456116e+02,
    7.34530884e+02, 3.43501251e+02, 7.13120667e+02, 3.64687500e+02,
    6.91538330e+02, 3.85811737e+02, 7.98650818e+02, 2.36186768e+02,
    7.77211853e+02, 2.57467804e+02, 7.55632568e+02, 2.78654907e+02,
    7.34026794e+02, 3.00138000e+02, 7.12494019e+02, 3.21326996e+02,
    6.90540771e+02, 3.42604340e+02, 6.68768250e+02, 3.63947021e+02,
    7.77005127e+02, 2.12398285e+02, 7.55265930e+02, 2.33812897e+02,
    7.33492981e+02, 2.55420364e+02, 7.11634766e+02, 2.76802612e+02,
    6.89635376e+02, 2.98413849e+02, 6.67625488e+02, 3.19989899e+02,
    6.45577454e+02, 3.41606384e+02 ]
