%YAML:1.0
---
points: [ 2.71167755e+02, 1.63918381e+02, 2.64454346e+02, 1.70596222e+02,
    2.57752197e+02, 1.77302979e+02, 2.51102798e+02, 1.84043488e+02,
    2.44318863e+02, 1.90703918e+02, 2.37693024e+02, 1.97403183e+02,
    2.30882751e+02, 2.04184555e+02, 2.65181854e+02, 1.57057373e+02,
    2.58394165e+02, 1.63842178e+02, 2.51686691e+02, 1.70604675e+02,
    2.44884613e+02, 1.77367508e+02, 2.38113602e+02, 1.84186630e+02,
    2.31285034e+02, 1.90930542e+02, 2.24406662e+02, 1.97721878e+02,
    2.59071106e+02, 1.50069992e+02, 2.52236435e+02, 1.56886932e+02,
    2.45391602e+02, 1.63797455e+02, 2.38540894e+02, 1.70581955e+02,
    2.31638412e+02, 1.77413269e+02, 2.24798157e+02, 1.84299957e+02,
    2.17839752e+02, 1.91176636e+02, 2.52850510e+02, 1.42954971e+02,
    2.45914490e+02, 1.49852570e+02, 2.39004517e+02, 1.56739502e+02,
    2.32071152e+02, 1.63715607e+02, 2.25120148e+02, 1.70559784e+02,
    2.18135178e+02, 1.77531708e+02, 2.11128235e+02, 1.84458374e+02,
    2.46450577e+02, 1.35613464e+02, 2.39392639e+02, 1.42625488e+02,
    2.32380020e+02, 1.49608826e+02, 2.25346985e+02, 1.56564270e+02,
    2.18335846e+02, 1.63561752e+02, 2.11296066e+02, 1.70593643e+02,
    2.04209427e+02, 1.77572556e+02, 2.39860062e+02, 1.28052750e+02,
    2.32786331e+02, 1.35171906e+02, 2.25670807e+02, 1.42230820e+02,
    2.18584167e+02, 1.49282669e+02, 2.11457535e+02, 1.56355743e+02,
    2.04279663e+02, 1.63423462e+02, 1.97150665e+02, 1.70534760e+02,
    2.33195160e+02, 1.20438408e+02, 2.25967560e+02, 1.27509171e+02,
    2.18771286e+02, 1.34711792e+02, 2.11655380e+02, 1.41815781e+02,
    2.04389496e+02, 1.48960602e+02, 1.97157455e+02, 1.56116501e+02,
    1.89874664e+02, 1.63279877e+02, 2.26312408e+02, 1.12526878e+02,
    2.19037628e+02, 1.19798149e+02, 2.11756393e+02, 1.27015793e+02,
    2.04506485e+02, 1.34204376e+02, 1.97172119e+02, 1.41380295e+02,
    1.89818436e+02, 1.48682663e+02, 1.82493896e+02, 1.55884415e+02,
    2.19243790e+02, 1.04569916e+02, 2.11909073e+02, 1.11778389e+02,
    2.04485123e+02, 1.19127754e+02, 1.97169968e+02, 1.26335144e+02,
    1.89696625e+02, 1.33708725e+02, 1.82334198e+02, 1.40977737e+02,
    1.74814529e+02, 1.48358749e+02 ]
