%YAML:1.0
---
points: [ 9.98100769e+02, 2.41012222e+02, 1.02473889e+03, 2.57727356e+02,
    1.05151233e+03, 2.74424042e+02, 1.07852100e+03, 2.91154541e+02,
    1.10546313e+03, 3.08089447e+02, 1.13280127e+03, 3.24651886e+02,
    1.16002954e+03, 3.41675018e+02, 9.86190918e+02, 2.66849030e+02,
    1.01224640e+03, 2.83345428e+02, 1.03852856e+03, 2.99632294e+02,
    1.06475342e+03, 3.16174408e+02, 1.09132349e+03, 3.32633881e+02,
    1.11773401e+03, 3.49207825e+02, 1.14453882e+03, 3.65764221e+02,
    9.74539124e+02, 2.91528412e+02, 1.00023425e+03, 3.07719635e+02,
    1.02576941e+03, 3.23845612e+02, 1.05163135e+03, 3.39988617e+02,
    1.07750806e+03, 3.56352844e+02, 1.10354822e+03, 3.72513367e+02,
    1.12961267e+03, 3.88874298e+02, 9.63516296e+02, 3.15324341e+02,
    9.88623169e+02, 3.31271698e+02, 1.01379224e+03, 3.47064056e+02,
    1.03911182e+03, 3.62953308e+02, 1.06444324e+03, 3.79045593e+02,
    1.08978210e+03, 3.95050110e+02, 1.11544055e+03, 4.11047302e+02,
    9.52823303e+02, 3.38193115e+02, 9.77583435e+02, 3.53853821e+02,
    1.00224036e+03, 3.69448883e+02, 1.02686353e+03, 3.84919861e+02,
    1.05179297e+03, 4.00682312e+02, 1.07670410e+03, 4.16429504e+02,
    1.10165552e+03, 4.32282776e+02, 9.42674622e+02, 3.60242737e+02,
    9.66837585e+02, 3.75588654e+02, 9.91156189e+02, 3.90925171e+02,
    1.01533734e+03, 4.06367401e+02, 1.03966382e+03, 4.21653656e+02,
    1.06409875e+03, 4.37126617e+02, 1.08868335e+03, 4.52640411e+02,
    9.32795410e+02, 3.81414307e+02, 9.56565247e+02, 3.96435120e+02,
    9.80363708e+02, 4.11465210e+02, 1.00413940e+03, 4.26540192e+02,
    1.02804675e+03, 4.41750122e+02, 1.05201465e+03, 4.56886261e+02,
    1.07609863e+03, 4.72120270e+02, 9.23582764e+02, 4.01680237e+02,
    9.46697388e+02, 4.16522949e+02, 9.70086548e+02, 4.31411865e+02,
    9.93435608e+02, 4.46275574e+02, 1.01677112e+03, 4.61015442e+02,
    1.04044556e+03, 4.76020020e+02, 1.06396484e+03, 4.90989624e+02,
    9.14413513e+02, 4.21470734e+02, 9.37165466e+02, 4.36137177e+02,
    9.60043335e+02, 4.50531616e+02, 9.83011841e+02, 4.65234741e+02,
    1.00603412e+03, 4.79636810e+02, 1.02913831e+03, 4.94472931e+02,
    1.05236597e+03, 5.09148041e+02 ]
