%YAML:1.0
---
points: [ 2.67634613e+02, 2.40615402e+02, 2.62600342e+02, 2.48645844e+02,
    2.57454773e+02, 2.56830902e+02, 2.52310730e+02, 2.65115417e+02,
    2.47030975e+02, 2.73528412e+02, 2.41684402e+02, 2.82127197e+02,
    2.36231934e+02, 2.90832184e+02, 2.60274414e+02, 2.35179581e+02,
    2.55150894e+02, 2.43191971e+02, 2.49913376e+02, 2.51340286e+02,
    2.44630676e+02, 2.59649170e+02, 2.39254776e+02, 2.68087219e+02,
    2.33822723e+02, 2.76682739e+02, 2.28243469e+02, 2.85411774e+02,
    2.52750168e+02, 2.29525558e+02, 2.47492096e+02, 2.37613968e+02,
    2.42233200e+02, 2.45838715e+02, 2.36859467e+02, 2.54139114e+02,
    2.31374176e+02, 2.62601074e+02, 2.25818405e+02, 2.71208588e+02,
    2.20184097e+02, 2.79902191e+02, 2.45238998e+02, 2.23976562e+02,
    2.39860657e+02, 2.32014587e+02, 2.34493393e+02, 2.40222519e+02,
    2.28988800e+02, 2.48513321e+02, 2.23421280e+02, 2.57027802e+02,
    2.17743393e+02, 2.65608917e+02, 2.12063690e+02, 2.74397308e+02,
    2.37438477e+02, 2.18206863e+02, 2.32075607e+02, 2.26335144e+02,
    2.26528824e+02, 2.34523895e+02, 2.21007324e+02, 2.42831146e+02,
    2.15284180e+02, 2.51365921e+02, 2.09502930e+02, 2.59980103e+02,
    2.03662659e+02, 2.68722778e+02, 2.29610489e+02, 2.12345688e+02,
    2.24127213e+02, 2.20547089e+02, 2.18468506e+02, 2.28741882e+02,
    2.12840546e+02, 2.37091278e+02, 2.07059967e+02, 2.45623962e+02,
    2.01161331e+02, 2.54255371e+02, 1.95216232e+02, 2.63081390e+02,
    2.21686371e+02, 2.06557266e+02, 2.16074539e+02, 2.14669800e+02,
    2.10368546e+02, 2.22905197e+02, 2.04594803e+02, 2.31301193e+02,
    1.98685822e+02, 2.39831253e+02, 1.92727097e+02, 2.48457733e+02,
    1.86590057e+02, 2.57284332e+02, 2.13610199e+02, 2.00554810e+02,
    2.07875717e+02, 2.08744934e+02, 2.02119339e+02, 2.16973495e+02,
    1.96191345e+02, 2.25341858e+02, 1.90237152e+02, 2.33945343e+02,
    1.84143463e+02, 2.42589569e+02, 1.77922852e+02, 2.51402115e+02,
    2.05368332e+02, 1.94518387e+02, 1.99548065e+02, 2.02716171e+02,
    1.93658188e+02, 2.10995850e+02, 1.87647903e+02, 2.19327362e+02,
    1.81541214e+02, 2.27945450e+02, 1.75380829e+02, 2.36630066e+02,
    1.69012039e+02, 2.45488251e+02 ]
