%YAML:1.0
---
points: [ 9.24695740e+02, 6.14335999e+02, 9.09382080e+02, 6.38088623e+02,
    8.93851440e+02, 6.62161194e+02, 8.78180542e+02, 6.86565247e+02,
    8.62056946e+02, 7.11443665e+02, 8.45841064e+02, 7.36784973e+02,
    8.29226013e+02, 7.62504395e+02, 9.02546814e+02, 5.98088379e+02,
    8.86883545e+02, 6.21799927e+02, 8.71235474e+02, 6.45930542e+02,
    8.55088989e+02, 6.70468384e+02, 8.38687012e+02, 6.95387146e+02,
    8.22207886e+02, 7.20688904e+02, 8.05280579e+02, 7.46509277e+02,
    8.79999817e+02, 5.81663879e+02, 8.64246155e+02, 6.05501953e+02,
    8.48102173e+02, 6.29648865e+02, 8.31614197e+02, 6.54214600e+02,
    8.14998169e+02, 6.79168274e+02, 7.98214233e+02, 7.04563721e+02,
    7.80854614e+02, 7.30414368e+02, 8.57285583e+02, 5.65129761e+02,
    8.41170532e+02, 5.88930115e+02, 8.24725586e+02, 6.13214355e+02,
    8.08069336e+02, 6.37673035e+02, 7.91180298e+02, 6.62711609e+02,
    7.73815063e+02, 6.88258789e+02, 7.56380493e+02, 7.14054260e+02,
    8.34038330e+02, 5.48184631e+02, 8.17628967e+02, 5.72073303e+02,
    8.00844238e+02, 5.96372742e+02, 7.83850952e+02, 6.21033813e+02,
    7.66664429e+02, 6.46115540e+02, 7.49176392e+02, 6.71488831e+02,
    7.31200256e+02, 6.97485596e+02, 8.10448914e+02, 5.31007568e+02,
    7.93720215e+02, 5.54989441e+02, 7.76677673e+02, 5.79321045e+02,
    7.59317139e+02, 6.03965332e+02, 7.41777832e+02, 6.29125305e+02,
    7.23820496e+02, 6.54598511e+02, 7.05686218e+02, 6.80616516e+02,
    7.86584656e+02, 5.13700195e+02, 7.69429321e+02, 5.37703308e+02,
    7.52127441e+02, 5.62128235e+02, 7.34542419e+02, 5.86778320e+02,
    7.16627930e+02, 6.12033264e+02, 6.98460754e+02, 6.37567993e+02,
    6.79778809e+02, 6.63661011e+02, 7.62173096e+02, 4.96134949e+02,
    7.44914795e+02, 5.20250305e+02, 7.27210144e+02, 5.44691650e+02,
    7.09292175e+02, 5.69397095e+02, 6.91035522e+02, 5.94630188e+02,
    6.72373779e+02, 6.20306152e+02, 6.53542725e+02, 6.46351318e+02,
    7.37466736e+02, 4.78307678e+02, 7.19769531e+02, 5.02325562e+02,
    7.01827271e+02, 5.26731384e+02, 6.83601318e+02, 5.51647522e+02,
    6.64930725e+02, 5.76959351e+02, 6.46094360e+02, 6.02580688e+02,
    6.26655762e+02, 6.28779297e+02 ]
