%YAML:1.0
---
points: [ 3.24775116e+02, 1.73198395e+02, 3.12452728e+02, 1.78398575e+02,
    3.01814117e+02, 1.83250320e+02, 2.90341156e+02, 1.88383087e+02,
    2.79138733e+02, 1.93350357e+02, 2.68165314e+02, 1.98085953e+02,
    2.57385803e+02, 2.02934464e+02, 3.19874634e+02, 1.61665497e+02,
    3.08345520e+02, 1.66908875e+02, 2.96762085e+02, 1.72245621e+02,
    2.85561584e+02, 1.77255997e+02, 2.74263580e+02, 1.82161072e+02,
    2.63299591e+02, 1.87102509e+02, 2.52494949e+02, 1.91873352e+02,
    3.15046204e+02, 1.50150314e+02, 3.03291656e+02, 1.55577240e+02,
    2.91855408e+02, 1.60819763e+02, 2.80575043e+02, 1.65937134e+02,
    2.69472717e+02, 1.71074432e+02, 2.58462585e+02, 1.76050797e+02,
    2.47678970e+02, 1.80961487e+02, 3.09956451e+02, 1.38709671e+02,
    2.98395233e+02, 1.44051910e+02, 2.86873413e+02, 1.49452454e+02,
    2.75679749e+02, 1.54716309e+02, 2.64548248e+02, 1.59827408e+02,
    2.53633011e+02, 1.64890717e+02, 2.42823303e+02, 1.69860565e+02,
    3.05046539e+02, 1.27061775e+02, 2.93443695e+02, 1.32596725e+02,
    2.82051636e+02, 1.38005829e+02, 2.70730011e+02, 1.43281937e+02,
    2.59668365e+02, 1.48564697e+02, 2.48763672e+02, 1.53724243e+02,
    2.38001846e+02, 1.58828827e+02, 3.00050873e+02, 1.15396652e+02,
    2.88484192e+02, 1.20995285e+02, 2.77049133e+02, 1.26537910e+02,
    2.65856934e+02, 1.31952072e+02, 2.54748932e+02, 1.37265381e+02,
    2.43875198e+02, 1.42558472e+02, 2.33132904e+02, 1.47648529e+02,
    2.95048645e+02, 1.03769272e+02, 2.83528748e+02, 1.09478508e+02,
    2.72149048e+02, 1.15065819e+02, 2.60919342e+02, 1.20606834e+02,
    2.49952515e+02, 1.26054916e+02, 2.39020081e+02, 1.31296570e+02,
    2.28268311e+02, 1.36576691e+02, 2.90038361e+02, 9.20649033e+01,
    2.78508331e+02, 9.78078232e+01, 2.67185120e+02, 1.03535103e+02,
    2.55972168e+02, 1.09123444e+02, 2.44960373e+02, 1.14628151e+02,
    2.34120865e+02, 1.20063461e+02, 2.23349304e+02, 1.25313301e+02,
    2.85058502e+02, 8.03720016e+01, 2.73524506e+02, 8.61039963e+01,
    2.62240143e+02, 9.19716797e+01, 2.50987183e+02, 9.76463089e+01,
    2.40042908e+02, 1.03248566e+02, 2.29178711e+02, 1.08747108e+02,
    2.18431778e+02, 1.14136177e+02 ]
