%YAML:1.0
---
points: [ 1.77684799e+02, 6.62491379e+01, 1.90639587e+02, 6.67509613e+01,
    2.03711563e+02, 6.73546906e+01, 2.16737839e+02, 6.80181274e+01,
    2.29820251e+02, 6.87579803e+01, 2.43014496e+02, 6.92654343e+01,
    2.56265869e+02, 7.00874557e+01, 1.78225739e+02, 8.01872025e+01,
    1.90964584e+02, 8.07941971e+01, 2.03829117e+02, 8.13992767e+01,
    2.16696442e+02, 8.21062622e+01, 2.29746780e+02, 8.27614594e+01,
    2.42728180e+02, 8.33369980e+01, 2.55675308e+02, 8.38327026e+01,
    1.78745773e+02, 9.38680344e+01, 1.91522736e+02, 9.45114059e+01,
    2.04115265e+02, 9.51483765e+01, 2.16790237e+02, 9.57731323e+01,
    2.29572556e+02, 9.65028229e+01, 2.42487854e+02, 9.71109543e+01,
    2.55202255e+02, 9.75907364e+01, 1.79403259e+02, 1.07176323e+02,
    1.91799988e+02, 1.07735878e+02, 2.04478973e+02, 1.08378120e+02,
    2.16856232e+02, 1.09198601e+02, 2.29592728e+02, 1.09741501e+02,
    2.42032639e+02, 1.10303627e+02, 2.54787491e+02, 1.10916969e+02,
    1.79826141e+02, 1.20094200e+02, 1.92308456e+02, 1.20703796e+02,
    2.04594727e+02, 1.21366272e+02, 2.16958466e+02, 1.22117249e+02,
    2.29418777e+02, 1.22719765e+02, 2.41799210e+02, 1.23301628e+02,
    2.54310089e+02, 1.24050377e+02, 1.80483719e+02, 1.32734116e+02,
    1.92675659e+02, 1.33356018e+02, 2.04851257e+02, 1.33996201e+02,
    2.17064240e+02, 1.34701508e+02, 2.29272125e+02, 1.35433258e+02,
    2.41619720e+02, 1.35941940e+02, 2.53833542e+02, 1.36452271e+02,
    1.81009293e+02, 1.44930664e+02, 1.93070267e+02, 1.45593491e+02,
    2.05091248e+02, 1.46201920e+02, 2.17184296e+02, 1.46906952e+02,
    2.29164673e+02, 1.47590546e+02, 2.41327194e+02, 1.48211945e+02,
    2.53438751e+02, 1.48837158e+02, 1.81555344e+02, 1.56859573e+02,
    1.93422394e+02, 1.57471024e+02, 2.05380539e+02, 1.58138535e+02,
    2.17226822e+02, 1.58829361e+02, 2.29120758e+02, 1.59518768e+02,
    2.41046951e+02, 1.60113922e+02, 2.53025681e+02, 1.60677475e+02,
    1.82140305e+02, 1.68411957e+02, 1.93851486e+02, 1.69130524e+02,
    2.05554779e+02, 1.69731247e+02, 2.17353119e+02, 1.70328400e+02,
    2.28983612e+02, 1.71051163e+02, 2.40775650e+02, 1.71709518e+02,
    2.52585938e+02, 1.72314178e+02 ]
