%YAML:1.0
---
points: [ 1.05664294e+03, 3.38859711e+02, 1.08358984e+03, 3.45054230e+02,
    1.11175281e+03, 3.51510925e+02, 1.14148352e+03, 3.58485016e+02,
    1.17265173e+03, 3.65792389e+02, 1.20613025e+03, 3.73465363e+02,
    1.24117590e+03, 3.81703430e+02, 1.05318420e+03, 3.75387756e+02,
    1.07947546e+03, 3.82393463e+02, 1.10717322e+03, 3.89858063e+02,
    1.13637793e+03, 3.97683655e+02, 1.16705627e+03, 4.05954163e+02,
    1.19964905e+03, 4.14582825e+02, 1.23392444e+03, 4.23781494e+02,
    1.04942834e+03, 4.11031281e+02, 1.07537500e+03, 4.18823151e+02,
    1.10257617e+03, 4.27307373e+02, 1.13145117e+03, 4.35897369e+02,
    1.16163684e+03, 4.45137085e+02, 1.19352185e+03, 4.54635590e+02,
    1.22734729e+03, 4.65232452e+02, 1.04580322e+03, 4.45823273e+02,
    1.07144019e+03, 4.54480652e+02, 1.09819983e+03, 4.63454163e+02,
    1.12653687e+03, 4.73075531e+02, 1.15621155e+03, 4.83221985e+02,
    1.18765051e+03, 4.93671600e+02, 1.22079846e+03, 5.05018158e+02,
    1.04255591e+03, 4.79943054e+02, 1.06765015e+03, 4.89293610e+02,
    1.09423975e+03, 4.99255524e+02, 1.12182446e+03, 5.09510895e+02,
    1.15136328e+03, 5.20396301e+02, 1.18189746e+03, 5.31653625e+02,
    1.21464526e+03, 5.44131775e+02, 1.03919983e+03, 5.13290161e+02,
    1.06401868e+03, 5.23474915e+02, 1.09015088e+03, 5.33900146e+02,
    1.11748267e+03, 5.45038818e+02, 1.14625391e+03, 5.56677734e+02,
    1.17665210e+03, 5.69148376e+02, 1.20865002e+03, 5.82035522e+02,
    1.03584778e+03, 5.45761047e+02, 1.06037646e+03, 5.56491760e+02,
    1.08623743e+03, 5.67731506e+02, 1.11320715e+03, 5.79456177e+02,
    1.14154614e+03, 5.91969482e+02, 1.17143726e+03, 6.04965637e+02,
    1.20329163e+03, 6.18955750e+02, 1.03290051e+03, 5.77644958e+02,
    1.05712878e+03, 5.88954224e+02, 1.08235071e+03, 6.00714966e+02,
    1.10904614e+03, 6.13448669e+02, 1.13705615e+03, 6.26487976e+02,
    1.16659119e+03, 6.40414429e+02, 1.19764880e+03, 6.54876343e+02,
    1.02969604e+03, 6.08747559e+02, 1.05351135e+03, 6.20868591e+02,
    1.07863098e+03, 6.33437073e+02, 1.10491980e+03, 6.46554932e+02,
    1.13264380e+03, 6.60455139e+02, 1.16163428e+03, 6.74781494e+02,
    1.19243652e+03, 6.90377136e+02 ]
