%YAML:1.0
---
points: [ 8.26505249e+02, 6.37510925e+02, 8.05807068e+02, 6.56598755e+02,
    7.84641357e+02, 6.76247498e+02, 7.63051270e+02, 6.96238464e+02,
    7.40824646e+02, 7.16717712e+02, 7.18237671e+02, 7.37826538e+02,
    6.94869995e+02, 7.59455688e+02, 8.08026062e+02, 6.16272339e+02,
    7.87151611e+02, 6.35256348e+02, 7.65501282e+02, 6.54506348e+02,
    7.43613708e+02, 6.74232300e+02, 7.21232117e+02, 6.94659668e+02,
    6.98246216e+02, 7.15645691e+02, 6.74476013e+02, 7.37007202e+02,
    7.89374084e+02, 5.94562439e+02, 7.68079285e+02, 6.13486572e+02,
    7.46354797e+02, 6.32595825e+02, 7.24241272e+02, 6.52335388e+02,
    7.01389343e+02, 6.72506592e+02, 6.77925110e+02, 6.93355896e+02,
    6.54039734e+02, 7.14505676e+02, 7.70764587e+02, 5.73125793e+02,
    7.49127014e+02, 5.91732422e+02, 7.27035522e+02, 6.10752991e+02,
    7.04575012e+02, 6.30306152e+02, 6.81488770e+02, 6.50278442e+02,
    6.57629578e+02, 6.70747498e+02, 6.33290161e+02, 6.91917114e+02,
    7.51722656e+02, 5.51261841e+02, 7.29794495e+02, 5.69632202e+02,
    7.07503357e+02, 5.88651489e+02, 6.84570679e+02, 6.07826355e+02,
    6.61161865e+02, 6.27681458e+02, 6.37122803e+02, 6.48216614e+02,
    6.12396851e+02, 6.68925293e+02, 7.32500854e+02, 5.29251770e+02,
    7.10406006e+02, 5.47487610e+02, 6.87593750e+02, 5.66349548e+02,
    6.64484009e+02, 5.85377747e+02, 6.40516602e+02, 6.05137268e+02,
    6.16243713e+02, 6.25270935e+02, 5.91303406e+02, 6.45791931e+02,
    7.13215637e+02, 5.07036438e+02, 6.90743042e+02, 5.25235901e+02,
    6.67617126e+02, 5.43799927e+02, 6.44221863e+02, 5.62733826e+02,
    6.19944153e+02, 5.82298706e+02, 5.95276306e+02, 6.02287842e+02,
    5.69798279e+02, 6.22605469e+02, 6.93645142e+02, 4.84703339e+02,
    6.70897949e+02, 5.02692017e+02, 6.47489258e+02, 5.21222961e+02,
    6.23629517e+02, 5.39917175e+02, 5.99272766e+02, 5.59273804e+02,
    5.74192322e+02, 5.78898254e+02, 5.48402405e+02, 5.99275696e+02,
    6.73933716e+02, 4.62286896e+02, 6.51019409e+02, 4.80064056e+02,
    6.27150757e+02, 4.98319366e+02, 6.03005371e+02, 5.17039490e+02,
    5.78192200e+02, 5.35918762e+02, 5.52694092e+02, 5.55532776e+02,
    5.26566162e+02, 5.75559448e+02 ]
