%YAML:1.0
---
points: [ 2.34272888e+02, 2.48460846e+02, 2.27581268e+02, 2.54958771e+02,
    2.20550522e+02, 2.61569214e+02, 2.13524475e+02, 2.68325226e+02,
    2.06223740e+02, 2.75277100e+02, 1.98833160e+02, 2.82349640e+02,
    1.91204254e+02, 2.89709473e+02, 2.28134094e+02, 2.41253143e+02,
    2.21212646e+02, 2.47669632e+02, 2.14258698e+02, 2.54217880e+02,
    2.07020584e+02, 2.60955048e+02, 1.99670959e+02, 2.67823578e+02,
    1.92147018e+02, 2.74918213e+02, 1.84400986e+02, 2.82159668e+02,
    2.21837601e+02, 2.33932846e+02, 2.14909958e+02, 2.40313110e+02,
    2.07777634e+02, 2.46814651e+02, 2.00544174e+02, 2.53498810e+02,
    1.93021500e+02, 2.60316376e+02, 1.85410751e+02, 2.67306396e+02,
    1.77538696e+02, 2.74475128e+02, 2.15676590e+02, 2.26682816e+02,
    2.08516388e+02, 2.32939865e+02, 2.01386459e+02, 2.39395264e+02,
    1.93949173e+02, 2.46022614e+02, 1.86388107e+02, 2.52791580e+02,
    1.78630234e+02, 2.59729401e+02, 1.70711090e+02, 2.66839722e+02,
    2.09276978e+02, 2.19272293e+02, 2.02130142e+02, 2.25485764e+02,
    1.94808640e+02, 2.31903229e+02, 1.87352051e+02, 2.38439667e+02,
    1.79627884e+02, 2.45162659e+02, 1.71761948e+02, 2.52052063e+02,
    1.63710617e+02, 2.59093994e+02, 2.02890320e+02, 2.11763046e+02,
    1.95634216e+02, 2.17996506e+02, 1.88208694e+02, 2.24341721e+02,
    1.80627899e+02, 2.30810165e+02, 1.72820526e+02, 2.37470490e+02,
    1.64817703e+02, 2.44272156e+02, 1.56695297e+02, 2.51281769e+02,
    1.96427567e+02, 2.04258667e+02, 1.89073318e+02, 2.10476990e+02,
    1.81519821e+02, 2.16741943e+02, 1.73873596e+02, 2.23172028e+02,
    1.65944916e+02, 2.29725891e+02, 1.57833298e+02, 2.36481842e+02,
    1.49533951e+02, 2.43368347e+02, 1.89892029e+02, 1.96757965e+02,
    1.82416046e+02, 2.02850128e+02, 1.74814957e+02, 2.09079193e+02,
    1.66956696e+02, 2.15393784e+02, 1.59021484e+02, 2.21975418e+02,
    1.50781204e+02, 2.28660217e+02, 1.42390671e+02, 2.35496582e+02,
    1.83319901e+02, 1.89134842e+02, 1.75756668e+02, 1.95176025e+02,
    1.68041428e+02, 2.01281754e+02, 1.60092712e+02, 2.07620163e+02,
    1.51971802e+02, 2.14120163e+02, 1.43676559e+02, 2.20722626e+02,
    1.35138199e+02, 2.27466599e+02 ]
