%YAML:1.0
---
points: [ 2.26866364e+02, 1.42501068e+02, 2.22461563e+02, 1.50795212e+02,
    2.18082611e+02, 1.59239655e+02, 2.13625183e+02, 1.67453934e+02,
    2.09218109e+02, 1.75885239e+02, 2.04778336e+02, 1.84170029e+02,
    2.00295441e+02, 1.92523697e+02, 2.18794632e+02, 1.37565918e+02,
    2.14326859e+02, 1.46044449e+02, 2.09868866e+02, 1.54424927e+02,
    2.05352707e+02, 1.62870316e+02, 2.00885376e+02, 1.71231873e+02,
    1.96423752e+02, 1.79737900e+02, 1.91921265e+02, 1.88105957e+02,
    2.10447723e+02, 1.32561523e+02, 2.05944092e+02, 1.41070435e+02,
    2.01474228e+02, 1.49665466e+02, 1.96974548e+02, 1.58107712e+02,
    1.92400452e+02, 1.66625153e+02, 1.87953491e+02, 1.75112885e+02,
    1.83346069e+02, 1.83598328e+02, 2.02060196e+02, 1.27427147e+02,
    1.97423889e+02, 1.36114075e+02, 1.92896149e+02, 1.44622711e+02,
    1.88344299e+02, 1.53250992e+02, 1.83813644e+02, 1.61842621e+02,
    1.79152527e+02, 1.70399292e+02, 1.74640656e+02, 1.79052826e+02,
    1.93383224e+02, 1.22239525e+02, 1.88774567e+02, 1.30885452e+02,
    1.84157013e+02, 1.39630096e+02, 1.79532333e+02, 1.48242889e+02,
    1.74901306e+02, 1.56965759e+02, 1.70271912e+02, 1.65580078e+02,
    1.65613358e+02, 1.74308090e+02, 1.84498474e+02, 1.16834587e+02,
    1.79837677e+02, 1.25623276e+02, 1.75201050e+02, 1.34388367e+02,
    1.70529053e+02, 1.43225357e+02, 1.65844040e+02, 1.51934952e+02,
    1.61154068e+02, 1.60747116e+02, 1.56558289e+02, 1.69477280e+02,
    1.75473175e+02, 1.11460419e+02, 1.70818069e+02, 1.20276581e+02,
    1.66097336e+02, 1.29162720e+02, 1.61340164e+02, 1.38011292e+02,
    1.56643967e+02, 1.46950928e+02, 1.51915970e+02, 1.55734573e+02,
    1.47127518e+02, 1.64678680e+02, 1.66312744e+02, 1.05856674e+02,
    1.61559219e+02, 1.14888176e+02, 1.56792282e+02, 1.23784882e+02,
    1.52051758e+02, 1.32697235e+02, 1.47225494e+02, 1.41696411e+02,
    1.42431442e+02, 1.50661835e+02, 1.37690399e+02, 1.59594467e+02,
    1.56957413e+02, 1.00304573e+02, 1.52159821e+02, 1.09249840e+02,
    1.47264160e+02, 1.18404877e+02, 1.42433807e+02, 1.27310921e+02,
    1.37611710e+02, 1.36491150e+02, 1.32720932e+02, 1.45475403e+02,
    1.27890862e+02, 1.54578171e+02 ]
