%YAML:1.0
---
points: [ 2.51358917e+02, 2.57006348e+02, 2.39076797e+02, 2.57364136e+02,
    2.26756699e+02, 2.57776428e+02, 2.14616455e+02, 2.58233337e+02,
    2.02357498e+02, 2.58656067e+02, 1.90171143e+02, 2.58953430e+02,
    1.78020721e+02, 2.59426575e+02, 2.50859573e+02, 2.44692795e+02,
    2.38746384e+02, 2.45033096e+02, 2.26422089e+02, 2.45356567e+02,
    2.14226791e+02, 2.45825623e+02, 2.02058640e+02, 2.46308746e+02,
    1.89867020e+02, 2.46705872e+02, 1.77700684e+02, 2.47094681e+02,
    2.50432800e+02, 2.32468384e+02, 2.38212311e+02, 2.32796539e+02,
    2.26065231e+02, 2.33308945e+02, 2.13864410e+02, 2.33579117e+02,
    2.01683792e+02, 2.33962494e+02, 1.89552261e+02, 2.34494858e+02,
    1.77383392e+02, 2.34895187e+02, 2.50052002e+02, 2.20197250e+02,
    2.37775803e+02, 2.20457275e+02, 2.25689072e+02, 2.20940399e+02,
    2.13488617e+02, 2.21461639e+02, 2.01386612e+02, 2.21773483e+02,
    1.89314133e+02, 2.22223099e+02, 1.77201553e+02, 2.22655807e+02,
    2.49687347e+02, 2.07933548e+02, 2.37481674e+02, 2.08357986e+02,
    2.25325806e+02, 2.08702759e+02, 2.13151840e+02, 2.09184860e+02,
    2.01043579e+02, 2.09672256e+02, 1.88929062e+02, 2.10032745e+02,
    1.76833954e+02, 2.10494766e+02, 2.49192856e+02, 1.95544998e+02,
    2.37082230e+02, 1.96086365e+02, 2.24831833e+02, 1.96619263e+02,
    2.12786865e+02, 1.96973785e+02, 2.00649811e+02, 1.97418900e+02,
    1.88607925e+02, 1.97867432e+02, 1.76451904e+02, 1.98411133e+02,
    2.48858307e+02, 1.83545044e+02, 2.36645340e+02, 1.84013565e+02,
    2.24514832e+02, 1.84587387e+02, 2.12355362e+02, 1.85055893e+02,
    2.00305695e+02, 1.85425949e+02, 1.88319046e+02, 1.85837082e+02,
    1.76229614e+02, 1.86368958e+02, 2.48425659e+02, 1.71396957e+02,
    2.36223343e+02, 1.71840240e+02, 2.24179642e+02, 1.72318558e+02,
    2.12033859e+02, 1.72814255e+02, 1.99975403e+02, 1.73389923e+02,
    1.87910721e+02, 1.73716873e+02, 1.75895798e+02, 1.74265335e+02,
    2.48000183e+02, 1.59352524e+02, 2.35824341e+02, 1.59803955e+02,
    2.23734680e+02, 1.60228485e+02, 2.11649002e+02, 1.60720901e+02,
    1.99612076e+02, 1.61368347e+02, 1.87595215e+02, 1.61678055e+02,
    1.75592255e+02, 1.62281555e+02 ]
