%YAML:1.0
---
points: [ 1.16759021e+03, 7.92654175e+02, 1.12798254e+03, 8.02789246e+02,
    1.08985632e+03, 8.12893188e+02, 1.05256714e+03, 8.22677185e+02,
    1.01654016e+03, 8.32348999e+02, 9.80961365e+02, 8.41684937e+02,
    9.47117554e+02, 8.51035767e+02, 1.16158374e+03, 7.55930786e+02,
    1.12344873e+03, 7.66740601e+02, 1.08630444e+03, 7.76670593e+02,
    1.05028369e+03, 7.86930542e+02, 1.01493640e+03, 7.96683350e+02,
    9.80713440e+02, 8.06441711e+02, 9.47315186e+02, 8.15887024e+02,
    1.15634106e+03, 7.21550598e+02, 1.11910425e+03, 7.32368286e+02,
    1.08302783e+03, 7.42647766e+02, 1.04790747e+03, 7.52923218e+02,
    1.01356317e+03, 7.63156372e+02, 9.80219666e+02, 7.72663818e+02,
    9.47838745e+02, 7.82486511e+02, 1.15120691e+03, 6.88779907e+02,
    1.11517688e+03, 6.99802490e+02, 1.07984558e+03, 7.10466797e+02,
    1.04572620e+03, 7.20837646e+02, 1.01238770e+03, 7.30959839e+02,
    9.79799988e+02, 7.41192932e+02, 9.48179565e+02, 7.50752869e+02,
    1.14641638e+03, 6.57804871e+02, 1.11126770e+03, 6.68923950e+02,
    1.07696021e+03, 6.79727295e+02, 1.04372498e+03, 6.90405273e+02,
    1.01133160e+03, 7.00548950e+02, 9.79506104e+02, 7.10793945e+02,
    9.48725708e+02, 7.20586670e+02, 1.14174731e+03, 6.28417358e+02,
    1.10754053e+03, 6.39686768e+02, 1.07433899e+03, 6.50400452e+02,
    1.04190649e+03, 6.61276367e+02, 1.01012427e+03, 6.71517822e+02,
    9.79127869e+02, 6.81890686e+02, 9.48834717e+02, 6.91919128e+02,
    1.13767676e+03, 6.00466248e+02, 1.10435193e+03, 6.11853577e+02,
    1.07166455e+03, 6.22838013e+02, 1.04003564e+03, 6.33626526e+02,
    1.00910956e+03, 6.44227722e+02, 9.78979492e+02, 6.54486938e+02,
    9.49228638e+02, 6.64517456e+02, 1.13355273e+03, 5.74125977e+02,
    1.10114575e+03, 5.85298340e+02, 1.06943787e+03, 5.96469177e+02,
    1.03842065e+03, 6.07269348e+02, 1.00805695e+03, 6.17962036e+02,
    9.78684204e+02, 6.28211792e+02, 9.49589966e+02, 6.38523987e+02,
    1.12964636e+03, 5.48801147e+02, 1.09817004e+03, 5.60154419e+02,
    1.06695410e+03, 5.71324707e+02, 1.03666016e+03, 5.81946716e+02,
    1.00740759e+03, 5.92609619e+02, 9.78152405e+02, 6.03047363e+02,
    9.50052979e+02, 6.13297852e+02 ]
