%YAML:1.0
---
points: [ 8.05557861e+02, 3.24877289e+02, 7.92451965e+02, 3.49491364e+02,
    7.79493713e+02, 3.74031036e+02, 7.66363159e+02, 3.98616486e+02,
    7.53228333e+02, 4.23178925e+02, 7.40168396e+02, 4.47713623e+02,
    7.26846558e+02, 4.72402344e+02, 7.80953430e+02, 3.10299896e+02,
    7.67782959e+02, 3.35191284e+02, 7.54592285e+02, 3.59903046e+02,
    7.41371582e+02, 3.84725342e+02, 7.28085083e+02, 4.09576172e+02,
    7.14712769e+02, 4.34385803e+02, 7.01404785e+02, 4.59293091e+02,
    7.56015015e+02, 2.95475037e+02, 7.42535950e+02, 3.20537445e+02,
    7.29327454e+02, 3.45591766e+02, 7.15686157e+02, 3.70572632e+02,
    7.02423950e+02, 3.95707672e+02, 6.88823669e+02, 4.20773102e+02,
    6.75485535e+02, 4.46050568e+02, 7.30352478e+02, 2.80206726e+02,
    7.16758362e+02, 3.05652740e+02, 7.03309387e+02, 3.30949036e+02,
    6.89649231e+02, 3.56311188e+02, 6.76258606e+02, 3.81585876e+02,
    6.62610718e+02, 4.07036774e+02, 6.48892639e+02, 4.32384186e+02,
    7.04204895e+02, 2.64652863e+02, 6.90355896e+02, 2.90336243e+02,
    6.76773560e+02, 3.15875824e+02, 6.62935730e+02, 3.41473419e+02,
    6.49400146e+02, 3.67209076e+02, 6.35569153e+02, 3.92674225e+02,
    6.21743225e+02, 4.18437408e+02, 6.77286560e+02, 2.48676285e+02,
    6.63475769e+02, 2.74680420e+02, 6.49535706e+02, 3.00517181e+02,
    6.35798889e+02, 3.26497070e+02, 6.21712402e+02, 3.52391602e+02,
    6.07910034e+02, 3.78337708e+02, 5.93818054e+02, 4.04217407e+02,
    6.49928406e+02, 2.32634003e+02, 6.35798035e+02, 2.58670105e+02,
    6.21925842e+02, 2.85044556e+02, 6.07840820e+02, 3.10962189e+02,
    5.93861023e+02, 3.37336670e+02, 5.79705200e+02, 3.63389801e+02,
    5.65681458e+02, 3.89626801e+02, 6.21802795e+02, 2.15956833e+02,
    6.07785706e+02, 2.42481323e+02, 5.93569153e+02, 2.68824585e+02,
    5.79445496e+02, 2.95363800e+02, 5.65246582e+02, 3.21687378e+02,
    5.51036194e+02, 3.48368134e+02, 5.36722473e+02, 3.74714355e+02,
    5.93400269e+02, 1.99169067e+02, 5.79036987e+02, 2.25737061e+02,
    5.64758789e+02, 2.52628784e+02, 5.50300171e+02, 2.79320831e+02,
    5.36001221e+02, 3.06182068e+02, 5.21539795e+02, 3.32760834e+02,
    5.07210297e+02, 3.59606842e+02 ]
