%YAML:1.0
---
points: [ 7.51924683e+02, 5.82796448e+02, 7.33025818e+02, 6.02028137e+02,
    7.14105713e+02, 6.21293335e+02, 6.95227234e+02, 6.40648743e+02,
    6.76471985e+02, 6.59934875e+02, 6.57335388e+02, 6.79411743e+02,
    6.38192444e+02, 6.98855347e+02, 7.31855042e+02, 5.64692322e+02,
    7.13063538e+02, 5.83900635e+02, 6.94193970e+02, 6.03352783e+02,
    6.75114746e+02, 6.22740723e+02, 6.56143921e+02, 6.42174377e+02,
    6.36758362e+02, 6.61639709e+02, 6.17670959e+02, 6.81199036e+02,
    7.11754700e+02, 5.46450500e+02, 6.92827271e+02, 5.65854919e+02,
    6.73795776e+02, 5.85188904e+02, 6.54613220e+02, 6.04653381e+02,
    6.35501343e+02, 6.24129211e+02, 6.16108032e+02, 6.43700012e+02,
    5.96830139e+02, 6.63416321e+02, 6.91576843e+02, 5.27975586e+02,
    6.72473450e+02, 5.47491821e+02, 6.53408630e+02, 5.67041382e+02,
    6.34132202e+02, 5.86566040e+02, 6.14833679e+02, 6.05916260e+02,
    5.95309509e+02, 6.25699890e+02, 5.75905701e+02, 6.45388672e+02,
    6.70953674e+02, 5.09473724e+02, 6.51801758e+02, 5.28749207e+02,
    6.32439514e+02, 5.48429932e+02, 6.13203552e+02, 5.68033691e+02,
    5.93782349e+02, 5.87642700e+02, 5.74315613e+02, 6.07424805e+02,
    5.54753296e+02, 6.27186707e+02, 6.50214966e+02, 4.90414795e+02,
    6.30847534e+02, 5.10131775e+02, 6.11483826e+02, 5.29731873e+02,
    5.92100647e+02, 5.49416504e+02, 5.72543579e+02, 5.69136963e+02,
    5.52877136e+02, 5.88879761e+02, 5.33313049e+02, 6.08669006e+02,
    6.29223694e+02, 4.71493134e+02, 6.09779785e+02, 4.91132690e+02,
    5.90248962e+02, 5.10814117e+02, 5.70702087e+02, 5.30529663e+02,
    5.51105103e+02, 5.50404907e+02, 5.31332886e+02, 5.70281067e+02,
    5.11531830e+02, 5.90225952e+02, 6.08016296e+02, 4.52160553e+02,
    5.88455505e+02, 4.71949402e+02, 5.68777649e+02, 4.91648651e+02,
    5.49127380e+02, 5.11504120e+02, 5.29428589e+02, 5.31466736e+02,
    5.09546326e+02, 5.51502197e+02, 4.89685303e+02, 5.71418640e+02,
    5.86572083e+02, 4.32488281e+02, 5.66882263e+02, 4.52403442e+02,
    5.47034119e+02, 4.72383667e+02, 5.27267517e+02, 4.92291992e+02,
    5.07375549e+02, 5.12351929e+02, 4.87611084e+02, 5.32363342e+02,
    4.67594086e+02, 5.52438171e+02 ]
