%YAML:1.0
---
points: [ 7.01507935e+02, 5.78582947e+02, 7.28933838e+02, 5.98695801e+02,
    7.56128662e+02, 6.18633545e+02, 7.82972107e+02, 6.38398621e+02,
    8.09579102e+02, 6.57925293e+02, 8.36010742e+02, 6.77489868e+02,
    8.62303345e+02, 6.96854797e+02, 6.81760071e+02, 6.02755798e+02,
    7.09742371e+02, 6.23191589e+02, 7.37532288e+02, 6.43411072e+02,
    7.65081726e+02, 6.63358582e+02, 7.92299316e+02, 6.83282166e+02,
    8.19426147e+02, 7.02948608e+02, 8.46177673e+02, 7.22636108e+02,
    6.61304504e+02, 6.27779114e+02, 6.89812500e+02, 6.48515747e+02,
    7.18318237e+02, 6.68923767e+02, 7.46417908e+02, 6.89342896e+02,
    7.74357910e+02, 7.09535889e+02, 8.01902588e+02, 7.29567139e+02,
    8.29380188e+02, 7.49523804e+02, 6.39781189e+02, 6.53869080e+02,
    6.69214294e+02, 6.74850403e+02, 6.98224121e+02, 6.95657898e+02,
    7.27095398e+02, 7.16413574e+02, 7.55482727e+02, 7.36834717e+02,
    7.83740845e+02, 7.57272034e+02, 8.11697144e+02, 7.77494751e+02,
    6.17520996e+02, 6.81249146e+02, 6.47480896e+02, 7.02524536e+02,
    6.77370422e+02, 7.23601135e+02, 7.06704895e+02, 7.44666687e+02,
    7.35832947e+02, 7.65432495e+02, 7.64676392e+02, 7.86243774e+02,
    7.93480225e+02, 8.06678345e+02, 5.94111816e+02, 7.09725708e+02,
    6.24912842e+02, 7.31348816e+02, 6.55353699e+02, 7.52764160e+02,
    6.85520508e+02, 7.74112549e+02, 7.15332031e+02, 7.95329895e+02,
    7.44895752e+02, 8.16357605e+02, 7.74252502e+02, 8.37342651e+02,
    5.69794800e+02, 7.39282715e+02, 6.01359924e+02, 7.61372009e+02,
    6.32615601e+02, 7.83167114e+02, 6.63491150e+02, 8.04842529e+02,
    6.94071533e+02, 8.26339661e+02, 7.24290710e+02, 8.47705505e+02,
    7.54358948e+02, 8.68980042e+02, 5.44371094e+02, 7.70394836e+02,
    5.76764648e+02, 7.92672241e+02, 6.08714966e+02, 8.14883728e+02,
    6.40444214e+02, 8.36869263e+02, 6.71618958e+02, 8.58783020e+02,
    7.02673035e+02, 8.80543640e+02, 7.33330383e+02, 9.02289429e+02,
    5.17990845e+02, 8.02726013e+02, 5.50960205e+02, 8.25524109e+02,
    5.83826782e+02, 8.48079407e+02, 6.16279297e+02, 8.70553223e+02,
    6.48337036e+02, 8.92739685e+02, 6.80102966e+02, 9.14929382e+02,
    7.11591980e+02, 9.36805664e+02 ]
