%YAML:1.0
---
points: [ 3.09178101e+02, 2.49481659e+02, 3.08157166e+02, 2.61277893e+02,
    3.07165161e+02, 2.73021820e+02, 3.06218689e+02, 2.84807404e+02,
    3.05224060e+02, 2.96396851e+02, 3.04262512e+02, 3.08161652e+02,
    3.03282135e+02, 3.19798187e+02, 2.97199768e+02, 2.48431274e+02,
    2.96257935e+02, 2.60176758e+02, 2.95282410e+02, 2.71916046e+02,
    2.94279083e+02, 2.83577698e+02, 2.93335632e+02, 2.95282013e+02,
    2.92394714e+02, 3.06924866e+02, 2.91473480e+02, 3.18632538e+02,
    2.85399017e+02, 2.47333740e+02, 2.84410980e+02, 2.59174408e+02,
    2.83463867e+02, 2.70847290e+02, 2.82540253e+02, 2.82487885e+02,
    2.81633820e+02, 2.94096375e+02, 2.80669952e+02, 3.05790131e+02,
    2.79712738e+02, 3.17318420e+02, 2.73642029e+02, 2.46334442e+02,
    2.72661621e+02, 2.58103607e+02, 2.71759155e+02, 2.69681122e+02,
    2.70877930e+02, 2.81301880e+02, 2.69912872e+02, 2.93072510e+02,
    2.68946350e+02, 3.04532532e+02, 2.68057861e+02, 3.16275391e+02,
    2.61965393e+02, 2.45271347e+02, 2.60984741e+02, 2.56975861e+02,
    2.60060455e+02, 2.68616089e+02, 2.59189056e+02, 2.80245636e+02,
    2.58263672e+02, 2.91779327e+02, 2.57304016e+02, 3.03423065e+02,
    2.56350525e+02, 3.15008728e+02, 2.50233093e+02, 2.44332275e+02,
    2.49351898e+02, 2.56004272e+02, 2.48410324e+02, 2.67552307e+02,
    2.47520523e+02, 2.79106567e+02, 2.46630753e+02, 2.90720551e+02,
    2.45702347e+02, 3.02255432e+02, 2.44729233e+02, 3.13844269e+02,
    2.38661560e+02, 2.43225006e+02, 2.37759750e+02, 2.54877487e+02,
    2.36945175e+02, 2.66415680e+02, 2.36006882e+02, 2.78162537e+02,
    2.35091125e+02, 2.89504059e+02, 2.34166901e+02, 3.01176056e+02,
    2.33236176e+02, 3.12634644e+02, 2.27082275e+02, 2.42303436e+02,
    2.26223007e+02, 2.53894928e+02, 2.25288315e+02, 2.65439240e+02,
    2.24445679e+02, 2.76980621e+02, 2.23594299e+02, 2.88514191e+02,
    2.22663589e+02, 2.99984833e+02, 2.21728439e+02, 3.11534821e+02,
    2.15567627e+02, 2.41236649e+02, 2.14707733e+02, 2.52923950e+02,
    2.13837372e+02, 2.64389862e+02, 2.12929260e+02, 2.76020660e+02,
    2.12097031e+02, 2.87330627e+02, 2.11186813e+02, 2.98912903e+02,
    2.10309525e+02, 3.10282928e+02 ]
