%YAML:1.0
---
points: [ 2.07760895e+02, 2.29977600e+02, 2.01465988e+02, 2.36497070e+02,
    1.95103806e+02, 2.42972397e+02, 1.88747543e+02, 2.49458282e+02,
    1.82348053e+02, 2.56074982e+02, 1.75947418e+02, 2.62687408e+02,
    1.69509430e+02, 2.69240265e+02, 2.01200897e+02, 2.23808258e+02,
    1.94790573e+02, 2.30356033e+02, 1.88429138e+02, 2.36877197e+02,
    1.82031616e+02, 2.43425613e+02, 1.75597382e+02, 2.50049438e+02,
    1.69161560e+02, 2.56635773e+02, 1.62694519e+02, 2.63273071e+02,
    1.94445526e+02, 2.17611008e+02, 1.88119797e+02, 2.24186462e+02,
    1.81615875e+02, 2.30776840e+02, 1.75203110e+02, 2.37316818e+02,
    1.68790421e+02, 2.43928101e+02, 1.62266464e+02, 2.50530609e+02,
    1.55729034e+02, 2.57200928e+02, 1.87724167e+02, 2.11386993e+02,
    1.81256714e+02, 2.18010941e+02, 1.74801376e+02, 2.24571442e+02,
    1.68352249e+02, 2.31185089e+02, 1.61873962e+02, 2.37785339e+02,
    1.55280899e+02, 2.44422882e+02, 1.48798767e+02, 2.51120956e+02,
    1.80864456e+02, 2.05090546e+02, 1.74368912e+02, 2.11687073e+02,
    1.67847397e+02, 2.18285355e+02, 1.61385529e+02, 2.24944824e+02,
    1.54804199e+02, 2.31551193e+02, 1.48299316e+02, 2.38250275e+02,
    1.41757965e+02, 2.44950974e+02, 1.73939255e+02, 1.98620010e+02,
    1.67392380e+02, 2.05308701e+02, 1.60901138e+02, 2.11924377e+02,
    1.54306046e+02, 2.18596146e+02, 1.47749847e+02, 2.25314285e+02,
    1.41173187e+02, 2.32011444e+02, 1.34582336e+02, 2.38668442e+02,
    1.66928940e+02, 1.92230362e+02, 1.60383377e+02, 1.98873016e+02,
    1.53785828e+02, 2.05535629e+02, 1.47245224e+02, 2.12199097e+02,
    1.40630402e+02, 2.18994125e+02, 1.34038483e+02, 2.25683990e+02,
    1.27395508e+02, 2.32394348e+02, 1.59828384e+02, 1.85686310e+02,
    1.53232056e+02, 1.92356186e+02, 1.46692123e+02, 1.99093506e+02,
    1.40067719e+02, 2.05794067e+02, 1.33410980e+02, 2.12545593e+02,
    1.26768333e+02, 2.19284927e+02, 1.20155388e+02, 2.26051712e+02,
    1.52760620e+02, 1.79138870e+02, 1.46098114e+02, 1.85775543e+02,
    1.39432159e+02, 1.92540390e+02, 1.32770142e+02, 1.99266083e+02,
    1.26178749e+02, 2.06100403e+02, 1.19459229e+02, 2.12855621e+02,
    1.12817863e+02, 2.19645966e+02 ]
