%YAML:1.0
---
points: [ 5.19493958e+02, 2.22616699e+02, 5.49427490e+02, 2.45096741e+02,
    5.78779968e+02, 2.66976105e+02, 6.07702576e+02, 2.88575378e+02,
    6.35878662e+02, 3.09617157e+02, 6.63583862e+02, 3.30455109e+02,
    6.90615173e+02, 3.50565643e+02, 4.98634125e+02, 2.47156403e+02,
    5.29223694e+02, 2.69475586e+02, 5.59207947e+02, 2.91424438e+02,
    5.88511353e+02, 3.12808807e+02, 6.17144470e+02, 3.34054199e+02,
    6.45340210e+02, 3.54578125e+02, 6.72894531e+02, 3.74880432e+02,
    4.77522980e+02, 2.71934967e+02, 5.08524017e+02, 2.94386200e+02,
    5.38983948e+02, 3.16240997e+02, 5.68825806e+02, 3.37715424e+02,
    5.98112427e+02, 3.58675018e+02, 6.26672974e+02, 3.79398407e+02,
    6.54718933e+02, 3.99459198e+02, 4.55665588e+02, 2.97452545e+02,
    4.87438843e+02, 3.19700256e+02, 5.18391968e+02, 3.41598602e+02,
    5.48700623e+02, 3.62977509e+02, 5.78469360e+02, 3.84080994e+02,
    6.07604065e+02, 4.04560303e+02, 6.36223755e+02, 4.24680878e+02,
    4.33481567e+02, 3.23548584e+02, 4.65630035e+02, 3.45811554e+02,
    4.97278534e+02, 3.67562042e+02, 5.28163635e+02, 3.89093750e+02,
    5.58458008e+02, 4.09828156e+02, 5.87993347e+02, 4.30428314e+02,
    6.17116089e+02, 4.50399536e+02, 4.10653748e+02, 3.50319153e+02,
    4.43482635e+02, 3.72379974e+02, 4.75479919e+02, 3.94299469e+02,
    5.07050995e+02, 4.15516388e+02, 5.37826355e+02, 4.36466644e+02,
    5.68013428e+02, 4.56740875e+02, 5.97462280e+02, 4.76839600e+02,
    3.87535492e+02, 3.77427277e+02, 4.20694702e+02, 3.99590698e+02,
    4.53452057e+02, 4.21320679e+02, 4.85449127e+02, 4.42586182e+02,
    5.16790710e+02, 4.63350525e+02, 5.47494080e+02, 4.83767242e+02,
    5.77611877e+02, 5.03638519e+02, 3.63607056e+02, 4.05429504e+02,
    3.97528015e+02, 4.27412445e+02, 4.30702393e+02, 4.49208130e+02,
    4.63377258e+02, 4.70279266e+02, 4.95197113e+02, 4.91170227e+02,
    5.26405762e+02, 5.11386078e+02, 5.57131165e+02, 5.31335815e+02,
    3.39402313e+02, 4.33831116e+02, 3.73666046e+02, 4.55985443e+02,
    4.07495880e+02, 4.77515503e+02, 4.40672882e+02, 4.98663544e+02,
    4.73152100e+02, 5.19408081e+02, 5.04896118e+02, 5.39668030e+02,
    5.36188721e+02, 5.59430481e+02 ]
