%YAML:1.0
---
points: [ 7.21021118e+02, 6.44186584e+02, 6.94103027e+02, 6.48299683e+02,
    6.67303162e+02, 6.52313477e+02, 6.40273010e+02, 6.56310303e+02,
    6.13378479e+02, 6.60528748e+02, 5.86379883e+02, 6.64790955e+02,
    5.59420593e+02, 6.68712158e+02, 7.16096069e+02, 6.18456970e+02,
    6.89386169e+02, 6.22427307e+02, 6.62361145e+02, 6.26563660e+02,
    6.35289978e+02, 6.30563538e+02, 6.08221985e+02, 6.34659363e+02,
    5.81218445e+02, 6.38789551e+02, 5.53931458e+02, 6.43087036e+02,
    7.11296692e+02, 5.92392334e+02, 6.84341736e+02, 5.96607483e+02,
    6.57335388e+02, 6.00454224e+02, 6.30145630e+02, 6.04526062e+02,
    6.03004517e+02, 6.08595764e+02, 5.75638977e+02, 6.12803711e+02,
    5.48481384e+02, 6.16893250e+02, 7.06383667e+02, 5.66456787e+02,
    6.79439697e+02, 5.70392578e+02, 6.52296448e+02, 5.74547119e+02,
    6.25022949e+02, 5.78446716e+02, 5.97588379e+02, 5.82484985e+02,
    5.70255615e+02, 5.86640320e+02, 5.42840454e+02, 5.90765930e+02,
    7.01489441e+02, 5.39962402e+02, 6.74307068e+02, 5.44100220e+02,
    6.47225098e+02, 5.47972900e+02, 6.19584717e+02, 5.51938843e+02,
    5.92305237e+02, 5.56055359e+02, 5.64857117e+02, 5.60261780e+02,
    5.37449951e+02, 5.64236633e+02, 6.96411621e+02, 5.13434509e+02,
    6.69318726e+02, 5.17448853e+02, 6.41739685e+02, 5.21479065e+02,
    6.14387878e+02, 5.25373230e+02, 5.86752197e+02, 5.29417236e+02,
    5.59408997e+02, 5.33365417e+02, 5.31583618e+02, 5.37614014e+02,
    6.91343445e+02, 4.86594055e+02, 6.64108826e+02, 4.90700256e+02,
    6.36607300e+02, 4.94509003e+02, 6.09067322e+02, 4.98555420e+02,
    5.81363098e+02, 5.02590393e+02, 5.53686646e+02, 5.06702728e+02,
    5.25967407e+02, 5.10513153e+02, 6.86363770e+02, 4.59689362e+02,
    6.58998596e+02, 4.63489441e+02, 6.31252502e+02, 4.67430206e+02,
    6.03457092e+02, 4.71449402e+02, 5.75819641e+02, 4.75616730e+02,
    5.48226013e+02, 4.79360352e+02, 5.20108032e+02, 4.83428558e+02,
    6.81246216e+02, 4.32320312e+02, 6.53559509e+02, 4.36256927e+02,
    6.25792358e+02, 4.40213623e+02, 5.98031433e+02, 4.44282379e+02,
    5.70156494e+02, 4.48152954e+02, 5.42272400e+02, 4.52216492e+02,
    5.14100403e+02, 4.56014069e+02 ]
