%YAML:1.0
---
points: [ 1.97324158e+02, 2.50735748e+02, 1.88350342e+02, 2.52091614e+02,
    1.79281998e+02, 2.53454239e+02, 1.70292923e+02, 2.54826324e+02,
    1.61164536e+02, 2.56250854e+02, 1.52055298e+02, 2.57643372e+02,
    1.42909348e+02, 2.59061920e+02, 1.95826431e+02, 2.41989548e+02,
    1.86793686e+02, 2.43318802e+02, 1.77668976e+02, 2.44736938e+02,
    1.68613052e+02, 2.46159897e+02, 1.59415985e+02, 2.47470230e+02,
    1.50318115e+02, 2.48887878e+02, 1.41200775e+02, 2.50262543e+02,
    1.94243820e+02, 2.33230621e+02, 1.85153610e+02, 2.34521973e+02,
    1.76078491e+02, 2.35976608e+02, 1.66941452e+02, 2.37281219e+02,
    1.57722687e+02, 2.38646545e+02, 1.48553329e+02, 2.40134949e+02,
    1.39353104e+02, 2.41380646e+02, 1.92685898e+02, 2.24336655e+02,
    1.83544724e+02, 2.25771820e+02, 1.74421448e+02, 2.27119537e+02,
    1.65201950e+02, 2.28453873e+02, 1.56046204e+02, 2.29939026e+02,
    1.46810730e+02, 2.31209610e+02, 1.37616470e+02, 2.32575562e+02,
    1.91057327e+02, 2.15414841e+02, 1.81874115e+02, 2.16784515e+02,
    1.72745117e+02, 2.18153992e+02, 1.63575424e+02, 2.19483032e+02,
    1.54306671e+02, 2.20911804e+02, 1.45047607e+02, 2.22281006e+02,
    1.35785446e+02, 2.23590851e+02, 1.89496201e+02, 2.06389603e+02,
    1.80237564e+02, 2.07800888e+02, 1.71131561e+02, 2.09109299e+02,
    1.61850143e+02, 2.10435913e+02, 1.52541107e+02, 2.11864975e+02,
    1.43227112e+02, 2.13211929e+02, 1.33980209e+02, 2.14543854e+02,
    1.87842361e+02, 1.97319733e+02, 1.78616974e+02, 1.98688522e+02,
    1.69370285e+02, 2.00111679e+02, 1.60054047e+02, 2.01403656e+02,
    1.50775482e+02, 2.02757782e+02, 1.41442688e+02, 2.04186646e+02,
    1.32039536e+02, 2.05462540e+02, 1.86222046e+02, 1.88165878e+02,
    1.76960556e+02, 1.89562454e+02, 1.67628906e+02, 1.90921371e+02,
    1.58331406e+02, 1.92266510e+02, 1.49043777e+02, 1.93604996e+02,
    1.39605896e+02, 1.94999237e+02, 1.30217300e+02, 1.96333405e+02,
    1.84549652e+02, 1.79006500e+02, 1.75251495e+02, 1.80317078e+02,
    1.65863678e+02, 1.81661346e+02, 1.56516708e+02, 1.82965179e+02,
    1.47152588e+02, 1.84355484e+02, 1.37714142e+02, 1.85686539e+02,
    1.28331299e+02, 1.87073639e+02 ]
