%YAML:1.0
---
points: [ 2.87226868e+02, 2.82484741e+02, 2.80991730e+02, 2.92123199e+02,
    2.75025543e+02, 3.01583099e+02, 2.69110535e+02, 3.10818054e+02,
    2.63261841e+02, 3.19984009e+02, 2.57518738e+02, 3.28960083e+02,
    2.52025620e+02, 3.37813721e+02, 2.76333954e+02, 2.76194122e+02,
    2.70338959e+02, 2.85858246e+02, 2.64400665e+02, 2.95471863e+02,
    2.58587311e+02, 3.04778625e+02, 2.52893646e+02, 3.13888214e+02,
    2.47268097e+02, 3.23022949e+02, 2.41707504e+02, 3.31868256e+02,
    2.65624878e+02, 2.70004547e+02, 2.59674103e+02, 2.79729706e+02,
    2.53837738e+02, 2.89341034e+02, 2.48109268e+02, 2.98717773e+02,
    2.42433380e+02, 3.07968048e+02, 2.36952652e+02, 3.17029175e+02,
    2.31478287e+02, 3.25948517e+02, 2.54838058e+02, 2.63843384e+02,
    2.49082230e+02, 2.73580658e+02, 2.43295059e+02, 2.83197723e+02,
    2.37678406e+02, 2.92645691e+02, 2.32123779e+02, 3.01929291e+02,
    2.26676270e+02, 3.11114777e+02, 2.21310196e+02, 3.20117767e+02,
    2.44101105e+02, 2.57624115e+02, 2.38343735e+02, 2.67440796e+02,
    2.32733856e+02, 2.77105255e+02, 2.27212570e+02, 2.86654266e+02,
    2.21753418e+02, 2.95971313e+02, 2.16400787e+02, 3.05113617e+02,
    2.11137192e+02, 3.14168396e+02, 2.33362335e+02, 2.51481140e+02,
    2.27693436e+02, 2.61330841e+02, 2.22196442e+02, 2.71004730e+02,
    2.16697006e+02, 2.80585968e+02, 2.11371384e+02, 2.89945221e+02,
    2.06131927e+02, 2.99199493e+02, 2.00943344e+02, 3.08258209e+02,
    2.22641083e+02, 2.45309402e+02, 2.17119644e+02, 2.55290146e+02,
    2.11685867e+02, 2.65032898e+02, 2.06307022e+02, 2.74582855e+02,
    2.01063751e+02, 2.84015442e+02, 1.95868912e+02, 2.93277863e+02,
    1.90735260e+02, 3.02363220e+02, 2.11893112e+02, 2.39115631e+02,
    2.06441696e+02, 2.49126480e+02, 2.01070511e+02, 2.58936829e+02,
    1.95851715e+02, 2.68656982e+02, 1.90720413e+02, 2.78033508e+02,
    1.85673538e+02, 2.87299774e+02, 1.80638443e+02, 2.96482483e+02,
    2.01131805e+02, 2.33037994e+02, 1.95807785e+02, 2.43065338e+02,
    1.90585953e+02, 2.52834564e+02, 1.85372818e+02, 2.62600677e+02,
    1.80290268e+02, 2.72076599e+02, 1.75334290e+02, 2.81379639e+02,
    1.70439941e+02, 2.90611145e+02 ]
