%YAML:1.0
---
points: [ 1.91463806e+02, 1.92870239e+02, 1.84101944e+02, 1.98042221e+02,
    1.76621658e+02, 2.03203629e+02, 1.69222595e+02, 2.08303650e+02,
    1.61760101e+02, 2.13546463e+02, 1.54316895e+02, 2.18827805e+02,
    1.46828247e+02, 2.24029984e+02, 1.86119522e+02, 1.85459625e+02,
    1.78713226e+02, 1.90608231e+02, 1.71227081e+02, 1.95861450e+02,
    1.63804993e+02, 2.01060654e+02, 1.56338989e+02, 2.06248505e+02,
    1.48828827e+02, 2.11460632e+02, 1.41354645e+02, 2.16695496e+02,
    1.80707855e+02, 1.78054306e+02, 1.73220825e+02, 1.83218369e+02,
    1.65801773e+02, 1.88389313e+02, 1.58329910e+02, 1.93581711e+02,
    1.50816589e+02, 1.98848328e+02, 1.43319244e+02, 2.04079605e+02,
    1.35830566e+02, 2.09327896e+02, 1.75264099e+02, 1.70578659e+02,
    1.67823456e+02, 1.75789322e+02, 1.60312729e+02, 1.81037598e+02,
    1.52853745e+02, 1.86226791e+02, 1.45294128e+02, 1.91380310e+02,
    1.37841599e+02, 1.96657349e+02, 1.30255905e+02, 2.01898178e+02,
    1.69817505e+02, 1.63075317e+02, 1.62314102e+02, 1.68218246e+02,
    1.54780930e+02, 1.73440842e+02, 1.47343353e+02, 1.78701645e+02,
    1.39775391e+02, 1.83953995e+02, 1.32241196e+02, 1.89189026e+02,
    1.24724037e+02, 1.94406036e+02, 1.64282211e+02, 1.55447556e+02,
    1.56788803e+02, 1.60702240e+02, 1.49235321e+02, 1.65942841e+02,
    1.41722427e+02, 1.71141083e+02, 1.34225876e+02, 1.76398514e+02,
    1.26649162e+02, 1.81674469e+02, 1.19107162e+02, 1.86961304e+02,
    1.58757629e+02, 1.47837463e+02, 1.51241165e+02, 1.53098618e+02,
    1.43712875e+02, 1.58345245e+02, 1.36220169e+02, 1.63610397e+02,
    1.28581192e+02, 1.68876938e+02, 1.21086914e+02, 1.74143539e+02,
    1.13503128e+02, 1.79367050e+02, 1.53213562e+02, 1.40208420e+02,
    1.45661285e+02, 1.45499863e+02, 1.38130341e+02, 1.50715469e+02,
    1.30552856e+02, 1.56010010e+02, 1.23069618e+02, 1.61276825e+02,
    1.15436386e+02, 1.66552612e+02, 1.07896088e+02, 1.71854492e+02,
    1.47604446e+02, 1.32528046e+02, 1.40097153e+02, 1.37799805e+02,
    1.32458008e+02, 1.43100143e+02, 1.24960335e+02, 1.48357025e+02,
    1.17337593e+02, 1.53668579e+02, 1.09794693e+02, 1.58980911e+02,
    1.02247589e+02, 1.64272018e+02 ]
