%YAML:1.0
---
points: [ 2.99696381e+02, 3.01071686e+02, 2.91802002e+02, 3.13046143e+02,
    2.83583008e+02, 3.25287659e+02, 2.75005402e+02, 3.38169281e+02,
    2.66144135e+02, 3.51410767e+02, 2.56925354e+02, 3.65165924e+02,
    2.47343430e+02, 3.79624634e+02, 2.87347595e+02, 2.93742157e+02,
    2.79348785e+02, 3.05308807e+02, 2.71040649e+02, 3.17367645e+02,
    2.62447113e+02, 3.29687531e+02, 2.53526962e+02, 3.42596466e+02,
    2.44220917e+02, 3.55960724e+02, 2.34560104e+02, 3.69791840e+02,
    2.75453888e+02, 2.86743713e+02, 2.67425293e+02, 2.97948364e+02,
    2.59010132e+02, 3.09566437e+02, 2.50377014e+02, 3.21635712e+02,
    2.41403427e+02, 3.34075226e+02, 2.32073303e+02, 3.47064331e+02,
    2.22360672e+02, 3.60453827e+02, 2.64009827e+02, 2.79958160e+02,
    2.55887421e+02, 2.90799591e+02, 2.47462921e+02, 3.02155487e+02,
    2.38779922e+02, 3.13764374e+02, 2.29736023e+02, 3.25916046e+02,
    2.20309341e+02, 3.38519287e+02, 2.10612885e+02, 3.51456146e+02,
    2.52960587e+02, 2.73419769e+02, 2.44781036e+02, 2.83952087e+02,
    2.36293945e+02, 2.94933868e+02, 2.27602737e+02, 3.06331421e+02,
    2.18509598e+02, 3.18011597e+02, 2.09076736e+02, 3.30323517e+02,
    1.99262238e+02, 3.42889923e+02, 2.42248795e+02, 2.67125977e+02,
    2.34113342e+02, 2.77409027e+02, 2.25551682e+02, 2.88092682e+02,
    2.16768585e+02, 2.99094238e+02, 2.07630157e+02, 3.10558075e+02,
    1.98162903e+02, 3.22362274e+02, 1.88340454e+02, 3.34683685e+02,
    2.31969238e+02, 2.61093597e+02, 2.23716736e+02, 2.71103485e+02,
    2.15186951e+02, 2.81429993e+02, 2.06362900e+02, 2.92204590e+02,
    1.97232269e+02, 3.03265503e+02, 1.87766937e+02, 3.14879211e+02,
    1.77964401e+02, 3.26747589e+02, 2.22013489e+02, 2.55273483e+02,
    2.13704224e+02, 2.64966705e+02, 2.05119202e+02, 2.75105957e+02,
    1.96290192e+02, 2.85520660e+02, 1.87119873e+02, 2.96359711e+02,
    1.77626923e+02, 3.07541779e+02, 1.67835358e+02, 3.19169159e+02,
    2.12289825e+02, 2.49574371e+02, 2.03956161e+02, 2.59118927e+02,
    1.95447525e+02, 2.68885559e+02, 1.86577591e+02, 2.79128082e+02,
    1.77339508e+02, 2.89602631e+02, 1.67888885e+02, 3.00568970e+02,
    1.58131195e+02, 3.11735870e+02 ]
