%YAML:1.0
---
points: [ 4.97398743e+02, 1.07750107e+02, 5.34669434e+02, 1.07414146e+02,
    5.71021423e+02, 1.06897827e+02, 6.06641541e+02, 1.06446594e+02,
    6.41310608e+02, 1.05990143e+02, 6.75146545e+02, 1.05576805e+02,
    7.08198853e+02, 1.05152313e+02, 5.02873108e+02, 1.44146011e+02,
    5.39533142e+02, 1.43071350e+02, 5.75347290e+02, 1.42371277e+02,
    6.10173828e+02, 1.41365692e+02, 6.44185547e+02, 1.40649628e+02,
    6.77351990e+02, 1.39911896e+02, 7.09897339e+02, 1.39351746e+02,
    5.08129761e+02, 1.78697250e+02, 5.44229431e+02, 1.77570160e+02,
    5.79394043e+02, 1.76328369e+02, 6.13504211e+02, 1.75329483e+02,
    6.46904602e+02, 1.74211807e+02, 6.79685791e+02, 1.72989746e+02,
    7.11510925e+02, 1.71890274e+02, 5.13400330e+02, 2.12569229e+02,
    5.48659973e+02, 2.10887222e+02, 5.83180054e+02, 2.09410355e+02,
    6.16804993e+02, 2.07851807e+02, 6.49602722e+02, 2.06524124e+02,
    6.81658264e+02, 2.04925247e+02, 7.13000366e+02, 2.03575699e+02,
    5.18423584e+02, 2.44944382e+02, 5.53228455e+02, 2.43234116e+02,
    5.86817383e+02, 2.41254089e+02, 6.19908203e+02, 2.39489548e+02,
    6.52238220e+02, 2.37700394e+02, 6.83666504e+02, 2.35890305e+02,
    7.14481873e+02, 2.34358337e+02, 5.23284790e+02, 2.76479614e+02,
    5.57380798e+02, 2.74230774e+02, 5.90541260e+02, 2.72015472e+02,
    6.23056702e+02, 2.69943726e+02, 6.54684265e+02, 2.67733948e+02,
    6.85560669e+02, 2.65696533e+02, 7.15884827e+02, 2.63807007e+02,
    5.28016785e+02, 3.06671906e+02, 5.61373230e+02, 3.04041412e+02,
    5.94092651e+02, 3.01619324e+02, 6.25957703e+02, 2.99201324e+02,
    6.57039307e+02, 2.96871857e+02, 6.87402039e+02, 2.94462433e+02,
    7.17325317e+02, 2.92183502e+02, 5.32531250e+02, 3.35720551e+02,
    5.65372192e+02, 3.33173157e+02, 5.97388855e+02, 3.30336792e+02,
    6.28645813e+02, 3.27640198e+02, 6.59414124e+02, 3.24885651e+02,
    6.89312134e+02, 3.22409637e+02, 7.18477905e+02, 3.19758087e+02,
    5.37049438e+02, 3.64225555e+02, 5.69233826e+02, 3.61173431e+02,
    6.00732605e+02, 3.57965027e+02, 6.31481506e+02, 3.55144531e+02,
    6.61481201e+02, 3.52203339e+02, 6.90879578e+02, 3.49353271e+02,
    7.19644043e+02, 3.46451172e+02 ]
