%YAML:1.0
---
points: [ 7.03896606e+02, 4.73294586e+02, 6.81876587e+02, 4.88681122e+02,
    6.59891724e+02, 5.03858154e+02, 6.37799438e+02, 5.19311646e+02,
    6.15724915e+02, 5.34539673e+02, 5.93582275e+02, 5.50136047e+02,
    5.71265625e+02, 5.65406616e+02, 6.87845032e+02, 4.51573334e+02,
    6.65756226e+02, 4.66821808e+02, 6.43748169e+02, 4.82261932e+02,
    6.21559509e+02, 4.97459259e+02, 5.99511536e+02, 5.12806458e+02,
    5.77287415e+02, 5.28138062e+02, 5.54960266e+02, 5.43716553e+02,
    6.71667175e+02, 4.29548920e+02, 6.49629333e+02, 4.44877136e+02,
    6.27406982e+02, 4.60208618e+02, 6.05197266e+02, 4.75593506e+02,
    5.83038574e+02, 4.90862732e+02, 5.60725647e+02, 5.06454834e+02,
    5.38375977e+02, 5.21788452e+02, 6.55582825e+02, 4.07525085e+02,
    6.33340149e+02, 4.22728943e+02, 6.11209412e+02, 4.38313263e+02,
    5.88793091e+02, 4.53590118e+02, 5.66627319e+02, 4.69141144e+02,
    5.44055542e+02, 4.84511902e+02, 5.21727295e+02, 5.00084625e+02,
    6.39069031e+02, 3.85182739e+02, 6.16951111e+02, 4.00689941e+02,
    5.94605835e+02, 4.15860321e+02, 5.72311951e+02, 4.31470551e+02,
    5.49883301e+02, 4.46853760e+02, 5.27520874e+02, 4.62419525e+02,
    5.05046204e+02, 4.77806061e+02, 6.22597717e+02, 3.62815521e+02,
    6.00230896e+02, 3.78337646e+02, 5.78147949e+02, 3.93718414e+02,
    5.55609436e+02, 4.09214020e+02, 5.33295959e+02, 4.24569550e+02,
    5.10701599e+02, 4.40033508e+02, 4.88234161e+02, 4.55650513e+02,
    6.06029907e+02, 3.40235962e+02, 5.83759888e+02, 3.55781677e+02,
    5.61309326e+02, 3.71214661e+02, 5.39059143e+02, 3.86673157e+02,
    5.16435486e+02, 4.02199860e+02, 4.93939117e+02, 4.17923279e+02,
    4.71225677e+02, 4.33428375e+02, 5.89424683e+02, 3.17565247e+02,
    5.66831421e+02, 3.33221619e+02, 5.44562805e+02, 3.48685272e+02,
    5.22079956e+02, 3.64065430e+02, 4.99563599e+02, 3.79928589e+02,
    4.76930359e+02, 3.95393524e+02, 4.54432770e+02, 4.11071106e+02,
    5.72563904e+02, 2.94620056e+02, 5.50225342e+02, 3.10310150e+02,
    5.27428345e+02, 3.26030518e+02, 5.05065216e+02, 3.41488739e+02,
    4.82323853e+02, 3.57322693e+02, 4.59926605e+02, 3.72789551e+02,
    4.37142273e+02, 3.88454865e+02 ]
