%YAML:1.0
---
points: [ 7.81501648e+02, 5.36300110e+02, 7.63708862e+02, 5.56169189e+02,
    7.46274353e+02, 5.75944275e+02, 7.28351379e+02, 5.95470154e+02,
    7.10531921e+02, 6.15347168e+02, 6.92905457e+02, 6.35428101e+02,
    6.74689575e+02, 6.55344299e+02, 7.61731445e+02, 5.19015137e+02,
    7.43826721e+02, 5.38489990e+02, 7.26377319e+02, 5.58311096e+02,
    7.08656372e+02, 5.78113708e+02, 6.90624084e+02, 5.97701538e+02,
    6.72746643e+02, 6.17689392e+02, 6.55040405e+02, 6.37687500e+02,
    7.41851929e+02, 5.01489960e+02, 7.24237549e+02, 5.21154663e+02,
    7.06311157e+02, 5.40702637e+02, 6.88698608e+02, 5.60500671e+02,
    6.70743225e+02, 5.80364868e+02, 6.52752258e+02, 6.00107178e+02,
    6.34920227e+02, 6.20293701e+02, 7.21937134e+02, 4.83753571e+02,
    7.04437622e+02, 5.03648224e+02, 6.86705444e+02, 5.23216248e+02,
    6.68602844e+02, 5.43098511e+02, 6.51077393e+02, 5.62810120e+02,
    6.32805115e+02, 5.82777771e+02, 6.15026123e+02, 6.02508606e+02,
    7.01942261e+02, 4.66310791e+02, 6.84462708e+02, 4.85841125e+02,
    6.66638489e+02, 5.05714355e+02, 6.48697144e+02, 5.25368286e+02,
    6.30846191e+02, 5.45441833e+02, 6.12982178e+02, 5.65221008e+02,
    5.94687012e+02, 5.84958618e+02, 6.82260803e+02, 4.48670227e+02,
    6.64363708e+02, 4.68356232e+02, 6.46699890e+02, 4.88149231e+02,
    6.28623169e+02, 5.07859680e+02, 6.10799255e+02, 5.27614197e+02,
    5.92838867e+02, 5.47695129e+02, 5.74715942e+02, 5.67434448e+02,
    6.62314880e+02, 4.31192780e+02, 6.44485657e+02, 4.50669952e+02,
    6.26579163e+02, 4.70709961e+02, 6.08740845e+02, 4.90379486e+02,
    5.90537292e+02, 5.10173553e+02, 5.72772217e+02, 5.30052063e+02,
    5.54608337e+02, 5.49910461e+02, 6.42248901e+02, 4.13433411e+02,
    6.24396606e+02, 4.33235260e+02, 6.06569214e+02, 4.52929077e+02,
    5.88624939e+02, 4.72966217e+02, 5.70651001e+02, 4.92540649e+02,
    5.52661133e+02, 5.12562805e+02, 5.34719055e+02, 5.32356384e+02,
    6.22200195e+02, 3.95834717e+02, 6.04485046e+02, 4.15569031e+02,
    5.86353394e+02, 4.35419098e+02, 5.68415527e+02, 4.55120209e+02,
    5.50495667e+02, 4.74963531e+02, 5.32586182e+02, 4.94723694e+02,
    5.14488770e+02, 5.14786682e+02 ]
