%YAML:1.0
---
points: [ 2.59397430e+02, 2.57007782e+02, 2.47658997e+02, 2.64900360e+02,
    2.35700607e+02, 2.72964905e+02, 2.23577118e+02, 2.81247620e+02,
    2.11146500e+02, 2.89654541e+02, 1.98398254e+02, 2.98320038e+02,
    1.85432388e+02, 3.07060394e+02, 2.51315628e+02, 2.45624603e+02,
    2.39679306e+02, 2.53378220e+02, 2.27746536e+02, 2.61280487e+02,
    2.15713242e+02, 2.69260956e+02, 2.03251556e+02, 2.77475922e+02,
    1.90634506e+02, 2.85827667e+02, 1.77673508e+02, 2.94506470e+02,
    2.43403442e+02, 2.34463013e+02, 2.31854645e+02, 2.42023468e+02,
    2.19959747e+02, 2.49721100e+02, 2.07847992e+02, 2.57581238e+02,
    1.95550735e+02, 2.65577148e+02, 1.82925690e+02, 2.73769592e+02,
    1.70035767e+02, 2.82066650e+02, 2.35685623e+02, 2.23522354e+02,
    2.24133789e+02, 2.30888657e+02, 2.12286285e+02, 2.38447617e+02,
    2.00256790e+02, 2.46066544e+02, 1.87966507e+02, 2.53879318e+02,
    1.75393936e+02, 2.61841248e+02, 1.62572021e+02, 2.70000305e+02,
    2.28102737e+02, 2.12904022e+02, 2.16526215e+02, 2.20041290e+02,
    2.04779846e+02, 2.27364166e+02, 1.92727585e+02, 2.34867477e+02,
    1.80587173e+02, 2.42411499e+02, 1.68019104e+02, 2.50241714e+02,
    1.55240570e+02, 2.58162720e+02, 2.20631897e+02, 2.02264145e+02,
    2.09139221e+02, 2.09302490e+02, 1.97345535e+02, 2.16471039e+02,
    1.85436493e+02, 2.23790253e+02, 1.73228592e+02, 2.31242676e+02,
    1.60730072e+02, 2.38801147e+02, 1.48037018e+02, 2.46593140e+02,
    2.13307297e+02, 1.91981628e+02, 2.01816727e+02, 1.98891861e+02,
    1.90119583e+02, 2.05886230e+02, 1.78199844e+02, 2.12995956e+02,
    1.66068939e+02, 2.20238220e+02, 1.53659271e+02, 2.27732208e+02,
    1.41006042e+02, 2.35265305e+02, 2.06049774e+02, 1.81894394e+02,
    1.94628510e+02, 1.88569763e+02, 1.82948257e+02, 1.95445801e+02,
    1.71094711e+02, 2.02378006e+02, 1.59013184e+02, 2.09485413e+02,
    1.46673752e+02, 2.16727158e+02, 1.34088058e+02, 2.24170883e+02,
    1.98943237e+02, 1.71875946e+02, 1.87543884e+02, 1.78471451e+02,
    1.75958481e+02, 1.85178421e+02, 1.64138397e+02, 1.92011139e+02,
    1.52081284e+02, 1.98907394e+02, 1.39795349e+02, 2.06090820e+02,
    1.27315018e+02, 2.13230011e+02 ]
