%YAML:1.0
---
points: [ 2.17754364e+02, 2.14206665e+02, 2.11679962e+02, 2.20825058e+02,
    2.05752579e+02, 2.27600403e+02, 1.99719360e+02, 2.34299973e+02,
    1.93711945e+02, 2.41035187e+02, 1.87669662e+02, 2.47731186e+02,
    1.81617004e+02, 2.54451584e+02, 2.10943726e+02, 2.08322784e+02,
    2.05042130e+02, 2.14982178e+02, 1.98979919e+02, 2.21676575e+02,
    1.93006653e+02, 2.28322021e+02, 1.86983109e+02, 2.35097961e+02,
    1.80972702e+02, 2.41828690e+02, 1.74914856e+02, 2.48528366e+02,
    2.04277252e+02, 2.02361160e+02, 1.98262314e+02, 2.09035797e+02,
    1.92266403e+02, 2.15699371e+02, 1.86256622e+02, 2.22344131e+02,
    1.80236893e+02, 2.29120483e+02, 1.74243881e+02, 2.35878571e+02,
    1.68142944e+02, 2.42578461e+02, 1.97499557e+02, 1.96426727e+02,
    1.91575775e+02, 2.03136688e+02, 1.85581573e+02, 2.09810303e+02,
    1.79538879e+02, 2.16472321e+02, 1.73512772e+02, 2.23186111e+02,
    1.67480515e+02, 2.29954529e+02, 1.61410980e+02, 2.36636063e+02,
    1.90827133e+02, 1.90421844e+02, 1.84812744e+02, 1.97136078e+02,
    1.78802765e+02, 2.03810226e+02, 1.72809174e+02, 2.10529602e+02,
    1.66729935e+02, 2.17250351e+02, 1.60715668e+02, 2.24012527e+02,
    1.54673492e+02, 2.30694656e+02, 1.84059738e+02, 1.84465286e+02,
    1.78052795e+02, 1.91190948e+02, 1.72093201e+02, 1.97881393e+02,
    1.66031937e+02, 2.04488953e+02, 1.60035797e+02, 2.11274887e+02,
    1.54004059e+02, 2.18036652e+02, 1.47893890e+02, 2.24764557e+02,
    1.77299423e+02, 1.78560654e+02, 1.71316681e+02, 1.85251892e+02,
    1.65313721e+02, 1.91921783e+02, 1.59311951e+02, 1.98603867e+02,
    1.53254974e+02, 2.05309448e+02, 1.47213821e+02, 2.12027542e+02,
    1.41170151e+02, 2.18804565e+02, 1.70578186e+02, 1.72608871e+02,
    1.64571533e+02, 1.79294983e+02, 1.58566101e+02, 1.85962173e+02,
    1.52565765e+02, 1.92652740e+02, 1.46475006e+02, 1.99373688e+02,
    1.40479050e+02, 2.06119751e+02, 1.34393723e+02, 2.12792633e+02,
    1.63849945e+02, 1.66681488e+02, 1.57816513e+02, 1.73311523e+02,
    1.51757507e+02, 1.80013199e+02, 1.45769852e+02, 1.86724686e+02,
    1.39743454e+02, 1.93368851e+02, 1.33681381e+02, 2.00144135e+02,
    1.27612595e+02, 2.06880035e+02 ]
