%YAML:1.0
---
points: [ 6.23354492e+02, 4.67669907e+01, 6.56162415e+02, 5.74665108e+01,
    6.88031250e+02, 6.75926666e+01, 7.18910645e+02, 7.76086502e+01,
    7.48879944e+02, 8.73477020e+01, 7.78240417e+02, 9.67183685e+01,
    8.06305298e+02, 1.06055267e+02, 6.16819153e+02, 8.05066299e+01,
    6.49347900e+02, 9.06044464e+01, 6.81028198e+02, 1.00278961e+02,
    7.11613647e+02, 1.09521942e+02, 7.41445068e+02, 1.18741531e+02,
    7.70254150e+02, 1.27811646e+02, 7.98420227e+02, 1.36446472e+02,
    6.10424316e+02, 1.13328369e+02, 6.42962280e+02, 1.22776680e+02,
    6.74163086e+02, 1.31814056e+02, 7.04596741e+02, 1.40797882e+02,
    7.33930481e+02, 1.49448959e+02, 7.62862122e+02, 1.57947281e+02,
    7.90532959e+02, 1.66125809e+02, 6.04326782e+02, 1.45353012e+02,
    6.36372437e+02, 1.54325699e+02, 6.67444946e+02, 1.62854401e+02,
    6.97590332e+02, 1.71176270e+02, 7.27133484e+02, 1.79488678e+02,
    7.55371216e+02, 1.87308533e+02, 7.83075928e+02, 1.95049286e+02,
    5.98329468e+02, 1.76582077e+02, 6.30067871e+02, 1.85046509e+02,
    6.60823547e+02, 1.92963669e+02, 6.90824585e+02, 2.00948257e+02,
    7.19866943e+02, 2.08492142e+02, 7.48280090e+02, 2.16158493e+02,
    7.75485535e+02, 2.23364380e+02, 5.92327820e+02, 2.07237289e+02,
    6.23896790e+02, 2.14868408e+02, 6.54547241e+02, 2.22602295e+02,
    6.84269287e+02, 2.29799911e+02, 7.12901917e+02, 2.37296432e+02,
    7.40901611e+02, 2.44192902e+02, 7.68425476e+02, 2.50935394e+02,
    5.86715881e+02, 2.36805359e+02, 6.17909790e+02, 2.44251953e+02,
    6.48311707e+02, 2.51241165e+02, 6.77569702e+02, 2.58262360e+02,
    7.06242065e+02, 2.64989166e+02, 7.33962402e+02, 2.71395508e+02,
    7.61134888e+02, 2.77577393e+02, 5.81161072e+02, 2.65971527e+02,
    6.12147522e+02, 2.72624329e+02, 6.42234741e+02, 2.79501953e+02,
    6.71289490e+02, 2.85911804e+02, 6.99681213e+02, 2.92079102e+02,
    7.27258789e+02, 2.97992798e+02, 7.54150635e+02, 3.04002960e+02,
    5.75629272e+02, 2.94359070e+02, 6.06368469e+02, 3.00794678e+02,
    6.36149109e+02, 3.06997131e+02, 6.65104431e+02, 3.12769348e+02,
    6.93184631e+02, 3.18559082e+02, 7.20561462e+02, 3.24303131e+02,
    7.47190613e+02, 3.29612213e+02 ]
