%YAML:1.0
---
points: [ 2.23067444e+02, 1.91572952e+02, 2.09391693e+02, 1.93218201e+02,
    1.95781525e+02, 1.94743683e+02, 1.82007233e+02, 1.96304688e+02,
    1.68119293e+02, 1.97908646e+02, 1.54092606e+02, 1.99444641e+02,
    1.40079300e+02, 2.01003510e+02, 2.21485245e+02, 1.78147324e+02,
    2.07881683e+02, 1.79644791e+02, 1.94106262e+02, 1.81245819e+02,
    1.80414062e+02, 1.82722427e+02, 1.66543381e+02, 1.84270645e+02,
    1.52562836e+02, 1.85725540e+02, 1.38482758e+02, 1.87292191e+02,
    2.19902222e+02, 1.64798035e+02, 2.06256180e+02, 1.66170395e+02,
    1.92572144e+02, 1.67661469e+02, 1.78739868e+02, 1.69208939e+02,
    1.64936386e+02, 1.70657745e+02, 1.51032898e+02, 1.72163681e+02,
    1.36926727e+02, 1.73600082e+02, 2.18251282e+02, 1.51382233e+02,
    2.04665497e+02, 1.52753113e+02, 1.90981125e+02, 1.54178589e+02,
    1.77158432e+02, 1.55547043e+02, 1.63292664e+02, 1.57093994e+02,
    1.49343414e+02, 1.58447540e+02, 1.35345627e+02, 1.59951477e+02,
    2.16605362e+02, 1.37851212e+02, 2.03016327e+02, 1.39301361e+02,
    1.89342697e+02, 1.40701385e+02, 1.75611038e+02, 1.42125549e+02,
    1.61751404e+02, 1.43431076e+02, 1.47819214e+02, 1.44876907e+02,
    1.33844910e+02, 1.46296021e+02, 2.14994583e+02, 1.24476669e+02,
    2.01370361e+02, 1.25728119e+02, 1.87688385e+02, 1.27117767e+02,
    1.73989441e+02, 1.28481369e+02, 1.60125809e+02, 1.29934372e+02,
    1.46250885e+02, 1.31292801e+02, 1.32258163e+02, 1.32672318e+02,
    2.13322647e+02, 1.11002983e+02, 1.99761185e+02, 1.12344772e+02,
    1.86114395e+02, 1.13715958e+02, 1.72317596e+02, 1.15173958e+02,
    1.58573624e+02, 1.16448219e+02, 1.44741653e+02, 1.17820702e+02,
    1.30807800e+02, 1.19223938e+02, 2.11720612e+02, 9.75741272e+01,
    1.98166260e+02, 9.89051285e+01, 1.84494263e+02, 1.00311333e+02,
    1.70741043e+02, 1.01651527e+02, 1.57042953e+02, 1.03067558e+02,
    1.43230820e+02, 1.04374931e+02, 1.29395981e+02, 1.05770218e+02,
    2.10137390e+02, 8.41453323e+01, 1.96559204e+02, 8.54401855e+01,
    1.82923203e+02, 8.68543472e+01, 1.69231934e+02, 8.82735291e+01,
    1.55506027e+02, 8.95492706e+01, 1.41730637e+02, 9.09456558e+01,
    1.27997833e+02, 9.23652191e+01 ]
