%YAML:1.0
---
points: [ 2.23106613e+02, 2.48097549e+02, 2.21929367e+02, 2.56972046e+02,
    2.20756699e+02, 2.66013458e+02, 2.19553177e+02, 2.74830872e+02,
    2.18316772e+02, 2.83863831e+02, 2.17142853e+02, 2.92939484e+02,
    2.15995590e+02, 3.01900726e+02, 2.14196198e+02, 2.46962021e+02,
    2.13061264e+02, 2.55911942e+02, 2.11814758e+02, 2.64805511e+02,
    2.10571854e+02, 2.73800415e+02, 2.09379272e+02, 2.82783081e+02,
    2.08248093e+02, 2.91767548e+02, 2.06999176e+02, 3.00819061e+02,
    2.05321198e+02, 2.45919693e+02, 2.04109375e+02, 2.54795975e+02,
    2.02912949e+02, 2.63712616e+02, 2.01635941e+02, 2.72658661e+02,
    2.00425797e+02, 2.81656830e+02, 1.99199295e+02, 2.90652100e+02,
    1.98078003e+02, 2.99729126e+02, 1.96333725e+02, 2.44813370e+02,
    1.95215240e+02, 2.53698639e+02, 1.93968536e+02, 2.62619659e+02,
    1.92740219e+02, 2.71570374e+02, 1.91524277e+02, 2.80541565e+02,
    1.90295532e+02, 2.89602783e+02, 1.89151810e+02, 2.98572327e+02,
    1.87419647e+02, 2.43684372e+02, 1.86184845e+02, 2.52574081e+02,
    1.85043594e+02, 2.61530579e+02, 1.83774689e+02, 2.70477570e+02,
    1.82525055e+02, 2.79456421e+02, 1.81331772e+02, 2.88459106e+02,
    1.80067108e+02, 2.97556274e+02, 1.78394547e+02, 2.42461731e+02,
    1.77230148e+02, 2.51431473e+02, 1.75968887e+02, 2.60329498e+02,
    1.74824005e+02, 2.69353119e+02, 1.73527008e+02, 2.78321808e+02,
    1.72274780e+02, 2.87390900e+02, 1.71134735e+02, 2.96394104e+02,
    1.69424423e+02, 2.41367523e+02, 1.68270828e+02, 2.50308655e+02,
    1.67055939e+02, 2.59307190e+02, 1.65790039e+02, 2.68249756e+02,
    1.64468048e+02, 2.77268341e+02, 1.63318939e+02, 2.86281525e+02,
    1.62103500e+02, 2.95291443e+02, 1.60470871e+02, 2.40289841e+02,
    1.59242523e+02, 2.49239578e+02, 1.58094666e+02, 2.58190613e+02,
    1.56829163e+02, 2.67152435e+02, 1.55567474e+02, 2.76188049e+02,
    1.54279205e+02, 2.85176239e+02, 1.53088364e+02, 2.94199951e+02,
    1.51485229e+02, 2.39196411e+02, 1.50248978e+02, 2.48173828e+02,
    1.49068314e+02, 2.57118683e+02, 1.47785629e+02, 2.66093933e+02,
    1.46453186e+02, 2.75068298e+02, 1.45259659e+02, 2.84070343e+02,
    1.44096863e+02, 2.93054321e+02 ]
