%YAML:1.0
---
points: [ 7.97446899e+02, 6.36435242e+02, 7.94039978e+02, 6.62637390e+02,
    7.90529053e+02, 6.89102417e+02, 7.86697693e+02, 7.15398132e+02,
    7.83168823e+02, 7.41904114e+02, 7.79615662e+02, 7.68660706e+02,
    7.75852844e+02, 7.95388184e+02, 7.71230469e+02, 6.33087830e+02,
    7.67618591e+02, 6.59406311e+02, 7.64186584e+02, 6.85766296e+02,
    7.60323792e+02, 7.12353210e+02, 7.56660156e+02, 7.38735474e+02,
    7.53216919e+02, 7.65414978e+02, 7.49478455e+02, 7.92032898e+02,
    7.44737732e+02, 6.29735229e+02, 7.41314331e+02, 6.56172180e+02,
    7.37570618e+02, 6.82588928e+02, 7.33834106e+02, 7.08965942e+02,
    7.30243286e+02, 7.35545044e+02, 7.26590271e+02, 7.62162354e+02,
    7.22842102e+02, 7.88765625e+02, 7.18430725e+02, 6.26532898e+02,
    7.14844421e+02, 6.52858276e+02, 7.11278015e+02, 6.79300232e+02,
    7.07462280e+02, 7.05724182e+02, 7.03832886e+02, 7.32362976e+02,
    7.00203064e+02, 7.59293945e+02, 6.96414978e+02, 7.85748169e+02,
    6.91732361e+02, 6.23298340e+02, 6.88250854e+02, 6.49613708e+02,
    6.84665466e+02, 6.76097778e+02, 6.80884338e+02, 7.02498169e+02,
    6.77174438e+02, 7.29198364e+02, 6.73536316e+02, 7.55707397e+02,
    6.69777527e+02, 7.82499329e+02, 6.65377258e+02, 6.20053528e+02,
    6.61617615e+02, 6.46446960e+02, 6.58040955e+02, 6.72672974e+02,
    6.54342407e+02, 6.99454102e+02, 6.50496094e+02, 7.25855896e+02,
    6.46779358e+02, 7.52554993e+02, 6.43080322e+02, 7.79359070e+02,
    6.38616394e+02, 6.16659485e+02, 6.35079041e+02, 6.43143738e+02,
    6.31433044e+02, 6.69536682e+02, 6.27582397e+02, 6.96083984e+02,
    6.23825012e+02, 7.22676453e+02, 6.20205017e+02, 7.49464233e+02,
    6.16395630e+02, 7.76238586e+02, 6.12109680e+02, 6.13395142e+02,
    6.08349304e+02, 6.39897217e+02, 6.04648743e+02, 6.66392883e+02,
    6.01000183e+02, 6.92918396e+02, 5.97258484e+02, 7.19334229e+02,
    5.93374084e+02, 7.46207336e+02, 5.89657043e+02, 7.72809753e+02,
    5.85468689e+02, 6.10245239e+02, 5.81601685e+02, 6.36537476e+02,
    5.77953857e+02, 6.63206238e+02, 5.74211060e+02, 6.89626099e+02,
    5.70350342e+02, 7.16441223e+02, 5.66583252e+02, 7.42879822e+02,
    5.62798706e+02, 7.69732239e+02 ]
