%YAML:1.0
---
points: [ 1.03629688e+03, 2.68777008e+02, 1.01253894e+03, 2.84567383e+02,
    9.89358154e+02, 2.99847687e+02, 9.66729187e+02, 3.14711517e+02,
    9.44652588e+02, 3.29343597e+02, 9.23221680e+02, 3.43498352e+02,
    9.02189209e+02, 3.57343781e+02, 1.01938843e+03, 2.45776459e+02,
    9.95549805e+02, 2.62040283e+02, 9.72270081e+02, 2.77719818e+02,
    9.49638062e+02, 2.93147522e+02, 9.27572144e+02, 3.08057495e+02,
    9.05914551e+02, 3.22579071e+02, 8.84750366e+02, 3.36762543e+02,
    1.00205194e+03, 2.22303177e+02, 9.78192200e+02, 2.38858948e+02,
    9.54826538e+02, 2.55148010e+02, 9.32148438e+02, 2.70833527e+02,
    9.09976257e+02, 2.86346710e+02, 8.88395020e+02, 3.01335083e+02,
    8.67271118e+02, 3.15867065e+02, 9.84454224e+02, 1.98136444e+02,
    9.60419495e+02, 2.15332520e+02, 9.37096130e+02, 2.31906845e+02,
    9.14323120e+02, 2.48192505e+02, 8.92271484e+02, 2.64023224e+02,
    8.70370056e+02, 2.79503235e+02, 8.49309570e+02, 2.94537537e+02,
    9.66124329e+02, 1.73282471e+02, 9.42106445e+02, 1.90769547e+02,
    9.18641296e+02, 2.08112152e+02, 8.95873413e+02, 2.24793015e+02,
    8.73654297e+02, 2.41092743e+02, 8.51969238e+02, 2.57098389e+02,
    8.30672485e+02, 2.72468994e+02, 9.47477539e+02, 1.47571854e+02,
    9.23307983e+02, 1.65887100e+02, 8.99820923e+02, 1.83566360e+02,
    8.76988403e+02, 2.00714493e+02, 8.54676758e+02, 2.17560760e+02,
    8.32874817e+02, 2.33997635e+02, 8.11746277e+02, 2.50069687e+02,
    9.28222107e+02, 1.21349945e+02, 9.04208557e+02, 1.40085876e+02,
    8.80563721e+02, 1.58443054e+02, 8.57680847e+02, 1.76179993e+02,
    8.35319763e+02, 1.93480484e+02, 8.13602173e+02, 2.10357407e+02,
    7.92285034e+02, 2.26763977e+02, 9.08600891e+02, 9.43168030e+01,
    8.84321838e+02, 1.13707932e+02, 8.60829712e+02, 1.32482559e+02,
    8.37785645e+02, 1.50828537e+02, 8.15504272e+02, 1.68703842e+02,
    7.93682617e+02, 1.86158432e+02, 7.72536377e+02, 2.03112091e+02,
    8.88338318e+02, 6.65176849e+01, 8.64150513e+02, 8.64873428e+01,
    8.40424683e+02, 1.06046677e+02, 8.17504395e+02, 1.24831009e+02,
    7.95056274e+02, 1.43332489e+02, 7.73298950e+02, 1.61335251e+02,
    7.51934570e+02, 1.78742142e+02 ]
