%YAML:1.0
---
points: [ 2.23749756e+02, 1.56908585e+02, 2.12197983e+02, 1.58264938e+02,
    2.00509872e+02, 1.59681274e+02, 1.89105682e+02, 1.61130997e+02,
    1.77590179e+02, 1.62534332e+02, 1.66165466e+02, 1.63799606e+02,
    1.54674835e+02, 1.65154831e+02, 2.21803467e+02, 1.45234726e+02,
    2.09988785e+02, 1.46608841e+02, 1.98269150e+02, 1.48029785e+02,
    1.86580658e+02, 1.49520752e+02, 1.75046875e+02, 1.50977112e+02,
    1.63395203e+02, 1.52320267e+02, 1.51877533e+02, 1.53723907e+02,
    2.19772934e+02, 1.33218765e+02, 2.07848495e+02, 1.34725616e+02,
    1.95950531e+02, 1.36170013e+02, 1.84133987e+02, 1.37546066e+02,
    1.72319214e+02, 1.39015533e+02, 1.60628967e+02, 1.40488388e+02,
    1.48881073e+02, 1.41965317e+02, 2.17663971e+02, 1.20807831e+02,
    2.05581329e+02, 1.22405449e+02, 1.93474442e+02, 1.23969574e+02,
    1.81587860e+02, 1.25456444e+02, 1.69670883e+02, 1.26949547e+02,
    1.57780090e+02, 1.28418427e+02, 1.45964401e+02, 1.30001358e+02,
    2.15428192e+02, 1.08095490e+02, 2.03277512e+02, 1.09690521e+02,
    1.91092407e+02, 1.11321838e+02, 1.78975754e+02, 1.12895966e+02,
    1.66888123e+02, 1.14437202e+02, 1.54913712e+02, 1.16023254e+02,
    1.42874832e+02, 1.17575478e+02, 2.13260208e+02, 9.48940811e+01,
    2.00871872e+02, 9.66624527e+01, 1.88542191e+02, 9.82740021e+01,
    1.76249619e+02, 9.99629822e+01, 1.64090775e+02, 1.01593086e+02,
    1.51912949e+02, 1.03209610e+02, 1.39879181e+02, 1.04828987e+02,
    2.11031784e+02, 8.16851349e+01, 1.98449280e+02, 8.32991333e+01,
    1.85984482e+02, 8.50952835e+01, 1.73555542e+02, 8.67325821e+01,
    1.61227585e+02, 8.84594269e+01, 1.48937576e+02, 9.01307831e+01,
    1.36826813e+02, 9.19252090e+01, 2.08722839e+02, 6.79064941e+01,
    1.96029251e+02, 6.97515717e+01, 1.83335159e+02, 7.14783707e+01,
    1.70873291e+02, 7.33763885e+01, 1.58313431e+02, 7.51142731e+01,
    1.45971390e+02, 7.69710083e+01, 1.33693390e+02, 7.87500305e+01,
    2.06318924e+02, 5.40181084e+01, 1.93494537e+02, 5.60139732e+01,
    1.80748291e+02, 5.77527504e+01, 1.68046112e+02, 5.96973572e+01,
    1.55489639e+02, 6.15228691e+01, 1.42852509e+02, 6.33939705e+01,
    1.30561584e+02, 6.52099991e+01 ]
