%YAML:1.0
---
points: [ 9.69350952e+02, 1.04101219e+02, 9.99071472e+02, 1.16507782e+02,
    1.02858911e+03, 1.29080063e+02, 1.05841431e+03, 1.41609055e+02,
    1.08779065e+03, 1.54093796e+02, 1.11757129e+03, 1.66372406e+02,
    1.14706506e+03, 1.78877518e+02, 9.60752075e+02, 1.33194992e+02,
    9.89694275e+02, 1.45577744e+02, 1.01872882e+03, 1.57908844e+02,
    1.04749353e+03, 1.70181610e+02, 1.07657581e+03, 1.82291519e+02,
    1.10552332e+03, 1.94530594e+02, 1.13465356e+03, 2.06562286e+02,
    9.52459595e+02, 1.61522446e+02, 9.80783752e+02, 1.73460739e+02,
    1.00923138e+03, 1.85615295e+02, 1.03760083e+03, 1.97502945e+02,
    1.06585193e+03, 2.09495789e+02, 1.09426001e+03, 2.21371475e+02,
    1.12244409e+03, 2.33412430e+02, 9.44580688e+02, 1.88478439e+02,
    9.72330261e+02, 2.00262161e+02, 1.00021948e+03, 2.12037735e+02,
    1.02774756e+03, 2.23705139e+02, 1.05543225e+03, 2.35459732e+02,
    1.08321045e+03, 2.47191010e+02, 1.11104285e+03, 2.58747955e+02,
    9.37010315e+02, 2.14302689e+02, 9.64354126e+02, 2.25868896e+02,
    9.91342590e+02, 2.37458023e+02, 1.01853741e+03, 2.48679184e+02,
    1.04564087e+03, 2.60361328e+02, 1.07269275e+03, 2.71614105e+02,
    1.09976965e+03, 2.83162750e+02, 9.29646729e+02, 2.38928268e+02,
    9.56350281e+02, 2.50456223e+02, 9.83087769e+02, 2.61654694e+02,
    1.00953363e+03, 2.72817993e+02, 1.03621436e+03, 2.84228210e+02,
    1.06258008e+03, 2.95280884e+02, 1.08939917e+03, 3.06461090e+02,
    9.22781250e+02, 2.62696808e+02, 9.48905212e+02, 2.73834900e+02,
    9.74850403e+02, 2.84834839e+02, 1.00113507e+03, 2.95782837e+02,
    1.02694531e+03, 3.06802246e+02, 1.05322437e+03, 3.17705933e+02,
    1.07920984e+03, 3.28640137e+02, 9.16338867e+02, 2.85550934e+02,
    9.41619995e+02, 2.96437439e+02, 9.67300415e+02, 3.07239441e+02,
    9.92698608e+02, 3.18043365e+02, 1.01844080e+03, 3.28565399e+02,
    1.04394849e+03, 3.39435699e+02, 1.06949768e+03, 3.50119843e+02,
    9.09584900e+02, 3.07580780e+02, 9.34589172e+02, 3.18155518e+02,
    9.59820435e+02, 3.28639282e+02, 9.84999939e+02, 3.39280548e+02,
    1.00993408e+03, 3.49715454e+02, 1.03511340e+03, 3.60139801e+02,
    1.06029028e+03, 3.70634247e+02 ]
