%YAML:1.0
---
points: [ 1.54784760e+02, 1.83498993e+02, 1.63951111e+02, 1.86107086e+02,
    1.73365234e+02, 1.88564011e+02, 1.82422012e+02, 1.91125168e+02,
    1.91436127e+02, 1.93576340e+02, 2.00454315e+02, 1.95995056e+02,
    2.09278259e+02, 1.98298370e+02, 1.52225357e+02, 1.92553879e+02,
    1.61607635e+02, 1.95171814e+02, 1.70913162e+02, 1.97624374e+02,
    1.80111328e+02, 1.99883759e+02, 1.89265198e+02, 2.02353546e+02,
    1.98094315e+02, 2.04670914e+02, 2.06993057e+02, 2.07065781e+02,
    1.49878494e+02, 2.01511047e+02, 1.59283768e+02, 2.03867447e+02,
    1.68418243e+02, 2.06302460e+02, 1.77813980e+02, 2.08961731e+02,
    1.86808441e+02, 2.11195633e+02, 1.95740173e+02, 2.13465378e+02,
    2.04633148e+02, 2.15667679e+02, 1.47323151e+02, 2.10588486e+02,
    1.56788101e+02, 2.12885498e+02, 1.66176300e+02, 2.15340088e+02,
    1.75417908e+02, 2.17617584e+02, 1.84572357e+02, 2.19941559e+02,
    1.93436356e+02, 2.22144897e+02, 2.02205795e+02, 2.24402618e+02,
    1.44927765e+02, 2.19741867e+02, 1.54336304e+02, 2.22113098e+02,
    1.63792923e+02, 2.24301498e+02, 1.72979431e+02, 2.26565781e+02,
    1.82141113e+02, 2.28769730e+02, 1.91166626e+02, 2.31043808e+02,
    1.99961456e+02, 2.33148178e+02, 1.42492798e+02, 2.28806534e+02,
    1.51995163e+02, 2.31088806e+02, 1.61379364e+02, 2.33250107e+02,
    1.70572281e+02, 2.35432968e+02, 1.79707321e+02, 2.37646698e+02,
    1.88740631e+02, 2.39718582e+02, 1.97639664e+02, 2.41878326e+02,
    1.40039871e+02, 2.37850403e+02, 1.49471359e+02, 2.40088638e+02,
    1.58947479e+02, 2.42221512e+02, 1.68196518e+02, 2.44332764e+02,
    1.77298615e+02, 2.46448471e+02, 1.86345566e+02, 2.48553040e+02,
    1.95275421e+02, 2.50613632e+02, 1.37516388e+02, 2.46935074e+02,
    1.47068558e+02, 2.49098572e+02, 1.56495499e+02, 2.51216751e+02,
    1.65805984e+02, 2.53284424e+02, 1.74950134e+02, 2.55327652e+02,
    1.84014618e+02, 2.57322083e+02, 1.92908997e+02, 2.59362518e+02,
    1.35094940e+02, 2.56083221e+02, 1.44601013e+02, 2.58195831e+02,
    1.54110611e+02, 2.60202698e+02, 1.63345139e+02, 2.62195251e+02,
    1.72556107e+02, 2.64250610e+02, 1.81628754e+02, 2.66228699e+02,
    1.90514145e+02, 2.68081879e+02 ]
