%YAML:1.0
---
points: [ 5.92699829e+02, 4.45629456e+02, 6.21187866e+02, 4.53465637e+02,
    6.48776672e+02, 4.60687439e+02, 6.76247375e+02, 4.68225525e+02,
    7.03228699e+02, 4.75544586e+02, 7.30027832e+02, 4.82580139e+02,
    7.56335754e+02, 4.89579254e+02, 5.85674744e+02, 4.72588409e+02,
    6.13743713e+02, 4.79859863e+02, 6.41792053e+02, 4.87295105e+02,
    6.69196167e+02, 4.94264862e+02, 6.96362854e+02, 5.01430847e+02,
    7.23046326e+02, 5.08239136e+02, 7.49428406e+02, 5.15171997e+02,
    5.78383240e+02, 4.99109314e+02, 6.06700806e+02, 5.06471039e+02,
    6.34590210e+02, 5.13397339e+02, 6.62162170e+02, 5.20511047e+02,
    6.89244873e+02, 5.27460266e+02, 7.16290710e+02, 5.34316284e+02,
    7.42627686e+02, 5.40734619e+02, 5.70917725e+02, 5.25800476e+02,
    5.99340698e+02, 5.32904053e+02, 6.27575439e+02, 5.39778198e+02,
    6.55179260e+02, 5.46469360e+02, 6.82245789e+02, 5.53253906e+02,
    7.09222900e+02, 5.59992981e+02, 7.35616882e+02, 5.66527527e+02,
    5.63520325e+02, 5.52601929e+02, 5.92106384e+02, 5.59513000e+02,
    6.20296143e+02, 5.66216064e+02, 6.48061279e+02, 5.73082825e+02,
    6.75260254e+02, 5.79486572e+02, 7.02253723e+02, 5.85846924e+02,
    7.28752014e+02, 5.92221985e+02, 5.56281921e+02, 5.79446655e+02,
    5.84692566e+02, 5.86202820e+02, 6.13089478e+02, 5.92701416e+02,
    6.40750244e+02, 5.99024292e+02, 6.68339355e+02, 6.05630249e+02,
    6.95076843e+02, 6.12047729e+02, 7.21900513e+02, 6.18306152e+02,
    5.48740234e+02, 6.06384277e+02, 5.77485718e+02, 6.12771240e+02,
    6.05628845e+02, 6.19077087e+02, 6.33577942e+02, 6.25458923e+02,
    6.61144958e+02, 6.31578491e+02, 6.88057068e+02, 6.37795776e+02,
    7.14684692e+02, 6.44051697e+02, 5.41517578e+02, 6.33310669e+02,
    5.70195618e+02, 6.39446777e+02, 5.98433228e+02, 6.45698547e+02,
    6.26407959e+02, 6.51642822e+02, 6.53960388e+02, 6.57966797e+02,
    6.81118103e+02, 6.63793701e+02, 7.07745789e+02, 6.69689575e+02,
    5.34119385e+02, 6.60138000e+02, 5.62870850e+02, 6.66357727e+02,
    5.91272339e+02, 6.72125854e+02, 6.19048462e+02, 6.78316406e+02,
    6.46639893e+02, 6.84159546e+02, 6.74066528e+02, 6.90064026e+02,
    7.00727417e+02, 6.95703186e+02 ]
