%YAML:1.0
---
points: [ 6.76104431e+02, 1.84609863e+02, 6.93595764e+02, 2.07379715e+02,
    7.11261963e+02, 2.29887802e+02, 7.28529236e+02, 2.52421478e+02,
    7.46051758e+02, 2.74428986e+02, 7.62901917e+02, 2.96435150e+02,
    7.80152039e+02, 3.18186554e+02, 6.54366089e+02, 2.01412827e+02,
    6.72311401e+02, 2.23941681e+02, 6.89885132e+02, 2.46545105e+02,
    7.07539795e+02, 2.68760040e+02, 7.24730774e+02, 2.90881744e+02,
    7.42085632e+02, 3.12760864e+02, 7.59102234e+02, 3.34476746e+02,
    6.33071533e+02, 2.18098190e+02, 6.50713745e+02, 2.40777924e+02,
    6.68579529e+02, 2.63190948e+02, 6.86095947e+02, 2.85371857e+02,
    7.03807617e+02, 3.07388885e+02, 7.20969910e+02, 3.29203949e+02,
    7.38223755e+02, 3.50705414e+02, 6.11373474e+02, 2.34663467e+02,
    6.29571228e+02, 2.57341339e+02, 6.47201233e+02, 2.79642090e+02,
    6.65161438e+02, 3.01819733e+02, 6.82546997e+02, 3.23731567e+02,
    7.00107483e+02, 3.45420837e+02, 7.17357239e+02, 3.67073090e+02,
    5.89663025e+02, 2.51418839e+02, 6.07840881e+02, 2.74096558e+02,
    6.26060364e+02, 2.96309235e+02, 6.43605713e+02, 3.18338684e+02,
    6.61479736e+02, 3.40180481e+02, 6.78876282e+02, 3.61926270e+02,
    6.96306152e+02, 3.83394073e+02, 5.68127563e+02, 2.68170135e+02,
    5.86491455e+02, 2.90545837e+02, 6.04463318e+02, 3.12840210e+02,
    6.22421570e+02, 3.34809418e+02, 6.40082031e+02, 3.56767487e+02,
    6.57791626e+02, 3.78305939e+02, 6.75274414e+02, 3.99767456e+02,
    5.46578186e+02, 2.84948456e+02, 5.64802551e+02, 3.07362946e+02,
    5.83114319e+02, 3.29383606e+02, 6.01019958e+02, 3.51411194e+02,
    6.19011108e+02, 3.73126740e+02, 6.36610718e+02, 3.94599060e+02,
    6.54409973e+02, 4.16037567e+02, 5.24809387e+02, 3.01704102e+02,
    5.43436279e+02, 3.23916687e+02, 5.61586609e+02, 3.46148834e+02,
    5.79739868e+02, 3.67876343e+02, 5.97634888e+02, 3.89531921e+02,
    6.15560303e+02, 4.11022644e+02, 6.33166992e+02, 4.32318939e+02,
    5.03349396e+02, 3.18478180e+02, 5.21754639e+02, 3.40661346e+02,
    5.40244751e+02, 3.62455902e+02, 5.58273621e+02, 3.84425293e+02,
    5.76545471e+02, 4.06044922e+02, 5.94261719e+02, 4.27363586e+02,
    6.12051086e+02, 4.48646057e+02 ]
