%YAML:1.0
---
points: [ 1.21272119e+03, 5.83379944e+02, 1.23380981e+03, 5.83596558e+02,
    1.25489746e+03, 5.83930420e+02, 1.27634729e+03, 5.84212097e+02,
    1.29781250e+03, 5.84557800e+02, 1.31951465e+03, 5.84887817e+02,
    1.34156531e+03, 5.85377991e+02, 1.21345312e+03, 6.00760803e+02,
    1.23462134e+03, 6.01225464e+02, 1.25620129e+03, 6.01435364e+02,
    1.27774084e+03, 6.01775391e+02, 1.29948499e+03, 6.02259766e+02,
    1.32155139e+03, 6.02631042e+02, 1.34349426e+03, 6.02964050e+02,
    1.21429480e+03, 6.18492798e+02, 1.23565955e+03, 6.18798218e+02,
    1.25741699e+03, 6.19432434e+02, 1.27921448e+03, 6.19725159e+02,
    1.30124878e+03, 6.20330017e+02, 1.32331250e+03, 6.20748535e+02,
    1.34558398e+03, 6.21277771e+02, 1.21484399e+03, 6.36485840e+02,
    1.23658813e+03, 6.37173645e+02, 1.25847388e+03, 6.37675293e+02,
    1.28055957e+03, 6.38327332e+02, 1.30262073e+03, 6.38661499e+02,
    1.32526538e+03, 6.39455078e+02, 1.34794641e+03, 6.39847961e+02,
    1.21570789e+03, 6.55220337e+02, 1.23759387e+03, 6.55652039e+02,
    1.25965417e+03, 6.56411377e+02, 1.28189258e+03, 6.56818237e+02,
    1.30461682e+03, 6.57600342e+02, 1.32737463e+03, 6.58255981e+02,
    1.35009106e+03, 6.58902649e+02, 1.21640674e+03, 6.74023682e+02,
    1.23852539e+03, 6.74752258e+02, 1.26097412e+03, 6.75491455e+02,
    1.28351941e+03, 6.76409424e+02, 1.30637097e+03, 6.76868286e+02,
    1.32915723e+03, 6.77664673e+02, 1.35251697e+03, 6.78513855e+02,
    1.21736462e+03, 6.93408142e+02, 1.23951782e+03, 6.94126526e+02,
    1.26240796e+03, 6.95165039e+02, 1.28511877e+03, 6.95791443e+02,
    1.30817114e+03, 6.96668396e+02, 1.33130933e+03, 6.97541260e+02,
    1.35467859e+03, 6.98471375e+02, 1.21791370e+03, 7.13343689e+02,
    1.24066528e+03, 7.14282654e+02, 1.26353394e+03, 7.15153381e+02,
    1.28656372e+03, 7.16205322e+02, 1.30984973e+03, 7.17146118e+02,
    1.33344861e+03, 7.18250427e+02, 1.35715894e+03, 7.19031372e+02,
    1.21879517e+03, 7.33600952e+02, 1.24177771e+03, 7.34533386e+02,
    1.26484558e+03, 7.35595337e+02, 1.28836389e+03, 7.36718384e+02,
    1.31181421e+03, 7.37879150e+02, 1.33555457e+03, 7.39034485e+02,
    1.35950867e+03, 7.40317078e+02 ]
