%YAML:1.0
---
points: [ 1.82601593e+02, 9.51480255e+01, 1.88468124e+02, 1.02827621e+02,
    1.94325195e+02, 1.10399620e+02, 2.00068192e+02, 1.17938049e+02,
    2.05883057e+02, 1.25422958e+02, 2.11500580e+02, 1.32772888e+02,
    2.17307404e+02, 1.40257721e+02, 1.75279877e+02, 1.00847328e+02,
    1.81227570e+02, 1.08471672e+02, 1.87104538e+02, 1.16070107e+02,
    1.92928009e+02, 1.23577393e+02, 1.98696091e+02, 1.31053848e+02,
    2.04466660e+02, 1.38471085e+02, 2.10213684e+02, 1.45843170e+02,
    1.68064194e+02, 1.06521301e+02, 1.73930405e+02, 1.14100723e+02,
    1.79916183e+02, 1.21690933e+02, 1.85786240e+02, 1.29188156e+02,
    1.91548569e+02, 1.36610840e+02, 1.97362015e+02, 1.44053070e+02,
    2.03054718e+02, 1.51338852e+02, 1.60798157e+02, 1.12217262e+02,
    1.66783203e+02, 1.19750580e+02, 1.72689499e+02, 1.27269150e+02,
    1.78636444e+02, 1.34748337e+02, 1.84461380e+02, 1.42171036e+02,
    1.90217865e+02, 1.49558777e+02, 1.96193863e+02, 1.56765289e+02,
    1.53494156e+02, 1.17816353e+02, 1.59473419e+02, 1.25403397e+02,
    1.65490509e+02, 1.32932602e+02, 1.71385254e+02, 1.40355103e+02,
    1.77294449e+02, 1.47766708e+02, 1.83137207e+02, 1.55110535e+02,
    1.88929642e+02, 1.62402466e+02, 1.46195724e+02, 1.23511620e+02,
    1.52200378e+02, 1.31037170e+02, 1.58230072e+02, 1.38527588e+02,
    1.64193985e+02, 1.46026611e+02, 1.70151230e+02, 1.53345581e+02,
    1.75967896e+02, 1.60643509e+02, 1.81877411e+02, 1.67892349e+02,
    1.38987000e+02, 1.29204758e+02, 1.45019272e+02, 1.36713089e+02,
    1.51064056e+02, 1.44177933e+02, 1.57003464e+02, 1.51557388e+02,
    1.62954666e+02, 1.58910568e+02, 1.68909866e+02, 1.66240189e+02,
    1.74705505e+02, 1.73436966e+02, 1.31640442e+02, 1.34901413e+02,
    1.37773834e+02, 1.42349808e+02, 1.43830078e+02, 1.49819839e+02,
    1.49838211e+02, 1.57185410e+02, 1.55801956e+02, 1.64479309e+02,
    1.61747452e+02, 1.71725098e+02, 1.67593170e+02, 1.79006058e+02,
    1.24399178e+02, 1.40463837e+02, 1.30528458e+02, 1.48038132e+02,
    1.36600739e+02, 1.55406723e+02, 1.42637543e+02, 1.62791306e+02,
    1.48634781e+02, 1.70055847e+02, 1.54544586e+02, 1.77323151e+02,
    1.60442703e+02, 1.84439148e+02 ]
