%YAML:1.0
---
points: [ 2.51564636e+02, 6.24873428e+01, 2.62741272e+02, 6.68287811e+01,
    2.74072449e+02, 7.13040619e+01, 2.85256561e+02, 7.56862946e+01,
    2.96707855e+02, 8.01302719e+01, 3.08095764e+02, 8.46775665e+01,
    3.19507874e+02, 8.90495453e+01, 2.47436523e+02, 7.47598572e+01,
    2.58557556e+02, 7.91621399e+01, 2.69726898e+02, 8.35762024e+01,
    2.80800507e+02, 8.79646454e+01, 2.92100067e+02, 9.22725906e+01,
    3.03732025e+02, 9.66454239e+01, 3.14560760e+02, 1.01126152e+02,
    2.43442642e+02, 8.67372131e+01, 2.54492004e+02, 9.11192627e+01,
    2.65459137e+02, 9.54806442e+01, 2.76469696e+02, 9.97324982e+01,
    2.87470581e+02, 1.04262238e+02, 2.98708405e+02, 1.08721527e+02,
    3.09552948e+02, 1.12951393e+02, 2.39683228e+02, 9.84524231e+01,
    2.50452789e+02, 1.02839844e+02, 2.61287170e+02, 1.07122116e+02,
    2.72200470e+02, 1.11542030e+02, 2.83114807e+02, 1.15868050e+02,
    2.94070068e+02, 1.20202209e+02, 3.05139771e+02, 1.24524406e+02,
    2.35830811e+02, 1.10025314e+02, 2.46558990e+02, 1.14377655e+02,
    2.57238861e+02, 1.18592323e+02, 2.68091278e+02, 1.23003548e+02,
    2.78763123e+02, 1.27256371e+02, 2.89676392e+02, 1.31581390e+02,
    3.00564362e+02, 1.35862823e+02, 2.32130737e+02, 1.21344467e+02,
    2.42721115e+02, 1.25605682e+02, 2.53302902e+02, 1.29897980e+02,
    2.63941956e+02, 1.34120087e+02, 2.74673431e+02, 1.38381409e+02,
    2.85277283e+02, 1.42640137e+02, 2.96059967e+02, 1.46910034e+02,
    2.28500153e+02, 1.32247955e+02, 2.39041641e+02, 1.36611191e+02,
    2.49447754e+02, 1.40779068e+02, 2.59978394e+02, 1.44904785e+02,
    2.70487793e+02, 1.49210068e+02, 2.81113464e+02, 1.53458008e+02,
    2.91656494e+02, 1.57672791e+02, 2.25007507e+02, 1.42984024e+02,
    2.35398438e+02, 1.47289719e+02, 2.45759201e+02, 1.51429962e+02,
    2.56100861e+02, 1.55581085e+02, 2.66534943e+02, 1.59773865e+02,
    2.76924622e+02, 1.63966080e+02, 2.87416992e+02, 1.68200668e+02,
    2.21596207e+02, 1.53518723e+02, 2.31906647e+02, 1.57610947e+02,
    2.42044724e+02, 1.61795303e+02, 2.52344193e+02, 1.65980255e+02,
    2.62584686e+02, 1.70154755e+02, 2.72921722e+02, 1.74289597e+02,
    2.83221375e+02, 1.78495422e+02 ]
