%YAML:1.0
---
points: [ 2.25794342e+02, 7.36524658e+01, 2.25650040e+02, 8.31750717e+01,
    2.25382278e+02, 9.26703491e+01, 2.24934723e+02, 1.02224335e+02,
    2.24722778e+02, 1.11735382e+02, 2.24503113e+02, 1.21067810e+02,
    2.24175461e+02, 1.30346222e+02, 2.16756561e+02, 7.32457733e+01,
    2.16460495e+02, 8.27785721e+01, 2.16112930e+02, 9.22825317e+01,
    2.15866058e+02, 1.01765488e+02, 2.15711121e+02, 1.11347549e+02,
    2.15514816e+02, 1.20677513e+02, 2.15207260e+02, 1.29902023e+02,
    2.07555435e+02, 7.27899399e+01, 2.07223679e+02, 8.23217926e+01,
    2.06906387e+02, 9.19233932e+01, 2.06767395e+02, 1.01338394e+02,
    2.06603149e+02, 1.10857346e+02, 2.06446503e+02, 1.20270996e+02,
    2.06181580e+02, 1.29493530e+02, 1.98298309e+02, 7.23156204e+01,
    1.97924118e+02, 8.20101471e+01, 1.97827499e+02, 9.14715424e+01,
    1.97720993e+02, 1.00932541e+02, 1.97571457e+02, 1.10456909e+02,
    1.97372742e+02, 1.19887520e+02, 1.97179016e+02, 1.29139038e+02,
    1.88859726e+02, 7.19718475e+01, 1.88793808e+02, 8.15696564e+01,
    1.88725800e+02, 9.10979080e+01, 1.88623535e+02, 1.00570755e+02,
    1.88533432e+02, 1.09999840e+02, 1.88286743e+02, 1.19477448e+02,
    1.88160294e+02, 1.28651016e+02, 1.79780304e+02, 7.16674576e+01,
    1.79689178e+02, 8.11769867e+01, 1.79633698e+02, 9.06597595e+01,
    1.79510605e+02, 1.00135384e+02, 1.79302124e+02, 1.09568695e+02,
    1.79184509e+02, 1.18955956e+02, 1.79057816e+02, 1.28280716e+02,
    1.70662399e+02, 7.11738663e+01, 1.70631592e+02, 8.07766266e+01,
    1.70412506e+02, 9.02725067e+01, 1.70296387e+02, 9.97047806e+01,
    1.70176376e+02, 1.09163429e+02, 1.70090973e+02, 1.18645012e+02,
    1.70035660e+02, 1.27825478e+02, 1.61574097e+02, 7.08425522e+01,
    1.61408554e+02, 8.04468613e+01, 1.61224365e+02, 8.98344803e+01,
    1.61173004e+02, 9.93369675e+01, 1.61079224e+02, 1.08765648e+02,
    1.60986908e+02, 1.18115135e+02, 1.60961288e+02, 1.27445786e+02,
    1.52193893e+02, 7.05223999e+01, 1.52139511e+02, 7.99449158e+01,
    1.52036499e+02, 8.95447083e+01, 1.51975845e+02, 9.88456421e+01,
    1.51937057e+02, 1.08466393e+02, 1.51901199e+02, 1.17754768e+02,
    1.51927795e+02, 1.26896278e+02 ]
