%YAML:1.0
---
points: [ 8.04049927e+02, 1.20987885e+02, 8.03305664e+02, 1.49472687e+02,
    8.02860229e+02, 1.77800095e+02, 8.02018311e+02, 2.06181015e+02,
    8.01576965e+02, 2.34110168e+02, 8.01169495e+02, 2.61657928e+02,
    8.00554260e+02, 2.89320923e+02, 7.76500183e+02, 1.19564651e+02,
    7.76106873e+02, 1.48278336e+02, 7.75666931e+02, 1.76522095e+02,
    7.75317749e+02, 2.04580627e+02, 7.74649414e+02, 2.32799149e+02,
    7.74364746e+02, 2.60464172e+02, 7.73960571e+02, 2.87741241e+02,
    7.49301392e+02, 1.18344841e+02, 7.48787292e+02, 1.46843964e+02,
    7.48669861e+02, 1.75435562e+02, 7.48094482e+02, 2.03327927e+02,
    7.47903076e+02, 2.31500290e+02, 7.47415771e+02, 2.59055328e+02,
    7.47310913e+02, 2.86604431e+02, 7.21897095e+02, 1.17057327e+02,
    7.21910828e+02, 1.45493683e+02, 7.21443665e+02, 1.73803207e+02,
    7.21407288e+02, 2.02255539e+02, 7.20956665e+02, 2.29975006e+02,
    7.20810791e+02, 2.57683807e+02, 7.20519470e+02, 2.85325409e+02,
    6.94595032e+02, 1.15313011e+02, 6.94314514e+02, 1.44201935e+02,
    6.94362793e+02, 1.72472397e+02, 6.94194214e+02, 2.00697495e+02,
    6.94182800e+02, 2.28834213e+02, 6.93783081e+02, 2.56476532e+02,
    6.93741821e+02, 2.83793793e+02, 6.67120117e+02, 1.14048851e+02,
    6.67272339e+02, 1.42752228e+02, 6.67011597e+02, 1.71201904e+02,
    6.67125305e+02, 1.99381195e+02, 6.66958923e+02, 2.27376587e+02,
    6.67049438e+02, 2.55152344e+02, 6.66788513e+02, 2.82502899e+02,
    6.39787659e+02, 1.12919113e+02, 6.39650940e+02, 1.41354355e+02,
    6.39920654e+02, 1.69875488e+02, 6.39885498e+02, 1.97834320e+02,
    6.40030457e+02, 2.25941605e+02, 6.40019348e+02, 2.53696808e+02,
    6.40338318e+02, 2.81456482e+02, 6.12528503e+02, 1.11451530e+02,
    6.12743469e+02, 1.40298004e+02, 6.12742126e+02, 1.68407959e+02,
    6.12971191e+02, 1.96741013e+02, 6.12998352e+02, 2.24543640e+02,
    6.13401245e+02, 2.52544373e+02, 6.13484070e+02, 2.80099182e+02,
    5.85205200e+02, 1.09967972e+02, 5.85459351e+02, 1.38818375e+02,
    5.85715698e+02, 1.67264877e+02, 5.85833618e+02, 1.95231277e+02,
    5.86183899e+02, 2.23321320e+02, 5.86297668e+02, 2.50911011e+02,
    5.86708374e+02, 2.78549957e+02 ]
