%YAML:1.0
---
points: [ 3.67599518e+02, 1.77000946e+02, 3.55232880e+02, 1.76718735e+02,
    3.43299286e+02, 1.76521805e+02, 3.31879761e+02, 1.76320724e+02,
    3.20882294e+02, 1.76150742e+02, 3.10175323e+02, 1.75789642e+02,
    2.99962250e+02, 1.75657227e+02, 3.68418915e+02, 1.64333054e+02,
    3.56057098e+02, 1.64360321e+02, 3.44066498e+02, 1.64345001e+02,
    3.32451202e+02, 1.64436859e+02, 3.21403290e+02, 1.64357407e+02,
    3.10665405e+02, 1.64423065e+02, 3.00415253e+02, 1.64276260e+02,
    3.69222748e+02, 1.51603989e+02, 3.56766388e+02, 1.51856461e+02,
    3.44699982e+02, 1.52197327e+02, 3.33157379e+02, 1.52328201e+02,
    3.22101746e+02, 1.52475647e+02, 3.11251495e+02, 1.52776764e+02,
    3.00981964e+02, 1.53040695e+02, 3.70122528e+02, 1.38831314e+02,
    3.57491852e+02, 1.39370102e+02, 3.45399017e+02, 1.39734863e+02,
    3.33896881e+02, 1.40319458e+02, 3.22653320e+02, 1.40616852e+02,
    3.11821930e+02, 1.41133743e+02, 3.01424957e+02, 1.41354691e+02,
    3.70926544e+02, 1.25958717e+02, 3.58332703e+02, 1.26646584e+02,
    3.46163544e+02, 1.27362984e+02, 3.34489105e+02, 1.28093964e+02,
    3.23288483e+02, 1.28668167e+02, 3.12389832e+02, 1.29357681e+02,
    3.02029541e+02, 1.29965820e+02, 3.71688354e+02, 1.13010208e+02,
    3.59129242e+02, 1.13913597e+02, 3.46932159e+02, 1.14796188e+02,
    3.35184448e+02, 1.15732140e+02, 3.23927979e+02, 1.16526955e+02,
    3.13051971e+02, 1.17393723e+02, 3.02622528e+02, 1.18219162e+02,
    3.72440369e+02, 1.00059135e+02, 3.59872559e+02, 1.01170921e+02,
    3.47619568e+02, 1.02314362e+02, 3.35931244e+02, 1.03418823e+02,
    3.24593292e+02, 1.04496307e+02, 3.13699219e+02, 1.05483047e+02,
    3.03189270e+02, 1.06522667e+02, 3.73246002e+02, 8.69490967e+01,
    3.60586243e+02, 8.82150803e+01, 3.48328156e+02, 8.96191254e+01,
    3.36592346e+02, 9.10124969e+01, 3.25211182e+02, 9.23145981e+01,
    3.14300781e+02, 9.35990448e+01, 3.03829132e+02, 9.47031250e+01,
    3.74083038e+02, 7.38546677e+01, 3.61215546e+02, 7.54288712e+01,
    3.49111847e+02, 7.69633636e+01, 3.37200317e+02, 7.84859314e+01,
    3.25922211e+02, 7.99893570e+01, 3.14947113e+02, 8.14893188e+01,
    3.04356659e+02, 8.30091553e+01 ]
