%YAML:1.0
---
points: [ 1.26762903e+03, 2.68502930e+02, 1.29043506e+03, 2.73874847e+02,
    1.31312756e+03, 2.79525330e+02, 1.33601001e+03, 2.84736359e+02,
    1.35883997e+03, 2.90658478e+02, 1.38210229e+03, 2.96014587e+02,
    1.40520056e+03, 3.02078430e+02, 1.26025684e+03, 2.90763733e+02,
    1.28261035e+03, 2.96516418e+02, 1.30538074e+03, 3.01833527e+02,
    1.32781128e+03, 3.07614166e+02, 1.35066931e+03, 3.12896027e+02,
    1.37356445e+03, 3.18695221e+02, 1.39665247e+03, 3.24303528e+02,
    1.25275366e+03, 3.12932953e+02, 1.27513586e+03, 3.18332947e+02,
    1.29746411e+03, 3.24131012e+02, 1.31994141e+03, 3.29494843e+02,
    1.34252307e+03, 3.35130402e+02, 1.36530957e+03, 3.40666656e+02,
    1.38828870e+03, 3.46467194e+02, 1.24565759e+03, 3.34570526e+02,
    1.26761670e+03, 3.40172241e+02, 1.28987036e+03, 3.45658966e+02,
    1.31220251e+03, 3.51315277e+02, 1.33444470e+03, 3.56851776e+02,
    1.35717065e+03, 3.62573364e+02, 1.37974268e+03, 3.68296112e+02,
    1.23861621e+03, 3.55959595e+02, 1.26040234e+03, 3.61476471e+02,
    1.28246118e+03, 3.67112976e+02, 1.30451904e+03, 3.72684204e+02,
    1.32663037e+03, 3.78339142e+02, 1.34895142e+03, 3.83822449e+02,
    1.37153284e+03, 3.89925323e+02, 1.23177185e+03, 3.76908234e+02,
    1.25328040e+03, 3.82558105e+02, 1.27501501e+03, 3.88110687e+02,
    1.29693665e+03, 3.93724915e+02, 1.31876453e+03, 3.99317108e+02,
    1.34095288e+03, 4.05238678e+02, 1.36344434e+03, 4.10778687e+02,
    1.22482678e+03, 3.97616821e+02, 1.24627075e+03, 4.03212738e+02,
    1.26771802e+03, 4.08696320e+02, 1.28955103e+03, 4.14346191e+02,
    1.31128503e+03, 4.20096466e+02, 1.33323938e+03, 4.25684387e+02,
    1.35544434e+03, 4.31558868e+02, 1.21805652e+03, 4.17722168e+02,
    1.23933289e+03, 4.23614014e+02, 1.26055408e+03, 4.29045563e+02,
    1.28234705e+03, 4.34712006e+02, 1.30373950e+03, 4.40363251e+02,
    1.32559143e+03, 4.46100800e+02, 1.34751562e+03, 4.51852997e+02,
    1.21143433e+03, 4.37999481e+02, 1.23259082e+03, 4.43504547e+02,
    1.25359180e+03, 4.49317535e+02, 1.27497693e+03, 4.54590546e+02,
    1.29644604e+03, 4.60507477e+02, 1.31780200e+03, 4.66048615e+02,
    1.33974451e+03, 4.71939178e+02 ]
