%YAML:1.0
---
points: [ 8.60538940e+02, 9.97135010e+01, 8.58324890e+02, 1.28044861e+02,
    8.55752502e+02, 1.56074768e+02, 8.53389404e+02, 1.84096558e+02,
    8.51190308e+02, 2.12217133e+02, 8.48568542e+02, 2.39647461e+02,
    8.46449524e+02, 2.67113464e+02, 8.33694946e+02, 9.73652725e+01,
    8.31382141e+02, 1.25669182e+02, 8.28777100e+02, 1.53805832e+02,
    8.26519409e+02, 1.81624039e+02, 8.24099487e+02, 2.09433334e+02,
    8.21754028e+02, 2.37349304e+02, 8.19633972e+02, 2.64583801e+02,
    8.06515564e+02, 9.51113892e+01, 8.04361511e+02, 1.23446571e+02,
    8.02244019e+02, 1.51430481e+02, 7.99873962e+02, 1.79377441e+02,
    7.97545227e+02, 2.07226639e+02, 7.95281311e+02, 2.34679077e+02,
    7.93103027e+02, 2.62310028e+02, 7.79998108e+02, 9.28595123e+01,
    7.77610474e+02, 1.21271530e+02, 7.75303955e+02, 1.49184631e+02,
    7.73191956e+02, 1.77135071e+02, 7.71106323e+02, 2.04528336e+02,
    7.69065857e+02, 2.32349380e+02, 7.66502747e+02, 2.59921051e+02,
    7.52846069e+02, 9.07281265e+01, 7.50696533e+02, 1.18730141e+02,
    7.48635010e+02, 1.46767517e+02, 7.46518066e+02, 1.74500244e+02,
    7.44391968e+02, 2.02461456e+02, 7.42158997e+02, 2.29730972e+02,
    7.40356689e+02, 2.57386780e+02, 7.26224060e+02, 8.84002914e+01,
    7.23840210e+02, 1.16500076e+02, 7.21636169e+02, 1.44481369e+02,
    7.20108215e+02, 1.72175385e+02, 7.18025757e+02, 1.99573837e+02,
    7.15651184e+02, 2.27456985e+02, 7.13445007e+02, 2.54647705e+02,
    6.99375305e+02, 8.63360901e+01, 6.97434021e+02, 1.14095047e+02,
    6.95490112e+02, 1.42033478e+02, 6.93257080e+02, 1.69602448e+02,
    6.91313171e+02, 1.97384979e+02, 6.89393433e+02, 2.24707230e+02,
    6.87315369e+02, 2.52463104e+02, 6.72729370e+02, 8.38910980e+01,
    6.70758179e+02, 1.11781158e+02, 6.69096008e+02, 1.39654999e+02,
    6.66596008e+02, 1.67054565e+02, 6.64654907e+02, 1.94895172e+02,
    6.63275635e+02, 2.22752289e+02, 6.60972412e+02, 2.49754425e+02,
    6.46301270e+02, 8.17285461e+01, 6.44246277e+02, 1.09556267e+02,
    6.42304504e+02, 1.37447800e+02, 6.40367126e+02, 1.65140762e+02,
    6.38621826e+02, 1.92689575e+02, 6.36750671e+02, 2.19906281e+02,
    6.34746765e+02, 2.47481720e+02 ]
