%YAML:1.0
---
points: [ 3.68202911e+02, 2.08587921e+02, 3.52893463e+02, 2.08477966e+02,
    3.37851288e+02, 2.08473022e+02, 3.23052063e+02, 2.08613434e+02,
    3.08284515e+02, 2.08572601e+02, 2.93965332e+02, 2.08450104e+02,
    2.79488525e+02, 2.08778168e+02, 3.68043793e+02, 1.93684586e+02,
    3.52699493e+02, 1.93960083e+02, 3.37788940e+02, 1.94013260e+02,
    3.22961823e+02, 1.94217224e+02, 3.08260559e+02, 1.94334335e+02,
    2.93894745e+02, 1.94361679e+02, 2.79430817e+02, 1.94432053e+02,
    3.67753387e+02, 1.79226471e+02, 3.52511261e+02, 1.79408401e+02,
    3.37650299e+02, 1.79593765e+02, 3.22957916e+02, 1.79751648e+02,
    3.08252869e+02, 1.80068222e+02, 2.93867767e+02, 1.80218079e+02,
    2.79529480e+02, 1.80292969e+02, 3.67682373e+02, 1.64622772e+02,
    3.52582672e+02, 1.64895157e+02, 3.37597931e+02, 1.65244934e+02,
    3.22853790e+02, 1.65405396e+02, 3.08211548e+02, 1.65647903e+02,
    2.93849396e+02, 1.66001282e+02, 2.79538818e+02, 1.66156326e+02,
    3.67439667e+02, 1.50120377e+02, 3.52441132e+02, 1.50417419e+02,
    3.37504364e+02, 1.50728119e+02, 3.22848602e+02, 1.51206284e+02,
    3.08253967e+02, 1.51389679e+02, 2.93906189e+02, 1.51659409e+02,
    2.79517944e+02, 1.52107742e+02, 3.67462585e+02, 1.35495987e+02,
    3.52361694e+02, 1.35947723e+02, 3.37429962e+02, 1.36328491e+02,
    3.22853577e+02, 1.36781616e+02, 3.08220947e+02, 1.37224960e+02,
    2.93929535e+02, 1.37449371e+02, 2.79594543e+02, 1.37953476e+02,
    3.67363434e+02, 1.21213814e+02, 3.52273193e+02, 1.21587616e+02,
    3.37410278e+02, 1.22178833e+02, 3.22914978e+02, 1.22439354e+02,
    3.08205322e+02, 1.23090126e+02, 2.93905212e+02, 1.23500076e+02,
    2.79641235e+02, 1.24044518e+02, 3.67234985e+02, 1.06777122e+02,
    3.52194946e+02, 1.07219475e+02, 3.37416809e+02, 1.07789238e+02,
    3.22849182e+02, 1.08342468e+02, 3.08222198e+02, 1.08921082e+02,
    2.93918243e+02, 1.09302544e+02, 2.79730560e+02, 1.09852158e+02,
    3.67074463e+02, 9.23980560e+01, 3.52156128e+02, 9.30002289e+01,
    3.37389313e+02, 9.35566330e+01, 3.22804688e+02, 9.41417694e+01,
    3.08287842e+02, 9.47028427e+01, 2.93945740e+02, 9.52676544e+01,
    2.79750977e+02, 9.59479599e+01 ]
