%YAML:1.0
---
points: [ 1.27866772e+03, 2.65009399e+02, 1.29912610e+03, 2.68639069e+02,
    1.31970288e+03, 2.72870087e+02, 1.34098108e+03, 2.76943207e+02,
    1.36263611e+03, 2.81626160e+02, 1.38495361e+03, 2.85786194e+02,
    1.40758752e+03, 2.90609528e+02, 1.27363525e+03, 2.86211060e+02,
    1.29351306e+03, 2.90603943e+02, 1.31410352e+03, 2.94603027e+02,
    1.33502258e+03, 2.99334808e+02, 1.35661621e+03, 3.03684357e+02,
    1.37847656e+03, 3.08498535e+02, 1.40105957e+03, 3.13095398e+02,
    1.26836145e+03, 3.07438446e+02, 1.28827539e+03, 3.11561829e+02,
    1.30854761e+03, 3.16414948e+02, 1.32935425e+03, 3.20734375e+02,
    1.35055518e+03, 3.25716736e+02, 1.37229016e+03, 3.30437256e+02,
    1.39450659e+03, 3.35449158e+02, 1.26340430e+03, 3.28072418e+02,
    1.28278760e+03, 3.32892059e+02, 1.30299133e+03, 3.37183289e+02,
    1.32359717e+03, 3.42371613e+02, 1.34455200e+03, 3.47061798e+02,
    1.36614307e+03, 3.52480103e+02, 1.38799243e+03, 3.57323883e+02,
    1.25839783e+03, 3.48639618e+02, 1.27778394e+03, 3.53315887e+02,
    1.29757898e+03, 3.58385590e+02, 1.31786194e+03, 3.63151184e+02,
    1.33877271e+03, 3.68473938e+02, 1.35992566e+03, 3.73505768e+02,
    1.38179272e+03, 3.79284027e+02, 1.25356201e+03, 3.68591705e+02,
    1.27263452e+03, 3.73707001e+02, 1.29231726e+03, 3.78635345e+02,
    1.31244934e+03, 3.84025208e+02, 1.33306384e+03, 3.89192352e+02,
    1.35420227e+03, 3.94932678e+02, 1.37563708e+03, 4.00320099e+02,
    1.24864624e+03, 3.88374573e+02, 1.26775305e+03, 3.93592163e+02,
    1.28724414e+03, 3.98816010e+02, 1.30710474e+03, 4.04128998e+02,
    1.32755847e+03, 4.09704651e+02, 1.34845398e+03, 4.15382111e+02,
    1.36963757e+03, 4.21311432e+02, 1.24392712e+03, 4.07764282e+02,
    1.26274670e+03, 4.13321198e+02, 1.28204053e+03, 4.18598206e+02,
    1.30181018e+03, 4.24379730e+02, 1.32198901e+03, 4.29873901e+02,
    1.34273279e+03, 4.35705261e+02, 1.36376489e+03, 4.41673889e+02,
    1.23919824e+03, 4.27357635e+02, 1.25811340e+03, 4.32534271e+02,
    1.27706812e+03, 4.38462372e+02, 1.29655054e+03, 4.43798218e+02,
    1.31645068e+03, 4.50071960e+02, 1.33702124e+03, 4.55708588e+02,
    1.35790112e+03, 4.62020813e+02 ]
