%YAML:1.0
---
points: [ 2.45188522e+02, 6.64234924e+01, 2.44367737e+02, 7.59997101e+01,
    2.43446060e+02, 8.53389740e+01, 2.42559341e+02, 9.46963577e+01,
    2.41706955e+02, 1.04095894e+02, 2.40811401e+02, 1.13463402e+02,
    2.39968613e+02, 1.22859009e+02, 2.36071228e+02, 6.55842361e+01,
    2.35148239e+02, 7.51300888e+01, 2.34301956e+02, 8.45491333e+01,
    2.33506912e+02, 9.39955673e+01, 2.32625595e+02, 1.03389626e+02,
    2.31773010e+02, 1.12677650e+02, 2.30938263e+02, 1.22078094e+02,
    2.26836639e+02, 6.48458481e+01, 2.26082703e+02, 7.42504501e+01,
    2.25191620e+02, 8.37674942e+01, 2.24359467e+02, 9.31508179e+01,
    2.23554199e+02, 1.02561325e+02, 2.22705551e+02, 1.12002769e+02,
    2.21884293e+02, 1.21179718e+02, 2.17782928e+02, 6.42458649e+01,
    2.16886887e+02, 7.36571198e+01, 2.16132431e+02, 8.29972687e+01,
    2.15373260e+02, 9.23798294e+01, 2.14525986e+02, 1.01788139e+02,
    2.13745209e+02, 1.11149536e+02, 2.12947601e+02, 1.20447433e+02,
    2.08631348e+02, 6.36069870e+01, 2.07882355e+02, 7.31121750e+01,
    2.07073380e+02, 8.23420410e+01, 2.06321640e+02, 9.17090530e+01,
    2.05525909e+02, 1.01003258e+02, 2.04699966e+02, 1.10298477e+02,
    2.03944916e+02, 1.19633286e+02, 1.99675629e+02, 6.29396935e+01,
    1.98761490e+02, 7.22871323e+01, 1.97977646e+02, 8.16538849e+01,
    1.97266235e+02, 9.09436493e+01, 1.96539780e+02, 1.00282707e+02,
    1.95732697e+02, 1.09529732e+02, 1.95006119e+02, 1.18760590e+02,
    1.90574280e+02, 6.21364326e+01, 1.89788300e+02, 7.15562210e+01,
    1.88989441e+02, 8.07951584e+01, 1.88317963e+02, 9.01585083e+01,
    1.87598953e+02, 9.95400085e+01, 1.86787354e+02, 1.08802406e+02,
    1.86116821e+02, 1.17944954e+02, 1.81709290e+02, 6.15629997e+01,
    1.80780579e+02, 7.07504807e+01, 1.80078552e+02, 8.00833511e+01,
    1.79380981e+02, 8.94116898e+01, 1.78643250e+02, 9.87186356e+01,
    1.77868652e+02, 1.08032921e+02, 1.77180359e+02, 1.17189323e+02,
    1.72597382e+02, 6.07825775e+01, 1.71887939e+02, 7.00688553e+01,
    1.71135345e+02, 7.93529816e+01, 1.70504456e+02, 8.86380997e+01,
    1.69683640e+02, 9.79604340e+01, 1.68930542e+02, 1.07182899e+02,
    1.68309891e+02, 1.16404373e+02 ]
