%YAML:1.0
---
points: [ 2.76698059e+02, 4.32219620e+01, 2.77236633e+02, 5.39348679e+01,
    2.77645782e+02, 6.45045166e+01, 2.77978058e+02, 7.50399170e+01,
    2.78451721e+02, 8.49488983e+01, 2.78794159e+02, 9.47566986e+01,
    2.79200745e+02, 1.04237640e+02, 2.66633972e+02, 4.40039749e+01,
    2.67002777e+02, 5.47265816e+01, 2.67708527e+02, 6.53846130e+01,
    2.68203339e+02, 7.57299194e+01, 2.68751282e+02, 8.56351242e+01,
    2.69302643e+02, 9.53818359e+01, 2.69785034e+02, 1.04909538e+02,
    2.56219360e+02, 4.47377205e+01, 2.57005188e+02, 5.55600166e+01,
    2.57760681e+02, 6.62842255e+01, 2.58504486e+02, 7.63611374e+01,
    2.59173859e+02, 8.63798294e+01, 2.59810852e+02, 9.62433777e+01,
    2.60558807e+02, 1.05466362e+02, 2.46204849e+02, 4.55308838e+01,
    2.46976974e+02, 5.64792862e+01, 2.47901169e+02, 6.68587189e+01,
    2.48771637e+02, 7.71121368e+01, 2.49641312e+02, 8.71957703e+01,
    2.50519241e+02, 9.67536926e+01, 2.51268204e+02, 1.06122353e+02,
    2.35832047e+02, 4.64699707e+01, 2.37065918e+02, 5.72411423e+01,
    2.38030060e+02, 6.74754410e+01, 2.39136673e+02, 7.79130325e+01,
    2.40132095e+02, 8.77584915e+01, 2.41050995e+02, 9.73448105e+01,
    2.42020721e+02, 1.06783470e+02, 2.25887329e+02, 4.72832413e+01,
    2.26938217e+02, 5.78762474e+01, 2.28232635e+02, 6.83838196e+01,
    2.29411133e+02, 7.85697479e+01, 2.30532303e+02, 8.83690948e+01,
    2.31779739e+02, 9.80917892e+01, 2.32791077e+02, 1.07385559e+02,
    2.15652023e+02, 4.79094276e+01, 2.17223297e+02, 5.88225212e+01,
    2.18486465e+02, 6.90690918e+01, 2.19841751e+02, 7.92019806e+01,
    2.21181778e+02, 8.91399536e+01, 2.22373764e+02, 9.87067261e+01,
    2.23652054e+02, 1.07999207e+02, 2.05825775e+02, 4.88541183e+01,
    2.07236389e+02, 5.94558525e+01, 2.08821243e+02, 6.98138428e+01,
    2.10288559e+02, 8.00460739e+01, 2.11667969e+02, 8.97338257e+01,
    2.13135452e+02, 9.91854477e+01, 2.14484421e+02, 1.08529823e+02,
    1.95636398e+02, 4.94234543e+01, 1.97457092e+02, 6.03001747e+01,
    1.99132858e+02, 7.06842270e+01, 2.00733093e+02, 8.06194077e+01,
    2.02320312e+02, 9.03051834e+01, 2.03820816e+02, 9.98897705e+01,
    2.05376953e+02, 1.09220947e+02 ]
