%YAML:1.0
---
points: [ 9.47569641e+02, 3.00557003e+01, 9.49674927e+02, 6.31296539e+01,
    9.52170837e+02, 9.47769012e+01, 9.54179260e+02, 1.25491066e+02,
    9.56367249e+02, 1.55488419e+02, 9.58431946e+02, 1.84434387e+02,
    9.60382324e+02, 2.12473007e+02, 9.17283936e+02, 3.26048851e+01,
    9.20106812e+02, 6.54111099e+01, 9.22649292e+02, 9.70945663e+01,
    9.25462158e+02, 1.27673782e+02, 9.27915405e+02, 1.57471710e+02,
    9.30495972e+02, 1.86400330e+02, 9.32805481e+02, 2.14276001e+02,
    8.87196899e+02, 3.49915314e+01, 8.90409546e+02, 6.76461639e+01,
    8.93614685e+02, 9.92263870e+01, 8.96679199e+02, 1.29775681e+02,
    8.99826843e+02, 1.59580582e+02, 9.02583130e+02, 1.88234512e+02,
    9.05679810e+02, 2.16193390e+02, 8.57206360e+02, 3.74726295e+01,
    8.60983154e+02, 7.00634460e+01, 8.64669983e+02, 1.01476761e+02,
    8.68451477e+02, 1.32091812e+02, 8.71637146e+02, 1.61479050e+02,
    8.75314575e+02, 1.90188202e+02, 8.78459900e+02, 2.17789993e+02,
    8.27350159e+02, 3.97309456e+01, 8.31536499e+02, 7.21386032e+01,
    8.35672607e+02, 1.03533752e+02, 8.39621399e+02, 1.33934311e+02,
    8.43865479e+02, 1.63439316e+02, 8.47642822e+02, 1.91894501e+02,
    8.51356812e+02, 2.19526901e+02, 7.97338135e+02, 4.21807861e+01,
    8.02320740e+02, 7.43637543e+01, 8.06770020e+02, 1.05577698e+02,
    8.11510010e+02, 1.35947922e+02, 8.15792969e+02, 1.65406784e+02,
    8.20124695e+02, 1.93635468e+02, 8.24172729e+02, 2.21421921e+02,
    7.67814331e+02, 4.44528084e+01, 7.73083679e+02, 7.64588928e+01,
    7.78239319e+02, 1.07562386e+02, 7.83083618e+02, 1.37798935e+02,
    7.88062012e+02, 1.67200287e+02, 7.92556396e+02, 1.95489944e+02,
    7.97288208e+02, 2.23046280e+02, 7.38166992e+02, 4.64248314e+01,
    7.44017578e+02, 7.86035156e+01, 7.49463257e+02, 1.09581818e+02,
    7.54971252e+02, 1.39633118e+02, 7.60162659e+02, 1.68822769e+02,
    7.65410156e+02, 1.97292328e+02, 7.70336792e+02, 2.24592026e+02,
    7.08752930e+02, 4.86296196e+01, 7.14898682e+02, 8.06128006e+01,
    7.21079834e+02, 1.11713287e+02, 7.26846619e+02, 1.41578949e+02,
    7.32562012e+02, 1.70681625e+02, 7.38130676e+02, 1.98816360e+02,
    7.43533386e+02, 2.26345840e+02 ]
