%YAML:1.0
---
points: [ 1.24444409e+03, 2.71522522e+02, 1.26228394e+03, 2.74520874e+02,
    1.27963794e+03, 2.77476440e+02, 1.29668323e+03, 2.80436646e+02,
    1.31350354e+03, 2.83171814e+02, 1.33011597e+03, 2.86077026e+02,
    1.34636719e+03, 2.88747070e+02, 1.24213232e+03, 2.94344513e+02,
    1.25972388e+03, 2.97207764e+02, 1.27721948e+03, 2.99796997e+02,
    1.29438293e+03, 3.02660614e+02, 1.31121997e+03, 3.05223206e+02,
    1.32770825e+03, 3.07901459e+02, 1.34398584e+03, 3.10386597e+02,
    1.23958545e+03, 3.17067841e+02, 1.25755347e+03, 3.19494293e+02,
    1.27481409e+03, 3.22222687e+02, 1.29181689e+03, 3.24526855e+02,
    1.30868628e+03, 3.27261963e+02, 1.32534497e+03, 3.29494446e+02,
    1.34166797e+03, 3.32057556e+02, 1.23750342e+03, 3.39482910e+02,
    1.25508972e+03, 3.41868195e+02, 1.27251550e+03, 3.44323914e+02,
    1.28965320e+03, 3.46545441e+02, 1.30650879e+03, 3.48902618e+02,
    1.32291113e+03, 3.51152344e+02, 1.33927551e+03, 3.53461273e+02,
    1.23511694e+03, 3.61888062e+02, 1.25281189e+03, 3.64292084e+02,
    1.27023059e+03, 3.66376099e+02, 1.28709509e+03, 3.68462341e+02,
    1.30405042e+03, 3.70636169e+02, 1.32059473e+03, 3.72561646e+02,
    1.33696887e+03, 3.74850769e+02, 1.23281885e+03, 3.84344727e+02,
    1.25043579e+03, 3.86430237e+02, 1.26782800e+03, 3.88311432e+02,
    1.28487671e+03, 3.90459778e+02, 1.30163708e+03, 3.92240204e+02,
    1.31801917e+03, 3.94236847e+02, 1.33441406e+03, 3.96144897e+02,
    1.23056213e+03, 4.06618622e+02, 1.24820581e+03, 4.08309753e+02,
    1.26546838e+03, 4.10126007e+02, 1.28247058e+03, 4.12065643e+02,
    1.29934302e+03, 4.13679352e+02, 1.31577563e+03, 4.15435181e+02,
    1.33214551e+03, 4.17309570e+02, 1.22823816e+03, 4.28665649e+02,
    1.24579810e+03, 4.30267456e+02, 1.26318921e+03, 4.31915070e+02,
    1.28030774e+03, 4.33597900e+02, 1.29677417e+03, 4.35083527e+02,
    1.31328406e+03, 4.36769592e+02, 1.32943201e+03, 4.38368408e+02,
    1.22623999e+03, 4.50707642e+02, 1.24362366e+03, 4.52220398e+02,
    1.26076770e+03, 4.53789581e+02, 1.27781799e+03, 4.55074860e+02,
    1.29460400e+03, 4.56522125e+02, 1.31098669e+03, 4.57928528e+02,
    1.32731677e+03, 4.59386993e+02 ]
