%YAML:1.0
---
points: [ 3.79610260e+02, 2.85182068e+02, 3.61562836e+02, 2.87078125e+02,
    3.43556213e+02, 2.88846222e+02, 3.25492584e+02, 2.90836700e+02,
    3.07509949e+02, 2.92672913e+02, 2.89503845e+02, 2.94475800e+02,
    2.71594666e+02, 2.96514496e+02, 3.75186005e+02, 2.67844055e+02,
    3.57397400e+02, 2.69637909e+02, 3.39709229e+02, 2.71256989e+02,
    3.22158112e+02, 2.73277588e+02, 3.04606445e+02, 2.75177856e+02,
    2.87013062e+02, 2.76839813e+02, 2.69495819e+02, 2.78786804e+02,
    3.70859222e+02, 2.51121643e+02, 3.53555389e+02, 2.52867081e+02,
    3.36165497e+02, 2.54667709e+02, 3.18915863e+02, 2.56424927e+02,
    3.01717010e+02, 2.58321411e+02, 2.84590210e+02, 2.60098267e+02,
    2.67367188e+02, 2.61905731e+02, 3.66771606e+02, 2.35140213e+02,
    3.49744415e+02, 2.36906677e+02, 3.32798096e+02, 2.38703583e+02,
    3.15898438e+02, 2.40540817e+02, 2.99025909e+02, 2.42243378e+02,
    2.82241882e+02, 2.43989151e+02, 2.65428253e+02, 2.45713348e+02,
    3.62817657e+02, 2.19853607e+02, 3.46186035e+02, 2.21613998e+02,
    3.29596619e+02, 2.23373474e+02, 3.12950928e+02, 2.25089722e+02,
    2.96502563e+02, 2.26794846e+02, 2.79995667e+02, 2.28574936e+02,
    2.63584503e+02, 2.30306274e+02, 3.59068298e+02, 2.05093689e+02,
    3.42801788e+02, 2.06933563e+02, 3.26452698e+02, 2.08576736e+02,
    3.10252472e+02, 2.10266693e+02, 2.94001923e+02, 2.12026779e+02,
    2.77879425e+02, 2.13791183e+02, 2.61778625e+02, 2.15430222e+02,
    3.55433838e+02, 1.90975815e+02, 3.39452484e+02, 1.92739868e+02,
    3.23520782e+02, 1.94490784e+02, 3.07533997e+02, 1.96186249e+02,
    2.91733276e+02, 1.97839188e+02, 2.75862061e+02, 1.99566864e+02,
    2.60075989e+02, 2.01219330e+02, 3.51991058e+02, 1.77399963e+02,
    3.36260834e+02, 1.79121719e+02, 3.20654419e+02, 1.80802643e+02,
    3.04996429e+02, 1.82510025e+02, 2.89439819e+02, 1.84230453e+02,
    2.73887756e+02, 1.85871246e+02, 2.58357178e+02, 1.87543610e+02,
    3.48730225e+02, 1.64329742e+02, 3.33295563e+02, 1.65936615e+02,
    3.17935150e+02, 1.67663254e+02, 3.02553070e+02, 1.69295868e+02,
    2.87351807e+02, 1.71034653e+02, 2.71985199e+02, 1.72708160e+02,
    2.56806976e+02, 1.74316788e+02 ]
