%YAML:1.0
---
points: [ 1.00860620e+03, 7.12048721e+01, 1.02736169e+03, 9.53115845e+01,
    1.04613989e+03, 1.18695877e+02, 1.06464771e+03, 1.42547302e+02,
    1.08305847e+03, 1.65596603e+02, 1.10135999e+03, 1.89089249e+02,
    1.11966357e+03, 2.11901138e+02, 9.86434692e+02, 9.31785660e+01,
    1.00513477e+03, 1.16554550e+02, 1.02362756e+03, 1.40195786e+02,
    1.04219409e+03, 1.63169800e+02, 1.06049438e+03, 1.86475693e+02,
    1.07872412e+03, 2.09247665e+02, 1.09671753e+03, 2.32080017e+02,
    9.64736084e+02, 1.14276115e+02, 9.83354431e+02, 1.37768036e+02,
    1.00184961e+03, 1.60774689e+02, 1.02015570e+03, 1.83886124e+02,
    1.03849902e+03, 2.06515015e+02, 1.05654749e+03, 2.29306015e+02,
    1.07452942e+03, 2.51462341e+02, 9.43516541e+02, 1.35293152e+02,
    9.62059021e+02, 1.58186676e+02, 9.80389832e+02, 1.81183701e+02,
    9.98680969e+02, 2.03661270e+02, 1.01668732e+03, 2.26249298e+02,
    1.03498694e+03, 2.48597687e+02, 1.05266504e+03, 2.70657135e+02,
    9.22625732e+02, 1.55583237e+02, 9.41083008e+02, 1.78531509e+02,
    9.59365417e+02, 2.00921982e+02, 9.77413269e+02, 2.23426590e+02,
    9.95540894e+02, 2.45611771e+02, 1.01351349e+03, 2.67814148e+02,
    1.03129321e+03, 2.89479858e+02, 9.02136597e+02, 1.75809006e+02,
    9.20549438e+02, 1.98228882e+02, 9.38604614e+02, 2.20567993e+02,
    9.56768677e+02, 2.42622299e+02, 9.74644043e+02, 2.64631287e+02,
    9.92547180e+02, 2.86301819e+02, 1.01025970e+03, 3.08118988e+02,
    8.82158936e+02, 1.95295837e+02, 9.00376953e+02, 2.17588272e+02,
    9.18483521e+02, 2.39543213e+02, 9.36343872e+02, 2.61414795e+02,
    9.54265747e+02, 2.83186310e+02, 9.71953064e+02, 3.04655701e+02,
    9.89683655e+02, 3.26070740e+02, 8.62475159e+02, 2.14679550e+02,
    8.80661011e+02, 2.36662964e+02, 8.98615845e+02, 2.58438843e+02,
    9.16494812e+02, 2.79959503e+02, 9.34259949e+02, 3.01484863e+02,
    9.51814026e+02, 3.22528595e+02, 9.69463501e+02, 3.43691742e+02,
    8.43286865e+02, 2.33632431e+02, 8.61225525e+02, 2.55336731e+02,
    8.79153870e+02, 2.76823761e+02, 8.96909119e+02, 2.98176971e+02,
    9.14536133e+02, 3.19210602e+02, 9.32184570e+02, 3.40295776e+02,
    9.49546692e+02, 3.61144745e+02 ]
