%YAML:1.0
---
points: [ 2.96874573e+02, 5.68122826e+01, 3.03229095e+02, 6.46496124e+01,
    3.09465973e+02, 7.28157196e+01, 3.15724792e+02, 8.05611343e+01,
    3.21898071e+02, 8.86358871e+01, 3.28093506e+02, 9.64869843e+01,
    3.34361603e+02, 1.03813652e+02, 2.89209534e+02, 6.38683701e+01,
    2.95460907e+02, 7.19085693e+01, 3.01772675e+02, 7.96864014e+01,
    3.07718109e+02, 8.76431580e+01, 3.14200226e+02, 9.55551834e+01,
    3.20521301e+02, 1.02899925e+02, 3.26422729e+02, 1.10863541e+02,
    2.81589050e+02, 7.11791458e+01, 2.87915009e+02, 7.88851395e+01,
    2.94105621e+02, 8.67156296e+01, 3.00266876e+02, 9.44181290e+01,
    3.06382080e+02, 1.02108994e+02, 3.12518524e+02, 1.09843048e+02,
    3.18619446e+02, 1.17232346e+02, 2.74248199e+02, 7.81798401e+01,
    2.80444336e+02, 8.57967529e+01, 2.86679504e+02, 9.36047287e+01,
    2.92733307e+02, 1.01184753e+02, 2.98918976e+02, 1.08932205e+02,
    3.04935028e+02, 1.16303246e+02, 3.10998566e+02, 1.23975166e+02,
    2.66959595e+02, 8.50491562e+01, 2.73184418e+02, 9.27508011e+01,
    2.79251770e+02, 1.00355400e+02, 2.85448517e+02, 1.07904243e+02,
    2.91420349e+02, 1.15428032e+02, 2.97535889e+02, 1.22951591e+02,
    3.03473785e+02, 1.30270386e+02, 2.59798157e+02, 9.18659592e+01,
    2.65978821e+02, 9.94460449e+01, 2.72086212e+02, 1.07004013e+02,
    2.78102142e+02, 1.14493050e+02, 2.84222351e+02, 1.21904472e+02,
    2.90156982e+02, 1.29314301e+02, 2.96154968e+02, 1.36622284e+02,
    2.52815552e+02, 9.85074081e+01, 2.58929626e+02, 1.06035583e+02,
    2.65004761e+02, 1.13540840e+02, 2.71040222e+02, 1.20873901e+02,
    2.77023743e+02, 1.28200180e+02, 2.83001709e+02, 1.35569504e+02,
    2.88934265e+02, 1.42740646e+02, 2.46006256e+02, 1.05072922e+02,
    2.52100998e+02, 1.12483376e+02, 2.58102448e+02, 1.19924393e+02,
    2.64123260e+02, 1.27145744e+02, 2.70118225e+02, 1.34399002e+02,
    2.76021362e+02, 1.41602936e+02, 2.81888489e+02, 1.48789871e+02,
    2.39215851e+02, 1.11464241e+02, 2.45310532e+02, 1.18884048e+02,
    2.51301071e+02, 1.26077034e+02, 2.57316467e+02, 1.33366562e+02,
    2.63210083e+02, 1.40535416e+02, 2.69160828e+02, 1.47614914e+02,
    2.74943970e+02, 1.54657181e+02 ]
