%YAML:1.0
---
points: [ 1.39427087e+03, 3.43722717e+02, 1.40484973e+03, 3.59734985e+02,
    1.41536926e+03, 3.75241058e+02, 1.42561584e+03, 3.90498840e+02,
    1.43566357e+03, 4.05506378e+02, 1.44560901e+03, 4.20456787e+02,
    1.45536108e+03, 4.34660767e+02, 1.37633313e+03, 3.60106873e+02,
    1.38717944e+03, 3.75671783e+02, 1.39769604e+03, 3.91178436e+02,
    1.40819482e+03, 4.06213379e+02, 1.41838843e+03, 4.21115173e+02,
    1.42849561e+03, 4.35546478e+02, 1.43827185e+03, 4.49921783e+02,
    1.35851562e+03, 3.76144104e+02, 1.36942261e+03, 3.91589478e+02,
    1.38022058e+03, 4.06710907e+02, 1.39071301e+03, 4.21761078e+02,
    1.40113916e+03, 4.36301727e+02, 1.41130786e+03, 4.50760590e+02,
    1.42139136e+03, 4.64834320e+02, 1.34077429e+03, 3.92211975e+02,
    1.35186047e+03, 4.07414215e+02, 1.36272864e+03, 4.22451385e+02,
    1.37343506e+03, 4.37128326e+02, 1.38388525e+03, 4.51729645e+02,
    1.39428296e+03, 4.65815247e+02, 1.40445374e+03, 4.79806488e+02,
    1.32319421e+03, 4.08077209e+02, 1.33433630e+03, 4.23279968e+02,
    1.34541614e+03, 4.37934662e+02, 1.35620337e+03, 4.52629883e+02,
    1.36675134e+03, 4.66788391e+02, 1.37724390e+03, 4.80877258e+02,
    1.38754028e+03, 4.94723999e+02, 1.30560669e+03, 4.24072327e+02,
    1.31685498e+03, 4.38787323e+02, 1.32808606e+03, 4.53507050e+02,
    1.33896033e+03, 4.67835876e+02, 1.34969775e+03, 4.81974243e+02,
    1.36025659e+03, 4.95774750e+02, 1.37062036e+03, 5.09521515e+02,
    1.28827771e+03, 4.39637268e+02, 1.29966687e+03, 4.54320801e+02,
    1.31085120e+03, 4.68745209e+02, 1.32193762e+03, 4.82975403e+02,
    1.33276038e+03, 4.96870850e+02, 1.34345142e+03, 5.10535248e+02,
    1.35390491e+03, 5.23989563e+02, 1.27084644e+03, 4.55326263e+02,
    1.28249780e+03, 4.69742706e+02, 1.29374487e+03, 4.84058960e+02,
    1.30493494e+03, 4.98068481e+02, 1.31588086e+03, 5.11722260e+02,
    1.32663074e+03, 5.25315918e+02, 1.33718738e+03, 5.38500305e+02,
    1.25373108e+03, 4.70853394e+02, 1.26538550e+03, 4.85170105e+02,
    1.27683142e+03, 4.99311737e+02, 1.28809607e+03, 5.13059814e+02,
    1.29907666e+03, 5.26553894e+02, 1.30989990e+03, 5.39892334e+02,
    1.32064673e+03, 5.52938721e+02 ]
