%YAML:1.0
---
points: [ 2.46621765e+02, 3.14427185e+02, 2.33237015e+02, 3.18535522e+02,
    2.19239929e+02, 3.22683380e+02, 2.04723969e+02, 3.27141083e+02,
    1.89559036e+02, 3.31677094e+02, 1.73645126e+02, 3.36495789e+02,
    1.57161469e+02, 3.41363373e+02, 2.41349289e+02, 3.00752533e+02,
    2.28120239e+02, 3.04392944e+02, 2.14285278e+02, 3.08203613e+02,
    1.99928345e+02, 3.12272827e+02, 1.84892578e+02, 3.16538605e+02,
    1.69327927e+02, 3.20820068e+02, 1.52998260e+02, 3.25376587e+02,
    2.36270248e+02, 2.87489441e+02, 2.23230957e+02, 2.90914062e+02,
    2.09621155e+02, 2.94449585e+02, 1.95391708e+02, 2.98050903e+02,
    1.80673843e+02, 3.01881104e+02, 1.65145035e+02, 3.05900848e+02,
    1.49090378e+02, 3.10005615e+02, 2.31430908e+02, 2.74819061e+02,
    2.18480011e+02, 2.77839966e+02, 2.04999924e+02, 2.81036926e+02,
    1.90982849e+02, 2.84440857e+02, 1.76388611e+02, 2.87889893e+02,
    1.61169647e+02, 2.91473602e+02, 1.45271408e+02, 2.95260223e+02,
    2.26692856e+02, 2.62619232e+02, 2.13865250e+02, 2.65340576e+02,
    2.00611237e+02, 2.68220306e+02, 1.86772858e+02, 2.71242615e+02,
    1.72347351e+02, 2.74383362e+02, 1.57286377e+02, 2.77739624e+02,
    1.41698929e+02, 2.81063385e+02, 2.22099075e+02, 2.50757690e+02,
    2.09510452e+02, 2.53238785e+02, 1.96270920e+02, 2.55904480e+02,
    1.82643784e+02, 2.58588501e+02, 1.68413116e+02, 2.61470764e+02,
    1.53602783e+02, 2.64374512e+02, 1.38158600e+02, 2.67397705e+02,
    2.17727249e+02, 2.39372284e+02, 2.05190338e+02, 2.41706589e+02,
    1.92192841e+02, 2.44048904e+02, 1.78658249e+02, 2.46541153e+02,
    1.64714630e+02, 2.49041641e+02, 1.49989639e+02, 2.51697632e+02,
    1.34793930e+02, 2.54468399e+02, 2.13403641e+02, 2.28416641e+02,
    2.01078949e+02, 2.30474121e+02, 1.88183655e+02, 2.32620071e+02,
    1.74860916e+02, 2.34788712e+02, 1.60936493e+02, 2.37086166e+02,
    1.46518295e+02, 2.39439438e+02, 1.31527695e+02, 2.41950195e+02,
    2.09386108e+02, 2.17839310e+02, 1.97068115e+02, 2.19665833e+02,
    1.84354233e+02, 2.21536606e+02, 1.71109848e+02, 2.23491669e+02,
    1.57406219e+02, 2.25510086e+02, 1.43179535e+02, 2.27641174e+02,
    1.28313965e+02, 2.29858047e+02 ]
