%YAML:1.0
---
points: [ 1.42395422e+03, 7.31159119e+02, 1.39958984e+03, 7.32555115e+02,
    1.37577405e+03, 7.34060974e+02, 1.35250037e+03, 7.35376465e+02,
    1.32965588e+03, 7.36823181e+02, 1.30730164e+03, 7.38282043e+02,
    1.28537317e+03, 7.39524658e+02, 1.42278699e+03, 7.12504578e+02,
    1.39881506e+03, 7.14154724e+02, 1.37536951e+03, 7.15681519e+02,
    1.35240723e+03, 7.17475403e+02, 1.32974048e+03, 7.18799683e+02,
    1.30768457e+03, 7.20543518e+02, 1.28619543e+03, 7.22177490e+02,
    1.42155164e+03, 6.94460693e+02, 1.39792664e+03, 6.96304749e+02,
    1.37474829e+03, 6.97990356e+02, 1.35229810e+03, 6.99711548e+02,
    1.32989722e+03, 7.01637939e+02, 1.30816760e+03, 7.03247620e+02,
    1.28662744e+03, 7.05067871e+02, 1.42057275e+03, 6.76695496e+02,
    1.39730249e+03, 6.78771484e+02, 1.37434253e+03, 6.80788330e+02,
    1.35205945e+03, 6.82738037e+02, 1.33002490e+03, 6.84714844e+02,
    1.30844519e+03, 6.86635132e+02, 1.28745422e+03, 6.88447571e+02,
    1.41944775e+03, 6.59660095e+02, 1.39640491e+03, 6.61726685e+02,
    1.37397229e+03, 6.64166931e+02, 1.35193469e+03, 6.66140930e+02,
    1.33027637e+03, 6.68309509e+02, 1.30875903e+03, 6.70341858e+02,
    1.28826697e+03, 6.72205505e+02, 1.41838672e+03, 6.43085083e+02,
    1.39570386e+03, 6.45441772e+02, 1.37353894e+03, 6.47706482e+02,
    1.35174792e+03, 6.49965637e+02, 1.33036658e+03, 6.52112488e+02,
    1.30933240e+03, 6.54438354e+02, 1.28865735e+03, 6.56335266e+02,
    1.41748804e+03, 6.26902710e+02, 1.39522632e+03, 6.29348389e+02,
    1.37321155e+03, 6.31857788e+02, 1.35159961e+03, 6.34182373e+02,
    1.33045166e+03, 6.36575073e+02, 1.30969873e+03, 6.38835144e+02,
    1.28951367e+03, 6.41143250e+02, 1.41652832e+03, 6.11306763e+02,
    1.39446521e+03, 6.13715942e+02, 1.37268994e+03, 6.16451782e+02,
    1.35151404e+03, 6.18859802e+02, 1.33056628e+03, 6.21388550e+02,
    1.31030713e+03, 6.23671082e+02, 1.29012646e+03, 6.26081116e+02,
    1.41571362e+03, 5.96126404e+02, 1.39384766e+03, 5.98543091e+02,
    1.37242310e+03, 6.01431885e+02, 1.35133179e+03, 6.03704590e+02,
    1.33070593e+03, 6.06593506e+02, 1.31048694e+03, 6.08880676e+02,
    1.29061548e+03, 6.11587036e+02 ]
