%YAML:1.0
---
points: [ 2.52033783e+02, 3.10076233e+02, 2.35096832e+02, 3.16743988e+02,
    2.17367783e+02, 3.23608856e+02, 1.99071182e+02, 3.30830170e+02,
    1.79890335e+02, 3.38337463e+02, 1.60055664e+02, 3.46127808e+02,
    1.39312103e+02, 3.53929138e+02, 2.44526810e+02, 2.93994720e+02,
    2.27850525e+02, 3.00135986e+02, 2.10551666e+02, 3.06568024e+02,
    1.92571838e+02, 3.13257507e+02, 1.73793335e+02, 3.20271515e+02,
    1.54247269e+02, 3.27392914e+02, 1.34092407e+02, 3.34851349e+02,
    2.37448456e+02, 2.78851105e+02, 2.21057022e+02, 2.84571045e+02,
    2.04079956e+02, 2.90519196e+02, 1.86405655e+02, 2.96683594e+02,
    1.68020065e+02, 3.03088928e+02, 1.48835526e+02, 3.09802094e+02,
    1.28968094e+02, 3.16565460e+02, 2.30649200e+02, 2.64375977e+02,
    2.14666763e+02, 2.69673004e+02, 1.97895035e+02, 2.75244263e+02,
    1.80615005e+02, 2.80894440e+02, 1.62506897e+02, 2.86899811e+02,
    1.43748947e+02, 2.93091125e+02, 1.24279160e+02, 2.99512268e+02,
    2.24236908e+02, 2.50671356e+02, 2.08487335e+02, 2.55570618e+02,
    1.92008453e+02, 2.60639801e+02, 1.74974976e+02, 2.65982269e+02,
    1.57279465e+02, 2.71574432e+02, 1.38852036e+02, 2.77316559e+02,
    1.19794144e+02, 2.83168915e+02, 2.18045258e+02, 2.37560455e+02,
    2.02560730e+02, 2.42097900e+02, 1.86411392e+02, 2.46897034e+02,
    1.69681198e+02, 2.51791229e+02, 1.52281677e+02, 2.56955872e+02,
    1.34268402e+02, 2.62237244e+02, 1.15550468e+02, 2.67732727e+02,
    2.12278366e+02, 2.25060623e+02, 1.96921753e+02, 2.29299850e+02,
    1.81028976e+02, 2.33747467e+02, 1.64589340e+02, 2.38360672e+02,
    1.47596130e+02, 2.43106995e+02, 1.29815689e+02, 2.48107483e+02,
    1.11549530e+02, 2.53163727e+02, 2.06614395e+02, 2.13153595e+02,
    1.91594254e+02, 2.17136993e+02, 1.75923447e+02, 2.21216049e+02,
    1.59765244e+02, 2.25464676e+02, 1.43008240e+02, 2.29893646e+02,
    1.25640800e+02, 2.34530350e+02, 1.07741272e+02, 2.39316391e+02,
    2.01208435e+02, 2.01661667e+02, 1.86353973e+02, 2.05368057e+02,
    1.71063736e+02, 2.09271484e+02, 1.55115311e+02, 2.13226257e+02,
    1.38701889e+02, 2.17277985e+02, 1.21608971e+02, 2.21629791e+02,
    1.04158165e+02, 2.26052872e+02 ]
