%YAML:1.0
---
points: [ 2.56134705e+02, 3.10191071e+02, 2.48312943e+02, 3.13725342e+02,
    2.40259216e+02, 3.17239624e+02, 2.32015701e+02, 3.20917023e+02,
    2.23500412e+02, 3.24661316e+02, 2.14841599e+02, 3.28575226e+02,
    2.06015106e+02, 3.32418488e+02, 2.53413528e+02, 3.01428192e+02,
    2.45587967e+02, 3.04725861e+02, 2.37475311e+02, 3.08249359e+02,
    2.29217819e+02, 3.11795898e+02, 2.20712479e+02, 3.15445343e+02,
    2.12057861e+02, 3.19167450e+02, 2.03188263e+02, 3.22999969e+02,
    2.50798126e+02, 2.92611053e+02, 2.42886642e+02, 2.95929016e+02,
    2.34796692e+02, 2.99269104e+02, 2.26403717e+02, 3.02729462e+02,
    2.17969269e+02, 3.06285187e+02, 2.09236343e+02, 3.09901367e+02,
    2.00288177e+02, 3.13572906e+02, 2.48157364e+02, 2.83899292e+02,
    2.40197021e+02, 2.87072906e+02, 2.32038986e+02, 2.90314240e+02,
    2.23720428e+02, 2.93661987e+02, 2.15201508e+02, 2.97036499e+02,
    2.06399506e+02, 3.00525940e+02, 1.97459290e+02, 3.04174194e+02,
    2.45467804e+02, 2.75172577e+02, 2.37492889e+02, 2.78216156e+02,
    2.29325531e+02, 2.81351471e+02, 2.20954529e+02, 2.84615814e+02,
    2.12387238e+02, 2.87873169e+02, 2.03614365e+02, 2.91284637e+02,
    1.94642197e+02, 2.94699310e+02, 2.42769501e+02, 2.66446136e+02,
    2.34773682e+02, 2.69373138e+02, 2.26624207e+02, 2.72378021e+02,
    2.18172180e+02, 2.75480194e+02, 2.09627869e+02, 2.78710388e+02,
    2.00789810e+02, 2.81961151e+02, 1.91798462e+02, 2.85386841e+02,
    2.40131332e+02, 2.57729187e+02, 2.32128464e+02, 2.60600403e+02,
    2.23865082e+02, 2.63567200e+02, 2.15468674e+02, 2.66526947e+02,
    2.06847122e+02, 2.69593323e+02, 1.98021912e+02, 2.72724640e+02,
    1.88902222e+02, 2.76019196e+02, 2.37397385e+02, 2.49108475e+02,
    2.29362122e+02, 2.51801880e+02, 2.21166245e+02, 2.54669434e+02,
    2.12752090e+02, 2.57548828e+02, 2.04092224e+02, 2.60461884e+02,
    1.95122757e+02, 2.63527649e+02, 1.86069946e+02, 2.66639038e+02,
    2.34824463e+02, 2.40396973e+02, 2.26702530e+02, 2.43098785e+02,
    2.18422684e+02, 2.45815445e+02, 2.09933456e+02, 2.48595474e+02,
    2.01283966e+02, 2.51418167e+02, 1.92329987e+02, 2.54300949e+02,
    1.83226395e+02, 2.57324005e+02 ]
