%YAML:1.0
---
points: [ 8.94218811e+02, 8.19456482e+02, 8.70179993e+02, 8.29761230e+02,
    8.45631897e+02, 8.40489990e+02, 8.20591492e+02, 8.51404968e+02,
    7.95177795e+02, 8.62442444e+02, 7.68521362e+02, 8.73926941e+02,
    7.41493347e+02, 8.85654663e+02, 8.86182800e+02, 7.93453125e+02,
    8.62320007e+02, 8.03543579e+02, 8.37535095e+02, 8.13751465e+02,
    8.12555664e+02, 8.24411987e+02, 7.86750732e+02, 8.35330872e+02,
    7.60331238e+02, 8.46458130e+02, 7.33256836e+02, 8.57753662e+02,
    8.78417114e+02, 7.67638672e+02, 8.54366211e+02, 7.77373657e+02,
    8.29636719e+02, 7.87438171e+02, 8.04493713e+02, 7.97509033e+02,
    7.78730957e+02, 8.08048340e+02, 7.52198975e+02, 8.18819519e+02,
    7.24884338e+02, 8.29958130e+02, 8.70617554e+02, 7.41841980e+02,
    8.46528870e+02, 7.51330566e+02, 8.21780762e+02, 7.61003601e+02,
    7.96491211e+02, 7.70695312e+02, 7.70583557e+02, 7.80986084e+02,
    7.43926514e+02, 7.91294006e+02, 7.16611572e+02, 8.02164124e+02,
    8.62684265e+02, 7.16037720e+02, 8.38552307e+02, 7.25128418e+02,
    8.13678162e+02, 7.34542480e+02, 7.88480530e+02, 7.44101135e+02,
    7.62415405e+02, 7.53702148e+02, 7.35689697e+02, 7.64040833e+02,
    7.08307312e+02, 7.74207642e+02, 8.54857971e+02, 6.90517700e+02,
    8.30636169e+02, 6.99172607e+02, 8.05695618e+02, 7.08219238e+02,
    7.80491577e+02, 7.17279541e+02, 7.54323120e+02, 7.26796509e+02,
    7.27592712e+02, 7.36483337e+02, 6.99904480e+02, 7.46487610e+02,
    8.47266479e+02, 6.64666260e+02, 8.22760193e+02, 6.73348328e+02,
    7.97717712e+02, 6.82089294e+02, 7.72391357e+02, 6.91052307e+02,
    7.46165649e+02, 6.99900146e+02, 7.19267517e+02, 7.09317322e+02,
    6.91583130e+02, 7.18920349e+02, 8.39353394e+02, 6.39364258e+02,
    8.14770691e+02, 6.47446594e+02, 7.89688782e+02, 6.55675964e+02,
    7.64321350e+02, 6.64314087e+02, 7.37941406e+02, 6.73108643e+02,
    7.11072266e+02, 6.82038330e+02, 6.83411377e+02, 6.91449402e+02,
    8.31518921e+02, 6.13681763e+02, 8.06982971e+02, 6.21633423e+02,
    7.81692871e+02, 6.29656067e+02, 7.56342224e+02, 6.37976318e+02,
    7.29652161e+02, 6.46431396e+02, 7.02834534e+02, 6.55023132e+02,
    6.74930420e+02, 6.63649597e+02 ]
