%YAML:1.0
---
points: [ 7.23912964e+02, 5.78648865e+02, 7.51383545e+02, 5.78020142e+02,
    7.78093567e+02, 5.77448364e+02, 8.03832581e+02, 5.76885254e+02,
    8.28754456e+02, 5.76395203e+02, 8.53269653e+02, 5.75866577e+02,
    8.76680664e+02, 5.75477478e+02, 7.24173157e+02, 6.07907776e+02,
    7.51634338e+02, 6.06914429e+02, 7.78306824e+02, 6.05882080e+02,
    8.04070435e+02, 6.04854980e+02, 8.29108704e+02, 6.03885681e+02,
    8.53383484e+02, 6.03072388e+02, 8.76896667e+02, 6.02250854e+02,
    7.24452271e+02, 6.37318665e+02, 7.51995605e+02, 6.35663879e+02,
    7.78606689e+02, 6.34332458e+02, 8.04327942e+02, 6.33005615e+02,
    8.29364258e+02, 6.31544128e+02, 8.53623901e+02, 6.30263306e+02,
    8.77293884e+02, 6.28955627e+02, 7.24641846e+02, 6.66535889e+02,
    7.52255798e+02, 6.64630432e+02, 7.78870361e+02, 6.62617554e+02,
    8.04563293e+02, 6.60803162e+02, 8.29537537e+02, 6.59239014e+02,
    8.53873901e+02, 6.57399048e+02, 8.77423157e+02, 6.55662964e+02,
    7.24862549e+02, 6.96107971e+02, 7.52395020e+02, 6.93587097e+02,
    7.79080505e+02, 6.91371643e+02, 8.04795898e+02, 6.88996948e+02,
    8.29713196e+02, 6.86824280e+02, 8.53973145e+02, 6.84726624e+02,
    8.77626343e+02, 6.82575806e+02, 7.25001892e+02, 7.25549072e+02,
    7.52552368e+02, 7.22683289e+02, 7.79181396e+02, 7.19768433e+02,
    8.04959717e+02, 7.17339050e+02, 8.29898315e+02, 7.14551453e+02,
    8.54362183e+02, 7.12186707e+02, 8.77931213e+02, 7.09572083e+02,
    7.25106140e+02, 7.55261536e+02, 7.52616760e+02, 7.51705627e+02,
    7.79329651e+02, 7.48635986e+02, 8.05131653e+02, 7.45411316e+02,
    8.30101990e+02, 7.42454041e+02, 8.54460144e+02, 7.39541748e+02,
    8.78119324e+02, 7.36631653e+02, 7.25074341e+02, 7.85099487e+02,
    7.52736389e+02, 7.81155212e+02, 7.79424255e+02, 7.77281677e+02,
    8.05277954e+02, 7.73725769e+02, 8.30176758e+02, 7.70392334e+02,
    8.54564636e+02, 7.66872559e+02, 8.78299927e+02, 7.63738159e+02,
    7.25079590e+02, 8.14559265e+02, 7.52674561e+02, 8.10424683e+02,
    7.79507751e+02, 8.06347473e+02, 8.05362000e+02, 8.02297913e+02,
    8.30467957e+02, 7.98323669e+02, 8.54777100e+02, 7.94585999e+02,
    8.78584595e+02, 7.90933655e+02 ]
