%YAML:1.0
---
points: [ 2.47839401e+02, 3.11524963e+02, 2.30972778e+02, 3.18194611e+02,
    2.13342346e+02, 3.25145386e+02, 1.95022278e+02, 3.32416809e+02,
    1.75964706e+02, 3.39825684e+02, 1.56230209e+02, 3.47634644e+02,
    1.35703033e+02, 3.55453796e+02, 2.40520676e+02, 2.95600433e+02,
    2.23875626e+02, 3.01715240e+02, 2.06631836e+02, 3.08172791e+02,
    1.88718063e+02, 3.14860565e+02, 1.69974213e+02, 3.21830444e+02,
    1.50593582e+02, 3.28938080e+02, 1.30312469e+02, 3.36560791e+02,
    2.33576385e+02, 2.80299896e+02, 2.17203690e+02, 2.86014740e+02,
    2.00264771e+02, 2.92015198e+02, 1.82594742e+02, 2.98320221e+02,
    1.64289246e+02, 3.04794464e+02, 1.45234558e+02, 3.11552704e+02,
    1.25475128e+02, 3.18309784e+02, 2.26878128e+02, 2.65836700e+02,
    2.10883713e+02, 2.71262085e+02, 1.94193207e+02, 2.76860962e+02,
    1.76860641e+02, 2.82622406e+02, 1.58854050e+02, 2.88610077e+02,
    1.40197891e+02, 2.94823639e+02, 1.20801117e+02, 3.01316254e+02,
    2.20627563e+02, 2.52145752e+02, 2.04789902e+02, 2.57180023e+02,
    1.88469711e+02, 2.62259125e+02, 1.71377945e+02, 2.67731232e+02,
    1.53754318e+02, 2.73282288e+02, 1.35428696e+02, 2.79090424e+02,
    1.16402664e+02, 2.85062500e+02, 2.14501038e+02, 2.39110855e+02,
    1.98988220e+02, 2.43674988e+02, 1.82810501e+02, 2.48494553e+02,
    1.66101639e+02, 2.53459686e+02, 1.48812576e+02, 2.58717987e+02,
    1.30854111e+02, 2.64059998e+02, 1.12218147e+02, 2.69550507e+02,
    2.08744049e+02, 2.26588547e+02, 1.93464523e+02, 2.30899109e+02,
    1.77594452e+02, 2.35345383e+02, 1.61195831e+02, 2.40029037e+02,
    1.44171265e+02, 2.44820480e+02, 1.26544327e+02, 2.49883438e+02,
    1.08294235e+02, 2.54989975e+02, 2.03167419e+02, 2.14692581e+02,
    1.88139801e+02, 2.18663071e+02, 1.72520416e+02, 2.22875885e+02,
    1.56465927e+02, 2.27106033e+02, 1.39677155e+02, 2.31644470e+02,
    1.22413223e+02, 2.36313965e+02, 1.04546722e+02, 2.41202927e+02,
    1.97861710e+02, 2.03130859e+02, 1.83005936e+02, 2.06963150e+02,
    1.67697723e+02, 2.10786224e+02, 1.51779633e+02, 2.14870850e+02,
    1.35398773e+02, 2.19017715e+02, 1.18416779e+02, 2.23328674e+02,
    1.00946831e+02, 2.27829224e+02 ]
