%YAML:1.0
---
points: [ 2.50861832e+02, 3.00562225e+02, 2.43173187e+02, 3.01714935e+02,
    2.35190674e+02, 3.03076050e+02, 2.26884491e+02, 3.04286163e+02,
    2.18604446e+02, 3.05678436e+02, 2.09734024e+02, 3.07061066e+02,
    2.00741486e+02, 3.08354279e+02, 2.50784027e+02, 2.91309448e+02,
    2.43084839e+02, 2.92433258e+02, 2.35101379e+02, 2.93509796e+02,
    2.26842941e+02, 2.94646057e+02, 2.18564560e+02, 2.95825684e+02,
    2.09718704e+02, 2.97106140e+02, 2.00721756e+02, 2.98462341e+02,
    2.50764694e+02, 2.82155334e+02, 2.42950058e+02, 2.83079498e+02,
    2.34943848e+02, 2.84108490e+02, 2.26791595e+02, 2.85060364e+02,
    2.18431137e+02, 2.86126831e+02, 2.09689209e+02, 2.87232483e+02,
    2.00694443e+02, 2.88298492e+02, 2.50692169e+02, 2.72935760e+02,
    2.42848663e+02, 2.73777405e+02, 2.34896255e+02, 2.74654694e+02,
    2.26751770e+02, 2.75488678e+02, 2.18347412e+02, 2.76412354e+02,
    2.09626068e+02, 2.77291840e+02, 2.00683151e+02, 2.78352722e+02,
    2.50611282e+02, 2.63828979e+02, 2.42810959e+02, 2.64492401e+02,
    2.34848358e+02, 2.65177490e+02, 2.26674637e+02, 2.65990143e+02,
    2.18235367e+02, 2.66665497e+02, 2.09537704e+02, 2.67484314e+02,
    2.00637955e+02, 2.68291412e+02, 2.50509460e+02, 2.54699707e+02,
    2.42761612e+02, 2.55201462e+02, 2.34772919e+02, 2.55815643e+02,
    2.26641739e+02, 2.56419098e+02, 2.18191956e+02, 2.57034729e+02,
    2.09455292e+02, 2.57606171e+02, 2.00540924e+02, 2.58322754e+02,
    2.50436035e+02, 2.45608139e+02, 2.42649719e+02, 2.46070908e+02,
    2.34704926e+02, 2.46500732e+02, 2.26513397e+02, 2.46937180e+02,
    2.18018814e+02, 2.47356262e+02, 2.09354309e+02, 2.47834244e+02,
    2.00383423e+02, 2.48338318e+02, 2.50205627e+02, 2.36603714e+02,
    2.42605804e+02, 2.36823044e+02, 2.34669495e+02, 2.37149750e+02,
    2.26365768e+02, 2.37429596e+02, 2.17919586e+02, 2.37698761e+02,
    2.09293915e+02, 2.38004761e+02, 2.00269623e+02, 2.38506119e+02,
    2.50145325e+02, 2.27521576e+02, 2.42420746e+02, 2.27701416e+02,
    2.34546494e+02, 2.27765091e+02, 2.26304077e+02, 2.27941803e+02,
    2.17815140e+02, 2.28083115e+02, 2.09151520e+02, 2.28297897e+02,
    2.00195221e+02, 2.28541595e+02 ]
