%YAML:1.0
---
points: [ 1.30576440e+03, 5.58551086e+02, 1.32330115e+03, 5.58807983e+02,
    1.34128381e+03, 5.59206665e+02, 1.35960107e+03, 5.59288574e+02,
    1.37864795e+03, 5.59647034e+02, 1.39797156e+03, 5.59797913e+02,
    1.41778430e+03, 5.60432678e+02, 1.31035876e+03, 5.73432983e+02,
    1.32785669e+03, 5.74060059e+02, 1.34581543e+03, 5.74426086e+02,
    1.36418372e+03, 5.74918213e+02, 1.38292920e+03, 5.75356934e+02,
    1.40229822e+03, 5.75959473e+02, 1.42220215e+03, 5.76334045e+02,
    1.31499048e+03, 5.88320190e+02, 1.33248108e+03, 5.88864197e+02,
    1.35023169e+03, 5.89568054e+02, 1.36866516e+03, 5.90351929e+02,
    1.38735938e+03, 5.91158630e+02, 1.40667615e+03, 5.91623962e+02,
    1.42650281e+03, 5.92511292e+02, 1.31958704e+03, 6.02797058e+02,
    1.33699487e+03, 6.03627625e+02, 1.35485010e+03, 6.04467102e+02,
    1.37317224e+03, 6.05527710e+02, 1.39184863e+03, 6.06384521e+02,
    1.41102502e+03, 6.07477966e+02, 1.43055566e+03, 6.08214722e+02,
    1.32416052e+03, 6.17512329e+02, 1.34150085e+03, 6.18339478e+02,
    1.35922632e+03, 6.19464050e+02, 1.37753162e+03, 6.20407166e+02,
    1.39608386e+03, 6.21566589e+02, 1.41528589e+03, 6.22639526e+02,
    1.43469458e+03, 6.23696289e+02, 1.32878040e+03, 6.31563599e+02,
    1.34594324e+03, 6.33040649e+02, 1.36365454e+03, 6.34051819e+02,
    1.38165796e+03, 6.35303955e+02, 1.40043457e+03, 6.36485291e+02,
    1.41946436e+03, 6.37869019e+02, 1.43909619e+03, 6.39131653e+02,
    1.33292419e+03, 6.45913879e+02, 1.35049536e+03, 6.47056335e+02,
    1.36826221e+03, 6.48525940e+02, 1.38630969e+03, 6.49683289e+02,
    1.40468298e+03, 6.51269836e+02, 1.42370337e+03, 6.52513855e+02,
    1.44314551e+03, 6.54289978e+02, 1.33765295e+03, 6.59645996e+02,
    1.35474695e+03, 6.61516907e+02, 1.37239880e+03, 6.62587280e+02,
    1.39052515e+03, 6.64543091e+02, 1.40881726e+03, 6.65665466e+02,
    1.42777161e+03, 6.67420593e+02, 1.44729602e+03, 6.69016418e+02,
    1.34342725e+03, 6.77661377e+02, 1.35922461e+03, 6.75275696e+02,
    1.37663184e+03, 6.76981628e+02, 1.39460303e+03, 6.78410156e+02,
    1.41303503e+03, 6.80518555e+02, 1.43183069e+03, 6.81756836e+02,
    1.45115393e+03, 6.83662415e+02 ]
