%YAML:1.0
---
points: [ 3.48313690e+02, 2.32351868e+02, 3.57975830e+02, 2.33191971e+02,
    3.67872070e+02, 2.34053711e+02, 3.77779114e+02, 2.34798019e+02,
    3.88069519e+02, 2.35692841e+02, 3.98229431e+02, 2.36602280e+02,
    4.08573761e+02, 2.37344452e+02, 3.47627960e+02, 2.41239410e+02,
    3.57418671e+02, 2.42124344e+02, 3.67420990e+02, 2.42952789e+02,
    3.77480530e+02, 2.43958694e+02, 3.87654602e+02, 2.44894073e+02,
    3.98157990e+02, 2.45703201e+02, 4.08389343e+02, 2.46731964e+02,
    3.47145782e+02, 2.50280884e+02, 3.57006409e+02, 2.51231094e+02,
    3.67067200e+02, 2.52244019e+02, 3.77229736e+02, 2.53161392e+02,
    3.87390289e+02, 2.54038422e+02, 3.97897217e+02, 2.55207687e+02,
    4.08434387e+02, 2.56200287e+02, 3.46410400e+02, 2.59482300e+02,
    3.56422302e+02, 2.60481750e+02, 3.66602173e+02, 2.61514801e+02,
    3.76859406e+02, 2.62615662e+02, 3.87185455e+02, 2.63707275e+02,
    3.97791748e+02, 2.64750702e+02, 4.08286560e+02, 2.65744019e+02,
    3.45888824e+02, 2.68792267e+02, 3.55999878e+02, 2.69985748e+02,
    3.66216644e+02, 2.71172882e+02, 3.76434601e+02, 2.72219849e+02,
    3.87027832e+02, 2.73284851e+02, 3.97522186e+02, 2.74481598e+02,
    4.08290527e+02, 2.75677643e+02, 3.45252411e+02, 2.78433044e+02,
    3.55367554e+02, 2.79586700e+02, 3.65703644e+02, 2.80789459e+02,
    3.76193420e+02, 2.82103882e+02, 3.86664124e+02, 2.83289215e+02,
    3.97336548e+02, 2.84403778e+02, 4.08144562e+02, 2.85645355e+02,
    3.44670593e+02, 2.88194580e+02, 3.54925232e+02, 2.89501617e+02,
    3.65331390e+02, 2.90786407e+02, 3.75787659e+02, 2.91938049e+02,
    3.86354950e+02, 2.93245331e+02, 3.97188293e+02, 2.94577606e+02,
    4.07948456e+02, 2.95870789e+02, 3.44027344e+02, 2.98194672e+02,
    3.54387604e+02, 2.99424652e+02, 3.64834473e+02, 3.00894012e+02,
    3.75450745e+02, 3.02235229e+02, 3.86093201e+02, 3.03538239e+02,
    3.96995728e+02, 3.04800140e+02, 4.07876129e+02, 3.06188507e+02,
    3.43316132e+02, 3.08347961e+02, 3.53774200e+02, 3.09762421e+02,
    3.64346832e+02, 3.11056610e+02, 3.75083893e+02, 3.12536224e+02,
    3.85816132e+02, 3.14022522e+02, 3.96740997e+02, 3.15441956e+02,
    4.07674347e+02, 3.16684113e+02 ]
