%YAML:1.0
---
points: [ 8.41368652e+02, 6.11961365e+02, 8.59594971e+02, 6.14558167e+02,
    8.77910095e+02, 6.17347168e+02, 8.97382996e+02, 6.20217346e+02,
    9.17320984e+02, 6.22920593e+02, 9.37921631e+02, 6.26156433e+02,
    9.59412109e+02, 6.29279907e+02, 8.39476990e+02, 6.38791260e+02,
    8.57476685e+02, 6.41780945e+02, 8.76262573e+02, 6.45218323e+02,
    8.95357239e+02, 6.48539978e+02, 9.15454041e+02, 6.51858765e+02,
    9.36296021e+02, 6.55444031e+02, 9.57784973e+02, 6.59270203e+02,
    8.37468262e+02, 6.65761169e+02, 8.55417542e+02, 6.69322632e+02,
    8.74313232e+02, 6.72960022e+02, 8.93459900e+02, 6.76748474e+02,
    9.13477844e+02, 6.80781311e+02, 9.34290588e+02, 6.84863525e+02,
    9.55621155e+02, 6.89157471e+02, 8.35464417e+02, 6.92582275e+02,
    8.53562927e+02, 6.96666382e+02, 8.72200745e+02, 7.00729248e+02,
    8.91568176e+02, 7.05135437e+02, 9.11671631e+02, 7.09684509e+02,
    9.32333435e+02, 7.14282227e+02, 9.53779297e+02, 7.19258362e+02,
    8.33614624e+02, 7.19448425e+02, 8.51854736e+02, 7.24246216e+02,
    8.70393433e+02, 7.28796143e+02, 8.89820740e+02, 7.33649292e+02,
    9.09517822e+02, 7.38715454e+02, 9.30413208e+02, 7.43724182e+02,
    9.52042297e+02, 7.49416504e+02, 8.31759094e+02, 7.46746094e+02,
    8.49786194e+02, 7.51512451e+02, 8.68560669e+02, 7.56846619e+02,
    8.87771423e+02, 7.62019714e+02, 9.07692017e+02, 7.67756897e+02,
    9.28604736e+02, 7.73542847e+02, 9.50250671e+02, 7.79572021e+02,
    8.30155823e+02, 7.73791687e+02, 8.48147766e+02, 7.79321716e+02,
    8.66638306e+02, 7.84885620e+02, 8.85940125e+02, 7.90699158e+02,
    9.06069153e+02, 7.96793091e+02, 9.26668152e+02, 8.03303772e+02,
    9.48363586e+02, 8.09710938e+02, 8.28403809e+02, 8.00873108e+02,
    8.46451416e+02, 8.07024658e+02, 8.64766052e+02, 8.12958740e+02,
    8.84279907e+02, 8.19318359e+02, 9.03973083e+02, 8.25985596e+02,
    9.24730713e+02, 8.32921143e+02, 9.46268066e+02, 8.40127380e+02,
    8.26605347e+02, 8.28294800e+02, 8.44459778e+02, 8.34610352e+02,
    8.63273254e+02, 8.41263489e+02, 8.82112854e+02, 8.48000183e+02,
    9.02270203e+02, 8.55281860e+02, 9.22684570e+02, 8.62745056e+02,
    9.44405334e+02, 8.70535645e+02 ]
