%YAML:1.0
---
points: [ 2.41807404e+02, 2.40277847e+02, 2.41807434e+02, 2.40277847e+02,
    2.51365082e+02, 2.41630112e+02, 2.58257263e+02, 2.42606888e+02,
    2.65429199e+02, 2.43584564e+02, 2.72827484e+02, 2.44638733e+02,
    2.80540222e+02, 2.45771606e+02, 2.40676682e+02, 2.49347275e+02,
    2.40676712e+02, 2.49347275e+02, 2.50650421e+02, 2.50989166e+02,
    2.57654114e+02, 2.52241837e+02, 2.64776459e+02, 2.53311508e+02,
    2.72246216e+02, 2.54694778e+02, 2.79970398e+02, 2.55789703e+02,
    2.40377014e+02, 2.58704895e+02, 2.40377045e+02, 2.58704895e+02,
    2.49955734e+02, 2.60520752e+02, 2.56999847e+02, 2.61743103e+02,
    2.64188995e+02, 2.63210480e+02, 2.71610657e+02, 2.64632141e+02,
    2.79275482e+02, 2.66106628e+02, 2.40455887e+02, 2.68030518e+02,
    2.40455917e+02, 2.68030518e+02, 2.49479630e+02, 2.69994415e+02,
    2.56392456e+02, 2.71490479e+02, 2.63551361e+02, 2.72933197e+02,
    2.70929260e+02, 2.74625122e+02, 2.78740906e+02, 2.76187256e+02,
    2.39448914e+02, 2.77183777e+02, 2.42148682e+02, 2.77832916e+02,
    2.48687378e+02, 2.79412598e+02, 2.55752457e+02, 2.81102722e+02,
    2.62906311e+02, 2.82836243e+02, 2.70369995e+02, 2.84612274e+02,
    2.78092346e+02, 2.86551544e+02, 2.35187378e+02, 2.85541412e+02,
    2.41439575e+02, 2.87169250e+02, 2.48229889e+02, 2.88970093e+02,
    2.55130081e+02, 2.90799713e+02, 2.62287750e+02, 2.92696716e+02,
    2.69765198e+02, 2.94729553e+02, 2.77406982e+02, 2.96686981e+02,
    2.38366272e+02, 2.95821533e+02, 2.38366302e+02, 2.95821533e+02,
    2.47710251e+02, 2.98497284e+02, 2.54600357e+02, 3.00454010e+02,
    2.61721741e+02, 3.02565002e+02, 2.69158386e+02, 3.04668549e+02,
    2.76846008e+02, 3.07035156e+02, 2.34072174e+02, 3.03951599e+02,
    2.40390900e+02, 3.05898865e+02, 2.46861877e+02, 3.07950623e+02,
    2.53919556e+02, 3.10232544e+02, 2.61090607e+02, 3.12484039e+02,
    2.68557312e+02, 3.14857300e+02, 2.76238098e+02, 3.17162140e+02,
    2.37711243e+02, 3.14530090e+02, 2.37711273e+02, 3.14530090e+02,
    2.46566925e+02, 3.17595581e+02, 2.53367798e+02, 3.19880157e+02,
    2.60547791e+02, 3.22392853e+02, 2.67850525e+02, 3.24849396e+02,
    2.75636353e+02, 3.27685699e+02 ]
