%YAML:1.0
---
points: [ 1.36153992e+03, 5.32156433e+02, 1.37762878e+03, 5.32260254e+02,
    1.39421436e+03, 5.32464844e+02, 1.41106323e+03, 5.32564331e+02,
    1.42832544e+03, 5.32826355e+02, 1.44632764e+03, 5.32920288e+02,
    1.46463354e+03, 5.33336792e+02, 1.36285718e+03, 5.49268066e+02,
    1.37897620e+03, 5.49612061e+02, 1.39537268e+03, 5.50113098e+02,
    1.41232007e+03, 5.50598145e+02, 1.42960400e+03, 5.50891113e+02,
    1.44751746e+03, 5.51445129e+02, 1.46560901e+03, 5.51908264e+02,
    1.36410889e+03, 5.66422119e+02, 1.38013086e+03, 5.66946899e+02,
    1.39648828e+03, 5.67633301e+02, 1.41344751e+03, 5.68378052e+02,
    1.43079749e+03, 5.69327515e+02, 1.44862134e+03, 5.69817505e+02,
    1.46689038e+03, 5.70659485e+02, 1.36532373e+03, 5.83362122e+02,
    1.38132434e+03, 5.84448181e+02, 1.39779211e+03, 5.85356079e+02,
    1.41461401e+03, 5.86391968e+02, 1.43200916e+03, 5.87257690e+02,
    1.44975330e+03, 5.88259094e+02, 1.46838708e+03, 5.89373352e+02,
    1.36666809e+03, 6.00582092e+02, 1.38268311e+03, 6.01585571e+02,
    1.39923682e+03, 6.02740784e+02, 1.41612085e+03, 6.03887756e+02,
    1.43336938e+03, 6.05335632e+02, 1.45120667e+03, 6.06454346e+02,
    1.46955872e+03, 6.07811523e+02, 1.36800879e+03, 6.17599121e+02,
    1.38398364e+03, 6.19018372e+02, 1.40043628e+03, 6.20339844e+02,
    1.41742908e+03, 6.21777832e+02, 1.43458423e+03, 6.23255676e+02,
    1.45258984e+03, 6.24691406e+02, 1.47063501e+03, 6.26348633e+02,
    1.36929529e+03, 6.34533936e+02, 1.38525281e+03, 6.36114380e+02,
    1.40165820e+03, 6.37825439e+02, 1.41851257e+03, 6.39363403e+02,
    1.43592737e+03, 6.41241638e+02, 1.45361060e+03, 6.42795593e+02,
    1.47213403e+03, 6.44744385e+02, 1.37061011e+03, 6.51340149e+02,
    1.38653381e+03, 6.53388367e+02, 1.40295459e+03, 6.55102173e+02,
    1.41979468e+03, 6.57116638e+02, 1.43728625e+03, 6.59074951e+02,
    1.45493494e+03, 6.61103027e+02, 1.47358044e+03, 6.63060669e+02,
    1.37180432e+03, 6.68440125e+02, 1.38777246e+03, 6.70465393e+02,
    1.40441577e+03, 6.72437927e+02, 1.42136902e+03, 6.74548645e+02,
    1.43848621e+03, 6.76732971e+02, 1.45642383e+03, 6.79151672e+02,
    1.47473694e+03, 6.81483032e+02 ]
