%YAML:1.0
---
points: [ 9.06746643e+02, 6.53461426e+02, 9.22982849e+02, 6.63222473e+02,
    9.39686340e+02, 6.73314575e+02, 9.56924927e+02, 6.83624207e+02,
    9.75142395e+02, 6.94674194e+02, 9.93842102e+02, 7.06058594e+02,
    1.01351813e+03, 7.17901672e+02, 8.95954956e+02, 6.78210083e+02,
    9.11805664e+02, 6.88391968e+02, 9.28379944e+02, 6.98903870e+02,
    9.45507385e+02, 7.10026184e+02, 9.63457581e+02, 7.21487976e+02,
    9.82151672e+02, 7.33509216e+02, 1.00158276e+03, 7.45919189e+02,
    8.84778687e+02, 7.02923279e+02, 9.00702637e+02, 7.13675293e+02,
    9.16990051e+02, 7.24663330e+02, 9.34007935e+02, 7.36336243e+02,
    9.51617310e+02, 7.48241394e+02, 9.70125183e+02, 7.60792725e+02,
    9.89292480e+02, 7.73822144e+02, 8.73948486e+02, 7.27650513e+02,
    8.89463684e+02, 7.38881409e+02, 9.05592773e+02, 7.50458618e+02,
    9.22535339e+02, 7.62522522e+02, 9.39836731e+02, 7.74896240e+02,
    9.58156067e+02, 7.88171448e+02, 9.77177246e+02, 8.01836670e+02,
    8.62860474e+02, 7.52645996e+02, 8.78384216e+02, 7.64317932e+02,
    8.94385803e+02, 7.76314575e+02, 9.10989624e+02, 7.88968140e+02,
    9.28290161e+02, 8.02102661e+02, 9.46372559e+02, 8.15716064e+02,
    9.65152100e+02, 8.30068909e+02, 8.52062134e+02, 7.77668152e+02,
    8.67316284e+02, 7.89713806e+02, 8.82964539e+02, 8.02326050e+02,
    8.99452332e+02, 8.15454224e+02, 9.16519531e+02, 8.29279724e+02,
    9.34408264e+02, 8.43452393e+02, 9.52721252e+02, 8.58313782e+02,
    8.41164001e+02, 8.02576172e+02, 8.56119141e+02, 8.15188904e+02,
    8.71749573e+02, 8.28444763e+02, 8.87787537e+02, 8.41898804e+02,
    9.04737671e+02, 8.56213623e+02, 9.22461670e+02, 8.71024170e+02,
    9.40784363e+02, 8.86488953e+02, 8.30296448e+02, 8.27547424e+02,
    8.45225952e+02, 8.40906677e+02, 8.60530518e+02, 8.54328918e+02,
    8.76444397e+02, 8.68686523e+02, 8.93119507e+02, 8.83376282e+02,
    9.10411560e+02, 8.98780029e+02, 9.28446655e+02, 9.15015625e+02,
    8.19465393e+02, 8.52815369e+02, 8.33946533e+02, 8.66363831e+02,
    8.49175842e+02, 8.80626953e+02, 8.64810059e+02, 8.95299316e+02,
    8.81315552e+02, 9.10621338e+02, 8.98342834e+02, 9.26639771e+02,
    9.16193115e+02, 9.43269043e+02 ]
