%YAML:1.0
---
points: [ 2.61204773e+02, 2.54278244e+02, 2.65890411e+02, 2.56867218e+02,
    2.72335907e+02, 2.60592712e+02, 2.78543915e+02, 2.64117584e+02,
    2.85249268e+02, 2.67956299e+02, 2.92002289e+02, 2.71768890e+02,
    2.99194366e+02, 2.75869232e+02, 2.56945221e+02, 2.62396179e+02,
    2.62403656e+02, 2.65641937e+02, 2.68536316e+02, 2.69312134e+02,
    2.74763031e+02, 2.73130035e+02, 2.81236847e+02, 2.76945221e+02,
    2.88097900e+02, 2.81101471e+02, 2.95136414e+02, 2.85300049e+02,
    2.53960098e+02, 2.71280579e+02, 2.58633179e+02, 2.74117065e+02,
    2.64625183e+02, 2.78030426e+02, 2.70909576e+02, 2.81948578e+02,
    2.77273773e+02, 2.86161072e+02, 2.84074554e+02, 2.90364777e+02,
    2.90948242e+02, 2.94868774e+02, 2.49860794e+02, 2.79436462e+02,
    2.55068420e+02, 2.82872070e+02, 2.60778442e+02, 2.86724884e+02,
    2.66989166e+02, 2.90911346e+02, 2.73341248e+02, 2.95112915e+02,
    2.79998505e+02, 2.99648010e+02, 2.87004578e+02, 3.04260773e+02,
    2.51232056e+02, 2.91388306e+02, 2.51232071e+02, 2.91388336e+02,
    2.57013062e+02, 2.95539215e+02, 2.63011139e+02, 2.99788422e+02,
    2.69393860e+02, 3.04369904e+02, 2.75929260e+02, 3.08981384e+02,
    2.82778625e+02, 3.13974091e+02, 2.42128937e+02, 2.96153778e+02,
    2.47271606e+02, 2.99929169e+02, 2.53249756e+02, 3.04318787e+02,
    2.59206848e+02, 3.08843872e+02, 2.65454742e+02, 3.13488922e+02,
    2.71943024e+02, 3.18418976e+02, 2.78660095e+02, 3.23342377e+02,
    2.38432465e+02, 3.04588501e+02, 2.43627182e+02, 3.08552979e+02,
    2.49395737e+02, 3.13121948e+02, 2.55347885e+02, 3.17742676e+02,
    2.61475586e+02, 3.22695251e+02, 2.68018616e+02, 3.27711975e+02,
    2.74563141e+02, 3.33068817e+02, 2.35134918e+02, 3.13338257e+02,
    2.40093292e+02, 3.17393494e+02, 2.45542389e+02, 3.21851196e+02,
    2.51511429e+02, 3.26853271e+02, 2.57582275e+02, 3.31796814e+02,
    2.63851532e+02, 3.37075867e+02, 2.70532684e+02, 3.42465820e+02,
    2.31736679e+02, 3.22104919e+02, 2.36114517e+02, 3.25801483e+02,
    2.41849274e+02, 3.30883606e+02, 2.47534180e+02, 3.35759338e+02,
    2.53600998e+02, 3.41048767e+02, 2.59839386e+02, 3.46390503e+02,
    2.66283417e+02, 3.52118317e+02 ]
