%YAML:1.0
---
points: [ 4.02947845e+02, 2.54346100e+02, 3.91885162e+02, 2.53967804e+02,
    3.81076324e+02, 2.53687042e+02, 3.70344635e+02, 2.53413452e+02,
    3.60041840e+02, 2.53028976e+02, 3.49837280e+02, 2.52705994e+02,
    3.39998535e+02, 2.52465195e+02, 4.02881470e+02, 2.43594864e+02,
    3.91733459e+02, 2.43681274e+02, 3.80916168e+02, 2.43546417e+02,
    3.70227020e+02, 2.43291992e+02, 3.59839447e+02, 2.43054321e+02,
    3.49683319e+02, 2.42952896e+02, 3.39735199e+02, 2.42684540e+02,
    4.02485077e+02, 2.33715393e+02, 3.91495728e+02, 2.33381424e+02,
    3.80653564e+02, 2.33342560e+02, 3.70055450e+02, 2.33416916e+02,
    3.59647705e+02, 2.33246140e+02, 3.49516449e+02, 2.33119263e+02,
    3.39652527e+02, 2.33075745e+02, 4.02337769e+02, 2.23137970e+02,
    3.91317261e+02, 2.23306824e+02, 3.80485748e+02, 2.23291763e+02,
    3.69977448e+02, 2.23500336e+02, 3.59515930e+02, 2.23390137e+02,
    3.49445557e+02, 2.23424271e+02, 3.39563141e+02, 2.23381210e+02,
    4.02345154e+02, 2.12794586e+02, 3.91282166e+02, 2.12893890e+02,
    3.80357941e+02, 2.13134766e+02, 3.69752411e+02, 2.13357300e+02,
    3.59395752e+02, 2.13605286e+02, 3.49343811e+02, 2.13676132e+02,
    3.39488434e+02, 2.13791885e+02, 4.02212708e+02, 2.02638107e+02,
    3.91178986e+02, 2.02772461e+02, 3.80309967e+02, 2.03002823e+02,
    3.69652039e+02, 2.03415237e+02, 3.59353546e+02, 2.03580627e+02,
    3.49383667e+02, 2.03803268e+02, 3.39424225e+02, 2.04174088e+02,
    4.02129608e+02, 1.92230789e+02, 3.90927521e+02, 1.92634567e+02,
    3.80203033e+02, 1.93022675e+02, 3.69491669e+02, 1.93472076e+02,
    3.59354889e+02, 1.93837204e+02, 3.49182770e+02, 1.94218430e+02,
    3.39358978e+02, 1.94680786e+02, 4.01876099e+02, 1.81866852e+02,
    3.90774109e+02, 1.82553986e+02, 3.80141632e+02, 1.82928284e+02,
    3.69415466e+02, 1.83576279e+02, 3.59250244e+02, 1.84038803e+02,
    3.49193054e+02, 1.84567184e+02, 3.39334991e+02, 1.85064316e+02,
    4.01658661e+02, 1.71647324e+02, 3.90663147e+02, 1.72346802e+02,
    3.80033722e+02, 1.73033279e+02, 3.69322449e+02, 1.73696960e+02,
    3.59252808e+02, 1.74414215e+02, 3.49127808e+02, 1.74913055e+02,
    3.39355133e+02, 1.75608627e+02 ]
