%YAML:1.0
---
points: [ 1.49019849e+03, 4.60318939e+02, 1.48014038e+03, 4.75808594e+02,
    1.47051807e+03, 4.90536255e+02, 1.46081812e+03, 5.05402283e+02,
    1.45168713e+03, 5.19585632e+02, 1.44233154e+03, 5.34076111e+02,
    1.43366077e+03, 5.47329956e+02, 1.47537122e+03, 4.49241211e+02,
    1.46573511e+03, 4.64258270e+02, 1.45615442e+03, 4.79406128e+02,
    1.44696802e+03, 4.93784546e+02, 1.43776099e+03, 5.08452026e+02,
    1.42910938e+03, 5.21968506e+02, 1.42044690e+03, 5.36131653e+02,
    1.46086108e+03, 4.37892883e+02, 1.45146399e+03, 4.53385590e+02,
    1.44233691e+03, 4.68126343e+02, 1.43324097e+03, 4.82814819e+02,
    1.42459009e+03, 4.96860992e+02, 1.41577295e+03, 5.11235107e+02,
    1.40756262e+03, 5.24508484e+02, 1.44679651e+03, 4.27445038e+02,
    1.43773291e+03, 4.42440674e+02, 1.42875708e+03, 4.57386475e+02,
    1.42005103e+03, 4.71747833e+02, 1.41138818e+03, 4.86317261e+02,
    1.40312390e+03, 4.99957611e+02, 1.39491187e+03, 5.13673096e+02,
    1.43306458e+03, 4.16627502e+02, 1.42414355e+03, 4.31955566e+02,
    1.41553076e+03, 4.46650085e+02, 1.40682751e+03, 4.61340424e+02,
    1.39868274e+03, 4.75230042e+02, 1.39037756e+03, 4.89473267e+02,
    1.38263013e+03, 5.02599396e+02, 1.41954822e+03, 4.06526947e+02,
    1.41089575e+03, 4.21367126e+02, 1.40251721e+03, 4.36337280e+02,
    1.39430310e+03, 4.50611725e+02, 1.38596228e+03, 4.65116058e+02,
    1.37818384e+03, 4.78682068e+02, 1.37039490e+03, 4.92531921e+02,
    1.40648425e+03, 3.96279022e+02, 1.39809619e+03, 4.11431061e+02,
    1.38981702e+03, 4.25941559e+02, 1.38172998e+03, 4.40548584e+02,
    1.37383118e+03, 4.54479248e+02, 1.36625574e+03, 4.68450409e+02,
    1.35865149e+03, 4.81492737e+02, 1.39367224e+03, 3.86525238e+02,
    1.38548181e+03, 4.01306396e+02, 1.37744727e+03, 4.16132751e+02,
    1.36969556e+03, 4.30392914e+02, 1.36173376e+03, 4.44784485e+02,
    1.35438794e+03, 4.58348785e+02, 1.34694714e+03, 4.71791870e+02,
    1.38137573e+03, 3.76846191e+02, 1.37328760e+03, 3.91817810e+02,
    1.36539026e+03, 4.06387360e+02, 1.35761780e+03, 4.20716125e+02,
    1.35026587e+03, 4.34633759e+02, 1.34257178e+03, 4.48651733e+02,
    1.33556604e+03, 4.61266113e+02 ]
