%YAML:1.0
---
points: [ 8.83400085e+02, 6.22333679e+02, 9.05016785e+02, 6.31501038e+02,
    9.27395447e+02, 6.41253418e+02, 9.50711914e+02, 6.51314087e+02,
    9.75253357e+02, 6.61761475e+02, 1.00062854e+03, 6.72848328e+02,
    1.02746948e+03, 6.84547791e+02, 8.68929993e+02, 6.51325256e+02,
    8.90218323e+02, 6.61181641e+02, 9.12470703e+02, 6.71555115e+02,
    9.35541687e+02, 6.82419128e+02, 9.59934082e+02, 6.93715332e+02,
    9.85319397e+02, 7.05573120e+02, 1.01201862e+03, 7.18068176e+02,
    8.54108032e+02, 6.80517273e+02, 8.75347107e+02, 6.91220947e+02,
    8.97325989e+02, 7.02324951e+02, 9.20370117e+02, 7.13875366e+02,
    9.44470093e+02, 7.25897644e+02, 9.69620361e+02, 7.38614380e+02,
    9.96051208e+02, 7.52005493e+02, 8.39186768e+02, 7.10141113e+02,
    8.60251404e+02, 7.21415649e+02, 8.82072021e+02, 7.33209534e+02,
    9.04826721e+02, 7.45545593e+02, 9.28788330e+02, 7.58474854e+02,
    9.53724060e+02, 7.72063232e+02, 9.80178467e+02, 7.86384155e+02,
    8.24165955e+02, 7.40205933e+02, 8.45031555e+02, 7.52297974e+02,
    8.66604370e+02, 7.64688171e+02, 8.89362488e+02, 7.77953125e+02,
    9.13067627e+02, 7.91568054e+02, 9.37744080e+02, 8.06125000e+02,
    9.63805359e+02, 8.21164429e+02, 8.08742920e+02, 7.70549622e+02,
    8.29489441e+02, 7.83417847e+02, 8.51081360e+02, 7.96721558e+02,
    8.73501648e+02, 8.10621582e+02, 8.96914551e+02, 8.25232605e+02,
    9.21589966e+02, 8.40520874e+02, 9.47379028e+02, 8.56631775e+02,
    7.93520630e+02, 8.01395630e+02, 8.13903076e+02, 8.14860229e+02,
    8.35348755e+02, 8.29034058e+02, 8.57424194e+02, 8.43723633e+02,
    8.80695801e+02, 8.59227234e+02, 9.05098511e+02, 8.75429138e+02,
    9.30713379e+02, 8.92471619e+02, 7.78056641e+02, 8.32644531e+02,
    7.98386414e+02, 8.46826111e+02, 8.19413147e+02, 8.61782104e+02,
    8.41354919e+02, 8.77430115e+02, 8.64357788e+02, 8.93629639e+02,
    8.88517517e+02, 9.10810547e+02, 9.13802307e+02, 9.28703064e+02,
    7.62393066e+02, 8.64337341e+02, 7.82351685e+02, 8.79369568e+02,
    8.03277466e+02, 8.95006775e+02, 8.24907104e+02, 9.11319214e+02,
    8.47725830e+02, 9.28602356e+02, 8.71547607e+02, 9.46595154e+02,
    8.96674500e+02, 9.65601746e+02 ]
