%YAML:1.0
---
points: [ 3.57933075e+02, 8.70120697e+01, 3.67299164e+02, 9.08512039e+01,
    3.76853027e+02, 9.46756363e+01, 3.86323303e+02, 9.85253143e+01,
    3.95953613e+02, 1.02381409e+02, 4.05543579e+02, 1.06336082e+02,
    4.15308350e+02, 1.10222939e+02, 3.53433502e+02, 9.68561935e+01,
    3.62819092e+02, 1.00632797e+02, 3.72218262e+02, 1.04412476e+02,
    3.81692932e+02, 1.08245323e+02, 3.91173431e+02, 1.12138191e+02,
    4.00809265e+02, 1.16058472e+02, 4.10339417e+02, 1.20049011e+02,
    3.49023743e+02, 1.06562157e+02, 3.58291138e+02, 1.10271652e+02,
    3.67715302e+02, 1.14106689e+02, 3.77045746e+02, 1.17945465e+02,
    3.86555298e+02, 1.21756607e+02, 3.95999268e+02, 1.25718269e+02,
    4.05602051e+02, 1.29602905e+02, 3.44744690e+02, 1.16046898e+02,
    3.53892181e+02, 1.19920654e+02, 3.63166412e+02, 1.23660370e+02,
    3.72507263e+02, 1.27449203e+02, 3.81879974e+02, 1.31333374e+02,
    3.91348907e+02, 1.35129150e+02, 4.00758118e+02, 1.39139374e+02,
    3.40352509e+02, 1.25524559e+02, 3.49488251e+02, 1.29353943e+02,
    3.58684174e+02, 1.33067291e+02, 3.67900757e+02, 1.36950851e+02,
    3.77246857e+02, 1.40724823e+02, 3.86641083e+02, 1.44662842e+02,
    3.96049927e+02, 1.48484528e+02, 3.36034821e+02, 1.34858261e+02,
    3.45124664e+02, 1.38619888e+02, 3.54254181e+02, 1.42439636e+02,
    3.63428253e+02, 1.46174271e+02, 3.72697571e+02, 1.50067154e+02,
    3.81919281e+02, 1.53842819e+02, 3.91394104e+02, 1.57795746e+02,
    3.31800232e+02, 1.44033737e+02, 3.40771729e+02, 1.47795181e+02,
    3.49904755e+02, 1.51602707e+02, 3.58971222e+02, 1.55361511e+02,
    3.68132324e+02, 1.59193848e+02, 3.77424347e+02, 1.63085983e+02,
    3.86769470e+02, 1.66893829e+02, 3.27686432e+02, 1.53064468e+02,
    3.36621216e+02, 1.56796967e+02, 3.45545746e+02, 1.60658951e+02,
    3.54613159e+02, 1.64360489e+02, 3.63681000e+02, 1.68222260e+02,
    3.72871582e+02, 1.72075790e+02, 3.82077026e+02, 1.75996704e+02,
    3.23589752e+02, 1.61972733e+02, 3.32543854e+02, 1.65739075e+02,
    3.41288177e+02, 1.69509888e+02, 3.50341675e+02, 1.73278427e+02,
    3.59299408e+02, 1.77174026e+02, 3.68418030e+02, 1.81013504e+02,
    3.77613800e+02, 1.84833878e+02 ]
