%YAML:1.0
---
points: [ 1.43834070e+03, 1.40145035e+02, 1.44529614e+03, 1.57830505e+02,
    1.45233997e+03, 1.75191864e+02, 1.45915918e+03, 1.92363876e+02,
    1.46616101e+03, 2.09118851e+02, 1.47272229e+03, 2.25965714e+02,
    1.47939978e+03, 2.42262146e+02, 1.41804639e+03, 1.48042053e+02,
    1.42542676e+03, 1.65338684e+02, 1.43230505e+03, 1.82474091e+02,
    1.43937866e+03, 1.99176056e+02, 1.44611145e+03, 2.15894440e+02,
    1.45302869e+03, 2.32318649e+02, 1.45960938e+03, 2.48391998e+02,
    1.39861548e+03, 1.55538986e+02, 1.40563440e+03, 1.72700104e+02,
    1.41296985e+03, 1.89458984e+02, 1.41975745e+03, 2.06056793e+02,
    1.42686572e+03, 2.22421555e+02, 1.43356775e+03, 2.38539505e+02,
    1.44052661e+03, 2.54491470e+02, 1.37951001e+03, 1.63155685e+02,
    1.38684546e+03, 1.79703934e+02, 1.39388281e+03, 1.96327744e+02,
    1.40108838e+03, 2.12625565e+02, 1.40782996e+03, 2.28736420e+02,
    1.41481653e+03, 2.44561691e+02, 1.42158667e+03, 2.60346222e+02,
    1.36096460e+03, 1.70226624e+02, 1.36809558e+03, 1.86774780e+02,
    1.37546191e+03, 2.03025803e+02, 1.38242505e+03, 2.19190430e+02,
    1.38942773e+03, 2.34862015e+02, 1.39636047e+03, 2.50658783e+02,
    1.40333459e+03, 2.65919586e+02, 1.34266260e+03, 1.77389587e+02,
    1.35016711e+03, 1.93461792e+02, 1.35721960e+03, 2.09669128e+02,
    1.36439270e+03, 2.25343430e+02, 1.37148608e+03, 2.41119461e+02,
    1.37836926e+03, 2.56350830e+02, 1.38516016e+03, 2.71641510e+02,
    1.32516553e+03, 1.84176865e+02, 1.33239636e+03, 2.00216888e+02,
    1.33972412e+03, 2.15884125e+02, 1.34668250e+03, 2.31571365e+02,
    1.35382727e+03, 2.46794937e+02, 1.36077869e+03, 2.62269684e+02,
    1.36772107e+03, 2.77052826e+02, 1.30778198e+03, 1.90719543e+02,
    1.31521460e+03, 2.06591370e+02, 1.32243970e+03, 2.22168137e+02,
    1.32970386e+03, 2.37502029e+02, 1.33656262e+03, 2.52687698e+02,
    1.34370068e+03, 2.67557709e+02, 1.35058728e+03, 2.82542328e+02,
    1.29110315e+03, 1.97315750e+02, 1.29837964e+03, 2.12931335e+02,
    1.30575903e+03, 2.28337463e+02, 1.31270081e+03, 2.43418289e+02,
    1.31993481e+03, 2.58317871e+02, 1.32689917e+03, 2.73217712e+02,
    1.33393372e+03, 2.87563965e+02 ]
