%YAML:1.0
---
points: [ 2.56288940e+02, 2.43382111e+02, 2.63947296e+02, 2.46438812e+02,
    2.72116211e+02, 2.49834473e+02, 2.80494934e+02, 2.53132248e+02,
    2.89371246e+02, 2.56764557e+02, 2.98601929e+02, 2.60556549e+02,
    3.08366425e+02, 2.64561523e+02, 2.51441086e+02, 2.53016907e+02,
    2.59150635e+02, 2.56481842e+02, 2.67139252e+02, 2.59982147e+02,
    2.75536224e+02, 2.63727386e+02, 2.84377716e+02, 2.67553314e+02,
    2.93539001e+02, 2.71624786e+02, 3.03292389e+02, 2.75823669e+02,
    2.46474777e+02, 2.63057678e+02, 2.54175720e+02, 2.66626862e+02,
    2.62150757e+02, 2.70387604e+02, 2.70491516e+02, 2.74331116e+02,
    2.79243469e+02, 2.78547058e+02, 2.88369537e+02, 2.82801025e+02,
    2.97940948e+02, 2.87438538e+02, 2.41629532e+02, 2.72952972e+02,
    2.49194199e+02, 2.76905182e+02, 2.57140167e+02, 2.80881165e+02,
    2.65386383e+02, 2.85139465e+02, 2.74108002e+02, 2.89465546e+02,
    2.83189636e+02, 2.94131439e+02, 2.92732635e+02, 2.98973602e+02,
    2.36599152e+02, 2.83268707e+02, 2.44189301e+02, 2.87300659e+02,
    2.52118484e+02, 2.91635132e+02, 2.60194214e+02, 2.95999908e+02,
    2.68852020e+02, 3.00759247e+02, 2.77920105e+02, 3.05663025e+02,
    2.87345154e+02, 3.10851440e+02, 2.31640427e+02, 2.93500610e+02,
    2.39037888e+02, 2.97878235e+02, 2.46907806e+02, 3.02363251e+02,
    2.55035172e+02, 3.07131012e+02, 2.63583649e+02, 3.12143677e+02,
    2.72545837e+02, 3.17376495e+02, 2.81958405e+02, 3.22740051e+02,
    2.26525894e+02, 3.03980804e+02, 2.33994980e+02, 3.08571625e+02,
    2.41731171e+02, 3.13385742e+02, 2.49820297e+02, 3.18306427e+02,
    2.58301208e+02, 3.23645966e+02, 2.67156250e+02, 3.29080780e+02,
    2.76474670e+02, 3.34961853e+02, 2.21450867e+02, 3.14488495e+02,
    2.28826462e+02, 3.19369537e+02, 2.36500397e+02, 3.24363190e+02,
    2.44471313e+02, 3.29730469e+02, 2.52893906e+02, 3.35160004e+02,
    2.61700165e+02, 3.41114594e+02, 2.71038666e+02, 3.47090973e+02,
    2.16280487e+02, 3.25322998e+02, 2.23572449e+02, 3.30235352e+02,
    2.31175293e+02, 3.35622925e+02, 2.39159851e+02, 3.41148956e+02,
    2.47406097e+02, 3.47010040e+02, 2.56196716e+02, 3.53087402e+02,
    2.65264252e+02, 3.59436218e+02 ]
