%YAML:1.0
---
points: [ 1.50225232e+03, 1.04076904e+02, 1.49646985e+03, 1.26127777e+02,
    1.49059387e+03, 1.47664230e+02, 1.48475598e+03, 1.69058197e+02,
    1.47928943e+03, 1.89661636e+02, 1.47365710e+03, 2.10194016e+02,
    1.46818750e+03, 2.30126373e+02, 1.48065479e+03, 1.03195534e+02,
    1.47493738e+03, 1.24937523e+02, 1.46934814e+03, 1.46606186e+02,
    1.46381616e+03, 1.67653046e+02, 1.45835132e+03, 1.88585052e+02,
    1.45290930e+03, 2.08940399e+02, 1.44749585e+03, 2.29177826e+02,
    1.45906311e+03, 1.02162033e+02, 1.45353540e+03, 1.24131218e+02,
    1.44815564e+03, 1.45539658e+02, 1.44272192e+03, 1.66710938e+02,
    1.43744189e+03, 1.87550842e+02, 1.43213989e+03, 2.08039490e+02,
    1.42711560e+03, 2.28001480e+02, 1.43758875e+03, 1.01202393e+02,
    1.43239258e+03, 1.23107964e+02, 1.42702356e+03, 1.44619675e+02,
    1.42182751e+03, 1.65710617e+02, 1.41663647e+03, 1.86516281e+02,
    1.41162146e+03, 2.06812103e+02, 1.40659998e+03, 2.26889343e+02,
    1.41622778e+03, 1.00125679e+02, 1.41084851e+03, 1.22198860e+02,
    1.40578442e+03, 1.43596802e+02, 1.40080920e+03, 1.64759125e+02,
    1.39583899e+03, 1.85497284e+02, 1.39101770e+03, 2.05890228e+02,
    1.38621423e+03, 2.25601761e+02, 1.39462891e+03, 9.91105957e+01,
    1.38972485e+03, 1.20898613e+02, 1.38471033e+03, 1.42614212e+02,
    1.37998877e+03, 1.63607040e+02, 1.37522449e+03, 1.84506638e+02,
    1.37054431e+03, 2.04548874e+02, 1.36586877e+03, 2.24690933e+02,
    1.37339319e+03, 9.81602707e+01, 1.36853882e+03, 1.20031113e+02,
    1.36382312e+03, 1.41469757e+02, 1.35918018e+03, 1.62579987e+02,
    1.35458972e+03, 1.83250809e+02, 1.35021240e+03, 2.03574707e+02,
    1.34565234e+03, 2.23517609e+02, 1.35202209e+03, 9.72430725e+01,
    1.34753296e+03, 1.19063644e+02, 1.34288196e+03, 1.40568466e+02,
    1.33847180e+03, 1.61520416e+02, 1.33413684e+03, 1.82308777e+02,
    1.32977905e+03, 2.02554123e+02, 1.32564343e+03, 2.22578903e+02,
    1.33075159e+03, 9.63238373e+01, 1.32639270e+03, 1.18219505e+02,
    1.32213379e+03, 1.39555725e+02, 1.31775989e+03, 1.60650635e+02,
    1.31360083e+03, 1.81318405e+02, 1.30960352e+03, 2.01587326e+02,
    1.30573657e+03, 2.21413239e+02 ]
