%YAML:1.0
---
points: [ 3.77678864e+02, 2.60566864e+02, 3.72283478e+02, 2.68402222e+02,
    3.66867676e+02, 2.76220337e+02, 3.61537354e+02, 2.84075989e+02,
    3.56124268e+02, 2.91899384e+02, 3.50718597e+02, 2.99725769e+02,
    3.45328217e+02, 3.07566132e+02, 3.69943848e+02, 2.55139893e+02,
    3.64539795e+02, 2.62918396e+02, 3.59133484e+02, 2.70814819e+02,
    3.53745911e+02, 2.78610901e+02, 3.48371063e+02, 2.86488647e+02,
    3.42913818e+02, 2.94332092e+02, 3.37588257e+02, 3.02191406e+02,
    3.62231842e+02, 2.49707855e+02, 3.56793976e+02, 2.57505371e+02,
    3.51358459e+02, 2.65373260e+02, 3.45989380e+02, 2.73262207e+02,
    3.40587646e+02, 2.81059143e+02, 3.35191864e+02, 2.88966339e+02,
    3.29735809e+02, 2.96801025e+02, 3.54472351e+02, 2.44229813e+02,
    3.49045685e+02, 2.52127808e+02, 3.43640930e+02, 2.59947235e+02,
    3.38184082e+02, 2.67800751e+02, 3.32799347e+02, 2.75634003e+02,
    3.27398224e+02, 2.83481720e+02, 3.22007355e+02, 2.91401276e+02,
    3.46674103e+02, 2.38837433e+02, 3.41262695e+02, 2.46692871e+02,
    3.35774841e+02, 2.54495117e+02, 3.30375610e+02, 2.62339539e+02,
    3.24994385e+02, 2.70205414e+02, 3.19609680e+02, 2.78094086e+02,
    3.14162537e+02, 2.85900452e+02, 3.38858734e+02, 2.33424347e+02,
    3.33478271e+02, 2.41244293e+02, 3.28009766e+02, 2.49079422e+02,
    3.22602051e+02, 2.56900299e+02, 3.17175201e+02, 2.64741486e+02,
    3.11728912e+02, 2.72582153e+02, 3.06305023e+02, 2.80477234e+02,
    3.31128265e+02, 2.27987564e+02, 3.25692963e+02, 2.35842163e+02,
    3.20253510e+02, 2.43612854e+02, 3.14800140e+02, 2.51478333e+02,
    3.09407898e+02, 2.59300476e+02, 3.03947723e+02, 2.67171021e+02,
    2.98514587e+02, 2.75012939e+02, 3.23323792e+02, 2.22534485e+02,
    3.17888824e+02, 2.30345749e+02, 3.12455536e+02, 2.38204636e+02,
    3.07022797e+02, 2.46053284e+02, 3.01599213e+02, 2.53892914e+02,
    2.96148224e+02, 2.61680725e+02, 2.90650024e+02, 2.69585144e+02,
    3.15571625e+02, 2.17090118e+02, 3.10098785e+02, 2.24932373e+02,
    3.04651489e+02, 2.32802673e+02, 2.99224548e+02, 2.40605621e+02,
    2.93754944e+02, 2.48408249e+02, 2.88322998e+02, 2.56283783e+02,
    2.82872284e+02, 2.64127350e+02 ]
