%YAML:1.0
---
points: [ 6.77928162e+02, 5.14429443e+02, 7.07860352e+02, 5.35512695e+02,
    7.37058289e+02, 5.55948120e+02, 7.65345764e+02, 5.75906067e+02,
    7.93067688e+02, 5.95452026e+02, 8.20212830e+02, 6.14472839e+02,
    8.46419250e+02, 6.32940674e+02, 6.56570923e+02, 5.44589050e+02,
    6.87069031e+02, 5.65398743e+02, 7.16798401e+02, 5.85632751e+02,
    7.45666992e+02, 6.05387756e+02, 7.73832336e+02, 6.24666565e+02,
    8.01325012e+02, 6.43521667e+02, 8.28103760e+02, 6.61813660e+02,
    6.34678223e+02, 5.75228577e+02, 6.65858215e+02, 5.95838318e+02,
    6.96208191e+02, 6.15929321e+02, 7.25595886e+02, 6.35470642e+02,
    7.54347839e+02, 6.54543579e+02, 7.82265381e+02, 6.73186829e+02,
    8.09488403e+02, 6.91404297e+02, 6.12514221e+02, 6.06455200e+02,
    6.44262634e+02, 6.26779724e+02, 6.75157898e+02, 6.46660706e+02,
    7.05165588e+02, 6.66101746e+02, 7.34318359e+02, 6.84860107e+02,
    7.62811462e+02, 7.03335999e+02, 7.90494019e+02, 7.21370178e+02,
    5.89630127e+02, 6.38442383e+02, 6.22030457e+02, 6.58662781e+02,
    6.53472961e+02, 6.78306946e+02, 6.84102722e+02, 6.97458435e+02,
    7.13816711e+02, 7.16021118e+02, 7.42796875e+02, 7.34342712e+02,
    7.71236572e+02, 7.52005615e+02, 5.66263123e+02, 6.71213074e+02,
    5.99319458e+02, 6.91150818e+02, 6.31419250e+02, 7.10548401e+02,
    6.62536194e+02, 7.29408752e+02, 6.92927246e+02, 7.47799072e+02,
    7.22513489e+02, 7.65811157e+02, 7.51341492e+02, 7.83537537e+02,
    5.42465454e+02, 7.04512756e+02, 5.76135681e+02, 7.24249146e+02,
    6.08839355e+02, 7.43331604e+02, 6.40548096e+02, 7.62119751e+02,
    6.71543457e+02, 7.80241943e+02, 7.01656372e+02, 7.98060608e+02,
    7.31096497e+02, 8.15387634e+02, 5.18194641e+02, 7.38529907e+02,
    5.52394226e+02, 7.57971375e+02, 5.85736145e+02, 7.76908875e+02,
    6.18163574e+02, 7.95317749e+02, 6.49679382e+02, 8.13355896e+02,
    6.80537354e+02, 8.30829590e+02, 7.10386597e+02, 8.48076294e+02,
    4.93289551e+02, 7.73254028e+02, 5.28242371e+02, 7.92508606e+02,
    5.62271790e+02, 8.11248108e+02, 5.95256348e+02, 8.29530273e+02,
    6.27481323e+02, 8.47148865e+02, 6.58761719e+02, 8.64502869e+02,
    6.89338440e+02, 8.81442078e+02 ]
