%YAML:1.0
---
points: [ 1.89800583e+02, 2.06768570e+02, 1.99535034e+02, 2.13898773e+02,
    2.09094238e+02, 2.20873138e+02, 2.18345718e+02, 2.27590775e+02,
    2.27446396e+02, 2.34240402e+02, 2.36263824e+02, 2.40663269e+02,
    2.44885696e+02, 2.46930084e+02, 1.82791855e+02, 2.16917313e+02,
    1.92836014e+02, 2.23976288e+02, 2.02534286e+02, 2.30867432e+02,
    2.12000717e+02, 2.37612869e+02, 2.21146500e+02, 2.44130035e+02,
    2.30192627e+02, 2.50454620e+02, 2.38909821e+02, 2.56734802e+02,
    1.75735580e+02, 2.27290161e+02, 1.85895737e+02, 2.34344162e+02,
    1.95839417e+02, 2.41110443e+02, 2.05427643e+02, 2.47760056e+02,
    2.14820358e+02, 2.54180862e+02, 2.23905228e+02, 2.60532806e+02,
    2.32881638e+02, 2.66745514e+02, 1.68533661e+02, 2.37864685e+02,
    1.78895844e+02, 2.44789764e+02, 1.88919556e+02, 2.51563019e+02,
    1.98768326e+02, 2.58088074e+02, 2.08263245e+02, 2.64449585e+02,
    2.17626526e+02, 2.70712494e+02, 2.26697723e+02, 2.76821350e+02,
    1.61117859e+02, 2.48703644e+02, 1.71643768e+02, 2.55553299e+02,
    1.81945251e+02, 2.62153503e+02, 1.91876160e+02, 2.68689880e+02,
    2.01642319e+02, 2.75006805e+02, 2.11111740e+02, 2.81174194e+02,
    2.20359558e+02, 2.87296204e+02, 1.53514954e+02, 2.59725952e+02,
    1.64275909e+02, 2.66461060e+02, 1.74666122e+02, 2.73095551e+02,
    1.84906128e+02, 2.79500244e+02, 1.94809631e+02, 2.85739319e+02,
    2.04472488e+02, 2.91875153e+02, 2.13945206e+02, 2.97813568e+02,
    1.45764740e+02, 2.70937256e+02, 1.56751099e+02, 2.77624786e+02,
    1.67386124e+02, 2.84131378e+02, 1.77757584e+02, 2.90477173e+02,
    1.87877762e+02, 2.96731323e+02, 1.97717087e+02, 3.02744537e+02,
    2.07336685e+02, 3.08656982e+02, 1.37883942e+02, 2.82408478e+02,
    1.49120789e+02, 2.88987091e+02, 1.59874573e+02, 2.95424866e+02,
    1.70508591e+02, 3.01729889e+02, 1.80759018e+02, 3.07789398e+02,
    1.90861023e+02, 3.13774780e+02, 2.00622589e+02, 3.19605774e+02,
    1.29911377e+02, 2.94059906e+02, 1.41199371e+02, 3.00641876e+02,
    1.52328506e+02, 3.07041962e+02, 1.63073349e+02, 3.13196869e+02,
    1.73566589e+02, 3.19221100e+02, 1.83804962e+02, 3.25068939e+02,
    1.93833542e+02, 3.30808899e+02 ]
