%YAML:1.0
---
points: [ 1.45552563e+03, 1.14830704e+02, 1.44861047e+03, 1.34731033e+02,
    1.44155127e+03, 1.54457245e+02, 1.43448364e+03, 1.74518570e+02,
    1.42747388e+03, 1.94055923e+02, 1.42027844e+03, 2.13980362e+02,
    1.41323145e+03, 2.33531219e+02, 1.43567627e+03, 1.16157249e+02,
    1.42881458e+03, 1.35514160e+02, 1.42186035e+03, 1.55376526e+02,
    1.41496936e+03, 1.74612381e+02, 1.40811926e+03, 1.94378143e+02,
    1.40123059e+03, 2.13632202e+02, 1.39422363e+03, 2.33407639e+02,
    1.41656140e+03, 1.17295555e+02, 1.40966931e+03, 1.36509171e+02,
    1.40282117e+03, 1.55672852e+02, 1.39613037e+03, 1.75183868e+02,
    1.38937317e+03, 1.94342422e+02, 1.38245447e+03, 2.13612061e+02,
    1.37559021e+03, 2.32806793e+02, 1.39787244e+03, 1.18432968e+02,
    1.39115820e+03, 1.37390854e+02, 1.38445032e+03, 1.56421951e+02,
    1.37777148e+03, 1.75446350e+02, 1.37114368e+03, 1.94578400e+02,
    1.36435730e+03, 2.13394760e+02, 1.35758557e+03, 2.32544861e+02,
    1.37972375e+03, 1.19273193e+02, 1.37297009e+03, 1.38451889e+02,
    1.36644275e+03, 1.56992432e+02, 1.35984998e+03, 1.75896378e+02,
    1.35336353e+03, 1.94520844e+02, 1.34664673e+03, 2.13434204e+02,
    1.34005737e+03, 2.32074997e+02, 1.36196350e+03, 1.20403908e+02,
    1.35545703e+03, 1.39169510e+02, 1.34900928e+03, 1.57687027e+02,
    1.34255884e+03, 1.76245651e+02, 1.33589978e+03, 1.94792770e+02,
    1.32949829e+03, 2.13261917e+02, 1.32304810e+03, 2.31853271e+02,
    1.34468689e+03, 1.21541405e+02, 1.33847546e+03, 1.39957520e+02,
    1.33195422e+03, 1.58293365e+02, 1.32563757e+03, 1.76571243e+02,
    1.31911340e+03, 1.94920822e+02, 1.31282703e+03, 2.13323196e+02,
    1.30646240e+03, 2.31490021e+02, 1.32813464e+03, 1.22766609e+02,
    1.32173486e+03, 1.40749344e+02, 1.31538904e+03, 1.59130188e+02,
    1.30917249e+03, 1.76905045e+02, 1.30295496e+03, 1.95182159e+02,
    1.29645251e+03, 2.13143967e+02, 1.29032996e+03, 2.31278839e+02,
    1.31129858e+03, 1.23771347e+02, 1.30573511e+03, 1.41649826e+02,
    1.29917126e+03, 1.59586243e+02, 1.29330530e+03, 1.77478256e+02,
    1.28636816e+03, 1.95292618e+02, 1.28078369e+03, 2.13213989e+02,
    1.27460010e+03, 2.30746674e+02 ]
