%YAML:1.0
---
points: [ 3.77924133e+02, 2.65393158e+02, 3.74708405e+02, 2.72700134e+02,
    3.71165710e+02, 2.80132538e+02, 3.67590210e+02, 2.87945496e+02,
    3.63885986e+02, 2.95829315e+02, 3.60105682e+02, 3.04058990e+02,
    3.56148132e+02, 3.12401764e+02, 3.69960846e+02, 2.59733124e+02,
    3.66515625e+02, 2.66913483e+02, 3.62903168e+02, 2.74416107e+02,
    3.59214813e+02, 2.82054565e+02, 3.55468353e+02, 2.89888733e+02,
    3.51509766e+02, 2.97910889e+02, 3.47599304e+02, 3.06272736e+02,
    3.61919373e+02, 2.54257797e+02, 3.58448944e+02, 2.61384888e+02,
    3.54704468e+02, 2.68607025e+02, 3.50964905e+02, 2.76211517e+02,
    3.47005310e+02, 2.83945312e+02, 3.43057068e+02, 2.91890533e+02,
    3.38884857e+02, 3.00088531e+02, 3.54054291e+02, 2.48704437e+02,
    3.50326508e+02, 2.55588211e+02, 3.46502350e+02, 2.62968567e+02,
    3.42620758e+02, 2.70323975e+02, 3.38685669e+02, 2.78042511e+02,
    3.34577606e+02, 2.85862091e+02, 3.30318207e+02, 2.93990753e+02,
    3.45916229e+02, 2.43261093e+02, 3.42270355e+02, 2.50056473e+02,
    3.38310760e+02, 2.57144531e+02, 3.34371124e+02, 2.64575653e+02,
    3.30244781e+02, 2.72099152e+02, 3.26078064e+02, 2.79812042e+02,
    3.21669830e+02, 2.87829132e+02, 3.38164246e+02, 2.37653580e+02,
    3.34200012e+02, 2.44451080e+02, 3.30233093e+02, 2.51430252e+02,
    3.26121155e+02, 2.58748962e+02, 3.21899384e+02, 2.66206696e+02,
    3.17608978e+02, 2.73861115e+02, 3.13137909e+02, 2.81757019e+02,
    3.30242950e+02, 2.32273773e+02, 3.26323303e+02, 2.38919434e+02,
    3.22206787e+02, 2.45835754e+02, 3.17969910e+02, 2.53076523e+02,
    3.13658691e+02, 2.60396210e+02, 3.09194611e+02, 2.67990967e+02,
    3.04652130e+02, 2.75744751e+02, 3.22442932e+02, 2.26738022e+02,
    3.18364899e+02, 2.33332321e+02, 3.14177948e+02, 2.40260864e+02,
    3.09845856e+02, 2.47343857e+02, 3.05422455e+02, 2.54626633e+02,
    3.00864990e+02, 2.62061096e+02, 2.96248199e+02, 2.69775909e+02,
    3.14624756e+02, 2.21365692e+02, 3.10479218e+02, 2.27959122e+02,
    3.06180573e+02, 2.34695755e+02, 3.01777374e+02, 2.41746735e+02,
    2.97254150e+02, 2.48804947e+02, 2.92578430e+02, 2.56273560e+02,
    2.87753143e+02, 2.63793579e+02 ]
