%YAML:1.0
---
points: [ 1.73952957e+02, 1.53903595e+02, 1.81649612e+02, 1.66173569e+02,
    1.89162491e+02, 1.78114136e+02, 1.96357285e+02, 1.89608261e+02,
    2.03474487e+02, 2.00907181e+02, 2.10275452e+02, 2.11732849e+02,
    2.16901306e+02, 2.22350372e+02, 1.63673248e+02, 1.61186218e+02,
    1.71740524e+02, 1.73644577e+02, 1.79462494e+02, 1.85666794e+02,
    1.87110077e+02, 1.97395294e+02, 1.94368149e+02, 2.08708710e+02,
    2.01474182e+02, 2.19702240e+02, 2.08257065e+02, 2.30426819e+02,
    1.52942368e+02, 1.68794922e+02, 1.61325653e+02, 1.81331955e+02,
    1.69494980e+02, 1.93579193e+02, 1.77274231e+02, 2.05378647e+02,
    1.84938278e+02, 2.16898682e+02, 1.92286896e+02, 2.28042343e+02,
    1.99454102e+02, 2.38894302e+02, 1.41674454e+02, 1.76640442e+02,
    1.50465683e+02, 1.89429535e+02, 1.58888275e+02, 2.01749130e+02,
    1.67141998e+02, 2.13769608e+02, 1.75021835e+02, 2.25400513e+02,
    1.82794128e+02, 2.36697342e+02, 1.90152573e+02, 2.47610352e+02,
    1.29841797e+02, 1.85059509e+02, 1.38910019e+02, 1.97974182e+02,
    1.47852890e+02, 2.10583817e+02, 1.56359909e+02, 2.22642303e+02,
    1.64678360e+02, 2.34377441e+02, 1.72663483e+02, 2.45749298e+02,
    1.80416687e+02, 2.56861725e+02, 1.17322647e+02, 1.93800232e+02,
    1.26926208e+02, 2.06973236e+02, 1.36163757e+02, 2.19659424e+02,
    1.45099548e+02, 2.31968048e+02, 1.53704300e+02, 2.43782043e+02,
    1.62135040e+02, 2.55346985e+02, 1.70241058e+02, 2.66461823e+02,
    1.04289665e+02, 2.03102646e+02, 1.14221970e+02, 2.16312393e+02,
    1.23899796e+02, 2.29289734e+02, 1.33260696e+02, 2.41631210e+02,
    1.42314346e+02, 2.53678360e+02, 1.51043961e+02, 2.65318268e+02,
    1.59516617e+02, 2.76620331e+02, 9.05052032e+01, 2.12818359e+02,
    1.00987289e+02, 2.26295197e+02, 1.11026497e+02, 2.39318527e+02,
    1.20856590e+02, 2.51923401e+02, 1.30285156e+02, 2.64036652e+02,
    1.39449127e+02, 2.75796692e+02, 1.48286942e+02, 2.87216675e+02,
    7.60909195e+01, 2.23134659e+02, 8.69317780e+01, 2.36690979e+02,
    9.75471802e+01, 2.49956299e+02, 1.07716728e+02, 2.62609802e+02,
    1.17691353e+02, 2.74939453e+02, 1.27204102e+02, 2.86825378e+02,
    1.36614670e+02, 2.98390533e+02 ]
