%YAML:1.0
---
points: [ 6.19130920e+02, 3.58107483e+02, 6.43331665e+02, 3.94427704e+02,
    6.66757507e+02, 4.29675751e+02, 6.89562317e+02, 4.63686951e+02,
    7.11615051e+02, 4.96896393e+02, 7.33140076e+02, 5.29109619e+02,
    7.53734314e+02, 5.60422058e+02, 5.86571716e+02, 3.79489868e+02,
    6.11856323e+02, 4.16346405e+02, 6.36361389e+02, 4.52035400e+02,
    6.60119812e+02, 4.86526276e+02, 6.82995911e+02, 5.20193420e+02,
    7.05246704e+02, 5.52602356e+02, 7.26663086e+02, 5.84321106e+02,
    5.52445496e+02, 4.01811462e+02, 5.78918701e+02, 4.39199066e+02,
    6.04477417e+02, 4.75435760e+02, 6.29089905e+02, 5.10392426e+02,
    6.53066040e+02, 5.44362488e+02, 6.76190125e+02, 5.77292847e+02,
    6.98648865e+02, 6.09295410e+02, 5.16784912e+02, 4.25289307e+02,
    5.44430176e+02, 4.63184692e+02, 5.70996643e+02, 4.99765594e+02,
    5.96702576e+02, 5.35251648e+02, 6.21678650e+02, 5.69506836e+02,
    6.45851990e+02, 6.02859131e+02, 6.69217407e+02, 6.35251526e+02,
    4.79063599e+02, 4.49960358e+02, 5.07793488e+02, 4.88434113e+02,
    5.35720459e+02, 5.25568359e+02, 5.62636719e+02, 5.61402222e+02,
    5.88693115e+02, 5.96255493e+02, 6.13834839e+02, 6.29853149e+02,
    6.38280945e+02, 6.62578125e+02, 4.39415436e+02, 4.76015320e+02,
    4.69472168e+02, 5.14938354e+02, 4.98578278e+02, 5.52569519e+02,
    5.26642151e+02, 5.88894836e+02, 5.54037598e+02, 6.24093872e+02,
    5.80367676e+02, 6.58211243e+02, 6.05816528e+02, 6.91231689e+02,
    3.97606873e+02, 5.03427551e+02, 4.29125641e+02, 5.42832397e+02,
    4.59648865e+02, 5.81035156e+02, 4.89139832e+02, 6.17703003e+02,
    5.17572021e+02, 6.53385864e+02, 5.45188416e+02, 6.87868591e+02,
    5.71696045e+02, 7.21274841e+02, 3.53692688e+02, 5.32267334e+02,
    3.86757446e+02, 5.72344360e+02, 4.18706390e+02, 6.10843201e+02,
    4.49531677e+02, 6.48140991e+02, 4.79389893e+02, 6.84097473e+02,
    5.08236938e+02, 7.18997375e+02, 5.36136963e+02, 7.52660950e+02,
    3.07529266e+02, 5.62796509e+02, 3.42185242e+02, 6.03357666e+02,
    3.75646942e+02, 6.42507080e+02, 4.07916840e+02, 6.80103577e+02,
    4.39289886e+02, 7.16550720e+02, 4.69470154e+02, 7.51797119e+02,
    4.98624939e+02, 7.85894348e+02 ]
