%YAML:1.0
---
points: [ 6.09508179e+02, 3.53328979e+02, 6.34590881e+02, 3.88906250e+02,
    6.59081238e+02, 4.23446381e+02, 6.82670471e+02, 4.56941589e+02,
    7.05547974e+02, 4.89449432e+02, 7.27888672e+02, 5.21094238e+02,
    7.49397095e+02, 5.51868225e+02, 5.77412964e+02, 3.75207458e+02,
    6.03587036e+02, 4.11270386e+02, 6.28960693e+02, 4.46311890e+02,
    6.53597717e+02, 4.80005310e+02, 6.77327576e+02, 5.12907593e+02,
    7.00355713e+02, 5.44941956e+02, 7.22618958e+02, 5.75855286e+02,
    5.43807861e+02, 3.98017822e+02, 5.71101501e+02, 4.34524536e+02,
    5.97601807e+02, 4.69957764e+02, 6.23099915e+02, 5.04234741e+02,
    6.47847229e+02, 5.37475525e+02, 6.71748230e+02, 5.69753479e+02,
    6.95178772e+02, 6.01154968e+02, 5.08725739e+02, 4.21843658e+02,
    5.37277832e+02, 4.58858124e+02, 5.64711182e+02, 4.94693451e+02,
    5.91340210e+02, 5.29444336e+02, 6.17055481e+02, 5.62975830e+02,
    6.42089111e+02, 5.95626282e+02, 6.66182129e+02, 6.27297302e+02,
    4.71716644e+02, 4.47102936e+02, 5.01313721e+02, 4.84554993e+02,
    5.30100708e+02, 5.20831482e+02, 5.57779968e+02, 5.55849243e+02,
    5.84661804e+02, 5.89885010e+02, 6.10635010e+02, 6.22813232e+02,
    6.35846558e+02, 6.54820862e+02, 4.32740875e+02, 4.73481171e+02,
    4.63730377e+02, 5.11493164e+02, 4.93702271e+02, 5.48273926e+02,
    5.22603027e+02, 5.83702576e+02, 5.50706726e+02, 6.18131470e+02,
    5.77786682e+02, 6.51426270e+02, 6.04140503e+02, 6.83709167e+02,
    3.92031860e+02, 5.01356323e+02, 4.24265350e+02, 5.39766968e+02,
    4.55565765e+02, 5.76960754e+02, 4.85746765e+02, 6.12791504e+02,
    5.15125549e+02, 6.47582703e+02, 5.43426636e+02, 6.81228394e+02,
    5.70735535e+02, 7.13831360e+02, 3.49096802e+02, 5.30562622e+02,
    3.82887329e+02, 5.69571411e+02, 4.15549255e+02, 6.07142029e+02,
    4.47186066e+02, 6.43434937e+02, 4.77641632e+02, 6.78499878e+02,
    5.07328094e+02, 7.12496338e+02, 5.35866882e+02, 7.45438110e+02,
    3.04050293e+02, 5.61496704e+02, 3.39347168e+02, 6.00848877e+02,
    3.73542603e+02, 6.39034546e+02, 4.06474609e+02, 6.75588257e+02,
    4.38557220e+02, 7.11198364e+02, 4.69499359e+02, 7.45471436e+02,
    4.99355591e+02, 7.78659851e+02 ]
