%YAML:1.0
---
points: [ 3.05224487e+02, 2.19530960e+02, 3.14310699e+02, 2.19753159e+02,
    3.23497986e+02, 2.19919403e+02, 3.32501556e+02, 2.20169205e+02,
    3.41492096e+02, 2.20391174e+02, 3.50457794e+02, 2.20648529e+02,
    3.59251892e+02, 2.20751511e+02, 3.06431976e+02, 2.27698288e+02,
    3.15748810e+02, 2.27860504e+02, 3.24924744e+02, 2.28133499e+02,
    3.34176300e+02, 2.28336105e+02, 3.43248901e+02, 2.28558167e+02,
    3.52324768e+02, 2.28730347e+02, 3.61334808e+02, 2.28970825e+02,
    3.07840118e+02, 2.36205002e+02, 3.17259247e+02, 2.36357697e+02,
    3.26616760e+02, 2.36558319e+02, 3.35831238e+02, 2.36762650e+02,
    3.45151276e+02, 2.36909531e+02, 3.54295135e+02, 2.37145996e+02,
    3.63475311e+02, 2.37366776e+02, 3.09235687e+02, 2.44829803e+02,
    3.18744934e+02, 2.45065094e+02, 3.28209503e+02, 2.45244934e+02,
    3.37679138e+02, 2.45421219e+02, 3.47049591e+02, 2.45575363e+02,
    3.56384308e+02, 2.45731232e+02, 3.65509521e+02, 2.45919250e+02,
    3.10653503e+02, 2.53835587e+02, 3.20351074e+02, 2.54060913e+02,
    3.29986755e+02, 2.54181427e+02, 3.39498901e+02, 2.54307648e+02,
    3.48994202e+02, 2.54449432e+02, 3.58405396e+02, 2.54626633e+02,
    3.67760681e+02, 2.54739807e+02, 3.12167023e+02, 2.63218750e+02,
    3.22022675e+02, 2.63348694e+02, 3.31740479e+02, 2.63437653e+02,
    3.41465515e+02, 2.63604919e+02, 3.50992950e+02, 2.63691803e+02,
    3.60670349e+02, 2.63766449e+02, 3.70003479e+02, 2.63792175e+02,
    3.13707550e+02, 2.72771637e+02, 3.23648193e+02, 2.72943512e+02,
    3.33571991e+02, 2.72920258e+02, 3.43355774e+02, 2.72991669e+02,
    3.53152771e+02, 2.73119629e+02, 3.62767273e+02, 2.73205200e+02,
    3.72402863e+02, 2.73258240e+02, 3.15332520e+02, 2.82696014e+02,
    3.25418365e+02, 2.82684631e+02, 3.35470612e+02, 2.82754700e+02,
    3.45431519e+02, 2.82859406e+02, 3.55280365e+02, 2.82792816e+02,
    3.65088409e+02, 2.82782959e+02, 3.74766602e+02, 2.82904633e+02,
    3.16892639e+02, 2.92940277e+02, 3.27150787e+02, 2.93006561e+02,
    3.37463165e+02, 2.92989258e+02, 3.47511108e+02, 2.92847839e+02,
    3.57481171e+02, 2.92777252e+02, 3.67433411e+02, 2.92879395e+02,
    3.77222626e+02, 2.92732361e+02 ]
