%YAML:1.0
---
points: [ 1.70554382e+02, 1.52325668e+02, 1.78488327e+02, 1.64358459e+02,
    1.86346390e+02, 1.76048019e+02, 1.93864578e+02, 1.87350540e+02,
    2.01233032e+02, 1.98385483e+02, 2.08347961e+02, 2.09101059e+02,
    2.15244354e+02, 2.19465195e+02, 1.60286301e+02, 1.59728638e+02,
    1.68709534e+02, 1.71906967e+02, 1.76768738e+02, 1.83760727e+02,
    1.84719650e+02, 1.95218826e+02, 1.92265808e+02, 2.06288330e+02,
    1.99650269e+02, 2.17076126e+02, 2.06735016e+02, 2.27626205e+02,
    1.49797607e+02, 1.67502136e+02, 1.58447403e+02, 1.79802063e+02,
    1.66952469e+02, 1.91781097e+02, 1.75008209e+02, 2.03334579e+02,
    1.82963211e+02, 2.14625961e+02, 1.90551483e+02, 2.25559967e+02,
    1.98034760e+02, 2.36168091e+02, 1.38708282e+02, 1.75546402e+02,
    1.47767105e+02, 1.88085144e+02, 1.56508957e+02, 2.00155273e+02,
    1.65038910e+02, 2.11867905e+02, 1.73223785e+02, 2.23211578e+02,
    1.81291840e+02, 2.34300980e+02, 1.88966125e+02, 2.44930222e+02,
    1.27084435e+02, 1.84131958e+02, 1.36484161e+02, 1.96750168e+02,
    1.45669998e+02, 2.08914246e+02, 1.54486694e+02, 2.20823883e+02,
    1.63099884e+02, 2.32328018e+02, 1.71301529e+02, 2.43441818e+02,
    1.79353592e+02, 2.54305389e+02, 1.14848602e+02, 1.93052582e+02,
    1.24697212e+02, 2.05824356e+02, 1.34187881e+02, 2.18225616e+02,
    1.43413315e+02, 2.30221542e+02, 1.52346786e+02, 2.41833160e+02,
    1.60999268e+02, 2.53058319e+02, 1.69361618e+02, 2.63956635e+02,
    1.02006126e+02, 2.02380112e+02, 1.12206848e+02, 2.15365997e+02,
    1.22184891e+02, 2.27969086e+02, 1.31794998e+02, 2.40010864e+02,
    1.41117554e+02, 2.51766541e+02, 1.50110550e+02, 2.63132965e+02,
    1.58860123e+02, 2.74193115e+02, 8.84651489e+01, 2.12282822e+02,
    9.92820740e+01, 2.25466827e+02, 1.09595871e+02, 2.38122253e+02,
    1.19629784e+02, 2.50334595e+02, 1.29371719e+02, 2.62181976e+02,
    1.38782806e+02, 2.73663361e+02, 1.47880371e+02, 2.84800629e+02,
    7.44664536e+01, 2.22706879e+02, 8.55866547e+01, 2.35967560e+02,
    9.64309540e+01, 2.48790344e+02, 1.06882103e+02, 2.61164337e+02,
    1.17063133e+02, 2.73152527e+02, 1.26883865e+02, 2.84721985e+02,
    1.36451218e+02, 2.95977173e+02 ]
