%YAML:1.0
---
points: [ 1.50953625e+03, 1.74797058e+02, 1.49426611e+03, 1.91194382e+02,
    1.47931055e+03, 2.07297943e+02, 1.46436475e+03, 2.23198196e+02,
    1.44973206e+03, 2.38839798e+02, 1.43516406e+03, 2.54421677e+02,
    1.42083484e+03, 2.69569366e+02, 1.49485425e+03, 1.62654526e+02,
    1.47971619e+03, 1.79029953e+02, 1.46467761e+03, 1.95287567e+02,
    1.45006641e+03, 2.11240921e+02, 1.43526733e+03, 2.27139496e+02,
    1.42085669e+03, 2.42658691e+02, 1.40651050e+03, 2.58184967e+02,
    1.48025830e+03, 1.50330688e+02, 1.46510913e+03, 1.66925980e+02,
    1.45030981e+03, 1.83270828e+02, 1.43538403e+03, 1.99388626e+02,
    1.42091577e+03, 2.15314392e+02, 1.40647595e+03, 2.31101761e+02,
    1.39240735e+03, 2.46490738e+02, 1.46553186e+03, 1.38118179e+02,
    1.45053467e+03, 1.54687424e+02, 1.43556335e+03, 1.71247498e+02,
    1.42108606e+03, 1.87482300e+02, 1.40648901e+03, 2.03465134e+02,
    1.39229907e+03, 2.19298904e+02, 1.37796716e+03, 2.34960571e+02,
    1.45073145e+03, 1.25668327e+02, 1.43564429e+03, 1.42467667e+02,
    1.42098267e+03, 1.59075287e+02, 1.40634973e+03, 1.75434357e+02,
    1.39202893e+03, 1.91535812e+02, 1.37772375e+03, 2.07565170e+02,
    1.36370703e+03, 2.23229599e+02, 1.43569397e+03, 1.13353653e+02,
    1.42100903e+03, 1.30236481e+02, 1.40623535e+03, 1.46946579e+02,
    1.39179248e+03, 1.63402863e+02, 1.37742969e+03, 1.79655746e+02,
    1.36332104e+03, 1.95611191e+02, 1.34931799e+03, 2.11608154e+02,
    1.42091663e+03, 1.00850571e+02, 1.40596790e+03, 1.17966972e+02,
    1.39157019e+03, 1.34748917e+02, 1.37713977e+03, 1.51358719e+02,
    1.36285828e+03, 1.67745438e+02, 1.34881641e+03, 1.83957199e+02,
    1.33501611e+03, 1.99812317e+02, 1.40589978e+03, 8.84870224e+01,
    1.39136194e+03, 1.05598526e+02, 1.37667957e+03, 1.22574371e+02,
    1.36247534e+03, 1.39261551e+02, 1.34824426e+03, 1.55790939e+02,
    1.33438293e+03, 1.72028030e+02, 1.32055078e+03, 1.88191177e+02,
    1.39099609e+03, 7.59415588e+01, 1.37637061e+03, 9.32995377e+01,
    1.36190906e+03, 1.10348434e+02, 1.34763745e+03, 1.27088707e+02,
    1.33372424e+03, 1.43679001e+02, 1.31976086e+03, 1.60194733e+02,
    1.30618127e+03, 1.76315979e+02 ]
