%YAML:1.0
---
points: [ 1.59052173e+03, 3.86574707e+02, 1.57167053e+03, 3.96338043e+02,
    1.55292285e+03, 4.06182617e+02, 1.53465332e+03, 4.15507721e+02,
    1.51645215e+03, 4.25122925e+02, 1.49851160e+03, 4.34196869e+02,
    1.48084204e+03, 4.43439880e+02, 1.58060156e+03, 3.70667084e+02,
    1.56175195e+03, 3.80777954e+02, 1.54334814e+03, 3.90421783e+02,
    1.52485132e+03, 4.00321533e+02, 1.50675916e+03, 4.09591614e+02,
    1.48891333e+03, 4.19176422e+02, 1.47141138e+03, 4.28193542e+02,
    1.57080457e+03, 3.55194061e+02, 1.55201855e+03, 3.64937042e+02,
    1.53346204e+03, 3.75063965e+02, 1.51530591e+03, 3.84566956e+02,
    1.49728528e+03, 3.94461243e+02, 1.47949756e+03, 4.03750732e+02,
    1.46190332e+03, 4.13329926e+02, 1.56098560e+03, 3.39325745e+02,
    1.54226501e+03, 3.49598694e+02, 1.52385181e+03, 3.59467651e+02,
    1.50560193e+03, 3.69484833e+02, 1.48775244e+03, 3.79095551e+02,
    1.46995630e+03, 3.88848938e+02, 1.45254688e+03, 3.98115784e+02,
    1.55102380e+03, 3.23701752e+02, 1.53244897e+03, 3.33699585e+02,
    1.51414832e+03, 3.44123505e+02, 1.49606372e+03, 3.53847290e+02,
    1.47813159e+03, 3.63905945e+02, 1.46055457e+03, 3.73531006e+02,
    1.44321216e+03, 3.83269562e+02, 1.54129456e+03, 3.07796722e+02,
    1.52272449e+03, 3.18362671e+02, 1.50442554e+03, 3.28475189e+02,
    1.48643042e+03, 3.38636414e+02, 1.46862256e+03, 3.48501251e+02,
    1.45101880e+03, 3.58533020e+02, 1.43377747e+03, 3.68061035e+02,
    1.53137488e+03, 2.92262390e+02, 1.51297083e+03, 3.02606873e+02,
    1.49469995e+03, 3.13196075e+02, 1.47689868e+03, 3.23273804e+02,
    1.45909497e+03, 3.33426178e+02, 1.44169824e+03, 3.43264526e+02,
    1.42449841e+03, 3.53246307e+02, 1.52162207e+03, 2.76493011e+02,
    1.50316833e+03, 2.87343750e+02, 1.48514136e+03, 2.97550507e+02,
    1.46726160e+03, 3.08149872e+02, 1.44968396e+03, 3.18131195e+02,
    1.43226501e+03, 3.28342926e+02, 1.41506042e+03, 3.37957947e+02,
    1.51171143e+03, 2.60976776e+02, 1.49358081e+03, 2.71554535e+02,
    1.47543860e+03, 2.82376404e+02, 1.45766016e+03, 2.92578064e+02,
    1.44018579e+03, 3.03171204e+02, 1.42291858e+03, 3.13106720e+02,
    1.40574548e+03, 3.23316345e+02 ]
