%YAML:1.0
---
points: [ 3.71146637e+02, 2.14618591e+02, 3.60216858e+02, 2.14680878e+02,
    3.49469391e+02, 2.14770737e+02, 3.39280884e+02, 2.14809952e+02,
    3.29193390e+02, 2.14955032e+02, 3.19405334e+02, 2.15046295e+02,
    3.09937836e+02, 2.15165741e+02, 3.71085480e+02, 2.03889877e+02,
    3.60114868e+02, 2.04319809e+02, 3.49357849e+02, 2.04544739e+02,
    3.39184692e+02, 2.04738647e+02, 3.29215088e+02, 2.05009689e+02,
    3.19303619e+02, 2.05278030e+02, 3.09886047e+02, 2.05453156e+02,
    3.70958923e+02, 1.93499451e+02, 3.60118408e+02, 1.93804230e+02,
    3.49348846e+02, 1.94330200e+02, 3.39160095e+02, 1.94604172e+02,
    3.29134949e+02, 1.95006332e+02, 3.19263947e+02, 1.95410507e+02,
    3.09777679e+02, 1.95697845e+02, 3.70854492e+02, 1.82822067e+02,
    3.60014282e+02, 1.83430679e+02, 3.49290222e+02, 1.83980774e+02,
    3.39114716e+02, 1.84548218e+02, 3.29032532e+02, 1.85012314e+02,
    3.19227112e+02, 1.85539108e+02, 3.09713837e+02, 1.85906281e+02,
    3.70715302e+02, 1.72431229e+02, 3.59916656e+02, 1.73070267e+02,
    3.49258301e+02, 1.73693481e+02, 3.38967041e+02, 1.74415039e+02,
    3.28984314e+02, 1.74996262e+02, 3.19173218e+02, 1.75583405e+02,
    3.09608948e+02, 1.76271057e+02, 3.70556122e+02, 1.61788895e+02,
    3.59774872e+02, 1.62635208e+02, 3.49204559e+02, 1.63419861e+02,
    3.38922363e+02, 1.64260376e+02, 3.28896790e+02, 1.65038956e+02,
    3.19150055e+02, 1.65710266e+02, 3.09633423e+02, 1.66450256e+02,
    3.70507202e+02, 1.51333893e+02, 3.59699707e+02, 1.52267700e+02,
    3.49165222e+02, 1.53256104e+02, 3.38876770e+02, 1.54146957e+02,
    3.28878448e+02, 1.55045746e+02, 3.19119537e+02, 1.55930481e+02,
    3.09662872e+02, 1.56758072e+02, 3.70421478e+02, 1.40749985e+02,
    3.59622681e+02, 1.41868790e+02, 3.49221497e+02, 1.42910278e+02,
    3.38822571e+02, 1.44044144e+02, 3.28872131e+02, 1.45101105e+02,
    3.19102539e+02, 1.46095322e+02, 3.09623383e+02, 1.46945587e+02,
    3.70338257e+02, 1.30290421e+02, 3.59563934e+02, 1.31503433e+02,
    3.49059418e+02, 1.32761719e+02, 3.38788727e+02, 1.33929428e+02,
    3.28849426e+02, 1.35085815e+02, 3.19040527e+02, 1.36164978e+02,
    3.09637146e+02, 1.37310760e+02 ]
