%YAML:1.0
---
points: [ 2.06593018e+02, 9.99796219e+01, 2.01108307e+02, 1.09175598e+02,
    1.95635483e+02, 1.18510590e+02, 1.90221970e+02, 1.27579048e+02,
    1.84830414e+02, 1.36770782e+02, 1.79575241e+02, 1.45764450e+02,
    1.74234909e+02, 1.54702530e+02, 1.97805023e+02, 9.37695770e+01,
    1.92204254e+02, 1.03292900e+02, 1.86692886e+02, 1.12708481e+02,
    1.81233536e+02, 1.22115868e+02, 1.75836197e+02, 1.31282196e+02,
    1.70433807e+02, 1.40535660e+02, 1.65080429e+02, 1.49597351e+02,
    1.88651062e+02, 8.75389175e+01, 1.83059113e+02, 9.71569214e+01,
    1.77475845e+02, 1.06825310e+02, 1.71962769e+02, 1.16289200e+02,
    1.66464188e+02, 1.25788017e+02, 1.61020660e+02, 1.35047791e+02,
    1.55558456e+02, 1.44397949e+02, 1.79286636e+02, 8.10098190e+01,
    1.73570374e+02, 9.08949051e+01, 1.67952667e+02, 1.00637512e+02,
    1.62312469e+02, 1.10414589e+02, 1.56762451e+02, 1.20016525e+02,
    1.51286957e+02, 1.29538025e+02, 1.45839569e+02, 1.39011475e+02,
    1.69496384e+02, 7.43430786e+01, 1.63744308e+02, 8.43955688e+01,
    1.58037094e+02, 9.43752060e+01, 1.52343399e+02, 1.04220703e+02,
    1.46765869e+02, 1.14072998e+02, 1.41229416e+02, 1.23806732e+02,
    1.35687531e+02, 1.33410278e+02, 1.59436188e+02, 6.73931808e+01,
    1.53566101e+02, 7.77313232e+01, 1.47798447e+02, 8.78502579e+01,
    1.42098663e+02, 9.79553680e+01, 1.36420868e+02, 1.07901237e+02,
    1.30792664e+02, 1.17854469e+02, 1.25196198e+02, 1.27611748e+02,
    1.49077530e+02, 6.03449402e+01, 1.43191437e+02, 7.10011902e+01,
    1.37326706e+02, 8.11812134e+01, 1.31493118e+02, 9.13943863e+01,
    1.25804352e+02, 1.01626572e+02, 1.20117798e+02, 1.11707764e+02,
    1.14481262e+02, 1.21776794e+02, 1.38368439e+02, 5.32326317e+01,
    1.32360138e+02, 6.37347374e+01, 1.26442978e+02, 7.44116592e+01,
    1.20590652e+02, 8.47891541e+01, 1.14903854e+02, 9.51085052e+01,
    1.09120865e+02, 1.05388657e+02, 1.03361610e+02, 1.15650307e+02,
    1.27357498e+02, 4.56839561e+01, 1.21301720e+02, 5.67514839e+01,
    1.15219460e+02, 6.72526016e+01, 1.09412964e+02, 7.79862823e+01,
    1.03631866e+02, 8.84697647e+01, 9.78033218e+01, 9.89634933e+01,
    9.20969391e+01, 1.09358841e+02 ]
