%YAML:1.0
---
points: [ 7.38170776e+02, 1.98621887e+02, 7.22165955e+02, 2.26175079e+02,
    7.06411072e+02, 2.53472107e+02, 6.90580872e+02, 2.80503448e+02,
    6.75098877e+02, 3.07449829e+02, 6.59546997e+02, 3.33977417e+02,
    6.44162415e+02, 3.60351685e+02, 7.10760254e+02, 1.80380524e+02,
    6.94685242e+02, 2.08556946e+02, 6.78682556e+02, 2.36397263e+02,
    6.62846985e+02, 2.64035889e+02, 6.46998352e+02, 2.91228729e+02,
    6.31418518e+02, 3.18376862e+02, 6.15725159e+02, 3.45262085e+02,
    6.82631042e+02, 1.61564301e+02, 6.66210999e+02, 1.90207214e+02,
    6.50192017e+02, 2.18644028e+02, 6.34113281e+02, 2.46689499e+02,
    6.18163452e+02, 2.74635498e+02, 6.02215820e+02, 3.02312958e+02,
    5.86596375e+02, 3.29751282e+02, 6.53436462e+02, 1.42085342e+02,
    6.36951904e+02, 1.71414291e+02, 6.20538208e+02, 2.00342163e+02,
    6.04405212e+02, 2.29118347e+02, 5.88302368e+02, 2.57483124e+02,
    5.72289429e+02, 2.85710205e+02, 5.56400024e+02, 3.13620331e+02,
    6.23091187e+02, 1.21888435e+02, 6.06335571e+02, 1.51693207e+02,
    5.89782349e+02, 1.81332275e+02, 5.73375793e+02, 2.10603867e+02,
    5.57262085e+02, 2.39653183e+02, 5.40987427e+02, 2.68398163e+02,
    5.24969299e+02, 2.96946075e+02, 5.91573181e+02, 1.00951828e+02,
    5.74697632e+02, 1.31502579e+02, 5.57999451e+02, 1.61616547e+02,
    5.41486938e+02, 1.91537888e+02, 5.24928406e+02, 2.21123276e+02,
    5.08680023e+02, 2.50583420e+02, 4.92504669e+02, 2.79636719e+02,
    5.59171875e+02, 7.94612274e+01, 5.41981750e+02, 1.10489807e+02,
    5.25211670e+02, 1.41448303e+02, 5.08391663e+02, 1.71767426e+02,
    4.91798737e+02, 2.02201752e+02, 4.75226349e+02, 2.32176926e+02,
    4.58987213e+02, 2.61882538e+02, 5.25385681e+02, 5.72026520e+01,
    5.08328186e+02, 8.89825897e+01, 4.91161774e+02, 1.20423828e+02,
    4.74237885e+02, 1.51544586e+02, 4.57431458e+02, 1.82463394e+02,
    4.40816284e+02, 2.13117325e+02, 4.24341339e+02, 2.43401733e+02,
    4.90550751e+02, 3.42322693e+01, 4.73121155e+02, 6.65897598e+01,
    4.55949158e+02, 9.86581573e+01, 4.38835663e+02, 1.30491730e+02,
    4.21820129e+02, 1.62181992e+02, 4.05038788e+02, 1.93369827e+02,
    3.88478424e+02, 2.24410233e+02 ]
