%YAML:1.0
---
points: [ 3.62230927e+02, 2.26843140e+02, 3.69388306e+02, 2.27189423e+02,
    3.76647827e+02, 2.27490707e+02, 3.83792267e+02, 2.27739960e+02,
    3.91011658e+02, 2.27773727e+02, 3.98253723e+02, 2.27839340e+02,
    4.05340546e+02, 2.27815933e+02, 3.62358490e+02, 2.33821609e+02,
    3.69496277e+02, 2.33703064e+02, 3.76694336e+02, 2.33866699e+02,
    3.84002594e+02, 2.34302902e+02, 3.91263428e+02, 2.34660278e+02,
    3.98423920e+02, 2.34725342e+02, 4.05626312e+02, 2.34912369e+02,
    3.62542084e+02, 2.40577454e+02, 3.69704224e+02, 2.40710724e+02,
    3.76946991e+02, 2.40934387e+02, 3.84205963e+02, 2.41136978e+02,
    3.91393188e+02, 2.41480637e+02, 3.98641052e+02, 2.41727982e+02,
    4.05989105e+02, 2.41664398e+02, 3.62607666e+02, 2.47504379e+02,
    3.69893158e+02, 2.47682922e+02, 3.77077026e+02, 2.47829193e+02,
    3.84305389e+02, 2.48063583e+02, 3.91568024e+02, 2.48398270e+02,
    3.98972595e+02, 2.48611862e+02, 4.06171204e+02, 2.48834015e+02,
    3.62799622e+02, 2.54319412e+02, 3.70041626e+02, 2.54671265e+02,
    3.77242310e+02, 2.54835251e+02, 3.84360291e+02, 2.54969543e+02,
    3.91805481e+02, 2.55485046e+02, 3.99138916e+02, 2.55718018e+02,
    4.06409851e+02, 2.55794952e+02, 3.62968567e+02, 2.61316711e+02,
    3.70162720e+02, 2.61619415e+02, 3.77351898e+02, 2.61757111e+02,
    3.84598480e+02, 2.62072632e+02, 3.92017120e+02, 2.62459656e+02,
    3.99371124e+02, 2.62683990e+02, 4.06638580e+02, 2.62866180e+02,
    3.63045197e+02, 2.68283539e+02, 3.70232941e+02, 2.68676331e+02,
    3.77456879e+02, 2.68835907e+02, 3.84746338e+02, 2.69136566e+02,
    3.92183899e+02, 2.69557983e+02, 3.99541870e+02, 2.69726471e+02,
    4.06922363e+02, 2.69885925e+02, 3.63169708e+02, 2.75491608e+02,
    3.70405731e+02, 2.75770264e+02, 3.77575073e+02, 2.75994812e+02,
    3.85011719e+02, 2.76323425e+02, 3.92372681e+02, 2.76684326e+02,
    3.99769043e+02, 2.76976257e+02, 4.07210785e+02, 2.77290039e+02,
    3.63265076e+02, 2.82454865e+02, 3.70511993e+02, 2.82744751e+02,
    3.77851044e+02, 2.83169983e+02, 3.85188202e+02, 2.83559631e+02,
    3.92501862e+02, 2.83806549e+02, 3.99969055e+02, 2.84002991e+02,
    4.07347961e+02, 2.84412964e+02 ]
