%YAML:1.0
---
points: [ 1.22010620e+03, 5.73905090e+02, 1.24086731e+03, 5.74389771e+02,
    1.26167761e+03, 5.74834412e+02, 1.28279724e+03, 5.75483032e+02,
    1.30375867e+03, 5.75922119e+02, 1.32527502e+03, 5.76353271e+02,
    1.34671057e+03, 5.76968079e+02, 1.22029675e+03, 5.93669189e+02,
    1.24110657e+03, 5.94447388e+02, 1.26193726e+03, 5.94878113e+02,
    1.28324268e+03, 5.95576538e+02, 1.30443713e+03, 5.96139099e+02,
    1.32569556e+03, 5.96654480e+02, 1.34729578e+03, 5.97358215e+02,
    1.22049609e+03, 6.13662903e+02, 1.24133923e+03, 6.14408875e+02,
    1.26244971e+03, 6.15096497e+02, 1.28354492e+03, 6.15841919e+02,
    1.30486035e+03, 6.16473938e+02, 1.32639172e+03, 6.17051575e+02,
    1.34782788e+03, 6.17728821e+02, 1.22071094e+03, 6.33842041e+02,
    1.24161951e+03, 6.34569763e+02, 1.26276636e+03, 6.35264832e+02,
    1.28389233e+03, 6.36135498e+02, 1.30535669e+03, 6.36783203e+02,
    1.32686218e+03, 6.37597168e+02, 1.34855969e+03, 6.38209900e+02,
    1.22083899e+03, 6.54443481e+02, 1.24181824e+03, 6.54988892e+02,
    1.26312781e+03, 6.55711914e+02, 1.28448279e+03, 6.56597351e+02,
    1.30582056e+03, 6.57418457e+02, 1.32739661e+03, 6.58165039e+02,
    1.34915308e+03, 6.58900879e+02, 1.22104529e+03, 6.74877502e+02,
    1.24225818e+03, 6.75569153e+02, 1.26347241e+03, 6.76513977e+02,
    1.28477734e+03, 6.77361389e+02, 1.30646924e+03, 6.78182617e+02,
    1.32802063e+03, 6.79078430e+02, 1.34983716e+03, 6.80009888e+02,
    1.22134949e+03, 6.95525024e+02, 1.24255164e+03, 6.96411499e+02,
    1.26373193e+03, 6.97370850e+02, 1.28515625e+03, 6.98209351e+02,
    1.30680334e+03, 6.99071655e+02, 1.32859448e+03, 7.00034973e+02,
    1.35047522e+03, 7.00829102e+02, 1.22152234e+03, 7.16360474e+02,
    1.24277588e+03, 7.17400330e+02, 1.26414868e+03, 7.18219849e+02,
    1.28563074e+03, 7.19170898e+02, 1.30732629e+03, 7.20170654e+02,
    1.32911670e+03, 7.21203735e+02, 1.35118689e+03, 7.22163757e+02,
    1.22168909e+03, 7.37393982e+02, 1.24299060e+03, 7.38375000e+02,
    1.26458301e+03, 7.39441589e+02, 1.28617688e+03, 7.40446411e+02,
    1.30779407e+03, 7.41412720e+02, 1.32988525e+03, 7.42416809e+02,
    1.35188818e+03, 7.43602417e+02 ]
