%YAML:1.0
---
points: [ 3.05038361e+02, 8.77542801e+01, 3.14787567e+02, 8.75988846e+01,
    3.24450897e+02, 8.75155106e+01, 3.34078796e+02, 8.75503159e+01,
    3.43744751e+02, 8.74140472e+01, 3.53365814e+02, 8.73677292e+01,
    3.62984985e+02, 8.74954376e+01, 3.04967773e+02, 9.76637039e+01,
    3.14646606e+02, 9.75145264e+01, 3.24256348e+02, 9.75447693e+01,
    3.33958649e+02, 9.74615402e+01, 3.43576782e+02, 9.73344650e+01,
    3.53154449e+02, 9.73741455e+01, 3.62815796e+02, 9.73520279e+01,
    3.04892639e+02, 1.07623222e+02, 3.14573730e+02, 1.07554237e+02,
    3.24136444e+02, 1.07418785e+02, 3.33759857e+02, 1.07367149e+02,
    3.43327393e+02, 1.07347099e+02, 3.52982971e+02, 1.07208725e+02,
    3.62581390e+02, 1.07177063e+02, 3.04906403e+02, 1.17436241e+02,
    3.14385010e+02, 1.17374763e+02, 3.23988892e+02, 1.17330513e+02,
    3.33571564e+02, 1.17255325e+02, 3.43210876e+02, 1.17105850e+02,
    3.52789093e+02, 1.16961586e+02, 3.62298553e+02, 1.16988968e+02,
    3.04756836e+02, 1.27425980e+02, 3.14286407e+02, 1.27295403e+02,
    3.23864227e+02, 1.27165268e+02, 3.33376770e+02, 1.27091179e+02,
    3.42966278e+02, 1.26943016e+02, 3.52530029e+02, 1.26832222e+02,
    3.62105804e+02, 1.26792053e+02, 3.04658783e+02, 1.37083206e+02,
    3.14128693e+02, 1.37024841e+02, 3.23693329e+02, 1.36982010e+02,
    3.33215576e+02, 1.36810684e+02, 3.42747345e+02, 1.36672379e+02,
    3.52301239e+02, 1.36570343e+02, 3.61886627e+02, 1.36537292e+02,
    3.04630127e+02, 1.46729950e+02, 3.14096344e+02, 1.46632065e+02,
    3.23541077e+02, 1.46528427e+02, 3.33070557e+02, 1.46493088e+02,
    3.42501282e+02, 1.46459747e+02, 3.52119843e+02, 1.46357559e+02,
    3.61535461e+02, 1.46195343e+02, 3.04515991e+02, 1.56369553e+02,
    3.13951233e+02, 1.56319153e+02, 3.23356506e+02, 1.56184189e+02,
    3.32854858e+02, 1.56122879e+02, 3.42326477e+02, 1.55982849e+02,
    3.51857452e+02, 1.55820770e+02, 3.61341217e+02, 1.55742874e+02,
    3.04375122e+02, 1.65867538e+02, 3.13853546e+02, 1.65800522e+02,
    3.23242920e+02, 1.65713837e+02, 3.32738281e+02, 1.65663834e+02,
    3.42153442e+02, 1.65590530e+02, 3.51632965e+02, 1.65493546e+02,
    3.61188354e+02, 1.65398209e+02 ]
