%YAML:1.0
---
points: [ 1.63821680e+03, 6.47807556e+02, 1.61569019e+03, 6.47277832e+02,
    1.59341724e+03, 6.46738525e+02, 1.57147449e+03, 6.46280273e+02,
    1.54968872e+03, 6.45715881e+02, 1.52858398e+03, 6.45224670e+02,
    1.50753406e+03, 6.44732666e+02, 1.63749719e+03, 6.28557556e+02,
    1.61487854e+03, 6.28242493e+02, 1.59271667e+03, 6.27894287e+02,
    1.57078491e+03, 6.27468201e+02, 1.54923889e+03, 6.27084229e+02,
    1.52798743e+03, 6.26749329e+02, 1.50717017e+03, 6.26358826e+02,
    1.63669531e+03, 6.09312927e+02, 1.61435986e+03, 6.09249268e+02,
    1.59211072e+03, 6.08948608e+02, 1.57040063e+03, 6.08745239e+02,
    1.54872168e+03, 6.08450867e+02, 1.52758875e+03, 6.08230652e+02,
    1.50670349e+03, 6.08100586e+02, 1.63621606e+03, 5.90301453e+02,
    1.61358545e+03, 5.90215088e+02, 1.59151270e+03, 5.90220337e+02,
    1.56970447e+03, 5.90185242e+02, 1.54841235e+03, 5.90119202e+02,
    1.52700342e+03, 5.90149902e+02, 1.50625842e+03, 5.89948730e+02,
    1.63532300e+03, 5.71167419e+02, 1.61294788e+03, 5.71293884e+02,
    1.59084619e+03, 5.71368164e+02, 1.56930676e+03, 5.71447876e+02,
    1.54777039e+03, 5.71529114e+02, 1.52672131e+03, 5.71611084e+02,
    1.50576917e+03, 5.71852295e+02, 1.63462988e+03, 5.52128418e+02,
    1.61238062e+03, 5.52377563e+02, 1.59036731e+03, 5.52634399e+02,
    1.56867822e+03, 5.52920837e+02, 1.54734033e+03, 5.53290649e+02,
    1.52619678e+03, 5.53659973e+02, 1.50550122e+03, 5.53848999e+02,
    1.63385449e+03, 5.33185974e+02, 1.61169031e+03, 5.33632385e+02,
    1.58968469e+03, 5.34151184e+02, 1.56799219e+03, 5.34448914e+02,
    1.54687341e+03, 5.35000183e+02, 1.52566187e+03, 5.35367859e+02,
    1.50525134e+03, 5.35846497e+02, 1.63334851e+03, 5.14297913e+02,
    1.61097290e+03, 5.15076050e+02, 1.58923218e+03, 5.15551697e+02,
    1.56756262e+03, 5.16203552e+02, 1.54621204e+03, 5.16758606e+02,
    1.52522522e+03, 5.17567200e+02, 1.50462915e+03, 5.18090210e+02,
    1.63250757e+03, 4.95605865e+02, 1.61023596e+03, 4.96458862e+02,
    1.58855945e+03, 4.97230011e+02, 1.56692896e+03, 4.97833008e+02,
    1.54566931e+03, 4.98727753e+02, 1.52476794e+03, 4.99435211e+02,
    1.50429260e+03, 5.00366547e+02 ]
