%YAML:1.0
---
points: [ 4.20154755e+02, 2.09677689e+02, 4.13437927e+02, 2.12307922e+02,
    4.06605377e+02, 2.14959946e+02, 3.99616638e+02, 2.18177795e+02,
    3.92993164e+02, 2.20281494e+02, 3.86341583e+02, 2.23380066e+02,
    3.79609344e+02, 2.25482941e+02, 4.17222443e+02, 2.03108292e+02,
    4.10658752e+02, 2.06206146e+02, 4.03809692e+02, 2.08530197e+02,
    3.96862885e+02, 2.11343201e+02, 3.90302032e+02, 2.14667465e+02,
    3.83584595e+02, 2.17076157e+02, 3.77361389e+02, 2.20025772e+02,
    4.14767303e+02, 1.97319351e+02, 4.07944977e+02, 2.00141434e+02,
    4.01046417e+02, 2.02519150e+02, 3.94452911e+02, 2.05323090e+02,
    3.87527679e+02, 2.08040955e+02, 3.80906281e+02, 2.11001663e+02,
    3.74162933e+02, 2.13172974e+02, 4.11825470e+02, 1.90594742e+02,
    4.05171417e+02, 1.93259842e+02, 3.98302765e+02, 1.96191238e+02,
    3.91612152e+02, 1.99155411e+02, 3.84962708e+02, 2.01735947e+02,
    3.78076355e+02, 2.04427414e+02, 3.72073608e+02, 2.07283173e+02,
    4.09165131e+02, 1.84309372e+02, 4.02559418e+02, 1.86995117e+02,
    3.95522766e+02, 1.89729691e+02, 3.88859528e+02, 1.92660660e+02,
    3.82089386e+02, 1.95534164e+02, 3.75624695e+02, 1.98369308e+02,
    3.68652832e+02, 2.00721207e+02, 4.06393860e+02, 1.77960968e+02,
    3.99693512e+02, 1.80912384e+02, 3.92837311e+02, 1.83123718e+02,
    3.86178314e+02, 1.86005234e+02, 3.79322205e+02, 1.89014435e+02,
    3.72720032e+02, 1.91765671e+02, 3.66585541e+02, 1.94918716e+02,
    4.03675873e+02, 1.71281723e+02, 3.96748810e+02, 1.74062332e+02,
    3.90093536e+02, 1.76983063e+02, 3.83583435e+02, 1.79840073e+02,
    3.76638306e+02, 1.82760712e+02, 3.69920959e+02, 1.85690140e+02,
    3.63323120e+02, 1.88308655e+02, 4.00808960e+02, 1.64920670e+02,
    3.94071747e+02, 1.68116943e+02, 3.87212555e+02, 1.70868439e+02,
    3.80526062e+02, 1.73417221e+02, 3.74032104e+02, 1.76443893e+02,
    3.67163788e+02, 1.79234634e+02, 3.61439850e+02, 1.82695465e+02,
    3.98255920e+02, 1.59112610e+02, 3.91460052e+02, 1.61312347e+02,
    3.84532043e+02, 1.64873581e+02, 3.77954712e+02, 1.67291367e+02,
    3.71211731e+02, 1.70630554e+02, 3.64893066e+02, 1.72971970e+02,
    3.57722229e+02, 1.76112518e+02 ]
