%YAML:1.0
---
points: [ 1.45739575e+03, 6.31265869e+02, 1.47704517e+03, 6.38549744e+02,
    1.49703491e+03, 6.46397461e+02, 1.51721106e+03, 6.53887390e+02,
    1.53774255e+03, 6.62097595e+02, 1.55859412e+03, 6.69951294e+02,
    1.57976160e+03, 6.78356018e+02, 1.44983594e+03, 6.47179932e+02,
    1.46948804e+03, 6.54913574e+02, 1.48936255e+03, 6.62716980e+02,
    1.50957349e+03, 6.70732727e+02, 1.53006250e+03, 6.78602112e+02,
    1.55105847e+03, 6.87204285e+02, 1.57232324e+03, 6.95307068e+02,
    1.44217163e+03, 6.63445312e+02, 1.46172815e+03, 6.71136597e+02,
    1.48168567e+03, 6.79324707e+02, 1.50183984e+03, 6.87319763e+02,
    1.52257190e+03, 6.95691711e+02, 1.54336353e+03, 7.03998779e+02,
    1.56475659e+03, 7.12697998e+02, 1.43450647e+03, 6.79420105e+02,
    1.45421973e+03, 6.87696533e+02, 1.47399683e+03, 6.95629028e+02,
    1.49435034e+03, 7.04247986e+02, 1.51473376e+03, 7.12547852e+02,
    1.53575842e+03, 7.21374695e+02, 1.55692908e+03, 7.29927002e+02,
    1.42671240e+03, 6.96088745e+02, 1.44635010e+03, 7.04294067e+02,
    1.46642285e+03, 7.12660767e+02, 1.48646790e+03, 7.20979736e+02,
    1.50725708e+03, 7.29807495e+02, 1.52788953e+03, 7.38452576e+02,
    1.54943140e+03, 7.47673889e+02, 1.41889514e+03, 7.12413147e+02,
    1.43858276e+03, 7.21035339e+02, 1.45844385e+03, 7.29532104e+02,
    1.47860425e+03, 7.38375183e+02, 1.49931677e+03, 7.47129517e+02,
    1.52029309e+03, 7.56237610e+02, 1.54154260e+03, 7.65329102e+02,
    1.41110034e+03, 7.29302124e+02, 1.43063281e+03, 7.37663757e+02,
    1.45075159e+03, 7.46534302e+02, 1.47083679e+03, 7.55340454e+02,
    1.49155420e+03, 7.64567078e+02, 1.51242078e+03, 7.73596375e+02,
    1.53382654e+03, 7.83242920e+02, 1.40328381e+03, 7.45975342e+02,
    1.42289673e+03, 7.54827515e+02, 1.44269055e+03, 7.63578430e+02,
    1.46300427e+03, 7.72841431e+02, 1.48354126e+03, 7.82119202e+02,
    1.50453455e+03, 7.91525940e+02, 1.52577441e+03, 8.01061707e+02,
    1.39532654e+03, 7.62917114e+02, 1.41480383e+03, 7.71708008e+02,
    1.43479114e+03, 7.81091614e+02, 1.45497107e+03, 7.90152405e+02,
    1.47573022e+03, 7.99777649e+02, 1.49651379e+03, 8.09518433e+02,
    1.51799622e+03, 8.19341980e+02 ]
