%YAML:1.0
---
points: [ 3.68559845e+02, 8.26549530e+01, 3.74014618e+02, 9.02285919e+01,
    3.79490234e+02, 9.79808807e+01, 3.84920685e+02, 1.05667519e+02,
    3.90330292e+02, 1.13310822e+02, 3.95744324e+02, 1.20886185e+02,
    4.01178009e+02, 1.28476517e+02, 3.61403290e+02, 8.79001160e+01,
    3.66894958e+02, 9.56502228e+01, 3.72337585e+02, 1.03347939e+02,
    3.77846039e+02, 1.11054070e+02, 3.83298035e+02, 1.18698387e+02,
    3.88763031e+02, 1.26304062e+02, 3.94093903e+02, 1.33960281e+02,
    3.54231384e+02, 9.33111572e+01, 3.59704193e+02, 1.01095772e+02,
    3.65222626e+02, 1.08812370e+02, 3.70719086e+02, 1.16486382e+02,
    3.76221191e+02, 1.24173546e+02, 3.81612762e+02, 1.31833374e+02,
    3.87125671e+02, 1.39415878e+02, 3.47011139e+02, 9.87649612e+01,
    3.52575104e+02, 1.06481483e+02, 3.58069611e+02, 1.14259018e+02,
    3.63606934e+02, 1.21980507e+02, 3.68971832e+02, 1.29634979e+02,
    3.74529053e+02, 1.37287277e+02, 3.79910065e+02, 1.45011154e+02,
    3.39705963e+02, 1.04236244e+02, 3.45278656e+02, 1.12071129e+02,
    3.50795837e+02, 1.19798676e+02, 3.56276855e+02, 1.27524765e+02,
    3.61815735e+02, 1.35210724e+02, 3.67290863e+02, 1.42882690e+02,
    3.72796051e+02, 1.50503540e+02, 3.32314209e+02, 1.09820068e+02,
    3.37897186e+02, 1.17600273e+02, 3.43460846e+02, 1.25362144e+02,
    3.49013275e+02, 1.33126923e+02, 3.54581055e+02, 1.40782745e+02,
    3.60064667e+02, 1.48485382e+02, 3.65592438e+02, 1.56118958e+02,
    3.24954987e+02, 1.15395615e+02, 3.30548248e+02, 1.23203011e+02,
    3.36120392e+02, 1.30928619e+02, 3.41691650e+02, 1.38686340e+02,
    3.47244598e+02, 1.46390091e+02, 3.52771606e+02, 1.54074570e+02,
    3.58342438e+02, 1.61739014e+02, 3.17472870e+02, 1.21050941e+02,
    3.23155304e+02, 1.28817444e+02, 3.28758698e+02, 1.36625351e+02,
    3.34320038e+02, 1.44333206e+02, 3.39911011e+02, 1.52075012e+02,
    3.45500336e+02, 1.59723923e+02, 3.51018433e+02, 1.67373108e+02,
    3.10040924e+02, 1.26675354e+02, 3.15679016e+02, 1.34497330e+02,
    3.21357330e+02, 1.42237152e+02, 3.26908691e+02, 1.50007141e+02,
    3.32572693e+02, 1.57739883e+02, 3.38116760e+02, 1.65371628e+02,
    3.43760132e+02, 1.72949066e+02 ]
