%YAML:1.0
---
points: [ 1.39055139e+03, 5.24342834e+02, 1.37040405e+03, 5.32217773e+02,
    1.34999255e+03, 5.40455261e+02, 1.33022107e+03, 5.48155762e+02,
    1.31023950e+03, 5.56021790e+02, 1.29058813e+03, 5.63642944e+02,
    1.27090100e+03, 5.71572876e+02, 1.38240369e+03, 5.05207001e+02,
    1.36189563e+03, 5.13483765e+02, 1.34187561e+03, 5.21396790e+02,
    1.32184473e+03, 5.29463989e+02, 1.30227979e+03, 5.37239990e+02,
    1.28245471e+03, 5.45220581e+02, 1.26279089e+03, 5.52766479e+02,
    1.37417700e+03, 4.86298187e+02, 1.35384509e+03, 4.94422180e+02,
    1.33364966e+03, 5.02678497e+02, 1.31389734e+03, 5.10550659e+02,
    1.29391956e+03, 5.18645996e+02, 1.27440320e+03, 5.26479980e+02,
    1.25486304e+03, 5.34484924e+02, 1.36608044e+03, 4.67284607e+02,
    1.34561621e+03, 4.75682007e+02, 1.32566406e+03, 4.83684814e+02,
    1.30563806e+03, 4.91876221e+02, 1.28589844e+03, 4.99800446e+02,
    1.26625500e+03, 5.07894501e+02, 1.24681445e+03, 5.15682190e+02,
    1.35761658e+03, 4.48413635e+02, 1.33749512e+03, 4.56577606e+02,
    1.31740503e+03, 4.64895538e+02, 1.29759387e+03, 4.73051727e+02,
    1.27776428e+03, 4.81277344e+02, 1.25831946e+03, 4.89279968e+02,
    1.23872949e+03, 4.97368561e+02, 1.34960974e+03, 4.29414825e+02,
    1.32930273e+03, 4.37713501e+02, 1.30937854e+03, 4.46080841e+02,
    1.28942993e+03, 4.54291962e+02, 1.26973999e+03, 4.62487183e+02,
    1.25025037e+03, 4.70610016e+02, 1.23073901e+03, 4.78580475e+02,
    1.34134082e+03, 4.10528168e+02, 1.32120056e+03, 4.18795471e+02,
    1.30122168e+03, 4.27393066e+02, 1.28145032e+03, 4.35610687e+02,
    1.26165344e+03, 4.43944946e+02, 1.24214551e+03, 4.52096588e+02,
    1.22275232e+03, 4.60290100e+02, 1.33324731e+03, 3.91502869e+02,
    1.31295569e+03, 4.00366638e+02, 1.29317236e+03, 4.08464691e+02,
    1.27330945e+03, 4.16961456e+02, 1.25366956e+03, 4.25319427e+02,
    1.23415491e+03, 4.33518921e+02, 1.21476306e+03, 4.41620178e+02,
    1.32490332e+03, 3.72863312e+02, 1.30505493e+03, 3.81319763e+02,
    1.28482556e+03, 3.89842499e+02, 1.26540076e+03, 3.98285400e+02,
    1.24555872e+03, 4.06600159e+02, 1.22619885e+03, 4.14862457e+02,
    1.20678357e+03, 4.23201477e+02 ]
