%YAML:1.0
---
points: [ 1.31698645e+03, 7.41846069e+02, 1.33993005e+03, 7.44339050e+02,
    1.36297339e+03, 7.46678833e+02, 1.38585925e+03, 7.49201599e+02,
    1.40872363e+03, 7.51497070e+02, 1.43178186e+03, 7.54139526e+02,
    1.45451453e+03, 7.56375488e+02, 1.32047363e+03, 7.63005493e+02,
    1.34364893e+03, 7.65520752e+02, 1.36687415e+03, 7.67675476e+02,
    1.39029333e+03, 7.70362488e+02, 1.41336731e+03, 7.72588257e+02,
    1.43670874e+03, 7.75301392e+02, 1.45984583e+03, 7.77486694e+02,
    1.32371741e+03, 7.84560425e+02, 1.34748108e+03, 7.87095398e+02,
    1.37084009e+03, 7.89538147e+02, 1.39453516e+03, 7.91916382e+02,
    1.41792798e+03, 7.94445618e+02, 1.44161609e+03, 7.96866333e+02,
    1.46503345e+03, 7.99354736e+02, 1.32750745e+03, 8.06757324e+02,
    1.35119519e+03, 8.09265686e+02, 1.37523376e+03, 8.11799377e+02,
    1.39896973e+03, 8.14246033e+02, 1.42285938e+03, 8.16768127e+02,
    1.44668335e+03, 8.19245361e+02, 1.47056104e+03, 8.21686279e+02,
    1.33119604e+03, 8.29594421e+02, 1.35523694e+03, 8.32264038e+02,
    1.37953137e+03, 8.34687012e+02, 1.40358594e+03, 8.37295776e+02,
    1.42776489e+03, 8.39723145e+02, 1.45183936e+03, 8.42311890e+02,
    1.47593542e+03, 8.44723267e+02, 1.33466016e+03, 8.53276611e+02,
    1.35924744e+03, 8.55679871e+02, 1.38377136e+03, 8.58404602e+02,
    1.40817615e+03, 8.60917542e+02, 1.43273303e+03, 8.63497864e+02,
    1.45727588e+03, 8.66041382e+02, 1.48159583e+03, 8.68543274e+02,
    1.33849878e+03, 8.77217407e+02, 1.36347864e+03, 8.80053284e+02,
    1.38827979e+03, 8.82479553e+02, 1.41298621e+03, 8.85174377e+02,
    1.43782654e+03, 8.87615112e+02, 1.46256226e+03, 8.90374023e+02,
    1.48708411e+03, 8.92771423e+02, 1.34249963e+03, 9.02302002e+02,
    1.36767529e+03, 9.04813599e+02, 1.39273633e+03, 9.07510254e+02,
    1.41782275e+03, 9.10061157e+02, 1.44312598e+03, 9.12740417e+02,
    1.46817053e+03, 9.15338684e+02, 1.49303027e+03, 9.17790161e+02,
    1.34656812e+03, 9.27886597e+02, 1.37200085e+03, 9.30446533e+02,
    1.39745813e+03, 9.33312439e+02, 1.42287988e+03, 9.35694153e+02,
    1.44848486e+03, 9.38541931e+02, 1.47364539e+03, 9.41012451e+02,
    1.49907153e+03, 9.43731384e+02 ]
