%YAML:1.0
---
points: [ 4.57134766e+02, 9.67239227e+01, 4.60325867e+02, 1.05874718e+02,
    4.63693268e+02, 1.15451347e+02, 4.66799622e+02, 1.24719452e+02,
    4.70095551e+02, 1.34293564e+02, 4.73052917e+02, 1.43601196e+02,
    4.76426819e+02, 1.53222610e+02, 4.47195587e+02, 1.00164207e+02,
    4.50421082e+02, 1.09565910e+02, 4.53508942e+02, 1.18852333e+02,
    4.56793762e+02, 1.28350494e+02, 4.59844086e+02, 1.37611053e+02,
    4.63094269e+02, 1.47145065e+02, 4.66183594e+02, 1.56355927e+02,
    4.37090454e+02, 1.03924461e+02, 4.40274689e+02, 1.13127663e+02,
    4.43561127e+02, 1.22487236e+02, 4.46615967e+02, 1.31749863e+02,
    4.49805939e+02, 1.41157776e+02, 4.52875824e+02, 1.50295883e+02,
    4.56035461e+02, 1.59902283e+02, 4.27191498e+02, 1.07454811e+02,
    4.30370941e+02, 1.16763680e+02, 4.33501465e+02, 1.26018547e+02,
    4.36668854e+02, 1.35268173e+02, 4.39640656e+02, 1.44430588e+02,
    4.42819122e+02, 1.53859375e+02, 4.45921997e+02, 1.63091736e+02,
    4.17321991e+02, 1.11228607e+02, 4.20309570e+02, 1.20283546e+02,
    4.23484589e+02, 1.29617050e+02, 4.26566895e+02, 1.38730087e+02,
    4.29714478e+02, 1.48010635e+02, 4.32745544e+02, 1.57169632e+02,
    4.35854736e+02, 1.66383667e+02, 4.07380981e+02, 1.14774330e+02,
    4.10485931e+02, 1.23993797e+02, 4.13591034e+02, 1.33115479e+02,
    4.16657318e+02, 1.42225174e+02, 4.19613159e+02, 1.51313690e+02,
    4.22748505e+02, 1.60524811e+02, 4.25726532e+02, 1.69659592e+02,
    3.97680359e+02, 1.18469925e+02, 4.00695099e+02, 1.27517357e+02,
    4.03783966e+02, 1.36618607e+02, 4.06726654e+02, 1.45655350e+02,
    4.09797119e+02, 1.54741501e+02, 4.12823547e+02, 1.63795425e+02,
    4.15900818e+02, 1.72895554e+02, 3.87911407e+02, 1.22101280e+02,
    3.91029144e+02, 1.31078583e+02, 3.93951416e+02, 1.40072144e+02,
    3.97008331e+02, 1.49084869e+02, 3.99993774e+02, 1.58069016e+02,
    4.03077179e+02, 1.67095169e+02, 4.06027008e+02, 1.76086990e+02,
    3.78453949e+02, 1.25634232e+02, 3.81426880e+02, 1.34556107e+02,
    3.84418243e+02, 1.43529510e+02, 3.87292053e+02, 1.52357101e+02,
    3.90407257e+02, 1.61336136e+02, 3.93376465e+02, 1.70292908e+02,
    3.96420044e+02, 1.79240265e+02 ]
