%YAML:1.0
---
points: [ 3.93641418e+02, 2.00921677e+02, 4.01413879e+02, 2.06453094e+02,
    4.09239716e+02, 2.11946838e+02, 4.17021118e+02, 2.17673355e+02,
    4.25009369e+02, 2.23264954e+02, 4.32889496e+02, 2.29011887e+02,
    4.40908142e+02, 2.34707138e+02, 3.87942963e+02, 2.08287048e+02,
    3.95820618e+02, 2.13796616e+02, 4.03626923e+02, 2.19420609e+02,
    4.11555634e+02, 2.25014023e+02, 4.19380310e+02, 2.30718903e+02,
    4.27351257e+02, 2.36447006e+02, 4.35245941e+02, 2.42242294e+02,
    3.82453308e+02, 2.15519043e+02, 3.90184418e+02, 2.21158615e+02,
    3.98095032e+02, 2.26796997e+02, 4.05902649e+02, 2.32478333e+02,
    4.13869019e+02, 2.38187241e+02, 4.21681763e+02, 2.43949448e+02,
    4.29680939e+02, 2.49642609e+02, 3.76844635e+02, 2.22912216e+02,
    3.84651672e+02, 2.28480911e+02, 3.92445831e+02, 2.34183044e+02,
    4.00331512e+02, 2.39885986e+02, 4.08133789e+02, 2.45614410e+02,
    4.16115112e+02, 2.51320206e+02, 4.23954498e+02, 2.57234131e+02,
    3.71199371e+02, 2.30232162e+02, 3.78925812e+02, 2.35874664e+02,
    3.86830536e+02, 2.41602036e+02, 3.94632935e+02, 2.47327118e+02,
    4.02587494e+02, 2.53122635e+02, 4.10427673e+02, 2.58958008e+02,
    4.18519043e+02, 2.64808807e+02, 3.65588104e+02, 2.37533417e+02,
    3.73388550e+02, 2.43239014e+02, 3.81160278e+02, 2.48984573e+02,
    3.88999084e+02, 2.54747040e+02, 3.96834656e+02, 2.60561188e+02,
    4.04813110e+02, 2.66407166e+02, 4.12705170e+02, 2.72279419e+02,
    3.59996765e+02, 2.44840607e+02, 3.67758789e+02, 2.50567001e+02,
    3.75567474e+02, 2.56324005e+02, 3.83404022e+02, 2.62141571e+02,
    3.91218170e+02, 2.67952698e+02, 3.99176910e+02, 2.73871887e+02,
    4.07062561e+02, 2.79664856e+02, 3.54362122e+02, 2.52187988e+02,
    3.62114807e+02, 2.57959686e+02, 3.69910156e+02, 2.63765350e+02,
    3.77703522e+02, 2.69568787e+02, 3.85550659e+02, 2.75415253e+02,
    3.93407135e+02, 2.81332245e+02, 4.01299286e+02, 2.87283630e+02,
    3.48886932e+02, 2.59487396e+02, 3.56533600e+02, 2.65286469e+02,
    3.64274475e+02, 2.71141541e+02, 3.72051392e+02, 2.76980377e+02,
    3.79910553e+02, 2.82911804e+02, 3.87631958e+02, 2.88843689e+02,
    3.95639954e+02, 2.94745575e+02 ]
