%YAML:1.0
---
points: [ 1.29759778e+03, 4.97310059e+02, 1.32050867e+03, 5.13490723e+02,
    1.34361707e+03, 5.29901855e+02, 1.36690735e+03, 5.46485962e+02,
    1.39033179e+03, 5.63208740e+02, 1.41391980e+03, 5.79801208e+02,
    1.43768433e+03, 5.96929688e+02, 1.28113989e+03, 5.18720276e+02,
    1.30395654e+03, 5.35230042e+02, 1.32692395e+03, 5.51639404e+02,
    1.35023096e+03, 5.68311462e+02, 1.37355200e+03, 5.84984192e+02,
    1.39725293e+03, 6.01989624e+02, 1.42096118e+03, 6.18919128e+02,
    1.26458618e+03, 5.40289001e+02, 1.28733069e+03, 5.56632629e+02,
    1.31026367e+03, 5.73334229e+02, 1.33349707e+03, 5.89985718e+02,
    1.35675806e+03, 6.06890930e+02, 1.38041406e+03, 6.23815918e+02,
    1.40415967e+03, 6.41147705e+02, 1.24808972e+03, 5.61738953e+02,
    1.27086499e+03, 5.78293213e+02, 1.29373132e+03, 5.94895508e+02,
    1.31671484e+03, 6.11816101e+02, 1.34010278e+03, 6.28659851e+02,
    1.36360388e+03, 6.45899597e+02, 1.38728162e+03, 6.63040222e+02,
    1.23158521e+03, 5.83405457e+02, 1.25425171e+03, 5.99833740e+02,
    1.27712183e+03, 6.16781982e+02, 1.30017126e+03, 6.33599548e+02,
    1.32345703e+03, 6.50668152e+02, 1.34678772e+03, 6.67851318e+02,
    1.37042419e+03, 6.85394592e+02, 1.21506067e+03, 6.04810120e+02,
    1.23764417e+03, 6.21635132e+02, 1.26048218e+03, 6.38453430e+02,
    1.28340649e+03, 6.55506042e+02, 1.30661560e+03, 6.72580261e+02,
    1.32988806e+03, 6.90038513e+02, 1.35352039e+03, 7.07416626e+02,
    1.19867993e+03, 6.26388855e+02, 1.22122095e+03, 6.43146423e+02,
    1.24393347e+03, 6.60191223e+02, 1.26679639e+03, 6.77155151e+02,
    1.28985925e+03, 6.94441956e+02, 1.31319189e+03, 7.11690430e+02,
    1.33668787e+03, 7.29491638e+02, 1.18228918e+03, 6.47779358e+02,
    1.20474255e+03, 6.64766235e+02, 1.22734460e+03, 6.81753845e+02,
    1.25023706e+03, 6.99053040e+02, 1.27316406e+03, 7.16390869e+02,
    1.29635278e+03, 7.34036743e+02, 1.31974487e+03, 7.51556152e+02,
    1.16594470e+03, 6.69498718e+02, 1.18825964e+03, 6.86456299e+02,
    1.21077759e+03, 7.03643311e+02, 1.23354565e+03, 7.20840088e+02,
    1.25645544e+03, 7.38452759e+02, 1.27955750e+03, 7.55901733e+02,
    1.30299072e+03, 7.73741760e+02 ]
