%YAML:1.0
---
points: [ 4.17687958e+02, 8.32602081e+01, 4.12865417e+02, 9.18770676e+01,
    4.07919617e+02, 1.00306862e+02, 4.03074097e+02, 1.08888802e+02,
    3.98095001e+02, 1.17281799e+02, 3.93189789e+02, 1.25748795e+02,
    3.88195465e+02, 1.34171326e+02, 4.09564484e+02, 7.86674347e+01,
    4.04600037e+02, 8.72301941e+01, 3.99769226e+02, 9.58469086e+01,
    3.94768433e+02, 1.04354530e+02, 3.89937103e+02, 1.12862259e+02,
    3.84964844e+02, 1.21325409e+02, 3.80149506e+02, 1.29726715e+02,
    4.01281097e+02, 7.40239563e+01, 3.96420685e+02, 8.26716995e+01,
    3.91452087e+02, 9.12801666e+01, 3.86668976e+02, 9.98722916e+01,
    3.81736603e+02, 1.08404175e+02, 3.76827667e+02, 1.16861900e+02,
    3.71949249e+02, 1.25355179e+02, 3.93098145e+02, 6.96030807e+01,
    3.88077667e+02, 7.81669006e+01, 3.83325256e+02, 8.68300171e+01,
    3.78365509e+02, 9.53934174e+01, 3.73572327e+02, 1.03923843e+02,
    3.68668427e+02, 1.12489670e+02, 3.63827759e+02, 1.20912064e+02,
    3.84649750e+02, 6.48997879e+01, 3.79945953e+02, 7.36761551e+01,
    3.74962708e+02, 8.22054901e+01, 3.70197937e+02, 9.09244232e+01,
    3.65320465e+02, 9.95048447e+01, 3.60451202e+02, 1.08077759e+02,
    3.55643463e+02, 1.16536758e+02, 3.76491455e+02, 6.05068550e+01,
    3.71552612e+02, 6.90325089e+01, 3.66787842e+02, 7.78064728e+01,
    3.61903534e+02, 8.63820190e+01, 3.57054626e+02, 9.50129318e+01,
    3.52262054e+02, 1.03592339e+02, 3.47437439e+02, 1.12098854e+02,
    3.68083740e+02, 5.57827568e+01, 3.63376617e+02, 6.46800842e+01,
    3.58429321e+02, 7.32133636e+01, 3.53755249e+02, 8.19711456e+01,
    3.48902924e+02, 9.06038055e+01, 3.44105042e+02, 9.91592026e+01,
    3.39291748e+02, 1.07723480e+02, 3.59841705e+02, 5.13816490e+01,
    3.54947174e+02, 6.00280838e+01, 3.50276642e+02, 6.87765961e+01,
    3.45408447e+02, 7.74422607e+01, 3.40688629e+02, 8.61815109e+01,
    3.35850739e+02, 9.47245789e+01, 3.31161255e+02, 1.03340523e+02,
    3.51335419e+02, 4.67063675e+01, 3.46750275e+02, 5.55683212e+01,
    3.41854980e+02, 6.42690048e+01, 3.37232300e+02, 7.31256027e+01,
    3.32371948e+02, 8.16920547e+01, 3.27707123e+02, 9.03757324e+01,
    3.22956573e+02, 9.89378052e+01 ]
