%YAML:1.0
---
points: [ 1.37124231e+03, 1.47544662e+02, 1.35593970e+03, 1.73645966e+02,
    1.34100159e+03, 1.99498718e+02, 1.32605127e+03, 2.25316940e+02,
    1.31132043e+03, 2.50525009e+02, 1.29653979e+03, 2.75763367e+02,
    1.28212622e+03, 3.00609833e+02, 1.34635986e+03, 1.34358322e+02,
    1.33142175e+03, 1.60374847e+02, 1.31631592e+03, 1.86365738e+02,
    1.30175476e+03, 2.11959885e+02, 1.28688696e+03, 2.37526398e+02,
    1.27243896e+03, 2.62674652e+02, 1.25793518e+03, 2.87821289e+02,
    1.32173926e+03, 1.20753616e+02, 1.30669128e+03, 1.47139954e+02,
    1.29211804e+03, 1.73155319e+02, 1.27735046e+03, 1.98840546e+02,
    1.26267737e+03, 2.24388504e+02, 1.24828906e+03, 2.49715668e+02,
    1.23401038e+03, 2.74732239e+02, 1.29705322e+03, 1.07543205e+02,
    1.28241431e+03, 1.33728592e+02, 1.26751221e+03, 1.59854004e+02,
    1.25296460e+03, 1.85686523e+02, 1.23841980e+03, 2.11415588e+02,
    1.22424585e+03, 2.36756195e+02, 1.20988000e+03, 2.61974213e+02,
    1.27249805e+03, 9.41202240e+01, 1.25758496e+03, 1.20529572e+02,
    1.24313489e+03, 1.46631805e+02, 1.22859607e+03, 1.72569824e+02,
    1.21431042e+03, 1.98294785e+02, 1.19991516e+03, 2.23673462e+02,
    1.18594067e+03, 2.48891693e+02, 1.24754944e+03, 8.06594238e+01,
    1.23321936e+03, 1.07118629e+02, 1.21853687e+03, 1.33388229e+02,
    1.20427051e+03, 1.59380371e+02, 1.18980444e+03, 1.85245483e+02,
    1.17588037e+03, 2.10660202e+02, 1.16168982e+03, 2.36057495e+02,
    1.22319958e+03, 6.73399811e+01, 1.20850488e+03, 9.38726349e+01,
    1.19427332e+03, 1.20192192e+02, 1.17980566e+03, 1.46337158e+02,
    1.16592114e+03, 1.71971909e+02, 1.15165173e+03, 1.97688461e+02,
    1.13801514e+03, 2.23016190e+02, 1.19831250e+03, 5.38899117e+01,
    1.18401062e+03, 8.04283981e+01, 1.16958594e+03, 1.06813972e+02,
    1.15566846e+03, 1.33018005e+02, 1.14142664e+03, 1.58972458e+02,
    1.12767847e+03, 1.84604385e+02, 1.11377759e+03, 2.10162231e+02,
    1.17368042e+03, 4.04062843e+01, 1.15945032e+03, 6.71500168e+01,
    1.14532764e+03, 9.35068512e+01, 1.13120129e+03, 1.19763077e+02,
    1.11743201e+03, 1.45738342e+02, 1.10351038e+03, 1.71513687e+02,
    1.08998340e+03, 1.97046890e+02 ]
