%YAML:1.0
---
points: [ 4.67399323e+02, 1.95385437e+02, 4.68264191e+02, 2.05315765e+02,
    4.69229370e+02, 2.15633575e+02, 4.70104156e+02, 2.25550522e+02,
    4.70867950e+02, 2.35972626e+02, 4.71666046e+02, 2.46009155e+02,
    4.72511139e+02, 2.56623657e+02, 4.56559021e+02, 1.95917847e+02,
    4.57312683e+02, 2.06117188e+02, 4.58272461e+02, 2.15986984e+02,
    4.59104736e+02, 2.26326111e+02, 4.59826111e+02, 2.36387772e+02,
    4.60655731e+02, 2.46787003e+02, 4.61613586e+02, 2.56800232e+02,
    4.45668274e+02, 1.96742294e+02, 4.46367157e+02, 2.06770493e+02,
    4.47360626e+02, 2.16718826e+02, 4.48129333e+02, 2.26740097e+02,
    4.48874268e+02, 2.36848419e+02, 4.49816681e+02, 2.47015732e+02,
    4.50620575e+02, 2.57247681e+02, 4.34916107e+02, 1.97553787e+02,
    4.35562225e+02, 2.07589127e+02, 4.36586243e+02, 2.17404617e+02,
    4.37348114e+02, 2.27390732e+02, 4.37971375e+02, 2.37390076e+02,
    4.38803864e+02, 2.47550095e+02, 4.39772064e+02, 2.57655975e+02,
    4.24199463e+02, 1.98294830e+02, 4.24807098e+02, 2.08061188e+02,
    4.25632477e+02, 2.18039322e+02, 4.26420105e+02, 2.27853958e+02,
    4.27231781e+02, 2.37793579e+02, 4.28025146e+02, 2.47860199e+02,
    4.28789093e+02, 2.57801025e+02, 4.13412384e+02, 1.98894485e+02,
    4.14242859e+02, 2.08790924e+02, 4.14885559e+02, 2.18616837e+02,
    4.15689972e+02, 2.28548325e+02, 4.16376984e+02, 2.38245987e+02,
    4.17235596e+02, 2.48260864e+02, 4.18035583e+02, 2.58208191e+02,
    4.02856171e+02, 1.99757736e+02, 4.03592957e+02, 2.09428940e+02,
    4.04330994e+02, 2.19352417e+02, 4.05051147e+02, 2.28661179e+02,
    4.05819702e+02, 2.38869110e+02, 4.06443726e+02, 2.48599472e+02,
    4.07311249e+02, 2.58697693e+02, 3.92476929e+02, 2.00565811e+02,
    3.93250153e+02, 2.09953339e+02, 3.93898987e+02, 2.19767197e+02,
    3.94556244e+02, 2.29402832e+02, 3.95265198e+02, 2.39138855e+02,
    3.96063385e+02, 2.48920822e+02, 3.96821167e+02, 2.58736969e+02,
    3.82248596e+02, 2.01287491e+02, 3.82841278e+02, 2.10622391e+02,
    3.83573730e+02, 2.20359192e+02, 3.84308441e+02, 2.29840546e+02,
    3.85013214e+02, 2.39662552e+02, 3.85704681e+02, 2.49205215e+02,
    3.86454956e+02, 2.59098297e+02 ]
