%YAML:1.0
---
points: [ 1.39208667e+03, 8.44663635e+02, 1.37104431e+03, 8.57532043e+02,
    1.34975171e+03, 8.70702942e+02, 1.32779993e+03, 8.84014404e+02,
    1.30562830e+03, 8.97826477e+02, 1.28288623e+03, 9.11766235e+02,
    1.25968372e+03, 9.26356140e+02, 1.37355383e+03, 8.18039612e+02,
    1.35270764e+03, 8.30673279e+02, 1.33132593e+03, 8.43220703e+02,
    1.30958301e+03, 8.56342346e+02, 1.28731067e+03, 8.69498352e+02,
    1.26460413e+03, 8.83258484e+02, 1.24129639e+03, 8.97091797e+02,
    1.35565845e+03, 7.92222412e+02, 1.33461694e+03, 8.04205994e+02,
    1.31339978e+03, 8.16529907e+02, 1.29152283e+03, 8.28999146e+02,
    1.26942737e+03, 8.41862671e+02, 1.24660828e+03, 8.55002563e+02,
    1.22362244e+03, 8.68524597e+02, 1.33788428e+03, 7.66648621e+02,
    1.31710510e+03, 7.78490112e+02, 1.29567810e+03, 7.90266541e+02,
    1.27412952e+03, 8.02526733e+02, 1.25179382e+03, 8.14871887e+02,
    1.22935950e+03, 8.27657043e+02, 1.20621887e+03, 8.40613220e+02,
    1.32064966e+03, 7.41748657e+02, 1.29954382e+03, 7.52962463e+02,
    1.27850989e+03, 7.64617615e+02, 1.25671851e+03, 7.76401672e+02,
    1.23471570e+03, 7.88536255e+02, 1.21207959e+03, 8.00660156e+02,
    1.18917163e+03, 8.13404724e+02, 1.30355188e+03, 7.17366943e+02,
    1.28276025e+03, 7.28438843e+02, 1.26148438e+03, 7.39567444e+02,
    1.23990576e+03, 7.51104126e+02, 1.21767786e+03, 7.62602661e+02,
    1.19541638e+03, 7.74503296e+02, 1.17241821e+03, 7.86660706e+02,
    1.28678406e+03, 6.93695557e+02, 1.26595813e+03, 7.04237854e+02,
    1.24489380e+03, 7.15201477e+02, 1.22328174e+03, 7.25987549e+02,
    1.20144580e+03, 7.37404053e+02, 1.17888574e+03, 7.48796448e+02,
    1.15620752e+03, 7.60733154e+02, 1.27043152e+03, 6.70308350e+02,
    1.24970825e+03, 6.80624512e+02, 1.22859424e+03, 6.91113892e+02,
    1.20726428e+03, 7.01710205e+02, 1.18527649e+03, 7.12627625e+02,
    1.16308374e+03, 7.23850098e+02, 1.14030627e+03, 7.35330078e+02,
    1.25438574e+03, 6.47583557e+02, 1.23367114e+03, 6.57502747e+02,
    1.21270801e+03, 6.67705566e+02, 1.19135071e+03, 6.77993408e+02,
    1.16957581e+03, 6.88646606e+02, 1.14741565e+03, 6.99381897e+02,
    1.12475671e+03, 7.10473450e+02 ]
