%YAML:1.0
---
points: [ 1.44616418e+03, 8.82091797e+02, 1.41127966e+03, 8.86871399e+02,
    1.37798376e+03, 8.91902527e+02, 1.34575085e+03, 8.96359924e+02,
    1.31467236e+03, 9.00696899e+02, 1.28443823e+03, 9.04908997e+02,
    1.25571606e+03, 9.09188843e+02, 1.43169824e+03, 8.48334534e+02,
    1.39740527e+03, 8.53871765e+02, 1.36422534e+03, 8.59235962e+02,
    1.33243640e+03, 8.64361755e+02, 1.30161707e+03, 8.69289856e+02,
    1.27213770e+03, 8.73930359e+02, 1.24343933e+03, 8.78446533e+02,
    1.41739709e+03, 8.14688782e+02, 1.38324243e+03, 8.20701355e+02,
    1.35056543e+03, 8.26825378e+02, 1.31917017e+03, 8.32491882e+02,
    1.28876514e+03, 8.37933167e+02, 1.25935681e+03, 8.43186584e+02,
    1.23133459e+03, 8.48346619e+02, 1.40321350e+03, 7.81444092e+02,
    1.36954907e+03, 7.88306641e+02, 1.33692920e+03, 7.94632446e+02,
    1.30606079e+03, 8.00971924e+02, 1.27587402e+03, 8.06889771e+02,
    1.24688757e+03, 8.12728577e+02, 1.21892493e+03, 8.18112549e+02,
    1.38891467e+03, 7.48374878e+02, 1.35561511e+03, 7.55502014e+02,
    1.32355139e+03, 7.62660828e+02, 1.29281018e+03, 7.69423340e+02,
    1.26311133e+03, 7.75970276e+02, 1.23444092e+03, 7.82122681e+02,
    1.20693140e+03, 7.88450867e+02, 1.37473120e+03, 7.15328796e+02,
    1.34190747e+03, 7.23345520e+02, 1.30995483e+03, 7.30599243e+02,
    1.27982080e+03, 7.38289185e+02, 1.25042285e+03, 7.45103577e+02,
    1.22223022e+03, 7.52133728e+02, 1.19477869e+03, 7.58700684e+02,
    1.36076562e+03, 6.82761536e+02, 1.32844226e+03, 6.91241699e+02,
    1.29697327e+03, 6.99463135e+02, 1.26694238e+03, 7.07224670e+02,
    1.23782373e+03, 7.14875549e+02, 1.20996423e+03, 7.22279358e+02,
    1.18314355e+03, 7.29356018e+02, 1.34688855e+03, 6.50144897e+02,
    1.31481042e+03, 6.59412476e+02, 1.28368176e+03, 6.67912781e+02,
    1.25413977e+03, 6.76556946e+02, 1.22545386e+03, 6.84659729e+02,
    1.19783606e+03, 6.92674377e+02, 1.17134741e+03, 7.00075500e+02,
    1.33338623e+03, 6.18098267e+02, 1.30157605e+03, 6.27655640e+02,
    1.27076221e+03, 6.37194031e+02, 1.24134094e+03, 6.45763672e+02,
    1.21319238e+03, 6.54667847e+02, 1.18573328e+03, 6.62986023e+02,
    1.15959998e+03, 6.71280579e+02 ]
