%YAML:1.0
---
points: [ 4.39144867e+02, 2.60057953e+02, 4.41332977e+02, 2.70125122e+02,
    4.43690369e+02, 2.80609741e+02, 4.45885101e+02, 2.90817261e+02,
    4.48271271e+02, 3.01534363e+02, 4.50345367e+02, 3.11908600e+02,
    4.52733917e+02, 3.22583466e+02, 4.28208496e+02, 2.61541840e+02,
    4.30470215e+02, 2.71697571e+02, 4.32704987e+02, 2.81977661e+02,
    4.34880463e+02, 2.92331970e+02, 4.37067139e+02, 3.02660217e+02,
    4.39334747e+02, 3.13340027e+02, 4.41509125e+02, 3.23682953e+02,
    4.17380676e+02, 2.63125061e+02, 4.19506897e+02, 2.73131653e+02,
    4.21834961e+02, 2.83591980e+02, 4.23964478e+02, 2.93590881e+02,
    4.26170746e+02, 3.04091644e+02, 4.28305054e+02, 3.14396515e+02,
    4.30548920e+02, 3.24955200e+02, 4.06765381e+02, 2.64526184e+02,
    4.08826324e+02, 2.74686493e+02, 4.10982208e+02, 2.84754242e+02,
    4.13198395e+02, 2.94859894e+02, 4.15438202e+02, 3.05317749e+02,
    4.17509460e+02, 3.15664917e+02, 4.19623993e+02, 3.26030304e+02,
    3.96150391e+02, 2.66185028e+02, 3.98265564e+02, 2.76063904e+02,
    4.00346527e+02, 2.86164368e+02, 4.02499176e+02, 2.96179626e+02,
    4.04712921e+02, 3.06489746e+02, 4.06711945e+02, 3.16696167e+02,
    4.08887512e+02, 3.27046875e+02, 3.85830505e+02, 2.67380585e+02,
    3.88042175e+02, 2.77439392e+02, 3.89900940e+02, 2.87332672e+02,
    3.91976074e+02, 2.97358612e+02, 3.94136108e+02, 3.07550629e+02,
    3.96198853e+02, 3.17926117e+02, 3.98262512e+02, 3.28071167e+02,
    3.75763885e+02, 2.68886841e+02, 3.77683105e+02, 2.78663879e+02,
    3.79733124e+02, 2.88615204e+02, 3.81710327e+02, 2.98565979e+02,
    3.83731110e+02, 3.08735962e+02, 3.85772980e+02, 3.18857147e+02,
    3.87800690e+02, 3.29026367e+02, 3.65707947e+02, 2.70307648e+02,
    3.67605804e+02, 2.80033752e+02, 3.69626068e+02, 2.89825317e+02,
    3.71567017e+02, 2.99770386e+02, 3.73585999e+02, 3.09705078e+02,
    3.75488922e+02, 3.19875885e+02, 3.77418640e+02, 3.29996613e+02,
    3.55893158e+02, 2.71618286e+02, 3.57795074e+02, 2.81350098e+02,
    3.59718628e+02, 2.90945648e+02, 3.61630493e+02, 3.00874969e+02,
    3.63438812e+02, 3.10688965e+02, 3.65466248e+02, 3.20767456e+02,
    3.67386322e+02, 3.30878448e+02 ]
