%YAML:1.0
---
points: [ 6.20687439e+02, 5.95696960e+02, 6.27335938e+02, 6.22078857e+02,
    6.33507812e+02, 6.48563110e+02, 6.39635742e+02, 6.74491333e+02,
    6.45958984e+02, 7.00363647e+02, 6.52210876e+02, 7.25676147e+02,
    6.57962280e+02, 7.50819519e+02, 5.91434326e+02, 6.02592529e+02,
    5.98233215e+02, 6.29384888e+02, 6.04869690e+02, 6.55803406e+02,
    6.11318298e+02, 6.82182373e+02, 6.17605042e+02, 7.08239075e+02,
    6.23889404e+02, 7.33869263e+02, 6.30230896e+02, 7.59393250e+02,
    5.61823181e+02, 6.09718567e+02, 5.68885681e+02, 6.36652649e+02,
    5.75574829e+02, 6.63573425e+02, 5.82276367e+02, 6.89994446e+02,
    5.88965271e+02, 7.16286987e+02, 5.95505493e+02, 7.41929199e+02,
    6.01748779e+02, 7.67639709e+02, 5.31767883e+02, 6.17235046e+02,
    5.38809082e+02, 6.44531067e+02, 5.45834290e+02, 6.71313965e+02,
    5.52703613e+02, 6.97835449e+02, 5.59681091e+02, 7.24275757e+02,
    5.66326599e+02, 7.50341187e+02, 5.73040039e+02, 7.76233826e+02,
    5.00828125e+02, 6.24532410e+02, 5.08188965e+02, 6.52016479e+02,
    5.15580322e+02, 6.79325317e+02, 5.22727722e+02, 7.05979126e+02,
    5.29693115e+02, 7.32699219e+02, 5.36779785e+02, 7.58687500e+02,
    5.43533142e+02, 7.85021484e+02, 4.69621735e+02, 6.32200806e+02,
    4.77187653e+02, 6.59981262e+02, 4.84728363e+02, 6.87208435e+02,
    4.92034027e+02, 7.14305237e+02, 4.99356781e+02, 7.40902161e+02,
    5.06430695e+02, 7.67386230e+02, 5.13514160e+02, 7.93599854e+02,
    4.37611389e+02, 6.40017395e+02, 4.45513428e+02, 6.67773376e+02,
    4.53395172e+02, 6.95493958e+02, 4.60929413e+02, 7.22524719e+02,
    4.68521545e+02, 7.49565491e+02, 4.75881134e+02, 7.76084229e+02,
    4.83299774e+02, 8.02443237e+02, 4.05433441e+02, 6.47665466e+02,
    4.13495422e+02, 6.75949524e+02, 4.21569824e+02, 7.03499817e+02,
    4.29372131e+02, 7.31125916e+02, 4.37319824e+02, 7.57922852e+02,
    4.44933167e+02, 7.85157043e+02, 4.52515350e+02, 8.11314453e+02,
    3.72348694e+02, 6.55770813e+02, 3.80810577e+02, 6.83912231e+02,
    3.89114685e+02, 7.12304626e+02, 3.97239258e+02, 7.39568909e+02,
    4.05176849e+02, 7.66761536e+02, 4.13220032e+02, 7.93727478e+02,
    4.21088501e+02, 8.20529297e+02 ]
