%YAML:1.0
---
points: [ 1.64437027e+02, 2.34275406e+02, 1.66566574e+02, 2.43259171e+02,
    1.68565613e+02, 2.52166748e+02, 1.70583939e+02, 2.60947174e+02,
    1.72589630e+02, 2.69645996e+02, 1.74546722e+02, 2.78316986e+02,
    1.76459335e+02, 2.86912750e+02, 1.54701797e+02, 2.36627319e+02,
    1.56892441e+02, 2.45730301e+02, 1.59065460e+02, 2.54719696e+02,
    1.61107407e+02, 2.63558746e+02, 1.63170044e+02, 2.72308472e+02,
    1.65228043e+02, 2.81071747e+02, 1.67254425e+02, 2.89617188e+02,
    1.44966034e+02, 2.39065216e+02, 1.47158173e+02, 2.48163620e+02,
    1.49353378e+02, 2.57243286e+02, 1.51552917e+02, 2.66170380e+02,
    1.53679092e+02, 2.75038666e+02, 1.55770157e+02, 2.83725708e+02,
    1.57854477e+02, 2.92459991e+02, 1.34921295e+02, 2.41531021e+02,
    1.37287399e+02, 2.50766998e+02, 1.39507553e+02, 2.59810150e+02,
    1.41755875e+02, 2.68889374e+02, 1.43965530e+02, 2.77764099e+02,
    1.46182983e+02, 2.86568726e+02, 1.48292343e+02, 2.95319641e+02,
    1.24798927e+02, 2.44007538e+02, 1.27176346e+02, 2.53270828e+02,
    1.29507172e+02, 2.62468445e+02, 1.31840622e+02, 2.71560608e+02,
    1.34136215e+02, 2.80544373e+02, 1.36390091e+02, 2.89319244e+02,
    1.38582062e+02, 2.98213989e+02, 1.14447006e+02, 2.46601761e+02,
    1.16933754e+02, 2.55966736e+02, 1.19308342e+02, 2.65177063e+02,
    1.21717422e+02, 2.74283173e+02, 1.24052513e+02, 2.83305908e+02,
    1.26431801e+02, 2.92300690e+02, 1.28728760e+02, 3.01102661e+02,
    1.04094933e+02, 2.49267044e+02, 1.06551300e+02, 2.58586578e+02,
    1.09096611e+02, 2.67850952e+02, 1.11575745e+02, 2.77113251e+02,
    1.13943626e+02, 2.86135956e+02, 1.16452003e+02, 2.95178802e+02,
    1.18756531e+02, 3.04049133e+02, 9.34270477e+01, 2.51798508e+02,
    9.60918274e+01, 2.61264496e+02, 9.86298370e+01, 2.70658173e+02,
    1.01164238e+02, 2.79829865e+02, 1.03652672e+02, 2.89050110e+02,
    1.06154060e+02, 2.98067963e+02, 1.08619522e+02, 3.06823639e+02,
    8.27038574e+01, 2.54549316e+02, 8.53066864e+01, 2.64029999e+02,
    8.80767593e+01, 2.73373505e+02, 9.06599960e+01, 2.82739227e+02,
    9.32418976e+01, 2.91849396e+02, 9.58675156e+01, 3.00962036e+02,
    9.84455566e+01, 3.09895447e+02 ]
