%YAML:1.0
---
points: [ 1.47192017e+03, 6.16582947e+02, 1.44673547e+03, 6.21647095e+02,
    1.42239880e+03, 6.26650269e+02, 1.39851318e+03, 6.31466492e+02,
    1.37540332e+03, 6.36421021e+02, 1.35264148e+03, 6.40752991e+02,
    1.33096191e+03, 6.45525696e+02, 1.46348755e+03, 5.93070251e+02,
    1.43856592e+03, 5.98820557e+02, 1.41422351e+03, 6.03843445e+02,
    1.39064746e+03, 6.09411377e+02, 1.36749133e+03, 6.14195923e+02,
    1.34517847e+03, 6.19380615e+02, 1.32353101e+03, 6.23762146e+02,
    1.45535889e+03, 5.70275391e+02, 1.43045190e+03, 5.75789124e+02,
    1.40626843e+03, 5.81613037e+02, 1.38266675e+03, 5.86893066e+02,
    1.35969482e+03, 5.92557129e+02, 1.33759216e+03, 5.97583557e+02,
    1.31606885e+03, 6.02714661e+02, 1.44708557e+03, 5.46901672e+02,
    1.42239832e+03, 5.53260132e+02, 1.39846179e+03, 5.59285095e+02,
    1.37484241e+03, 5.65236023e+02, 1.35225378e+03, 5.70706604e+02,
    1.33011487e+03, 5.76317810e+02, 1.30870007e+03, 5.81436401e+02,
    1.43879785e+03, 5.24204712e+02, 1.41431250e+03, 5.30239807e+02,
    1.39040955e+03, 5.36721191e+02, 1.36720776e+03, 5.42860840e+02,
    1.34442285e+03, 5.48950623e+02, 1.32264563e+03, 5.54644165e+02,
    1.30127856e+03, 5.60366455e+02, 1.43072827e+03, 5.01039856e+02,
    1.40624182e+03, 5.07822693e+02, 1.38246692e+03, 5.14276550e+02,
    1.35932544e+03, 5.21087708e+02, 1.33686755e+03, 5.27172180e+02,
    1.31506860e+03, 5.33316528e+02, 1.29372363e+03, 5.39134583e+02,
    1.42262451e+03, 4.78121887e+02, 1.39857495e+03, 4.85170044e+02,
    1.37466553e+03, 4.92263855e+02, 1.35160339e+03, 4.98637634e+02,
    1.32931763e+03, 5.05508026e+02, 1.30775781e+03, 5.11722107e+02,
    1.28645679e+03, 5.18223511e+02, 1.41462683e+03, 4.54967712e+02,
    1.39044519e+03, 4.62622589e+02, 1.36697583e+03, 4.69717987e+02,
    1.34394458e+03, 4.77178680e+02, 1.32175342e+03, 4.83620178e+02,
    1.30038391e+03, 4.90484100e+02, 1.27927368e+03, 4.96925232e+02,
    1.40659009e+03, 4.32222839e+02, 1.38253748e+03, 4.39831879e+02,
    1.35897998e+03, 4.47749451e+02, 1.33636206e+03, 4.54889160e+02,
    1.31435364e+03, 4.62358337e+02, 1.29288904e+03, 4.69173431e+02,
    1.27195715e+03, 4.76200592e+02 ]
