%YAML:1.0
---
points: [ 7.36489014e+02, 4.86793518e+02, 7.24124634e+02, 5.10516083e+02,
    7.11483398e+02, 5.34394714e+02, 6.98904724e+02, 5.58115967e+02,
    6.86329651e+02, 5.82060303e+02, 6.73685547e+02, 6.05707153e+02,
    6.60935303e+02, 6.29817749e+02, 7.11913147e+02, 4.74395203e+02,
    6.99411011e+02, 4.98446259e+02, 6.86650208e+02, 5.22296936e+02,
    6.74066956e+02, 5.46371094e+02, 6.61355835e+02, 5.70252014e+02,
    6.48518372e+02, 5.94375305e+02, 6.35685120e+02, 6.18376343e+02,
    6.87191833e+02, 4.61880066e+02, 6.74380005e+02, 4.85749023e+02,
    6.61620483e+02, 5.09944580e+02, 6.48800537e+02, 5.34039734e+02,
    6.36057129e+02, 5.58370667e+02, 6.23092712e+02, 5.82472717e+02,
    6.10101807e+02, 6.06772644e+02, 6.61797668e+02, 4.48873901e+02,
    6.49012573e+02, 4.73409760e+02, 6.36145081e+02, 4.97499115e+02,
    6.23246704e+02, 5.21861938e+02, 6.10194153e+02, 5.46220764e+02,
    5.97201843e+02, 5.70618347e+02, 5.84025879e+02, 5.94976746e+02,
    6.36104370e+02, 4.36120087e+02, 6.23026367e+02, 4.60365631e+02,
    6.10214417e+02, 4.84875671e+02, 5.97082581e+02, 5.09298248e+02,
    5.83904053e+02, 5.33799866e+02, 5.70707947e+02, 5.58359192e+02,
    5.57538025e+02, 5.83271301e+02, 6.09833130e+02, 4.22666595e+02,
    5.96776733e+02, 4.47419098e+02, 5.83672485e+02, 4.71851379e+02,
    5.70494934e+02, 4.96652313e+02, 5.57231934e+02, 5.21356384e+02,
    5.44003052e+02, 5.46282898e+02, 5.30605103e+02, 5.70792053e+02,
    5.83430115e+02, 4.09438782e+02, 5.70165222e+02, 4.34106049e+02,
    5.57025330e+02, 4.59040039e+02, 5.43649780e+02, 4.83706787e+02,
    5.30355408e+02, 5.08690491e+02, 5.16901184e+02, 5.33429565e+02,
    5.03542999e+02, 5.58508240e+02, 5.56432739e+02, 3.95633911e+02,
    5.43152832e+02, 4.20782410e+02, 5.29749390e+02, 4.45575653e+02,
    5.16385071e+02, 4.70722961e+02, 5.02917877e+02, 4.95619659e+02,
    4.89412567e+02, 5.20938843e+02, 4.75833679e+02, 5.45906616e+02,
    5.29027100e+02, 3.82054108e+02, 5.15543213e+02, 4.06866943e+02,
    5.02147491e+02, 4.32309875e+02, 4.88545013e+02, 4.57350739e+02,
    4.75013062e+02, 4.82721252e+02, 4.61467560e+02, 5.07719391e+02,
    4.47743256e+02, 5.33225952e+02 ]
