%YAML:1.0
---
points: [ 2.02584213e+02, 1.97404678e+02, 1.98409531e+02, 2.05416977e+02,
    1.94181061e+02, 2.13522156e+02, 1.90007767e+02, 2.21522827e+02,
    1.85740906e+02, 2.29692398e+02, 1.81471512e+02, 2.37745865e+02,
    1.77225784e+02, 2.45874161e+02, 1.94459915e+02, 1.93202042e+02,
    1.90202637e+02, 2.01325272e+02, 1.85965836e+02, 2.09411591e+02,
    1.81686188e+02, 2.17535934e+02, 1.77422348e+02, 2.25674103e+02,
    1.73150177e+02, 2.33821915e+02, 1.68803619e+02, 2.41972504e+02,
    1.86173553e+02, 1.88947708e+02, 1.81831619e+02, 1.97091446e+02,
    1.77610947e+02, 2.05305710e+02, 1.73314026e+02, 2.13426620e+02,
    1.69026505e+02, 2.21649490e+02, 1.64638138e+02, 2.29815582e+02,
    1.60261612e+02, 2.38065247e+02, 1.77762344e+02, 1.84541412e+02,
    1.73445084e+02, 1.92887405e+02, 1.69161118e+02, 2.01003433e+02,
    1.64854401e+02, 2.09325317e+02, 1.60455658e+02, 2.17531235e+02,
    1.56049408e+02, 2.25819733e+02, 1.51665649e+02, 2.34052933e+02,
    1.69153442e+02, 1.80272980e+02, 1.64869675e+02, 1.88480530e+02,
    1.60459976e+02, 1.96774048e+02, 1.56061096e+02, 2.05048737e+02,
    1.51637314e+02, 2.13327911e+02, 1.47303940e+02, 2.21691299e+02,
    1.42868317e+02, 2.30038345e+02, 1.60657333e+02, 1.75113510e+02,
    1.56059525e+02, 1.83958298e+02, 1.51659714e+02, 1.92387894e+02,
    1.47291550e+02, 2.00809265e+02, 1.42854797e+02, 2.09071365e+02,
    1.38326538e+02, 2.17480377e+02, 1.33958725e+02, 2.25838577e+02,
    1.51877731e+02, 1.71624115e+02, 1.47504257e+02, 1.79538834e+02,
    1.42855621e+02, 1.87965012e+02, 1.38344009e+02, 1.96423553e+02,
    1.33865585e+02, 2.04805038e+02, 1.29433167e+02, 2.13302872e+02,
    1.24916252e+02, 2.21749680e+02, 1.42765579e+02, 1.66586472e+02,
    1.38321899e+02, 1.75012985e+02, 1.33809998e+02, 1.83517578e+02,
    1.29387665e+02, 1.92047638e+02, 1.24777840e+02, 2.00434418e+02,
    1.20354607e+02, 2.08999084e+02, 1.15746017e+02, 2.17459427e+02,
    1.33747864e+02, 1.62032166e+02, 1.29228745e+02, 1.70440720e+02,
    1.24762299e+02, 1.79009247e+02, 1.20189827e+02, 1.87450546e+02,
    1.15659538e+02, 1.96056458e+02, 1.11044739e+02, 2.04571945e+02,
    1.06562119e+02, 2.13174515e+02 ]
