%YAML:1.0
---
points: [ 3.74534027e+02, 2.55860352e+02, 3.84205872e+02, 2.56801147e+02,
    3.94130524e+02, 2.57775055e+02, 4.03877319e+02, 2.58494720e+02,
    4.13999329e+02, 2.59439514e+02, 4.24126434e+02, 2.60414551e+02,
    4.34481018e+02, 2.61150940e+02, 3.74049561e+02, 2.64401642e+02,
    3.83884094e+02, 2.65558746e+02, 3.93670380e+02, 2.66434845e+02,
    4.03765045e+02, 2.67350983e+02, 4.13960724e+02, 2.68323303e+02,
    4.24199890e+02, 2.69235413e+02, 4.34417816e+02, 2.70460785e+02,
    3.73621185e+02, 2.73283356e+02, 3.83352692e+02, 2.74314697e+02,
    3.93422699e+02, 2.75274689e+02, 4.03486938e+02, 2.76367035e+02,
    4.13839539e+02, 2.77391449e+02, 4.24217346e+02, 2.78566040e+02,
    4.34614838e+02, 2.79502106e+02, 3.73184662e+02, 2.82199524e+02,
    3.83156403e+02, 2.83301636e+02, 3.93164032e+02, 2.84413757e+02,
    4.03344757e+02, 2.85415741e+02, 4.13726501e+02, 2.86729889e+02,
    4.24171326e+02, 2.87837097e+02, 4.34533630e+02, 2.89120422e+02,
    3.72626709e+02, 2.91305054e+02, 3.82671844e+02, 2.92525909e+02,
    3.92875458e+02, 2.93767090e+02, 4.03130280e+02, 2.95087463e+02,
    4.13599701e+02, 2.96284546e+02, 4.24082550e+02, 2.97578827e+02,
    4.34765076e+02, 2.98603790e+02, 3.72182526e+02, 3.00679138e+02,
    3.82305389e+02, 3.02027374e+02, 3.92551270e+02, 3.03466217e+02,
    4.02911774e+02, 3.04569244e+02, 4.13417999e+02, 3.05909973e+02,
    4.24088226e+02, 3.07079437e+02, 4.34797638e+02, 3.08505951e+02,
    3.71638580e+02, 3.10297394e+02, 3.81837006e+02, 3.11726685e+02,
    3.92201996e+02, 3.13044922e+02, 4.02694427e+02, 3.14506927e+02,
    4.13351349e+02, 3.15760986e+02, 4.23949402e+02, 3.17174530e+02,
    4.34815063e+02, 3.18323120e+02, 3.71018738e+02, 3.20070435e+02,
    3.81486786e+02, 3.21471222e+02, 3.91773468e+02, 3.23034058e+02,
    4.02404114e+02, 3.24412048e+02, 4.13106598e+02, 3.25925232e+02,
    4.23814362e+02, 3.27278564e+02, 4.34744843e+02, 3.28873932e+02,
    3.70537842e+02, 3.30011505e+02, 3.80949097e+02, 3.31518768e+02,
    3.91422791e+02, 3.33131348e+02, 4.02194427e+02, 3.34735016e+02,
    4.12870178e+02, 3.36151794e+02, 4.23826721e+02, 3.37715302e+02,
    4.34656677e+02, 3.38963623e+02 ]
