%YAML:1.0
---
points: [ 2.14049515e+02, 1.75509079e+02, 2.05959824e+02, 1.79451675e+02,
    1.97883743e+02, 1.83414169e+02, 1.89822800e+02, 1.87391464e+02,
    1.81773773e+02, 1.91349564e+02, 1.73670151e+02, 1.95328339e+02,
    1.65630737e+02, 1.99284836e+02, 2.09950790e+02, 1.67367645e+02,
    2.01904434e+02, 1.71409195e+02, 1.93862610e+02, 1.75328400e+02,
    1.85774109e+02, 1.79347702e+02, 1.77705338e+02, 1.83288101e+02,
    1.69598007e+02, 1.87216568e+02, 1.61461960e+02, 1.91274246e+02,
    2.05976303e+02, 1.59329102e+02, 1.97862335e+02, 1.63303024e+02,
    1.89768295e+02, 1.67275757e+02, 1.81694000e+02, 1.71253189e+02,
    1.73602646e+02, 1.75194977e+02, 1.65475906e+02, 1.79222412e+02,
    1.57392822e+02, 1.83153809e+02, 2.01864044e+02, 1.51207794e+02,
    1.93835327e+02, 1.55222824e+02, 1.85735245e+02, 1.59175262e+02,
    1.77593475e+02, 1.63153427e+02, 1.69552063e+02, 1.67153534e+02,
    1.61425781e+02, 1.71082611e+02, 1.53309128e+02, 1.75137070e+02,
    1.97853653e+02, 1.43078400e+02, 1.89757248e+02, 1.47064209e+02,
    1.81652344e+02, 1.51047455e+02, 1.73551926e+02, 1.55067215e+02,
    1.65421234e+02, 1.58996277e+02, 1.57364609e+02, 1.63006287e+02,
    1.49201416e+02, 1.66966690e+02, 1.93710388e+02, 1.34991150e+02,
    1.85674072e+02, 1.38847137e+02, 1.77524170e+02, 1.42869385e+02,
    1.69421799e+02, 1.46855682e+02, 1.61358276e+02, 1.50882065e+02,
    1.53216415e+02, 1.54848129e+02, 1.45123108e+02, 1.58862900e+02,
    1.89636429e+02, 1.26739716e+02, 1.81569107e+02, 1.30745911e+02,
    1.73440918e+02, 1.34779816e+02, 1.65314621e+02, 1.38753876e+02,
    1.57256760e+02, 1.42769730e+02, 1.49159256e+02, 1.46767960e+02,
    1.41070938e+02, 1.50731873e+02, 1.85609009e+02, 1.18524361e+02,
    1.77434097e+02, 1.22581726e+02, 1.69369064e+02, 1.26580902e+02,
    1.61235184e+02, 1.30625549e+02, 1.53173965e+02, 1.34598419e+02,
    1.45095200e+02, 1.38597290e+02, 1.36970840e+02, 1.42588654e+02,
    1.81461349e+02, 1.10361298e+02, 1.73363693e+02, 1.14413094e+02,
    1.65223221e+02, 1.18413216e+02, 1.57181793e+02, 1.22454376e+02,
    1.49115143e+02, 1.26504341e+02, 1.41033493e+02, 1.30395813e+02,
    1.32918976e+02, 1.34481537e+02 ]
