%YAML:1.0
---
points: [ 4.27619934e+02, 2.72337677e+02, 4.16899261e+02, 2.71212830e+02,
    4.06343475e+02, 2.69935974e+02, 3.96149445e+02, 2.68899567e+02,
    3.86264893e+02, 2.67797882e+02, 3.76530640e+02, 2.66694366e+02,
    3.67300629e+02, 2.65573883e+02, 4.28198517e+02, 2.62287720e+02,
    4.17360443e+02, 2.61219879e+02, 4.06826111e+02, 2.60243622e+02,
    3.96608276e+02, 2.59123474e+02, 3.86699768e+02, 2.58151093e+02,
    3.77070648e+02, 2.57264008e+02, 3.67602966e+02, 2.56336273e+02,
    4.28637207e+02, 2.52140976e+02, 4.17873627e+02, 2.51208435e+02,
    4.07272919e+02, 2.50339020e+02, 3.97054993e+02, 2.49583221e+02,
    3.87196075e+02, 2.48726852e+02, 3.77487610e+02, 2.47863480e+02,
    3.68168823e+02, 2.47081863e+02, 4.29040466e+02, 2.41995743e+02,
    4.18304993e+02, 2.41326202e+02, 4.07745697e+02, 2.40651657e+02,
    3.97469604e+02, 2.39842133e+02, 3.87536957e+02, 2.39210297e+02,
    3.77935944e+02, 2.38517853e+02, 3.68447205e+02, 2.37885620e+02,
    4.29567139e+02, 2.31792755e+02, 4.18710846e+02, 2.31419724e+02,
    4.08264343e+02, 2.30729187e+02, 3.98012939e+02, 2.30242111e+02,
    3.88095581e+02, 2.29747711e+02, 3.78382690e+02, 2.29193420e+02,
    3.69042938e+02, 2.28711288e+02, 4.30045380e+02, 2.21796005e+02,
    4.19246613e+02, 2.21449051e+02, 4.08648590e+02, 2.21051361e+02,
    3.98414825e+02, 2.20668152e+02, 3.88461487e+02, 2.20264862e+02,
    3.78912292e+02, 2.19811249e+02, 3.69461304e+02, 2.19552002e+02,
    4.30405884e+02, 2.11730621e+02, 4.19660278e+02, 2.11637100e+02,
    4.09186371e+02, 2.11298645e+02, 3.99014191e+02, 2.10974884e+02,
    3.89073639e+02, 2.10801514e+02, 3.79333923e+02, 2.10581207e+02,
    3.70139282e+02, 2.10389999e+02, 4.30782562e+02, 2.01755386e+02,
    4.20174164e+02, 2.01647476e+02, 4.09537415e+02, 2.01652878e+02,
    3.99349304e+02, 2.01552170e+02, 3.89509979e+02, 2.01466110e+02,
    3.79885437e+02, 2.01330399e+02, 3.70501007e+02, 2.01279236e+02,
    4.31273438e+02, 1.91746704e+02, 4.20485840e+02, 1.91904465e+02,
    4.10155365e+02, 1.91901459e+02, 3.99818756e+02, 1.91928665e+02,
    3.90084015e+02, 1.91977203e+02, 3.80304321e+02, 1.92092499e+02,
    3.71101532e+02, 1.92133011e+02 ]
