%YAML:1.0
---
points: [ 1.55150623e+03, 7.57870300e+02, 1.52960364e+03, 7.57730530e+02,
    1.50849133e+03, 7.57749023e+02, 1.48806396e+03, 7.57581360e+02,
    1.46827637e+03, 7.57548584e+02, 1.44872058e+03, 7.57238159e+02,
    1.43016882e+03, 7.57231445e+02, 1.54855115e+03, 7.35750549e+02,
    1.52693652e+03, 7.36106934e+02, 1.50581567e+03, 7.36218140e+02,
    1.48556995e+03, 7.36661438e+02, 1.46564453e+03, 7.36840088e+02,
    1.44657959e+03, 7.37092224e+02, 1.42808984e+03, 7.37060303e+02,
    1.54562708e+03, 7.14021179e+02, 1.52427112e+03, 7.14466309e+02,
    1.50321875e+03, 7.15227844e+02, 1.48307275e+03, 7.15646545e+02,
    1.46344604e+03, 7.16307678e+02, 1.44426074e+03, 7.16775513e+02,
    1.42584094e+03, 7.17254639e+02, 1.54292053e+03, 6.92399902e+02,
    1.52160339e+03, 6.93374268e+02, 1.50071619e+03, 6.94171448e+02,
    1.48057239e+03, 6.95185303e+02, 1.46085376e+03, 6.95749390e+02,
    1.44219250e+03, 6.96720947e+02, 1.42354846e+03, 6.97350220e+02,
    1.54009851e+03, 6.70789368e+02, 1.51877283e+03, 6.71919128e+02,
    1.49823267e+03, 6.73420837e+02, 1.47818359e+03, 6.74499390e+02,
    1.45867468e+03, 6.75587280e+02, 1.43974792e+03, 6.76592834e+02,
    1.42150061e+03, 6.77687378e+02, 1.53753284e+03, 6.49445251e+02,
    1.51636499e+03, 6.50916748e+02, 1.49565027e+03, 6.52536987e+02,
    1.47575378e+03, 6.54258911e+02, 1.45641626e+03, 6.55445862e+02,
    1.43763867e+03, 6.56812805e+02, 1.41936987e+03, 6.58346252e+02,
    1.53468665e+03, 6.28342102e+02, 1.51360266e+03, 6.30029297e+02,
    1.49319812e+03, 6.32108582e+02, 1.47350732e+03, 6.33735107e+02,
    1.45417566e+03, 6.35542664e+02, 1.43539209e+03, 6.37338928e+02,
    1.41737061e+03, 6.38955261e+02, 1.53226880e+03, 6.07270325e+02,
    1.51120532e+03, 6.09428711e+02, 1.49073242e+03, 6.11571228e+02,
    1.47106335e+03, 6.13717224e+02, 1.45187354e+03, 6.15789246e+02,
    1.43324756e+03, 6.17816711e+02, 1.41520740e+03, 6.19615784e+02,
    1.52944116e+03, 5.86435669e+02, 1.50859412e+03, 5.88692566e+02,
    1.48831274e+03, 5.91498474e+02, 1.46877808e+03, 5.93638123e+02,
    1.44964417e+03, 5.96339417e+02, 1.43120935e+03, 5.98319275e+02,
    1.41294690e+03, 6.00688477e+02 ]
