%YAML:1.0
---
points: [ 7.70461304e+02, 4.22169922e+02, 7.46713440e+02, 4.33738190e+02,
    7.22776489e+02, 4.45618134e+02, 6.99262695e+02, 4.57336182e+02,
    6.75143250e+02, 4.68931824e+02, 6.51368591e+02, 4.80667999e+02,
    6.27272522e+02, 4.92385803e+02, 7.58631165e+02, 3.98420746e+02,
    7.34715759e+02, 4.10031555e+02, 7.10889771e+02, 4.21747925e+02,
    6.87035950e+02, 4.33395264e+02, 6.63262756e+02, 4.45252167e+02,
    6.39068787e+02, 4.56818634e+02, 6.15224915e+02, 4.68556427e+02,
    7.46529480e+02, 3.74415131e+02, 7.22893250e+02, 3.86207184e+02,
    6.98754944e+02, 3.97960052e+02, 6.75066833e+02, 4.09604401e+02,
    6.50914246e+02, 4.21319061e+02, 6.27142395e+02, 4.33005341e+02,
    6.02791992e+02, 4.44730347e+02, 7.34750977e+02, 3.50498474e+02,
    7.10622803e+02, 3.62299255e+02, 6.87004761e+02, 3.73979584e+02,
    6.62717468e+02, 3.85614929e+02, 6.39149292e+02, 3.97515381e+02,
    6.14719360e+02, 4.09266907e+02, 5.90693481e+02, 4.20739746e+02,
    7.22519104e+02, 3.26445221e+02, 6.98744141e+02, 3.38250092e+02,
    6.74585083e+02, 3.49925476e+02, 6.50835999e+02, 3.61773560e+02,
    6.26586121e+02, 3.73465210e+02, 6.02796326e+02, 3.85195435e+02,
    5.78405029e+02, 3.96817627e+02, 7.10610046e+02, 3.02401703e+02,
    6.86363220e+02, 3.14042145e+02, 6.62532959e+02, 3.25785828e+02,
    6.38473633e+02, 3.37449310e+02, 6.14604492e+02, 3.49377441e+02,
    5.90445496e+02, 3.60867279e+02, 5.66432556e+02, 3.72771240e+02,
    6.98492188e+02, 2.78206268e+02, 6.74650146e+02, 2.90144012e+02,
    6.50356140e+02, 3.01683716e+02, 6.26426331e+02, 3.13458740e+02,
    6.02331299e+02, 3.25317596e+02, 5.78399963e+02, 3.37033142e+02,
    5.54171021e+02, 3.48651337e+02, 6.86361633e+02, 2.54086166e+02,
    6.62314453e+02, 2.65645966e+02, 6.38182678e+02, 2.77658081e+02,
    6.14233643e+02, 2.89418518e+02, 5.90337036e+02, 3.01305878e+02,
    5.66122009e+02, 3.13066437e+02, 5.41993347e+02, 3.24717285e+02,
    6.74071594e+02, 2.29557205e+02, 6.50179932e+02, 2.41577118e+02,
    6.25817444e+02, 2.53274490e+02, 6.01954712e+02, 2.65298065e+02,
    5.77978882e+02, 2.76906586e+02, 5.53823242e+02, 2.88700714e+02,
    5.29654236e+02, 3.00477203e+02 ]
