%YAML:1.0
---
points: [ 1.58983841e+02, 2.81928192e+02, 1.49156433e+02, 2.83908173e+02,
    1.39069611e+02, 2.85901611e+02, 1.28737518e+02, 2.87989624e+02,
    1.18154343e+02, 2.90087250e+02, 1.07272942e+02, 2.92218384e+02,
    9.62978973e+01, 2.94380585e+02, 1.57719818e+02, 2.72375061e+02,
    1.47887268e+02, 2.74181915e+02, 1.37775589e+02, 2.76109680e+02,
    1.27439308e+02, 2.78006348e+02, 1.16837120e+02, 2.80025879e+02,
    1.05980621e+02, 2.81922638e+02, 9.48888168e+01, 2.84150970e+02,
    1.56456406e+02, 2.62752869e+02, 1.46682495e+02, 2.64480133e+02,
    1.36477737e+02, 2.66274567e+02, 1.26196693e+02, 2.68103241e+02,
    1.15518784e+02, 2.69888123e+02, 1.04676468e+02, 2.71749878e+02,
    9.35502472e+01, 2.73662598e+02, 1.55315964e+02, 2.53249542e+02,
    1.45368225e+02, 2.54826965e+02, 1.35251938e+02, 2.56449738e+02,
    1.24884232e+02, 2.58143188e+02, 1.14279610e+02, 2.59971710e+02,
    1.03400467e+02, 2.61533295e+02, 9.22732925e+01, 2.63339233e+02,
    1.54031281e+02, 2.43638153e+02, 1.44172256e+02, 2.45166641e+02,
    1.34034790e+02, 2.46644608e+02, 1.23597191e+02, 2.48164841e+02,
    1.12984650e+02, 2.49746338e+02, 1.02044685e+02, 2.51518402e+02,
    9.09799576e+01, 2.52899734e+02, 1.52770477e+02, 2.34189667e+02,
    1.42964432e+02, 2.35452530e+02, 1.32716385e+02, 2.36897873e+02,
    1.22306351e+02, 2.38242661e+02, 1.11683876e+02, 2.39591614e+02,
    1.00752769e+02, 2.41205734e+02, 8.95820160e+01, 2.42657822e+02,
    1.51521530e+02, 2.24587463e+02, 1.41547363e+02, 2.25929108e+02,
    1.31437988e+02, 2.27093460e+02, 1.20962090e+02, 2.28461288e+02,
    1.10306175e+02, 2.29650696e+02, 9.94518585e+01, 2.31015228e+02,
    8.82053452e+01, 2.32273392e+02, 1.50221802e+02, 2.15169739e+02,
    1.40362396e+02, 2.16185654e+02, 1.30126663e+02, 2.17300156e+02,
    1.19689133e+02, 2.18528671e+02, 1.09072876e+02, 2.19637283e+02,
    9.81504059e+01, 2.20832123e+02, 8.69657211e+01, 2.22108002e+02,
    1.49006165e+02, 2.05679169e+02, 1.39090698e+02, 2.06669250e+02,
    1.28849091e+02, 2.07640060e+02, 1.18446556e+02, 2.08666565e+02,
    1.07713913e+02, 2.09641769e+02, 9.67661896e+01, 2.10791977e+02,
    8.55524826e+01, 2.11784149e+02 ]
