%YAML:1.0
---
points: [ 6.03503784e+02, 7.36641418e+02, 5.73577393e+02, 7.42603760e+02,
    5.42766174e+02, 7.48613525e+02, 5.11232697e+02, 7.54806885e+02,
    4.78688660e+02, 7.61109070e+02, 4.45298706e+02, 7.67541870e+02,
    4.11335632e+02, 7.74228088e+02, 6.00065735e+02, 7.08260681e+02,
    5.69849182e+02, 7.13687500e+02, 5.39047668e+02, 7.19344360e+02,
    5.07419373e+02, 7.25256165e+02, 4.74855347e+02, 7.31232788e+02,
    4.41628723e+02, 7.37317566e+02, 4.07394775e+02, 7.43526184e+02,
    5.96416504e+02, 6.80077881e+02, 5.66348694e+02, 6.85226746e+02,
    5.35441589e+02, 6.90482117e+02, 5.03650085e+02, 6.95968018e+02,
    4.71124695e+02, 7.01398376e+02, 4.37859741e+02, 7.07122070e+02,
    4.03465118e+02, 7.12740540e+02, 5.92696533e+02, 6.51675476e+02,
    5.62798584e+02, 6.56412170e+02, 5.31788879e+02, 6.61321960e+02,
    5.00068542e+02, 6.66357666e+02, 4.67510590e+02, 6.71414612e+02,
    4.33890015e+02, 6.76573914e+02, 3.99662720e+02, 6.82126526e+02,
    5.89301880e+02, 6.23468323e+02, 5.59179260e+02, 6.27927063e+02,
    5.28087463e+02, 6.32412109e+02, 4.96412994e+02, 6.37059326e+02,
    4.63777039e+02, 6.41568054e+02, 4.30277832e+02, 6.46417114e+02,
    3.95947327e+02, 6.51335876e+02, 5.85586243e+02, 5.95448914e+02,
    5.55361328e+02, 5.99312805e+02, 5.24331482e+02, 6.03382080e+02,
    4.92511719e+02, 6.07583923e+02, 4.59881378e+02, 6.12080566e+02,
    4.26539307e+02, 6.16311829e+02, 3.92122253e+02, 6.20659973e+02,
    5.81781677e+02, 5.67299683e+02, 5.51655945e+02, 5.70930908e+02,
    5.20687134e+02, 5.74572632e+02, 4.88700104e+02, 5.78363220e+02,
    4.56096466e+02, 5.82228699e+02, 4.22617493e+02, 5.86326782e+02,
    3.88224396e+02, 5.90348267e+02, 5.78279175e+02, 5.39276001e+02,
    5.48053467e+02, 5.42423157e+02, 5.16911682e+02, 5.45716431e+02,
    4.85096649e+02, 5.49242615e+02, 4.52412720e+02, 5.52572266e+02,
    4.18650940e+02, 5.55989929e+02, 3.84393372e+02, 5.59802429e+02,
    5.74504150e+02, 5.11180389e+02, 5.44208191e+02, 5.13904541e+02,
    5.13066589e+02, 5.16906494e+02, 4.81201416e+02, 5.19827820e+02,
    4.48485077e+02, 5.22944824e+02, 4.14794434e+02, 5.26100891e+02,
    3.80457428e+02, 5.29262146e+02 ]
