%YAML:1.0
---
points: [ 1.51121204e+03, 4.16899536e+02, 1.49039929e+03, 4.17448242e+02,
    1.47030371e+03, 4.18153778e+02, 1.45054321e+03, 4.18487427e+02,
    1.43147620e+03, 4.19402771e+02, 1.41298779e+03, 4.19642242e+02,
    1.39519312e+03, 4.20514984e+02, 1.51668298e+03, 3.97547180e+02,
    1.49595056e+03, 3.98663757e+02, 1.47562720e+03, 3.99496277e+02,
    1.45594226e+03, 4.00648468e+02, 1.43707031e+03, 4.01427185e+02,
    1.41859802e+03, 4.02520660e+02, 1.40071143e+03, 4.03252136e+02,
    1.52240271e+03, 3.78626434e+02, 1.50127734e+03, 3.79868927e+02,
    1.48108704e+03, 3.81400421e+02, 1.46146704e+03, 3.82410431e+02,
    1.44250000e+03, 3.83564819e+02, 1.42387744e+03, 3.84594360e+02,
    1.40593762e+03, 3.86052551e+02, 1.52760742e+03, 3.59715881e+02,
    1.50679285e+03, 3.61484161e+02, 1.48644629e+03, 3.62796967e+02,
    1.46693823e+03, 3.64610535e+02, 1.44796045e+03, 3.65913422e+02,
    1.42948792e+03, 3.67435364e+02, 1.41152539e+03, 3.68846252e+02,
    1.53311658e+03, 3.41143433e+02, 1.51215735e+03, 3.42908630e+02,
    1.49203638e+03, 3.45009460e+02, 1.47245459e+03, 3.46444489e+02,
    1.45331360e+03, 3.48449677e+02, 1.43469519e+03, 3.50070801e+02,
    1.41687329e+03, 3.51883698e+02, 1.53831018e+03, 3.22509186e+02,
    1.51769690e+03, 3.24725647e+02, 1.49730066e+03, 3.26849335e+02,
    1.47775305e+03, 3.28913788e+02, 1.45873889e+03, 3.30737335e+02,
    1.44018640e+03, 3.33211273e+02, 1.42230261e+03, 3.34571716e+02,
    1.54379321e+03, 3.04225311e+02, 1.52285437e+03, 3.06643402e+02,
    1.50275757e+03, 3.09072357e+02, 1.48312573e+03, 3.11295471e+02,
    1.46416833e+03, 3.13500000e+02, 1.44553162e+03, 3.15741150e+02,
    1.42754761e+03, 3.18101776e+02, 1.54895190e+03, 2.85883972e+02,
    1.52837183e+03, 2.88542206e+02, 1.50790649e+03, 2.91241516e+02,
    1.48853796e+03, 2.93785767e+02, 1.46947803e+03, 2.96401489e+02,
    1.45105920e+03, 2.98774689e+02, 1.43279712e+03, 3.01344086e+02,
    1.55456812e+03, 2.67773163e+02, 1.53351501e+03, 2.70734680e+02,
    1.51343652e+03, 2.73672302e+02, 1.49378723e+03, 2.76408234e+02,
    1.47465576e+03, 2.79373199e+02, 1.45603137e+03, 2.81868744e+02,
    1.43818298e+03, 2.84614532e+02 ]
