%YAML:1.0
---
points: [ 3.81868500e+02, 7.80271072e+01, 3.90209686e+02, 7.96057434e+01,
    3.98814270e+02, 8.12449188e+01, 4.07477051e+02, 8.29646988e+01,
    4.16559814e+02, 8.46420288e+01, 4.25558990e+02, 8.65645294e+01,
    4.35143585e+02, 8.83920212e+01, 3.79145935e+02, 8.68931046e+01,
    3.87521179e+02, 8.86337967e+01, 3.96053040e+02, 9.02909851e+01,
    4.04666992e+02, 9.20554276e+01, 4.13590851e+02, 9.39117737e+01,
    4.22684601e+02, 9.58279419e+01, 4.31880493e+02, 9.78075027e+01,
    3.76495697e+02, 9.58217621e+01, 3.84746124e+02, 9.76111908e+01,
    3.93255951e+02, 9.93084641e+01, 4.01722687e+02, 1.01183167e+02,
    4.10675262e+02, 1.03104774e+02, 4.19559540e+02, 1.05115334e+02,
    4.28817688e+02, 1.07080368e+02, 3.73894073e+02, 1.04507103e+02,
    3.82095856e+02, 1.06321625e+02, 3.90391693e+02, 1.08211479e+02,
    3.98955994e+02, 1.10068451e+02, 4.07714905e+02, 1.12113785e+02,
    4.16630463e+02, 1.14076172e+02, 4.25617279e+02, 1.16257767e+02,
    3.71232941e+02, 1.13127037e+02, 3.79399292e+02, 1.15013031e+02,
    3.87624756e+02, 1.16926216e+02, 3.96112579e+02, 1.18928345e+02,
    4.04758972e+02, 1.21032784e+02, 4.13617188e+02, 1.23121689e+02,
    4.22514191e+02, 1.25209335e+02, 3.68705231e+02, 1.21591400e+02,
    3.76722046e+02, 1.23650665e+02, 3.84880096e+02, 1.25643883e+02,
    3.93271729e+02, 1.27647697e+02, 4.01848572e+02, 1.29809235e+02,
    4.10583069e+02, 1.31980011e+02, 4.19429138e+02, 1.34267746e+02,
    3.66159821e+02, 1.29980087e+02, 3.74148834e+02, 1.32012207e+02,
    3.82212708e+02, 1.34117172e+02, 3.90538239e+02, 1.36173920e+02,
    3.98970062e+02, 1.38426712e+02, 4.07676697e+02, 1.40728531e+02,
    4.16479950e+02, 1.42960724e+02, 3.63677185e+02, 1.38123230e+02,
    3.71555267e+02, 1.40291458e+02, 3.79564056e+02, 1.42448715e+02,
    3.87782410e+02, 1.44675812e+02, 3.96129822e+02, 1.46944504e+02,
    4.04691620e+02, 1.49243240e+02, 4.13489105e+02, 1.51649384e+02,
    3.61264832e+02, 1.46274368e+02, 3.68961639e+02, 1.48453140e+02,
    3.76942352e+02, 1.50721771e+02, 3.85038727e+02, 1.53021011e+02,
    3.93273376e+02, 1.55314926e+02, 4.01825745e+02, 1.57715790e+02,
    4.10438019e+02, 1.60182236e+02 ]
