%YAML:1.0
---
points: [ 3.72670135e+02, 1.08204361e+02, 3.80497833e+02, 1.09581451e+02,
    3.88446747e+02, 1.10932869e+02, 3.96441284e+02, 1.12321251e+02,
    4.04513458e+02, 1.13747032e+02, 4.12582825e+02, 1.15252640e+02,
    4.20793243e+02, 1.16618080e+02, 3.70726746e+02, 1.15510925e+02,
    3.78641174e+02, 1.16919792e+02, 3.86553314e+02, 1.18264435e+02,
    3.94585693e+02, 1.19792496e+02, 4.02593170e+02, 1.21228203e+02,
    4.10764435e+02, 1.22708015e+02, 4.18980560e+02, 1.24305862e+02,
    3.68846558e+02, 1.22843254e+02, 3.76698303e+02, 1.24300728e+02,
    3.84690643e+02, 1.25703728e+02, 3.92653900e+02, 1.27237312e+02,
    4.00738495e+02, 1.28644714e+02, 4.08895203e+02, 1.30268646e+02,
    4.17125397e+02, 1.31735733e+02, 3.66911102e+02, 1.30175079e+02,
    3.74783936e+02, 1.31674484e+02, 3.82732178e+02, 1.33109802e+02,
    3.90828949e+02, 1.34612061e+02, 3.98808838e+02, 1.36222702e+02,
    4.07100464e+02, 1.37678299e+02, 4.15276306e+02, 1.39309341e+02,
    3.64977814e+02, 1.37615326e+02, 3.72901337e+02, 1.39059891e+02,
    3.80840729e+02, 1.40609604e+02, 3.88905823e+02, 1.42190247e+02,
    3.96975922e+02, 1.43705536e+02, 4.05156982e+02, 1.45344498e+02,
    4.13470032e+02, 1.46906967e+02, 3.63069031e+02, 1.44979584e+02,
    3.70962982e+02, 1.46554306e+02, 3.78927612e+02, 1.48144608e+02,
    3.86997772e+02, 1.49765076e+02, 3.95137238e+02, 1.51246918e+02,
    4.03313904e+02, 1.52906219e+02, 4.11506927e+02, 1.54585938e+02,
    3.61164917e+02, 1.52441193e+02, 3.69055664e+02, 1.53971832e+02,
    3.77009308e+02, 1.55589005e+02, 3.85108856e+02, 1.57209137e+02,
    3.93162415e+02, 1.58785324e+02, 4.01313721e+02, 1.60517029e+02,
    4.09664215e+02, 1.62121384e+02, 3.59172821e+02, 1.59834091e+02,
    3.67198883e+02, 1.61451782e+02, 3.75079102e+02, 1.63120987e+02,
    3.83144165e+02, 1.64759781e+02, 3.91269562e+02, 1.66385773e+02,
    3.99454803e+02, 1.68067902e+02, 4.07732574e+02, 1.69922867e+02,
    3.57226440e+02, 1.67264221e+02, 3.65129608e+02, 1.68942780e+02,
    3.73188293e+02, 1.70619476e+02, 3.81161102e+02, 1.72300430e+02,
    3.89295074e+02, 1.74006683e+02, 3.97578369e+02, 1.75699585e+02,
    4.05866425e+02, 1.77399475e+02 ]
