%YAML:1.0
---
points: [ 1.24692177e+02, 1.89487991e+02, 1.16395142e+02, 1.95300735e+02,
    1.07952759e+02, 2.01293671e+02, 9.93922653e+01, 2.07285339e+02,
    9.07574692e+01, 2.13601181e+02, 8.19309235e+01, 2.19866837e+02,
    7.31038055e+01, 2.26281815e+02, 1.18418335e+02, 1.81487900e+02,
    1.09988091e+02, 1.87380936e+02, 1.01419662e+02, 1.93313721e+02,
    9.27561417e+01, 1.99419205e+02, 8.39803543e+01, 2.05526718e+02,
    7.50436554e+01, 2.11974396e+02, 6.58957062e+01, 2.18373642e+02,
    1.12109100e+02, 1.73420517e+02, 1.03520584e+02, 1.79307632e+02,
    9.48106766e+01, 1.85263275e+02, 8.59557953e+01, 1.91330673e+02,
    7.71065903e+01, 1.97467285e+02, 6.79457474e+01, 2.03784332e+02,
    5.88095474e+01, 2.10175217e+02, 1.05567657e+02, 1.65116486e+02,
    9.68325958e+01, 1.71041489e+02, 8.80534668e+01, 1.76935638e+02,
    7.90191193e+01, 1.83083267e+02, 6.99873428e+01, 1.89170502e+02,
    6.08094978e+01, 1.95486969e+02, 5.15422440e+01, 2.01954056e+02,
    9.89488983e+01, 1.56628830e+02, 9.01448898e+01, 1.62469589e+02,
    8.11618347e+01, 1.68386017e+02, 7.20706711e+01, 1.74514893e+02,
    6.27671623e+01, 1.80717941e+02, 5.34637108e+01, 1.87082657e+02,
    4.41407433e+01, 1.93425339e+02, 9.21651230e+01, 1.47960312e+02,
    8.31770935e+01, 1.53818375e+02, 7.41924591e+01, 1.59738373e+02,
    6.48052292e+01, 1.65869751e+02, 5.55111008e+01, 1.72077606e+02,
    4.61210938e+01, 1.78388474e+02, 3.66784096e+01, 1.84590210e+02,
    8.53453445e+01, 1.39142441e+02, 7.62443085e+01, 1.45106003e+02,
    6.69665298e+01, 1.51011292e+02, 5.76811905e+01, 1.57119354e+02,
    4.81610413e+01, 1.63225327e+02, 3.86834221e+01, 1.69411438e+02,
    2.91467533e+01, 1.76058273e+02, 7.83430099e+01, 1.30067596e+02,
    6.91736908e+01, 1.35974640e+02, 5.98963661e+01, 1.42028336e+02,
    5.03396835e+01, 1.48191513e+02, 4.03790779e+01, 1.54319153e+02,
    3.16651020e+01, 1.60534073e+02, 2.14022808e+01, 1.66856842e+02,
    7.13725281e+01, 1.20989708e+02, 6.19541206e+01, 1.26802086e+02,
    5.26270332e+01, 1.32747940e+02, 4.30287361e+01, 1.38965637e+02,
    3.36216164e+01, 1.45197510e+02, 2.38253403e+01, 1.51566757e+02,
    1.42712879e+01, 1.57894806e+02 ]
