%YAML:1.0
---
points: [ 1.38538196e+03, 1.17326805e+02, 1.40366431e+03, 1.23688568e+02,
    1.42205200e+03, 1.30732361e+02, 1.44103748e+03, 1.37628616e+02,
    1.46006921e+03, 1.45090790e+02, 1.48022095e+03, 1.52453812e+02,
    1.50035107e+03, 1.60285400e+02, 1.37049500e+03, 1.31335983e+02,
    1.38820862e+03, 1.38354156e+02, 1.40665833e+03, 1.45198563e+02,
    1.42528870e+03, 1.52482117e+02, 1.44465430e+03, 1.59752167e+02,
    1.46415051e+03, 1.67514832e+02, 1.48449658e+03, 1.75180984e+02,
    1.35520874e+03, 1.45623520e+02, 1.37293677e+03, 1.52555710e+02,
    1.39074756e+03, 1.60029846e+02, 1.40971594e+03, 1.67219833e+02,
    1.42853760e+03, 1.74892166e+02, 1.44841101e+03, 1.82535767e+02,
    1.46811426e+03, 1.90631165e+02, 1.33993689e+03, 1.59678101e+02,
    1.35737231e+03, 1.67185471e+02, 1.37560510e+03, 1.74338455e+02,
    1.39366528e+03, 1.82169159e+02, 1.41288367e+03, 1.89685349e+02,
    1.43181421e+03, 1.97840729e+02, 1.45218677e+03, 2.05824448e+02,
    1.32456018e+03, 1.74317429e+02, 1.34198059e+03, 1.81542236e+02,
    1.35962524e+03, 1.89273911e+02, 1.37825562e+03, 1.96791870e+02,
    1.39667603e+03, 2.05041626e+02, 1.41609753e+03, 2.13129517e+02,
    1.43554517e+03, 2.21533096e+02, 1.30930591e+03, 1.88631866e+02,
    1.32630554e+03, 1.96255768e+02, 1.34419739e+03, 2.04020599e+02,
    1.36179883e+03, 2.12116486e+02, 1.38074048e+03, 2.20165161e+02,
    1.39947571e+03, 2.28615829e+02, 1.41935864e+03, 2.37255478e+02,
    1.29367432e+03, 2.03141129e+02, 1.31090662e+03, 2.10742310e+02,
    1.32823621e+03, 2.18777924e+02, 1.34639441e+03, 2.26902756e+02,
    1.36445447e+03, 2.35498108e+02, 1.38355859e+03, 2.43940582e+02,
    1.40275159e+03, 2.53012131e+02, 1.27840991e+03, 2.17501541e+02,
    1.29512964e+03, 2.25585358e+02, 1.31261169e+03, 2.33641632e+02,
    1.32998218e+03, 2.42244949e+02, 1.34844641e+03, 2.50680634e+02,
    1.36695215e+03, 2.59665100e+02, 1.38633215e+03, 2.68647705e+02,
    1.26268420e+03, 2.32177475e+02, 1.27953503e+03, 2.40205826e+02,
    1.29645593e+03, 2.48674103e+02, 1.31427673e+03, 2.57325287e+02,
    1.33190125e+03, 2.66239471e+02, 1.35071155e+03, 2.75223083e+02,
    1.36954639e+03, 2.84639587e+02 ]
