%YAML:1.0
---
points: [ 5.00947418e+02, 4.63255432e+02, 4.75721710e+02, 4.80578705e+02,
    4.50007111e+02, 4.98259247e+02, 4.23858795e+02, 5.16265991e+02,
    3.97305206e+02, 5.34427124e+02, 3.70201019e+02, 5.53142822e+02,
    3.42556030e+02, 5.71991211e+02, 4.81676880e+02, 4.39726013e+02,
    4.55830170e+02, 4.57021484e+02, 4.29796021e+02, 4.74699677e+02,
    4.03091003e+02, 4.92607758e+02, 3.76177612e+02, 5.10934814e+02,
    3.48439453e+02, 5.29511475e+02, 3.20533966e+02, 5.48551758e+02,
    4.61796051e+02, 4.15644165e+02, 4.35810913e+02, 4.33014008e+02,
    4.09058472e+02, 4.50586182e+02, 3.82045502e+02, 4.68561432e+02,
    3.54408661e+02, 4.86718719e+02, 3.26412201e+02, 5.05428131e+02,
    2.97798859e+02, 5.24478394e+02, 4.41727936e+02, 3.91052185e+02,
    4.14980164e+02, 4.08313416e+02, 3.88049469e+02, 4.25984741e+02,
    3.60288025e+02, 4.43780884e+02, 3.32315430e+02, 4.62171478e+02,
    3.03729980e+02, 4.80685638e+02, 2.74695740e+02, 4.99801605e+02,
    4.20836487e+02, 3.65663239e+02, 3.93853607e+02, 3.83060638e+02,
    3.66166931e+02, 4.00605713e+02, 3.38186523e+02, 4.18549438e+02,
    3.09543427e+02, 4.36730194e+02, 2.80586914e+02, 4.55454010e+02,
    2.51175156e+02, 4.74424866e+02, 3.99723328e+02, 3.39823792e+02,
    3.72090912e+02, 3.57090973e+02, 3.44139557e+02, 3.74692047e+02,
    3.15480743e+02, 3.92547668e+02, 2.86470337e+02, 4.10825562e+02,
    2.56893250e+02, 4.29416260e+02, 2.27083954e+02, 4.48453674e+02,
    3.78063843e+02, 3.13385223e+02, 3.50126709e+02, 3.30695709e+02,
    3.21490936e+02, 3.48192078e+02, 2.92531342e+02, 3.66207275e+02,
    2.62867340e+02, 3.84367737e+02, 2.33071762e+02, 4.03094391e+02,
    2.02537567e+02, 4.21917297e+02, 3.56103210e+02, 2.86320160e+02,
    3.27434631e+02, 3.03498444e+02, 2.98532379e+02, 3.21151367e+02,
    2.68777679e+02, 3.38911774e+02, 2.39019455e+02, 3.57268707e+02,
    2.08413986e+02, 3.75750916e+02, 1.77552261e+02, 3.94727783e+02,
    3.33392822e+02, 2.58520050e+02, 3.04476746e+02, 2.75664276e+02,
    2.74879547e+02, 2.93269928e+02, 2.45024643e+02, 3.11221436e+02,
    2.14395187e+02, 3.29391754e+02, 1.83500610e+02, 3.47990875e+02,
    1.51849091e+02, 3.66875305e+02 ]
