%YAML:1.0
---
points: [ 4.15623352e+02, 2.45001373e+02, 4.06390869e+02, 2.44661697e+02,
    3.97412537e+02, 2.44142899e+02, 3.88575500e+02, 2.43743454e+02,
    3.80052460e+02, 2.43283813e+02, 3.71333313e+02, 2.42866577e+02,
    3.63212646e+02, 2.42560669e+02, 4.15735687e+02, 2.36982254e+02,
    4.06658997e+02, 2.36722519e+02, 3.97737091e+02, 2.36409134e+02,
    3.89071381e+02, 2.35873245e+02, 3.80315094e+02, 2.35671951e+02,
    3.72003357e+02, 2.35289429e+02, 3.63608643e+02, 2.34881271e+02,
    4.15976410e+02, 2.29003174e+02, 4.06936096e+02, 2.28736908e+02,
    3.98129395e+02, 2.28534027e+02, 3.89357269e+02, 2.28291306e+02,
    3.80860504e+02, 2.28000290e+02, 3.72458862e+02, 2.27756927e+02,
    3.64200104e+02, 2.27545868e+02, 4.16146912e+02, 2.21208725e+02,
    4.07286560e+02, 2.20921295e+02, 3.98376343e+02, 2.20794540e+02,
    3.89695099e+02, 2.20675659e+02, 3.81294586e+02, 2.20510712e+02,
    3.72923370e+02, 2.20292099e+02, 3.64733368e+02, 2.20079468e+02,
    4.16269562e+02, 2.13575882e+02, 4.07386292e+02, 2.13537827e+02,
    3.98684509e+02, 2.13343277e+02, 3.90170410e+02, 2.13187195e+02,
    3.81704315e+02, 2.13056702e+02, 3.73337982e+02, 2.12924286e+02,
    3.65255341e+02, 2.12782516e+02, 4.16485107e+02, 2.05774902e+02,
    4.07705963e+02, 2.05699814e+02, 3.99038696e+02, 2.05669266e+02,
    3.90352417e+02, 2.05680511e+02, 3.82172394e+02, 2.05674438e+02,
    3.73771912e+02, 2.05711731e+02, 3.65829742e+02, 2.05670395e+02,
    4.16693573e+02, 1.98416550e+02, 4.07919922e+02, 1.98540100e+02,
    3.99269287e+02, 1.98555756e+02, 3.90794403e+02, 1.98630966e+02,
    3.82436523e+02, 1.98656631e+02, 3.74242432e+02, 1.98692062e+02,
    3.66319427e+02, 1.98681976e+02, 4.16852661e+02, 1.90942856e+02,
    4.08254883e+02, 1.90888092e+02, 3.99546631e+02, 1.91177994e+02,
    3.91226868e+02, 1.91291870e+02, 3.82925446e+02, 1.91439804e+02,
    3.74793640e+02, 1.91632309e+02, 3.66828766e+02, 1.91643066e+02,
    4.17136444e+02, 1.83621170e+02, 4.08397919e+02, 1.83808105e+02,
    3.99888916e+02, 1.83986572e+02, 3.91564117e+02, 1.84209824e+02,
    3.83308167e+02, 1.84517990e+02, 3.75251251e+02, 1.84618027e+02,
    3.67341827e+02, 1.84776154e+02 ]
