%YAML:1.0
---
points: [ 7.80706116e+02, 2.17856293e+01, 8.11555725e+02, 2.55210819e+01,
    8.42410217e+02, 2.91836929e+01, 8.73030457e+02, 3.28929329e+01,
    9.02946594e+02, 3.65322266e+01, 9.33185547e+02, 4.01074791e+01,
    9.62940430e+02, 4.37581711e+01, 7.79712585e+02, 5.54706841e+01,
    8.10365295e+02, 5.90552788e+01, 8.40555115e+02, 6.26989670e+01,
    8.70572083e+02, 6.61661072e+01, 9.00499268e+02, 6.96192093e+01,
    9.30018616e+02, 7.30634537e+01, 9.59476929e+02, 7.64001465e+01,
    7.78715088e+02, 8.81656570e+01, 8.09011780e+02, 9.15896530e+01,
    8.38700806e+02, 9.51902618e+01, 8.68510742e+02, 9.83454590e+01,
    8.97787842e+02, 1.01796181e+02, 9.27260498e+02, 1.05093590e+02,
    9.56213501e+02, 1.08386574e+02, 7.77884521e+02, 1.20063202e+02,
    8.07609802e+02, 1.23426208e+02, 8.37237671e+02, 1.26591232e+02,
    8.66459839e+02, 1.29768982e+02, 8.95481628e+02, 1.33277161e+02,
    9.24333984e+02, 1.36242859e+02, 9.52838196e+02, 1.39488251e+02,
    7.76995789e+02, 1.51021667e+02, 8.06433289e+02, 1.54433014e+02,
    8.35478210e+02, 1.57518570e+02, 8.64546448e+02, 1.60548370e+02,
    8.93051819e+02, 1.63700912e+02, 9.21600525e+02, 1.66646362e+02,
    9.49648193e+02, 1.69655640e+02, 7.76202087e+02, 1.81531876e+02,
    8.05235840e+02, 1.84567230e+02, 8.33791016e+02, 1.87457092e+02,
    8.62425537e+02, 1.90564423e+02, 8.90631653e+02, 1.93371643e+02,
    9.18636536e+02, 1.96382309e+02, 9.46702148e+02, 1.99167709e+02,
    7.75462280e+02, 2.10802994e+02, 8.04053467e+02, 2.13715820e+02,
    8.32414490e+02, 2.16573547e+02, 8.60405334e+02, 2.19346466e+02,
    8.88403625e+02, 2.22299515e+02, 9.16238953e+02, 2.24882309e+02,
    9.43548401e+02, 2.27720718e+02, 7.74558594e+02, 2.39485443e+02,
    8.02785889e+02, 2.42215363e+02, 8.30880127e+02, 2.45049301e+02,
    8.58540283e+02, 2.47681686e+02, 8.86258057e+02, 2.50370575e+02,
    9.13465759e+02, 2.52997147e+02, 9.40578369e+02, 2.55472305e+02,
    7.73884705e+02, 2.67363525e+02, 8.01561523e+02, 2.70192291e+02,
    8.29409912e+02, 2.72546783e+02, 8.56661438e+02, 2.75320251e+02,
    8.83932312e+02, 2.77642761e+02, 9.11039795e+02, 2.80357483e+02,
    9.37883667e+02, 2.82541901e+02 ]
