%YAML:1.0
---
points: [ 5.27815125e+02, 1.58079697e+02, 5.46449341e+02, 1.83435913e+02,
    5.64459839e+02, 2.07747192e+02, 5.81581482e+02, 2.31162338e+02,
    5.98229675e+02, 2.53451324e+02, 6.14057678e+02, 2.75006866e+02,
    6.29403259e+02, 2.95619049e+02, 5.01893494e+02, 1.75430069e+02,
    5.21249329e+02, 2.00484161e+02, 5.39719604e+02, 2.24527496e+02,
    5.57538269e+02, 2.47555588e+02, 5.74538025e+02, 2.69589172e+02,
    5.91014587e+02, 2.90814392e+02, 6.06724304e+02, 3.11257538e+02,
    4.75872253e+02, 1.93044434e+02, 4.95752747e+02, 2.17711823e+02,
    5.14922424e+02, 2.41503418e+02, 5.33221802e+02, 2.64199341e+02,
    5.50882080e+02, 2.86102783e+02, 5.67765137e+02, 3.06947784e+02,
    5.84112671e+02, 3.27131683e+02, 4.49673065e+02, 2.10626007e+02,
    4.70279175e+02, 2.35136002e+02, 4.89867706e+02, 2.58490051e+02,
    5.08864655e+02, 2.80887085e+02, 5.26899902e+02, 3.02413513e+02,
    5.44471619e+02, 3.23093262e+02, 5.61275208e+02, 3.42795502e+02,
    4.23280090e+02, 2.28500961e+02, 4.44351166e+02, 2.52533707e+02,
    4.64659912e+02, 2.75628998e+02, 4.84074554e+02, 2.97653870e+02,
    5.02852173e+02, 3.18912537e+02, 5.20775452e+02, 3.39292297e+02,
    5.38151733e+02, 3.58784271e+02, 3.96499725e+02, 2.46429428e+02,
    4.18364410e+02, 2.70190552e+02, 4.39146454e+02, 2.92839142e+02,
    4.59197601e+02, 3.14663879e+02, 4.78388062e+02, 3.35579681e+02,
    4.96970459e+02, 3.55683929e+02, 5.14804688e+02, 3.74980774e+02,
    3.69687561e+02, 2.64416260e+02, 3.91992096e+02, 2.87778961e+02,
    4.13598785e+02, 3.10265930e+02, 4.34141449e+02, 3.31697174e+02,
    4.53998413e+02, 3.52344543e+02, 4.72900452e+02, 3.72129211e+02,
    4.91460022e+02, 3.91055969e+02, 3.42557922e+02, 2.82538727e+02,
    3.65656158e+02, 3.05562073e+02, 3.87743073e+02, 3.27652618e+02,
    4.09005554e+02, 3.48834442e+02, 4.29337860e+02, 3.69130127e+02,
    4.48876343e+02, 3.88620300e+02, 4.67781677e+02, 4.07383392e+02,
    3.15441101e+02, 3.00715454e+02, 3.38955536e+02, 3.23523438e+02,
    3.61728760e+02, 3.45298737e+02, 3.83477966e+02, 3.66176605e+02,
    4.04490173e+02, 3.86179413e+02, 4.24688110e+02, 4.05423950e+02,
    4.44071625e+02, 4.23826965e+02 ]
