%YAML:1.0
---
points: [ 1.35306702e+02, 8.66729584e+01, 1.41014221e+02, 9.50990829e+01,
    1.46517960e+02, 1.03174370e+02, 1.51841583e+02, 1.10983780e+02,
    1.57018677e+02, 1.18485458e+02, 1.61940262e+02, 1.25787552e+02,
    1.66774582e+02, 1.32683289e+02, 1.26653305e+02, 9.25933838e+01,
    1.32591812e+02, 1.00812958e+02, 1.38266418e+02, 1.08935555e+02,
    1.43813080e+02, 1.16643013e+02, 1.49139435e+02, 1.24080261e+02,
    1.54235657e+02, 1.31178299e+02, 1.59042801e+02, 1.38015961e+02,
    1.18108208e+02, 9.85277786e+01, 1.24099159e+02, 1.06743378e+02,
    1.30081604e+02, 1.14642334e+02, 1.35713211e+02, 1.22300171e+02,
    1.41196747e+02, 1.29590286e+02, 1.46460007e+02, 1.36609619e+02,
    1.51622604e+02, 1.43336227e+02, 1.09339981e+02, 1.04540565e+02,
    1.15693459e+02, 1.12592072e+02, 1.21738876e+02, 1.20421745e+02,
    1.27619606e+02, 1.27925224e+02, 1.33272095e+02, 1.35204056e+02,
    1.38701675e+02, 1.42137955e+02, 1.43912186e+02, 1.48743347e+02,
    1.00619240e+02, 1.10611870e+02, 1.07088478e+02, 1.18614342e+02,
    1.13328888e+02, 1.26264130e+02, 1.19349144e+02, 1.33682434e+02,
    1.25200035e+02, 1.40790970e+02, 1.30851959e+02, 1.47656067e+02,
    1.36231262e+02, 1.54177475e+02, 9.17952652e+01, 1.16730057e+02,
    9.84711761e+01, 1.24536507e+02, 1.04914200e+02, 1.32169968e+02,
    1.11118874e+02, 1.39384323e+02, 1.17140701e+02, 1.46438232e+02,
    1.22939804e+02, 1.53196533e+02, 1.28469131e+02, 1.59684982e+02,
    8.29297333e+01, 1.22844299e+02, 8.98146439e+01, 1.30573044e+02,
    9.63585892e+01, 1.38053299e+02, 1.02813736e+02, 1.45210953e+02,
    1.08992683e+02, 1.52127670e+02, 1.14938324e+02, 1.58789246e+02,
    1.20669380e+02, 1.65115692e+02, 7.41551590e+01, 1.29011703e+02,
    8.11086655e+01, 1.36636734e+02, 8.79726944e+01, 1.44012436e+02,
    9.44472961e+01, 1.51028870e+02, 1.00826401e+02, 1.57881973e+02,
    1.06948997e+02, 1.64365158e+02, 1.12837799e+02, 1.70687057e+02,
    6.51906128e+01, 1.35158417e+02, 7.24376755e+01, 1.42720169e+02,
    7.93087158e+01, 1.49919235e+02, 8.61501312e+01, 1.56940231e+02,
    9.26412506e+01, 1.63575989e+02, 9.89157181e+01, 1.70138077e+02,
    1.04954544e+02, 1.76245056e+02 ]
