%YAML:1.0
---
points: [ 2.56785217e+02, 2.64672150e+02, 2.56813385e+02, 2.72796387e+02,
    2.56813202e+02, 2.81194641e+02, 2.56818024e+02, 2.89958160e+02,
    2.56800812e+02, 2.98986908e+02, 2.56856964e+02, 3.08222229e+02,
    2.56754944e+02, 3.18085052e+02, 2.47794907e+02, 2.64367432e+02,
    2.47569931e+02, 2.72451019e+02, 2.47541580e+02, 2.80881592e+02,
    2.47302429e+02, 2.89444946e+02, 2.47108032e+02, 2.98567993e+02,
    2.46906281e+02, 3.07946106e+02, 2.46785416e+02, 3.17600830e+02,
    2.38533600e+02, 2.63958710e+02, 2.38296204e+02, 2.72169891e+02,
    2.37912170e+02, 2.80475311e+02, 2.37673569e+02, 2.89160980e+02,
    2.37317871e+02, 2.98315979e+02, 2.36914597e+02, 3.07614899e+02,
    2.36582886e+02, 3.17321625e+02, 2.29483856e+02, 2.63450989e+02,
    2.28874741e+02, 2.71714050e+02, 2.28542923e+02, 2.80189545e+02,
    2.27936935e+02, 2.88905334e+02, 2.27552109e+02, 2.97917511e+02,
    2.26910172e+02, 3.07389679e+02, 2.26596085e+02, 3.17081207e+02,
    2.20097198e+02, 2.63204803e+02, 2.19607803e+02, 2.71338348e+02,
    2.18943512e+02, 2.79846802e+02, 2.18315628e+02, 2.88591156e+02,
    2.17672623e+02, 2.97607117e+02, 2.16890305e+02, 3.07162231e+02,
    2.16173737e+02, 3.16792755e+02, 2.10879745e+02, 2.62857697e+02,
    2.10171280e+02, 2.71034271e+02, 2.09367050e+02, 2.79462036e+02,
    2.08491486e+02, 2.88275818e+02, 2.07729416e+02, 2.97343781e+02,
    2.06829987e+02, 3.06762512e+02, 2.05996887e+02, 3.16500793e+02,
    2.01513367e+02, 2.62597748e+02, 2.00659561e+02, 2.70693115e+02,
    1.99713608e+02, 2.79225311e+02, 1.98789215e+02, 2.87974182e+02,
    1.97769470e+02, 2.97094086e+02, 1.96702499e+02, 3.06453247e+02,
    1.95607742e+02, 3.16279266e+02, 1.92258347e+02, 2.62246429e+02,
    1.91191666e+02, 2.70431641e+02, 1.90118500e+02, 2.78928528e+02,
    1.88979309e+02, 2.87660004e+02, 1.87812698e+02, 2.96802338e+02,
    1.86578415e+02, 3.06240845e+02, 1.85401047e+02, 3.15936035e+02,
    1.82811203e+02, 2.61883606e+02, 1.81658081e+02, 2.70162048e+02,
    1.80351074e+02, 2.78663147e+02, 1.79129883e+02, 2.87445374e+02,
    1.77777390e+02, 2.96543854e+02, 1.76405823e+02, 3.05933319e+02,
    1.74859940e+02, 3.15797668e+02 ]
