%YAML:1.0
---
points: [ 3.72574615e+02, 6.39561157e+02, 3.92874207e+02, 6.58622498e+02,
    4.13103271e+02, 6.77533447e+02, 4.32744598e+02, 6.96080627e+02,
    4.52423553e+02, 7.14517090e+02, 4.71663544e+02, 7.32453308e+02,
    4.90759949e+02, 7.50511841e+02, 3.49757172e+02, 6.58455688e+02,
    3.70516296e+02, 6.77628296e+02, 3.90717194e+02, 6.96456360e+02,
    4.10886780e+02, 7.15153503e+02, 4.30603790e+02, 7.33426270e+02,
    4.50260193e+02, 7.51579468e+02, 4.69514435e+02, 7.69457153e+02,
    3.26811798e+02, 6.77597290e+02, 3.47681030e+02, 6.96706543e+02,
    3.68341675e+02, 7.15643127e+02, 3.88686035e+02, 7.34326111e+02,
    4.08748016e+02, 7.52634338e+02, 4.28471893e+02, 7.70742249e+02,
    4.48075928e+02, 7.88763855e+02, 3.03592072e+02, 6.96957642e+02,
    3.24939514e+02, 7.16209961e+02, 3.45601685e+02, 7.35133850e+02,
    3.66321808e+02, 7.53715576e+02, 3.86548615e+02, 7.72044556e+02,
    4.06559387e+02, 7.90334351e+02, 4.26333740e+02, 8.08267761e+02,
    2.80269989e+02, 7.16666687e+02, 3.01608978e+02, 7.35824036e+02,
    3.22686890e+02, 7.54695007e+02, 3.43420135e+02, 7.73429626e+02,
    3.64091888e+02, 7.91898743e+02, 3.84365570e+02, 8.09955811e+02,
    4.04518524e+02, 8.28047668e+02, 2.56594849e+02, 7.36591064e+02,
    2.78135986e+02, 7.55722473e+02, 2.99513336e+02, 7.74708618e+02,
    3.20558228e+02, 7.93482483e+02, 3.41371063e+02, 8.11837646e+02,
    3.61840088e+02, 8.30047119e+02, 3.82270020e+02, 8.47954468e+02,
    2.32876480e+02, 7.56624268e+02, 2.54598465e+02, 7.75804504e+02,
    2.76177765e+02, 7.94707520e+02, 2.97561493e+02, 8.13540894e+02,
    3.18598297e+02, 8.31961487e+02, 3.39358917e+02, 8.50062317e+02,
    3.59901398e+02, 8.68109985e+02, 2.08661102e+02, 7.76923584e+02,
    2.30821548e+02, 7.96142273e+02, 2.52623581e+02, 8.15075928e+02,
    2.74306671e+02, 8.33692627e+02, 2.95550598e+02, 8.52228760e+02,
    3.16494843e+02, 8.70400024e+02, 3.37352478e+02, 8.88408386e+02,
    1.84579010e+02, 7.97497803e+02, 2.06755615e+02, 8.16691956e+02,
    2.29119827e+02, 8.35624756e+02, 2.50725327e+02, 8.54293152e+02,
    2.72338928e+02, 8.72724731e+02, 2.93560791e+02, 8.90796326e+02,
    3.14633270e+02, 9.08817810e+02 ]
