%YAML:1.0
---
points: [ 8.95882263e+02, 6.85190430e+02, 8.95054260e+02, 7.09187012e+02,
    8.94150879e+02, 7.33941101e+02, 8.93053589e+02, 7.59583801e+02,
    8.91986877e+02, 7.86132385e+02, 8.91023499e+02, 8.13561951e+02,
    8.89876160e+02, 8.42255066e+02, 8.68867126e+02, 6.84131348e+02,
    8.67520569e+02, 7.08082825e+02, 8.66147095e+02, 7.32881409e+02,
    8.64639709e+02, 7.58609985e+02, 8.63240356e+02, 7.85368469e+02,
    8.61519836e+02, 8.12848511e+02, 8.59915405e+02, 8.41485046e+02,
    8.41692139e+02, 6.82820068e+02, 8.39841064e+02, 7.07028564e+02,
    8.38137207e+02, 7.31950867e+02, 8.36249939e+02, 7.57630981e+02,
    8.34134949e+02, 7.84316345e+02, 8.32173462e+02, 8.12062317e+02,
    8.29741577e+02, 8.40547974e+02, 8.14586243e+02, 6.81689209e+02,
    8.12346130e+02, 7.06067566e+02, 8.10019043e+02, 7.30836609e+02,
    8.07559387e+02, 7.56691650e+02, 8.05205139e+02, 7.83424255e+02,
    8.02486145e+02, 8.11201599e+02, 7.99793762e+02, 8.39817322e+02,
    7.87154419e+02, 6.80859497e+02, 7.84520935e+02, 7.05063354e+02,
    7.81580627e+02, 7.30010803e+02, 7.78838867e+02, 7.55717285e+02,
    7.75786865e+02, 7.82602051e+02, 7.72665466e+02, 8.10436523e+02,
    7.69488342e+02, 8.39203857e+02, 7.59648071e+02, 6.79827637e+02,
    7.56492065e+02, 7.04019531e+02, 7.53368286e+02, 7.29291504e+02,
    7.49750549e+02, 7.55007568e+02, 7.46415771e+02, 7.81775574e+02,
    7.42818848e+02, 8.09648926e+02, 7.38850586e+02, 8.38494202e+02,
    7.32150085e+02, 6.79000061e+02, 7.28417114e+02, 7.03304749e+02,
    7.24600342e+02, 7.28360840e+02, 7.20839844e+02, 7.54334351e+02,
    7.16882019e+02, 7.81037842e+02, 7.12625183e+02, 8.08907349e+02,
    7.08262634e+02, 8.37938965e+02, 7.04429077e+02, 6.78105347e+02,
    7.00458679e+02, 7.02379456e+02, 6.96145508e+02, 7.27539307e+02,
    6.91587219e+02, 7.53558655e+02, 6.87174133e+02, 7.80453064e+02,
    6.82448730e+02, 8.08239563e+02, 6.77542419e+02, 8.37212585e+02,
    6.76426697e+02, 6.77194336e+02, 6.71827637e+02, 7.01573181e+02,
    6.67213806e+02, 7.26820801e+02, 6.62400757e+02, 7.52671021e+02,
    6.57381653e+02, 7.79728271e+02, 6.52151550e+02, 8.07542603e+02,
    6.46667908e+02, 8.36455811e+02 ]
