%YAML:1.0
---
points: [ 4.24088287e+02, 2.93854126e+02, 4.15320282e+02, 2.94602600e+02,
    4.06540863e+02, 2.95203674e+02, 3.97788513e+02, 2.95739716e+02,
    3.89161041e+02, 2.96350769e+02, 3.80357880e+02, 2.96815674e+02,
    3.71791138e+02, 2.97424591e+02, 4.22017761e+02, 2.85958862e+02,
    4.13394592e+02, 2.86503052e+02, 4.04675598e+02, 2.87048645e+02,
    3.96062775e+02, 2.87721893e+02, 3.87391846e+02, 2.88145599e+02,
    3.78843628e+02, 2.88761658e+02, 3.70217499e+02, 2.89260498e+02,
    4.20003662e+02, 2.77722992e+02, 4.11434723e+02, 2.78544312e+02,
    4.02860016e+02, 2.79025391e+02, 3.94200989e+02, 2.79652924e+02,
    3.85751190e+02, 2.80225830e+02, 3.77185883e+02, 2.80745300e+02,
    3.68725189e+02, 2.81311462e+02, 4.18108551e+02, 2.70064667e+02,
    4.09577484e+02, 2.70645782e+02, 4.01010468e+02, 2.71231567e+02,
    3.92462646e+02, 2.71816345e+02, 3.84046387e+02, 2.72451813e+02,
    3.75709045e+02, 2.72996826e+02, 3.67259277e+02, 2.73548065e+02,
    4.16166504e+02, 2.62399902e+02, 4.07641998e+02, 2.63045624e+02,
    3.99246796e+02, 2.63575775e+02, 3.90806854e+02, 2.64242004e+02,
    3.82489685e+02, 2.64808350e+02, 3.74074921e+02, 2.65432831e+02,
    3.65871796e+02, 2.65968506e+02, 4.14179749e+02, 2.54790497e+02,
    4.05842773e+02, 2.55460785e+02, 3.97454224e+02, 2.56140747e+02,
    3.89174744e+02, 2.56705200e+02, 3.80868256e+02, 2.57310333e+02,
    3.72660309e+02, 2.57936096e+02, 3.64443024e+02, 2.58588715e+02,
    4.12391907e+02, 2.47604523e+02, 4.04007935e+02, 2.48159912e+02,
    3.95846954e+02, 2.48825150e+02, 3.87533691e+02, 2.49448639e+02,
    3.79348694e+02, 2.50121567e+02, 3.71182190e+02, 2.50757797e+02,
    3.63091003e+02, 2.51305176e+02, 4.10464325e+02, 2.40388687e+02,
    4.02206085e+02, 2.40901917e+02, 3.94090546e+02, 2.41617554e+02,
    3.85953400e+02, 2.42353897e+02, 3.77818176e+02, 2.42900757e+02,
    3.69772339e+02, 2.43585724e+02, 3.61710571e+02, 2.44290817e+02,
    4.08595062e+02, 2.33245361e+02, 4.00522980e+02, 2.34046097e+02,
    3.92427246e+02, 2.34680344e+02, 3.84397888e+02, 2.35266800e+02,
    3.76356781e+02, 2.36082092e+02, 3.68338776e+02, 2.36614243e+02,
    3.60496796e+02, 2.37357300e+02 ]
