%YAML:1.0
---
points: [ 3.19255890e+02, 4.81297699e+02, 3.33116669e+02, 5.08287476e+02,
    3.46902405e+02, 5.35303406e+02, 3.60636017e+02, 5.61940247e+02,
    3.74125183e+02, 5.88434387e+02, 3.87612305e+02, 6.14602417e+02,
    4.00782471e+02, 6.40679260e+02, 2.87578522e+02, 4.92119934e+02,
    3.01681244e+02, 5.19624817e+02, 3.15853333e+02, 5.47008179e+02,
    3.30032684e+02, 5.74109436e+02, 3.43752258e+02, 6.00716858e+02,
    3.57559235e+02, 6.27543945e+02, 3.71302795e+02, 6.53731567e+02,
    2.55115875e+02, 5.03350311e+02, 2.69611511e+02, 5.31324341e+02,
    2.84114502e+02, 5.59129333e+02, 2.98461639e+02, 5.86493958e+02,
    3.12563995e+02, 6.13790466e+02, 3.26665894e+02, 6.40802063e+02,
    3.40640900e+02, 6.67631287e+02, 2.21557098e+02, 5.14930603e+02,
    2.36472977e+02, 5.43446411e+02, 2.51330933e+02, 5.71504578e+02,
    2.65904663e+02, 5.99526367e+02, 2.80387177e+02, 6.26978577e+02,
    2.94830017e+02, 6.54594177e+02, 3.09258667e+02, 6.81669678e+02,
    1.87202621e+02, 5.27177856e+02, 2.02313217e+02, 5.55822205e+02,
    2.17367142e+02, 5.84502502e+02, 2.32346695e+02, 6.12720581e+02,
    2.47249176e+02, 6.40942017e+02, 2.62009583e+02, 6.68632812e+02,
    2.76664429e+02, 6.96417419e+02, 1.51514084e+02, 5.39528870e+02,
    1.67022537e+02, 5.68811829e+02, 1.82521744e+02, 5.97784302e+02,
    1.97841156e+02, 6.26647095e+02, 2.13063309e+02, 6.55144958e+02,
    2.28142868e+02, 6.83473328e+02, 2.43086349e+02, 7.11391602e+02,
    1.14989075e+02, 5.52456299e+02, 1.30911575e+02, 5.82189270e+02,
    1.46677094e+02, 6.11716248e+02, 1.62407913e+02, 6.40884216e+02,
    1.78039780e+02, 6.69818054e+02, 1.93509338e+02, 6.98526794e+02,
    2.08821655e+02, 7.27111450e+02, 7.73431015e+01, 5.65743591e+02,
    9.36239700e+01, 5.96148987e+02, 1.09703308e+02, 6.25860596e+02,
    1.25806091e+02, 6.55649902e+02, 1.41654846e+02, 6.84884705e+02,
    1.57595901e+02, 7.14285278e+02, 1.73325500e+02, 7.42925598e+02,
    3.84801865e+01, 5.79644104e+02, 5.52086449e+01, 6.10277832e+02,
    7.16189194e+01, 6.40648254e+02, 8.82028351e+01, 6.70717773e+02,
    1.04533730e+02, 7.00715942e+02, 1.20696144e+02, 7.30368774e+02,
    1.36787582e+02, 7.59614685e+02 ]
