%YAML:1.0
---
points: [ 2.01105103e+02, 2.42070709e+02, 1.97886566e+02, 2.49965424e+02,
    1.94589325e+02, 2.58155884e+02, 1.91311783e+02, 2.66522491e+02,
    1.87824524e+02, 2.75211426e+02, 1.84302231e+02, 2.84185028e+02,
    1.80638290e+02, 2.93307312e+02, 1.92616470e+02, 2.38364258e+02,
    1.89256378e+02, 2.46311829e+02, 1.85928375e+02, 2.54475220e+02,
    1.82388000e+02, 2.62830780e+02, 1.78837540e+02, 2.71523529e+02,
    1.75069107e+02, 2.80497772e+02, 1.71278732e+02, 2.89705231e+02,
    1.83890564e+02, 2.34645676e+02, 1.80586975e+02, 2.42548035e+02,
    1.77013199e+02, 2.50740829e+02, 1.73357056e+02, 2.59149384e+02,
    1.69574036e+02, 2.67808899e+02, 1.65727402e+02, 2.76751312e+02,
    1.61701019e+02, 2.85952393e+02, 1.75341125e+02, 2.30851669e+02,
    1.71710419e+02, 2.38817291e+02, 1.68077148e+02, 2.47003860e+02,
    1.64217728e+02, 2.55391693e+02, 1.60344421e+02, 2.64050812e+02,
    1.56269379e+02, 2.73029694e+02, 1.52161896e+02, 2.82198212e+02,
    1.66470032e+02, 2.27081116e+02, 1.62745056e+02, 2.35023727e+02,
    1.58892136e+02, 2.43222458e+02, 1.54982285e+02, 2.51517960e+02,
    1.50885498e+02, 2.60242615e+02, 1.46661072e+02, 2.69177734e+02,
    1.42306793e+02, 2.78324554e+02, 1.57583496e+02, 2.23216187e+02,
    1.53626389e+02, 2.31164978e+02, 1.49664124e+02, 2.39300339e+02,
    1.45559830e+02, 2.47726288e+02, 1.41321930e+02, 2.56377197e+02,
    1.36977798e+02, 2.65276215e+02, 1.32544464e+02, 2.74499512e+02,
    1.48373245e+02, 2.19356110e+02, 1.44440887e+02, 2.27278397e+02,
    1.40288422e+02, 2.35401428e+02, 1.36100815e+02, 2.43869141e+02,
    1.31667236e+02, 2.52453400e+02, 1.27180519e+02, 2.61357422e+02,
    1.22460228e+02, 2.70632568e+02, 1.39341156e+02, 2.15431976e+02,
    1.35163284e+02, 2.23357162e+02, 1.30871735e+02, 2.31513809e+02,
    1.26475044e+02, 2.39932220e+02, 1.21960213e+02, 2.48470947e+02,
    1.17228439e+02, 2.57451416e+02, 1.12455826e+02, 2.66614319e+02,
    1.30131363e+02, 2.11429138e+02, 1.25740288e+02, 2.19406754e+02,
    1.21329796e+02, 2.27582764e+02, 1.16751549e+02, 2.35965561e+02,
    1.12071320e+02, 2.44411499e+02, 1.07270378e+02, 2.53384460e+02,
    1.02227348e+02, 2.62549225e+02 ]
