%YAML:1.0
---
points: [ 7.31064270e+02, 6.18586670e+02, 7.20803467e+02, 6.42005005e+02,
    7.10401550e+02, 6.66308105e+02, 6.99591553e+02, 6.90920532e+02,
    6.88495667e+02, 7.16569519e+02, 6.77241333e+02, 7.43071899e+02,
    6.65250671e+02, 7.70257507e+02, 7.05545776e+02, 6.07636169e+02,
    6.94843567e+02, 6.31216919e+02, 6.84132263e+02, 6.55308838e+02,
    6.72829407e+02, 6.80086548e+02, 6.61387695e+02, 7.05774536e+02,
    6.49402710e+02, 7.32237793e+02, 6.37062683e+02, 7.59486328e+02,
    6.79770203e+02, 5.96652466e+02, 6.68714844e+02, 6.20151733e+02,
    6.57466919e+02, 6.44370178e+02, 6.45741638e+02, 6.69193787e+02,
    6.33809509e+02, 6.94707092e+02, 6.21317810e+02, 7.21225525e+02,
    6.08550659e+02, 7.48413513e+02, 6.53734009e+02, 5.85528625e+02,
    6.42283569e+02, 6.09247253e+02, 6.30553040e+02, 6.33196777e+02,
    6.18408691e+02, 6.58084473e+02, 6.05894897e+02, 6.83651733e+02,
    5.92983398e+02, 7.10266296e+02, 5.79635071e+02, 7.37432251e+02,
    6.27309265e+02, 5.74366638e+02, 6.15417175e+02, 5.97790527e+02,
    6.03258728e+02, 6.21920776e+02, 5.90562317e+02, 6.46763794e+02,
    5.77567261e+02, 6.72536255e+02, 5.64260681e+02, 6.98861572e+02,
    5.50353760e+02, 7.26233826e+02, 6.00460327e+02, 5.62998779e+02,
    5.88223938e+02, 5.86517334e+02, 5.75481750e+02, 6.10605835e+02,
    5.62397339e+02, 6.35557007e+02, 5.48792847e+02, 6.61083496e+02,
    5.34952881e+02, 6.87571533e+02, 5.20633667e+02, 7.14682129e+02,
    5.73324463e+02, 5.51686340e+02, 5.60558533e+02, 5.74970337e+02,
    5.47323792e+02, 5.99322327e+02, 5.33846436e+02, 6.23841064e+02,
    5.19765808e+02, 6.49570190e+02, 5.05394867e+02, 6.75977234e+02,
    4.90502502e+02, 7.03396240e+02, 5.45826660e+02, 5.39956543e+02,
    5.32562378e+02, 5.63478760e+02, 5.19000671e+02, 5.87558105e+02,
    5.04842834e+02, 6.12393677e+02, 4.90459442e+02, 6.38002502e+02,
    4.75517487e+02, 6.64394409e+02, 4.60213501e+02, 6.91577393e+02,
    5.17970703e+02, 5.28416016e+02, 5.04298462e+02, 5.51676392e+02,
    4.90166046e+02, 5.75804199e+02, 4.75518890e+02, 6.00571533e+02,
    4.60563538e+02, 6.26247070e+02, 4.45212860e+02, 6.52482666e+02,
    4.29321014e+02, 6.79631470e+02 ]
