%YAML:1.0
---
points: [ 4.13604034e+02, 2.87657074e+02, 4.05656982e+02, 2.87797729e+02,
    3.97767609e+02, 2.88019989e+02, 3.89785095e+02, 2.88209381e+02,
    3.82077515e+02, 2.88413330e+02, 3.74005585e+02, 2.88696533e+02,
    3.66262390e+02, 2.88645386e+02, 4.12212891e+02, 2.80051758e+02,
    4.04449371e+02, 2.80202942e+02, 3.96539917e+02, 2.80367523e+02,
    3.88636261e+02, 2.80609558e+02, 3.80792206e+02, 2.80801178e+02,
    3.73004150e+02, 2.80776123e+02, 3.65169342e+02, 2.81085266e+02,
    4.10872681e+02, 2.72554443e+02, 4.03058411e+02, 2.72805481e+02,
    3.95268555e+02, 2.72914581e+02, 3.87502380e+02, 2.73026001e+02,
    3.79756897e+02, 2.73295807e+02, 3.71909424e+02, 2.73589142e+02,
    3.64239197e+02, 2.73574463e+02, 4.09538849e+02, 2.65168945e+02,
    4.01814087e+02, 2.65322540e+02, 3.94079559e+02, 2.65536255e+02,
    3.86329712e+02, 2.65795990e+02, 3.78638062e+02, 2.65867950e+02,
    3.70893921e+02, 2.65960022e+02, 3.63239441e+02, 2.66279114e+02,
    4.08185211e+02, 2.57751160e+02, 4.00570007e+02, 2.58089020e+02,
    3.92797272e+02, 2.58270813e+02, 3.85128571e+02, 2.58513275e+02,
    3.77626007e+02, 2.58724457e+02, 3.69836395e+02, 2.58874969e+02,
    3.62325592e+02, 2.58986847e+02, 4.06901855e+02, 2.50704285e+02,
    3.99274933e+02, 2.50821289e+02, 3.91662231e+02, 2.51064072e+02,
    3.83999847e+02, 2.51284668e+02, 3.76444031e+02, 2.51554916e+02,
    3.68834290e+02, 2.51666824e+02, 3.61296814e+02, 2.51892700e+02,
    4.05724548e+02, 2.43602234e+02, 3.98087585e+02, 2.43782196e+02,
    3.90546967e+02, 2.44008148e+02, 3.82891876e+02, 2.44416321e+02,
    3.75427551e+02, 2.44663330e+02, 3.67886780e+02, 2.44682541e+02,
    3.60387329e+02, 2.44864777e+02, 4.04364594e+02, 2.36829971e+02,
    3.96834198e+02, 2.36767380e+02, 3.89253632e+02, 2.37135971e+02,
    3.81863831e+02, 2.37552948e+02, 3.74347351e+02, 2.37692642e+02,
    3.66842590e+02, 2.37772949e+02, 3.58971680e+02, 2.35320267e+02,
    4.03018677e+02, 2.29744171e+02, 3.95755096e+02, 2.30102402e+02,
    3.88156433e+02, 2.30463882e+02, 3.80804871e+02, 2.30615585e+02,
    3.73237457e+02, 2.30783585e+02, 3.65963470e+02, 2.31017090e+02,
    3.58971680e+02, 2.35320236e+02 ]
