%YAML:1.0
---
points: [ 4.18732758e+02, 1.99574997e+02, 4.19832916e+02, 2.07327179e+02,
    4.20934296e+02, 2.15173645e+02, 4.22199738e+02, 2.22754074e+02,
    4.23373413e+02, 2.30837967e+02, 4.24630157e+02, 2.38350891e+02,
    4.25750427e+02, 2.46321487e+02, 4.10439087e+02, 2.00736420e+02,
    4.11628601e+02, 2.08452301e+02, 4.12817078e+02, 2.16126617e+02,
    4.14007141e+02, 2.23957626e+02, 4.15108246e+02, 2.31623032e+02,
    4.16358856e+02, 2.39363754e+02, 4.17529480e+02, 2.47176163e+02,
    4.02320679e+02, 2.01847839e+02, 4.03349457e+02, 2.09480896e+02,
    4.04566162e+02, 2.17319321e+02, 4.05672638e+02, 2.24827957e+02,
    4.06955872e+02, 2.32665222e+02, 4.08075470e+02, 2.40328476e+02,
    4.09245850e+02, 2.48158463e+02, 3.94206055e+02, 2.02951813e+02,
    3.95280182e+02, 2.10607010e+02, 3.96485046e+02, 2.18205460e+02,
    3.97631409e+02, 2.26011292e+02, 3.98826233e+02, 2.33567337e+02,
    3.99876312e+02, 2.41314056e+02, 4.01084229e+02, 2.48926819e+02,
    3.86106354e+02, 2.03978256e+02, 3.87138489e+02, 2.11616531e+02,
    3.88349243e+02, 2.19281418e+02, 3.89462006e+02, 2.26866150e+02,
    3.90550873e+02, 2.34576065e+02, 3.91845459e+02, 2.42248627e+02,
    3.92924896e+02, 2.49849701e+02, 3.78023865e+02, 2.05098785e+02,
    3.79161041e+02, 2.12717133e+02, 3.80288269e+02, 2.20264038e+02,
    3.81387604e+02, 2.27977020e+02, 3.82623108e+02, 2.35455688e+02,
    3.83669159e+02, 2.43166153e+02, 3.84833527e+02, 2.50805145e+02,
    3.70162506e+02, 2.06208145e+02, 3.71199707e+02, 2.13714050e+02,
    3.72322418e+02, 2.21327835e+02, 3.73403320e+02, 2.28793930e+02,
    3.74550964e+02, 2.36400482e+02, 3.75664520e+02, 2.43971436e+02,
    3.76795898e+02, 2.51656723e+02, 3.62183105e+02, 2.07278519e+02,
    3.63239380e+02, 2.14874054e+02, 3.64365906e+02, 2.22252472e+02,
    3.65527679e+02, 2.29873184e+02, 3.66563171e+02, 2.37341492e+02,
    3.67774750e+02, 2.44872421e+02, 3.68798431e+02, 2.52553192e+02,
    3.54407654e+02, 2.08287369e+02, 3.55444092e+02, 2.15756439e+02,
    3.56667023e+02, 2.23320633e+02, 3.57638000e+02, 2.30780975e+02,
    3.58721161e+02, 2.38276474e+02, 3.59846710e+02, 2.45808319e+02,
    3.60894287e+02, 2.53308243e+02 ]
