%YAML:1.0
---
points: [ 3.09757568e+02, 4.73781464e+02, 3.25607361e+02, 4.97718597e+02,
    3.40845306e+02, 5.20770508e+02, 3.55498291e+02, 5.42832397e+02,
    3.69668121e+02, 5.64183899e+02, 3.83226685e+02, 5.84544006e+02,
    3.96281311e+02, 6.04316040e+02, 2.78620972e+02, 4.91385986e+02,
    2.95379120e+02, 5.15427734e+02, 3.11406860e+02, 5.38367493e+02,
    3.26750183e+02, 5.60525391e+02, 3.41597412e+02, 5.81659973e+02,
    3.55835510e+02, 6.02260010e+02, 3.69638153e+02, 6.21747864e+02,
    2.46708054e+02, 5.09538574e+02, 2.64336365e+02, 5.33506409e+02,
    2.81140228e+02, 5.56586365e+02, 2.97331085e+02, 5.78561035e+02,
    3.12829834e+02, 5.99799377e+02, 3.27825592e+02, 6.20175049e+02,
    3.42294159e+02, 6.39887695e+02, 2.13969482e+02, 5.28365356e+02,
    2.32373734e+02, 5.52301819e+02, 2.50099625e+02, 5.75282043e+02,
    2.67107178e+02, 5.97351685e+02, 2.83330627e+02, 6.18394043e+02,
    2.99117279e+02, 6.38784607e+02, 3.14269745e+02, 6.58292419e+02,
    1.80300018e+02, 5.47710266e+02, 1.99565338e+02, 5.71604187e+02,
    2.18172119e+02, 5.94582031e+02, 2.35913559e+02, 6.16475586e+02,
    2.53047577e+02, 6.37547485e+02, 2.69504303e+02, 6.57659546e+02,
    2.85380157e+02, 6.77316345e+02, 1.45604980e+02, 5.67690918e+02,
    1.65895355e+02, 5.91567566e+02, 1.85311035e+02, 6.14352783e+02,
    2.04084412e+02, 6.36281860e+02, 2.21946930e+02, 6.57189819e+02,
    2.39166977e+02, 6.77338501e+02, 2.55752792e+02, 6.96635681e+02,
    1.10354019e+02, 5.88285706e+02, 1.31532700e+02, 6.11901611e+02,
    1.51946106e+02, 6.34695190e+02, 1.71473480e+02, 6.56431580e+02,
    1.90192551e+02, 6.77298157e+02, 2.08281906e+02, 6.97262512e+02,
    2.25612137e+02, 7.16518433e+02, 7.38153992e+01, 6.09348511e+02,
    9.61720734e+01, 6.32956970e+02, 1.17409836e+02, 6.55579590e+02,
    1.37944550e+02, 6.77311768e+02, 1.57526733e+02, 6.97833191e+02,
    1.76500900e+02, 7.17780151e+02, 1.94522461e+02, 7.36832886e+02,
    3.65365791e+01, 6.31282898e+02, 5.98350716e+01, 6.54678467e+02,
    8.22561493e+01, 6.77206848e+02, 1.03597252e+02, 6.98633667e+02,
    1.24224823e+02, 7.19257935e+02, 1.43850586e+02, 7.38919922e+02,
    1.62841766e+02, 7.57809631e+02 ]
