%YAML:1.0
---
points: [ 1.06570154e+03, 5.13037964e+02, 1.07868884e+03, 5.27851135e+02,
    1.09239783e+03, 5.43238770e+02, 1.10634668e+03, 5.59301025e+02,
    1.12089001e+03, 5.75840332e+02, 1.13632837e+03, 5.93231995e+02,
    1.15221960e+03, 6.11268860e+02, 1.04306885e+03, 5.27287231e+02,
    1.05563989e+03, 5.42389160e+02, 1.06870886e+03, 5.58030823e+02,
    1.08242712e+03, 5.74323975e+02, 1.09655334e+03, 5.91448120e+02,
    1.11139661e+03, 6.09020630e+02, 1.12696216e+03, 6.27524353e+02,
    1.02022430e+03, 5.41383118e+02, 1.03247107e+03, 5.56751953e+02,
    1.04525146e+03, 5.72804016e+02, 1.05839465e+03, 5.89481812e+02,
    1.07216235e+03, 6.06753540e+02, 1.08645911e+03, 6.24881409e+02,
    1.10141711e+03, 6.43592773e+02, 9.97515015e+02, 5.55525391e+02,
    1.00942920e+03, 5.71334473e+02, 1.02160559e+03, 5.87585449e+02,
    1.03445142e+03, 6.04546326e+02, 1.04769238e+03, 6.22321899e+02,
    1.06158337e+03, 6.40667053e+02, 1.07602136e+03, 6.60092651e+02,
    9.74703308e+02, 5.69801941e+02, 9.86145691e+02, 5.85934448e+02,
    9.98092773e+02, 6.02459290e+02, 1.01031763e+03, 6.19813354e+02,
    1.02316541e+03, 6.37811829e+02, 1.03655798e+03, 6.56648376e+02,
    1.05046155e+03, 6.76291443e+02, 9.51748413e+02, 5.84328979e+02,
    9.62769958e+02, 6.00607727e+02, 9.74304504e+02, 6.17618530e+02,
    9.86184631e+02, 6.35273193e+02, 9.98496460e+02, 6.53633423e+02,
    1.01137402e+03, 6.72682251e+02, 1.02474634e+03, 6.92764221e+02,
    9.28865417e+02, 5.98785339e+02, 9.39516846e+02, 6.15504395e+02,
    9.50534790e+02, 6.32694824e+02, 9.61920654e+02, 6.50667053e+02,
    9.73817261e+02, 6.69324829e+02, 9.86332275e+02, 6.88856018e+02,
    9.99271667e+02, 7.09217468e+02, 9.05975708e+02, 6.13361633e+02,
    9.16202332e+02, 6.30238281e+02, 9.26710938e+02, 6.47839355e+02,
    9.37722900e+02, 6.66178040e+02, 9.49166992e+02, 6.85198181e+02,
    9.61108032e+02, 7.04935425e+02, 9.73451599e+02, 7.25723145e+02,
    8.83063843e+02, 6.28040344e+02, 8.92737183e+02, 6.45320557e+02,
    9.02806519e+02, 6.63172913e+02, 9.13359192e+02, 6.81684998e+02,
    9.24353394e+02, 7.01052979e+02, 9.35679443e+02, 7.21262085e+02,
    9.47601868e+02, 7.42304382e+02 ]
