%YAML:1.0
---
points: [ 3.14722076e+02, 2.06352081e+02, 3.19266571e+02, 2.11202637e+02,
    3.24230804e+02, 2.16555618e+02, 3.29491547e+02, 2.21991821e+02,
    3.34870667e+02, 2.27653183e+02, 3.40525696e+02, 2.33539688e+02,
    3.46359161e+02, 2.39743195e+02, 3.06914551e+02, 2.11260742e+02,
    3.11390381e+02, 2.16325241e+02, 3.16294098e+02, 2.21550690e+02,
    3.21259033e+02, 2.27023651e+02, 3.26592896e+02, 2.32885574e+02,
    3.32010620e+02, 2.38935043e+02, 3.37875153e+02, 2.45259293e+02,
    2.99255341e+02, 2.16015503e+02, 3.03439148e+02, 2.21011032e+02,
    3.08199768e+02, 2.26514648e+02, 3.13159027e+02, 2.32223511e+02,
    3.18257111e+02, 2.38143250e+02, 3.23566986e+02, 2.44275116e+02,
    3.29098236e+02, 2.50844131e+02, 2.91506317e+02, 2.20925751e+02,
    2.95635345e+02, 2.25919937e+02, 3.00302856e+02, 2.31572998e+02,
    3.04910675e+02, 2.37327057e+02, 3.09996704e+02, 2.43395493e+02,
    3.15141693e+02, 2.49688828e+02, 3.20637238e+02, 2.56192902e+02,
    2.83748352e+02, 2.25493637e+02, 2.87880371e+02, 2.31036423e+02,
    2.92218231e+02, 2.36642044e+02, 2.96814178e+02, 2.42508041e+02,
    3.01637695e+02, 2.48681198e+02, 3.06691437e+02, 2.55084595e+02,
    3.11756775e+02, 2.61810577e+02, 2.76034210e+02, 2.30756393e+02,
    2.79828735e+02, 2.35915909e+02, 2.84205627e+02, 2.41695328e+02,
    2.88634552e+02, 2.47703918e+02, 2.93299927e+02, 2.53997253e+02,
    2.98085358e+02, 2.60589691e+02, 3.03201111e+02, 2.67250244e+02,
    2.68244781e+02, 2.35368088e+02, 2.72123260e+02, 2.40987595e+02,
    2.76141022e+02, 2.46855484e+02, 2.80368439e+02, 2.52821777e+02,
    2.84936340e+02, 2.59290680e+02, 2.89681610e+02, 2.65906128e+02,
    2.94406860e+02, 2.72913757e+02, 2.60972504e+02, 2.40964340e+02,
    2.64214844e+02, 2.46085999e+02, 2.68200317e+02, 2.52010117e+02,
    2.72238831e+02, 2.58140778e+02, 2.76591064e+02, 2.64613922e+02,
    2.81046783e+02, 2.71432770e+02, 2.85829102e+02, 2.78456451e+02,
    2.52976669e+02, 2.45858490e+02, 2.56314728e+02, 2.51074936e+02,
    2.60065613e+02, 2.57187622e+02, 2.64028046e+02, 2.63401520e+02,
    2.68222626e+02, 2.69979401e+02, 2.72501373e+02, 2.76827759e+02,
    2.76956146e+02, 2.84160858e+02 ]
