%YAML:1.0
---
points: [ 9.88429688e+02, 2.64430695e+02, 1.00657452e+03, 2.69200287e+02,
    1.02506445e+03, 2.74209229e+02, 1.04448999e+03, 2.79413147e+02,
    1.06441748e+03, 2.84749664e+02, 1.08546216e+03, 2.90186829e+02,
    1.10686365e+03, 2.96243347e+02, 9.74641602e+02, 2.87529694e+02,
    9.92285767e+02, 2.92720215e+02, 1.01072363e+03, 2.98271729e+02,
    1.02970239e+03, 3.03699524e+02, 1.04958020e+03, 3.09727966e+02,
    1.07006482e+03, 3.15851685e+02, 1.09174683e+03, 3.22144592e+02,
    9.60512390e+02, 3.10611847e+02, 9.78101807e+02, 3.16338562e+02,
    9.95969666e+02, 3.22422333e+02, 1.01509570e+03, 3.28386230e+02,
    1.03454004e+03, 3.34624054e+02, 1.05495300e+03, 3.41412842e+02,
    1.07579297e+03, 3.48266022e+02, 9.46635010e+02, 3.33591644e+02,
    9.63876282e+02, 3.39803650e+02, 9.81730103e+02, 3.46233826e+02,
    1.00037036e+03, 3.52803436e+02, 1.01976001e+03, 3.59573669e+02,
    1.03974170e+03, 3.66598236e+02, 1.06068347e+03, 3.74133423e+02,
    9.32565796e+02, 3.56840363e+02, 9.49655884e+02, 3.63508331e+02,
    9.67302673e+02, 3.70432190e+02, 9.85619934e+02, 3.77414459e+02,
    1.00462390e+03, 3.84646393e+02, 1.02452649e+03, 3.92222900e+02,
    1.04500732e+03, 4.00195740e+02, 9.18649048e+02, 3.80224213e+02,
    9.35395813e+02, 3.87226013e+02, 9.52915833e+02, 3.94432251e+02,
    9.70848328e+02, 4.01992859e+02, 9.89791138e+02, 4.09674866e+02,
    1.00927051e+03, 4.17775787e+02, 1.02958716e+03, 4.26181641e+02,
    9.04648315e+02, 4.03489532e+02, 9.21498047e+02, 4.10813782e+02,
    9.38500061e+02, 4.18589020e+02, 9.56444092e+02, 4.26521118e+02,
    9.74899414e+02, 4.34659302e+02, 9.94211121e+02, 4.43245667e+02,
    1.01411462e+03, 4.52239807e+02, 8.90921265e+02, 4.26719116e+02,
    9.07294250e+02, 4.34489044e+02, 9.24329224e+02, 4.42608063e+02,
    9.41705017e+02, 4.51115143e+02, 9.60086304e+02, 4.59639160e+02,
    9.78911194e+02, 4.68657532e+02, 9.98666931e+02, 4.78201080e+02,
    8.77062561e+02, 4.50198822e+02, 8.93173584e+02, 4.58330688e+02,
    9.09766541e+02, 4.66730103e+02, 9.27057861e+02, 4.75622284e+02,
    9.45035339e+02, 4.84765778e+02, 9.63628784e+02, 4.94328491e+02,
    9.83109375e+02, 5.04179993e+02 ]
