%YAML:1.0
---
points: [ 2.89751068e+02, 1.22156158e+02, 2.92764557e+02, 1.22923431e+02,
    3.00493286e+02, 1.24874779e+02, 3.07672638e+02, 1.26715546e+02,
    3.15065063e+02, 1.28531006e+02, 3.23098907e+02, 1.30447525e+02,
    3.30913177e+02, 1.32550995e+02, 2.83850983e+02, 1.29692520e+02,
    2.89344116e+02, 1.31328949e+02, 2.95606506e+02, 1.33025635e+02,
    3.02789856e+02, 1.35120499e+02, 3.10287354e+02, 1.37151733e+02,
    3.17981293e+02, 1.39282806e+02, 3.25822388e+02, 1.41388290e+02,
    2.80293762e+02, 1.37953934e+02, 2.84368591e+02, 1.39184662e+02,
    2.92147919e+02, 1.41655151e+02, 2.98380768e+02, 1.43512070e+02,
    3.05050507e+02, 1.45622559e+02, 3.12686859e+02, 1.47859253e+02,
    3.20300842e+02, 1.50230911e+02, 2.74776306e+02, 1.45662247e+02,
    2.80092133e+02, 1.47423782e+02, 2.86333801e+02, 1.49476395e+02,
    2.92924774e+02, 1.51745117e+02, 3.00045105e+02, 1.54037689e+02,
    3.07575348e+02, 1.56621063e+02, 3.15193848e+02, 1.59037369e+02,
    2.68853912e+02, 1.54351547e+02, 2.75317230e+02, 1.55495026e+02,
    2.81584412e+02, 1.57709106e+02, 2.88059662e+02, 1.60039948e+02,
    2.95176666e+02, 1.62662704e+02, 3.02415924e+02, 1.65171631e+02,
    3.09831512e+02, 1.67951828e+02, 2.65151031e+02, 1.61407181e+02,
    2.70925720e+02, 1.63673065e+02, 2.76661011e+02, 1.65901398e+02,
    2.83383423e+02, 1.68555222e+02, 2.89889618e+02, 1.71040771e+02,
    2.97225250e+02, 1.73938309e+02, 3.04568420e+02, 1.76749603e+02,
    2.61258118e+02, 1.69692902e+02, 2.65945221e+02, 1.71607925e+02,
    2.72053680e+02, 1.74186264e+02, 2.78108917e+02, 1.76701385e+02,
    2.85211334e+02, 1.79753922e+02, 2.92081696e+02, 1.82580231e+02,
    2.99235535e+02, 1.85616333e+02, 2.55258530e+02, 1.77277039e+02,
    2.61346832e+02, 1.79790588e+02, 2.67240906e+02, 1.82377258e+02,
    2.73351685e+02, 1.85163040e+02, 2.80078400e+02, 1.88126907e+02,
    2.86889984e+02, 1.91280746e+02, 2.94101685e+02, 1.94382660e+02,
    2.51738586e+02, 1.85437088e+02, 2.56359528e+02, 1.87647354e+02,
    2.62260742e+02, 1.90538742e+02, 2.68446594e+02, 1.93492996e+02,
    2.74880737e+02, 1.96625061e+02, 2.81762634e+02, 1.99885712e+02,
    2.88723969e+02, 2.03278229e+02 ]
