%YAML:1.0
---
points: [ 9.86805649e+01, 4.43353760e+02, 1.40165192e+02, 4.48616913e+02,
    1.80208237e+02, 4.53766846e+02, 2.18375519e+02, 4.58584381e+02,
    2.55202087e+02, 4.63291931e+02, 2.90718719e+02, 4.67760834e+02,
    3.24995605e+02, 4.72230225e+02, 9.60313339e+01, 4.76716248e+02,
    1.37785172e+02, 4.81346771e+02, 1.77881271e+02, 4.85753693e+02,
    2.16582916e+02, 4.90053650e+02, 2.53740356e+02, 4.94023773e+02,
    2.89565369e+02, 4.97935486e+02, 3.23915802e+02, 5.01844025e+02,
    9.31708832e+01, 5.10518097e+02, 1.35274002e+02, 5.14393799e+02,
    1.75780350e+02, 5.18159851e+02, 2.14725021e+02, 5.21768433e+02,
    2.52191101e+02, 5.25123413e+02, 2.88200378e+02, 5.28503479e+02,
    3.22884033e+02, 5.31601868e+02, 9.05432129e+01, 5.44791748e+02,
    1.32959503e+02, 5.48038879e+02, 1.73714630e+02, 5.50857666e+02,
    2.12815216e+02, 5.53946411e+02, 2.50472336e+02, 5.56559570e+02,
    2.86751465e+02, 5.59321533e+02, 3.21834076e+02, 5.61723572e+02,
    8.76561356e+01, 5.79668091e+02, 1.30464767e+02, 5.82013794e+02,
    1.71453415e+02, 5.84348206e+02, 2.11125610e+02, 5.86552979e+02,
    2.48954987e+02, 5.88509583e+02, 2.85485382e+02, 5.90649902e+02,
    3.20604401e+02, 5.92439209e+02, 8.51524582e+01, 6.14884216e+02,
    1.28169922e+02, 6.16616760e+02, 1.69458511e+02, 6.18194519e+02,
    2.09105499e+02, 6.19474854e+02, 2.47302551e+02, 6.21040161e+02,
    2.83947266e+02, 6.22369263e+02, 3.19304993e+02, 6.23509583e+02,
    8.23171844e+01, 6.50451965e+02, 1.25631088e+02, 6.51284729e+02,
    1.67288116e+02, 6.52086365e+02, 2.07164581e+02, 6.52929016e+02,
    2.45509659e+02, 6.53555725e+02, 2.82451874e+02, 6.54228760e+02,
    3.18033173e+02, 6.54670227e+02, 7.95650253e+01, 6.86743958e+02,
    1.23247505e+02, 6.86752380e+02, 1.64972595e+02, 6.86767029e+02,
    2.05421417e+02, 6.86686462e+02, 2.43801529e+02, 6.86662659e+02,
    2.81028503e+02, 6.86587280e+02, 3.16719910e+02, 6.86517212e+02,
    7.67552948e+01, 7.23362671e+02, 1.20843460e+02, 7.22574341e+02,
    1.62826706e+02, 7.21840393e+02, 2.03326172e+02, 7.21039429e+02,
    2.42321182e+02, 7.20120850e+02, 2.79598022e+02, 7.19387695e+02,
    3.15517456e+02, 7.18541321e+02 ]
