%YAML:1.0
---
points: [ 4.11660919e+02, 1.33138474e+02, 4.15718506e+02, 1.40131683e+02,
    4.19838562e+02, 1.46846497e+02, 4.23812592e+02, 1.53473831e+02,
    4.27943604e+02, 1.60210693e+02, 4.32042114e+02, 1.67022064e+02,
    4.36214600e+02, 1.73708267e+02, 4.04264709e+02, 1.37799820e+02,
    4.08318970e+02, 1.44406143e+02, 4.12296753e+02, 1.51161514e+02,
    4.16436890e+02, 1.57723511e+02, 4.20338440e+02, 1.64340317e+02,
    4.24562042e+02, 1.71102951e+02, 4.28509949e+02, 1.77696625e+02,
    3.97059021e+02, 1.42047821e+02, 4.00909637e+02, 1.48476974e+02,
    4.05056976e+02, 1.55306961e+02, 4.08874237e+02, 1.61891312e+02,
    4.13006683e+02, 1.68419983e+02, 4.17024902e+02, 1.75125870e+02,
    4.21033722e+02, 1.81821396e+02, 3.89615692e+02, 1.46347595e+02,
    3.93803314e+02, 1.52851303e+02, 3.97782318e+02, 1.59504074e+02,
    4.01720551e+02, 1.66054489e+02, 4.05790863e+02, 1.72374817e+02,
    4.09673767e+02, 1.79114731e+02, 4.13745453e+02, 1.85546280e+02,
    3.82838562e+02, 1.50481827e+02, 3.86585449e+02, 1.57086151e+02,
    3.90429108e+02, 1.63504120e+02, 3.94545959e+02, 1.70184998e+02,
    3.98567871e+02, 1.76485794e+02, 4.02356934e+02, 1.82906509e+02,
    4.06483398e+02, 1.89517715e+02, 3.75709839e+02, 1.54936142e+02,
    3.79523376e+02, 1.61045197e+02, 3.83459625e+02, 1.67495880e+02,
    3.87321411e+02, 1.73904099e+02, 3.91449982e+02, 1.80510666e+02,
    3.95313904e+02, 1.86807037e+02, 3.99203033e+02, 1.93199478e+02,
    3.68762268e+02, 1.58585648e+02, 3.72717865e+02, 1.65228241e+02,
    3.76531219e+02, 1.71370682e+02, 3.80490356e+02, 1.77900314e+02,
    3.84489624e+02, 1.84225266e+02, 3.88250610e+02, 1.90569382e+02,
    3.92170380e+02, 1.97109940e+02, 3.62105225e+02, 1.62929718e+02,
    3.65904358e+02, 1.68993149e+02, 3.69790497e+02, 1.75296661e+02,
    3.73598816e+02, 1.81662552e+02, 3.77412720e+02, 1.88138199e+02,
    3.81276947e+02, 1.94268433e+02, 3.85185669e+02, 2.00450333e+02,
    3.55643890e+02, 1.66631668e+02, 3.59162354e+02, 1.72910858e+02,
    3.63147919e+02, 1.79246292e+02, 3.66694641e+02, 1.85293823e+02,
    3.70940887e+02, 1.91709290e+02, 3.74584198e+02, 1.98045044e+02,
    3.78590027e+02, 2.04189758e+02 ]
