%YAML:1.0
---
points: [ 7.21846680e+02, 3.97613556e+02, 6.97295410e+02, 4.03503143e+02,
    6.71826111e+02, 4.09624207e+02, 6.45791199e+02, 4.15953644e+02,
    6.18743042e+02, 4.22490997e+02, 5.90975891e+02, 4.29200745e+02,
    5.62371643e+02, 4.35948792e+02, 7.12481323e+02, 3.71876587e+02,
    6.87633362e+02, 3.77567291e+02, 6.62273621e+02, 3.83261139e+02,
    6.36053711e+02, 3.89198975e+02, 6.08876587e+02, 3.95433014e+02,
    5.80778687e+02, 4.01598419e+02, 5.51763977e+02, 4.08210266e+02,
    7.03246460e+02, 3.46257568e+02, 6.78299194e+02, 3.51412476e+02,
    6.52582397e+02, 3.56729767e+02, 6.26049988e+02, 3.62376282e+02,
    5.98682983e+02, 3.68086761e+02, 5.70570374e+02, 3.74136841e+02,
    5.41491089e+02, 3.80121948e+02, 6.93922058e+02, 3.20464935e+02,
    6.68768860e+02, 3.25379578e+02, 6.42773987e+02, 3.30394745e+02,
    6.16277039e+02, 3.35462250e+02, 5.88649658e+02, 3.40832886e+02,
    5.60284546e+02, 3.46395172e+02, 5.30868713e+02, 3.52112000e+02,
    6.84599670e+02, 2.94529358e+02, 6.59234924e+02, 2.99109436e+02,
    6.33166931e+02, 3.03632111e+02, 6.06268311e+02, 3.08547241e+02,
    5.78527283e+02, 3.13430603e+02, 5.49864929e+02, 3.18610138e+02,
    5.20401917e+02, 3.23784119e+02, 6.75124207e+02, 2.68613647e+02,
    6.49547058e+02, 2.72690033e+02, 6.23351990e+02, 2.77098816e+02,
    5.96254211e+02, 2.81469208e+02, 5.68325806e+02, 2.86198273e+02,
    5.39537720e+02, 2.90752472e+02, 5.09896576e+02, 2.95679413e+02,
    6.65494507e+02, 2.42613129e+02, 6.39833008e+02, 2.46396835e+02,
    6.13392639e+02, 2.50443115e+02, 5.86300842e+02, 2.54452744e+02,
    5.58160950e+02, 2.58521332e+02, 5.29176208e+02, 2.62714630e+02,
    4.99297943e+02, 2.67286224e+02, 6.56092163e+02, 2.16660950e+02,
    6.29993713e+02, 2.19944717e+02, 6.03560913e+02, 2.23638214e+02,
    5.76152283e+02, 2.27326553e+02, 5.47762146e+02, 2.30983353e+02,
    5.18631287e+02, 2.34811386e+02, 4.88798279e+02, 2.39092575e+02,
    6.46304260e+02, 1.90545837e+02, 6.20297119e+02, 1.93501801e+02,
    5.93514282e+02, 1.96733582e+02, 5.66092285e+02, 1.99968567e+02,
    5.37664246e+02, 2.03369476e+02, 5.08512543e+02, 2.06960587e+02,
    4.78204559e+02, 2.10440582e+02 ]
