%YAML:1.0
---
points: [ 4.45470734e+02, 5.27281799e+02, 4.31102539e+02, 5.54389526e+02,
    4.16604340e+02, 5.81807983e+02, 4.01942047e+02, 6.09592468e+02,
    3.87003418e+02, 6.38079773e+02, 3.71930237e+02, 6.66776672e+02,
    3.56453430e+02, 6.96024719e+02, 4.14945343e+02, 5.14265198e+02,
    4.00275818e+02, 5.41608154e+02, 3.85337158e+02, 5.69330994e+02,
    3.70320404e+02, 5.97482056e+02, 3.55096130e+02, 6.25937256e+02,
    3.39458832e+02, 6.55094910e+02, 3.23766327e+02, 6.84550903e+02,
    3.83662933e+02, 5.00806122e+02, 3.68619904e+02, 5.28389099e+02,
    3.53362000e+02, 5.56501831e+02, 3.37880005e+02, 5.84763245e+02,
    3.22318726e+02, 6.13760193e+02, 3.06316345e+02, 6.43082520e+02,
    2.90284943e+02, 6.72745361e+02, 3.51862152e+02, 4.87180298e+02,
    3.36437347e+02, 5.15179871e+02, 3.20736237e+02, 5.43326965e+02,
    3.04874695e+02, 5.72008484e+02, 2.88844391e+02, 6.01079346e+02,
    2.72628448e+02, 6.30670898e+02, 2.56275452e+02, 6.60636108e+02,
    3.19269470e+02, 4.73231171e+02, 3.03353516e+02, 5.01231995e+02,
    2.87403778e+02, 5.29718506e+02, 2.71172485e+02, 5.58624329e+02,
    2.54631058e+02, 5.88193665e+02, 2.38040375e+02, 6.17894043e+02,
    2.21252930e+02, 6.48203735e+02, 2.85826324e+02, 4.58662354e+02,
    2.69590118e+02, 4.87178833e+02, 2.53268417e+02, 5.15844177e+02,
    2.36529037e+02, 5.45096680e+02, 2.19770081e+02, 5.74690552e+02,
    2.02757828e+02, 6.04806152e+02, 1.85550644e+02, 6.35351746e+02,
    2.51835464e+02, 4.44097412e+02, 2.35341568e+02, 4.72594788e+02,
    2.18536743e+02, 5.01607452e+02, 2.01498611e+02, 5.31116089e+02,
    1.84185379e+02, 5.61153381e+02, 1.66773224e+02, 5.91436157e+02,
    1.49224442e+02, 6.22263428e+02, 2.17289062e+02, 4.29094727e+02,
    2.00306168e+02, 4.57828430e+02, 1.83072372e+02, 4.87150055e+02,
    1.65602264e+02, 5.16729797e+02, 1.48000198e+02, 5.47051941e+02,
    1.30268127e+02, 5.77693848e+02, 1.12288338e+02, 6.08661255e+02,
    1.81916794e+02, 4.13708496e+02, 1.64488968e+02, 4.42730438e+02,
    1.46760880e+02, 4.72367096e+02, 1.29002304e+02, 5.02255859e+02,
    1.10948387e+02, 5.32573120e+02, 9.26842499e+01, 5.63544312e+02,
    7.43354797e+01, 5.94943542e+02 ]
