%YAML:1.0
---
points: [ 1.97818771e+02, 1.67227325e+02, 1.89742966e+02, 1.69212494e+02,
    1.81469650e+02, 1.71261002e+02, 1.72958023e+02, 1.73414200e+02,
    1.64123779e+02, 1.75618607e+02, 1.55103104e+02, 1.77936340e+02,
    1.45693176e+02, 1.80239822e+02, 1.94675720e+02, 1.58581726e+02,
    1.86585541e+02, 1.60373291e+02, 1.78236053e+02, 1.62421509e+02,
    1.69672546e+02, 1.64371765e+02, 1.60790359e+02, 1.66487656e+02,
    1.51654709e+02, 1.68610474e+02, 1.42193024e+02, 1.70877136e+02,
    1.91490143e+02, 1.49734970e+02, 1.83417953e+02, 1.51581772e+02,
    1.74960693e+02, 1.53391373e+02, 1.66329681e+02, 1.55273575e+02,
    1.57387177e+02, 1.57214142e+02, 1.48212143e+02, 1.59286392e+02,
    1.38751785e+02, 1.61338303e+02, 1.88385757e+02, 1.41125900e+02,
    1.80210251e+02, 1.42721848e+02, 1.71793777e+02, 1.44512924e+02,
    1.63028549e+02, 1.46255081e+02, 1.54047226e+02, 1.48092728e+02,
    1.44805267e+02, 1.49991516e+02, 1.35245789e+02, 1.51984756e+02,
    1.85310760e+02, 1.32323593e+02, 1.77009293e+02, 1.33873856e+02,
    1.68461670e+02, 1.35469482e+02, 1.59748306e+02, 1.37135635e+02,
    1.50688614e+02, 1.38819153e+02, 1.41323563e+02, 1.40629440e+02,
    1.31771103e+02, 1.42388992e+02, 1.82156464e+02, 1.23574379e+02,
    1.73763809e+02, 1.24902145e+02, 1.65241943e+02, 1.26462837e+02,
    1.56332169e+02, 1.27959679e+02, 1.47293503e+02, 1.29562454e+02,
    1.37879868e+02, 1.31195816e+02, 1.28271027e+02, 1.32865051e+02,
    1.78951141e+02, 1.14729897e+02, 1.70555313e+02, 1.16093788e+02,
    1.61883850e+02, 1.17401665e+02, 1.53086456e+02, 1.18839325e+02,
    1.43896652e+02, 1.20280128e+02, 1.34494720e+02, 1.21803192e+02,
    1.24821747e+02, 1.23371330e+02, 1.75786148e+02, 1.06099236e+02,
    1.67288773e+02, 1.07187439e+02, 1.58629639e+02, 1.08421875e+02,
    1.49672989e+02, 1.09708710e+02, 1.40519028e+02, 1.11092018e+02,
    1.31089066e+02, 1.12448631e+02, 1.21303978e+02, 1.13941101e+02,
    1.72538467e+02, 9.71839066e+01, 1.64119751e+02, 9.83311920e+01,
    1.55328506e+02, 9.93874664e+01, 1.46333954e+02, 1.00484367e+02,
    1.37189423e+02, 1.01805244e+02, 1.27713020e+02, 1.03100533e+02,
    1.17962257e+02, 1.04310570e+02 ]
