%YAML:1.0
---
points: [ 3.93339630e+02, 1.01967651e+02, 3.97271484e+02, 1.08078590e+02,
    4.00454041e+02, 1.14005516e+02, 4.04225250e+02, 1.20062347e+02,
    4.07518585e+02, 1.26467911e+02, 4.11345367e+02, 1.32481537e+02,
    4.14508698e+02, 1.38589905e+02, 3.87095825e+02, 1.06129700e+02,
    3.90707550e+02, 1.11861580e+02, 3.94164520e+02, 1.17882919e+02,
    3.97804474e+02, 1.23970619e+02, 4.01250427e+02, 1.29980591e+02,
    4.04821686e+02, 1.36207352e+02, 4.08031769e+02, 1.41842453e+02,
    3.80952454e+02, 1.09563713e+02, 3.84274933e+02, 1.15662422e+02,
    3.87801575e+02, 1.21783188e+02, 3.91161682e+02, 1.27756332e+02,
    3.94781952e+02, 1.33817780e+02, 3.98310944e+02, 1.40013382e+02,
    4.01625671e+02, 1.46015732e+02, 3.74571014e+02, 1.14030853e+02,
    3.77874786e+02, 1.19643692e+02, 3.81477448e+02, 1.25667809e+02,
    3.84911621e+02, 1.31653046e+02, 3.88418304e+02, 1.37626617e+02,
    3.91964111e+02, 1.43852509e+02, 3.95258667e+02, 1.49353836e+02,
    3.68308868e+02, 1.17253220e+02, 3.71475403e+02, 1.23345665e+02,
    3.75151276e+02, 1.29420471e+02, 3.78633545e+02, 1.35471695e+02,
    3.81767365e+02, 1.41290604e+02, 3.85436279e+02, 1.47365158e+02,
    3.88938080e+02, 1.53340302e+02, 3.61836823e+02, 1.21710922e+02,
    3.65224182e+02, 1.27164742e+02, 3.68628937e+02, 1.33186615e+02,
    3.72025452e+02, 1.39021454e+02, 3.75747620e+02, 1.45269226e+02,
    3.78925598e+02, 1.50956711e+02, 3.82545563e+02, 1.56728226e+02,
    3.55732239e+02, 1.25048302e+02, 3.58939819e+02, 1.30957336e+02,
    3.62519897e+02, 1.37007858e+02, 3.65832581e+02, 1.42899200e+02,
    3.69311249e+02, 1.48744385e+02, 3.72745239e+02, 1.54745926e+02,
    3.76012665e+02, 1.60577805e+02, 3.49511810e+02, 1.29247650e+02,
    3.52880768e+02, 1.34745926e+02, 3.56127686e+02, 1.40587311e+02,
    3.59846863e+02, 1.46517868e+02, 3.63112091e+02, 1.52587555e+02,
    3.66554565e+02, 1.58366837e+02, 3.69943604e+02, 1.63854492e+02,
    3.43649933e+02, 1.32395981e+02, 3.46664246e+02, 1.38275787e+02,
    3.50543732e+02, 1.44492920e+02, 3.53508453e+02, 1.50306976e+02,
    3.57377106e+02, 1.56269211e+02, 3.60374878e+02, 1.62047699e+02,
    3.64079163e+02, 1.67783188e+02 ]
