%YAML:1.0
---
points: [ 4.27889069e+02, 3.85726959e+02, 4.26704132e+02, 4.10791199e+02,
    4.25592865e+02, 4.35688782e+02, 4.24509399e+02, 4.60631958e+02,
    4.23390747e+02, 4.85600067e+02, 4.22362915e+02, 5.10457367e+02,
    4.21285706e+02, 5.35201965e+02, 3.99580414e+02, 3.82925293e+02,
    3.98409241e+02, 4.08436249e+02, 3.97461121e+02, 4.33634949e+02,
    3.96397949e+02, 4.58922729e+02, 3.95212708e+02, 4.84048096e+02,
    3.94152985e+02, 5.09071533e+02, 3.92755981e+02, 5.34215576e+02,
    3.70614288e+02, 3.80519867e+02, 3.69534058e+02, 4.06232300e+02,
    3.68518433e+02, 4.31562561e+02, 3.67479645e+02, 4.56956635e+02,
    3.66296051e+02, 4.82440674e+02, 3.65343231e+02, 5.07702393e+02,
    3.64348297e+02, 5.33255432e+02, 3.41305847e+02, 3.77628418e+02,
    3.40305695e+02, 4.03603088e+02, 3.39215881e+02, 4.29495941e+02,
    3.38267242e+02, 4.55232666e+02, 3.37197632e+02, 4.80789856e+02,
    3.36045258e+02, 5.06662781e+02, 3.34889740e+02, 5.32165161e+02,
    3.11361420e+02, 3.75108978e+02, 3.10251953e+02, 4.01314148e+02,
    3.09188599e+02, 4.27422485e+02, 3.08103699e+02, 4.53431702e+02,
    3.07268860e+02, 4.79394653e+02, 3.06279205e+02, 5.05250122e+02,
    3.05282410e+02, 5.31005310e+02, 2.80570587e+02, 3.72232941e+02,
    2.79710052e+02, 3.98640472e+02, 2.78662964e+02, 4.25040405e+02,
    2.77646210e+02, 4.51429932e+02, 2.76688385e+02, 4.77518951e+02,
    2.75616241e+02, 5.03739410e+02, 2.74815186e+02, 5.29887146e+02,
    2.49603897e+02, 3.69459412e+02, 2.48595505e+02, 3.96312195e+02,
    2.47729828e+02, 4.22950867e+02, 2.46667343e+02, 4.49494263e+02,
    2.45718124e+02, 4.76084717e+02, 2.44777496e+02, 5.02437653e+02,
    2.43836197e+02, 5.28857300e+02, 2.18082840e+02, 3.66474365e+02,
    2.17220093e+02, 3.93571899e+02, 2.16298645e+02, 4.20525391e+02,
    2.15243835e+02, 4.47524109e+02, 2.14377502e+02, 4.74333130e+02,
    2.13426865e+02, 5.01109650e+02, 2.12594437e+02, 5.27655701e+02,
    1.86057968e+02, 3.63728180e+02, 1.85014709e+02, 3.91191040e+02,
    1.84150696e+02, 4.18369720e+02, 1.83139587e+02, 4.45439545e+02,
    1.82331512e+02, 4.72529602e+02, 1.81420578e+02, 4.99569275e+02,
    1.80697998e+02, 5.26556885e+02 ]
