%YAML:1.0
---
points: [ 4.05038544e+02, 1.83713989e+02, 4.05432068e+02, 1.90570099e+02,
    4.06046448e+02, 1.97672455e+02, 4.06459747e+02, 2.04686630e+02,
    4.06995728e+02, 2.11687195e+02, 4.07569275e+02, 2.18700500e+02,
    4.08008453e+02, 2.25848434e+02, 3.97818176e+02, 1.84091660e+02,
    3.98347717e+02, 1.90913910e+02, 3.98780548e+02, 1.97924622e+02,
    3.99284363e+02, 2.04994476e+02, 3.99721008e+02, 2.11934143e+02,
    4.00361847e+02, 2.19155960e+02, 4.00783966e+02, 2.26145554e+02,
    3.90599609e+02, 1.84553604e+02, 3.91078796e+02, 1.91546814e+02,
    3.91545929e+02, 1.98564682e+02, 3.92082001e+02, 2.05522461e+02,
    3.92563934e+02, 2.12484207e+02, 3.93136932e+02, 2.19611343e+02,
    3.93504944e+02, 2.26598251e+02, 3.83432709e+02, 1.84812027e+02,
    3.83987823e+02, 1.91788071e+02, 3.84331604e+02, 1.98733795e+02,
    3.84915070e+02, 2.05767654e+02, 3.85432556e+02, 2.12754761e+02,
    3.85802612e+02, 2.19871841e+02, 3.86257538e+02, 2.26736679e+02,
    3.76339447e+02, 1.85353699e+02, 3.76718231e+02, 1.92296677e+02,
    3.77195007e+02, 1.99288147e+02, 3.77584503e+02, 2.06201233e+02,
    3.78183502e+02, 2.13324356e+02, 3.78545166e+02, 2.20147552e+02,
    3.79096222e+02, 2.27299561e+02, 3.69105743e+02, 1.85686905e+02,
    3.69458923e+02, 1.92667419e+02, 3.70021332e+02, 1.99628082e+02,
    3.70471710e+02, 2.06619629e+02, 3.70906494e+02, 2.13644409e+02,
    3.71376007e+02, 2.20592453e+02, 3.71853546e+02, 2.27635071e+02,
    3.61990326e+02, 1.86167709e+02, 3.62386597e+02, 1.93046661e+02,
    3.62913574e+02, 1.99939468e+02, 3.63228394e+02, 2.06906784e+02,
    3.63736389e+02, 2.13860016e+02, 3.64188843e+02, 2.20828079e+02,
    3.64689331e+02, 2.27898224e+02, 3.54891083e+02, 1.86613220e+02,
    3.55301086e+02, 1.93608124e+02, 3.55719513e+02, 2.00432251e+02,
    3.56207947e+02, 2.07443115e+02, 3.56573395e+02, 2.14333405e+02,
    3.57077026e+02, 2.21356415e+02, 3.57542511e+02, 2.28240631e+02,
    3.47828766e+02, 1.86989548e+02, 3.48223907e+02, 1.93757858e+02,
    3.48590546e+02, 2.00799347e+02, 3.49096497e+02, 2.07709290e+02,
    3.49458649e+02, 2.14629486e+02, 3.49975586e+02, 2.21666718e+02,
    3.50347443e+02, 2.28663269e+02 ]
