%YAML:1.0
---
points: [ 5.71798218e+02, 2.09680389e+02, 5.99593994e+02, 2.25634293e+02,
    6.26582581e+02, 2.40983429e+02, 6.53056519e+02, 2.56148407e+02,
    6.78576721e+02, 2.70541718e+02, 7.03599365e+02, 2.84818176e+02,
    7.27841553e+02, 2.98709442e+02, 5.58702087e+02, 2.36028870e+02,
    5.86734314e+02, 2.51434402e+02, 6.14127258e+02, 2.66580963e+02,
    6.40504456e+02, 2.81192688e+02, 6.66348450e+02, 2.95476257e+02,
    6.91417664e+02, 3.09430664e+02, 7.15839539e+02, 3.23000153e+02,
    5.45645203e+02, 2.62130646e+02, 5.73931824e+02, 2.77399475e+02,
    6.01341309e+02, 2.91869812e+02, 6.28123474e+02, 3.06362701e+02,
    6.53940247e+02, 3.20246338e+02, 6.79347534e+02, 3.33812134e+02,
    7.03884888e+02, 3.47128693e+02, 5.32675049e+02, 2.88335175e+02,
    5.61184753e+02, 3.03031128e+02, 5.88646790e+02, 3.17358398e+02,
    6.15508667e+02, 3.31417450e+02, 6.41628235e+02, 3.45064178e+02,
    6.67077881e+02, 3.58286713e+02, 6.91814880e+02, 3.71295929e+02,
    5.19635498e+02, 3.14419586e+02, 5.48224121e+02, 3.28918304e+02,
    5.75934692e+02, 3.42741302e+02, 6.03029846e+02, 3.56567383e+02,
    6.29311279e+02, 3.69702179e+02, 6.54859558e+02, 3.82740326e+02,
    6.79716003e+02, 3.95347290e+02, 5.06478027e+02, 3.40636780e+02,
    5.35303772e+02, 3.54584930e+02, 5.63233948e+02, 3.68422272e+02,
    5.90368225e+02, 3.81570007e+02, 6.16794495e+02, 3.94571808e+02,
    6.42449036e+02, 4.07150116e+02, 6.67612000e+02, 4.19502289e+02,
    4.93488251e+02, 3.66585999e+02, 5.22352539e+02, 3.80365234e+02,
    5.50453186e+02, 3.93585480e+02, 5.77758606e+02, 4.06538208e+02,
    6.04426331e+02, 4.19157013e+02, 6.30386963e+02, 4.31502319e+02,
    6.55582703e+02, 4.43393616e+02, 4.80276001e+02, 3.92803925e+02,
    5.09406189e+02, 4.05965363e+02, 5.37584167e+02, 4.19110657e+02,
    5.65248718e+02, 4.31539764e+02, 5.91928772e+02, 4.43821869e+02,
    6.17943359e+02, 4.55703278e+02, 6.43338379e+02, 4.67556366e+02,
    4.67283630e+02, 4.18763123e+02, 4.96344604e+02, 4.31769501e+02,
    5.24702515e+02, 4.44327698e+02, 5.52479980e+02, 4.56705994e+02,
    5.79385681e+02, 4.68518555e+02, 6.05549622e+02, 4.80201385e+02,
    6.31163940e+02, 4.91396088e+02 ]
