%YAML:1.0
---
points: [ 1.48919785e+02, 1.03833580e+02, 1.57898590e+02, 1.09152725e+02,
    1.66718475e+02, 1.14267845e+02, 1.75304947e+02, 1.19330505e+02,
    1.83732880e+02, 1.24261612e+02, 1.91936783e+02, 1.28997101e+02,
    1.99886841e+02, 1.33712540e+02, 1.44402924e+02, 1.12741676e+02,
    1.53551727e+02, 1.17857933e+02, 1.62402924e+02, 1.22942642e+02,
    1.71123276e+02, 1.27880180e+02, 1.79555038e+02, 1.32678329e+02,
    1.87803238e+02, 1.37316681e+02, 1.95799179e+02, 1.41956055e+02,
    1.40087509e+02, 1.21448044e+02, 1.49209259e+02, 1.26621056e+02,
    1.58162628e+02, 1.31476501e+02, 1.66922836e+02, 1.36315231e+02,
    1.75378448e+02, 1.41021362e+02, 1.83700790e+02, 1.45619400e+02,
    1.91741898e+02, 1.50040405e+02, 1.35572083e+02, 1.30387665e+02,
    1.44833466e+02, 1.35284134e+02, 1.53889099e+02, 1.40192963e+02,
    1.62651520e+02, 1.44774261e+02, 1.71207642e+02, 1.49406433e+02,
    1.79565994e+02, 1.53877548e+02, 1.87674210e+02, 1.58264450e+02,
    1.31236984e+02, 1.39187332e+02, 1.40451157e+02, 1.44088486e+02,
    1.49539780e+02, 1.48707413e+02, 1.58360458e+02, 1.53330933e+02,
    1.67027023e+02, 1.57814484e+02, 1.75387009e+02, 1.62176270e+02,
    1.83590088e+02, 1.66441116e+02, 1.26809410e+02, 1.48121002e+02,
    1.36167984e+02, 1.52757385e+02, 1.45250015e+02, 1.57344879e+02,
    1.54198776e+02, 1.61795837e+02, 1.62811203e+02, 1.66188400e+02,
    1.71254364e+02, 1.70391327e+02, 1.79458389e+02, 1.74634903e+02,
    1.22420128e+02, 1.56856491e+02, 1.31764053e+02, 1.61438110e+02,
    1.40996262e+02, 1.65916138e+02, 1.49889038e+02, 1.70275787e+02,
    1.58620605e+02, 1.74518570e+02, 1.67091568e+02, 1.78687592e+02,
    1.75410202e+02, 1.82666702e+02, 1.17934860e+02, 1.65714890e+02,
    1.27381210e+02, 1.70195145e+02, 1.36663788e+02, 1.74530594e+02,
    1.45651505e+02, 1.78778152e+02, 1.54395111e+02, 1.82920105e+02,
    1.62923264e+02, 1.86932632e+02, 1.71261703e+02, 1.90873627e+02,
    1.13524529e+02, 1.74475510e+02, 1.23071472e+02, 1.78879471e+02,
    1.32316895e+02, 1.83095291e+02, 1.41387527e+02, 1.87275650e+02,
    1.50212524e+02, 1.91226120e+02, 1.58743591e+02, 1.95196503e+02,
    1.67167801e+02, 1.98970627e+02 ]
