%YAML:1.0
---
points: [ 4.10316345e+02, 2.67445740e+02, 4.04248260e+02, 2.71689697e+02,
    3.98649261e+02, 2.75766998e+02, 3.92607941e+02, 2.79991760e+02,
    3.86957855e+02, 2.84070129e+02, 3.80691223e+02, 2.88625885e+02,
    3.74900177e+02, 2.92573669e+02, 4.04367706e+02, 2.62054901e+02,
    3.98946075e+02, 2.65898041e+02, 3.93265289e+02, 2.69928284e+02,
    3.87463593e+02, 2.74138214e+02, 3.81611938e+02, 2.78252258e+02,
    3.75654785e+02, 2.82433197e+02, 3.69979370e+02, 2.86728455e+02,
    3.99446472e+02, 2.56305664e+02, 3.93768738e+02, 2.60334808e+02,
    3.87977875e+02, 2.64398010e+02, 3.82252655e+02, 2.68372620e+02,
    3.76400848e+02, 2.72542786e+02, 3.70613678e+02, 2.76805054e+02,
    3.64577850e+02, 2.80790924e+02, 3.93764526e+02, 2.51150513e+02,
    3.88532745e+02, 2.54779770e+02, 3.82816284e+02, 2.58866455e+02,
    3.77034851e+02, 2.62943390e+02, 3.71364746e+02, 2.66836548e+02,
    3.65596863e+02, 2.71012177e+02, 3.59996338e+02, 2.75067657e+02,
    3.89098907e+02, 2.45608643e+02, 3.83482788e+02, 2.49439560e+02,
    3.77799591e+02, 2.53250000e+02, 3.72049561e+02, 2.57509369e+02,
    3.66504700e+02, 2.61337494e+02, 3.60581787e+02, 2.65489838e+02,
    3.54927063e+02, 2.69277954e+02, 3.83588776e+02, 2.40615509e+02,
    3.78493500e+02, 2.44114273e+02, 3.72885101e+02, 2.47827774e+02,
    3.67208984e+02, 2.51833801e+02, 3.61452972e+02, 2.55957962e+02,
    3.55748138e+02, 2.59900391e+02, 3.50408020e+02, 2.63759399e+02,
    3.78811584e+02, 2.35533905e+02, 3.73390411e+02, 2.39247787e+02,
    3.67949707e+02, 2.42834900e+02, 3.62225616e+02, 2.46924957e+02,
    3.56758759e+02, 2.50513351e+02, 3.51056030e+02, 2.54582199e+02,
    3.45475861e+02, 2.58195618e+02, 3.73631195e+02, 2.30767746e+02,
    3.69442352e+02, 2.32841949e+02, 3.62974091e+02, 2.38523376e+02,
    3.57586090e+02, 2.41625473e+02, 3.52135864e+02, 2.45349762e+02,
    3.46532654e+02, 2.49299500e+02, 3.41256744e+02, 2.52985809e+02,
    3.69427429e+02, 2.26530624e+02, 3.64877350e+02, 2.28920410e+02,
    3.57816010e+02, 2.35735306e+02, 3.53152740e+02, 2.36823227e+02,
    3.47168182e+02, 2.41747620e+02, 3.42149994e+02, 2.44332382e+02,
    3.36228241e+02, 2.48133011e+02 ]
