%YAML:1.0
---
points: [ 4.14032166e+02, 4.81471985e+02, 4.38015503e+02, 4.90078888e+02,
    4.61588531e+02, 4.98086182e+02, 4.84662903e+02, 5.06226135e+02,
    5.07620880e+02, 5.14011353e+02, 5.29862183e+02, 5.21916382e+02,
    5.51926636e+02, 5.29438049e+02, 4.05018921e+02, 5.03097015e+02,
    4.29217255e+02, 5.11174316e+02, 4.52713348e+02, 5.19328247e+02,
    4.76213074e+02, 5.27021057e+02, 4.99095825e+02, 5.34878052e+02,
    5.21460510e+02, 5.42420166e+02, 5.43677979e+02, 5.49987183e+02,
    3.96104431e+02, 5.24210144e+02, 4.20354431e+02, 5.32324829e+02,
    4.44280945e+02, 5.40088074e+02, 4.67569763e+02, 5.47915649e+02,
    4.90618958e+02, 5.55378784e+02, 5.13281738e+02, 5.63084290e+02,
    5.35504761e+02, 5.70369690e+02, 3.87036102e+02, 5.45884338e+02,
    4.11362061e+02, 5.53614502e+02, 4.35344025e+02, 5.61413391e+02,
    4.58943817e+02, 5.68825562e+02, 4.82042084e+02, 5.76405823e+02,
    5.04883453e+02, 5.83491211e+02, 5.27225159e+02, 5.90827820e+02,
    3.78209900e+02, 5.67343262e+02, 4.02459137e+02, 5.75093079e+02,
    4.26514648e+02, 5.82484497e+02, 4.50191559e+02, 5.90079712e+02,
    4.73396820e+02, 5.97280273e+02, 4.96338501e+02, 6.04471130e+02,
    5.18847412e+02, 6.11517456e+02, 3.68919373e+02, 5.89336304e+02,
    3.93602478e+02, 5.96677307e+02, 4.17687592e+02, 6.04184448e+02,
    4.41463928e+02, 6.11334656e+02, 4.64833710e+02, 6.18482788e+02,
    4.87948120e+02, 6.25241272e+02, 5.10476257e+02, 6.32289978e+02,
    3.59796265e+02, 6.10886536e+02, 3.84472839e+02, 6.18377747e+02,
    4.08966309e+02, 6.25268921e+02, 4.32692719e+02, 6.32459717e+02,
    4.56281525e+02, 6.39376526e+02, 4.79301117e+02, 6.46377197e+02,
    5.01978516e+02, 6.52780579e+02, 3.50624542e+02, 6.32755798e+02,
    3.75490479e+02, 6.39835449e+02, 3.99831207e+02, 6.47177307e+02,
    4.23952301e+02, 6.53838440e+02, 4.47469604e+02, 6.60670166e+02,
    4.70790649e+02, 6.67177002e+02, 4.93460419e+02, 6.73745544e+02,
    3.41516235e+02, 6.54753357e+02, 3.66383148e+02, 6.61852295e+02,
    3.90836426e+02, 6.68592041e+02, 4.14950348e+02, 6.75393860e+02,
    4.38800079e+02, 6.81739929e+02, 4.62055786e+02, 6.88508667e+02,
    4.84891174e+02, 6.94646545e+02 ]
