%YAML:1.0
---
points: [ 9.12555618e+01, 1.95773483e+02, 9.88784637e+01, 1.98393646e+02,
    1.06727249e+02, 2.01186447e+02, 1.14362122e+02, 2.04208328e+02,
    1.21838806e+02, 2.06628036e+02, 1.29278885e+02, 2.09384476e+02,
    1.36578201e+02, 2.11822830e+02, 8.82623749e+01, 2.02602448e+02,
    9.60436707e+01, 2.05798630e+02, 1.04027039e+02, 2.08350266e+02,
    1.11623619e+02, 2.11055939e+02, 1.19159737e+02, 2.13678360e+02,
    1.26692322e+02, 2.16176849e+02, 1.33959351e+02, 2.18763977e+02,
    8.52787323e+01, 2.10121475e+02, 9.32132187e+01, 2.12952484e+02,
    1.01116646e+02, 2.15370514e+02, 1.08730125e+02, 2.18154831e+02,
    1.16346855e+02, 2.20635345e+02, 1.23854019e+02, 2.23323425e+02,
    1.31060913e+02, 2.25547455e+02, 8.24265060e+01, 2.17430023e+02,
    9.02632675e+01, 2.19932068e+02, 9.81625061e+01, 2.22550125e+02,
    1.05917252e+02, 2.25146347e+02, 1.13489952e+02, 2.27819687e+02,
    1.21035774e+02, 2.30116577e+02, 1.28439285e+02, 2.32462738e+02,
    7.94403915e+01, 2.24544937e+02, 8.74287109e+01, 2.27193192e+02,
    9.52407150e+01, 2.29769104e+02, 1.03096191e+02, 2.32283356e+02,
    1.10692467e+02, 2.34723953e+02, 1.18347382e+02, 2.37133896e+02,
    1.25589554e+02, 2.39460907e+02, 7.64107056e+01, 2.31986786e+02,
    8.43957520e+01, 2.34604904e+02, 9.23285217e+01, 2.37064789e+02,
    1.00223358e+02, 2.39483154e+02, 1.07809265e+02, 2.41908691e+02,
    1.15320755e+02, 2.44320312e+02, 1.22900574e+02, 2.46549561e+02,
    7.34738388e+01, 2.39337128e+02, 8.15647964e+01, 2.41720856e+02,
    8.94005814e+01, 2.44283951e+02, 9.73931656e+01, 2.46633591e+02,
    1.05070496e+02, 2.49065369e+02, 1.12626373e+02, 2.51257568e+02,
    1.20064178e+02, 2.53511719e+02, 7.06089020e+01, 2.46574417e+02,
    7.85228729e+01, 2.49218033e+02, 8.65428467e+01, 2.51575989e+02,
    9.44129181e+01, 2.53836716e+02, 1.02180367e+02, 2.56037231e+02,
    1.09807304e+02, 2.58430023e+02, 1.17314522e+02, 2.60717041e+02,
    6.75401077e+01, 2.54155746e+02, 7.56982651e+01, 2.56372986e+02,
    8.36684113e+01, 2.58836029e+02, 9.15414886e+01, 2.61086792e+02,
    9.92289124e+01, 2.63398682e+02, 1.06942719e+02, 2.65456787e+02,
    1.14433441e+02, 2.67685394e+02 ]
