%YAML:1.0
---
points: [ 4.85928741e+02, 3.22050903e+02, 4.79520996e+02, 3.41396027e+02,
    4.73454742e+02, 3.60637421e+02, 4.67329376e+02, 3.79737091e+02,
    4.61193817e+02, 3.98605103e+02, 4.55125549e+02, 4.17403564e+02,
    4.49276520e+02, 4.35702667e+02, 4.63179352e+02, 3.14623749e+02,
    4.56970642e+02, 3.34516541e+02, 4.50758911e+02, 3.53929474e+02,
    4.44675110e+02, 3.73287476e+02, 4.38746552e+02, 3.92225250e+02,
    4.32813049e+02, 4.11225800e+02, 4.26785431e+02, 4.29659912e+02,
    4.40091644e+02, 3.07406128e+02, 4.33816345e+02, 3.27388672e+02,
    4.27773560e+02, 3.47171967e+02, 4.21747894e+02, 3.66422119e+02,
    4.15933655e+02, 3.85846252e+02, 4.09953125e+02, 4.04884857e+02,
    4.04076233e+02, 4.23937286e+02, 4.16600037e+02, 2.99778778e+02,
    4.10514130e+02, 3.20180267e+02, 4.04459076e+02, 3.39896912e+02,
    3.98501434e+02, 3.59745941e+02, 3.92566925e+02, 3.79319702e+02,
    3.86744995e+02, 3.98656281e+02, 3.80818604e+02, 4.17786438e+02,
    3.92437561e+02, 2.92272919e+02, 3.86413300e+02, 3.12658142e+02,
    3.80533051e+02, 3.32916870e+02, 3.74510162e+02, 3.52812439e+02,
    3.68914642e+02, 3.72720367e+02, 3.63041718e+02, 3.92166901e+02,
    3.57316925e+02, 4.11551605e+02, 3.67980927e+02, 2.84412628e+02,
    3.61971527e+02, 3.05160797e+02, 3.56185638e+02, 3.25476135e+02,
    3.50241302e+02, 3.45730316e+02, 3.44550873e+02, 3.65728119e+02,
    3.38957855e+02, 3.85631500e+02, 3.33191376e+02, 4.05250977e+02,
    3.43159851e+02, 2.76469086e+02, 3.37069092e+02, 2.97425934e+02,
    3.31346863e+02, 3.18150970e+02, 3.25482544e+02, 3.38578552e+02,
    3.19884552e+02, 3.58741760e+02, 3.14401306e+02, 3.78837921e+02,
    3.08702393e+02, 3.98699005e+02, 3.17625488e+02, 2.68245270e+02,
    3.11900299e+02, 2.89563660e+02, 3.06114349e+02, 3.10439880e+02,
    3.00551056e+02, 3.31408478e+02, 2.94850098e+02, 3.51621460e+02,
    2.89346710e+02, 3.72168518e+02, 2.83715607e+02, 3.92159088e+02,
    2.91797485e+02, 2.59959869e+02, 2.86036072e+02, 2.81476959e+02,
    2.80471466e+02, 3.02796417e+02, 2.74707794e+02, 3.23699371e+02,
    2.69400879e+02, 3.44589691e+02, 2.63749329e+02, 3.65224457e+02,
    2.58549469e+02, 3.85433258e+02 ]
