%YAML:1.0
---
points: [ 4.38166901e+02, 6.56517883e+02, 4.59887817e+02, 6.66126831e+02,
    4.81702728e+02, 6.75277710e+02, 5.03369110e+02, 6.84514832e+02,
    5.24767700e+02, 6.93574768e+02, 5.45959778e+02, 7.02744080e+02,
    5.67147461e+02, 7.11680359e+02, 4.25540283e+02, 6.77122375e+02,
    4.47800110e+02, 6.86349121e+02, 4.69809357e+02, 6.95653442e+02,
    4.91644745e+02, 7.04764282e+02, 5.13249329e+02, 7.14249573e+02,
    5.34784729e+02, 7.23122681e+02, 5.56046936e+02, 7.32183105e+02,
    4.13168182e+02, 6.97547974e+02, 4.35477386e+02, 7.07105591e+02,
    4.57616089e+02, 7.16435730e+02, 4.79581604e+02, 7.25680481e+02,
    5.01638855e+02, 7.34725464e+02, 5.23276428e+02, 7.43827148e+02,
    5.44820679e+02, 7.52834534e+02, 4.00242401e+02, 7.18800720e+02,
    4.22919037e+02, 7.28079834e+02, 4.45336487e+02, 7.37499146e+02,
    4.67672791e+02, 7.46697937e+02, 4.89551880e+02, 7.56089844e+02,
    5.11593048e+02, 7.65114075e+02, 5.33347900e+02, 7.74140015e+02,
    3.87295776e+02, 7.40250977e+02, 4.09963501e+02, 7.49693115e+02,
    4.32725555e+02, 7.59042969e+02, 4.55230591e+02, 7.68372803e+02,
    4.77625763e+02, 7.77466858e+02, 4.99606964e+02, 7.86645264e+02,
    5.21662048e+02, 7.95643982e+02, 3.73809265e+02, 7.62359863e+02,
    3.97114471e+02, 7.71515076e+02, 4.19875580e+02, 7.81153442e+02,
    4.42628113e+02, 7.90342224e+02, 4.65267578e+02, 7.99609070e+02,
    4.87737823e+02, 8.08592834e+02, 5.09800354e+02, 8.17704285e+02,
    3.60504639e+02, 7.84434265e+02, 3.83694305e+02, 7.93949524e+02,
    4.07088898e+02, 8.03253662e+02, 4.29897430e+02, 8.12596313e+02,
    4.52698608e+02, 8.21795532e+02, 4.75277832e+02, 8.31189026e+02,
    4.98002991e+02, 8.39981384e+02, 3.46819611e+02, 8.07197937e+02,
    3.70432648e+02, 8.16613281e+02, 3.93679993e+02, 8.26171326e+02,
    4.17085266e+02, 8.35358704e+02, 4.40050018e+02, 8.44716431e+02,
    4.62916748e+02, 8.53771301e+02, 4.85485748e+02, 8.62938843e+02,
    3.33042267e+02, 8.30248108e+02, 3.56611176e+02, 8.39793640e+02,
    3.80302979e+02, 8.49300476e+02, 4.03670135e+02, 8.58523926e+02,
    4.27190796e+02, 8.67766174e+02, 4.50081818e+02, 8.77204041e+02,
    4.73215454e+02, 8.86127686e+02 ]
