%YAML:1.0
---
points: [ 5.38319031e+02, 4.01369995e+02, 5.33483948e+02, 4.16851410e+02,
    5.28779663e+02, 4.32647644e+02, 5.23998413e+02, 4.48913818e+02,
    5.19039856e+02, 4.65486633e+02, 5.14163269e+02, 4.82207367e+02,
    5.08849182e+02, 4.99585480e+02, 5.17249451e+02, 3.97372070e+02,
    5.12499878e+02, 4.13039520e+02, 5.07491638e+02, 4.28913574e+02,
    5.02430573e+02, 4.45187439e+02, 4.97328979e+02, 4.61615448e+02,
    4.92038177e+02, 4.78717133e+02, 4.86577576e+02, 4.96124207e+02,
    4.96311676e+02, 3.93468750e+02, 4.91243988e+02, 4.08890961e+02,
    4.86073730e+02, 4.25227905e+02, 4.80617188e+02, 4.41292023e+02,
    4.75331757e+02, 4.58132111e+02, 4.69576477e+02, 4.75142242e+02,
    4.64294586e+02, 4.92492767e+02, 4.74995392e+02, 3.89372986e+02,
    4.69770966e+02, 4.05346741e+02, 4.64253693e+02, 4.21238800e+02,
    4.59043213e+02, 4.37743835e+02, 4.53042297e+02, 4.54361298e+02,
    4.47485748e+02, 4.71427246e+02, 4.41637512e+02, 4.88588837e+02,
    4.53628235e+02, 3.85544647e+02, 4.47845490e+02, 4.01426819e+02,
    4.42545624e+02, 4.17520142e+02, 4.36556824e+02, 4.33801758e+02,
    4.30810272e+02, 4.50626587e+02, 4.24883514e+02, 4.67504486e+02,
    4.18648560e+02, 4.85236847e+02, 4.31809753e+02, 3.81572571e+02,
    4.26353638e+02, 3.97492004e+02, 4.20436707e+02, 4.13491394e+02,
    4.14368195e+02, 4.30074524e+02, 4.08431030e+02, 4.46715759e+02,
    4.02080566e+02, 4.64149353e+02, 3.95549164e+02, 4.81430969e+02,
    4.10434967e+02, 3.77693237e+02, 4.04340851e+02, 3.93464844e+02,
    3.98268463e+02, 4.09749695e+02, 3.92165802e+02, 4.26114166e+02,
    3.85715607e+02, 4.43223907e+02, 3.78962769e+02, 4.60193146e+02,
    3.72540863e+02, 4.77869873e+02, 3.88545776e+02, 3.73756927e+02,
    3.82284149e+02, 3.89766785e+02, 3.75808624e+02, 4.05953552e+02,
    3.69610626e+02, 4.22533386e+02, 3.62806641e+02, 4.39195496e+02,
    3.56174255e+02, 4.56474243e+02, 3.49144257e+02, 4.74201721e+02,
    3.66438354e+02, 3.70007263e+02, 3.60088654e+02, 3.85833679e+02,
    3.53480652e+02, 4.02213898e+02, 3.46722748e+02, 4.18570404e+02,
    3.39970398e+02, 4.35535858e+02, 3.32753967e+02, 4.52676086e+02,
    3.25789795e+02, 4.70537598e+02 ]
