%YAML:1.0
---
points: [ 4.69541046e+02, 2.29466660e+02, 4.71116852e+02, 2.36524612e+02,
    4.72606537e+02, 2.44024582e+02, 4.74128571e+02, 2.51083160e+02,
    4.75630127e+02, 2.58609924e+02, 4.77044769e+02, 2.65679413e+02,
    4.78574066e+02, 2.73288361e+02, 4.62211456e+02, 2.30670410e+02,
    4.63837097e+02, 2.38044098e+02, 4.65251343e+02, 2.45191071e+02,
    4.66795959e+02, 2.52504868e+02, 4.68200684e+02, 2.59747192e+02,
    4.69811218e+02, 2.67217194e+02, 4.70986084e+02, 2.74340607e+02,
    4.54784821e+02, 2.32072586e+02, 4.56278748e+02, 2.39183228e+02,
    4.57847900e+02, 2.46581131e+02, 4.59261688e+02, 2.53746216e+02,
    4.60881439e+02, 2.61133148e+02, 4.62287964e+02, 2.68341858e+02,
    4.63905029e+02, 2.75746277e+02, 4.47323425e+02, 2.33313858e+02,
    4.48902435e+02, 2.40547485e+02, 4.50400085e+02, 2.47847717e+02,
    4.51907440e+02, 2.55191055e+02, 4.53410065e+02, 2.62337708e+02,
    4.54870941e+02, 2.69756348e+02, 4.56310883e+02, 2.76963013e+02,
    4.39825134e+02, 2.34658829e+02, 4.41315552e+02, 2.41826401e+02,
    4.42897064e+02, 2.49160385e+02, 4.44377716e+02, 2.56327606e+02,
    4.45881805e+02, 2.63624359e+02, 4.47336365e+02, 2.70953217e+02,
    4.48786102e+02, 2.78300201e+02, 4.32322784e+02, 2.35931458e+02,
    4.33821686e+02, 2.43161026e+02, 4.35330750e+02, 2.50335541e+02,
    4.36838226e+02, 2.57670624e+02, 4.38312469e+02, 2.64878265e+02,
    4.39819916e+02, 2.72242889e+02, 4.41304901e+02, 2.79427368e+02,
    4.24812469e+02, 2.37324081e+02, 4.26302094e+02, 2.44320267e+02,
    4.27857239e+02, 2.51661636e+02, 4.29281830e+02, 2.58855988e+02,
    4.30872711e+02, 2.66194519e+02, 4.32292542e+02, 2.73389984e+02,
    4.33874634e+02, 2.80717438e+02, 4.17305206e+02, 2.38449768e+02,
    4.18840729e+02, 2.45803848e+02, 4.20288208e+02, 2.52797165e+02,
    4.21795868e+02, 2.60226990e+02, 4.23239532e+02, 2.67284088e+02,
    4.24844910e+02, 2.74713104e+02, 4.26318298e+02, 2.81871124e+02,
    4.09910706e+02, 2.39744064e+02, 4.11301056e+02, 2.46950089e+02,
    4.12836945e+02, 2.54182999e+02, 4.14317932e+02, 2.61274170e+02,
    4.15822083e+02, 2.68616364e+02, 4.17304169e+02, 2.75746246e+02,
    4.18828369e+02, 2.83212708e+02 ]
