%YAML:1.0
---
points: [ 9.93057632e+01, 2.54840454e+02, 1.06479866e+02, 2.57987183e+02,
    1.13638710e+02, 2.61122375e+02, 1.20870651e+02, 2.64326904e+02,
    1.27982964e+02, 2.67311462e+02, 1.35082352e+02, 2.70477295e+02,
    1.41992935e+02, 2.73448303e+02, 9.51798019e+01, 2.61661713e+02,
    1.02504105e+02, 2.64979675e+02, 1.09968483e+02, 2.68046356e+02,
    1.17115105e+02, 2.71132843e+02, 1.24239807e+02, 2.74236786e+02,
    1.31387909e+02, 2.77326508e+02, 1.38467712e+02, 2.80350677e+02,
    9.11748276e+01, 2.68574402e+02, 9.85740891e+01, 2.71831726e+02,
    1.06055054e+02, 2.74936615e+02, 1.13291275e+02, 2.78170929e+02,
    1.20537834e+02, 2.81292084e+02, 1.27703697e+02, 2.84326355e+02,
    1.34898911e+02, 2.87404633e+02, 8.71912460e+01, 2.75595001e+02,
    9.45390091e+01, 2.78930450e+02, 1.02086502e+02, 2.82137482e+02,
    1.09457596e+02, 2.85290558e+02, 1.16656349e+02, 2.88329163e+02,
    1.24120560e+02, 2.91391571e+02, 1.31165939e+02, 2.94445557e+02,
    8.31446381e+01, 2.83032654e+02, 9.05163345e+01, 2.86096436e+02,
    9.80544128e+01, 2.89339600e+02, 1.05429909e+02, 2.92430359e+02,
    1.12861633e+02, 2.95527802e+02, 1.20174721e+02, 2.98747101e+02,
    1.27449799e+02, 3.02034058e+02, 7.88212280e+01, 2.90175507e+02,
    8.64173965e+01, 2.93530762e+02, 9.39357452e+01, 2.96635010e+02,
    1.01459587e+02, 2.99840454e+02, 1.09049423e+02, 3.02953033e+02,
    1.16429817e+02, 3.06196777e+02, 1.23679001e+02, 3.09298462e+02,
    7.46126633e+01, 2.97667175e+02, 8.22861633e+01, 3.00878967e+02,
    8.98357315e+01, 3.04141418e+02, 9.74604187e+01, 3.07286102e+02,
    1.05047668e+02, 3.10526764e+02, 1.12465187e+02, 3.13616699e+02,
    1.20041969e+02, 3.16745300e+02, 7.04863358e+01, 3.05056000e+02,
    7.80890656e+01, 3.08509125e+02, 8.58285751e+01, 3.11638275e+02,
    9.33280258e+01, 3.14891968e+02, 1.01017838e+02, 3.17959534e+02,
    1.08522667e+02, 3.21428131e+02, 1.16026428e+02, 3.24235657e+02,
    6.61717453e+01, 3.12827545e+02, 7.41039276e+01, 3.15938110e+02,
    8.15734940e+01, 3.19388397e+02, 8.94164810e+01, 3.22376160e+02,
    9.68282547e+01, 3.25836853e+02, 1.04726379e+02, 3.28798309e+02,
    1.12213799e+02, 3.32100922e+02 ]
