%YAML:1.0
---
points: [ 8.53433380e+01, 2.53649460e+02, 9.13448563e+01, 2.60961884e+02,
    9.73590851e+01, 2.68204651e+02, 1.03303017e+02, 2.75272827e+02,
    1.09203079e+02, 2.82294342e+02, 1.15085228e+02, 2.89336975e+02,
    1.20868103e+02, 2.96294098e+02, 7.70642548e+01, 2.59567200e+02,
    8.31351624e+01, 2.66909393e+02, 8.92947464e+01, 2.74240601e+02,
    9.52996063e+01, 2.81547058e+02, 1.01330719e+02, 2.88543213e+02,
    1.07282127e+02, 2.95449921e+02, 1.13140663e+02, 3.02487885e+02,
    6.87077866e+01, 2.65715973e+02, 7.49110107e+01, 2.73085571e+02,
    8.10906448e+01, 2.80326538e+02, 8.72476501e+01, 2.87683441e+02,
    9.32619019e+01, 2.94862732e+02, 9.92730637e+01, 3.01995056e+02,
    1.05312119e+02, 3.09050140e+02, 5.99787102e+01, 2.72037384e+02,
    6.65450363e+01, 2.79245789e+02, 7.28253708e+01, 2.86715973e+02,
    7.90036774e+01, 2.94040680e+02, 8.52077866e+01, 3.01224304e+02,
    9.12967300e+01, 3.08385254e+02, 9.73902206e+01, 3.15428101e+02,
    5.15974808e+01, 2.78029175e+02, 5.80181847e+01, 2.85508118e+02,
    6.42849503e+01, 2.93013733e+02, 7.06291809e+01, 3.00473480e+02,
    7.68339691e+01, 3.07752106e+02, 8.31312180e+01, 3.14944061e+02,
    8.92070923e+01, 3.22163544e+02, 4.28516350e+01, 2.84500031e+02,
    4.93242836e+01, 2.92053192e+02, 5.58347321e+01, 2.99633667e+02,
    6.21841698e+01, 3.06939270e+02, 6.84658737e+01, 3.14310455e+02,
    7.48126144e+01, 3.21572144e+02, 8.10437469e+01, 3.28900818e+02,
    3.41088295e+01, 2.90872498e+02, 4.08533363e+01, 2.98582764e+02,
    4.71693420e+01, 3.06164764e+02, 5.36734428e+01, 3.13578827e+02,
    6.00407372e+01, 3.21061768e+02, 6.64649124e+01, 3.28370239e+02,
    7.27837830e+01, 3.35595978e+02, 2.55330009e+01, 2.97428223e+02,
    3.19593697e+01, 3.05165619e+02, 3.86883736e+01, 3.12781342e+02,
    4.50543060e+01, 3.20251038e+02, 5.16507263e+01, 3.27861206e+02,
    5.80433578e+01, 3.35056274e+02, 6.45288162e+01, 3.42540802e+02,
    1.66539192e+01, 3.04039246e+02, 2.34554768e+01, 3.11887146e+02,
    2.99201756e+01, 3.19384583e+02, 3.66361542e+01, 3.27178925e+02,
    4.30754356e+01, 3.34492828e+02, 4.96903038e+01, 3.42112335e+02,
    5.61181183e+01, 3.49238770e+02 ]
