%YAML:1.0
---
points: [ 5.43392761e+02, 4.56613220e+02, 5.34628662e+02, 4.77432739e+02,
    5.25568665e+02, 4.98532776e+02, 5.16540710e+02, 5.19437744e+02,
    5.07553009e+02, 5.40790405e+02, 4.98442322e+02, 5.61873596e+02,
    4.89383545e+02, 5.83609314e+02, 5.27150818e+02, 4.50743225e+02,
    5.18314453e+02, 4.71677094e+02, 5.09529846e+02, 4.92329437e+02,
    5.00456726e+02, 5.13411682e+02, 4.91510254e+02, 5.34320679e+02,
    4.82443939e+02, 5.55484985e+02, 4.73473389e+02, 5.76629578e+02,
    5.11208435e+02, 4.45562927e+02, 5.02386322e+02, 4.65736633e+02,
    4.93445312e+02, 4.86570618e+02, 4.84411285e+02, 5.07277039e+02,
    4.75610748e+02, 5.28094055e+02, 4.66770966e+02, 5.49091309e+02,
    4.57702637e+02, 5.70267700e+02, 4.95306580e+02, 4.39723114e+02,
    4.86637421e+02, 4.60356232e+02, 4.77787201e+02, 4.80618408e+02,
    4.69183167e+02, 5.01383514e+02, 4.60298126e+02, 5.21970886e+02,
    4.51308990e+02, 5.42797852e+02, 4.42335632e+02, 5.63611938e+02,
    4.80044464e+02, 4.34710327e+02, 4.71055634e+02, 4.54757660e+02,
    4.62430206e+02, 4.75012665e+02, 4.53559174e+02, 4.95483032e+02,
    4.44773926e+02, 5.15970703e+02, 4.36162109e+02, 5.36507141e+02,
    4.27300018e+02, 5.57458374e+02, 4.64441345e+02, 4.29236694e+02,
    4.55790527e+02, 4.49239655e+02, 4.47313965e+02, 4.69460876e+02,
    4.38781769e+02, 4.89724945e+02, 4.30005859e+02, 5.09931702e+02,
    4.21206024e+02, 5.30535278e+02, 4.12422211e+02, 5.50880188e+02,
    4.49318848e+02, 4.24014557e+02, 4.41045410e+02, 4.44068115e+02,
    4.32704010e+02, 4.64035522e+02, 4.24144623e+02, 4.83839813e+02,
    4.15475861e+02, 5.04440826e+02, 4.06559021e+02, 5.24419128e+02,
    3.98043060e+02, 5.45207825e+02, 4.35269348e+02, 4.18960297e+02,
    4.27210785e+02, 4.38906097e+02, 4.18126923e+02, 4.58540497e+02,
    4.08488922e+02, 4.78315948e+02, 4.00844147e+02, 4.98328033e+02,
    3.91081329e+02, 5.18267822e+02, 3.83517792e+02, 5.38698303e+02,
    4.21804840e+02, 4.14538361e+02, 4.12337219e+02, 4.33659241e+02,
    4.02428284e+02, 4.52860168e+02, 3.95286804e+02, 4.72828827e+02,
    3.87195587e+02, 4.93180054e+02, 3.78159912e+02, 5.12608948e+02,
    3.68584015e+02, 5.32547668e+02 ]
