%YAML:1.0
---
points: [ 3.85879944e+02, 6.53394104e+02, 4.04308777e+02, 6.74766663e+02,
    4.22516174e+02, 6.96291016e+02, 4.40555542e+02, 7.17321045e+02,
    4.58354156e+02, 7.38279602e+02, 4.75898132e+02, 7.58845642e+02,
    4.93427032e+02, 7.79451599e+02, 3.60184052e+02, 6.71099792e+02,
    3.78825317e+02, 6.92898865e+02, 3.97418732e+02, 7.14393921e+02,
    4.15707458e+02, 7.35629211e+02, 4.33806030e+02, 7.56668945e+02,
    4.51772217e+02, 7.77616943e+02, 4.69572418e+02, 7.98329407e+02,
    3.33912872e+02, 6.89321655e+02, 3.52896667e+02, 7.11132629e+02,
    3.71748993e+02, 7.32897156e+02, 3.90405884e+02, 7.54359436e+02,
    4.08888367e+02, 7.75614624e+02, 4.27172821e+02, 7.96583740e+02,
    4.45341980e+02, 8.17525696e+02, 3.06943604e+02, 7.07790771e+02,
    3.26423615e+02, 7.30013489e+02, 3.45570648e+02, 7.51789795e+02,
    3.64551239e+02, 7.73509033e+02, 3.83349731e+02, 7.94855347e+02,
    4.02035248e+02, 8.16260925e+02, 4.20437714e+02, 8.37212402e+02,
    2.79596893e+02, 7.26959900e+02, 2.99323059e+02, 7.49181641e+02,
    3.18879425e+02, 7.71361084e+02, 3.38108459e+02, 7.93167480e+02,
    3.57265594e+02, 8.14743835e+02, 3.76214996e+02, 8.36193176e+02,
    3.94891571e+02, 8.57461731e+02, 2.51594757e+02, 7.46415588e+02,
    2.71615845e+02, 7.68899658e+02, 2.91432556e+02, 7.91127380e+02,
    3.11129883e+02, 8.13269287e+02, 3.30529327e+02, 8.34975098e+02,
    3.49830780e+02, 8.56623962e+02, 3.68914978e+02, 8.78020874e+02,
    2.23245041e+02, 7.66363892e+02, 2.43501892e+02, 7.88906311e+02,
    2.63665314e+02, 8.11498840e+02, 2.83673767e+02, 8.33590942e+02,
    3.03553284e+02, 8.55563354e+02, 3.23193939e+02, 8.77387817e+02,
    3.42446472e+02, 8.98913208e+02, 1.94189865e+02, 7.86580505e+02,
    2.14818451e+02, 8.09542053e+02, 2.35389908e+02, 8.32120544e+02,
    2.55736633e+02, 8.54546753e+02, 2.75797089e+02, 8.76649170e+02,
    2.95700592e+02, 8.98578247e+02, 3.15483734e+02, 9.20345154e+02,
    1.64562515e+02, 8.07449036e+02, 1.85502930e+02, 8.30539795e+02,
    2.06419556e+02, 8.53363159e+02, 2.27158554e+02, 8.75827087e+02,
    2.47552673e+02, 8.98250732e+02, 2.67868164e+02, 9.20298889e+02,
    2.88094940e+02, 9.42181030e+02 ]
