%YAML:1.0
---
points: [ 4.50204407e+02, 1.69040070e+02, 4.54851196e+02, 1.74882233e+02,
    4.59843628e+02, 1.80753311e+02, 4.64630524e+02, 1.86420441e+02,
    4.69384705e+02, 1.92305740e+02, 4.73920166e+02, 1.97965881e+02,
    4.78835754e+02, 2.03767868e+02, 4.43574158e+02, 1.74188049e+02,
    4.48634216e+02, 1.79797821e+02, 4.53278687e+02, 1.85532074e+02,
    4.58237183e+02, 1.91363708e+02, 4.62957428e+02, 1.97095108e+02,
    4.67698212e+02, 2.02744583e+02, 4.72165222e+02, 2.08397095e+02,
    4.37361847e+02, 1.78894394e+02, 4.41986053e+02, 1.84727158e+02,
    4.46998688e+02, 1.90394882e+02, 4.51575195e+02, 1.96109009e+02,
    4.56457977e+02, 2.01842422e+02, 4.61219482e+02, 2.07555603e+02,
    4.65966797e+02, 2.13037537e+02, 4.30757477e+02, 1.83960190e+02,
    4.35770111e+02, 1.89404297e+02, 4.40469025e+02, 1.95178436e+02,
    4.45225891e+02, 2.00822372e+02, 4.49989624e+02, 2.06445511e+02,
    4.54772125e+02, 2.12175430e+02, 4.59355072e+02, 2.17676132e+02,
    4.24641602e+02, 1.88525711e+02, 4.29295441e+02, 1.94330658e+02,
    4.34122803e+02, 1.99821381e+02, 4.38691833e+02, 2.05443848e+02,
    4.43630066e+02, 2.11168930e+02, 4.48390259e+02, 2.16785370e+02,
    4.53057068e+02, 2.22292053e+02, 4.18060089e+02, 1.93547577e+02,
    4.22946594e+02, 1.98991089e+02, 4.27713104e+02, 2.04588867e+02,
    4.32483063e+02, 2.10254135e+02, 4.37130951e+02, 2.15707626e+02,
    4.41950378e+02, 2.21340927e+02, 4.46653168e+02, 2.26826904e+02,
    4.12086731e+02, 1.97935638e+02, 4.16610352e+02, 2.03642609e+02,
    4.21465363e+02, 2.09193604e+02, 4.25991913e+02, 2.14800247e+02,
    4.30922119e+02, 2.20302582e+02, 4.35580353e+02, 2.25895279e+02,
    4.40237457e+02, 2.31379898e+02, 4.05417725e+02, 2.02870605e+02,
    4.10445007e+02, 2.08172165e+02, 4.15159485e+02, 2.13757095e+02,
    4.19859375e+02, 2.19255646e+02, 4.24564026e+02, 2.24764465e+02,
    4.29411957e+02, 2.30231567e+02, 4.34124207e+02, 2.35717865e+02,
    3.99838135e+02, 2.07208160e+02, 4.03965637e+02, 2.12493622e+02,
    4.09216431e+02, 2.18522186e+02, 4.13608643e+02, 2.23594131e+02,
    4.18617706e+02, 2.29284531e+02, 4.22936310e+02, 2.34502945e+02,
    4.27903107e+02, 2.40246109e+02 ]
