%YAML:1.0
---
points: [ 4.17111298e+02, 4.95270416e+02, 4.22802399e+02, 5.18706299e+02,
    4.28581879e+02, 5.42376770e+02, 4.34247498e+02, 5.65578491e+02,
    4.39811981e+02, 5.88662537e+02, 4.45432129e+02, 6.11597534e+02,
    4.50930634e+02, 6.34409363e+02, 3.90192230e+02, 5.00097870e+02,
    3.96172455e+02, 5.24175598e+02, 4.02017181e+02, 5.47649841e+02,
    4.07700409e+02, 5.71357971e+02, 4.13527344e+02, 5.94629761e+02,
    4.19462830e+02, 6.17976440e+02, 4.25026245e+02, 6.40703735e+02,
    3.62636688e+02, 5.05199463e+02, 3.68933411e+02, 5.29226929e+02,
    3.74922607e+02, 5.53523987e+02, 3.80924683e+02, 5.77017456e+02,
    3.86899139e+02, 6.00837830e+02, 3.92680756e+02, 6.24113281e+02,
    3.98640381e+02, 6.47418152e+02, 3.34514404e+02, 5.10331726e+02,
    3.40893463e+02, 5.34715454e+02, 3.47325409e+02, 5.58940186e+02,
    3.53351807e+02, 5.83028625e+02, 3.59535522e+02, 6.06818237e+02,
    3.65505493e+02, 6.30507446e+02, 3.71493347e+02, 6.54058411e+02,
    3.05974945e+02, 5.15654236e+02, 3.12462341e+02, 5.40310547e+02,
    3.18890594e+02, 5.65075989e+02, 3.25258453e+02, 5.89182434e+02,
    3.31511139e+02, 6.13268372e+02, 3.37921967e+02, 6.37044128e+02,
    3.43825073e+02, 6.60834839e+02, 2.76682343e+02, 5.21111755e+02,
    2.83312500e+02, 5.45968689e+02, 2.90137543e+02, 5.70707703e+02,
    2.96516479e+02, 5.95519165e+02, 3.02827911e+02, 6.19640259e+02,
    3.09451202e+02, 6.43991577e+02, 3.15765350e+02, 6.67732544e+02,
    2.47216141e+02, 5.26622803e+02, 2.54014130e+02, 5.51677612e+02,
    2.60592957e+02, 5.76700378e+02, 2.67377747e+02, 6.01666748e+02,
    2.74138550e+02, 6.26255127e+02, 2.80630951e+02, 6.50530151e+02,
    2.87171570e+02, 6.74882629e+02, 2.16955017e+02, 5.32212219e+02,
    2.23778839e+02, 5.57780090e+02, 2.30647705e+02, 5.82959900e+02,
    2.37568054e+02, 6.08163696e+02, 2.44426636e+02, 6.32953308e+02,
    2.51273636e+02, 6.57536072e+02, 2.57936188e+02, 6.81902039e+02,
    1.85849258e+02, 5.38299072e+02, 1.93047989e+02, 5.63820618e+02,
    2.00261261e+02, 5.89410767e+02, 2.07232407e+02, 6.14607483e+02,
    2.14283722e+02, 6.39772766e+02, 2.21366562e+02, 6.64626709e+02,
    2.28186081e+02, 6.89391357e+02 ]
