%YAML:1.0
---
points: [ 5.48869385e+02, 2.56284912e+02, 5.44381348e+02, 2.78367401e+02,
    5.39933044e+02, 3.00330505e+02, 5.35293274e+02, 3.22346802e+02,
    5.31223022e+02, 3.44053406e+02, 5.26385315e+02, 3.65831757e+02,
    5.22272461e+02, 3.87433136e+02, 5.31135559e+02, 2.52573502e+02,
    5.26836853e+02, 2.74623047e+02, 5.22202820e+02, 2.96457245e+02,
    5.17940002e+02, 3.18172089e+02, 5.13521667e+02, 3.39715637e+02,
    5.09300140e+02, 3.61549255e+02, 5.05000427e+02, 3.82781616e+02,
    5.13516602e+02, 2.48931122e+02, 5.09223755e+02, 2.70726746e+02,
    5.05025330e+02, 2.92576935e+02, 5.00485565e+02, 3.13929443e+02,
    4.96351532e+02, 3.35730072e+02, 4.91994354e+02, 3.57157532e+02,
    4.87731842e+02, 3.78643677e+02, 4.96231628e+02, 2.45304642e+02,
    4.92109650e+02, 2.67190918e+02, 4.87747131e+02, 2.88494507e+02,
    4.83626556e+02, 3.10273132e+02, 4.79246429e+02, 3.31560211e+02,
    4.75167358e+02, 3.53183807e+02, 4.70867371e+02, 3.74299713e+02,
    4.79366180e+02, 2.41891220e+02, 4.74945953e+02, 2.63398376e+02,
    4.70822327e+02, 2.84841797e+02, 4.66539734e+02, 3.06375885e+02,
    4.62583832e+02, 3.27577576e+02, 4.58246368e+02, 3.49005554e+02,
    4.54309814e+02, 3.70125885e+02, 4.62325989e+02, 2.38480865e+02,
    4.58430939e+02, 2.59756470e+02, 4.54049927e+02, 2.81249542e+02,
    4.50107605e+02, 3.02445343e+02, 4.45891541e+02, 3.23626190e+02,
    4.42066315e+02, 3.44843567e+02, 4.37688385e+02, 3.65777832e+02,
    4.45988800e+02, 2.35100281e+02, 4.41750427e+02, 2.56296722e+02,
    4.37941467e+02, 2.77663116e+02, 4.33720551e+02, 2.98508942e+02,
    4.29663513e+02, 3.19735077e+02, 4.25654022e+02, 3.40553436e+02,
    4.21791473e+02, 3.61794098e+02, 4.29650452e+02, 2.31640808e+02,
    4.25770203e+02, 2.52948654e+02, 4.21637451e+02, 2.73872467e+02,
    4.17801483e+02, 2.94900360e+02, 4.13664093e+02, 3.15795380e+02,
    4.09740234e+02, 3.36701477e+02, 4.05595428e+02, 3.57467529e+02,
    4.13903351e+02, 2.28560471e+02, 4.09648590e+02, 2.49557999e+02,
    4.05794861e+02, 2.70410614e+02, 4.01604431e+02, 2.91377838e+02,
    3.97942383e+02, 3.12061127e+02, 3.93909088e+02, 3.32813782e+02,
    3.90158417e+02, 3.53547302e+02 ]
