%YAML:1.0
---
points: [ 9.32078781e+01, 2.00232986e+02, 9.51164093e+01, 2.08315842e+02,
    9.70072403e+01, 2.16204956e+02, 9.87062073e+01, 2.24070938e+02,
    1.00566261e+02, 2.31843094e+02, 1.02411201e+02, 2.39656372e+02,
    1.04217453e+02, 2.47360626e+02, 8.44278641e+01, 2.01968796e+02,
    8.63383179e+01, 2.09995010e+02, 8.82830276e+01, 2.18098846e+02,
    9.01500854e+01, 2.25926529e+02, 9.20756454e+01, 2.33859100e+02,
    9.38898773e+01, 2.41742538e+02, 9.58108368e+01, 2.49456375e+02,
    7.55380020e+01, 2.03655197e+02, 7.74892731e+01, 2.11854584e+02,
    7.94249878e+01, 2.19918396e+02, 8.13703537e+01, 2.27927841e+02,
    8.32788620e+01, 2.36038284e+02, 8.53111038e+01, 2.43800049e+02,
    8.71392136e+01, 2.51494553e+02, 6.64308472e+01, 2.05310715e+02,
    6.85383530e+01, 2.13722092e+02, 7.05014114e+01, 2.21815125e+02,
    7.24647903e+01, 2.29862076e+02, 7.45589142e+01, 2.37970764e+02,
    7.64113235e+01, 2.45866165e+02, 7.83673706e+01, 2.53864960e+02,
    5.72841721e+01, 2.07052643e+02, 5.92930641e+01, 2.15597641e+02,
    6.13025475e+01, 2.23699753e+02, 6.33472176e+01, 2.32019058e+02,
    6.54160919e+01, 2.40063309e+02, 6.74170914e+01, 2.48161072e+02,
    6.94463348e+01, 2.55955109e+02, 4.79363022e+01, 2.09001099e+02,
    5.00433540e+01, 2.17410767e+02, 5.22066917e+01, 2.25831650e+02,
    5.43085098e+01, 2.33960327e+02, 5.63564682e+01, 2.42353683e+02,
    5.84314308e+01, 2.50199249e+02, 6.04412766e+01, 2.58459930e+02,
    3.85814476e+01, 2.10829254e+02, 4.08253784e+01, 2.19507523e+02,
    4.28746147e+01, 2.27804764e+02, 4.50749016e+01, 2.36164963e+02,
    4.71023369e+01, 2.44363144e+02, 4.92288895e+01, 2.52553650e+02,
    5.13584595e+01, 2.60614624e+02, 2.90770130e+01, 2.12884857e+02,
    3.12355022e+01, 2.21328445e+02, 3.35128021e+01, 2.29876511e+02,
    3.56081429e+01, 2.38236191e+02, 3.78147240e+01, 2.46647934e+02,
    3.99485245e+01, 2.54716721e+02, 4.21015778e+01, 2.63060608e+02,
    1.96550808e+01, 2.14678635e+02, 2.18704872e+01, 2.23563583e+02,
    2.39498196e+01, 2.31962967e+02, 2.62426186e+01, 2.40457916e+02,
    2.83799114e+01, 2.48661209e+02, 3.06487198e+01, 2.57143127e+02,
    3.27943344e+01, 2.65290833e+02 ]
