%YAML:1.0
---
points: [ 4.55682281e+02, 1.04693588e+02, 4.58810120e+02, 1.11367104e+02,
    4.62273041e+02, 1.18522812e+02, 4.65482391e+02, 1.25257332e+02,
    4.68831085e+02, 1.32267975e+02, 4.71852631e+02, 1.39004745e+02,
    4.75148102e+02, 1.45991745e+02, 4.48087830e+02, 1.08537872e+02,
    4.51466736e+02, 1.15340591e+02, 4.54552063e+02, 1.22043877e+02,
    4.58003967e+02, 1.29222778e+02, 4.61146027e+02, 1.35834991e+02,
    4.64544983e+02, 1.42717514e+02, 4.67464447e+02, 1.49056915e+02,
    4.40659363e+02, 1.12473457e+02, 4.43815002e+02, 1.19098770e+02,
    4.47238892e+02, 1.26118637e+02, 4.50379242e+02, 1.32698456e+02,
    4.53729706e+02, 1.39486176e+02, 4.56812744e+02, 1.46109879e+02,
    4.60156311e+02, 1.52991577e+02, 4.33144104e+02, 1.16269524e+02,
    4.36454742e+02, 1.23009293e+02, 4.39650818e+02, 1.29642899e+02,
    4.43019714e+02, 1.36274307e+02, 4.46255127e+02, 1.43211182e+02,
    4.49440735e+02, 1.49877518e+02, 4.52543823e+02, 1.56143417e+02,
    4.25783234e+02, 1.20040169e+02, 4.28944153e+02, 1.26617058e+02,
    4.32374420e+02, 1.33327026e+02, 4.35492523e+02, 1.39903641e+02,
    4.38783630e+02, 1.46916229e+02, 4.41901611e+02, 1.53167786e+02,
    4.45221161e+02, 1.59929947e+02, 4.18309509e+02, 1.24001831e+02,
    4.21761414e+02, 1.30508240e+02, 4.24814972e+02, 1.36969452e+02,
    4.28176056e+02, 1.43673477e+02, 4.31374939e+02, 1.50235092e+02,
    4.34597809e+02, 1.56884720e+02, 4.37703705e+02, 1.63140930e+02,
    4.11177612e+02, 1.27408348e+02, 4.14164062e+02, 1.34000626e+02,
    4.17686615e+02, 1.40733383e+02, 4.20666718e+02, 1.46986816e+02,
    4.23957184e+02, 1.53851624e+02, 4.27202972e+02, 1.60156677e+02,
    4.30331543e+02, 1.66619843e+02, 4.03718231e+02, 1.31349884e+02,
    4.07145966e+02, 1.37672379e+02, 4.10403046e+02, 1.44265823e+02,
    4.13514069e+02, 1.50701294e+02, 4.16850220e+02, 1.57251450e+02,
    4.20081970e+02, 1.63815247e+02, 4.23096832e+02, 1.69806793e+02,
    3.97050781e+02, 1.34955338e+02, 3.99629913e+02, 1.40980026e+02,
    4.03214203e+02, 1.47846664e+02, 4.06161377e+02, 1.54074646e+02,
    4.09782349e+02, 1.60811600e+02, 4.12811401e+02, 1.67151886e+02,
    4.16199524e+02, 1.73563400e+02 ]
