%YAML:1.0
---
points: [ 5.36783936e+02, 1.92174759e+02, 5.35489990e+02, 2.12723816e+02,
    5.34412964e+02, 2.32958908e+02, 5.33422546e+02, 2.52888718e+02,
    5.32432983e+02, 2.72451172e+02, 5.31320923e+02, 2.91796478e+02,
    5.30347473e+02, 3.10656830e+02, 5.14392151e+02, 1.88589142e+02,
    5.13523865e+02, 2.09374374e+02, 5.12538208e+02, 2.29789642e+02,
    5.11676697e+02, 2.49892258e+02, 5.10654907e+02, 2.69759308e+02,
    5.09889709e+02, 2.89252075e+02, 5.08821899e+02, 3.08256836e+02,
    4.91812836e+02, 1.85305573e+02, 4.91060547e+02, 2.06294052e+02,
    4.90382996e+02, 2.26874939e+02, 4.89541260e+02, 2.46939514e+02,
    4.88772644e+02, 2.66828796e+02, 4.87968475e+02, 2.86620605e+02,
    4.87302246e+02, 3.05846710e+02, 4.69015564e+02, 1.81698837e+02,
    4.68399811e+02, 2.02848694e+02, 4.67717041e+02, 2.23632263e+02,
    4.67207489e+02, 2.44241150e+02, 4.66536346e+02, 2.64259430e+02,
    4.66061371e+02, 2.83932129e+02, 4.65436432e+02, 3.03372375e+02,
    4.45517639e+02, 1.78174850e+02, 4.45032562e+02, 1.99445908e+02,
    4.44712799e+02, 2.20437286e+02, 4.44361359e+02, 2.41051331e+02,
    4.43964600e+02, 2.61357910e+02, 4.43549194e+02, 2.81339355e+02,
    4.43334625e+02, 3.00960052e+02, 4.21899994e+02, 1.74649643e+02,
    4.21711090e+02, 1.96171158e+02, 4.21475128e+02, 2.17329254e+02,
    4.21345032e+02, 2.38112625e+02, 4.21044922e+02, 2.58527618e+02,
    4.20883484e+02, 2.78541107e+02, 4.20575073e+02, 2.98360596e+02,
    3.98023712e+02, 1.70888123e+02, 3.97783508e+02, 1.92539810e+02,
    3.97774750e+02, 2.13938400e+02, 3.97683624e+02, 2.34883575e+02,
    3.97696655e+02, 2.55588181e+02, 3.97662384e+02, 2.75803162e+02,
    3.97720062e+02, 2.95791687e+02, 3.73632294e+02, 1.67246918e+02,
    3.73804169e+02, 1.89256714e+02, 3.73901306e+02, 2.10597687e+02,
    3.74161377e+02, 2.31867096e+02, 3.74219879e+02, 2.52623032e+02,
    3.74440430e+02, 2.73115417e+02, 3.74438263e+02, 2.93209717e+02,
    3.49067017e+02, 1.63593185e+02, 3.49290771e+02, 1.85662216e+02,
    3.49601593e+02, 2.07421188e+02, 3.49819580e+02, 2.28652786e+02,
    3.50269531e+02, 2.49598114e+02, 3.50489349e+02, 2.70395630e+02,
    3.50902008e+02, 2.90601929e+02 ]
