%YAML:1.0
---
points: [ 4.47397705e+02, 7.91801224e+01, 4.52583069e+02, 8.47099457e+01,
    4.57991791e+02, 9.04161682e+01, 4.63039093e+02, 9.58124161e+01,
    4.68227936e+02, 1.01248161e+02, 4.72918030e+02, 1.06560272e+02,
    4.78053345e+02, 1.11885094e+02, 4.40852448e+02, 8.59162521e+01,
    4.46380646e+02, 9.14213333e+01, 4.51507019e+02, 9.68657379e+01,
    4.56824005e+02, 1.02280266e+02, 4.61778442e+02, 1.07601662e+02,
    4.66990112e+02, 1.12931839e+02, 4.71470978e+02, 1.17919678e+02,
    4.34598389e+02, 9.24455948e+01, 4.39863770e+02, 9.79894485e+01,
    4.45292938e+02, 1.03361824e+02, 4.50442352e+02, 1.08728844e+02,
    4.55585480e+02, 1.13984619e+02, 4.60498596e+02, 1.19075981e+02,
    4.65535248e+02, 1.24195824e+02, 4.28127563e+02, 9.91882248e+01,
    4.33668488e+02, 1.04437302e+02, 4.38773438e+02, 1.09780563e+02,
    4.44176147e+02, 1.15078064e+02, 4.49321350e+02, 1.20181267e+02,
    4.54414734e+02, 1.25291733e+02, 4.58939423e+02, 1.30141266e+02,
    4.21958527e+02, 1.05643044e+02, 4.27148438e+02, 1.10980110e+02,
    4.32617981e+02, 1.16202515e+02, 4.37653442e+02, 1.21280922e+02,
    4.42980804e+02, 1.26465714e+02, 4.48087372e+02, 1.31549530e+02,
    4.52945679e+02, 1.36195374e+02, 4.15419434e+02, 1.12306732e+02,
    4.20956299e+02, 1.17412338e+02, 4.26162964e+02, 1.22524422e+02,
    4.31519989e+02, 1.27597633e+02, 4.36592743e+02, 1.32543030e+02,
    4.41788055e+02, 1.37520370e+02, 4.46764618e+02, 1.42366989e+02,
    4.09307404e+02, 1.18554398e+02, 4.14634888e+02, 1.23735863e+02,
    4.20014923e+02, 1.28739166e+02, 4.25136292e+02, 1.33724182e+02,
    4.30413025e+02, 1.38687943e+02, 4.35504578e+02, 1.43601242e+02,
    4.40412689e+02, 1.48275055e+02, 4.02851929e+02, 1.25082932e+02,
    4.08382080e+02, 1.29995361e+02, 4.13714142e+02, 1.34928604e+02,
    4.19065643e+02, 1.39908005e+02, 4.24154755e+02, 1.44669830e+02,
    4.29283203e+02, 1.49374771e+02, 4.34403076e+02, 1.54132599e+02,
    3.97012482e+02, 1.31224686e+02, 4.02099487e+02, 1.36071167e+02,
    4.07668091e+02, 1.41082184e+02, 4.12804962e+02, 1.45752258e+02,
    4.18116425e+02, 1.50709015e+02, 4.23083862e+02, 1.55358994e+02,
    4.28109283e+02, 1.59787125e+02 ]
