%YAML:1.0
---
points: [ 3.64008972e+02, 4.50483765e+02, 3.85323700e+02, 4.60642670e+02,
    4.06030762e+02, 4.70435516e+02, 4.26390137e+02, 4.80180054e+02,
    4.46310638e+02, 4.89518250e+02, 4.65732666e+02, 4.98888306e+02,
    4.84638000e+02, 5.07737244e+02, 3.53926483e+02, 4.69301941e+02,
    3.75401306e+02, 4.79237946e+02, 3.96409332e+02, 4.89062225e+02,
    4.16972015e+02, 4.98460693e+02, 4.37125366e+02, 5.07748352e+02,
    4.56744415e+02, 5.16691650e+02, 4.75921387e+02, 5.25770325e+02,
    3.43621338e+02, 4.88225922e+02, 3.65422119e+02, 4.98110046e+02,
    3.86639740e+02, 5.07521606e+02, 4.07468536e+02, 5.16955933e+02,
    4.27654358e+02, 5.26120972e+02, 4.47578369e+02, 5.35063110e+02,
    4.67162567e+02, 5.43622070e+02, 3.33347504e+02, 5.07522125e+02,
    3.55334900e+02, 5.17033142e+02, 3.76781158e+02, 5.26516541e+02,
    3.97846344e+02, 5.35619141e+02, 4.18379089e+02, 5.44666260e+02,
    4.38436035e+02, 5.53329285e+02, 4.58105652e+02, 5.62128418e+02,
    3.22841217e+02, 5.26929626e+02, 3.45067200e+02, 5.36527283e+02,
    3.66811249e+02, 5.45604187e+02, 3.88053619e+02, 5.54639343e+02,
    4.08740448e+02, 5.63481201e+02, 4.29030518e+02, 5.72193054e+02,
    4.48866058e+02, 5.80418762e+02, 3.12167633e+02, 5.46859985e+02,
    3.34638611e+02, 5.55978333e+02, 3.56571350e+02, 5.65181702e+02,
    3.78055695e+02, 5.73836243e+02, 3.99061218e+02, 5.82674316e+02,
    4.19592926e+02, 5.90969177e+02, 4.39592255e+02, 5.99388916e+02,
    3.01514435e+02, 5.66663147e+02, 3.24219788e+02, 5.75822388e+02,
    3.46347595e+02, 5.84664062e+02, 3.68041595e+02, 5.93483337e+02,
    3.89229401e+02, 6.01741638e+02, 4.09897858e+02, 6.10166931e+02,
    4.30258087e+02, 6.18174255e+02, 2.90479980e+02, 5.87067383e+02,
    3.13481842e+02, 5.95930298e+02, 3.35850525e+02, 6.04647705e+02,
    3.57812286e+02, 6.13035522e+02, 3.79227112e+02, 6.21412903e+02,
    4.00211365e+02, 6.29423523e+02, 4.20641510e+02, 6.37361023e+02,
    2.79451904e+02, 6.07512939e+02, 3.02706177e+02, 6.16318481e+02,
    3.25405304e+02, 6.24681580e+02, 3.47463959e+02, 6.33056885e+02,
    3.69208496e+02, 6.41100281e+02, 3.90334991e+02, 6.49057556e+02,
    4.11000916e+02, 6.56628296e+02 ]
