%YAML:1.0
---
points: [ 7.37303543e+01, 1.84982498e+02, 8.02389221e+01, 1.89096115e+02,
    8.72586670e+01, 1.92023743e+02, 9.40359116e+01, 1.95710526e+02,
    1.00176941e+02, 1.98064636e+02, 1.06953514e+02, 2.02367859e+02,
    1.12194794e+02, 2.04392899e+02, 7.05389786e+01, 1.91312653e+02,
    7.73138657e+01, 1.95016693e+02, 8.44721222e+01, 1.97709244e+02,
    9.11039047e+01, 2.00946991e+02, 9.75896759e+01, 2.03862411e+02,
    1.03578735e+02, 2.07454575e+02, 1.09812141e+02, 2.07756973e+02,
    6.72327805e+01, 1.98093552e+02, 7.43451843e+01, 2.01043198e+02,
    8.12655869e+01, 2.03978714e+02, 8.75631561e+01, 2.07551010e+02,
    9.44951172e+01, 2.10618713e+02, 1.00730927e+02, 2.13713959e+02,
    1.06711060e+02, 2.16599319e+02, 6.37536774e+01, 2.04314224e+02,
    7.10510330e+01, 2.07364685e+02, 7.80527725e+01, 2.10371964e+02,
    8.47865829e+01, 2.14091110e+02, 9.12769699e+01, 2.16616302e+02,
    9.77380905e+01, 2.19858505e+02, 1.04531151e+02, 2.22132568e+02,
    6.04177094e+01, 2.11222733e+02, 6.75472488e+01, 2.14157822e+02,
    7.47003937e+01, 2.17461411e+02, 8.13058548e+01, 2.20248520e+02,
    8.83934555e+01, 2.22968704e+02, 9.46679840e+01, 2.26039093e+02,
    1.00755600e+02, 2.28981476e+02, 5.71550140e+01, 2.17565186e+02,
    6.43284988e+01, 2.20863113e+02, 7.13768539e+01, 2.23933228e+02,
    7.83584137e+01, 2.26834518e+02, 8.51299667e+01, 2.29513489e+02,
    9.15902481e+01, 2.32796158e+02, 9.83927612e+01, 2.35052444e+02,
    5.36214142e+01, 2.24496582e+02, 6.10341797e+01, 2.27270386e+02,
    6.80252457e+01, 2.30492493e+02, 7.51951981e+01, 2.33026169e+02,
    8.21069717e+01, 2.36286087e+02, 8.87032318e+01, 2.39091888e+02,
    9.47636108e+01, 2.41749023e+02, 5.02916603e+01, 2.31153580e+02,
    5.74903831e+01, 2.34332458e+02, 6.47099609e+01, 2.37178619e+02,
    7.17848663e+01, 2.40031113e+02, 7.90309067e+01, 2.42733551e+02,
    8.52834778e+01, 2.45389832e+02, 9.23241577e+01, 2.47795685e+02,
    4.68797340e+01, 2.38144958e+02, 5.42904129e+01, 2.41002823e+02,
    6.15183945e+01, 2.44134277e+02, 6.85814285e+01, 2.46680862e+02,
    7.55187454e+01, 2.49757629e+02, 8.23613586e+01, 2.51949799e+02,
    8.87650757e+01, 2.54749817e+02 ]
