%YAML:1.0
---
points: [ 4.70328125e+02, 5.07339264e+02, 4.84578156e+02, 5.15611145e+02,
    4.99188263e+02, 5.23968201e+02, 5.13778564e+02, 5.32569580e+02,
    5.28617981e+02, 5.41385193e+02, 5.43734741e+02, 5.50278381e+02,
    5.59294678e+02, 5.59054626e+02, 4.60904633e+02, 5.26501404e+02,
    4.75213104e+02, 5.34833313e+02, 4.89582397e+02, 5.43539978e+02,
    5.04184509e+02, 5.52206116e+02, 5.19092773e+02, 5.61227600e+02,
    5.34128845e+02, 5.69921509e+02, 5.49287781e+02, 5.79225159e+02,
    4.51628998e+02, 5.45546387e+02, 4.65693726e+02, 5.54113281e+02,
    4.80031860e+02, 5.62831055e+02, 4.94580444e+02, 5.71799377e+02,
    5.09376251e+02, 5.80653503e+02, 5.24376770e+02, 5.90055176e+02,
    5.39569214e+02, 5.99157104e+02, 4.42301147e+02, 5.64638672e+02,
    4.56351990e+02, 5.73422974e+02, 4.70549500e+02, 5.82378235e+02,
    4.84928955e+02, 5.91319946e+02, 4.99570526e+02, 6.00505432e+02,
    5.14641418e+02, 6.09734314e+02, 5.29622986e+02, 6.19288940e+02,
    4.33013092e+02, 5.83801880e+02, 4.46846924e+02, 5.92875671e+02,
    4.61107849e+02, 6.01725281e+02, 4.75376648e+02, 6.11033936e+02,
    4.89972656e+02, 6.20258179e+02, 5.04758575e+02, 6.29717651e+02,
    5.19813660e+02, 6.39237305e+02, 4.23571320e+02, 6.03129700e+02,
    4.37388763e+02, 6.12136047e+02, 4.51408722e+02, 6.21343140e+02,
    4.65859650e+02, 6.30579041e+02, 4.80359131e+02, 6.40248840e+02,
    4.95140625e+02, 6.49561951e+02, 5.10071991e+02, 6.59560303e+02,
    4.14216522e+02, 6.22261841e+02, 4.27883698e+02, 6.31410217e+02,
    4.42134430e+02, 6.40658142e+02, 4.56334229e+02, 6.50265015e+02,
    4.70725739e+02, 6.59703918e+02, 4.85401031e+02, 6.69627625e+02,
    5.00351379e+02, 6.79475586e+02, 4.05065613e+02, 6.41653748e+02,
    4.18777222e+02, 6.50691223e+02, 4.32515808e+02, 6.60346924e+02,
    4.46712341e+02, 6.69842468e+02, 4.61185699e+02, 6.79637451e+02,
    4.75855835e+02, 6.89560242e+02, 4.90622925e+02, 6.99694580e+02,
    3.95586487e+02, 6.60641968e+02, 4.09175964e+02, 6.70230164e+02,
    4.23200317e+02, 6.79717102e+02, 4.37290253e+02, 6.89650330e+02,
    4.51569153e+02, 6.99458313e+02, 4.66148834e+02, 7.09713623e+02,
    4.80925079e+02, 7.19729065e+02 ]
