%YAML:1.0
---
points: [ 5.12742126e+02, 3.21299744e+02, 5.05136200e+02, 3.37531860e+02,
    4.97702118e+02, 3.53930023e+02, 4.90036224e+02, 3.70313110e+02,
    4.82699249e+02, 3.86545074e+02, 4.75153931e+02, 4.02800812e+02,
    4.67704041e+02, 4.19174255e+02, 4.95469604e+02, 3.13659241e+02,
    4.87945251e+02, 3.30487091e+02, 4.80293030e+02, 3.46910400e+02,
    4.72691925e+02, 3.63478546e+02, 4.65213165e+02, 3.79990906e+02,
    4.57565063e+02, 3.96482666e+02, 4.49957886e+02, 4.12802643e+02,
    4.77898895e+02, 3.06217499e+02, 4.70208435e+02, 3.22934875e+02,
    4.62540039e+02, 3.39787048e+02, 4.54771423e+02, 3.56521454e+02,
    4.47240723e+02, 3.73372040e+02, 4.39550537e+02, 3.89881500e+02,
    4.31838257e+02, 4.06562714e+02, 4.59862762e+02, 2.98331268e+02,
    4.52180573e+02, 3.15440979e+02, 4.44308624e+02, 3.32435028e+02,
    4.36584930e+02, 3.49420868e+02, 4.28855927e+02, 3.66328827e+02,
    4.21131683e+02, 3.83384125e+02, 4.13415466e+02, 4.00144989e+02,
    4.41400665e+02, 2.90291260e+02, 4.33404541e+02, 3.07586670e+02,
    4.25565277e+02, 3.24909698e+02, 4.17720184e+02, 3.41994110e+02,
    4.09917816e+02, 3.59266846e+02, 4.02119446e+02, 3.76392151e+02,
    3.94358704e+02, 3.93579102e+02, 4.22247345e+02, 2.82103607e+02,
    4.14406738e+02, 2.99626678e+02, 4.06300873e+02, 3.17156036e+02,
    3.98533905e+02, 3.34585938e+02, 3.90551178e+02, 3.51851990e+02,
    3.82654449e+02, 3.69308960e+02, 3.74682770e+02, 3.86621246e+02,
    4.02849243e+02, 2.73642090e+02, 3.94658997e+02, 2.91367706e+02,
    3.86702148e+02, 3.09249359e+02, 3.78650726e+02, 3.26762695e+02,
    3.70748138e+02, 3.44495850e+02, 3.62752136e+02, 3.62096161e+02,
    3.54800140e+02, 3.79697021e+02, 3.82801392e+02, 2.64810272e+02,
    3.74632355e+02, 2.83164764e+02, 3.66575409e+02, 3.00963684e+02,
    3.58510773e+02, 3.18965790e+02, 3.50498596e+02, 3.36729279e+02,
    3.42415588e+02, 3.54699219e+02, 3.34365417e+02, 3.72487061e+02,
    3.62308441e+02, 2.56125244e+02, 3.53907532e+02, 2.74337860e+02,
    3.45923706e+02, 2.92606110e+02, 3.37660248e+02, 3.10721375e+02,
    3.29571533e+02, 3.28994690e+02, 3.21421967e+02, 3.47074341e+02,
    3.13451599e+02, 3.65152802e+02 ]
