%YAML:1.0
---
points: [ 1.11354019e+02, 2.05891205e+02, 1.11354004e+02, 2.05891251e+02,
    1.16136513e+02, 2.08882843e+02, 1.27004448e+02, 2.15292099e+02,
    1.32190277e+02, 2.18055618e+02, 1.37123779e+02, 2.21205887e+02,
    1.37123856e+02, 2.21205963e+02, 1.08107613e+02, 2.12273819e+02,
    1.08107628e+02, 2.12273926e+02, 1.13019356e+02, 2.15310684e+02,
    1.17850487e+02, 2.17828568e+02, 1.23570038e+02, 2.21780762e+02,
    1.28556686e+02, 2.24435379e+02, 1.33760452e+02, 2.27296707e+02,
    1.05222214e+02, 2.19278641e+02, 1.10080765e+02, 2.22262970e+02,
    1.10080772e+02, 2.22263016e+02, 1.14686394e+02, 2.24752167e+02,
    1.20052299e+02, 2.28233917e+02, 1.24956764e+02, 2.30918732e+02,
    1.30252960e+02, 2.33851944e+02, 1.01967567e+02, 2.25003860e+02,
    1.06976768e+02, 2.28745636e+02, 1.11720207e+02, 2.31620605e+02,
    1.16834808e+02, 2.34731903e+02, 1.21947212e+02, 2.38016418e+02,
    1.26890198e+02, 2.40942566e+02, 1.26890213e+02, 2.40942627e+02,
    9.87857971e+01, 2.31918900e+02, 9.87858124e+01, 2.31918961e+02,
    1.08919235e+02, 2.38312653e+02, 1.13621422e+02, 2.41252274e+02,
    1.13621452e+02, 2.41252350e+02, 1.23809486e+02, 2.47800064e+02,
    1.23809540e+02, 2.47800171e+02, 9.58427429e+01, 2.38643951e+02,
    1.00248489e+02, 2.42197144e+02, 1.05642090e+02, 2.45296082e+02,
    1.10400810e+02, 2.48202744e+02, 1.10400826e+02, 2.48202789e+02,
    1.15472328e+02, 2.51311523e+02, 1.20941208e+02, 2.54723389e+02,
    9.27417984e+01, 2.45484009e+02, 9.72285233e+01, 2.47477051e+02,
    9.72285309e+01, 2.47477081e+02, 1.07344566e+02, 2.54838257e+02,
    1.12149185e+02, 2.58018341e+02, 1.12149208e+02, 2.58018433e+02,
    1.17361633e+02, 2.61394348e+02, 8.96795731e+01, 2.51497086e+02,
    9.42615051e+01, 2.54776382e+02, 9.91264191e+01, 2.57868286e+02,
    9.91264420e+01, 2.57868439e+02, 1.04051613e+02, 2.60940125e+02,
    1.13909363e+02, 2.68114990e+02, 1.13909378e+02, 2.68115051e+02,
    8.67619705e+01, 2.57794037e+02, 8.87258377e+01, 2.59168427e+02,
    9.61991501e+01, 2.64196991e+02, 1.00686035e+02, 2.68129028e+02,
    1.00686020e+02, 2.68129120e+02, 1.05912956e+02, 2.70820801e+02,
    1.11343094e+02, 2.75840881e+02 ]
