%YAML:1.0
---
points: [ 4.75394348e+02, 2.62851471e+02, 4.66923798e+02, 2.64378571e+02,
    4.58034973e+02, 2.65681122e+02, 4.49251678e+02, 2.67180511e+02,
    4.40180359e+02, 2.68344574e+02, 4.31273315e+02, 2.69938782e+02,
    4.22146393e+02, 2.71080261e+02, 4.71760681e+02, 2.55198578e+02,
    4.63093140e+02, 2.56418427e+02, 4.54350922e+02, 2.57898804e+02,
    4.45573822e+02, 2.59172760e+02, 4.36760864e+02, 2.60517883e+02,
    4.27826538e+02, 2.61740570e+02, 4.18861755e+02, 2.63224304e+02,
    4.67859009e+02, 2.47437347e+02, 4.59297394e+02, 2.48843994e+02,
    4.50684845e+02, 2.50138351e+02, 4.41908966e+02, 2.51414200e+02,
    4.33196350e+02, 2.52734970e+02, 4.24406586e+02, 2.54174469e+02,
    4.15570526e+02, 2.55198837e+02, 4.64134918e+02, 2.40112656e+02,
    4.55644226e+02, 2.41261292e+02, 4.47120270e+02, 2.42588440e+02,
    4.38427155e+02, 2.43862778e+02, 4.29863281e+02, 2.45164948e+02,
    4.21091339e+02, 2.46324234e+02, 4.12402252e+02, 2.47785263e+02,
    4.60386047e+02, 2.32705536e+02, 4.52065826e+02, 2.34109970e+02,
    4.43613922e+02, 2.35314880e+02, 4.35039520e+02, 2.36521500e+02,
    4.26484497e+02, 2.37800888e+02, 4.17882812e+02, 2.39190155e+02,
    4.09230042e+02, 2.40190399e+02, 4.56758057e+02, 2.25711136e+02,
    4.48467743e+02, 2.26930130e+02, 4.40059540e+02, 2.28194016e+02,
    4.31705017e+02, 2.29360916e+02, 4.23205505e+02, 2.30741638e+02,
    4.14676758e+02, 2.31925064e+02, 4.06227356e+02, 2.33216125e+02,
    4.53160034e+02, 2.18716949e+02, 4.45044312e+02, 2.20101807e+02,
    4.36747894e+02, 2.21212906e+02, 4.28411713e+02, 2.22465118e+02,
    4.20042725e+02, 2.23666580e+02, 4.11601257e+02, 2.24888000e+02,
    4.03198120e+02, 2.26134781e+02, 4.49667847e+02, 2.12134109e+02,
    4.41677490e+02, 2.13271820e+02, 4.33459076e+02, 2.14436584e+02,
    4.25117950e+02, 2.15646973e+02, 4.16881958e+02, 2.17064804e+02,
    4.08634827e+02, 2.18155090e+02, 4.00428009e+02, 2.19540176e+02,
    4.46301453e+02, 2.05487320e+02, 4.38680573e+02, 2.06829590e+02,
    4.30099518e+02, 2.07974731e+02, 4.22156738e+02, 2.09122742e+02,
    4.13912292e+02, 2.10337189e+02, 4.05678345e+02, 2.11476212e+02,
    3.97382904e+02, 2.12871338e+02 ]
