%YAML:1.0
---
points: [ 5.42151611e+02, 5.79481567e+02, 5.27646301e+02, 5.90365662e+02,
    5.12904907e+02, 6.01228027e+02, 4.97815430e+02, 6.12482605e+02,
    4.82434448e+02, 6.23851929e+02, 4.66775024e+02, 6.35529297e+02,
    4.50696259e+02, 6.47444580e+02, 5.30661865e+02, 5.65573059e+02,
    5.16008240e+02, 5.76136292e+02, 5.01059418e+02, 5.87126953e+02,
    4.85747131e+02, 5.98199463e+02, 4.70218262e+02, 6.09516663e+02,
    4.54307953e+02, 6.21067627e+02, 4.38140533e+02, 6.32879150e+02,
    5.19040955e+02, 5.51431091e+02, 5.04252655e+02, 5.61981689e+02,
    4.89022766e+02, 5.72700928e+02, 4.73576019e+02, 5.83709717e+02,
    4.57822540e+02, 5.94950745e+02, 4.41781342e+02, 6.06504761e+02,
    4.25392517e+02, 6.18227600e+02, 5.07476013e+02, 5.37215088e+02,
    4.92355042e+02, 5.47628052e+02, 4.77141418e+02, 5.58385132e+02,
    4.61410339e+02, 5.69277466e+02, 4.45534637e+02, 5.80421814e+02,
    4.29191010e+02, 5.91778259e+02, 4.12636780e+02, 6.03404968e+02,
    4.95515442e+02, 5.22701843e+02, 4.80307251e+02, 5.33137329e+02,
    4.64784973e+02, 5.43713806e+02, 4.49009003e+02, 5.54546753e+02,
    4.32776428e+02, 5.65563110e+02, 4.16417694e+02, 5.76903015e+02,
    3.99545624e+02, 5.88471313e+02, 4.83581665e+02, 5.08272491e+02,
    4.68189575e+02, 5.18487366e+02, 4.52431793e+02, 5.29103638e+02,
    4.36403564e+02, 5.39725220e+02, 4.20163971e+02, 5.50700684e+02,
    4.03447083e+02, 5.61837708e+02, 3.86516754e+02, 5.73367004e+02,
    4.71444885e+02, 4.93602142e+02, 4.55915039e+02, 5.03834991e+02,
    4.40000427e+02, 5.14245178e+02, 4.23870972e+02, 5.24909546e+02,
    4.07263489e+02, 5.35661682e+02, 3.90492554e+02, 5.46817017e+02,
    3.73334686e+02, 5.58018372e+02, 4.59273132e+02, 4.78893494e+02,
    4.43463776e+02, 4.88935608e+02, 4.27423645e+02, 4.99371735e+02,
    4.11043243e+02, 5.09745636e+02, 3.94432129e+02, 5.20568604e+02,
    3.77356659e+02, 5.31478027e+02, 3.60042175e+02, 5.42786987e+02,
    4.46836975e+02, 4.63936188e+02, 4.31058441e+02, 4.74058228e+02,
    4.14728058e+02, 4.84208893e+02, 3.98358459e+02, 4.94636871e+02,
    3.81318604e+02, 5.05239441e+02, 3.64179108e+02, 5.16160461e+02,
    3.46580505e+02, 5.27258789e+02 ]
