%YAML:1.0
---
points: [ 4.80637817e+02, 3.12801849e+02, 4.79035706e+02, 3.21535004e+02,
    4.77410278e+02, 3.30810425e+02, 4.75737885e+02, 3.39705353e+02,
    4.74017151e+02, 3.49160400e+02, 4.72102264e+02, 3.58009399e+02,
    4.70400879e+02, 3.67786377e+02, 4.71119873e+02, 3.10050903e+02,
    4.69604675e+02, 3.19118408e+02, 4.67956879e+02, 3.27979187e+02,
    4.66285706e+02, 3.37212830e+02, 4.64499054e+02, 3.46198547e+02,
    4.62800934e+02, 3.55671051e+02, 4.60662781e+02, 3.64635162e+02,
    4.61738281e+02, 3.07664185e+02, 4.60104950e+02, 3.16376587e+02,
    4.58420868e+02, 3.25424500e+02, 4.56741089e+02, 3.34283051e+02,
    4.54973480e+02, 3.43670990e+02, 4.53166504e+02, 3.52732666e+02,
    4.51396027e+02, 3.62253723e+02, 4.52264252e+02, 3.04911713e+02,
    4.50628784e+02, 3.13831665e+02, 4.48914246e+02, 3.22662323e+02,
    4.47248047e+02, 3.31702484e+02, 4.45417511e+02, 3.40656494e+02,
    4.43671417e+02, 3.50014954e+02, 4.41681671e+02, 3.59074829e+02,
    4.42778351e+02, 3.02416748e+02, 4.41192291e+02, 3.11081573e+02,
    4.39454285e+02, 3.19961182e+02, 4.37700043e+02, 3.28891235e+02,
    4.35918549e+02, 3.37967529e+02, 4.34031494e+02, 3.46972778e+02,
    4.32178070e+02, 3.56333099e+02, 4.33437012e+02, 2.99844635e+02,
    4.31773407e+02, 3.08393005e+02, 4.29986206e+02, 3.17187622e+02,
    4.28187347e+02, 3.26147308e+02, 4.26335297e+02, 3.35044403e+02,
    4.24437714e+02, 3.44269623e+02, 4.22495972e+02, 3.53277893e+02,
    4.24115265e+02, 2.97331451e+02, 4.22326752e+02, 3.05777283e+02,
    4.20569092e+02, 3.14500763e+02, 4.18776001e+02, 3.23237427e+02,
    4.16930939e+02, 3.32221741e+02, 4.14956512e+02, 3.41146423e+02,
    4.13089325e+02, 3.50353363e+02, 4.14858490e+02, 2.94660400e+02,
    4.13051117e+02, 3.03202209e+02, 4.11246216e+02, 3.11778778e+02,
    4.09328430e+02, 3.20451996e+02, 4.07484741e+02, 3.29176392e+02,
    4.05493591e+02, 3.38366943e+02, 4.03602356e+02, 3.47214386e+02,
    4.05657043e+02, 2.92101624e+02, 4.03876556e+02, 3.00406494e+02,
    4.01921539e+02, 3.09092529e+02, 4.00100220e+02, 3.17645782e+02,
    3.98141724e+02, 3.26464539e+02, 3.96140564e+02, 3.35206482e+02,
    3.94181976e+02, 3.44368225e+02 ]
