%YAML:1.0
---
points: [ 4.17325378e+02, 3.55724548e+02, 4.34401367e+02, 3.68660004e+02,
    4.51390533e+02, 3.81619019e+02, 4.68821533e+02, 3.94819641e+02,
    4.86108154e+02, 4.07715302e+02, 5.03500061e+02, 4.21225708e+02,
    5.21039368e+02, 4.34145294e+02, 4.05127899e+02, 3.74460205e+02,
    4.21791931e+02, 3.87263611e+02, 4.39085785e+02, 4.00383362e+02,
    4.56248871e+02, 4.13252319e+02, 4.73439972e+02, 4.26771912e+02,
    4.90800079e+02, 4.39526306e+02, 5.08149200e+02, 4.53177856e+02,
    3.92758789e+02, 3.92801331e+02, 4.09662506e+02, 4.06003174e+02,
    4.26641449e+02, 4.18792847e+02, 4.43657318e+02, 4.32175903e+02,
    4.60767822e+02, 4.45077057e+02, 4.78115356e+02, 4.58518311e+02,
    4.95442627e+02, 4.71614441e+02, 3.80465149e+02, 4.11572113e+02,
    3.97280487e+02, 4.24367279e+02, 4.14209595e+02, 4.37614960e+02,
    4.31132935e+02, 4.50556763e+02, 4.48196808e+02, 4.63953857e+02,
    4.65459015e+02, 4.77022766e+02, 4.82553497e+02, 4.90466858e+02,
    3.68243347e+02, 4.29732605e+02, 3.84734650e+02, 4.42830780e+02,
    4.01715637e+02, 4.55924530e+02, 4.18691528e+02, 4.69330658e+02,
    4.35721588e+02, 4.82304352e+02, 4.52750549e+02, 4.95743317e+02,
    4.69988220e+02, 5.08887054e+02, 3.55656097e+02, 4.48307251e+02,
    3.72531982e+02, 4.61399261e+02, 3.89380371e+02, 4.74658813e+02,
    4.06145050e+02, 4.87665344e+02, 4.23196381e+02, 5.01176788e+02,
    4.40332184e+02, 5.14236145e+02, 4.57396820e+02, 5.27821045e+02,
    3.43613861e+02, 4.66565430e+02, 3.60381012e+02, 4.79781555e+02,
    3.77159424e+02, 4.92773346e+02, 3.93717255e+02, 5.06224976e+02,
    4.10720123e+02, 5.19357056e+02, 4.27760498e+02, 5.32751343e+02,
    4.45009766e+02, 5.46008789e+02, 3.31552643e+02, 4.85044006e+02,
    3.48152252e+02, 4.98017639e+02, 3.64821167e+02, 5.11451080e+02,
    3.81555115e+02, 5.24468506e+02, 3.98433502e+02, 5.37866882e+02,
    4.15525208e+02, 5.51064636e+02, 4.32410461e+02, 5.64755798e+02,
    3.19510468e+02, 5.03174805e+02, 3.35960480e+02, 5.16547424e+02,
    3.52521881e+02, 5.29522034e+02, 3.69325623e+02, 5.43026428e+02,
    3.86069763e+02, 5.56033447e+02, 4.02954315e+02, 5.69709900e+02,
    4.20079224e+02, 5.82925049e+02 ]
