%YAML:1.0
---
points: [ 9.26283646e+01, 1.53255676e+02, 9.81266785e+01, 1.57811691e+02,
    1.03880692e+02, 1.62038940e+02, 1.09745583e+02, 1.66502243e+02,
    1.15380295e+02, 1.70587189e+02, 1.21428864e+02, 1.75328491e+02,
    1.27010391e+02, 1.79563293e+02, 8.83827515e+01, 1.59483826e+02,
    9.40196228e+01, 1.63919098e+02, 9.96137848e+01, 1.68334732e+02,
    1.05397278e+02, 1.72661560e+02, 1.11213753e+02, 1.77137604e+02,
    1.16911690e+02, 1.81400482e+02, 1.23092117e+02, 1.85888062e+02,
    8.44006424e+01, 1.65957321e+02, 8.98980789e+01, 1.70130051e+02,
    9.53226089e+01, 1.74439392e+02, 1.01250633e+02, 1.78942383e+02,
    1.06877121e+02, 1.83359024e+02, 1.12787117e+02, 1.87856415e+02,
    1.18368828e+02, 1.92365952e+02, 7.99882202e+01, 1.72255920e+02,
    8.55217590e+01, 1.76323776e+02, 9.12964249e+01, 1.80769348e+02,
    9.68911591e+01, 1.85182510e+02, 1.02611855e+02, 1.89491913e+02,
    1.08485435e+02, 1.94204346e+02, 1.14228203e+02, 1.98427872e+02,
    7.61548615e+01, 1.78303284e+02, 8.12590942e+01, 1.82636429e+02,
    8.70935745e+01, 1.87073898e+02, 9.27932053e+01, 1.91273468e+02,
    9.85231781e+01, 1.96055817e+02, 1.04248367e+02, 2.00263031e+02,
    1.09880531e+02, 2.05016830e+02, 7.21973724e+01, 1.84463547e+02,
    7.73079529e+01, 1.89040985e+02, 8.28264923e+01, 1.93247986e+02,
    8.85145035e+01, 1.97918015e+02, 9.41882706e+01, 2.02104034e+02,
    9.98516922e+01, 2.06673859e+02, 1.05810509e+02, 2.10919739e+02,
    6.81953430e+01, 1.90778427e+02, 7.35404053e+01, 1.95047607e+02,
    7.87511826e+01, 1.99445786e+02, 8.43644485e+01, 2.03965652e+02,
    9.00621872e+01, 2.08379486e+02, 9.58228455e+01, 2.12931366e+02,
    1.01281006e+02, 2.17652313e+02, 6.37873802e+01, 1.97103500e+02,
    6.92063370e+01, 2.01308014e+02, 7.47835541e+01, 2.05602829e+02,
    8.03124771e+01, 2.10378342e+02, 8.59342651e+01, 2.14494537e+02,
    9.16329727e+01, 2.19295258e+02, 9.74576416e+01, 2.23460022e+02,
    6.02796936e+01, 2.03157883e+02, 6.51989365e+01, 2.07027374e+02,
    7.08416901e+01, 2.12272812e+02, 7.62493515e+01, 2.15924667e+02,
    8.18833237e+01, 2.20861069e+02, 8.75218430e+01, 2.25006973e+02,
    9.29958496e+01, 2.30059967e+02 ]
