%YAML:1.0
---
points: [ 7.07809753e+01, 2.87256226e+02, 6.16600533e+01, 2.88071564e+02,
    5.26829414e+01, 2.89002228e+02, 4.35056839e+01, 2.89787292e+02,
    3.43997078e+01, 2.90731628e+02, 2.52535553e+01, 2.91361206e+02,
    1.60878353e+01, 2.92361145e+02, 7.01814346e+01, 2.78945343e+02,
    6.10612602e+01, 2.79792847e+02, 5.19605789e+01, 2.80579224e+02,
    4.28892517e+01, 2.81499878e+02, 3.36995430e+01, 2.82254730e+02,
    2.46455154e+01, 2.83215027e+02, 1.55286884e+01, 2.83791138e+02,
    6.97834854e+01, 2.70822327e+02, 6.06042023e+01, 2.71528931e+02,
    5.16054764e+01, 2.72402222e+02, 4.24402390e+01, 2.73145203e+02,
    3.32210503e+01, 2.73933777e+02, 2.39762611e+01, 2.74651001e+02,
    1.47796431e+01, 2.75513672e+02, 6.91868286e+01, 2.62573853e+02,
    6.01699791e+01, 2.63363220e+02, 5.08695946e+01, 2.64064301e+02,
    4.18657341e+01, 2.64856934e+02, 3.26626053e+01, 2.65609314e+02,
    2.34818306e+01, 2.66350525e+02, 1.42181816e+01, 2.66804047e+02,
    6.87616348e+01, 2.54416275e+02, 5.96938782e+01, 2.54987579e+02,
    5.05512352e+01, 2.55829849e+02, 4.13531609e+01, 2.56416656e+02,
    3.20139351e+01, 2.57068787e+02, 2.27924290e+01, 2.57641724e+02,
    1.36626892e+01, 2.58493286e+02, 6.82432251e+01, 2.46163284e+02,
    5.92003021e+01, 2.46940430e+02, 4.98848763e+01, 2.47397827e+02,
    4.07759819e+01, 2.47989273e+02, 3.16471043e+01, 2.48572845e+02,
    2.23513107e+01, 2.49308105e+02, 1.30576210e+01, 2.49680252e+02,
    6.77951889e+01, 2.37899841e+02, 5.87448578e+01, 2.38440216e+02,
    4.95822296e+01, 2.38944519e+02, 4.03893242e+01, 2.39484741e+02,
    3.09486008e+01, 2.40133911e+02, 2.17757244e+01, 2.40647171e+02,
    1.25750551e+01, 2.41419083e+02, 6.74845047e+01, 2.29774368e+02,
    5.82110062e+01, 2.30278641e+02, 4.90636520e+01, 2.30608627e+02,
    3.98014717e+01, 2.31280197e+02, 3.06279984e+01, 2.31755341e+02,
    2.13721695e+01, 2.32421768e+02, 1.20148687e+01, 2.32675980e+02,
    6.68554382e+01, 2.21528259e+02, 5.78003807e+01, 2.21585983e+02,
    4.86114197e+01, 2.22318100e+02, 3.94797134e+01, 2.22708633e+02,
    3.00623951e+01, 2.23282928e+02, 2.07839165e+01, 2.23678345e+02,
    1.15801439e+01, 2.24234375e+02 ]
