%YAML:1.0
---
points: [ 3.47549835e+02, 7.53321289e+02, 3.19398407e+02, 7.56288147e+02,
    2.90931793e+02, 7.59431946e+02, 2.62125183e+02, 7.62359070e+02,
    2.32890900e+02, 7.65504700e+02, 2.03203354e+02, 7.68597107e+02,
    1.73279572e+02, 7.71567261e+02, 3.46163788e+02, 7.28913635e+02,
    3.18133545e+02, 7.31623718e+02, 2.89605133e+02, 7.34501831e+02,
    2.60561646e+02, 7.37463318e+02, 2.31444000e+02, 7.40294495e+02,
    2.01662079e+02, 7.43233826e+02, 1.71613617e+02, 7.45976807e+02,
    3.44711121e+02, 7.04472900e+02, 3.16773132e+02, 7.07271729e+02,
    2.88263947e+02, 7.09639771e+02, 2.59370880e+02, 7.12447571e+02,
    2.29899872e+02, 7.15058533e+02, 2.00368912e+02, 7.17725098e+02,
    1.70259460e+02, 7.20444031e+02, 3.43597260e+02, 6.80326965e+02,
    3.15487610e+02, 6.82507812e+02, 2.86706482e+02, 6.85118652e+02,
    2.57927979e+02, 6.87371216e+02, 2.28546173e+02, 6.89978333e+02,
    1.98706039e+02, 6.92369629e+02, 1.68668594e+02, 6.94785461e+02,
    3.42431488e+02, 6.55630493e+02, 3.13880127e+02, 6.57898193e+02,
    2.85531799e+02, 6.60064514e+02, 2.56479126e+02, 6.62334167e+02,
    2.27222580e+02, 6.64563843e+02, 1.97437912e+02, 6.66739380e+02,
    1.67263031e+02, 6.69272644e+02, 3.40801514e+02, 6.31356262e+02,
    3.12582031e+02, 6.33307678e+02, 2.84101624e+02, 6.35287537e+02,
    2.55210556e+02, 6.37286194e+02, 2.25671692e+02, 6.39408813e+02,
    1.95930191e+02, 6.41376770e+02, 1.65611298e+02, 6.43538147e+02,
    3.39551788e+02, 6.06749634e+02, 3.11477112e+02, 6.08453918e+02,
    2.82700043e+02, 6.10422607e+02, 2.53739594e+02, 6.12287476e+02,
    2.24384277e+02, 6.13817932e+02, 1.94475174e+02, 6.15874756e+02,
    1.64380783e+02, 6.17651123e+02, 3.38450714e+02, 5.82399780e+02,
    3.10212036e+02, 5.83725342e+02, 2.81525665e+02, 5.85583862e+02,
    2.52397583e+02, 5.86961609e+02, 2.22861435e+02, 5.88617188e+02,
    1.93093216e+02, 5.90379700e+02, 1.62661392e+02, 5.91963501e+02,
    3.37244446e+02, 5.57648010e+02, 3.08624603e+02, 5.59281189e+02,
    2.80193634e+02, 5.60532166e+02, 2.50982513e+02, 5.61829651e+02,
    2.21570908e+02, 5.63396423e+02, 1.91606018e+02, 5.64699768e+02,
    1.61261871e+02, 5.66111511e+02 ]
