%YAML:1.0
---
points: [ 5.68409607e+02, 4.82591797e+02, 5.69188660e+02, 4.99293030e+02,
    5.69654602e+02, 5.16074402e+02, 5.70399719e+02, 5.32662170e+02,
    5.70888916e+02, 5.49450378e+02, 5.71607666e+02, 5.66046143e+02,
    5.72447693e+02, 5.82616638e+02, 5.50427124e+02, 4.82822876e+02,
    5.51063843e+02, 4.99689362e+02, 5.51811768e+02, 5.16554932e+02,
    5.52560974e+02, 5.33427795e+02, 5.53247498e+02, 5.50121521e+02,
    5.53793640e+02, 5.66836487e+02, 5.54435364e+02, 5.83631287e+02,
    5.32371887e+02, 4.83192322e+02, 5.32861084e+02, 5.00060547e+02,
    5.33593689e+02, 5.17129822e+02, 5.34254028e+02, 5.33865234e+02,
    5.34821838e+02, 5.50692627e+02, 5.35579224e+02, 5.67609985e+02,
    5.36338623e+02, 5.84682678e+02, 5.13733032e+02, 4.83293976e+02,
    5.14531189e+02, 5.00485687e+02, 5.15352722e+02, 5.17463806e+02,
    5.15882385e+02, 5.34445374e+02, 5.16648071e+02, 5.51407288e+02,
    5.17366028e+02, 5.68661072e+02, 5.17849426e+02, 5.85728760e+02,
    4.95142029e+02, 4.83544830e+02, 4.95615326e+02, 5.00740051e+02,
    4.96518005e+02, 5.17918701e+02, 4.97099304e+02, 5.35126526e+02,
    4.97698730e+02, 5.52415344e+02, 4.98491058e+02, 5.69550659e+02,
    4.99152496e+02, 5.86654419e+02, 4.76022369e+02, 4.83730896e+02,
    4.76642578e+02, 5.01215546e+02, 4.77434235e+02, 5.18504089e+02,
    4.78103363e+02, 5.35669678e+02, 4.78746277e+02, 5.53059875e+02,
    4.79585083e+02, 5.70554260e+02, 4.80283569e+02, 5.87662415e+02,
    4.56687897e+02, 4.83995453e+02, 4.57498810e+02, 5.01581146e+02,
    4.58267273e+02, 5.18918030e+02, 4.58811279e+02, 5.36363586e+02,
    4.59623047e+02, 5.53901672e+02, 4.60296814e+02, 5.71312195e+02,
    4.60843689e+02, 5.88729065e+02, 4.37373535e+02, 4.84287323e+02,
    4.38045288e+02, 5.01987244e+02, 4.38538239e+02, 5.19391541e+02,
    4.39479523e+02, 5.37203735e+02, 4.40041534e+02, 5.54571106e+02,
    4.40713684e+02, 5.72340759e+02, 4.41484772e+02, 5.89774902e+02,
    4.17569031e+02, 4.84604034e+02, 4.18203461e+02, 5.02296204e+02,
    4.18750671e+02, 5.20093994e+02, 4.19524261e+02, 5.37688049e+02,
    4.20307007e+02, 5.55487915e+02, 4.21154327e+02, 5.73167114e+02,
    4.21632477e+02, 5.90947205e+02 ]
