%YAML:1.0
---
points: [ 4.68702698e+02, 3.18171875e+02, 4.70273590e+02, 3.25193695e+02,
    4.72149231e+02, 3.32894226e+02, 4.73687866e+02, 3.40363251e+02,
    4.75705048e+02, 3.48574280e+02, 4.77032806e+02, 3.56411652e+02,
    4.79130341e+02, 3.65044312e+02, 4.59282501e+02, 3.17230286e+02,
    4.60932800e+02, 3.24586914e+02, 4.62485596e+02, 3.31887329e+02,
    4.64206177e+02, 3.39767670e+02, 4.65658813e+02, 3.47417572e+02,
    4.67556000e+02, 3.55833557e+02, 4.68764404e+02, 3.63949005e+02,
    4.50101776e+02, 3.16584869e+02, 4.51385101e+02, 3.23589935e+02,
    4.52940430e+02, 3.31059143e+02, 4.54338013e+02, 3.38674286e+02,
    4.55963654e+02, 3.46751678e+02, 4.57252869e+02, 3.54666748e+02,
    4.59003479e+02, 3.63358215e+02, 4.40494049e+02, 3.15396912e+02,
    4.41995209e+02, 3.22708557e+02, 4.43171875e+02, 3.30011139e+02,
    4.44712921e+02, 3.37747833e+02, 4.46041809e+02, 3.45607391e+02,
    4.47422760e+02, 3.53886536e+02, 4.48596039e+02, 3.62194244e+02,
    4.31351410e+02, 3.14660889e+02, 4.32414307e+02, 3.21674377e+02,
    4.33662018e+02, 3.29107117e+02, 4.34763611e+02, 3.36667908e+02,
    4.36124634e+02, 3.44618713e+02, 4.37244019e+02, 3.52751465e+02,
    4.38603760e+02, 3.61281769e+02, 4.21911072e+02, 3.13368561e+02,
    4.22965179e+02, 3.20738556e+02, 4.23881958e+02, 3.27930756e+02,
    4.25047241e+02, 3.35677490e+02, 4.26094910e+02, 3.43470001e+02,
    4.27246887e+02, 3.51739288e+02, 4.28168243e+02, 3.60043518e+02,
    4.12693420e+02, 3.12685974e+02, 4.13561981e+02, 3.19634003e+02,
    4.14430176e+02, 3.26979004e+02, 4.15356842e+02, 3.34526581e+02,
    4.16251617e+02, 3.42442993e+02, 4.17142365e+02, 3.50629150e+02,
    4.18145294e+02, 3.58927948e+02, 4.03322266e+02, 3.10984344e+02,
    4.04116302e+02, 3.18857483e+02, 4.04787628e+02, 3.25761536e+02,
    4.05572540e+02, 3.33556366e+02, 4.06311066e+02, 3.41228149e+02,
    4.07129211e+02, 3.49499695e+02, 4.07780029e+02, 3.57750702e+02,
    3.94584839e+02, 3.14893585e+02, 3.94876007e+02, 3.17587036e+02,
    3.95365540e+02, 3.24807648e+02, 3.95955414e+02, 3.32262054e+02,
    3.96551117e+02, 3.40228180e+02, 3.97004272e+02, 3.48186340e+02,
    3.97783386e+02, 3.56458069e+02 ]
