%YAML:1.0
---
points: [ 8.80335312e+01, 2.23112305e+02, 8.85612640e+01, 2.31220108e+02,
    8.88200226e+01, 2.39484283e+02, 8.93453598e+01, 2.47424561e+02,
    8.97636566e+01, 2.55400238e+02, 9.02301559e+01, 2.63532654e+02,
    9.06640472e+01, 2.71595459e+02, 7.97434387e+01, 2.23675461e+02,
    8.01744843e+01, 2.32035553e+02, 8.06835785e+01, 2.40268082e+02,
    8.10020752e+01, 2.48470078e+02, 8.16274490e+01, 2.56723602e+02,
    8.18507690e+01, 2.64956512e+02, 8.25116730e+01, 2.73058289e+02,
    7.12182159e+01, 2.24394699e+02, 7.16738586e+01, 2.32852921e+02,
    7.21311798e+01, 2.41145325e+02, 7.26290970e+01, 2.49624268e+02,
    7.29422073e+01, 2.57776672e+02, 7.35775833e+01, 2.66244476e+02,
    7.38736954e+01, 2.74445007e+02, 6.26018677e+01, 2.25086334e+02,
    6.28585625e+01, 2.33759048e+02, 6.34522247e+01, 2.42223557e+02,
    6.38417931e+01, 2.50703690e+02, 6.44346848e+01, 2.59193146e+02,
    6.48114090e+01, 2.67492737e+02, 6.53744965e+01, 2.76018585e+02,
    5.36017609e+01, 2.25754456e+02, 5.39118767e+01, 2.34572021e+02,
    5.44968910e+01, 2.43118942e+02, 5.49016457e+01, 2.51776871e+02,
    5.56471062e+01, 2.60325378e+02, 5.58517075e+01, 2.69080994e+02,
    5.66203842e+01, 2.77420685e+02, 4.42284927e+01, 2.26594147e+02,
    4.46683731e+01, 2.35317978e+02, 4.51897507e+01, 2.44196121e+02,
    4.57473984e+01, 2.52961319e+02, 4.63252411e+01, 2.61705719e+02,
    4.68197060e+01, 2.70235809e+02, 4.74519272e+01, 2.79056915e+02,
    3.46927032e+01, 2.27344208e+02, 3.54549255e+01, 2.36379272e+02,
    3.57534294e+01, 2.45237534e+02, 3.64002724e+01, 2.54175552e+02,
    3.69191208e+01, 2.63013672e+02, 3.76138420e+01, 2.71879272e+02,
    3.81534767e+01, 2.80589905e+02, 2.50213261e+01, 2.28126587e+02,
    2.56704254e+01, 2.37149002e+02, 2.62456894e+01, 2.46319778e+02,
    2.68157005e+01, 2.55178696e+02, 2.74813442e+01, 2.64252350e+02,
    2.80398426e+01, 2.73206451e+02, 2.87048454e+01, 2.82218506e+02,
    1.52608461e+01, 2.28656281e+02, 1.57749891e+01, 2.38124878e+02,
    1.64413013e+01, 2.47273254e+02, 1.71019440e+01, 2.56581940e+02,
    1.77229328e+01, 2.65614929e+02, 1.85384426e+01, 2.74874207e+02,
    1.91712780e+01, 2.83751312e+02 ]
