%YAML:1.0
---
points: [ 4.01585968e+02, 5.62631958e+02, 4.02869293e+02, 5.86755798e+02,
    4.04288483e+02, 6.10840393e+02, 4.05425873e+02, 6.34723694e+02,
    4.06615784e+02, 6.58862976e+02, 4.07866699e+02, 6.82570984e+02,
    4.09090973e+02, 7.06637268e+02, 3.75808228e+02, 5.64643494e+02,
    3.77113831e+02, 5.89161499e+02, 3.78368744e+02, 6.13559631e+02,
    3.79704865e+02, 6.38046509e+02, 3.81002441e+02, 6.62329407e+02,
    3.82257507e+02, 6.86674316e+02, 3.83417542e+02, 7.10932312e+02,
    3.49145416e+02, 5.66611023e+02, 3.50422424e+02, 5.91595154e+02,
    3.51688141e+02, 6.16594238e+02, 3.53113007e+02, 6.41305725e+02,
    3.54438934e+02, 6.66078430e+02, 3.55702423e+02, 6.90848877e+02,
    3.57072235e+02, 7.15467285e+02, 3.21626190e+02, 5.68689087e+02,
    3.22896301e+02, 5.94101685e+02, 3.24311584e+02, 6.19420837e+02,
    3.25694702e+02, 6.44705688e+02, 3.27217438e+02, 6.69878723e+02,
    3.28535797e+02, 6.95051819e+02, 3.29723358e+02, 7.20046387e+02,
    2.92860748e+02, 5.70913330e+02, 2.94353516e+02, 5.96720398e+02,
    2.95844330e+02, 6.22581970e+02, 2.97309418e+02, 6.48272827e+02,
    2.98674774e+02, 6.73865417e+02, 3.00360779e+02, 6.99381165e+02,
    3.01663696e+02, 7.24779785e+02, 2.63526672e+02, 5.73114136e+02,
    2.64937683e+02, 5.99365173e+02, 2.66457489e+02, 6.25586060e+02,
    2.67965698e+02, 6.51667847e+02, 2.69542603e+02, 6.77732483e+02,
    2.71005615e+02, 7.03813477e+02, 2.72510376e+02, 7.29745789e+02,
    2.32965515e+02, 5.75407227e+02, 2.34487854e+02, 6.02209351e+02,
    2.36177231e+02, 6.28856140e+02, 2.37801971e+02, 6.55449219e+02,
    2.39370453e+02, 6.82003418e+02, 2.40900360e+02, 7.08456909e+02,
    2.42662903e+02, 7.34851318e+02, 2.01501724e+02, 5.77580261e+02,
    2.03118561e+02, 6.04974915e+02, 2.04852173e+02, 6.32237976e+02,
    2.06517349e+02, 6.59395325e+02, 2.08155533e+02, 6.86392578e+02,
    2.09890732e+02, 7.13318237e+02, 2.11684967e+02, 7.40174194e+02,
    1.68918259e+02, 5.80236328e+02, 1.70623199e+02, 6.07985840e+02,
    1.72422653e+02, 6.35568420e+02, 1.74308487e+02, 6.63256165e+02,
    1.76045700e+02, 6.90882446e+02, 1.77848572e+02, 7.18263855e+02,
    1.79715927e+02, 7.45452271e+02 ]
