%YAML:1.0
---
points: [ 5.66082275e+02, 5.13522400e+02, 5.65181335e+02, 5.29434753e+02,
    5.64237488e+02, 5.45578735e+02, 5.63229553e+02, 5.61610718e+02,
    5.62155029e+02, 5.77723083e+02, 5.60888367e+02, 5.94172180e+02,
    5.59927734e+02, 6.10449097e+02, 5.49103394e+02, 5.12108276e+02,
    5.48106201e+02, 5.28296326e+02, 5.47063110e+02, 5.44402954e+02,
    5.45836121e+02, 5.60621704e+02, 5.44826233e+02, 5.76834595e+02,
    5.43814392e+02, 5.93330811e+02, 5.42770447e+02, 6.09691650e+02,
    5.31956299e+02, 5.10545013e+02, 5.30712830e+02, 5.26834229e+02,
    5.29578796e+02, 5.43322754e+02, 5.28525574e+02, 5.59561951e+02,
    5.27484314e+02, 5.76051147e+02, 5.26454468e+02, 5.92521301e+02,
    5.25261597e+02, 6.09230774e+02, 5.14360718e+02, 5.08846924e+02,
    5.13273682e+02, 5.25430054e+02, 5.12128906e+02, 5.41862244e+02,
    5.10936676e+02, 5.58526733e+02, 5.09776367e+02, 5.75076233e+02,
    5.08609772e+02, 5.91744507e+02, 5.07402008e+02, 6.08430847e+02,
    4.96474487e+02, 5.07484039e+02, 4.95314850e+02, 5.24054565e+02,
    4.94090454e+02, 5.40590637e+02, 4.92834900e+02, 5.57315918e+02,
    4.91738922e+02, 5.74222412e+02, 4.90512726e+02, 5.91018066e+02,
    4.89279449e+02, 6.07836548e+02, 4.78219330e+02, 5.05799408e+02,
    4.76906403e+02, 5.22645081e+02, 4.75730896e+02, 5.39348145e+02,
    4.74608307e+02, 5.56189087e+02, 4.73357178e+02, 5.73080383e+02,
    4.71947754e+02, 5.90221436e+02, 4.70682800e+02, 6.07312927e+02,
    4.59822449e+02, 5.04252014e+02, 4.58488342e+02, 5.21141541e+02,
    4.57151703e+02, 5.38229736e+02, 4.55917053e+02, 5.55012268e+02,
    4.54669647e+02, 5.72210388e+02, 4.53349243e+02, 5.89304993e+02,
    4.52033997e+02, 6.06509521e+02, 4.40945526e+02, 5.02594940e+02,
    4.39663544e+02, 5.19594421e+02, 4.38350403e+02, 5.36773254e+02,
    4.37006622e+02, 5.53924683e+02, 4.35619293e+02, 5.71131775e+02,
    4.34295349e+02, 5.88362488e+02, 4.32937622e+02, 6.05738647e+02,
    4.21776917e+02, 5.01191498e+02, 4.20429962e+02, 5.18237610e+02,
    4.19040894e+02, 5.35371399e+02, 4.17649078e+02, 5.52642517e+02,
    4.16437897e+02, 5.70207092e+02, 4.14864655e+02, 5.87541931e+02,
    4.13462769e+02, 6.04921509e+02 ]
