%YAML:1.0
---
points: [ 4.70558990e+02, 3.00934967e+02, 4.70409241e+02, 3.10952362e+02,
    4.70258392e+02, 3.21356659e+02, 4.69880798e+02, 3.31451202e+02,
    4.69666168e+02, 3.41932953e+02, 4.69061493e+02, 3.52028809e+02,
    4.68786865e+02, 3.62478302e+02, 4.59863983e+02, 2.99846039e+02,
    4.59707184e+02, 3.10024567e+02, 4.59449768e+02, 3.19999573e+02,
    4.59256592e+02, 3.30265289e+02, 4.58813049e+02, 3.40298981e+02,
    4.58668182e+02, 3.50636597e+02, 4.57964569e+02, 3.60608734e+02,
    4.49402100e+02, 2.98928741e+02, 4.49248596e+02, 3.08835297e+02,
    4.49083221e+02, 3.18869476e+02, 4.48728333e+02, 3.28809143e+02,
    4.48564331e+02, 3.38930237e+02, 4.48060913e+02, 3.48927765e+02,
    4.47809296e+02, 3.59123077e+02, 4.39125641e+02, 2.97940460e+02,
    4.38924652e+02, 3.07834564e+02, 4.38743195e+02, 3.17553070e+02,
    4.38510284e+02, 3.27551086e+02, 4.38147766e+02, 3.37277496e+02,
    4.37952576e+02, 3.47287079e+02, 4.37407684e+02, 3.57180725e+02,
    4.28989929e+02, 2.96996399e+02, 4.28854736e+02, 3.06680420e+02,
    4.28612732e+02, 3.16375763e+02, 4.28409302e+02, 3.26115540e+02,
    4.28169464e+02, 3.35847321e+02, 4.27818207e+02, 3.45632507e+02,
    4.27508911e+02, 3.55579193e+02, 4.19212555e+02, 2.95981842e+02,
    4.18994080e+02, 3.05665649e+02, 4.18759644e+02, 3.15169312e+02,
    4.18594910e+02, 3.24731171e+02, 4.18330444e+02, 3.34314087e+02,
    4.18068634e+02, 3.44077393e+02, 4.17645752e+02, 3.53711151e+02,
    4.09636230e+02, 2.95088776e+02, 4.09454773e+02, 3.04411102e+02,
    4.09219452e+02, 3.13925171e+02, 4.08980133e+02, 3.23344299e+02,
    4.08818665e+02, 3.32897400e+02, 4.08482758e+02, 3.42413818e+02,
    4.08218506e+02, 3.52011902e+02, 4.00370392e+02, 2.94080688e+02,
    4.00165924e+02, 3.03325714e+02, 3.99954071e+02, 3.12630310e+02,
    3.99685242e+02, 3.22027130e+02, 3.99406525e+02, 3.31317139e+02,
    3.99171509e+02, 3.40784119e+02, 3.98793610e+02, 3.50175598e+02,
    3.91325470e+02, 2.93088043e+02, 3.91072662e+02, 3.02191437e+02,
    3.90915649e+02, 3.11347504e+02, 3.90582825e+02, 3.20487122e+02,
    3.90371826e+02, 3.29805542e+02, 3.90079712e+02, 3.39080078e+02,
    3.89822113e+02, 3.48353058e+02 ]
