%YAML:1.0
---
points: [ 4.94439301e+02, 4.01188721e+02, 4.99606262e+02, 4.06070770e+02,
    5.13371826e+02, 4.23110596e+02, 5.21789612e+02, 4.33112885e+02,
    5.32353577e+02, 4.45113312e+02, 5.41700195e+02, 4.55447998e+02,
    5.51651978e+02, 4.67474579e+02, 4.79545502e+02, 4.05180664e+02,
    4.90319275e+02, 4.17771820e+02, 4.98883209e+02, 4.28136597e+02,
    5.09271515e+02, 4.39862091e+02, 5.18681702e+02, 4.50972961e+02,
    5.28297668e+02, 4.62355103e+02, 5.37710327e+02, 4.73351105e+02,
    4.66280823e+02, 4.12397552e+02, 4.74418457e+02, 4.22667358e+02,
    4.84809479e+02, 4.34656677e+02, 4.94001831e+02, 4.45410645e+02,
    5.03847900e+02, 4.57251251e+02, 5.13410217e+02, 4.68375244e+02,
    5.23449280e+02, 4.80110321e+02, 4.50329529e+02, 4.17329559e+02,
    4.60384033e+02, 4.29437592e+02, 4.69632446e+02, 4.39942383e+02,
    4.79202484e+02, 4.52073944e+02, 4.88888733e+02, 4.62923157e+02,
    4.98747162e+02, 4.75028259e+02, 5.08420044e+02, 4.86189728e+02,
    4.35108459e+02, 4.23839478e+02, 4.44744781e+02, 4.35191925e+02,
    4.54080322e+02, 4.46760651e+02, 4.63632843e+02, 4.57840149e+02,
    4.73495453e+02, 4.69835968e+02, 4.83355713e+02, 4.81329681e+02,
    4.93173645e+02, 4.93385925e+02, 4.19393555e+02, 4.29719238e+02,
    4.28787292e+02, 4.41496002e+02, 4.38416687e+02, 4.52885651e+02,
    4.48165588e+02, 4.64643158e+02, 4.57964172e+02, 4.76271759e+02,
    4.67813507e+02, 4.88360840e+02, 4.77631622e+02, 5.00071320e+02,
    4.03265778e+02, 4.36074768e+02, 4.12915405e+02, 4.47665100e+02,
    4.22572876e+02, 4.59519775e+02, 4.32276886e+02, 4.71169464e+02,
    4.42120972e+02, 4.83220123e+02, 4.51862030e+02, 4.94970917e+02,
    4.62077820e+02, 5.07265228e+02, 3.87030060e+02, 4.42396973e+02,
    3.96620911e+02, 4.54229553e+02, 4.06308624e+02, 4.66035492e+02,
    4.16123444e+02, 4.78073090e+02, 4.25846649e+02, 4.89836517e+02,
    4.36012054e+02, 5.02232025e+02, 4.45888062e+02, 5.14278442e+02,
    3.70352570e+02, 4.48871704e+02, 3.80007111e+02, 4.60753113e+02,
    3.89645142e+02, 4.72771301e+02, 3.99515228e+02, 4.84713928e+02,
    4.09577515e+02, 4.97217987e+02, 4.19485229e+02, 5.09298584e+02,
    4.29517334e+02, 5.21638977e+02 ]
