%YAML:1.0
---
points: [ 4.49002106e+02, 3.03259491e+02, 4.41178741e+02, 3.08573578e+02,
    4.33483551e+02, 3.13815491e+02, 4.25759583e+02, 3.19051147e+02,
    4.18400482e+02, 3.24092102e+02, 4.10781036e+02, 3.29031494e+02,
    4.03652100e+02, 3.33921143e+02, 4.43500885e+02, 2.97666565e+02,
    4.35579803e+02, 3.03094147e+02, 4.27936554e+02, 3.08379181e+02,
    4.20202637e+02, 3.13671692e+02, 4.12782806e+02, 3.18676422e+02,
    4.05138733e+02, 3.23869293e+02, 3.98073029e+02, 3.28765594e+02,
    4.37763336e+02, 2.92045624e+02, 4.30012451e+02, 2.97455231e+02,
    4.22099457e+02, 3.02922333e+02, 4.14583740e+02, 3.08201416e+02,
    4.06909515e+02, 3.13397858e+02, 3.99656097e+02, 3.18532166e+02,
    3.92244415e+02, 3.23520599e+02, 4.32115662e+02, 2.86256409e+02,
    4.24076813e+02, 2.91831726e+02, 4.16435883e+02, 2.97286652e+02,
    4.08700562e+02, 3.02651215e+02, 4.01213776e+02, 3.07931458e+02,
    3.93709961e+02, 3.13098114e+02, 3.86395782e+02, 3.18106659e+02,
    4.26151642e+02, 2.80431030e+02, 4.18288757e+02, 2.86093445e+02,
    4.10486298e+02, 2.91531097e+02, 4.02799683e+02, 2.97062805e+02,
    3.95198120e+02, 3.02340179e+02, 3.87783478e+02, 3.07530670e+02,
    3.80396271e+02, 3.12726044e+02, 4.20233673e+02, 2.74415894e+02,
    4.12224640e+02, 2.80180420e+02, 4.04395050e+02, 2.85786469e+02,
    3.96775360e+02, 2.91322113e+02, 3.89190277e+02, 2.96632263e+02,
    3.81672760e+02, 3.01911194e+02, 3.74435059e+02, 3.07174866e+02,
    4.14148132e+02, 2.68524811e+02, 4.06212372e+02, 2.74361115e+02,
    3.98371063e+02, 2.79914642e+02, 3.90696777e+02, 2.85501068e+02,
    3.83096436e+02, 2.90931061e+02, 3.75692810e+02, 2.96322540e+02,
    3.68319397e+02, 3.01537567e+02, 4.07887909e+02, 2.62350342e+02,
    3.99924744e+02, 2.68217072e+02, 3.92154419e+02, 2.74003632e+02,
    3.84467102e+02, 2.79651215e+02, 3.76871765e+02, 2.85131683e+02,
    3.69391724e+02, 2.90489777e+02, 3.62226501e+02, 2.95869659e+02,
    4.01609741e+02, 2.56251923e+02, 3.93724365e+02, 2.62046448e+02,
    3.85832153e+02, 2.67910858e+02, 3.78178375e+02, 2.73604980e+02,
    3.70580261e+02, 2.79230530e+02, 3.63303741e+02, 2.84692688e+02,
    3.55834991e+02, 2.90087128e+02 ]
