%YAML:1.0
---
points: [ 2.79588745e+02, 3.76522003e+02, 3.02371307e+02, 3.92401093e+02,
    3.24625092e+02, 4.07784363e+02, 3.46418762e+02, 4.23009583e+02,
    3.67705505e+02, 4.37701904e+02, 3.88670837e+02, 4.52241425e+02,
    4.09157379e+02, 4.66344543e+02, 2.63506165e+02, 3.94967041e+02,
    2.86598938e+02, 4.10617432e+02, 3.09251556e+02, 4.26173157e+02,
    3.31318939e+02, 4.41125397e+02, 3.53053741e+02, 4.55887238e+02,
    3.74148315e+02, 4.70273773e+02, 3.95016541e+02, 4.84349701e+02,
    2.47200668e+02, 4.13633514e+02, 2.70564301e+02, 4.29404449e+02,
    2.93580688e+02, 4.44658386e+02, 3.15985626e+02, 4.59655121e+02,
    3.38040588e+02, 4.74286804e+02, 3.59607269e+02, 4.88634521e+02,
    3.80675507e+02, 5.02556458e+02, 2.30492569e+02, 4.32695770e+02,
    2.54285156e+02, 4.48420654e+02, 2.77582886e+02, 4.63563324e+02,
    3.00458588e+02, 4.78489105e+02, 3.22815491e+02, 4.93104858e+02,
    3.44748077e+02, 5.07260681e+02, 3.66219116e+02, 5.21239197e+02,
    2.13465668e+02, 4.52298401e+02, 2.37591690e+02, 4.67857208e+02,
    2.61354706e+02, 4.82926849e+02, 2.84518463e+02, 4.97840149e+02,
    3.07261993e+02, 5.12231384e+02, 3.29507812e+02, 5.26428406e+02,
    3.51326721e+02, 5.40227112e+02, 1.96160675e+02, 4.72336243e+02,
    2.20655121e+02, 4.87633789e+02, 2.44729370e+02, 5.02741821e+02,
    2.68302917e+02, 5.17454956e+02, 2.91442230e+02, 5.31808533e+02,
    3.14129333e+02, 5.45869751e+02, 3.36195007e+02, 5.59559326e+02,
    1.78490891e+02, 4.92569946e+02, 2.03448013e+02, 5.07890594e+02,
    2.27880875e+02, 5.22864197e+02, 2.51829117e+02, 5.37509949e+02,
    2.75400360e+02, 5.51722656e+02, 2.98402405e+02, 5.65669739e+02,
    3.20809265e+02, 5.79220947e+02, 1.60463074e+02, 5.13343506e+02,
    1.85888458e+02, 5.28507812e+02, 2.10680267e+02, 5.43453674e+02,
    2.35110367e+02, 5.57859497e+02, 2.58911041e+02, 5.72124817e+02,
    2.82350372e+02, 5.85744141e+02, 3.05182434e+02, 5.99382690e+02,
    1.42186798e+02, 5.34445557e+02, 1.67969086e+02, 5.49574341e+02,
    1.93356354e+02, 5.64358459e+02, 2.18032272e+02, 5.78697144e+02,
    2.42302872e+02, 5.92759216e+02, 2.66039642e+02, 6.06436584e+02,
    2.89319611e+02, 6.19748230e+02 ]
