%YAML:1.0
---
points: [ 4.83223495e+01, 1.60553665e+02, 5.54808044e+01, 1.65908356e+02,
    6.24023781e+01, 1.71037933e+02, 6.94176712e+01, 1.76121735e+02,
    7.62221985e+01, 1.80969788e+02, 8.29984360e+01, 1.85926224e+02,
    8.94001160e+01, 1.90556808e+02, 4.32579308e+01, 1.66822403e+02,
    5.03974571e+01, 1.72029236e+02, 5.76240005e+01, 1.77135620e+02,
    6.45572739e+01, 1.82194366e+02, 7.15639572e+01, 1.87061386e+02,
    7.82527084e+01, 1.91881592e+02, 8.50965118e+01, 1.96540817e+02,
    3.81038246e+01, 1.73165314e+02, 4.53208542e+01, 1.78337814e+02,
    5.25840988e+01, 1.83393509e+02, 5.96876144e+01, 1.88366470e+02,
    6.67001190e+01, 1.93252274e+02, 7.36728439e+01, 1.98123001e+02,
    8.02856598e+01, 2.02841492e+02, 3.29014244e+01, 1.79557465e+02,
    4.02238998e+01, 1.84788284e+02, 4.75264320e+01, 1.89801773e+02,
    5.47418900e+01, 1.94756866e+02, 6.18691216e+01, 1.99603363e+02,
    6.88997192e+01, 2.04294144e+02, 7.57721939e+01, 2.09050491e+02,
    2.75356007e+01, 1.86144485e+02, 3.50647469e+01, 1.91280975e+02,
    4.23614998e+01, 1.96309967e+02, 4.96854210e+01, 2.01253540e+02,
    5.69446907e+01, 2.06064362e+02, 6.40485001e+01, 2.10815094e+02,
    7.09225845e+01, 2.15552032e+02, 2.23425770e+01, 1.92813095e+02,
    2.97572041e+01, 1.97939636e+02, 3.73152809e+01, 2.02972153e+02,
    4.45995331e+01, 2.07782715e+02, 5.18517151e+01, 2.12712128e+02,
    5.91353378e+01, 2.17464386e+02, 6.61529160e+01, 2.22010300e+02,
    1.67969227e+01, 1.99661682e+02, 2.45047626e+01, 2.04713516e+02,
    3.19684639e+01, 2.09693451e+02, 3.94875221e+01, 2.14600616e+02,
    4.68230019e+01, 2.19354416e+02, 5.41716309e+01, 2.24078720e+02,
    6.12151680e+01, 2.28674896e+02, 1.14543457e+01, 2.06580795e+02,
    1.90821838e+01, 2.11648712e+02, 2.67469177e+01, 2.16533722e+02,
    3.42071953e+01, 2.21373352e+02, 4.17666092e+01, 2.26181305e+02,
    4.90652504e+01, 2.30846481e+02, 5.64145966e+01, 2.35288101e+02,
    5.24408436e+00, 2.13680374e+02, 1.37963266e+01, 2.18559677e+02,
    2.13707542e+01, 2.23557068e+02, 2.90459194e+01, 2.28336426e+02,
    3.65137672e+01, 2.33117706e+02, 4.40482597e+01, 2.37691147e+02,
    5.13050766e+01, 2.42370499e+02 ]
