%YAML:1.0
---
points: [ 6.32264442e+01, 1.40310913e+02, 7.12976532e+01, 1.42789764e+02,
    7.91319580e+01, 1.45217041e+02, 8.68828278e+01, 1.47618057e+02,
    9.42755051e+01, 1.49967499e+02, 1.01550179e+02, 1.52337646e+02,
    1.08499542e+02, 1.54220810e+02, 6.09011421e+01, 1.47854523e+02,
    6.89848557e+01, 1.50254715e+02, 7.68177643e+01, 1.52538544e+02,
    8.46078796e+01, 1.54889099e+02, 9.21092453e+01, 1.57097031e+02,
    9.93318329e+01, 1.59203232e+02, 1.06442635e+02, 1.61364487e+02,
    5.85354271e+01, 1.55501846e+02, 6.65688477e+01, 1.57783615e+02,
    7.44646454e+01, 1.59999039e+02, 8.21986618e+01, 1.62124268e+02,
    8.96642914e+01, 1.64233398e+02, 9.70811005e+01, 1.66281998e+02,
    1.04335609e+02, 1.68219772e+02, 5.62345390e+01, 1.62937088e+02,
    6.41927490e+01, 1.65276093e+02, 7.21187057e+01, 1.67251495e+02,
    7.98552017e+01, 1.69291367e+02, 8.74189987e+01, 1.71260757e+02,
    9.48679047e+01, 1.73253433e+02, 1.02070450e+02, 1.75127136e+02,
    5.38154716e+01, 1.70703751e+02, 6.19236526e+01, 1.72626846e+02,
    6.98345413e+01, 1.74552551e+02, 7.75219727e+01, 1.76563629e+02,
    8.51141129e+01, 1.78400146e+02, 9.25671463e+01, 1.80226730e+02,
    9.95368500e+01, 1.82081299e+02, 5.14296150e+01, 1.78147385e+02,
    5.96314392e+01, 1.80106812e+02, 6.74841385e+01, 1.81947678e+02,
    7.52312851e+01, 1.83700485e+02, 8.27479401e+01, 1.85473724e+02,
    9.02996826e+01, 1.87334671e+02, 9.74360733e+01, 1.88913513e+02,
    4.91367950e+01, 1.85513885e+02, 5.72948227e+01, 1.87341095e+02,
    6.51565475e+01, 1.89163818e+02, 7.30377808e+01, 1.90811172e+02,
    8.05309067e+01, 1.92567734e+02, 8.82113647e+01, 1.94065079e+02,
    9.49247742e+01, 1.95656799e+02, 4.68286285e+01, 1.92972748e+02,
    5.49291229e+01, 1.94779556e+02, 6.29127960e+01, 1.96327484e+02,
    7.07169113e+01, 1.98073730e+02, 7.82682877e+01, 1.99425781e+02,
    8.59606705e+01, 2.01034286e+02, 9.31173477e+01, 2.02298401e+02,
    4.44387398e+01, 2.00380524e+02, 5.26636200e+01, 2.02006668e+02,
    6.07063942e+01, 2.03557678e+02, 6.84393082e+01, 2.05011414e+02,
    7.60697632e+01, 2.06431488e+02, 8.34206543e+01, 2.07864059e+02,
    9.04277802e+01, 2.09156219e+02 ]
