%YAML:1.0
---
points: [ 5.06322723e+02, 2.77060669e+02, 5.11154785e+02, 2.93399078e+02,
    5.16003662e+02, 3.10155243e+02, 5.20706787e+02, 3.26520905e+02,
    5.25543823e+02, 3.43031250e+02, 5.30261108e+02, 3.59308990e+02,
    5.35059326e+02, 3.75634430e+02, 4.89246216e+02, 2.78593933e+02,
    4.94192993e+02, 2.95516113e+02, 4.98854889e+02, 3.12099762e+02,
    5.03814301e+02, 3.28735138e+02, 5.08486725e+02, 3.45261566e+02,
    5.13406494e+02, 3.61640045e+02, 5.18192078e+02, 3.78183929e+02,
    4.71757172e+02, 2.80491821e+02, 4.76531860e+02, 2.97330292e+02,
    4.81577789e+02, 3.14115631e+02, 4.86386383e+02, 3.30762512e+02,
    4.91423950e+02, 3.47611420e+02, 4.96328033e+02, 3.64247559e+02,
    5.01230286e+02, 3.80998047e+02, 4.54025970e+02, 2.82103943e+02,
    4.58994202e+02, 2.99220886e+02, 4.64169800e+02, 3.16245026e+02,
    4.69058533e+02, 3.33245209e+02, 4.74050781e+02, 3.49887726e+02,
    4.78838318e+02, 3.66731415e+02, 4.83774963e+02, 3.83493500e+02,
    4.35844910e+02, 2.84013794e+02, 4.40920868e+02, 3.01313690e+02,
    4.46028412e+02, 3.18399597e+02, 4.50839050e+02, 3.35326904e+02,
    4.56070374e+02, 3.52507812e+02, 4.61056549e+02, 3.69470795e+02,
    4.66135010e+02, 3.86397766e+02, 4.17483734e+02, 2.85988495e+02,
    4.22459869e+02, 3.03258942e+02, 4.27592163e+02, 3.20468292e+02,
    4.32679779e+02, 3.37844055e+02, 4.37873749e+02, 3.55056915e+02,
    4.42817352e+02, 3.72150696e+02, 4.48028992e+02, 3.89106934e+02,
    3.98542358e+02, 2.87691498e+02, 4.03636505e+02, 3.05345154e+02,
    4.08970886e+02, 3.22906677e+02, 4.14015045e+02, 3.40148499e+02,
    4.19365662e+02, 3.57582489e+02, 4.24353516e+02, 3.74883820e+02,
    4.29531403e+02, 3.92121613e+02, 3.79473297e+02, 2.89725555e+02,
    3.84659546e+02, 3.07539795e+02, 3.89965302e+02, 3.25037598e+02,
    3.95237518e+02, 3.42714752e+02, 4.00401550e+02, 3.60193451e+02,
    4.05470642e+02, 3.77602112e+02, 4.10859070e+02, 3.95046967e+02,
    3.59863525e+02, 2.91929108e+02, 3.65159149e+02, 3.09671509e+02,
    3.70514709e+02, 3.27636322e+02, 3.75713135e+02, 3.45281830e+02,
    3.81080109e+02, 3.62990692e+02, 3.86429169e+02, 3.80570190e+02,
    3.91643555e+02, 3.98146423e+02 ]
