%YAML:1.0
---
points: [ 3.25988129e+02, 3.16350800e+02, 3.51532898e+02, 3.24063202e+02,
    3.76246887e+02, 3.31528015e+02, 4.00385529e+02, 3.38804138e+02,
    4.23605957e+02, 3.45717041e+02, 4.46357544e+02, 3.52746735e+02,
    4.68257111e+02, 3.59479706e+02, 3.19044189e+02, 3.38936127e+02,
    3.44576904e+02, 3.46329102e+02, 3.69460419e+02, 3.53565094e+02,
    3.93444550e+02, 3.60399078e+02, 4.16946655e+02, 3.67201172e+02,
    4.39517731e+02, 3.73531677e+02, 4.61505066e+02, 3.80017639e+02,
    3.12088074e+02, 3.61563019e+02, 3.37692993e+02, 3.68635529e+02,
    3.62423828e+02, 3.75473053e+02, 3.86578552e+02, 3.81900208e+02,
    4.10081879e+02, 3.88193420e+02, 4.32860291e+02, 3.94501556e+02,
    4.54857941e+02, 4.00450592e+02, 3.05142670e+02, 3.84207550e+02,
    3.30612732e+02, 3.90721313e+02, 3.55505280e+02, 3.97129333e+02,
    3.79716583e+02, 4.03244965e+02, 4.03302368e+02, 4.09270050e+02,
    4.26134064e+02, 4.15017426e+02, 4.48385468e+02, 4.20773407e+02,
    2.98100586e+02, 4.06647980e+02, 3.23763672e+02, 4.12720856e+02,
    3.48722015e+02, 4.18684357e+02, 3.73079742e+02, 4.24651886e+02,
    3.96578918e+02, 4.30245941e+02, 4.19462158e+02, 4.35682343e+02,
    4.41650024e+02, 4.41027893e+02, 2.91269104e+02, 4.29046112e+02,
    3.16870667e+02, 4.34617218e+02, 3.41961212e+02, 4.40427795e+02,
    3.66280243e+02, 4.45765472e+02, 3.89891937e+02, 4.51350098e+02,
    4.12697052e+02, 4.56316284e+02, 4.35004333e+02, 4.61424469e+02,
    2.84285217e+02, 4.51134216e+02, 3.10031372e+02, 4.56594543e+02,
    3.35130951e+02, 4.61769501e+02, 3.59429108e+02, 4.67113129e+02,
    3.83145508e+02, 4.71952393e+02, 4.06127960e+02, 4.76936859e+02,
    4.28386505e+02, 4.81547852e+02, 2.77306396e+02, 4.73348785e+02,
    3.03144165e+02, 4.78360046e+02, 3.28236969e+02, 4.83348267e+02,
    3.52552246e+02, 4.88040039e+02, 3.76309784e+02, 4.92737427e+02,
    3.99365265e+02, 4.97368164e+02, 4.21783447e+02, 5.01786102e+02,
    2.70389801e+02, 4.95431305e+02, 2.96359253e+02, 5.00255524e+02,
    3.21426666e+02, 5.04605286e+02, 3.45752136e+02, 5.09140472e+02,
    3.69544830e+02, 5.13459778e+02, 3.92721924e+02, 5.17743652e+02,
    4.15161041e+02, 5.21798889e+02 ]
