%YAML:1.0
---
points: [ 1.44435776e+02, 2.36648834e+02, 1.50882156e+02, 2.43672852e+02,
    1.57269440e+02, 2.50691650e+02, 1.63451599e+02, 2.57439850e+02,
    1.69686646e+02, 2.64222809e+02, 1.75706726e+02, 2.70845276e+02,
    1.81724319e+02, 2.77378479e+02, 1.36686859e+02, 2.43151627e+02,
    1.43300140e+02, 2.50219696e+02, 1.49736282e+02, 2.57155304e+02,
    1.56120682e+02, 2.63986023e+02, 1.62318787e+02, 2.70709869e+02,
    1.68562210e+02, 2.77343719e+02, 1.74527695e+02, 2.83860840e+02,
    1.28878387e+02, 2.49743073e+02, 1.35547333e+02, 2.56800476e+02,
    1.42154099e+02, 2.63758057e+02, 1.48541458e+02, 2.70605438e+02,
    1.54938156e+02, 2.77330261e+02, 1.61170746e+02, 2.83978882e+02,
    1.67366333e+02, 2.90543701e+02, 1.20948586e+02, 2.56416260e+02,
    1.27744286e+02, 2.63467560e+02, 1.34361115e+02, 2.70422241e+02,
    1.40983841e+02, 2.77309174e+02, 1.47417007e+02, 2.84019348e+02,
    1.53811035e+02, 2.90672211e+02, 1.60011261e+02, 2.97207825e+02,
    1.12909134e+02, 2.63327484e+02, 1.19767403e+02, 2.70316620e+02,
    1.26543839e+02, 2.77240387e+02, 1.33222015e+02, 2.84125336e+02,
    1.39811935e+02, 2.90841187e+02, 1.46268845e+02, 2.97441254e+02,
    1.52622818e+02, 3.03999390e+02, 1.04806244e+02, 2.70151398e+02,
    1.11740578e+02, 2.77266663e+02, 1.18615807e+02, 2.84177856e+02,
    1.25386375e+02, 2.91080933e+02, 1.32093109e+02, 2.97740784e+02,
    1.38655701e+02, 3.04361969e+02, 1.45105118e+02, 3.10881287e+02,
    9.65109024e+01, 2.77033630e+02, 1.03659882e+02, 2.84219421e+02,
    1.10596420e+02, 2.91145935e+02, 1.17471107e+02, 2.97942902e+02,
    1.24264542e+02, 3.04736053e+02, 1.30930511e+02, 3.11325562e+02,
    1.37489105e+02, 3.17825317e+02, 8.82820435e+01, 2.84155151e+02,
    9.54698563e+01, 2.91085052e+02, 1.02566750e+02, 2.98161835e+02,
    1.09512962e+02, 3.05084778e+02, 1.16340370e+02, 3.11778992e+02,
    1.23161652e+02, 3.18339813e+02, 1.29849350e+02, 3.24859375e+02,
    7.99176788e+01, 2.91134125e+02, 8.72445374e+01, 2.98359528e+02,
    9.43358307e+01, 3.05413513e+02, 1.01440674e+02, 3.12187469e+02,
    1.08380302e+02, 3.18858246e+02, 1.15278999e+02, 3.25459412e+02,
    1.22142754e+02, 3.31997040e+02 ]
