%YAML:1.0
---
points: [ 5.97796936e+02, 4.24979187e+02, 5.88064819e+02, 4.38781952e+02,
    5.78299133e+02, 4.52914368e+02, 5.68449768e+02, 4.67049103e+02,
    5.58560242e+02, 4.81290283e+02, 5.48582031e+02, 4.95523010e+02,
    5.38586121e+02, 5.09879028e+02, 5.82678833e+02, 4.14999908e+02,
    5.72805115e+02, 4.29217285e+02, 5.62928833e+02, 4.43264832e+02,
    5.53081909e+02, 4.57533722e+02, 5.43082947e+02, 4.71712799e+02,
    5.32991882e+02, 4.86228302e+02, 5.22865723e+02, 5.00547638e+02,
    5.67347290e+02, 4.05233307e+02, 5.57403015e+02, 4.19264587e+02,
    5.47387634e+02, 4.33545197e+02, 5.37391357e+02, 4.47714233e+02,
    5.27284729e+02, 4.62269775e+02, 5.17113708e+02, 4.76582764e+02,
    5.06774689e+02, 4.91203156e+02, 5.51826904e+02, 3.95018250e+02,
    5.41750549e+02, 4.09344330e+02, 5.31631348e+02, 4.23557770e+02,
    5.21521240e+02, 4.38021301e+02, 5.11356018e+02, 4.52427155e+02,
    5.01071533e+02, 4.67021088e+02, 4.90756134e+02, 4.81483459e+02,
    5.36107117e+02, 3.84838074e+02, 5.25797974e+02, 3.99087433e+02,
    5.15663452e+02, 4.13538788e+02, 5.05382172e+02, 4.27900543e+02,
    4.95102203e+02, 4.42536743e+02, 4.84660278e+02, 4.57095886e+02,
    4.74246338e+02, 4.71828644e+02, 5.19964600e+02, 3.74385468e+02,
    5.09772339e+02, 3.88848206e+02, 4.99405029e+02, 4.03307281e+02,
    4.89112793e+02, 4.17837860e+02, 4.78546509e+02, 4.32381134e+02,
    4.68176361e+02, 4.47261566e+02, 4.57501678e+02, 4.61851410e+02,
    5.03741516e+02, 3.63856842e+02, 4.93351196e+02, 3.78387146e+02,
    4.83022949e+02, 3.92972443e+02, 4.72473480e+02, 4.07461945e+02,
    4.61948761e+02, 4.22304413e+02, 4.51340027e+02, 4.36928497e+02,
    4.40678375e+02, 4.51880920e+02, 4.87309875e+02, 3.53204468e+02,
    4.76807739e+02, 3.67792450e+02, 4.66292206e+02, 3.82423035e+02,
    4.55657654e+02, 3.97198273e+02, 4.45106445e+02, 4.11756104e+02,
    4.34323578e+02, 4.26775177e+02, 4.23539612e+02, 4.41662292e+02,
    4.70578522e+02, 3.42424561e+02, 4.60031097e+02, 3.56962006e+02,
    4.49388397e+02, 3.71822876e+02, 4.38662231e+02, 3.86475006e+02,
    4.27867340e+02, 4.01525421e+02, 4.17078918e+02, 4.16317902e+02,
    4.06237762e+02, 4.31467621e+02 ]
