%YAML:1.0
---
points: [ 4.31111023e+02, 1.94493942e+02, 4.44945618e+02, 2.18301132e+02,
    4.58601807e+02, 2.41709915e+02, 4.71947723e+02, 2.64643738e+02,
    4.85356171e+02, 2.87442627e+02, 4.98299500e+02, 3.09670441e+02,
    5.11214600e+02, 3.31530426e+02, 4.07745911e+02, 2.04746994e+02,
    4.21833710e+02, 2.28512329e+02, 4.35596008e+02, 2.51833984e+02,
    4.49330231e+02, 2.74740295e+02, 4.62699768e+02, 2.97369019e+02,
    4.76028778e+02, 3.19579163e+02, 4.89090393e+02, 3.41390289e+02,
    3.84362579e+02, 2.15071060e+02, 3.98516479e+02, 2.38585358e+02,
    4.12634796e+02, 2.62108612e+02, 4.26346497e+02, 2.84754303e+02,
    4.40320496e+02, 3.07453888e+02, 4.53542694e+02, 3.29558502e+02,
    4.66918152e+02, 3.51409485e+02, 3.60902313e+02, 2.25312637e+02,
    3.75406219e+02, 2.48837051e+02, 3.89554108e+02, 2.72144073e+02,
    4.03736420e+02, 2.95004028e+02, 4.17507111e+02, 3.17339874e+02,
    4.31256378e+02, 3.39529053e+02, 4.44612640e+02, 3.61254333e+02,
    3.37247894e+02, 2.35612778e+02, 3.51786530e+02, 2.59206970e+02,
    3.66458557e+02, 2.82458191e+02, 3.80553833e+02, 3.05163147e+02,
    3.94778168e+02, 3.27570038e+02, 4.08581482e+02, 3.49512726e+02,
    4.22336151e+02, 3.71266174e+02, 3.13577728e+02, 2.46079193e+02,
    3.28487000e+02, 2.69507477e+02, 3.43180817e+02, 2.92568146e+02,
    3.57594208e+02, 3.15368866e+02, 3.71819427e+02, 3.37582428e+02,
    3.85939972e+02, 3.59652679e+02, 3.99732117e+02, 3.81270874e+02,
    2.89923218e+02, 2.56515717e+02, 3.04852203e+02, 2.79820312e+02,
    3.20043854e+02, 3.03061981e+02, 3.34494293e+02, 3.25634979e+02,
    3.49092834e+02, 3.47974854e+02, 3.63233582e+02, 3.69653107e+02,
    3.77393646e+02, 3.91408081e+02, 2.66275055e+02, 2.67012848e+02,
    2.81595978e+02, 2.90387787e+02, 2.96564331e+02, 3.13314301e+02,
    3.11437897e+02, 3.35888123e+02, 3.25946777e+02, 3.58122162e+02,
    3.40582825e+02, 3.80172699e+02, 3.54680206e+02, 4.01459045e+02,
    2.42551102e+02, 2.77580109e+02, 2.57864685e+02, 3.00737335e+02,
    2.73273590e+02, 3.23768250e+02, 2.88147400e+02, 3.46338745e+02,
    3.03124756e+02, 3.68499969e+02, 3.17584015e+02, 3.90237823e+02,
    3.32038666e+02, 4.11687347e+02 ]
