%YAML:1.0
---
points: [ 9.88746643e+01, 9.91292725e+01, 1.03179878e+02, 1.07076019e+02,
    1.07463692e+02, 1.14765930e+02, 1.11806145e+02, 1.22501411e+02,
    1.16029541e+02, 1.30057800e+02, 1.20149170e+02, 1.37595917e+02,
    1.24271088e+02, 1.44889069e+02, 9.12397461e+01, 1.02639954e+02,
    9.55319366e+01, 1.10472473e+02, 9.99666519e+01, 1.18291222e+02,
    1.04185791e+02, 1.25937988e+02, 1.08477989e+02, 1.33506409e+02,
    1.12754982e+02, 1.40902023e+02, 1.17051132e+02, 1.48250137e+02,
    8.33627014e+01, 1.06162659e+02, 8.79018860e+01, 1.14060814e+02,
    9.22771759e+01, 1.21711685e+02, 9.66071854e+01, 1.29325119e+02,
    1.01065475e+02, 1.36891571e+02, 1.05298088e+02, 1.44323242e+02,
    1.09508156e+02, 1.51614410e+02, 7.57715302e+01, 1.09740730e+02,
    8.02590714e+01, 1.17447716e+02, 8.47412415e+01, 1.25257774e+02,
    8.91547928e+01, 1.32803574e+02, 9.35141449e+01, 1.40303162e+02,
    9.78835297e+01, 1.47755829e+02, 1.02194397e+02, 1.55058502e+02,
    6.80580673e+01, 1.13314888e+02, 7.26058655e+01, 1.21088112e+02,
    7.70870438e+01, 1.28751404e+02, 8.15050583e+01, 1.36273987e+02,
    8.60123672e+01, 1.43836044e+02, 9.04501953e+01, 1.51166565e+02,
    9.48074341e+01, 1.58367767e+02, 6.03445663e+01, 1.16915482e+02,
    6.48725967e+01, 1.24644669e+02, 6.94261017e+01, 1.32321747e+02,
    7.39616013e+01, 1.39804672e+02, 7.83962936e+01, 1.47296021e+02,
    8.28404541e+01, 1.54617371e+02, 8.73018723e+01, 1.61882858e+02,
    5.26441040e+01, 1.20471733e+02, 5.73478165e+01, 1.28253220e+02,
    6.18379364e+01, 1.35834717e+02, 6.63524780e+01, 1.43323242e+02,
    7.08829727e+01, 1.50739365e+02, 7.54544220e+01, 1.58129242e+02,
    7.98626175e+01, 1.65236862e+02, 4.51391563e+01, 1.24201767e+02,
    4.96554337e+01, 1.31831970e+02, 5.43536530e+01, 1.39416519e+02,
    5.88437271e+01, 1.46842819e+02, 6.33672142e+01, 1.54248596e+02,
    6.79983444e+01, 1.61506226e+02, 7.24854813e+01, 1.68769089e+02,
    3.74983864e+01, 1.27798660e+02, 4.22573547e+01, 1.35498993e+02,
    4.67395172e+01, 1.43003357e+02, 5.13748970e+01, 1.50489899e+02,
    5.59658356e+01, 1.57760803e+02, 6.05246925e+01, 1.65122345e+02,
    6.51169739e+01, 1.72246674e+02 ]
