%YAML:1.0
---
points: [ 1.60327484e+02, 2.07385925e+02, 1.65733246e+02, 2.14832047e+02,
    1.71240372e+02, 2.22278809e+02, 1.76588943e+02, 2.29636108e+02,
    1.82040527e+02, 2.37155273e+02, 1.87452866e+02, 2.44521576e+02,
    1.92833252e+02, 2.51957977e+02, 1.52511795e+02, 2.12039948e+02,
    1.58116867e+02, 2.19608963e+02, 1.63539642e+02, 2.27101486e+02,
    1.69063217e+02, 2.34656296e+02, 1.74493927e+02, 2.42159409e+02,
    1.80011017e+02, 2.49704163e+02, 1.85444336e+02, 2.57225555e+02,
    1.44531494e+02, 2.16820267e+02, 1.50134827e+02, 2.24398880e+02,
    1.55691650e+02, 2.32120499e+02, 1.61227005e+02, 2.39667252e+02,
    1.66808746e+02, 2.47343414e+02, 1.72294785e+02, 2.54975815e+02,
    1.77914734e+02, 2.62647644e+02, 1.36361771e+02, 2.21637512e+02,
    1.41991623e+02, 2.29389328e+02, 1.47586670e+02, 2.37132690e+02,
    1.53299149e+02, 2.44923187e+02, 1.58862686e+02, 2.52668228e+02,
    1.64521561e+02, 2.60368805e+02, 1.70154678e+02, 2.68133148e+02,
    1.27895844e+02, 2.26714172e+02, 1.33607056e+02, 2.34565033e+02,
    1.39336792e+02, 2.42385849e+02, 1.45044495e+02, 2.50254654e+02,
    1.50718903e+02, 2.58145599e+02, 1.56389435e+02, 2.66030182e+02,
    1.62121384e+02, 2.73882629e+02, 1.19132965e+02, 2.31881226e+02,
    1.24984215e+02, 2.39876129e+02, 1.30754501e+02, 2.47837128e+02,
    1.36544418e+02, 2.55777817e+02, 1.42302704e+02, 2.63774017e+02,
    1.48120148e+02, 2.71770142e+02, 1.53871277e+02, 2.79686096e+02,
    1.10261230e+02, 2.37223679e+02, 1.16184822e+02, 2.45295639e+02,
    1.22051674e+02, 2.53372604e+02, 1.27859520e+02, 2.61431122e+02,
    1.33719818e+02, 2.69539612e+02, 1.39596085e+02, 2.77597137e+02,
    1.45406281e+02, 2.85717834e+02, 1.01227516e+02, 2.42701935e+02,
    1.07136040e+02, 2.50879684e+02, 1.13024895e+02, 2.59130157e+02,
    1.18981766e+02, 2.67295044e+02, 1.24926971e+02, 2.75443451e+02,
    1.30887131e+02, 2.83655731e+02, 1.36788208e+02, 2.91816528e+02,
    9.18238525e+01, 2.48313049e+02, 9.77663727e+01, 2.56618195e+02,
    1.03804565e+02, 2.64904419e+02, 1.09829384e+02, 2.73272430e+02,
    1.15879791e+02, 2.81591766e+02, 1.21861252e+02, 2.89869476e+02,
    1.27918640e+02, 2.98264496e+02 ]
