%YAML:1.0
---
points: [ 1.22503181e+02, 1.72179352e+02, 1.31826111e+02, 1.73538635e+02,
    1.41288071e+02, 1.75023788e+02, 1.50631470e+02, 1.76440048e+02,
    1.60095520e+02, 1.77919815e+02, 1.69435959e+02, 1.79264954e+02,
    1.78876648e+02, 1.80726624e+02, 1.19267242e+02, 1.79391373e+02,
    1.28868500e+02, 1.80928497e+02, 1.38348434e+02, 1.82307800e+02,
    1.47910568e+02, 1.83748245e+02, 1.57451645e+02, 1.85218918e+02,
    1.67058746e+02, 1.86683243e+02, 1.76443207e+02, 1.88193970e+02,
    1.16102768e+02, 1.86934235e+02, 1.25710274e+02, 1.88332291e+02,
    1.35419403e+02, 1.89873230e+02, 1.45042526e+02, 1.91330170e+02,
    1.54776382e+02, 1.92815552e+02, 1.64404449e+02, 1.94302795e+02,
    1.74144501e+02, 1.95816971e+02, 1.12680107e+02, 1.94583954e+02,
    1.22479156e+02, 1.96158585e+02, 1.32311966e+02, 1.97585724e+02,
    1.42183151e+02, 1.99122757e+02, 1.51952499e+02, 2.00562195e+02,
    1.61828659e+02, 2.02148529e+02, 1.71618515e+02, 2.03630035e+02,
    1.09180061e+02, 2.02536377e+02, 1.19110680e+02, 2.04136612e+02,
    1.29138443e+02, 2.05635452e+02, 1.39142639e+02, 2.07192627e+02,
    1.49110886e+02, 2.08647552e+02, 1.59125763e+02, 2.10191528e+02,
    1.69071716e+02, 2.11809250e+02, 1.05675354e+02, 2.10772690e+02,
    1.15750214e+02, 2.12334152e+02, 1.25932602e+02, 2.13900269e+02,
    1.36000610e+02, 2.15432175e+02, 1.46061264e+02, 2.17039642e+02,
    1.56271210e+02, 2.18564865e+02, 1.66392990e+02, 2.20120056e+02,
    1.02056870e+02, 2.19298904e+02, 1.12206482e+02, 2.20905090e+02,
    1.22501091e+02, 2.22473969e+02, 1.32790451e+02, 2.24073318e+02,
    1.43122299e+02, 2.25618561e+02, 1.53436188e+02, 2.27201401e+02,
    1.63694794e+02, 2.28746124e+02, 9.81965866e+01, 2.28090164e+02,
    1.08679802e+02, 2.29685776e+02, 1.19083214e+02, 2.31315872e+02,
    1.29450546e+02, 2.32931717e+02, 1.39906906e+02, 2.34472717e+02,
    1.50370316e+02, 2.36081039e+02, 1.60848068e+02, 2.37615662e+02,
    9.43625336e+01, 2.37253647e+02, 1.04883881e+02, 2.38852142e+02,
    1.15478584e+02, 2.40414444e+02, 1.26033173e+02, 2.42114334e+02,
    1.36692841e+02, 2.43650101e+02, 1.47275406e+02, 2.45265076e+02,
    1.57931763e+02, 2.46826172e+02 ]
