%YAML:1.0
---
points: [ 5.84393616e+02, 5.59662781e+02, 5.67800903e+02, 5.67696533e+02,
    5.51202820e+02, 5.75481384e+02, 5.34260986e+02, 5.83686096e+02,
    5.17039185e+02, 5.91716064e+02, 4.99646179e+02, 6.00204895e+02,
    4.82197083e+02, 6.08519714e+02, 5.76224976e+02, 5.44476196e+02,
    5.59546570e+02, 5.52225708e+02, 5.42701538e+02, 5.60214783e+02,
    5.25660522e+02, 5.68118042e+02, 5.08466766e+02, 5.76290161e+02,
    4.91026306e+02, 5.84365417e+02, 4.73321686e+02, 5.92660828e+02,
    5.67757935e+02, 5.28895508e+02, 5.51160156e+02, 5.36676575e+02,
    5.34281738e+02, 5.44492920e+02, 5.17145752e+02, 5.52436951e+02,
    4.99686371e+02, 5.60401062e+02, 4.82295959e+02, 5.68612061e+02,
    4.64428864e+02, 5.76771484e+02, 5.59537415e+02, 5.13507935e+02,
    5.42619751e+02, 5.21176270e+02, 5.25699219e+02, 5.28912781e+02,
    5.08511139e+02, 5.36699280e+02, 4.91132782e+02, 5.44723572e+02,
    4.73387115e+02, 5.52694031e+02, 4.55606720e+02, 5.60912048e+02,
    5.51145142e+02, 4.97841064e+02, 5.34271667e+02, 5.05441345e+02,
    5.17116821e+02, 5.12985474e+02, 4.99754852e+02, 5.20992126e+02,
    4.82347290e+02, 5.28658569e+02, 4.64556488e+02, 5.36734985e+02,
    4.46589325e+02, 5.44783081e+02, 5.42595764e+02, 4.82143066e+02,
    5.25564392e+02, 4.89557373e+02, 5.08504364e+02, 4.97371643e+02,
    4.91043030e+02, 5.04831055e+02, 4.73414948e+02, 5.12750305e+02,
    4.55574951e+02, 5.20673035e+02, 4.37530701e+02, 5.28628296e+02,
    5.34155762e+02, 4.66330505e+02, 5.17064209e+02, 4.73804230e+02,
    4.99630707e+02, 4.81248566e+02, 4.82373718e+02, 4.89016052e+02,
    4.64519897e+02, 4.96538940e+02, 4.46592041e+02, 5.04571533e+02,
    4.28506958e+02, 5.12397888e+02, 5.25502197e+02, 4.50544159e+02,
    5.08382721e+02, 4.57701294e+02, 4.91056213e+02, 4.65376373e+02,
    4.73388763e+02, 4.72830170e+02, 4.55604309e+02, 4.80552399e+02,
    4.37614319e+02, 4.88283752e+02, 4.19519806e+02, 4.96298676e+02,
    5.16787903e+02, 4.34411102e+02, 4.99572449e+02, 4.41773254e+02,
    4.82136810e+02, 4.49109283e+02, 4.64497620e+02, 4.56606598e+02,
    4.46596161e+02, 4.64177643e+02, 4.28604523e+02, 4.72030060e+02,
    4.10229553e+02, 4.79573761e+02 ]
