%YAML:1.0
---
points: [ 9.51183929e+01, 1.46763000e+02, 9.92193298e+01, 1.56009705e+02,
    1.03251114e+02, 1.64941849e+02, 1.07205704e+02, 1.73616730e+02,
    1.11047935e+02, 1.81978012e+02, 1.14730240e+02, 1.90138535e+02,
    1.18307465e+02, 1.98007187e+02, 8.46132889e+01, 1.49550140e+02,
    8.89430084e+01, 1.58655838e+02, 9.32070770e+01, 1.67650330e+02,
    9.72138824e+01, 1.76234619e+02, 1.01224228e+02, 1.84643692e+02,
    1.05084465e+02, 1.92733505e+02, 1.08815926e+02, 2.00533279e+02,
    7.41332932e+01, 1.52270813e+02, 7.85653534e+01, 1.61435226e+02,
    8.29339371e+01, 1.70326111e+02, 8.71868134e+01, 1.78942139e+02,
    9.12723007e+01, 1.87276138e+02, 9.52948456e+01, 1.95320175e+02,
    9.91898956e+01, 2.03208374e+02, 6.35780945e+01, 1.55076019e+02,
    6.83195496e+01, 1.64222610e+02, 7.27478790e+01, 1.73084930e+02,
    7.71059723e+01, 1.81582916e+02, 8.13481369e+01, 1.89904343e+02,
    8.55315857e+01, 1.97998398e+02, 8.96586761e+01, 2.05809555e+02,
    5.31676407e+01, 1.57908035e+02, 5.79682274e+01, 1.67051376e+02,
    6.25034370e+01, 1.75765106e+02, 6.70680084e+01, 1.84326035e+02,
    7.14545212e+01, 1.92681152e+02, 7.57344666e+01, 2.00689102e+02,
    8.00045013e+01, 2.08375595e+02, 4.27715378e+01, 1.60797729e+02,
    4.75508690e+01, 1.69749588e+02, 5.23344727e+01, 1.78629837e+02,
    5.69148331e+01, 1.87127197e+02, 6.15693855e+01, 1.95332291e+02,
    6.59879150e+01, 2.03301529e+02, 7.02553329e+01, 2.11107635e+02,
    3.24491539e+01, 1.63551758e+02, 3.73794594e+01, 1.72641525e+02,
    4.21996155e+01, 1.81270477e+02, 4.71073914e+01, 1.89912369e+02,
    5.16157227e+01, 1.98031693e+02, 5.62642136e+01, 2.06071198e+02,
    6.06531639e+01, 2.13764816e+02, 2.23260498e+01, 1.66662445e+02,
    2.72027931e+01, 1.75413239e+02, 3.22069969e+01, 1.84213760e+02,
    3.70287437e+01, 1.92588776e+02, 4.18478012e+01, 2.00868622e+02,
    4.64305573e+01, 2.08592834e+02, 5.12021713e+01, 2.16499756e+02,
    1.20594873e+01, 1.69307053e+02, 1.72325726e+01, 1.78405457e+02,
    2.22325401e+01, 1.86945374e+02, 2.72925396e+01, 1.95510056e+02,
    3.20916824e+01, 2.03575668e+02, 3.68751907e+01, 2.11570389e+02,
    4.15160103e+01, 2.19147537e+02 ]
