%YAML:1.0
---
points: [ 4.07831726e+02, 3.35741333e+02, 4.21594330e+02, 3.63434753e+02,
    4.35162750e+02, 3.90207642e+02, 4.47765045e+02, 4.15754333e+02,
    4.60331543e+02, 4.40625702e+02, 4.72476929e+02, 4.64875732e+02,
    4.84167480e+02, 4.88224609e+02, 3.76138458e+02, 3.43820801e+02,
    3.90362885e+02, 3.71355011e+02, 4.04237030e+02, 3.97843506e+02,
    4.17717621e+02, 4.23694733e+02, 4.30643738e+02, 4.48449615e+02,
    4.43239746e+02, 4.72478180e+02, 4.55491364e+02, 4.95795807e+02,
    3.44089172e+02, 3.51874786e+02, 3.58993439e+02, 3.79407227e+02,
    3.73419525e+02, 4.05994324e+02, 3.87276398e+02, 4.31489288e+02,
    4.00718414e+02, 4.56265137e+02, 4.13898376e+02, 4.80365875e+02,
    4.26464508e+02, 5.03527496e+02, 3.12027313e+02, 3.60036011e+02,
    3.27399689e+02, 3.87381378e+02, 3.42328278e+02, 4.13802979e+02,
    3.56806824e+02, 4.39493744e+02, 3.70891724e+02, 4.64246918e+02,
    3.84420074e+02, 4.88198273e+02, 3.97625977e+02, 5.11369293e+02,
    2.79688965e+02, 3.68345459e+02, 2.95628693e+02, 3.95579437e+02,
    3.11213745e+02, 4.22097870e+02, 3.26076447e+02, 4.47502380e+02,
    3.40567871e+02, 4.72234741e+02, 3.54665405e+02, 4.96200989e+02,
    3.68332458e+02, 5.19281616e+02, 2.47286880e+02, 3.76616577e+02,
    2.63620239e+02, 4.03790619e+02, 2.79623413e+02, 4.30155792e+02,
    2.95128052e+02, 4.55490936e+02, 3.10196930e+02, 4.80214172e+02,
    3.24667267e+02, 5.04104736e+02, 3.38927887e+02, 5.27271729e+02,
    2.14867722e+02, 3.85108246e+02, 2.31704758e+02, 4.11991272e+02,
    2.48368546e+02, 4.38390045e+02, 2.64214111e+02, 4.63615234e+02,
    2.79639954e+02, 4.88257538e+02, 2.94715576e+02, 5.12148315e+02,
    3.09376038e+02, 5.35207336e+02, 1.82230850e+02, 3.93300781e+02,
    1.99652924e+02, 4.20339813e+02, 2.16637466e+02, 4.46499329e+02,
    2.33075912e+02, 4.71790985e+02, 2.49238235e+02, 4.96412537e+02,
    2.64629425e+02, 5.20160645e+02, 2.79833984e+02, 5.43284424e+02,
    1.49607208e+02, 4.01750641e+02, 1.67512207e+02, 4.28696533e+02,
    1.85128006e+02, 4.54937378e+02, 2.01932709e+02, 4.80148468e+02,
    2.18394913e+02, 5.04586395e+02, 2.34421997e+02, 5.28399902e+02,
    2.49951752e+02, 5.51398010e+02 ]
