%YAML:1.0
---
points: [ 1.16117554e+02, 1.84355881e+02, 1.11652077e+02, 1.90130280e+02,
    1.08390129e+02, 1.96389801e+02, 1.03950089e+02, 2.02614624e+02,
    1.00351875e+02, 2.09067245e+02, 9.62197723e+01, 2.15377655e+02,
    9.27983932e+01, 2.21396240e+02, 1.09148071e+02, 1.80162933e+02,
    1.05338997e+02, 1.86718750e+02, 1.01491096e+02, 1.93161987e+02,
    9.76018066e+01, 1.99262314e+02, 9.35639648e+01, 2.05695969e+02,
    8.99684830e+01, 2.11926559e+02, 8.58274078e+01, 2.18488998e+02,
    1.02293533e+02, 1.77018234e+02, 9.83312683e+01, 1.83175034e+02,
    9.45746460e+01, 1.89387878e+02, 9.03829727e+01, 1.96017700e+02,
    8.65529327e+01, 2.02242203e+02, 8.24821625e+01, 2.08763123e+02,
    7.86144638e+01, 2.15200592e+02, 9.52490234e+01, 1.73121338e+02,
    9.15566330e+01, 1.79400391e+02, 8.73196564e+01, 1.86110153e+02,
    8.33098755e+01, 1.92467743e+02, 7.94465179e+01, 1.99049973e+02,
    7.54023056e+01, 2.05266357e+02, 7.13493195e+01, 2.12075302e+02,
    8.82716751e+01, 1.69401688e+02, 8.41562958e+01, 1.75879639e+02,
    7.99721069e+01, 1.82328888e+02, 7.61266861e+01, 1.88765015e+02,
    7.21057892e+01, 1.95263412e+02, 6.81143875e+01, 2.02059586e+02,
    6.39192390e+01, 2.08397369e+02, 8.10017319e+01, 1.65278030e+02,
    7.69178314e+01, 1.71905533e+02, 7.26900864e+01, 1.78599304e+02,
    6.86676331e+01, 1.85171021e+02, 6.45614777e+01, 1.91757050e+02,
    6.04588585e+01, 1.98443893e+02, 5.63966103e+01, 2.05116440e+02,
    7.35771637e+01, 1.61430420e+02, 6.94016418e+01, 1.68130264e+02,
    6.51403885e+01, 1.74868683e+02, 6.11010742e+01, 1.81333679e+02,
    5.71128273e+01, 1.88089172e+02, 5.28974762e+01, 1.94847275e+02,
    4.88677368e+01, 2.01457581e+02, 6.59156647e+01, 1.57308807e+02,
    6.18121986e+01, 1.64119904e+02, 5.76600685e+01, 1.70829178e+02,
    5.35517120e+01, 1.77466980e+02, 4.93380013e+01, 1.84339142e+02,
    4.52653809e+01, 1.91195648e+02, 4.10575104e+01, 1.97980515e+02,
    5.83443298e+01, 1.53261703e+02, 5.41277428e+01, 1.60104309e+02,
    4.99132957e+01, 1.66803619e+02, 4.56778793e+01, 1.73666550e+02,
    4.15760307e+01, 1.80592453e+02, 3.73914261e+01, 1.87436172e+02,
    3.33981972e+01, 1.94204697e+02 ]
