%YAML:1.0
---
points: [ 4.90425323e+02, 4.47220612e+02, 4.78885406e+02, 4.65492188e+02,
    4.67385040e+02, 4.84013855e+02, 4.55703186e+02, 5.02429688e+02,
    4.44137665e+02, 5.21128723e+02, 4.32447510e+02, 5.39626343e+02,
    4.20679871e+02, 5.58296143e+02, 4.69780151e+02, 4.36554932e+02,
    4.58205597e+02, 4.55197052e+02, 4.46470215e+02, 4.73744629e+02,
    4.34651306e+02, 4.92553589e+02, 4.22892761e+02, 5.11237976e+02,
    4.11089935e+02, 5.30143555e+02, 3.99262085e+02, 5.48905945e+02,
    4.48727295e+02, 4.25759888e+02, 4.36979980e+02, 4.44496124e+02,
    4.25069519e+02, 4.63431335e+02, 4.13196350e+02, 4.82310547e+02,
    4.01213989e+02, 5.01331726e+02, 3.89280701e+02, 5.20315430e+02,
    3.77241241e+02, 5.39428650e+02, 4.27302704e+02, 4.14609955e+02,
    4.15355621e+02, 4.33602264e+02, 4.03303375e+02, 4.52672180e+02,
    3.91273743e+02, 4.71940491e+02, 3.79109253e+02, 4.91052124e+02,
    3.66985748e+02, 5.10387787e+02, 3.54796570e+02, 5.29528442e+02,
    4.05247864e+02, 4.03373749e+02, 3.93071136e+02, 4.22467743e+02,
    3.80749603e+02, 4.41795166e+02, 3.68606720e+02, 4.61176025e+02,
    3.56421753e+02, 4.80485443e+02, 3.44200684e+02, 4.99997101e+02,
    3.31748199e+02, 5.19646362e+02, 3.82560455e+02, 3.91490753e+02,
    3.70333252e+02, 4.11060089e+02, 3.57884979e+02, 4.30568207e+02,
    3.45515961e+02, 4.50226044e+02, 3.33110901e+02, 4.69722351e+02,
    3.20637909e+02, 4.89502991e+02, 3.08189850e+02, 5.09272064e+02,
    3.59477234e+02, 3.79599396e+02, 3.47028259e+02, 3.99310120e+02,
    3.34460663e+02, 4.19177124e+02, 3.21959869e+02, 4.38801636e+02,
    3.09370026e+02, 4.58681213e+02, 2.96792297e+02, 4.78655182e+02,
    2.84178619e+02, 4.98846283e+02, 3.35803406e+02, 3.67300934e+02,
    3.23247681e+02, 3.87317535e+02, 3.10496460e+02, 4.07267303e+02,
    2.97784393e+02, 4.27361481e+02, 2.85128448e+02, 4.47470795e+02,
    2.72405609e+02, 4.67725342e+02, 2.59640991e+02, 4.87851471e+02,
    3.11595093e+02, 3.54664886e+02, 2.98853607e+02, 3.74807556e+02,
    2.85926819e+02, 3.95276947e+02, 2.73220642e+02, 4.15488800e+02,
    2.60240112e+02, 4.36026154e+02, 2.47402176e+02, 4.56371277e+02,
    2.34480835e+02, 4.76847870e+02 ]
