%YAML:1.0
---
points: [ 7.17964325e+01, 9.42908325e+01, 8.45345535e+01, 9.46359253e+01,
    9.73100891e+01, 9.49711533e+01, 1.10177139e+02, 9.56288528e+01,
    1.23046654e+02, 9.62052231e+01, 1.35946167e+02, 9.66464920e+01,
    1.48644836e+02, 9.72767639e+01, 7.50486221e+01, 1.05679436e+02,
    8.74735260e+01, 1.05944115e+02, 1.00113472e+02, 1.06537849e+02,
    1.12600388e+02, 1.06953278e+02, 1.25296066e+02, 1.07625160e+02,
    1.37868988e+02, 1.08059860e+02, 1.50399353e+02, 1.08601273e+02,
    7.81615067e+01, 1.16673767e+02, 9.03748627e+01, 1.16788055e+02,
    1.02791351e+02, 1.17577446e+02, 1.15046631e+02, 1.17904587e+02,
    1.27426239e+02, 1.18586609e+02, 1.39780441e+02, 1.18930046e+02,
    1.52002213e+02, 1.19564056e+02, 8.11824265e+01, 1.27111084e+02,
    9.32342224e+01, 1.27547501e+02, 1.05336609e+02, 1.27771713e+02,
    1.17461105e+02, 1.28419022e+02, 1.29492645e+02, 1.28774902e+02,
    1.41542709e+02, 1.29319794e+02, 1.53591568e+02, 1.29742493e+02,
    8.41743164e+01, 1.37182983e+02, 9.60789185e+01, 1.37657394e+02,
    1.07876938e+02, 1.37879684e+02, 1.19713135e+02, 1.38412064e+02,
    1.31516327e+02, 1.38801331e+02, 1.43304764e+02, 1.39355896e+02,
    1.55020264e+02, 1.39739426e+02, 8.71048889e+01, 1.46749878e+02,
    9.86114578e+01, 1.47116852e+02, 1.10335258e+02, 1.47614212e+02,
    1.21880440e+02, 1.47876968e+02, 1.33485626e+02, 1.48405045e+02,
    1.45004227e+02, 1.48744293e+02, 1.56496841e+02, 1.49275299e+02,
    8.98344498e+01, 1.55920380e+02, 1.01263069e+02, 1.56411987e+02,
    1.12609970e+02, 1.56704407e+02, 1.24035004e+02, 1.56984421e+02,
    1.35339539e+02, 1.57569519e+02, 1.46611893e+02, 1.57834763e+02,
    1.57811935e+02, 1.58276550e+02, 9.24758911e+01, 1.64704453e+02,
    1.03659348e+02, 1.65042969e+02, 1.14944336e+02, 1.65583694e+02,
    1.25995232e+02, 1.65795181e+02, 1.37175491e+02, 1.66092026e+02,
    1.48119843e+02, 1.66550339e+02, 1.59171219e+02, 1.66877151e+02,
    9.51048813e+01, 1.73144058e+02, 1.06226440e+02, 1.73566940e+02,
    1.16982498e+02, 1.73748047e+02, 1.28029251e+02, 1.74138229e+02,
    1.38789932e+02, 1.74595856e+02, 1.49705353e+02, 1.74790039e+02,
    1.60381134e+02, 1.75225189e+02 ]
