%YAML:1.0
---
points: [ 3.91292175e+02, 5.27637268e+02, 4.12283417e+02, 5.29596863e+02,
    4.32865875e+02, 5.31508118e+02, 4.53503326e+02, 5.33500061e+02,
    4.73633789e+02, 5.35304443e+02, 4.93605042e+02, 5.37295349e+02,
    5.13321472e+02, 5.39048523e+02, 3.88587067e+02, 5.45704407e+02,
    4.09641388e+02, 5.47616821e+02, 4.30518433e+02, 5.49509583e+02,
    4.51155518e+02, 5.51098755e+02, 4.71448364e+02, 5.53013123e+02,
    4.91481842e+02, 5.54647278e+02, 5.11415466e+02, 5.56434326e+02,
    3.85789734e+02, 5.64206970e+02, 4.07215820e+02, 5.65799683e+02,
    4.28166046e+02, 5.67458069e+02, 4.48782593e+02, 5.69291504e+02,
    4.69435791e+02, 5.70798279e+02, 4.89591888e+02, 5.72462097e+02,
    5.09428741e+02, 5.74154846e+02, 3.83265564e+02, 5.82465027e+02,
    4.04524506e+02, 5.84187744e+02, 4.25669434e+02, 5.85737854e+02,
    4.46464386e+02, 5.87281067e+02, 4.67085754e+02, 5.88799683e+02,
    4.87367645e+02, 5.90416626e+02, 5.07361237e+02, 5.91796936e+02,
    3.80526672e+02, 6.01284241e+02, 4.02063080e+02, 6.02606567e+02,
    4.23240906e+02, 6.04139954e+02, 4.44194519e+02, 6.05580017e+02,
    4.64697998e+02, 6.07047180e+02, 4.85319000e+02, 6.08439148e+02,
    5.05403442e+02, 6.09727478e+02, 3.77837616e+02, 6.19967590e+02,
    3.99407837e+02, 6.21438049e+02, 4.20777191e+02, 6.22767517e+02,
    4.41733429e+02, 6.24060486e+02, 4.62481689e+02, 6.25372620e+02,
    4.82947723e+02, 6.26715515e+02, 5.03189392e+02, 6.28123169e+02,
    3.75208923e+02, 6.39066833e+02, 3.96744385e+02, 6.40252563e+02,
    4.18270081e+02, 6.41464478e+02, 4.39370270e+02, 6.42659729e+02,
    4.60252045e+02, 6.43909607e+02, 4.80732147e+02, 6.45145996e+02,
    5.01218658e+02, 6.46258911e+02, 3.72269104e+02, 6.58343994e+02,
    3.94089050e+02, 6.59474182e+02, 4.15687592e+02, 6.60465942e+02,
    4.36900238e+02, 6.61505005e+02, 4.57922211e+02, 6.62587646e+02,
    4.78550903e+02, 6.63655701e+02, 4.98910889e+02, 6.64810852e+02,
    3.69588409e+02, 6.77520508e+02, 3.91415466e+02, 6.78559448e+02,
    4.12919250e+02, 6.79675720e+02, 4.34377808e+02, 6.80566895e+02,
    4.55470520e+02, 6.81547485e+02, 4.76222687e+02, 6.82460938e+02,
    4.96647522e+02, 6.83403198e+02 ]
