%YAML:1.0
---
points: [ 7.58076019e+01, 1.41075378e+02, 7.51511154e+01, 1.47973892e+02,
    7.45937805e+01, 1.54185608e+02, 7.39198227e+01, 1.61623749e+02,
    7.35031815e+01, 1.68048004e+02, 7.27056885e+01, 1.75255447e+02,
    7.21941071e+01, 1.82064133e+02, 6.81014328e+01, 1.39851013e+02,
    6.75094757e+01, 1.46559921e+02, 6.67807693e+01, 1.53548950e+02,
    6.61861572e+01, 1.60384811e+02, 6.56053467e+01, 1.67456543e+02,
    6.48670273e+01, 1.74446930e+02, 6.44382706e+01, 1.81379013e+02,
    6.04723587e+01, 1.38856491e+02, 5.96964531e+01, 1.45554901e+02,
    5.90612526e+01, 1.52396774e+02, 5.84133224e+01, 1.59502136e+02,
    5.77575417e+01, 1.66475830e+02, 5.69461098e+01, 1.73661835e+02,
    5.64990387e+01, 1.80516388e+02, 5.26277809e+01, 1.37567673e+02,
    5.18448677e+01, 1.44491898e+02, 5.11656837e+01, 1.51495407e+02,
    5.04996910e+01, 1.58513214e+02, 4.98210831e+01, 1.65532745e+02,
    4.91024361e+01, 1.72627670e+02, 4.84728470e+01, 1.79816315e+02,
    4.48178291e+01, 1.36494293e+02, 4.39813194e+01, 1.43369171e+02,
    4.32724533e+01, 1.50419342e+02, 4.26190605e+01, 1.57635452e+02,
    4.18301315e+01, 1.64553253e+02, 4.11536179e+01, 1.71761276e+02,
    4.04327431e+01, 1.78924835e+02, 3.68297272e+01, 1.35328278e+02,
    3.61315956e+01, 1.42326569e+02, 3.53047714e+01, 1.49461914e+02,
    3.45912743e+01, 1.56595139e+02, 3.37003555e+01, 1.63768997e+02,
    3.30796204e+01, 1.70945496e+02, 3.22965775e+01, 1.78152832e+02,
    2.89102478e+01, 1.34204193e+02, 2.81176720e+01, 1.41363068e+02,
    2.72611389e+01, 1.48404236e+02, 2.65464230e+01, 1.55617661e+02,
    2.57308617e+01, 1.62761993e+02, 2.50287380e+01, 1.70159332e+02,
    2.42421684e+01, 1.77281998e+02, 2.09736691e+01, 1.33322617e+02,
    2.01518803e+01, 1.40230774e+02, 1.93134270e+01, 1.47662735e+02,
    1.84555340e+01, 1.54546417e+02, 1.76970119e+01, 1.61957428e+02,
    1.68499260e+01, 1.69193008e+02, 1.61233997e+01, 1.76698486e+02,
    1.31499224e+01, 1.32078354e+02, 1.21662893e+01, 1.39459473e+02,
    1.12165318e+01, 1.46431976e+02, 1.04253531e+01, 1.53929382e+02,
    9.59852123e+00, 1.60905182e+02, 8.80704784e+00, 1.68493179e+02,
    7.95695829e+00, 1.75620193e+02 ]
