%YAML:1.0
---
points: [ 1.18263641e+02, 6.45546722e+01, 1.28689941e+02, 7.31600266e+01,
    1.38879196e+02, 8.15014572e+01, 1.48732285e+02, 8.97879868e+01,
    1.58346527e+02, 9.77305069e+01, 1.67653183e+02, 1.05445435e+02,
    1.76795120e+02, 1.13005966e+02, 1.10796761e+02, 7.42632980e+01,
    1.21295723e+02, 8.28708801e+01, 1.31620178e+02, 9.10263596e+01,
    1.41559540e+02, 9.90318909e+01, 1.51276566e+02, 1.06855263e+02,
    1.60736084e+02, 1.14375954e+02, 1.69841034e+02, 1.21778526e+02,
    1.03395576e+02, 8.41694336e+01, 1.14028816e+02, 9.23469162e+01,
    1.24383476e+02, 1.00424263e+02, 1.34387573e+02, 1.08259399e+02,
    1.44207306e+02, 1.15854904e+02, 1.53761749e+02, 1.23307129e+02,
    1.63022186e+02, 1.30421417e+02, 9.60479660e+01, 9.37976074e+01,
    1.06744530e+02, 1.01837997e+02, 1.17224678e+02, 1.09730400e+02,
    1.27339073e+02, 1.17339523e+02, 1.37250916e+02, 1.24831444e+02,
    1.46862595e+02, 1.32066925e+02, 1.56148895e+02, 1.39107635e+02,
    8.87325821e+01, 1.03385788e+02, 9.95284424e+01, 1.11330093e+02,
    1.10056419e+02, 1.19015320e+02, 1.20267242e+02, 1.26462029e+02,
    1.30294312e+02, 1.33747833e+02, 1.39956360e+02, 1.40852982e+02,
    1.49395096e+02, 1.47711227e+02, 8.14986038e+01, 1.13063965e+02,
    9.23219681e+01, 1.20733604e+02, 1.02981087e+02, 1.28256424e+02,
    1.13250031e+02, 1.35471542e+02, 1.23316666e+02, 1.42656677e+02,
    1.33127487e+02, 1.49488556e+02, 1.42597977e+02, 1.56245346e+02,
    7.43247299e+01, 1.22566956e+02, 8.52992172e+01, 1.30093063e+02,
    9.58750610e+01, 1.37353745e+02, 1.06316437e+02, 1.44492157e+02,
    1.16380730e+02, 1.51393707e+02, 1.26292099e+02, 1.58198914e+02,
    1.35874283e+02, 1.64736984e+02, 6.72812271e+01, 1.32009247e+02,
    7.81899109e+01, 1.39306290e+02, 8.90037003e+01, 1.46429672e+02,
    9.93502502e+01, 1.53409683e+02, 1.09600449e+02, 1.60192307e+02,
    1.19520653e+02, 1.66762253e+02, 1.29164459e+02, 1.73191757e+02,
    6.02105865e+01, 1.41346802e+02, 7.13026581e+01, 1.48473648e+02,
    8.19944992e+01, 1.55437439e+02, 9.25551682e+01, 1.62305740e+02,
    1.02788719e+02, 1.68859406e+02, 1.12748520e+02, 1.75318481e+02,
    1.22442032e+02, 1.81470261e+02 ]
