%YAML:1.0
---
points: [ 4.69115356e+02, 5.59494690e+02, 4.87457642e+02, 5.60180481e+02,
    5.06255127e+02, 5.60639526e+02, 5.24369385e+02, 5.61267273e+02,
    5.42748108e+02, 5.61782532e+02, 5.60752563e+02, 5.62464111e+02,
    5.78704712e+02, 5.63014832e+02, 4.66812256e+02, 5.75814758e+02,
    4.85630707e+02, 5.76351196e+02, 5.04251923e+02, 5.76922852e+02,
    5.22731628e+02, 5.77414795e+02, 5.41107117e+02, 5.77903931e+02,
    5.59386841e+02, 5.78455444e+02, 5.77440369e+02, 5.79159180e+02,
    4.64641663e+02, 5.92393738e+02, 4.83672058e+02, 5.92780090e+02,
    5.02439148e+02, 5.93225769e+02, 5.20962891e+02, 5.93851746e+02,
    5.39494263e+02, 5.94219116e+02, 5.57712952e+02, 5.94730042e+02,
    5.75840271e+02, 5.95165466e+02, 4.62616974e+02, 6.08834106e+02,
    4.81495331e+02, 6.09356812e+02, 5.00587585e+02, 6.09773010e+02,
    5.19214966e+02, 6.10072510e+02, 5.37727966e+02, 6.10665100e+02,
    5.56223511e+02, 6.11091431e+02, 5.74494751e+02, 6.11484314e+02,
    4.60468170e+02, 6.25778992e+02, 4.79673187e+02, 6.26250122e+02,
    4.98446045e+02, 6.26562622e+02, 5.17418945e+02, 6.27014404e+02,
    5.36178284e+02, 6.27311218e+02, 5.54512756e+02, 6.27767456e+02,
    5.73131897e+02, 6.27967896e+02, 4.58445007e+02, 6.43104492e+02,
    4.77475555e+02, 6.43368225e+02, 4.96623596e+02, 6.43675659e+02,
    5.15548889e+02, 6.43817749e+02, 5.34278015e+02, 6.44287781e+02,
    5.53198425e+02, 6.44498596e+02, 5.71414490e+02, 6.44816040e+02,
    4.56046265e+02, 6.60327515e+02, 4.75422424e+02, 6.60551086e+02,
    4.94606598e+02, 6.60664917e+02, 5.13661743e+02, 6.60994690e+02,
    5.32716003e+02, 6.61164185e+02, 5.51344543e+02, 6.61388977e+02,
    5.70124329e+02, 6.61506897e+02, 4.53835938e+02, 6.77818359e+02,
    4.73366180e+02, 6.77908875e+02, 4.92532745e+02, 6.78173157e+02,
    5.11769958e+02, 6.78222534e+02, 5.30785278e+02, 6.78297241e+02,
    5.49675903e+02, 6.78518250e+02, 5.68504822e+02, 6.78707947e+02,
    4.51596527e+02, 6.95544983e+02, 4.71213623e+02, 6.95755371e+02,
    4.90744537e+02, 6.95765747e+02, 5.10058990e+02, 6.95915894e+02,
    5.28959167e+02, 6.95826660e+02, 5.47980591e+02, 6.95939514e+02,
    5.66924011e+02, 6.95895447e+02 ]
