%YAML:1.0
---
points: [ 3.70974609e+02, 3.18337402e+02, 3.69312927e+02, 3.38603882e+02,
    3.67473938e+02, 3.58967377e+02, 3.65569153e+02, 3.79350677e+02,
    3.64109894e+02, 3.99830078e+02, 3.62122955e+02, 4.20333710e+02,
    3.60269348e+02, 4.41045624e+02, 3.47251038e+02, 3.14608704e+02,
    3.45302826e+02, 3.35131866e+02, 3.43552490e+02, 3.55626282e+02,
    3.41643646e+02, 3.76365906e+02, 3.39782806e+02, 3.96960785e+02,
    3.37940002e+02, 4.17786987e+02, 3.36076691e+02, 4.38673187e+02,
    3.22885864e+02, 3.11099854e+02, 3.21179352e+02, 3.31671265e+02,
    3.19086487e+02, 3.52388855e+02, 3.17258362e+02, 3.73177917e+02,
    3.15416687e+02, 3.94116455e+02, 3.13403107e+02, 4.14943054e+02,
    3.11508881e+02, 4.36115326e+02, 2.98398407e+02, 3.07404541e+02,
    2.96499847e+02, 3.28329346e+02, 2.94508209e+02, 3.49175049e+02,
    2.92436066e+02, 3.70205231e+02, 2.90549591e+02, 3.91199524e+02,
    2.88564636e+02, 4.12424469e+02, 2.86498138e+02, 4.33566437e+02,
    2.73559113e+02, 3.03536591e+02, 2.71386627e+02, 3.24533325e+02,
    2.69358948e+02, 3.45617279e+02, 2.67337372e+02, 3.66765045e+02,
    2.65276459e+02, 3.88124268e+02, 2.63226990e+02, 4.09489532e+02,
    2.60931732e+02, 4.31053802e+02, 2.48233871e+02, 2.99788513e+02,
    2.45846619e+02, 3.21059021e+02, 2.43908752e+02, 3.42354706e+02,
    2.41753021e+02, 3.63661194e+02, 2.39436554e+02, 3.85291687e+02,
    2.37432526e+02, 4.06854645e+02, 2.35175659e+02, 4.28476715e+02,
    2.22408417e+02, 2.96177948e+02, 2.20206680e+02, 3.17501160e+02,
    2.18051025e+02, 3.38997955e+02, 2.15746979e+02, 3.60465240e+02,
    2.13432892e+02, 3.82181671e+02, 2.11349991e+02, 4.03854980e+02,
    2.09059845e+02, 4.25781342e+02, 1.96390717e+02, 2.92289093e+02,
    1.94027649e+02, 3.13686890e+02, 1.91730118e+02, 3.35432922e+02,
    1.89514923e+02, 3.57315033e+02, 1.87233383e+02, 3.79125610e+02,
    1.84800552e+02, 4.01179199e+02, 1.82375778e+02, 4.23182373e+02,
    1.69798630e+02, 2.88356201e+02, 1.67485123e+02, 3.10210968e+02,
    1.64843948e+02, 3.32085327e+02, 1.62609009e+02, 3.53960419e+02,
    1.60259003e+02, 3.76054657e+02, 1.57823715e+02, 3.98159058e+02,
    1.55503174e+02, 4.20418243e+02 ]
