%YAML:1.0
---
points: [ 9.84429398e+01, 2.16087143e+02, 9.60887299e+01, 2.22839615e+02,
    9.40416489e+01, 2.29090591e+02, 9.16185760e+01, 2.36414001e+02,
    8.94661865e+01, 2.43151596e+02, 8.70652313e+01, 2.50320984e+02,
    8.50069809e+01, 2.57116730e+02, 9.09422684e+01, 2.14136520e+02,
    8.89003754e+01, 2.20172363e+02, 8.64624329e+01, 2.27448532e+02,
    8.41248703e+01, 2.34390900e+02, 8.19729462e+01, 2.41444839e+02,
    7.95261841e+01, 2.48300522e+02, 7.73128891e+01, 2.55369690e+02,
    8.35408401e+01, 2.12080902e+02, 8.12685699e+01, 2.18765244e+02,
    7.90191803e+01, 2.25443069e+02, 7.66068420e+01, 2.32631241e+02,
    7.42929306e+01, 2.39295654e+02, 7.19470215e+01, 2.46713043e+02,
    6.97184830e+01, 2.53443878e+02, 7.61595764e+01, 2.10052490e+02,
    7.37565765e+01, 2.16519928e+02, 7.13648605e+01, 2.23627518e+02,
    6.91696625e+01, 2.30568085e+02, 6.67456436e+01, 2.37595947e+02,
    6.43382721e+01, 2.44610931e+02, 6.20672112e+01, 2.51790237e+02,
    6.83774261e+01, 2.07938751e+02, 6.60485382e+01, 2.14765747e+02,
    6.37057610e+01, 2.21710236e+02, 6.12850914e+01, 2.28643524e+02,
    5.90688591e+01, 2.35526642e+02, 5.66027565e+01, 2.42967438e+02,
    5.43302727e+01, 2.49810715e+02, 6.07426376e+01, 2.05774887e+02,
    5.83974876e+01, 2.12624908e+02, 5.60980225e+01, 2.19744293e+02,
    5.36601639e+01, 2.26632172e+02, 5.12080383e+01, 2.33786560e+02,
    4.88778839e+01, 2.40831604e+02, 4.64631958e+01, 2.48086807e+02,
    5.32109489e+01, 2.03666824e+02, 5.07561455e+01, 2.10627914e+02,
    4.82312508e+01, 2.17654892e+02, 4.59187508e+01, 2.24650146e+02,
    4.35083618e+01, 2.31700287e+02, 4.10752029e+01, 2.39035538e+02,
    3.87952003e+01, 2.46120987e+02, 4.53841591e+01, 2.01607773e+02,
    4.30529976e+01, 2.08560120e+02, 4.05873489e+01, 2.15669922e+02,
    3.82230415e+01, 2.22580475e+02, 3.57041779e+01, 2.29851288e+02,
    3.33125534e+01, 2.36892181e+02, 3.08601360e+01, 2.44237869e+02,
    3.78151054e+01, 1.99359375e+02, 3.51988029e+01, 2.06425293e+02,
    3.30112305e+01, 2.13440353e+02, 3.03876114e+01, 2.20663177e+02,
    2.80320759e+01, 2.27642868e+02, 2.55094662e+01, 2.35114426e+02,
    2.32091904e+01, 2.42151184e+02 ]
