%YAML:1.0
---
points: [ 4.39598419e+02, 5.41432190e+02, 4.32804962e+02, 5.61282776e+02,
    4.25973785e+02, 5.81601074e+02, 4.19111816e+02, 6.01820740e+02,
    4.12126373e+02, 6.22398621e+02, 4.04818634e+02, 6.43056152e+02,
    3.97733429e+02, 6.63771545e+02, 4.17241821e+02, 5.35423767e+02,
    4.10325043e+02, 5.55607117e+02, 4.03268677e+02, 5.75859314e+02,
    3.96264191e+02, 5.96431458e+02, 3.88996063e+02, 6.16970825e+02,
    3.81714294e+02, 6.37606812e+02, 3.74548553e+02, 6.58656677e+02,
    3.94428986e+02, 5.29566223e+02, 3.87372101e+02, 5.49823730e+02,
    3.80295105e+02, 5.70338928e+02, 3.72942810e+02, 5.90773682e+02,
    3.65757599e+02, 6.11456421e+02, 3.58423584e+02, 6.32423279e+02,
    3.51068390e+02, 6.53408936e+02, 3.71506531e+02, 5.23577942e+02,
    3.64416718e+02, 5.43995483e+02, 3.57004395e+02, 5.64449585e+02,
    3.49707214e+02, 5.85091858e+02, 3.42341522e+02, 6.05909668e+02,
    3.34868195e+02, 6.26907959e+02, 3.27395477e+02, 6.48221252e+02,
    3.48290375e+02, 5.17534424e+02, 3.40794586e+02, 5.37957031e+02,
    3.33488983e+02, 5.58502502e+02, 3.25913116e+02, 5.79349609e+02,
    3.18534363e+02, 6.00254089e+02, 3.10880035e+02, 6.21471741e+02,
    3.03402710e+02, 6.42647888e+02, 3.24615753e+02, 5.11341400e+02,
    3.17259613e+02, 5.31821472e+02, 3.09642578e+02, 5.52495544e+02,
    3.02194122e+02, 5.73490417e+02, 2.94522186e+02, 5.94477295e+02,
    2.86807373e+02, 6.15785461e+02, 2.79077118e+02, 6.37342773e+02,
    3.00833588e+02, 5.05025970e+02, 2.93345551e+02, 5.25580505e+02,
    2.85612610e+02, 5.46644836e+02, 2.78152924e+02, 5.67381836e+02,
    2.70331207e+02, 5.88774841e+02, 2.62532684e+02, 6.10035767e+02,
    2.54624268e+02, 6.31663513e+02, 2.76907898e+02, 4.98572266e+02,
    2.69265991e+02, 5.19556946e+02, 2.61452576e+02, 5.40407776e+02,
    2.53647522e+02, 5.61583069e+02, 2.45968933e+02, 5.82655884e+02,
    2.37931458e+02, 6.04440857e+02, 2.30088593e+02, 6.25906311e+02,
    2.52514297e+02, 4.92319580e+02, 2.44645935e+02, 5.13179749e+02,
    2.36832825e+02, 5.34348450e+02, 2.29016464e+02, 5.55358459e+02,
    2.20986389e+02, 5.76950867e+02, 2.13064713e+02, 5.98373047e+02,
    2.04858459e+02, 6.20401306e+02 ]
