%YAML:1.0
---
points: [ 1.26060776e+02, 2.39526993e+02, 1.31820892e+02, 2.47375549e+02,
    1.37634827e+02, 2.55280457e+02, 1.43287796e+02, 2.63071259e+02,
    1.49000320e+02, 2.70842926e+02, 1.54667404e+02, 2.78483734e+02,
    1.60294510e+02, 2.86239655e+02, 1.17390953e+02, 2.45208023e+02,
    1.23289986e+02, 2.53228836e+02, 1.29136505e+02, 2.61136414e+02,
    1.34969559e+02, 2.68948730e+02, 1.40698730e+02, 2.76765869e+02,
    1.46447311e+02, 2.84565948e+02, 1.52138519e+02, 2.92305542e+02,
    1.08531052e+02, 2.51102951e+02, 1.14486794e+02, 2.59127625e+02,
    1.20501190e+02, 2.67146393e+02, 1.26334824e+02, 2.75069275e+02,
    1.32271103e+02, 2.82991058e+02, 1.38076263e+02, 2.90794586e+02,
    1.43864334e+02, 2.98609619e+02, 9.95594635e+01, 2.57013733e+02,
    1.05733803e+02, 2.65048035e+02, 1.11617699e+02, 2.73187592e+02,
    1.17724861e+02, 2.81154785e+02, 1.23656845e+02, 2.89184784e+02,
    1.29508667e+02, 2.97097778e+02, 1.35375412e+02, 3.04960663e+02,
    9.03770752e+01, 2.63249847e+02, 9.64390869e+01, 2.71295258e+02,
    1.02739021e+02, 2.79341888e+02, 1.08742455e+02, 2.87451324e+02,
    1.14863777e+02, 2.95507904e+02, 1.20844536e+02, 3.03460693e+02,
    1.26786606e+02, 3.11434570e+02, 8.12334442e+01, 2.68925293e+02,
    8.74856567e+01, 2.77557831e+02, 9.34763641e+01, 2.85702789e+02,
    9.96865997e+01, 2.93821259e+02, 1.05827576e+02, 3.02095520e+02,
    1.11935860e+02, 3.10100067e+02, 1.18015762e+02, 3.18122772e+02,
    7.16881866e+01, 2.75341217e+02, 7.80435791e+01, 2.83912231e+02,
    8.43371506e+01, 2.92208801e+02, 9.05558777e+01, 3.00373169e+02,
    9.67755280e+01, 3.08694763e+02, 1.03023666e+02, 3.16732605e+02,
    1.09082924e+02, 3.24836792e+02, 6.22743111e+01, 2.81942627e+02,
    6.85631485e+01, 2.90328461e+02, 7.50370026e+01, 2.98792358e+02,
    8.12383423e+01, 3.06929840e+02, 8.76060715e+01, 3.15303192e+02,
    9.38019867e+01, 3.23403320e+02, 1.00083229e+02, 3.31623077e+02,
    5.26520844e+01, 2.88463074e+02, 5.91344490e+01, 2.96931702e+02,
    6.54541473e+01, 3.05350037e+02, 7.19087906e+01, 3.13741333e+02,
    7.82284470e+01, 3.21995941e+02, 8.46243744e+01, 3.30295471e+02,
    9.09201050e+01, 3.38400085e+02 ]
