%YAML:1.0
---
points: [ 5.57922119e+02, 5.07598938e+02, 5.45911621e+02, 5.20437439e+02,
    5.33586731e+02, 5.33364136e+02, 5.21250305e+02, 5.46418762e+02,
    5.08631012e+02, 5.59499939e+02, 4.96155609e+02, 5.72790100e+02,
    4.83248932e+02, 5.86279907e+02, 5.44202576e+02, 4.96222717e+02,
    5.31785828e+02, 5.09043030e+02, 5.19518616e+02, 5.21900146e+02,
    5.06918884e+02, 5.35030151e+02, 4.94301605e+02, 5.48190247e+02,
    4.81503662e+02, 5.61494629e+02, 4.68635651e+02, 5.74864929e+02,
    5.30118469e+02, 4.84545776e+02, 5.17741272e+02, 4.97417755e+02,
    5.05138275e+02, 5.10373230e+02, 4.92533020e+02, 5.23472412e+02,
    4.79621094e+02, 5.36630127e+02, 4.66952972e+02, 5.49965210e+02,
    4.53669739e+02, 5.63459839e+02, 5.16024780e+02, 4.72787140e+02,
    5.03405182e+02, 4.85677826e+02, 4.90744293e+02, 4.98649750e+02,
    4.77849182e+02, 5.11763123e+02, 4.65150543e+02, 5.25035278e+02,
    4.51836823e+02, 5.38349915e+02, 4.38853027e+02, 5.51789429e+02,
    5.01451416e+02, 4.60949280e+02, 4.89014526e+02, 4.73793518e+02,
    4.76062195e+02, 4.86818573e+02, 4.63260559e+02, 4.99994476e+02,
    4.50051666e+02, 5.13235718e+02, 4.36950378e+02, 5.26584045e+02,
    4.23509277e+02, 5.40184448e+02, 4.87074493e+02, 4.48980286e+02,
    4.74183105e+02, 4.61835510e+02, 4.61329407e+02, 4.74808075e+02,
    4.48103729e+02, 4.88030945e+02, 4.35051270e+02, 5.01300903e+02,
    4.21553253e+02, 5.14674072e+02, 4.08236176e+02, 5.28230835e+02,
    4.72341064e+02, 4.36789581e+02, 4.59415039e+02, 4.49711487e+02,
    4.46313354e+02, 4.62761505e+02, 4.33198792e+02, 4.75950317e+02,
    4.19735870e+02, 4.89277161e+02, 4.06311584e+02, 5.02606750e+02,
    3.92671204e+02, 5.16229126e+02, 4.57500305e+02, 4.24586182e+02,
    4.44352448e+02, 4.37422180e+02, 4.31155457e+02, 4.50526337e+02,
    4.17710205e+02, 4.63638763e+02, 4.04413452e+02, 4.76952942e+02,
    3.90622101e+02, 4.90399017e+02, 3.77070251e+02, 5.04003540e+02,
    4.42387787e+02, 4.12041107e+02, 4.29266632e+02, 4.25071503e+02,
    4.15740509e+02, 4.38105316e+02, 4.02398926e+02, 4.51351990e+02,
    3.88665222e+02, 4.64568054e+02, 3.75050232e+02, 4.78094574e+02,
    3.61102936e+02, 4.91631622e+02 ]
