%YAML:1.0
---
points: [ 5.62813797e+01, 1.95868027e+02, 6.29857521e+01, 1.99447464e+02,
    7.02983704e+01, 2.02102966e+02, 7.68827362e+01, 2.05565964e+02,
    8.37789001e+01, 2.07717285e+02, 9.13009796e+01, 2.11486328e+02,
    9.68787079e+01, 2.14160873e+02, 5.35948944e+01, 2.01519470e+02,
    6.01847534e+01, 2.04965988e+02, 6.76360474e+01, 2.07458984e+02,
    7.42953415e+01, 2.10884216e+02, 8.08582001e+01, 2.14115005e+02,
    8.82073212e+01, 2.16818069e+02, 9.43001099e+01, 2.20029099e+02,
    4.95967445e+01, 2.08211960e+02, 5.68102913e+01, 2.11088715e+02,
    6.36672935e+01, 2.14458679e+02, 7.11382828e+01, 2.17115784e+02,
    7.74633255e+01, 2.20352844e+02, 8.52193680e+01, 2.22422577e+02,
    9.11607437e+01, 2.26131332e+02, 4.62788582e+01, 2.14430771e+02,
    5.32789536e+01, 2.17749908e+02, 6.04077377e+01, 2.20431900e+02,
    6.75831528e+01, 2.23476959e+02, 7.46033630e+01, 2.26331833e+02,
    8.16007538e+01, 2.29190659e+02, 8.83116989e+01, 2.32131943e+02,
    4.26402473e+01, 2.21072662e+02, 5.00261421e+01, 2.24021439e+02,
    5.71462860e+01, 2.27164581e+02, 6.41916580e+01, 2.30068207e+02,
    7.12876892e+01, 2.33119354e+02, 7.86293869e+01, 2.35391357e+02,
    8.50429916e+01, 2.38609863e+02, 3.92584915e+01, 2.27336792e+02,
    4.62433090e+01, 2.30638870e+02, 5.37008286e+01, 2.33302460e+02,
    6.08500061e+01, 2.36358337e+02, 6.81439972e+01, 2.38990601e+02,
    7.53426056e+01, 2.42058884e+02, 8.21557159e+01, 2.44714645e+02,
    3.56127319e+01, 2.34313324e+02, 4.29961739e+01, 2.37176544e+02,
    5.02384644e+01, 2.40214417e+02, 5.75498848e+01, 2.43056122e+02,
    6.47655563e+01, 2.46019958e+02, 7.20501862e+01, 2.48296432e+02,
    7.87294464e+01, 2.51338791e+02, 3.21861267e+01, 2.40813721e+02,
    3.94904709e+01, 2.43946762e+02, 4.68101234e+01, 2.46615540e+02,
    5.41257019e+01, 2.49675034e+02, 6.12880669e+01, 2.52299911e+02,
    6.86310120e+01, 2.55146667e+02, 7.57954865e+01, 2.57999329e+02,
    2.84946327e+01, 2.47841995e+02, 3.60166626e+01, 2.50384125e+02,
    4.33133698e+01, 2.53421768e+02, 5.06336136e+01, 2.56209595e+02,
    5.81010132e+01, 2.59182220e+02, 6.52527390e+01, 2.61732483e+02,
    7.22735977e+01, 2.64699341e+02 ]
