%YAML:1.0
---
points: [ 3.11860992e+02, 4.82319275e+02, 3.33775909e+02, 4.91519318e+02,
    3.55344299e+02, 5.00630798e+02, 3.76678467e+02, 5.09661804e+02,
    3.97712280e+02, 5.18445374e+02, 4.18570587e+02, 5.27139526e+02,
    4.39084686e+02, 5.35630310e+02, 3.01342407e+02, 5.00618408e+02,
    3.23389587e+02, 5.09695801e+02, 3.45245575e+02, 5.18822266e+02,
    3.66674713e+02, 5.27625061e+02, 3.87903564e+02, 5.36511536e+02,
    4.08866364e+02, 5.45148743e+02, 4.29635620e+02, 5.53550110e+02,
    2.90449158e+02, 5.19205688e+02, 3.12719940e+02, 5.28280518e+02,
    3.34712402e+02, 5.37249207e+02, 3.56489868e+02, 5.46216431e+02,
    3.77918213e+02, 5.54659302e+02, 3.99244141e+02, 5.63421997e+02,
    4.20113281e+02, 5.71706909e+02, 2.79552979e+02, 5.37894226e+02,
    3.02091309e+02, 5.47007568e+02, 3.24349701e+02, 5.55866028e+02,
    3.46304260e+02, 5.64584290e+02, 3.67856079e+02, 5.73350647e+02,
    3.89280426e+02, 5.81665649e+02, 4.10379395e+02, 5.90115784e+02,
    2.68458435e+02, 5.57072632e+02, 2.91247772e+02, 5.66223083e+02,
    3.13608093e+02, 5.74845642e+02, 3.35756226e+02, 5.83587402e+02,
    3.57630188e+02, 5.92068604e+02, 3.79287689e+02, 6.00474182e+02,
    4.00549683e+02, 6.08691467e+02, 2.57261047e+02, 5.76552612e+02,
    2.80118286e+02, 5.85462646e+02, 3.02844635e+02, 5.94307312e+02,
    3.25255493e+02, 6.02656311e+02, 3.47342712e+02, 6.11265137e+02,
    3.69207001e+02, 6.19528748e+02, 3.90621826e+02, 6.27637146e+02,
    2.45785492e+02, 5.96325745e+02, 2.69009430e+02, 6.05103455e+02,
    2.91946655e+02, 6.13621704e+02, 3.14536011e+02, 6.22209412e+02,
    3.36805939e+02, 6.30490173e+02, 3.58805573e+02, 6.38794067e+02,
    3.80555023e+02, 6.46805725e+02, 2.34375305e+02, 6.16258179e+02,
    2.57799744e+02, 6.24805359e+02, 2.80838989e+02, 6.33477600e+02,
    3.03711243e+02, 6.41833069e+02, 3.26189056e+02, 6.50266541e+02,
    3.48314636e+02, 6.58400696e+02, 3.70368622e+02, 6.66457825e+02,
    2.22733536e+02, 6.36559692e+02, 2.46418350e+02, 6.45295715e+02,
    2.69627106e+02, 6.53602783e+02, 2.92629089e+02, 6.62017517e+02,
    3.15400238e+02, 6.70197205e+02, 3.37749146e+02, 6.78290466e+02,
    3.59963440e+02, 6.86185120e+02 ]
