%YAML:1.0
---
points: [ 7.81445389e+01, 2.42557465e+02, 8.76646042e+01, 2.42515182e+02,
    9.68984070e+01, 2.42540604e+02, 1.06510162e+02, 2.42501434e+02,
    1.15949730e+02, 2.42441772e+02, 1.25642433e+02, 2.42323288e+02,
    1.35177032e+02, 2.42277496e+02, 7.86641388e+01, 2.52105499e+02,
    8.78014526e+01, 2.52117996e+02, 9.72978897e+01, 2.52037003e+02,
    1.06764214e+02, 2.51973953e+02, 1.16305618e+02, 2.51876343e+02,
    1.25836334e+02, 2.51814362e+02, 1.35591568e+02, 2.51773972e+02,
    7.87802811e+01, 2.61681824e+02, 8.81515045e+01, 2.61723297e+02,
    9.76711349e+01, 2.61691986e+02, 1.06962181e+02, 2.61739441e+02,
    1.16653122e+02, 2.61752930e+02, 1.26031677e+02, 2.61672577e+02,
    1.35716965e+02, 2.61631836e+02, 7.89877167e+01, 2.71289032e+02,
    8.85614777e+01, 2.71337830e+02, 9.77777100e+01, 2.71291718e+02,
    1.07308594e+02, 2.71220428e+02, 1.16778557e+02, 2.71159637e+02,
    1.26444359e+02, 2.71182434e+02, 1.35860779e+02, 2.71064911e+02,
    7.95807800e+01, 2.80741974e+02, 8.87534790e+01, 2.80688568e+02,
    9.81158676e+01, 2.80800201e+02, 1.07706207e+02, 2.80818542e+02,
    1.17021225e+02, 2.80755341e+02, 1.26673264e+02, 2.80769501e+02,
    1.36192734e+02, 2.80794525e+02, 7.98253250e+01, 2.90274353e+02,
    8.91487732e+01, 2.90536438e+02, 9.86332169e+01, 2.90486084e+02,
    1.07812660e+02, 2.90437683e+02, 1.17416176e+02, 2.90471039e+02,
    1.26831825e+02, 2.90465149e+02, 1.36520432e+02, 2.90350006e+02,
    8.02517395e+01, 2.99776978e+02, 8.95979233e+01, 2.99778687e+02,
    9.87501755e+01, 2.99714447e+02, 1.08150940e+02, 2.99806854e+02,
    1.17717171e+02, 2.99871765e+02, 1.27098427e+02, 2.99761292e+02,
    1.36779236e+02, 2.99844086e+02, 8.06980438e+01, 3.09107971e+02,
    8.98758316e+01, 3.09192566e+02, 9.91647263e+01, 3.09331665e+02,
    1.08603210e+02, 3.09412994e+02, 1.17844086e+02, 3.09479736e+02,
    1.27534637e+02, 3.09581360e+02, 1.36815369e+02, 3.09574951e+02,
    8.11499023e+01, 3.18493286e+02, 9.04080429e+01, 3.18687286e+02,
    9.96405563e+01, 3.18911804e+02, 1.08839142e+02, 3.18689423e+02,
    1.18290993e+02, 3.18852875e+02, 1.27749855e+02, 3.18864716e+02,
    1.37154724e+02, 3.18810364e+02 ]
