%YAML:1.0
---
points: [ 5.35756775e+02, 4.05305145e+02, 5.23544312e+02, 4.17518188e+02,
    5.11243225e+02, 4.30017181e+02, 4.98874756e+02, 4.42436707e+02,
    4.86419342e+02, 4.54917236e+02, 4.73937317e+02, 4.67517670e+02,
    4.61300964e+02, 4.80166870e+02, 5.21897400e+02, 3.93352112e+02,
    5.09548767e+02, 4.05658630e+02, 4.97304413e+02, 4.18058716e+02,
    4.84635254e+02, 4.30551117e+02, 4.72291473e+02, 4.43073608e+02,
    4.59548920e+02, 4.55661072e+02, 4.46917114e+02, 4.68353210e+02,
    5.08023071e+02, 3.81355194e+02, 4.95660187e+02, 3.93633179e+02,
    4.83182556e+02, 4.06124817e+02, 4.70677856e+02, 4.18558105e+02,
    4.57923859e+02, 4.31225891e+02, 4.45401978e+02, 4.43728729e+02,
    4.32474243e+02, 4.56532562e+02, 4.94088715e+02, 3.69165802e+02,
    4.81473907e+02, 3.81590942e+02, 4.69111755e+02, 3.94019348e+02,
    4.56304413e+02, 4.06539886e+02, 4.43655334e+02, 4.19147491e+02,
    4.30772369e+02, 4.31775970e+02, 4.18052002e+02, 4.44465607e+02,
    4.79706177e+02, 3.57054504e+02, 4.67342194e+02, 3.69379272e+02,
    4.54581299e+02, 3.81888367e+02, 4.42009888e+02, 3.94399048e+02,
    4.29171906e+02, 4.06944550e+02, 4.16401398e+02, 4.19619263e+02,
    4.03383820e+02, 4.32380432e+02, 4.65710693e+02, 3.44583679e+02,
    4.52860504e+02, 3.57190948e+02, 4.40355499e+02, 3.69512573e+02,
    4.27343170e+02, 3.82166168e+02, 4.14642853e+02, 3.94668152e+02,
    4.01590302e+02, 4.07414368e+02, 3.88576385e+02, 4.20177307e+02,
    4.51267181e+02, 3.32293427e+02, 4.38673828e+02, 3.44660736e+02,
    4.25700623e+02, 3.57355652e+02, 4.13026031e+02, 3.69800140e+02,
    3.99950256e+02, 3.82513306e+02, 3.87050598e+02, 3.95203674e+02,
    3.73909302e+02, 4.07899414e+02, 4.37001953e+02, 3.19776093e+02,
    4.24029358e+02, 3.32291199e+02, 4.11222748e+02, 3.44735504e+02,
    3.98277496e+02, 3.57446228e+02, 3.85229980e+02, 3.70023010e+02,
    3.72235901e+02, 3.82796570e+02, 3.59071106e+02, 3.95537720e+02,
    4.22312042e+02, 3.07203003e+02, 4.09534393e+02, 3.19653168e+02,
    3.96486511e+02, 3.32284607e+02, 3.83531464e+02, 3.44810852e+02,
    3.70449493e+02, 3.57602844e+02, 3.57308044e+02, 3.70303253e+02,
    3.44159943e+02, 3.83209808e+02 ]
