%YAML:1.0
---
points: [ 8.96226578e+01, 3.14635101e+02, 7.96568527e+01, 3.16561340e+02,
    6.92593079e+01, 3.18763519e+02, 5.87909546e+01, 3.20569733e+02,
    4.80594215e+01, 3.22737915e+02, 3.75647202e+01, 3.24646729e+02,
    2.66719761e+01, 3.26800659e+02, 8.87833939e+01, 3.05185272e+02,
    7.85984650e+01, 3.07196686e+02, 6.82321930e+01, 3.09101471e+02,
    5.77649689e+01, 3.11210938e+02, 4.70716057e+01, 3.12980194e+02,
    3.63567696e+01, 3.15035553e+02, 2.54557590e+01, 3.16619080e+02,
    8.78248978e+01, 2.95916412e+02, 7.76552277e+01, 2.97803192e+02,
    6.72773209e+01, 2.99563141e+02, 5.67071648e+01, 3.01402863e+02,
    4.60069695e+01, 3.03223938e+02, 3.51746025e+01, 3.05000580e+02,
    2.42392673e+01, 3.06949249e+02, 8.69206772e+01, 2.86577423e+02,
    7.67391663e+01, 2.88219421e+02, 6.63347397e+01, 2.90123962e+02,
    5.57059746e+01, 2.91762634e+02, 4.49075966e+01, 2.93401428e+02,
    3.40039482e+01, 2.95166779e+02, 2.31351490e+01, 2.96726990e+02,
    8.61113663e+01, 2.77247986e+02, 7.58326263e+01, 2.78761017e+02,
    6.53526611e+01, 2.80294708e+02, 5.47834587e+01, 2.81977783e+02,
    4.39320717e+01, 2.83525574e+02, 3.29664421e+01, 2.85203552e+02,
    2.20324650e+01, 2.86838745e+02, 8.52126541e+01, 2.67719269e+02,
    7.49716187e+01, 2.69265320e+02, 6.45671768e+01, 2.70671143e+02,
    5.37392616e+01, 2.72239502e+02, 4.29315414e+01, 2.73706299e+02,
    3.19550037e+01, 2.75160522e+02, 2.09073677e+01, 2.76567261e+02,
    8.43702087e+01, 2.58521881e+02, 7.39447479e+01, 2.59610046e+02,
    6.35624657e+01, 2.61243500e+02, 5.28038216e+01, 2.62386505e+02,
    4.19954491e+01, 2.63890106e+02, 3.08668804e+01, 2.65180969e+02,
    1.98381348e+01, 2.66625488e+02, 8.35774231e+01, 2.48989105e+02,
    7.31796951e+01, 2.50366653e+02, 6.26710434e+01, 2.51350739e+02,
    5.18664970e+01, 2.52758362e+02, 4.09786224e+01, 2.53929565e+02,
    2.99850063e+01, 2.55138779e+02, 1.87610664e+01, 2.56406952e+02,
    8.25352020e+01, 2.39763184e+02, 7.24167252e+01, 2.40573975e+02,
    6.18034439e+01, 2.41833206e+02, 5.10525322e+01, 2.42945831e+02,
    4.01288414e+01, 2.44121567e+02, 2.89124622e+01, 2.45145157e+02,
    1.77807636e+01, 2.46353058e+02 ]
