%YAML:1.0
---
points: [ 4.33767670e+02, 1.77048294e+02, 4.49009155e+02, 1.94805664e+02,
    4.64204224e+02, 2.12449936e+02, 4.78910248e+02, 2.29629684e+02,
    4.93595276e+02, 2.46609192e+02, 5.08112000e+02, 2.63359283e+02,
    5.22268372e+02, 2.79761505e+02, 4.17047974e+02, 1.88939011e+02,
    4.32562866e+02, 2.06760162e+02, 4.47870605e+02, 2.24285065e+02,
    4.62943604e+02, 2.41545914e+02, 4.77758759e+02, 2.58512268e+02,
    4.92516083e+02, 2.75262848e+02, 5.06807007e+02, 2.91594818e+02,
    4.00138245e+02, 2.00965256e+02, 4.15890259e+02, 2.18796280e+02,
    4.31402863e+02, 2.36421738e+02, 4.46713562e+02, 2.53558685e+02,
    4.61881195e+02, 2.70571198e+02, 4.76660889e+02, 2.87297852e+02,
    4.91388428e+02, 3.03719879e+02, 3.83060699e+02, 2.13125626e+02,
    3.99048218e+02, 2.31068619e+02, 4.14854767e+02, 2.48493729e+02,
    4.30440582e+02, 2.65769867e+02, 4.45640503e+02, 2.82733215e+02,
    4.60793884e+02, 2.99516296e+02, 4.75579315e+02, 3.15820312e+02,
    3.65700256e+02, 2.25584091e+02, 3.81874237e+02, 2.43359970e+02,
    3.98029175e+02, 2.60980743e+02, 4.13705933e+02, 2.78219910e+02,
    4.29300232e+02, 2.95186493e+02, 4.44550385e+02, 3.11797699e+02,
    4.59611359e+02, 3.28341339e+02, 3.48144196e+02, 2.38140381e+02,
    3.64646210e+02, 2.56025452e+02, 3.80774628e+02, 2.73477020e+02,
    3.96795685e+02, 2.90746979e+02, 4.12557861e+02, 3.07706879e+02,
    4.28144043e+02, 3.24415375e+02, 4.43414459e+02, 3.40761444e+02,
    3.30288788e+02, 2.50885330e+02, 3.47055267e+02, 2.68634094e+02,
    3.63528931e+02, 2.86322296e+02, 3.79656250e+02, 3.03442596e+02,
    3.95701752e+02, 3.20460754e+02, 4.11502930e+02, 3.37031677e+02,
    4.27082855e+02, 3.53525269e+02, 3.12328979e+02, 2.63778839e+02,
    3.29306030e+02, 2.81642090e+02, 3.45930206e+02, 2.99179108e+02,
    3.62503540e+02, 3.16356262e+02, 3.78622742e+02, 3.33271423e+02,
    3.94747437e+02, 3.49949524e+02, 4.10461548e+02, 3.66288269e+02,
    2.93995697e+02, 2.77053589e+02, 3.11251099e+02, 2.94647034e+02,
    3.28277100e+02, 3.12248047e+02, 3.44921143e+02, 3.29452759e+02,
    3.61447601e+02, 3.46391846e+02, 3.77612549e+02, 3.62967468e+02,
    3.93731354e+02, 3.79368530e+02 ]
