%YAML:1.0
---
points: [ 9.64085464e+01, 9.35474701e+01, 1.01782547e+02, 9.95987473e+01,
    1.05808968e+02, 1.05254005e+02, 1.11349602e+02, 1.11163742e+02,
    1.15278046e+02, 1.16638069e+02, 1.20573944e+02, 1.22537247e+02,
    1.24328773e+02, 1.27806023e+02, 9.15459518e+01, 9.74898529e+01,
    9.62516022e+01, 1.03355614e+02, 1.01375900e+02, 1.09155304e+02,
    1.05942055e+02, 1.15049026e+02, 1.10852745e+02, 1.20408585e+02,
    1.15355400e+02, 1.26200653e+02, 1.20245346e+02, 1.31223099e+02,
    8.57753525e+01, 1.01657242e+02, 9.10239105e+01, 1.07377220e+02,
    9.58366394e+01, 1.13234619e+02, 1.00850929e+02, 1.18820839e+02,
    1.05810150e+02, 1.24442619e+02, 1.10703545e+02, 1.30040924e+02,
    1.15132431e+02, 1.35672684e+02, 8.03265610e+01, 1.05738358e+02,
    8.54399033e+01, 1.11503036e+02, 9.05638504e+01, 1.17277817e+02,
    9.52818451e+01, 1.23181160e+02, 1.00470375e+02, 1.28612183e+02,
    1.05287445e+02, 1.34269470e+02, 1.09940498e+02, 1.39654144e+02,
    7.47180862e+01, 1.09906914e+02, 7.97865295e+01, 1.15842667e+02,
    8.48697433e+01, 1.21571243e+02, 8.99601669e+01, 1.27260338e+02,
    9.48136520e+01, 1.33102997e+02, 1.00028114e+02, 1.38382034e+02,
    1.04435127e+02, 1.44139755e+02, 6.91228485e+01, 1.14202629e+02,
    7.41510696e+01, 1.20101685e+02, 7.92068939e+01, 1.25902138e+02,
    8.43507309e+01, 1.31570450e+02, 8.93800201e+01, 1.37245590e+02,
    9.45151443e+01, 1.42713928e+02, 9.94000397e+01, 1.47995193e+02,
    6.32120209e+01, 1.18589745e+02, 6.85755081e+01, 1.24390091e+02,
    7.37254562e+01, 1.30145935e+02, 7.87710114e+01, 1.35925735e+02,
    8.40033646e+01, 1.41416443e+02, 8.89886475e+01, 1.47138687e+02,
    9.38591614e+01, 1.52670792e+02, 5.75608902e+01, 1.23002617e+02,
    6.27407799e+01, 1.28860703e+02, 6.81454010e+01, 1.34433899e+02,
    7.31906815e+01, 1.40209518e+02, 7.83927536e+01, 1.45909500e+02,
    8.35020218e+01, 1.51229645e+02, 8.85809708e+01, 1.56835236e+02,
    5.17496758e+01, 1.27382057e+02, 5.70642052e+01, 1.33174118e+02,
    6.24717445e+01, 1.38967896e+02, 6.75759811e+01, 1.44674988e+02,
    7.30056152e+01, 1.50181763e+02, 7.79412766e+01, 1.55788010e+02,
    8.32135468e+01, 1.61319733e+02 ]
