%YAML:1.0
---
points: [ 5.80786133e+02, 4.29770325e+02, 5.69873047e+02, 4.41333710e+02,
    5.59296509e+02, 4.52642822e+02, 5.48503784e+02, 4.64005615e+02,
    5.38195190e+02, 4.75203003e+02, 5.27710266e+02, 4.86217102e+02,
    5.17495667e+02, 4.97159210e+02, 5.69509888e+02, 4.16463287e+02,
    5.58823547e+02, 4.28005096e+02, 5.48084229e+02, 4.39453552e+02,
    5.37587341e+02, 4.50847870e+02, 5.27081726e+02, 4.62072296e+02,
    5.16724121e+02, 4.73282196e+02, 5.06562592e+02, 4.84088898e+02,
    5.58380432e+02, 4.03198029e+02, 5.47437317e+02, 4.14808746e+02,
    5.37171021e+02, 4.26316620e+02, 5.26424316e+02, 4.37714020e+02,
    5.16344055e+02, 4.48985748e+02, 5.05860016e+02, 4.60233154e+02,
    4.95666229e+02, 4.71298920e+02, 5.47217407e+02, 3.89737518e+02,
    5.36536194e+02, 4.01532867e+02, 5.25940247e+02, 4.13180145e+02,
    5.15620544e+02, 4.24609436e+02, 5.05284912e+02, 4.35894897e+02,
    4.94924561e+02, 4.47286163e+02, 4.85108429e+02, 4.58167664e+02,
    5.36069580e+02, 3.76549438e+02, 5.25410461e+02, 3.88240967e+02,
    5.15033508e+02, 3.99993713e+02, 5.04696991e+02, 4.11377167e+02,
    4.94351501e+02, 4.22856323e+02, 4.84307709e+02, 4.34014771e+02,
    4.74109863e+02, 4.45337067e+02, 5.24682800e+02, 3.63231476e+02,
    5.14411743e+02, 3.75053162e+02, 5.04006958e+02, 3.86643311e+02,
    4.93592010e+02, 3.98392273e+02, 4.83415680e+02, 4.09738708e+02,
    4.73397736e+02, 4.21191956e+02, 4.63298737e+02, 4.32320435e+02,
    5.13695007e+02, 3.50142090e+02, 5.03330750e+02, 3.61852417e+02,
    4.93089966e+02, 3.73628845e+02, 4.82769928e+02, 3.85220306e+02,
    4.72630219e+02, 3.96732819e+02, 4.62792786e+02, 4.08103607e+02,
    4.52726227e+02, 4.19407654e+02, 5.02510559e+02, 3.36662628e+02,
    4.92335510e+02, 3.48662628e+02, 4.82150574e+02, 3.60378326e+02,
    4.71745880e+02, 3.72307007e+02, 4.62197662e+02, 3.83601227e+02,
    4.51826599e+02, 3.95227692e+02, 4.42013367e+02, 4.06577728e+02,
    4.91569000e+02, 3.23529877e+02, 4.81205994e+02, 3.35502960e+02,
    4.71145508e+02, 3.47411285e+02, 4.61233124e+02, 3.59071014e+02,
    4.51194763e+02, 3.70657593e+02, 4.41298859e+02, 3.82298279e+02,
    4.31587433e+02, 3.93551727e+02 ]
