%YAML:1.0
---
points: [ 8.93776779e+01, 6.47555237e+01, 9.50615768e+01, 6.86536713e+01,
    1.01383392e+02, 7.26508560e+01, 1.07486359e+02, 7.68443985e+01,
    1.13960373e+02, 8.08980484e+01, 1.20204430e+02, 8.50941772e+01,
    1.26412209e+02, 8.91529160e+01, 8.62382278e+01, 7.11592712e+01,
    9.22885437e+01, 7.55327225e+01, 9.83691101e+01, 7.92509384e+01,
    1.04567001e+02, 8.34790268e+01, 1.10871231e+02, 8.73387070e+01,
    1.17242012e+02, 9.16137695e+01, 1.23489784e+02, 9.58231659e+01,
    8.35098648e+01, 7.82060776e+01, 8.92730713e+01, 8.20055695e+01,
    9.55385971e+01, 8.62205658e+01, 1.01506638e+02, 9.04770660e+01,
    1.07931831e+02, 9.42554932e+01, 1.14111900e+02, 9.82822037e+01,
    1.20227280e+02, 1.02510796e+02, 8.03199158e+01, 8.50833206e+01,
    8.64049835e+01, 8.89527283e+01, 9.24928360e+01, 9.24031448e+01,
    9.86341095e+01, 9.66385498e+01, 1.05062424e+02, 1.00381348e+02,
    1.11170197e+02, 1.04750404e+02, 1.17341423e+02, 1.08968292e+02,
    7.76864319e+01, 9.12002106e+01, 8.35247421e+01, 9.52319489e+01,
    8.97075195e+01, 9.96571732e+01, 9.57477722e+01, 1.03239136e+02,
    1.01967995e+02, 1.07266991e+02, 1.08249130e+02, 1.11056496e+02,
    1.14265182e+02, 1.15533958e+02, 7.49091415e+01, 9.71649399e+01,
    8.07712402e+01, 1.02176491e+02, 8.68773956e+01, 1.05575607e+02,
    9.30358124e+01, 1.09757874e+02, 9.91150894e+01, 1.13869598e+02,
    1.05300362e+02, 1.18129677e+02, 1.11456940e+02, 1.22002724e+02,
    7.26026917e+01, 1.04004829e+02, 7.81781616e+01, 1.08382225e+02,
    8.40899963e+01, 1.12084305e+02, 9.02437286e+01, 1.16126579e+02,
    9.63677444e+01, 1.20148613e+02, 1.02372795e+02, 1.24309219e+02,
    1.08494743e+02, 1.28265686e+02, 6.96347961e+01, 1.10503380e+02,
    7.55258484e+01, 1.13980682e+02, 8.14688187e+01, 1.18136391e+02,
    8.75498810e+01, 1.21873444e+02, 9.37614822e+01, 1.25871788e+02,
    9.96550827e+01, 1.30104492e+02, 1.05887817e+02, 1.34169464e+02,
    6.75758438e+01, 1.16154442e+02, 7.31150360e+01, 1.19495842e+02,
    7.88724213e+01, 1.24433533e+02, 8.49008713e+01, 1.27772980e+02,
    9.09355240e+01, 1.32850235e+02, 9.70333176e+01, 1.35973099e+02,
    1.02860298e+02, 1.40752441e+02 ]
