%YAML:1.0
---
points: [ 5.67454956e+02, 4.40539215e+02, 5.55387207e+02, 4.50620911e+02,
    5.42860779e+02, 4.60968597e+02, 5.30514343e+02, 4.71511658e+02,
    5.17693237e+02, 4.82110138e+02, 5.04723328e+02, 4.93039673e+02,
    4.91542816e+02, 5.03999908e+02, 5.55202881e+02, 4.28404114e+02,
    5.42812805e+02, 4.38397003e+02, 5.30473694e+02, 4.48668549e+02,
    5.17659485e+02, 4.59071411e+02, 5.04785553e+02, 4.69671570e+02,
    4.91662964e+02, 4.80429565e+02, 4.78441101e+02, 4.91435425e+02,
    5.42724731e+02, 4.15944214e+02, 5.30375793e+02, 4.26152039e+02,
    5.17704285e+02, 4.36244507e+02, 5.04886047e+02, 4.46687256e+02,
    4.91776794e+02, 4.57210571e+02, 4.78587646e+02, 4.67931274e+02,
    4.65023926e+02, 4.78746582e+02, 5.30344727e+02, 4.03733643e+02,
    5.17601807e+02, 4.13707886e+02, 5.04967346e+02, 4.23812225e+02,
    4.91902252e+02, 4.34107880e+02, 4.78767975e+02, 4.44584045e+02,
    4.65274841e+02, 4.55222595e+02, 4.51697571e+02, 4.66080872e+02,
    5.17717163e+02, 3.91204254e+02, 5.04927979e+02, 4.01208710e+02,
    4.91953918e+02, 4.11222626e+02, 4.78847687e+02, 4.21502045e+02,
    4.65500092e+02, 4.31867371e+02, 4.51917694e+02, 4.42465729e+02,
    4.37988129e+02, 4.53204132e+02, 5.04889160e+02, 3.78707306e+02,
    4.92055756e+02, 3.88513428e+02, 4.78988220e+02, 3.98567596e+02,
    4.65628937e+02, 4.08667145e+02, 4.52243622e+02, 4.19132019e+02,
    4.38355011e+02, 4.29564453e+02, 4.24481110e+02, 4.40318298e+02,
    4.92228088e+02, 3.66025269e+02, 4.79235168e+02, 3.75822754e+02,
    4.65975800e+02, 3.85647186e+02, 4.52513275e+02, 3.95938812e+02,
    4.38734711e+02, 4.06177216e+02, 4.24954681e+02, 4.16646362e+02,
    4.10655457e+02, 4.27301453e+02, 4.79250610e+02, 3.53407227e+02,
    4.66151276e+02, 3.62967468e+02, 4.52697540e+02, 3.72950867e+02,
    4.39130585e+02, 3.82967438e+02, 4.25331268e+02, 3.93270508e+02,
    4.11135956e+02, 4.03611389e+02, 3.96900391e+02, 4.14267548e+02,
    4.66273743e+02, 3.40405884e+02, 4.52990265e+02, 3.50170593e+02,
    4.39427673e+02, 3.59869720e+02, 4.25690735e+02, 3.70008911e+02,
    4.11615570e+02, 3.80144928e+02, 3.97485474e+02, 3.90462982e+02,
    3.82897003e+02, 4.00955841e+02 ]
