%YAML:1.0
---
points: [ 3.33525581e+01, 1.73738510e+02, 4.38168373e+01, 1.74896118e+02,
    5.44289818e+01, 1.76213303e+02, 6.47842789e+01, 1.77414200e+02,
    7.53478088e+01, 1.78692581e+02, 8.58407135e+01, 1.79761154e+02,
    9.62148132e+01, 1.81174316e+02, 3.10808964e+01, 1.82525360e+02,
    4.16780357e+01, 1.83941925e+02, 5.23588181e+01, 1.84892044e+02,
    6.29794846e+01, 1.86169434e+02, 7.36041870e+01, 1.87347687e+02,
    8.41745758e+01, 1.88574631e+02, 9.45319977e+01, 1.89799133e+02,
    2.87550621e+01, 1.91687943e+02, 3.95990486e+01, 1.92793442e+02,
    5.02787247e+01, 1.93872528e+02, 6.09919853e+01, 1.95234314e+02,
    7.17370071e+01, 1.96326416e+02, 8.23382263e+01, 1.97579483e+02,
    9.30299149e+01, 1.98525543e+02, 2.66438560e+01, 2.00785477e+02,
    3.73519897e+01, 2.02090363e+02, 4.81514435e+01, 2.03166397e+02,
    5.90632553e+01, 2.04270767e+02, 7.00207977e+01, 2.05370438e+02,
    8.05732651e+01, 2.06459930e+02, 9.13695450e+01, 2.07582397e+02,
    2.42994881e+01, 2.10468002e+02, 3.52141838e+01, 2.11303970e+02,
    4.60590286e+01, 2.12618134e+02, 5.71548462e+01, 2.13649612e+02,
    6.80695419e+01, 2.14808762e+02, 7.88815002e+01, 2.15784836e+02,
    8.97429352e+01, 2.16972443e+02, 2.19630833e+01, 2.19870102e+02,
    3.29251633e+01, 2.21197998e+02, 4.39953423e+01, 2.22041016e+02,
    5.52167397e+01, 2.23297394e+02, 6.60078201e+01, 2.24195343e+02,
    7.70803070e+01, 2.25263229e+02, 8.81072922e+01, 2.26193985e+02,
    1.95760403e+01, 2.30073700e+02, 3.06440926e+01, 2.30837341e+02,
    4.18586044e+01, 2.32091705e+02, 5.30912704e+01, 2.32819077e+02,
    6.41752319e+01, 2.34063187e+02, 7.52581787e+01, 2.34849442e+02,
    8.63397827e+01, 2.35861252e+02, 1.73257427e+01, 2.39781647e+02,
    2.83682652e+01, 2.40956436e+02, 3.97030792e+01, 2.41862701e+02,
    5.10291672e+01, 2.42861221e+02, 6.22518501e+01, 2.43797760e+02,
    7.34773331e+01, 2.44658463e+02, 8.45363159e+01, 2.45686920e+02,
    1.48734465e+01, 2.50321289e+02, 2.62603283e+01, 2.51132797e+02,
    3.75470886e+01, 2.52197266e+02, 4.88905525e+01, 2.53002670e+02,
    6.02408485e+01, 2.53770325e+02, 7.15846100e+01, 2.54792755e+02,
    8.28056030e+01, 2.55662216e+02 ]
