%YAML:1.0
---
points: [ 4.03719757e+02, 8.83222275e+01, 4.22990753e+02, 1.01276329e+02,
    4.42054047e+02, 1.13890053e+02, 4.61262939e+02, 1.26618126e+02,
    4.80465515e+02, 1.39514862e+02, 4.99648590e+02, 1.52344131e+02,
    5.18966675e+02, 1.65231979e+02, 3.95619873e+02, 1.09221176e+02,
    4.14523315e+02, 1.21609314e+02, 4.33596069e+02, 1.34392242e+02,
    4.52618805e+02, 1.47052872e+02, 4.71846893e+02, 1.59780579e+02,
    4.91055939e+02, 1.72488434e+02, 5.10258026e+02, 1.85349457e+02,
    3.87329193e+02, 1.29448486e+02, 4.06351013e+02, 1.42125153e+02,
    4.25289673e+02, 1.54575958e+02, 4.44339935e+02, 1.67255493e+02,
    4.63297485e+02, 1.79800262e+02, 4.82411530e+02, 1.92471573e+02,
    5.01414124e+02, 2.05114883e+02, 3.79324310e+02, 1.49471695e+02,
    3.98296082e+02, 1.62018219e+02, 4.17160278e+02, 1.74453873e+02,
    4.36068420e+02, 1.87051041e+02, 4.55053864e+02, 1.99567230e+02,
    4.73786713e+02, 2.12069824e+02, 4.93005219e+02, 2.24637848e+02,
    3.71450531e+02, 1.69391006e+02, 3.90336456e+02, 1.81798294e+02,
    4.09101715e+02, 1.94231750e+02, 4.27833954e+02, 2.06614136e+02,
    4.46671844e+02, 2.18994476e+02, 4.65601166e+02, 2.31501785e+02,
    4.84425049e+02, 2.43828506e+02, 3.63652863e+02, 1.88941422e+02,
    3.82380829e+02, 2.01352493e+02, 4.01149109e+02, 2.13638474e+02,
    4.19877167e+02, 2.25917984e+02, 4.38608368e+02, 2.38366241e+02,
    4.57386200e+02, 2.50614243e+02, 4.76136414e+02, 2.63085144e+02,
    3.56177246e+02, 2.08415878e+02, 3.74668640e+02, 2.20512863e+02,
    3.93456787e+02, 2.32787445e+02, 4.12041687e+02, 2.45194519e+02,
    4.30583374e+02, 2.57322235e+02, 4.49289642e+02, 2.69522003e+02,
    4.67821014e+02, 2.81645782e+02, 3.48662933e+02, 2.27359985e+02,
    3.67252380e+02, 2.39521576e+02, 3.85688751e+02, 2.51753296e+02,
    4.04144135e+02, 2.63823792e+02, 4.22695984e+02, 2.76005096e+02,
    4.41220642e+02, 2.87996094e+02, 4.59725586e+02, 3.00247742e+02,
    3.41299072e+02, 2.46347412e+02, 3.59678101e+02, 2.58358582e+02,
    3.78104218e+02, 2.70352692e+02, 3.96521606e+02, 2.82509583e+02,
    4.14830292e+02, 2.94329803e+02, 4.33325897e+02, 3.06560455e+02,
    4.51579956e+02, 3.18453766e+02 ]
