%YAML:1.0
---
points: [ 5.42645752e+02, 4.26862885e+02, 5.41721558e+02, 4.43581024e+02,
    5.40747498e+02, 4.60291351e+02, 5.39745483e+02, 4.76905548e+02,
    5.38922668e+02, 4.93555145e+02, 5.37967041e+02, 5.10319763e+02,
    5.37130493e+02, 5.27178894e+02, 5.25761353e+02, 4.24895233e+02,
    5.24719910e+02, 4.41826416e+02, 5.23736816e+02, 4.58757233e+02,
    5.22857361e+02, 4.75685883e+02, 5.22062439e+02, 4.92435577e+02,
    5.20994934e+02, 5.09377472e+02, 5.20018311e+02, 5.26268188e+02,
    5.08561066e+02, 4.23196503e+02, 5.07570068e+02, 4.40082458e+02,
    5.06690002e+02, 4.57259705e+02, 5.05707001e+02, 4.74415009e+02,
    5.04772430e+02, 4.91544647e+02, 5.03634766e+02, 5.08483002e+02,
    5.02651733e+02, 5.25511475e+02, 4.90981018e+02, 4.21174377e+02,
    4.90170685e+02, 4.38535889e+02, 4.89099518e+02, 4.55648315e+02,
    4.88116455e+02, 4.73001160e+02, 4.86976898e+02, 4.90328735e+02,
    4.86094543e+02, 5.07517548e+02, 4.85213226e+02, 5.24700134e+02,
    4.72962921e+02, 4.19173523e+02, 4.71743530e+02, 4.36577637e+02,
    4.70889557e+02, 4.54302063e+02, 4.70012482e+02, 4.71614349e+02,
    4.68992065e+02, 4.89120667e+02, 4.68022888e+02, 5.06607574e+02,
    4.66877014e+02, 5.24075989e+02, 4.54471069e+02, 4.17230286e+02,
    4.53484985e+02, 4.34733398e+02, 4.52521057e+02, 4.52529968e+02,
    4.51494232e+02, 4.70357971e+02, 4.50370850e+02, 4.87790649e+02,
    4.49410645e+02, 5.05556763e+02, 4.48395874e+02, 5.23349792e+02,
    4.35569336e+02, 4.15043579e+02, 4.34556610e+02, 4.33030792e+02,
    4.33592224e+02, 4.50865936e+02, 4.32664642e+02, 4.68759796e+02,
    4.31632721e+02, 4.86648468e+02, 4.30494843e+02, 5.04417755e+02,
    4.29446564e+02, 5.22494080e+02, 4.16376801e+02, 4.12982452e+02,
    4.15347107e+02, 4.31121765e+02, 4.14318817e+02, 4.49242798e+02,
    4.13236694e+02, 4.67299957e+02, 4.12297668e+02, 4.85451721e+02,
    4.11270874e+02, 5.03509583e+02, 4.10031189e+02, 5.21614319e+02,
    3.96608002e+02, 4.10834778e+02, 3.95667053e+02, 4.29187469e+02,
    3.94570587e+02, 4.47526123e+02, 3.93462982e+02, 4.65784973e+02,
    3.92381897e+02, 4.84144135e+02, 3.91314270e+02, 5.02408081e+02,
    3.90244385e+02, 5.20632507e+02 ]
