%YAML:1.0
---
points: [ 3.23477692e+02, 4.19321838e+02, 3.44925476e+02, 4.36553467e+02,
    3.66534424e+02, 4.53758209e+02, 3.87632935e+02, 4.70818573e+02,
    4.08807159e+02, 4.87624695e+02, 4.29682098e+02, 5.04488434e+02,
    4.50668549e+02, 5.21064331e+02, 3.05911285e+02, 4.38424469e+02,
    3.27669464e+02, 4.55746002e+02, 3.48968658e+02, 4.72881836e+02,
    3.70400848e+02, 4.89740021e+02, 3.91705322e+02, 5.06542816e+02,
    4.12715942e+02, 5.23272888e+02, 4.33544098e+02, 5.39726624e+02,
    2.88613220e+02, 4.57683380e+02, 3.10184906e+02, 4.74868774e+02,
    3.31818207e+02, 4.91949890e+02, 3.53102234e+02, 5.08753632e+02,
    3.74425140e+02, 5.25449768e+02, 3.95513184e+02, 5.42158691e+02,
    4.16652283e+02, 5.58499390e+02, 2.71140442e+02, 4.76826813e+02,
    2.93126434e+02, 4.94024811e+02, 3.14443451e+02, 5.10910889e+02,
    3.36031036e+02, 5.27684875e+02, 3.57365479e+02, 5.44427124e+02,
    3.78603882e+02, 5.60799500e+02, 3.99474670e+02, 5.77153198e+02,
    2.53672546e+02, 4.96263763e+02, 2.75566315e+02, 5.13200439e+02,
    2.97393616e+02, 5.30117676e+02, 3.18688385e+02, 5.46794983e+02,
    3.40192444e+02, 5.63250244e+02, 3.61395538e+02, 5.79676453e+02,
    3.82647430e+02, 5.95927246e+02, 2.36473816e+02, 5.15507751e+02,
    2.58228851e+02, 5.32340454e+02, 2.80042328e+02, 5.49271362e+02,
    3.01687836e+02, 5.65783020e+02, 3.23194641e+02, 5.82414307e+02,
    3.44512848e+02, 5.98646667e+02, 3.65460083e+02, 6.14789673e+02,
    2.19263718e+02, 5.34664001e+02, 2.41185349e+02, 5.51680969e+02,
    2.62773743e+02, 5.68268127e+02, 2.84353424e+02, 5.84759277e+02,
    3.05956818e+02, 6.01206116e+02, 3.27242584e+02, 6.17420410e+02,
    3.48549805e+02, 6.33554688e+02, 2.02238846e+02, 5.53792358e+02,
    2.24066696e+02, 5.70765076e+02, 2.45861984e+02, 5.87410889e+02,
    2.67458405e+02, 6.03786743e+02, 2.88859131e+02, 6.20228943e+02,
    3.10383636e+02, 6.36334839e+02, 3.31526215e+02, 6.52425232e+02,
    1.85135605e+02, 5.73291321e+02, 2.06813141e+02, 5.89903015e+02,
    2.28740021e+02, 6.06532471e+02, 2.50436035e+02, 6.22942932e+02,
    2.72075226e+02, 6.39249268e+02, 2.93350159e+02, 6.55227722e+02,
    3.14578369e+02, 6.71103943e+02 ]
