%YAML:1.0
---
points: [ 6.33237457e+01, 1.74830429e+02, 7.03671722e+01, 1.80619598e+02,
    7.72587204e+01, 1.86348633e+02, 8.42941895e+01, 1.92127441e+02,
    9.12165833e+01, 1.97785339e+02, 9.81739349e+01, 2.03395889e+02,
    1.05003410e+02, 2.08943039e+02, 5.77496529e+01, 1.81254272e+02,
    6.45845642e+01, 1.87110168e+02, 7.16546707e+01, 1.92774109e+02,
    7.85659485e+01, 1.98525604e+02, 8.55521469e+01, 2.04116333e+02,
    9.25000000e+01, 2.09738525e+02, 9.93426590e+01, 2.15279419e+02,
    5.19212875e+01, 1.87831177e+02, 5.90124931e+01, 1.93465729e+02,
    6.59286575e+01, 1.99233276e+02, 7.29575043e+01, 2.04849747e+02,
    7.98330154e+01, 2.10585785e+02, 8.68594742e+01, 2.16116348e+02,
    9.36874771e+01, 2.21659103e+02, 4.63184319e+01, 1.94216705e+02,
    5.32471924e+01, 1.99986176e+02, 6.03095856e+01, 2.05590073e+02,
    6.71869888e+01, 2.11307358e+02, 7.42671432e+01, 2.16848282e+02,
    8.11522064e+01, 2.22364883e+02, 8.81875534e+01, 2.27880600e+02,
    4.06495094e+01, 2.00730637e+02, 4.76365623e+01, 2.06425095e+02,
    5.46042137e+01, 2.12127808e+02, 6.15655518e+01, 2.17676697e+02,
    6.85137634e+01, 2.23262329e+02, 7.55413361e+01, 2.28770996e+02,
    8.23230438e+01, 2.34331879e+02, 3.52112923e+01, 2.07206879e+02,
    4.20707703e+01, 2.12859299e+02, 4.90588150e+01, 2.18456375e+02,
    5.60540466e+01, 2.24101959e+02, 6.28330574e+01, 2.29612274e+02,
    6.98980637e+01, 2.35197342e+02, 7.68589554e+01, 2.40596893e+02,
    2.96369743e+01, 2.13689453e+02, 3.66163826e+01, 2.19288345e+02,
    4.34927788e+01, 2.24917633e+02, 5.04326248e+01, 2.30478348e+02,
    5.73712807e+01, 2.35949783e+02, 6.42437439e+01, 2.41461182e+02,
    7.11986008e+01, 2.46990005e+02, 2.43313847e+01, 2.20100632e+02,
    3.11070328e+01, 2.25733032e+02, 3.81550522e+01, 2.31227615e+02,
    4.49049225e+01, 2.36820862e+02, 5.20244942e+01, 2.42298920e+02,
    5.87362137e+01, 2.47791565e+02, 6.57161636e+01, 2.53175232e+02,
    1.88570995e+01, 2.26489822e+02, 2.58852196e+01, 2.32050613e+02,
    3.25570869e+01, 2.37733353e+02, 3.96454124e+01, 2.43154724e+02,
    4.63361320e+01, 2.48613831e+02, 5.33486023e+01, 2.54107147e+02,
    6.01441498e+01, 2.59591675e+02 ]
