%YAML:1.0
---
points: [ 1.03821281e+02, 1.37181122e+02, 1.11973076e+02, 1.45056152e+02,
    1.20029457e+02, 1.52827164e+02, 1.27845367e+02, 1.60416122e+02,
    1.35628754e+02, 1.67961945e+02, 1.43267700e+02, 1.75278717e+02,
    1.50774063e+02, 1.82425842e+02, 9.59314270e+01, 1.44191376e+02,
    1.04225128e+02, 1.52125381e+02, 1.12356415e+02, 1.59933868e+02,
    1.20421028e+02, 1.67524948e+02, 1.28246826e+02, 1.74996597e+02,
    1.36015991e+02, 1.82275620e+02, 1.43605515e+02, 1.89451355e+02,
    8.80207977e+01, 1.51441696e+02, 9.63558350e+01, 1.59311279e+02,
    1.04648827e+02, 1.67115295e+02, 1.12774155e+02, 1.74673462e+02,
    1.20762306e+02, 1.82160049e+02, 1.28631775e+02, 1.89409210e+02,
    1.36392212e+02, 1.96591782e+02, 7.99469681e+01, 1.58790421e+02,
    8.84668350e+01, 1.66639740e+02, 9.68275681e+01, 1.74380646e+02,
    1.05143753e+02, 1.82011490e+02, 1.13266136e+02, 1.89325394e+02,
    1.21251808e+02, 1.96670303e+02, 1.29076828e+02, 2.03800323e+02,
    7.17308960e+01, 1.66266571e+02, 8.02864838e+01, 1.74184189e+02,
    8.88694839e+01, 1.81856567e+02, 9.72368927e+01, 1.89349823e+02,
    1.05510986e+02, 1.96757355e+02, 1.13639946e+02, 2.04114334e+02,
    1.21635941e+02, 2.11229080e+02, 6.33716812e+01, 1.73847763e+02,
    7.22277756e+01, 1.81707153e+02, 8.06812134e+01, 1.89382584e+02,
    8.92430267e+01, 1.96917404e+02, 9.76843262e+01, 2.04286453e+02,
    1.05963646e+02, 2.11572845e+02, 1.14003471e+02, 2.18707016e+02,
    5.49456940e+01, 1.81608994e+02, 6.37782631e+01, 1.89245178e+02,
    7.27628708e+01, 1.97246918e+02, 8.12028656e+01, 2.04424271e+02,
    8.97937164e+01, 2.12008835e+02, 9.80945969e+01, 2.19237854e+02,
    1.06375092e+02, 2.26337265e+02, 4.65459633e+01, 1.89429382e+02,
    5.56180725e+01, 1.97112686e+02, 6.42313309e+01, 2.04661163e+02,
    7.30156174e+01, 2.12474976e+02, 8.17363129e+01, 2.19797256e+02,
    9.03052368e+01, 2.26888474e+02, 9.85542526e+01, 2.34012085e+02,
    3.80346680e+01, 1.97379593e+02, 4.71600838e+01, 2.05234222e+02,
    5.59962959e+01, 2.12702454e+02, 6.48330154e+01, 2.20305542e+02,
    7.36057816e+01, 2.27395172e+02, 8.21864471e+01, 2.34825958e+02,
    9.07295532e+01, 2.42010056e+02 ]
