%YAML:1.0
---
points: [ 9.06273651e+01, 1.12452415e+02, 9.98626785e+01, 1.15497101e+02,
    1.09079117e+02, 1.18628380e+02, 1.18202744e+02, 1.21696854e+02,
    1.27349319e+02, 1.24789230e+02, 1.36478714e+02, 1.27824478e+02,
    1.45519943e+02, 1.31003250e+02, 8.75331879e+01, 1.20990936e+02,
    9.67809525e+01, 1.24124641e+02, 1.06090370e+02, 1.27110977e+02,
    1.15219673e+02, 1.30199646e+02, 1.24360970e+02, 1.33261139e+02,
    1.33528732e+02, 1.36295792e+02, 1.42619247e+02, 1.39413971e+02,
    8.42867050e+01, 1.29597473e+02, 9.36189957e+01, 1.32646194e+02,
    1.02916306e+02, 1.35731598e+02, 1.12169098e+02, 1.38736084e+02,
    1.21325569e+02, 1.41871124e+02, 1.30563248e+02, 1.44907654e+02,
    1.39705414e+02, 1.47968292e+02, 8.11566620e+01, 1.38211609e+02,
    9.04599380e+01, 1.41310669e+02, 9.97532806e+01, 1.44299698e+02,
    1.09103065e+02, 1.47351715e+02, 1.18329834e+02, 1.50377823e+02,
    1.27586266e+02, 1.53431931e+02, 1.36760635e+02, 1.56469330e+02,
    7.79088745e+01, 1.47023590e+02, 8.73206482e+01, 1.50032227e+02,
    9.66740570e+01, 1.53052246e+02, 1.06035973e+02, 1.56067291e+02,
    1.15316696e+02, 1.59121643e+02, 1.24604187e+02, 1.62101028e+02,
    1.33835953e+02, 1.65141876e+02, 7.48165131e+01, 1.55772430e+02,
    8.41751480e+01, 1.58790787e+02, 9.35074539e+01, 1.61809540e+02,
    1.02974899e+02, 1.64808548e+02, 1.12287086e+02, 1.67801453e+02,
    1.21577011e+02, 1.70787842e+02, 1.30809067e+02, 1.73707001e+02,
    7.15056686e+01, 1.64700867e+02, 8.10292969e+01, 1.67612244e+02,
    9.03556976e+01, 1.70597885e+02, 9.98498993e+01, 1.73542160e+02,
    1.09191803e+02, 1.76537888e+02, 1.18579994e+02, 1.79543961e+02,
    1.27871552e+02, 1.82371109e+02, 6.83245850e+01, 1.73462570e+02,
    7.78128510e+01, 1.76503296e+02, 8.72811203e+01, 1.79429062e+02,
    9.67101517e+01, 1.82392242e+02, 1.06188065e+02, 1.85291534e+02,
    1.15497276e+02, 1.88266769e+02, 1.24838142e+02, 1.91181152e+02,
    6.51438293e+01, 1.82507889e+02, 7.46910019e+01, 1.85357651e+02,
    8.41101151e+01, 1.88357239e+02, 9.35597382e+01, 1.91271530e+02,
    1.03126213e+02, 1.94159241e+02, 1.12433174e+02, 1.97113312e+02,
    1.21811752e+02, 2.00000900e+02 ]
