%YAML:1.0
---
points: [ 1.06209015e+02, 1.00349525e+02, 1.15160553e+02, 1.04299179e+02,
    1.24146141e+02, 1.08390556e+02, 1.33176483e+02, 1.12486404e+02,
    1.42104141e+02, 1.16497421e+02, 1.51140533e+02, 1.20571243e+02,
    1.60054428e+02, 1.24671448e+02, 1.03011475e+02, 1.09425018e+02,
    1.11908318e+02, 1.13460533e+02, 1.20864685e+02, 1.17445412e+02,
    1.29746658e+02, 1.21517342e+02, 1.38798141e+02, 1.25555840e+02,
    1.47762039e+02, 1.29678574e+02, 1.56739182e+02, 1.33654022e+02,
    9.96886520e+01, 1.18565674e+02, 1.08611519e+02, 1.22511467e+02,
    1.17583031e+02, 1.26549149e+02, 1.26475822e+02, 1.30577316e+02,
    1.35483292e+02, 1.34552017e+02, 1.44371857e+02, 1.38503525e+02,
    1.53288376e+02, 1.42555206e+02, 9.64937744e+01, 1.27522240e+02,
    1.05389725e+02, 1.31464050e+02, 1.14317772e+02, 1.35411057e+02,
    1.23276825e+02, 1.39403442e+02, 1.32177032e+02, 1.43398361e+02,
    1.41129990e+02, 1.47351318e+02, 1.50047989e+02, 1.51286057e+02,
    9.33538895e+01, 1.36425674e+02, 1.02260399e+02, 1.40380997e+02,
    1.11182106e+02, 1.44304932e+02, 1.20085640e+02, 1.48255707e+02,
    1.28928146e+02, 1.52198807e+02, 1.37839020e+02, 1.56186996e+02,
    1.46702835e+02, 1.60108398e+02, 9.02635498e+01, 1.45288315e+02,
    9.91827087e+01, 1.49193726e+02, 1.08065025e+02, 1.53140167e+02,
    1.16857666e+02, 1.57022934e+02, 1.25715942e+02, 1.60930176e+02,
    1.34536713e+02, 1.64839508e+02, 1.43372574e+02, 1.68741791e+02,
    8.72398148e+01, 1.54087448e+02, 9.60596161e+01, 1.57888824e+02,
    1.04900757e+02, 1.61791016e+02, 1.13673065e+02, 1.65668915e+02,
    1.22493660e+02, 1.69535202e+02, 1.31323151e+02, 1.73371902e+02,
    1.40133163e+02, 1.77259094e+02, 8.42701569e+01, 1.62674942e+02,
    9.30358124e+01, 1.66553207e+02, 1.01756866e+02, 1.70381897e+02,
    1.10594795e+02, 1.74234238e+02, 1.19377647e+02, 1.78056763e+02,
    1.28126328e+02, 1.81881943e+02, 1.36900330e+02, 1.85716278e+02,
    8.12329330e+01, 1.71268814e+02, 9.01231766e+01, 1.75046005e+02,
    9.87439270e+01, 1.78918213e+02, 1.07485588e+02, 1.82737869e+02,
    1.16235191e+02, 1.86497711e+02, 1.24978806e+02, 1.90297195e+02,
    1.33670364e+02, 1.94115356e+02 ]
