%YAML:1.0
---
points: [ 4.79342346e+02, 5.23899658e+02, 4.92648987e+02, 5.37002197e+02,
    5.05752747e+02, 5.49949768e+02, 5.18747803e+02, 5.62764465e+02,
    5.31545166e+02, 5.75361816e+02, 5.44281250e+02, 5.87906738e+02,
    5.56784058e+02, 6.00185547e+02, 4.66243683e+02, 5.35546021e+02,
    4.79664764e+02, 5.48695679e+02, 4.93160889e+02, 5.61702515e+02,
    5.06333008e+02, 5.74537659e+02, 5.19340759e+02, 5.87261536e+02,
    5.32174377e+02, 5.99723816e+02, 5.44815979e+02, 6.12214233e+02,
    4.52773163e+02, 5.47416016e+02, 4.66568634e+02, 5.60624756e+02,
    4.80211975e+02, 5.73643494e+02, 4.93541779e+02, 5.86605164e+02,
    5.06731232e+02, 5.99413513e+02, 5.19816345e+02, 6.11919495e+02,
    5.32774109e+02, 6.24398743e+02, 4.39220795e+02, 5.59407410e+02,
    4.53182861e+02, 5.72802429e+02, 4.66871887e+02, 5.85819092e+02,
    4.80556641e+02, 5.98879822e+02, 4.93900726e+02, 6.11698669e+02,
    5.07291382e+02, 6.24400818e+02, 5.20398621e+02, 6.36919373e+02,
    4.25285461e+02, 5.71902710e+02, 4.39388916e+02, 5.85196350e+02,
    4.53430664e+02, 5.98496582e+02, 4.67229004e+02, 6.11483948e+02,
    4.80857788e+02, 6.24374451e+02, 4.94319611e+02, 6.37168335e+02,
    5.07697784e+02, 6.49649170e+02, 4.10848938e+02, 5.84486816e+02,
    4.25380432e+02, 5.97973267e+02, 4.39561127e+02, 6.11263489e+02,
    4.53542358e+02, 6.24410828e+02, 4.67431183e+02, 6.37340881e+02,
    4.81229736e+02, 6.50145813e+02, 4.94565521e+02, 6.62834351e+02,
    3.96502045e+02, 5.97434998e+02, 4.10912994e+02, 6.10948730e+02,
    4.25482483e+02, 6.24365234e+02, 4.39728241e+02, 6.37459412e+02,
    4.53740356e+02, 6.50550171e+02, 4.67657257e+02, 6.63390015e+02,
    4.81408295e+02, 6.76120361e+02, 3.81463348e+02, 6.10603699e+02,
    3.96395416e+02, 6.24252991e+02, 4.10956879e+02, 6.37653381e+02,
    4.25484985e+02, 6.50894470e+02, 4.39724548e+02, 6.63975647e+02,
    4.53834198e+02, 6.76878845e+02, 4.67692017e+02, 6.89738464e+02,
    3.66398804e+02, 6.24223633e+02, 3.81351318e+02, 6.37732300e+02,
    3.96312286e+02, 6.51355042e+02, 4.10891510e+02, 6.64651917e+02,
    4.25493744e+02, 6.77809875e+02, 4.39751129e+02, 6.90757751e+02,
    4.53924561e+02, 7.03667664e+02 ]
