%YAML:1.0
---
points: [ 4.44929230e+02, 1.97947830e+02, 4.72147308e+02, 2.10429550e+02,
    4.99272827e+02, 2.22513290e+02, 5.26387390e+02, 2.35016327e+02,
    5.53284668e+02, 2.47196014e+02, 5.80424072e+02, 2.59470490e+02,
    6.07121338e+02, 2.71533417e+02, 4.35587158e+02, 2.25332855e+02,
    4.62705933e+02, 2.37455688e+02, 4.90025574e+02, 2.49779633e+02,
    5.16706848e+02, 2.61816589e+02, 5.43752258e+02, 2.74151550e+02,
    5.70530823e+02, 2.86165253e+02, 5.97408936e+02, 2.98289978e+02,
    4.26352478e+02, 2.52328812e+02, 4.53577179e+02, 2.64468811e+02,
    4.80409943e+02, 2.76459625e+02, 5.07432007e+02, 2.88631470e+02,
    5.34287537e+02, 3.00571869e+02, 5.61138855e+02, 3.12597198e+02,
    5.87684509e+02, 3.24477051e+02, 4.17498230e+02, 2.79135803e+02,
    4.44378113e+02, 2.90960022e+02, 4.71342102e+02, 3.03075073e+02,
    4.98198242e+02, 3.14780457e+02, 5.24977661e+02, 3.26902649e+02,
    5.51472961e+02, 3.38605194e+02, 5.78238159e+02, 3.50535736e+02,
    4.08327637e+02, 3.05527435e+02, 4.35351715e+02, 3.17364075e+02,
    4.62122559e+02, 3.29348389e+02, 4.88812225e+02, 3.41253113e+02,
    5.15473022e+02, 3.52804565e+02, 5.42255188e+02, 3.64693359e+02,
    5.68421997e+02, 3.76311707e+02, 3.99515991e+02, 3.31811096e+02,
    4.26112274e+02, 3.43515320e+02, 4.53180176e+02, 3.55499847e+02,
    4.79554657e+02, 3.66886566e+02, 5.06372772e+02, 3.78813934e+02,
    5.32567322e+02, 3.90314148e+02, 5.59310425e+02, 4.01963806e+02,
    3.90627045e+02, 3.57674194e+02, 4.17548401e+02, 3.69464569e+02,
    4.44039368e+02, 3.81019531e+02, 4.70584106e+02, 3.92590668e+02,
    4.97096680e+02, 4.04042206e+02, 5.23491394e+02, 4.15680634e+02,
    5.49694763e+02, 4.27106750e+02, 3.82092072e+02, 3.83547974e+02,
    4.08620819e+02, 3.95026611e+02, 4.35220123e+02, 4.06470581e+02,
    4.61566833e+02, 4.18019897e+02, 4.87900574e+02, 4.29414337e+02,
    5.14340698e+02, 4.40666565e+02, 5.40383545e+02, 4.52222900e+02,
    3.73542267e+02, 4.08813873e+02, 4.00104889e+02, 4.20585388e+02,
    4.26246704e+02, 4.31683685e+02, 4.52706055e+02, 4.43179108e+02,
    4.78711029e+02, 4.54345306e+02, 5.05131927e+02, 4.65767700e+02,
    5.30979553e+02, 4.76822754e+02 ]
