%YAML:1.0
---
points: [ 5.05328491e+02, 6.09242004e+02, 5.02514465e+02, 6.24015686e+02,
    4.99739227e+02, 6.39613708e+02, 4.96856995e+02, 6.55022034e+02,
    4.94054474e+02, 6.70817993e+02, 4.91141327e+02, 6.86764771e+02,
    4.88171844e+02, 7.03020569e+02, 4.91394897e+02, 6.03649170e+02,
    4.88404144e+02, 6.19248169e+02, 4.85546173e+02, 6.34596497e+02,
    4.82483551e+02, 6.50354248e+02, 4.79644073e+02, 6.66253967e+02,
    4.76493286e+02, 6.82433838e+02, 4.73521912e+02, 6.98623230e+02,
    4.76935303e+02, 5.98628967e+02, 4.74124603e+02, 6.13951050e+02,
    4.70962097e+02, 6.29625122e+02, 4.68082214e+02, 6.45484985e+02,
    4.64854919e+02, 6.61562256e+02, 4.61664764e+02, 6.77726929e+02,
    4.58525452e+02, 6.94415222e+02, 4.62517151e+02, 5.93096436e+02,
    4.59451874e+02, 6.08770203e+02, 4.56190765e+02, 6.24409607e+02,
    4.53097137e+02, 6.40645020e+02, 4.49655457e+02, 6.56647278e+02,
    4.46411072e+02, 6.73266418e+02, 4.43151489e+02, 6.90010620e+02,
    4.47528259e+02, 5.87675598e+02, 4.44272888e+02, 6.03294495e+02,
    4.40932159e+02, 6.19392883e+02, 4.37628113e+02, 6.35396545e+02,
    4.34120636e+02, 6.51831909e+02, 4.30624146e+02, 6.68463379e+02,
    4.27227051e+02, 6.85471924e+02, 4.32227600e+02, 5.81798157e+02,
    4.28621796e+02, 5.97691284e+02, 4.25358856e+02, 6.13763245e+02,
    4.21776733e+02, 6.30321289e+02, 4.18262268e+02, 6.46683533e+02,
    4.14467682e+02, 6.63590576e+02, 4.10784821e+02, 6.80684509e+02,
    4.16615112e+02, 5.76121460e+02, 4.12931335e+02, 5.92061157e+02,
    4.09318298e+02, 6.08448425e+02, 4.05660217e+02, 6.24748962e+02,
    4.01801880e+02, 6.41635986e+02, 3.97963776e+02, 6.58609131e+02,
    3.94198547e+02, 6.75930359e+02, 4.00379120e+02, 5.70139771e+02,
    3.96645660e+02, 5.86322998e+02, 3.92809784e+02, 6.02607544e+02,
    3.89120850e+02, 6.19503967e+02, 3.85148682e+02, 6.36327271e+02,
    3.80963287e+02, 6.53515930e+02, 3.76870026e+02, 6.70885986e+02,
    3.83996490e+02, 5.63945679e+02, 3.80069489e+02, 5.80286194e+02,
    3.75983368e+02, 5.96904297e+02, 3.72078522e+02, 6.13643311e+02,
    3.67863403e+02, 6.30805237e+02, 3.63584564e+02, 6.48307434e+02,
    3.59384979e+02, 6.65938843e+02 ]
