%YAML:1.0
---
points: [ 2.80988708e+02, 2.04930939e+02, 2.72565826e+02, 2.06716644e+02,
    2.64247162e+02, 2.08490326e+02, 2.56194244e+02, 2.10014267e+02,
    2.48460480e+02, 2.11643051e+02, 2.40878632e+02, 2.13102478e+02,
    2.33400894e+02, 2.14672028e+02, 2.78486237e+02, 1.95375488e+02,
    2.70050568e+02, 1.97268463e+02, 2.61764893e+02, 1.99090149e+02,
    2.53756042e+02, 2.00838257e+02, 2.45946609e+02, 2.02578430e+02,
    2.38313354e+02, 2.04273972e+02, 2.31108475e+02, 2.05894592e+02,
    2.75988159e+02, 1.85786774e+02, 2.67497711e+02, 1.87787125e+02,
    2.59332520e+02, 1.89837936e+02, 2.51262863e+02, 1.91663818e+02,
    2.43457321e+02, 1.93528625e+02, 2.35848740e+02, 1.95325775e+02,
    2.28592072e+02, 1.97087921e+02, 2.73431580e+02, 1.76104752e+02,
    2.65015411e+02, 1.78327377e+02, 2.56748840e+02, 1.80346985e+02,
    2.48791321e+02, 1.82461151e+02, 2.40945709e+02, 1.84457275e+02,
    2.33424454e+02, 1.86358505e+02, 2.26063110e+02, 1.88214355e+02,
    2.70911377e+02, 1.66422241e+02, 2.62430511e+02, 1.68712418e+02,
    2.54262741e+02, 1.70941513e+02, 2.46308136e+02, 1.73070770e+02,
    2.38502655e+02, 1.75253464e+02, 2.30910233e+02, 1.77298340e+02,
    2.23550919e+02, 1.79349075e+02, 2.68340118e+02, 1.56486801e+02,
    2.59838531e+02, 1.59007492e+02, 2.51692932e+02, 1.61352585e+02,
    2.43712494e+02, 1.63727783e+02, 2.35937912e+02, 1.66001526e+02,
    2.28417755e+02, 1.68171280e+02, 2.21102371e+02, 1.70267410e+02,
    2.65772308e+02, 1.46714844e+02, 2.57269806e+02, 1.49293961e+02,
    2.49128891e+02, 1.51843979e+02, 2.41216904e+02, 1.54325867e+02,
    2.33436371e+02, 1.56718582e+02, 2.25923569e+02, 1.59011490e+02,
    2.18612778e+02, 1.61265854e+02, 2.63214203e+02, 1.36665054e+02,
    2.54787933e+02, 1.39503006e+02, 2.46615753e+02, 1.42176376e+02,
    2.38614441e+02, 1.44774307e+02, 2.30924545e+02, 1.47203445e+02,
    2.23422882e+02, 1.49782181e+02, 2.16145157e+02, 1.52069000e+02,
    2.60521149e+02, 1.26653580e+02, 2.52161880e+02, 1.29503128e+02,
    2.43998535e+02, 1.32456909e+02, 2.36058167e+02, 1.35126328e+02,
    2.28340607e+02, 1.37876984e+02, 2.20890579e+02, 1.40412170e+02,
    2.13546082e+02, 1.43001526e+02 ]
