%YAML:1.0
---
points: [ 9.62654724e+02, 5.08706726e+02, 9.38386780e+02, 5.13711182e+02,
    9.14977661e+02, 5.18755920e+02, 8.92249146e+02, 5.23605835e+02,
    8.69863037e+02, 5.28267944e+02, 8.48374023e+02, 5.32874390e+02,
    8.27410217e+02, 5.37095520e+02, 9.55224304e+02, 4.80657013e+02,
    9.30967468e+02, 4.86094971e+02, 9.07591187e+02, 4.91468445e+02,
    8.84752869e+02, 4.96509888e+02, 8.62584412e+02, 5.01735809e+02,
    8.40709961e+02, 5.06449127e+02, 8.19839539e+02, 5.11298431e+02,
    9.47722656e+02, 4.52290710e+02, 9.23517212e+02, 4.58263550e+02,
    9.00162842e+02, 4.63831116e+02, 8.77381042e+02, 4.69575073e+02,
    8.54879761e+02, 4.74929260e+02, 8.33579102e+02, 4.80288666e+02,
    8.12324402e+02, 4.85239166e+02, 9.39969666e+02, 4.23883209e+02,
    9.15860840e+02, 4.30149811e+02, 8.92531311e+02, 4.36179047e+02,
    8.69699585e+02, 4.42218536e+02, 8.47573792e+02, 4.48094330e+02,
    8.26010193e+02, 4.53519592e+02, 8.05033264e+02, 4.59233551e+02,
    9.32373596e+02, 3.94871643e+02, 9.08361816e+02, 4.01845825e+02,
    8.84819885e+02, 4.08298889e+02, 8.62188293e+02, 4.14528717e+02,
    8.39804199e+02, 4.20961578e+02, 8.18641357e+02, 4.26884216e+02,
    7.97322815e+02, 4.32610138e+02, 9.24629333e+02, 3.66007721e+02,
    9.00616028e+02, 3.73159058e+02, 8.77370911e+02, 3.80297943e+02,
    8.54372498e+02, 3.86804749e+02, 8.32338440e+02, 3.93353516e+02,
    8.11109802e+02, 3.99711304e+02, 7.89968933e+02, 4.06084259e+02,
    9.16762268e+02, 3.36716064e+02, 8.92940857e+02, 3.44547699e+02,
    8.69528809e+02, 3.51872314e+02, 8.47140076e+02, 3.59159729e+02,
    8.24792847e+02, 3.65986359e+02, 8.03564636e+02, 3.72646759e+02,
    7.82517761e+02, 3.79389069e+02, 9.09117310e+02, 3.07405640e+02,
    8.85239868e+02, 3.15340515e+02, 8.61904724e+02, 3.23382660e+02,
    8.38986328e+02, 3.31021667e+02, 8.17371704e+02, 3.38347412e+02,
    7.95959351e+02, 3.45325317e+02, 7.75226196e+02, 3.52264740e+02,
    9.01033569e+02, 2.77595215e+02, 8.77375854e+02, 2.86243164e+02,
    8.53968201e+02, 2.94398193e+02, 8.31481384e+02, 3.02548523e+02,
    8.09533997e+02, 3.10264282e+02, 7.88447754e+02, 3.17822449e+02,
    7.67525452e+02, 3.25181152e+02 ]
