%YAML:1.0
---
points: [ 1.01191498e+02, 1.09395195e+02, 1.05090294e+02, 1.18259476e+02,
    1.08807144e+02, 1.26945992e+02, 1.12549202e+02, 1.35373428e+02,
    1.16252541e+02, 1.43916489e+02, 1.19917709e+02, 1.52208374e+02,
    1.23525429e+02, 1.60364243e+02, 9.33137054e+01, 1.11948456e+02,
    9.71854630e+01, 1.20848366e+02, 1.01138939e+02, 1.29630234e+02,
    1.04946388e+02, 1.38329025e+02, 1.08718536e+02, 1.46833069e+02,
    1.12519310e+02, 1.55188065e+02, 1.16243042e+02, 1.63468491e+02,
    8.51477814e+01, 1.14423576e+02, 8.91899643e+01, 1.23502502e+02,
    9.32258224e+01, 1.32384811e+02, 9.71810684e+01, 1.41227646e+02,
    1.01043999e+02, 1.49843246e+02, 1.04922821e+02, 1.58301498e+02,
    1.08801521e+02, 1.66740402e+02, 7.68437729e+01, 1.17202347e+02,
    8.09295959e+01, 1.26323441e+02, 8.49990692e+01, 1.35311630e+02,
    8.90541153e+01, 1.44227097e+02, 9.31313477e+01, 1.53007660e+02,
    9.71709595e+01, 1.61563766e+02, 1.01026833e+02, 1.70040482e+02,
    6.81604538e+01, 1.20007378e+02, 7.23758545e+01, 1.29227844e+02,
    7.65186920e+01, 1.38264191e+02, 8.06988983e+01, 1.47298050e+02,
    8.49150085e+01, 1.56191467e+02, 8.90092239e+01, 1.64978683e+02,
    9.30905609e+01, 1.73446487e+02, 5.92269669e+01, 1.22879715e+02,
    6.35182266e+01, 1.32191544e+02, 6.79147110e+01, 1.41488495e+02,
    7.21332550e+01, 1.50613571e+02, 7.63879776e+01, 1.59502838e+02,
    8.06207428e+01, 1.68386826e+02, 8.48106155e+01, 1.77039673e+02,
    5.01076126e+01, 1.25897797e+02, 5.45601845e+01, 1.35381027e+02,
    5.89288521e+01, 1.44782730e+02, 6.32621994e+01, 1.53926407e+02,
    6.76796570e+01, 1.63043015e+02, 7.20846024e+01, 1.71972809e+02,
    7.62598495e+01, 1.80712097e+02, 4.07327423e+01, 1.29093384e+02,
    4.52383270e+01, 1.38654373e+02, 4.97553596e+01, 1.48152054e+02,
    5.42870750e+01, 1.57378052e+02, 5.87564888e+01, 1.66657394e+02,
    6.31641960e+01, 1.75599670e+02, 6.75993729e+01, 1.84558487e+02,
    3.10612926e+01, 1.32271164e+02, 3.57907906e+01, 1.42155289e+02,
    4.03189583e+01, 1.51563004e+02, 4.48638077e+01, 1.61132858e+02,
    4.95149193e+01, 1.70282135e+02, 5.41829910e+01, 1.79497345e+02,
    5.85733414e+01, 1.88523666e+02 ]
