%YAML:1.0
---
points: [ 1.72755005e+02, 1.43920486e+02, 1.82334549e+02, 1.46889175e+02,
    1.91759644e+02, 1.49692169e+02, 2.00862381e+02, 1.52582825e+02,
    2.09816010e+02, 1.55183258e+02, 2.18578506e+02, 1.57828064e+02,
    2.27025681e+02, 1.60385376e+02, 1.70259125e+02, 1.53786270e+02,
    1.79938034e+02, 1.56472580e+02, 1.89357605e+02, 1.59221802e+02,
    1.98501022e+02, 1.61883560e+02, 2.07421753e+02, 1.64472397e+02,
    2.16100494e+02, 1.66957458e+02, 2.24570847e+02, 1.69427460e+02,
    1.67826355e+02, 1.63328491e+02, 1.77486542e+02, 1.66094162e+02,
    1.86918579e+02, 1.68650436e+02, 1.96029144e+02, 1.71207916e+02,
    2.05001343e+02, 1.73659256e+02, 2.13758606e+02, 1.76086105e+02,
    2.22241608e+02, 1.78389252e+02, 1.65399780e+02, 1.73087784e+02,
    1.75108688e+02, 1.75547134e+02, 1.84462021e+02, 1.78067566e+02,
    1.93665100e+02, 1.80454834e+02, 2.02624695e+02, 1.82754364e+02,
    2.11299637e+02, 1.85039963e+02, 2.19862473e+02, 1.87235962e+02,
    1.62985809e+02, 1.82549545e+02, 1.72650909e+02, 1.85124390e+02,
    1.82069183e+02, 1.87334457e+02, 1.91280396e+02, 1.89670563e+02,
    2.00212311e+02, 1.91877319e+02, 2.08940353e+02, 1.94052216e+02,
    2.17459457e+02, 1.96140564e+02, 1.60501419e+02, 1.92230667e+02,
    1.70228699e+02, 1.94423553e+02, 1.79649445e+02, 1.96631119e+02,
    1.88834412e+02, 1.98863113e+02, 1.97760757e+02, 2.00906601e+02,
    2.06567703e+02, 2.02998718e+02, 2.15106796e+02, 2.04977997e+02,
    1.58071045e+02, 2.01652832e+02, 1.67789948e+02, 2.03831924e+02,
    1.77177551e+02, 2.05909149e+02, 1.86429352e+02, 2.07986343e+02,
    1.95381058e+02, 2.09941223e+02, 2.04193542e+02, 2.11950012e+02,
    2.12650116e+02, 2.13772079e+02, 1.55665451e+02, 2.11101456e+02,
    1.65345291e+02, 2.13152313e+02, 1.74774933e+02, 2.15118073e+02,
    1.84081741e+02, 2.17024078e+02, 1.93039429e+02, 2.18918396e+02,
    2.01744736e+02, 2.20656708e+02, 2.10248108e+02, 2.22544525e+02,
    1.53254257e+02, 2.20496277e+02, 1.62942535e+02, 2.22404175e+02,
    1.72408264e+02, 2.24282104e+02, 1.81657822e+02, 2.26121399e+02,
    1.90606354e+02, 2.27775421e+02, 1.99426010e+02, 2.29563751e+02,
    2.08022675e+02, 2.31247116e+02 ]
