%YAML:1.0
---
points: [ 4.66901978e+02, 6.25593933e+02, 4.64417450e+02, 6.10433472e+02,
    4.61525452e+02, 5.95612000e+02, 4.58961182e+02, 5.80548279e+02,
    4.56011047e+02, 5.65716980e+02, 4.53415833e+02, 5.50749084e+02,
    4.50498199e+02, 5.36082214e+02, 4.83666931e+02, 6.23247437e+02,
    4.80828369e+02, 6.08269104e+02, 4.78084747e+02, 5.93365845e+02,
    4.75372131e+02, 5.78574585e+02, 4.72571533e+02, 5.63867737e+02,
    4.69805023e+02, 5.49316711e+02, 4.67075195e+02, 5.34588501e+02,
    4.99916382e+02, 6.20702393e+02, 4.97163361e+02, 6.06055725e+02,
    4.94426239e+02, 5.91407166e+02, 4.91603577e+02, 5.76602783e+02,
    4.88829285e+02, 5.62040405e+02, 4.86071259e+02, 5.47566895e+02,
    4.83309570e+02, 5.33134521e+02, 5.16054871e+02, 6.18482666e+02,
    5.13073669e+02, 6.03738342e+02, 5.10387177e+02, 5.89255371e+02,
    5.07489746e+02, 5.74783936e+02, 5.04751160e+02, 5.60332214e+02,
    5.01827332e+02, 5.45894287e+02, 4.99150360e+02, 5.31617615e+02,
    5.31717834e+02, 6.16241089e+02, 5.28832520e+02, 6.01680908e+02,
    5.26006226e+02, 5.87270569e+02, 5.23248779e+02, 5.72836731e+02,
    5.20393005e+02, 5.58658447e+02, 5.17600403e+02, 5.44430237e+02,
    5.14703613e+02, 5.30172485e+02, 5.47166870e+02, 6.13730286e+02,
    5.44263733e+02, 5.99512207e+02, 5.41513184e+02, 5.85350464e+02,
    5.38601807e+02, 5.71081787e+02, 5.35733887e+02, 5.56768250e+02,
    5.33038147e+02, 5.42816956e+02, 5.30147095e+02, 5.28677185e+02,
    5.62349060e+02, 6.11834412e+02, 5.59493347e+02, 5.97465759e+02,
    5.56505371e+02, 5.83292358e+02, 5.53852356e+02, 5.69353271e+02,
    5.50774292e+02, 5.55260498e+02, 5.48162048e+02, 5.41176392e+02,
    5.45169861e+02, 5.27410034e+02, 5.77048096e+02, 6.09518921e+02,
    5.74340210e+02, 5.95580994e+02, 5.71348511e+02, 5.81466492e+02,
    5.68520935e+02, 5.67463501e+02, 5.65734680e+02, 5.53634155e+02,
    5.62861267e+02, 5.39730774e+02, 5.60113708e+02, 5.25896606e+02,
    5.91603088e+02, 6.07532654e+02, 5.88946350e+02, 5.93462219e+02,
    5.86041382e+02, 5.79684998e+02, 5.83134033e+02, 5.65747070e+02,
    5.80351868e+02, 5.51943665e+02, 5.77463684e+02, 5.38330017e+02,
    5.74610596e+02, 5.24550171e+02 ]
