%YAML:1.0
---
points: [ 1.22747940e+02, 6.26195068e+01, 1.29548981e+02, 7.12218018e+01,
    1.36166489e+02, 7.96677628e+01, 1.42541367e+02, 8.78174744e+01,
    1.48776932e+02, 9.57432480e+01, 1.54852371e+02, 1.03384529e+02,
    1.60701752e+02, 1.10841316e+02, 1.14985718e+02, 6.91305847e+01,
    1.21865578e+02, 7.77054825e+01, 1.28636963e+02, 8.60500717e+01,
    1.35263550e+02, 9.40845490e+01, 1.41533096e+02, 1.01937279e+02,
    1.47758438e+02, 1.09572525e+02, 1.53744308e+02, 1.16913101e+02,
    1.07056480e+02, 7.57866211e+01, 1.14159966e+02, 8.42257538e+01,
    1.21130234e+02, 9.24429398e+01, 1.27768257e+02, 1.00469704e+02,
    1.34320374e+02, 1.08225937e+02, 1.40592621e+02, 1.15723114e+02,
    1.46785797e+02, 1.22982155e+02, 9.91750031e+01, 8.23825989e+01,
    1.06352760e+02, 9.08038864e+01, 1.13424751e+02, 9.89324799e+01,
    1.20335007e+02, 1.06833183e+02, 1.27025520e+02, 1.14524231e+02,
    1.33478165e+02, 1.21919113e+02, 1.39695877e+02, 1.29123917e+02,
    9.11288071e+01, 8.92226257e+01, 9.85064545e+01, 9.74673004e+01,
    1.05754593e+02, 1.05479797e+02, 1.12745270e+02, 1.13298912e+02,
    1.19615509e+02, 1.20890717e+02, 1.26210434e+02, 1.28213226e+02,
    1.32645416e+02, 1.35242340e+02, 8.30929718e+01, 9.59896774e+01,
    9.06175461e+01, 1.04176056e+02, 9.80013428e+01, 1.12124138e+02,
    1.05188744e+02, 1.19762894e+02, 1.12118568e+02, 1.27281349e+02,
    1.18928963e+02, 1.34495285e+02, 1.25401382e+02, 1.41524246e+02,
    7.49716873e+01, 1.02838158e+02, 8.26532822e+01, 1.10925117e+02,
    9.02095795e+01, 1.18706818e+02, 9.74862747e+01, 1.26301910e+02,
    1.04607735e+02, 1.33728745e+02, 1.11517883e+02, 1.40889923e+02,
    1.18286827e+02, 1.47790680e+02, 6.69032440e+01, 1.09689255e+02,
    7.47126541e+01, 1.17681602e+02, 8.23274918e+01, 1.25432640e+02,
    8.98350677e+01, 1.32945114e+02, 9.71025467e+01, 1.40213562e+02,
    1.04151176e+02, 1.47237564e+02, 1.11018196e+02, 1.54142990e+02,
    5.86878433e+01, 1.16762375e+02, 6.67813950e+01, 1.24585030e+02,
    7.44569397e+01, 1.32149597e+02, 8.21381149e+01, 1.39632294e+02,
    8.94547043e+01, 1.46740921e+02, 9.67539749e+01, 1.53753952e+02,
    1.03726135e+02, 1.60384872e+02 ]
