%YAML:1.0
---
points: [ 6.42238464e+02, 3.28709961e+02, 6.71482605e+02, 3.37352539e+02,
    7.00248413e+02, 3.45798157e+02, 7.28014709e+02, 3.54288208e+02,
    7.55181213e+02, 3.62104309e+02, 7.81502319e+02, 3.70044098e+02,
    8.07349854e+02, 3.77579193e+02, 6.35132812e+02, 3.57511932e+02,
    6.64411438e+02, 3.65798004e+02, 6.93123413e+02, 3.73933258e+02,
    7.20882080e+02, 3.81822540e+02, 7.48295532e+02, 3.89550842e+02,
    7.74457397e+02, 3.97104401e+02, 8.00427246e+02, 4.04368195e+02,
    6.27986023e+02, 3.86252869e+02, 6.57529114e+02, 3.94200562e+02,
    6.86070618e+02, 4.01891968e+02, 7.13784485e+02, 4.09342041e+02,
    7.41052673e+02, 4.16672485e+02, 7.67566895e+02, 4.23690338e+02,
    7.93425232e+02, 4.30500977e+02, 6.21219727e+02, 4.14602051e+02,
    6.50400757e+02, 4.22241608e+02, 6.79287354e+02, 4.29562958e+02,
    7.06935303e+02, 4.36491028e+02, 7.33932739e+02, 4.43509003e+02,
    7.60547913e+02, 4.50299072e+02, 7.86416687e+02, 4.56675781e+02,
    6.13777466e+02, 4.43152557e+02, 6.43461670e+02, 4.50225769e+02,
    6.72065979e+02, 4.56896637e+02, 7.00096619e+02, 4.63849548e+02,
    7.27159912e+02, 4.70509552e+02, 7.53706116e+02, 4.76794678e+02,
    7.79577515e+02, 4.82801392e+02, 6.06899109e+02, 4.71369141e+02,
    6.36444519e+02, 4.77803833e+02, 6.65057068e+02, 4.84584076e+02,
    6.92715088e+02, 4.91029327e+02, 7.20174927e+02, 4.97239990e+02,
    7.46671753e+02, 5.03124573e+02, 7.72585388e+02, 5.09060394e+02,
    5.99750977e+02, 4.99204987e+02, 6.29226318e+02, 5.05611267e+02,
    6.57885559e+02, 5.11851593e+02, 6.85848267e+02, 5.17893188e+02,
    7.13176819e+02, 5.23697632e+02, 7.39634277e+02, 5.29390015e+02,
    7.65647644e+02, 5.34820740e+02, 5.92480103e+02, 5.27242920e+02,
    6.22183044e+02, 5.33289490e+02, 6.50781799e+02, 5.39035095e+02,
    6.79014160e+02, 5.44659546e+02, 7.06394653e+02, 5.50223694e+02,
    7.32768311e+02, 5.55459717e+02, 7.58803772e+02, 5.60782898e+02,
    5.85568481e+02, 5.54871460e+02, 6.15215332e+02, 5.60620056e+02,
    6.43880798e+02, 5.66015076e+02, 6.71734436e+02, 5.71433716e+02,
    6.99365906e+02, 5.76505432e+02, 7.26062866e+02, 5.81637817e+02,
    7.51913452e+02, 5.86567078e+02 ]
