%YAML:1.0
---
points: [ 1.08139458e+02, 2.38693649e+02, 1.15513184e+02, 2.39573044e+02,
    1.23014709e+02, 2.40436737e+02, 1.30591980e+02, 2.41370331e+02,
    1.38185318e+02, 2.42269852e+02, 1.45821533e+02, 2.43190414e+02,
    1.53531281e+02, 2.44120178e+02, 1.06072159e+02, 2.46238419e+02,
    1.13458252e+02, 2.47239624e+02, 1.21168884e+02, 2.48014648e+02,
    1.28727051e+02, 2.49112961e+02, 1.36377914e+02, 2.49914703e+02,
    1.44079880e+02, 2.50938431e+02, 1.51761597e+02, 2.51793884e+02,
    1.03962418e+02, 2.54098770e+02, 1.11471169e+02, 2.54924225e+02,
    1.19133453e+02, 2.55901520e+02, 1.26751396e+02, 2.56808777e+02,
    1.34454315e+02, 2.57730652e+02, 1.42186691e+02, 2.58704559e+02,
    1.49937958e+02, 2.59634399e+02, 1.01887260e+02, 2.61664368e+02,
    1.09499290e+02, 2.62687561e+02, 1.17044685e+02, 2.63742035e+02,
    1.24790894e+02, 2.64573853e+02, 1.32556442e+02, 2.65581299e+02,
    1.40303207e+02, 2.66558136e+02, 1.48168732e+02, 2.67525452e+02,
    9.97887039e+01, 2.69649841e+02, 1.07340607e+02, 2.70700592e+02,
    1.15129128e+02, 2.71654480e+02, 1.22800385e+02, 2.72622284e+02,
    1.30627640e+02, 2.73642090e+02, 1.38456696e+02, 2.74630859e+02,
    1.46341019e+02, 2.75595367e+02, 9.76413956e+01, 2.77668365e+02,
    1.05327187e+02, 2.78687622e+02, 1.13081276e+02, 2.79690979e+02,
    1.20824707e+02, 2.80748871e+02, 1.28699646e+02, 2.81772522e+02,
    1.36559631e+02, 2.82726349e+02, 1.44397934e+02, 2.83802734e+02,
    9.55139694e+01, 2.85793884e+02, 1.03335297e+02, 2.86758972e+02,
    1.11019730e+02, 2.87906921e+02, 1.18824188e+02, 2.88949615e+02,
    1.26728508e+02, 2.90108490e+02, 1.34670563e+02, 2.90973907e+02,
    1.42616119e+02, 2.92147339e+02, 9.34078140e+01, 2.94006256e+02,
    1.01131165e+02, 2.95157776e+02, 1.08967552e+02, 2.96183105e+02,
    1.16844910e+02, 2.97243622e+02, 1.24756172e+02, 2.98249298e+02,
    1.32714813e+02, 2.99354980e+02, 1.40662201e+02, 3.00450623e+02,
    9.13517303e+01, 3.02409760e+02, 9.91016769e+01, 3.03431458e+02,
    1.06952553e+02, 3.04488129e+02, 1.14795776e+02, 3.05644684e+02,
    1.22783340e+02, 3.06725006e+02, 1.30730667e+02, 3.07878967e+02,
    1.38820450e+02, 3.09050018e+02 ]
