%YAML:1.0
---
points: [ 1.62325867e+02, 1.75287582e+02, 1.71291000e+02, 1.76093460e+02,
    1.80353210e+02, 1.76862045e+02, 1.89344589e+02, 1.77576523e+02,
    1.98323730e+02, 1.78376694e+02, 2.07271698e+02, 1.79131516e+02,
    2.16224655e+02, 1.79922791e+02, 1.61568100e+02, 1.84250168e+02,
    1.70623505e+02, 1.84948792e+02, 1.79637177e+02, 1.85691376e+02,
    1.88603333e+02, 1.86535904e+02, 1.97596451e+02, 1.87260300e+02,
    2.06463120e+02, 1.87957687e+02, 2.15509979e+02, 1.88739807e+02,
    1.60832336e+02, 1.93160553e+02, 1.69837234e+02, 1.93901871e+02,
    1.78890991e+02, 1.94640488e+02, 1.87876526e+02, 1.95395752e+02,
    1.96870407e+02, 1.96228943e+02, 2.05774200e+02, 1.96915558e+02,
    2.14806244e+02, 1.97619263e+02, 1.60037872e+02, 2.02106293e+02,
    1.69149643e+02, 2.02765503e+02, 1.78142700e+02, 2.03559845e+02,
    1.87164749e+02, 2.04370499e+02, 1.96096298e+02, 2.05030441e+02,
    2.05093201e+02, 2.05819962e+02, 2.14118134e+02, 2.06509277e+02,
    1.59288284e+02, 2.11014664e+02, 1.68309662e+02, 2.11765274e+02,
    1.77348709e+02, 2.12509613e+02, 1.86334915e+02, 2.13273743e+02,
    1.95320038e+02, 2.14024200e+02, 2.04331299e+02, 2.14594086e+02,
    2.13306229e+02, 2.15456131e+02, 1.58445404e+02, 2.20017578e+02,
    1.67609955e+02, 2.20751587e+02, 1.76514084e+02, 2.21575562e+02,
    1.85606064e+02, 2.22230011e+02, 1.94602707e+02, 2.22928391e+02,
    2.03578384e+02, 2.23653793e+02, 2.12599777e+02, 2.24256104e+02,
    1.57757675e+02, 2.28957886e+02, 1.66802216e+02, 2.29721588e+02,
    1.75924255e+02, 2.30412552e+02, 1.84849548e+02, 2.31156937e+02,
    1.93860184e+02, 2.31821304e+02, 2.02836014e+02, 2.32596466e+02,
    2.11808853e+02, 2.33295273e+02, 1.56977798e+02, 2.37921890e+02,
    1.66063812e+02, 2.38658249e+02, 1.75084717e+02, 2.39398071e+02,
    1.84161514e+02, 2.40075943e+02, 1.93142563e+02, 2.40765274e+02,
    2.02195450e+02, 2.41492218e+02, 2.11112976e+02, 2.42170593e+02,
    1.56253326e+02, 2.46908234e+02, 1.65253540e+02, 2.47651230e+02,
    1.74296967e+02, 2.48310242e+02, 1.83356979e+02, 2.49059875e+02,
    1.92347107e+02, 2.49718018e+02, 2.01314194e+02, 2.50399338e+02,
    2.10293411e+02, 2.51201462e+02 ]
