%YAML:1.0
---
points: [ 6.17639709e+02, 4.21464996e+02, 6.44580078e+02, 4.23673431e+02,
    6.71119873e+02, 4.26020721e+02, 6.97765808e+02, 4.28367950e+02,
    7.24358826e+02, 4.30439606e+02, 7.50895996e+02, 4.32956268e+02,
    7.77383240e+02, 4.34946259e+02, 6.15605225e+02, 4.47791412e+02,
    6.42343811e+02, 4.50117371e+02, 6.69111450e+02, 4.52352295e+02,
    6.95563416e+02, 4.54664307e+02, 7.22336914e+02, 4.56736206e+02,
    7.48817261e+02, 4.59174530e+02, 7.75296143e+02, 4.61326904e+02,
    6.13186401e+02, 4.74263306e+02, 6.40025208e+02, 4.76489441e+02,
    6.66650818e+02, 4.78636139e+02, 6.93424927e+02, 4.80911011e+02,
    7.20030884e+02, 4.83124695e+02, 7.46605530e+02, 4.85426880e+02,
    7.73038208e+02, 4.87485321e+02, 6.11101746e+02, 5.00541870e+02,
    6.37805908e+02, 5.02661804e+02, 6.64589355e+02, 5.05008270e+02,
    6.91183838e+02, 5.07232697e+02, 7.17848694e+02, 5.09281891e+02,
    7.44343079e+02, 5.11599304e+02, 7.70784363e+02, 5.13654968e+02,
    6.08464539e+02, 5.27071228e+02, 6.35440979e+02, 5.29186157e+02,
    6.62251892e+02, 5.31386108e+02, 6.89096008e+02, 5.33620178e+02,
    7.15594360e+02, 5.35636902e+02, 7.42283691e+02, 5.37930237e+02,
    7.68766663e+02, 5.39942261e+02, 6.06304260e+02, 5.53585938e+02,
    6.33232117e+02, 5.55611938e+02, 6.60001343e+02, 5.57725769e+02,
    6.86593445e+02, 5.60044861e+02, 7.13343506e+02, 5.62093567e+02,
    7.39771851e+02, 5.64353149e+02, 7.66439880e+02, 5.66362061e+02,
    6.03825989e+02, 5.80068909e+02, 6.30902710e+02, 5.82174500e+02,
    6.57710693e+02, 5.84269531e+02, 6.84539429e+02, 5.86385925e+02,
    7.11169250e+02, 5.88424561e+02, 7.37731995e+02, 5.90622070e+02,
    7.64351990e+02, 5.92628113e+02, 6.01587585e+02, 6.06544189e+02,
    6.28484558e+02, 6.08589417e+02, 6.55348206e+02, 6.10661133e+02,
    6.82122681e+02, 6.12771484e+02, 7.08781555e+02, 6.14694214e+02,
    7.35438538e+02, 6.17010376e+02, 7.62061584e+02, 6.18945679e+02,
    5.99289673e+02, 6.33161194e+02, 6.26295288e+02, 6.35185913e+02,
    6.53172546e+02, 6.37327148e+02, 6.79842285e+02, 6.39337646e+02,
    7.06569885e+02, 6.41324341e+02, 7.33252625e+02, 6.43466431e+02,
    7.59619751e+02, 6.45408386e+02 ]
