%YAML:1.0
---
points: [ 5.68295044e+02, 5.14178040e+02, 5.66736328e+02, 5.17807617e+02,
    5.60828552e+02, 5.31991150e+02, 5.56009766e+02, 5.43214172e+02,
    5.50403320e+02, 5.56692932e+02, 5.44969849e+02, 5.69099915e+02,
    5.39194214e+02, 5.83120667e+02, 5.57012817e+02, 5.01365326e+02,
    5.54271545e+02, 5.08359497e+02, 5.46562683e+02, 5.25562622e+02,
    5.41365601e+02, 5.38165833e+02, 5.35813538e+02, 5.50674500e+02,
    5.29806213e+02, 5.64556946e+02, 5.24500610e+02, 5.76793091e+02,
    5.39454468e+02, 5.02722534e+02, 5.37359619e+02, 5.07586792e+02,
    5.32219116e+02, 5.20350708e+02, 5.26274292e+02, 5.32723572e+02,
    5.20373291e+02, 5.46597778e+02, 5.14990967e+02, 5.58529175e+02,
    5.08957214e+02, 5.72556213e+02, 5.27727722e+02, 4.90656982e+02,
    5.24609131e+02, 4.98707642e+02, 5.17073486e+02, 5.14581360e+02,
    5.11434326e+02, 5.27652710e+02, 5.05656921e+02, 5.39967896e+02,
    4.99505432e+02, 5.53956726e+02, 4.93747986e+02, 5.66524841e+02,
    5.12528809e+02, 4.86317535e+02, 5.07822845e+02, 4.96500977e+02,
    5.01985016e+02, 5.09723480e+02, 4.96286957e+02, 5.21779724e+02,
    4.90208771e+02, 5.35593262e+02, 4.84257996e+02, 5.48062256e+02,
    4.78076233e+02, 5.61840515e+02, 4.98415253e+02, 4.78929352e+02,
    4.92965393e+02, 4.91154480e+02, 4.87089447e+02, 5.03516357e+02,
    4.80699738e+02, 5.17203003e+02, 4.74792572e+02, 5.29228577e+02,
    4.68521912e+02, 5.43171875e+02, 4.62590973e+02, 5.55642456e+02,
    4.82863312e+02, 4.74487000e+02, 4.77577423e+02, 4.85486908e+02,
    4.71564728e+02, 4.98712891e+02, 4.65602173e+02, 5.10802643e+02,
    4.59288391e+02, 5.24633728e+02, 4.52830322e+02, 5.37474182e+02,
    4.46625061e+02, 5.50948975e+02, 4.68004730e+02, 4.67976471e+02,
    4.62496521e+02, 4.79866943e+02, 4.56262299e+02, 4.92473907e+02,
    4.49862762e+02, 5.05747925e+02, 4.43716339e+02, 5.18222473e+02,
    4.37128998e+02, 5.32102356e+02, 4.30682709e+02, 5.45175598e+02,
    4.52332550e+02, 4.63099152e+02, 4.46888580e+02, 4.73950562e+02,
    4.40502289e+02, 4.87425598e+02, 4.34341370e+02, 4.99772705e+02,
    4.27664307e+02, 5.13228088e+02, 4.21195770e+02, 5.26292175e+02,
    4.14665802e+02, 5.39783447e+02 ]
