%YAML:1.0
---
points: [ 7.93479614e+02, 7.11671631e+02, 7.66979004e+02, 7.14481567e+02,
    7.40350708e+02, 7.17546631e+02, 7.13582947e+02, 7.20492676e+02,
    6.86859619e+02, 7.23500977e+02, 6.60191528e+02, 7.26486206e+02,
    6.33323303e+02, 7.29427917e+02, 7.90857666e+02, 6.85325073e+02,
    7.64407471e+02, 6.88055542e+02, 7.37751099e+02, 6.91129944e+02,
    7.11213745e+02, 6.93879700e+02, 6.84513184e+02, 6.96871582e+02,
    6.57614075e+02, 6.99831604e+02, 6.30621155e+02, 7.02807373e+02,
    7.88269470e+02, 6.58862793e+02, 7.61639954e+02, 6.61661621e+02,
    7.35159424e+02, 6.64646606e+02, 7.08493530e+02, 6.67463257e+02,
    6.81798035e+02, 6.70471436e+02, 6.54987305e+02, 6.73359741e+02,
    6.28119080e+02, 6.76303650e+02, 7.85603943e+02, 6.32654907e+02,
    7.59152954e+02, 6.35342407e+02, 7.32657959e+02, 6.38373718e+02,
    7.05919250e+02, 6.41147766e+02, 6.79367493e+02, 6.44090576e+02,
    6.52420776e+02, 6.46771729e+02, 6.25487915e+02, 6.49735901e+02,
    7.82788208e+02, 6.06390076e+02, 7.56459106e+02, 6.08951355e+02,
    7.29824524e+02, 6.11917969e+02, 7.03285583e+02, 6.14628052e+02,
    6.76526855e+02, 6.17603516e+02, 6.49720825e+02, 6.20362915e+02,
    6.22897705e+02, 6.23262512e+02, 7.80390442e+02, 5.79991394e+02,
    7.53777832e+02, 5.82637756e+02, 7.27398987e+02, 5.85593323e+02,
    7.00662292e+02, 5.88287170e+02, 6.74090027e+02, 5.91196350e+02,
    6.47274719e+02, 5.93836853e+02, 6.20342468e+02, 5.96686646e+02,
    7.77495789e+02, 5.53812866e+02, 7.51152100e+02, 5.56462891e+02,
    7.24497314e+02, 5.59404236e+02, 6.97909363e+02, 5.62038879e+02,
    6.71279297e+02, 5.64826782e+02, 6.44538269e+02, 5.67502014e+02,
    6.17727661e+02, 5.70416260e+02, 7.74886230e+02, 5.27628723e+02,
    7.48489624e+02, 5.30263184e+02, 7.22045715e+02, 5.33095459e+02,
    6.95318665e+02, 5.35616943e+02, 6.68752686e+02, 5.38520874e+02,
    6.42022888e+02, 5.41117004e+02, 6.15213379e+02, 5.43956604e+02,
    7.72150146e+02, 5.01497620e+02, 7.45653442e+02, 5.04087616e+02,
    7.19168823e+02, 5.06729370e+02, 6.92542847e+02, 5.09356689e+02,
    6.65865051e+02, 5.12278625e+02, 6.39282776e+02, 5.14661865e+02,
    6.12530273e+02, 5.17504822e+02 ]
