%YAML:1.0
---
points: [ 4.96275635e+02, 1.19337791e+02, 5.08022797e+02, 1.47838943e+02,
    5.19671387e+02, 1.75887360e+02, 5.30781555e+02, 2.03072113e+02,
    5.41821777e+02, 2.29873520e+02, 5.52735352e+02, 2.55903061e+02,
    5.63466248e+02, 2.81611908e+02, 4.69599792e+02, 1.26501740e+02,
    4.81737122e+02, 1.55110092e+02, 4.93395416e+02, 1.82736069e+02,
    5.04948181e+02, 2.10062912e+02, 5.16413940e+02, 2.36496567e+02,
    5.27487610e+02, 2.62519012e+02, 5.38444824e+02, 2.87912872e+02,
    4.42956604e+02, 1.33821655e+02, 4.55217255e+02, 1.62030197e+02,
    4.67446625e+02, 1.89778976e+02, 4.79193115e+02, 2.16687637e+02,
    4.90939484e+02, 2.43493210e+02, 5.02282715e+02, 2.69203979e+02,
    5.13454895e+02, 2.94533752e+02, 4.16455261e+02, 1.40989548e+02,
    4.29175537e+02, 1.69243240e+02, 4.41391144e+02, 1.96629578e+02,
    4.53466797e+02, 2.23671921e+02, 4.65419891e+02, 2.49880051e+02,
    4.77236389e+02, 2.75862091e+02, 4.88514496e+02, 3.01071594e+02,
    3.89868225e+02, 1.48336212e+02, 4.02687408e+02, 1.76236023e+02,
    4.15331482e+02, 2.03621307e+02, 4.27636169e+02, 2.30546661e+02,
    4.39960114e+02, 2.56794586e+02, 4.51795013e+02, 2.82493774e+02,
    4.63585663e+02, 3.07711517e+02, 3.63420502e+02, 1.55395950e+02,
    3.76509369e+02, 1.83341110e+02, 3.89431183e+02, 2.10622238e+02,
    4.02115601e+02, 2.37441055e+02, 4.14465820e+02, 2.63497253e+02,
    4.26570435e+02, 2.89184601e+02, 4.38575623e+02, 3.14172150e+02,
    3.37082611e+02, 1.62677933e+02, 3.50516907e+02, 1.90403656e+02,
    3.63609711e+02, 2.17665329e+02, 3.76462189e+02, 2.44205826e+02,
    3.89266998e+02, 2.70404572e+02, 4.01498993e+02, 2.95710114e+02,
    4.13777374e+02, 3.20675354e+02, 3.10994324e+02, 1.69865479e+02,
    3.24619019e+02, 1.97624435e+02, 3.37827576e+02, 2.24548767e+02,
    3.51002228e+02, 2.51092224e+02, 3.63736877e+02, 2.76937317e+02,
    3.76630035e+02, 3.02521698e+02, 3.88928375e+02, 3.27229523e+02,
    2.84770813e+02, 1.77187576e+02, 2.98736847e+02, 2.04697876e+02,
    3.12273773e+02, 2.31671127e+02, 3.25493256e+02, 2.57914642e+02,
    3.38608643e+02, 2.83790894e+02, 3.51510864e+02, 3.09183960e+02,
    3.64257050e+02, 3.33899445e+02 ]
