%YAML:1.0
---
points: [ 1.27830505e+02, 2.98826416e+02, 1.20097008e+02, 2.99145020e+02,
    1.12658722e+02, 2.99644470e+02, 1.05038231e+02, 2.99837158e+02,
    9.76879883e+01, 3.00265503e+02, 9.05715714e+01, 3.00593079e+02,
    8.33218918e+01, 3.00868134e+02, 1.27914146e+02, 2.89872925e+02,
    1.20431984e+02, 2.90500092e+02, 1.12750282e+02, 2.90798157e+02,
    1.05320496e+02, 2.91345093e+02, 9.78109512e+01, 2.91735840e+02,
    9.06894684e+01, 2.91950134e+02, 8.36718826e+01, 2.92358093e+02,
    1.28196762e+02, 2.81198486e+02, 1.20659111e+02, 2.81707611e+02,
    1.12901299e+02, 2.82180267e+02, 1.05644157e+02, 2.82703552e+02,
    9.81422882e+01, 2.83170074e+02, 9.08144226e+01, 2.83656525e+02,
    8.37787628e+01, 2.84105133e+02, 1.28461624e+02, 2.72570099e+02,
    1.20775635e+02, 2.73019714e+02, 1.13264725e+02, 2.73613800e+02,
    1.05762581e+02, 2.74175781e+02, 9.85639877e+01, 2.74726562e+02,
    9.12049637e+01, 2.75229156e+02, 8.39575424e+01, 2.75701477e+02,
    1.28661469e+02, 2.63919708e+02, 1.20872261e+02, 2.64638794e+02,
    1.13609291e+02, 2.65066162e+02, 1.06013268e+02, 2.65729340e+02,
    9.86973801e+01, 2.66354401e+02, 9.16317978e+01, 2.66799652e+02,
    8.46684341e+01, 2.67444641e+02, 1.28748245e+02, 2.55479645e+02,
    1.21163773e+02, 2.56111206e+02, 1.13753479e+02, 2.56748566e+02,
    1.06429031e+02, 2.57425964e+02, 9.89623871e+01, 2.57925232e+02,
    9.17553024e+01, 2.58697540e+02, 8.47469101e+01, 2.59070587e+02,
    1.28858109e+02, 2.47183380e+02, 1.21525658e+02, 2.47788956e+02,
    1.13867783e+02, 2.48545151e+02, 1.06708519e+02, 2.49067841e+02,
    9.94592438e+01, 2.49802078e+02, 9.22635651e+01, 2.50341858e+02,
    8.52861023e+01, 2.50866730e+02, 1.29032516e+02, 2.38837128e+02,
    1.21694305e+02, 2.39591339e+02, 1.14226280e+02, 2.40215012e+02,
    1.06840851e+02, 2.40911407e+02, 9.96919937e+01, 2.41651413e+02,
    9.27048950e+01, 2.42261002e+02, 8.57563171e+01, 2.42693726e+02,
    1.29350815e+02, 2.30721420e+02, 1.21785301e+02, 2.31345169e+02,
    1.14567253e+02, 2.31954361e+02, 1.07216774e+02, 2.32805756e+02,
    9.98519440e+01, 2.33584442e+02, 9.28188858e+01, 2.34114105e+02,
    8.59196472e+01, 2.34970032e+02 ]
