%YAML:1.0
---
points: [ 2.21760880e+02, 2.73576233e+02, 2.12816711e+02, 2.74578796e+02,
    2.03830566e+02, 2.75569794e+02, 1.94858017e+02, 2.76549011e+02,
    1.85811310e+02, 2.77535156e+02, 1.76773621e+02, 2.78565338e+02,
    1.67755676e+02, 2.79497345e+02, 2.20869293e+02, 2.64620483e+02,
    2.11940231e+02, 2.65555725e+02, 2.02951675e+02, 2.66582886e+02,
    1.93938385e+02, 2.67530090e+02, 1.84949371e+02, 2.68533813e+02,
    1.75917221e+02, 2.69564636e+02, 1.66857895e+02, 2.70537964e+02,
    2.19962280e+02, 2.55668686e+02, 2.11032379e+02, 2.56686340e+02,
    2.02026611e+02, 2.57596771e+02, 1.93026001e+02, 2.58615112e+02,
    1.84098511e+02, 2.59584503e+02, 1.74986404e+02, 2.60528809e+02,
    1.65929413e+02, 2.61576599e+02, 2.19108551e+02, 2.46840866e+02,
    2.10112564e+02, 2.47781937e+02, 2.01194138e+02, 2.48684402e+02,
    1.92135681e+02, 2.49659729e+02, 1.83152435e+02, 2.50680420e+02,
    1.74087494e+02, 2.51631653e+02, 1.65061996e+02, 2.52599731e+02,
    2.18200394e+02, 2.37861969e+02, 2.09245239e+02, 2.38865555e+02,
    2.00198608e+02, 2.39752563e+02, 1.91268021e+02, 2.40738800e+02,
    1.82286041e+02, 2.41657181e+02, 1.73226395e+02, 2.42612717e+02,
    1.64195908e+02, 2.43624405e+02, 2.17239044e+02, 2.28944199e+02,
    2.08252533e+02, 2.29914719e+02, 1.99315582e+02, 2.30826569e+02,
    1.90368591e+02, 2.31775101e+02, 1.81327271e+02, 2.32694336e+02,
    1.72320694e+02, 2.33669342e+02, 1.63305908e+02, 2.34587875e+02,
    2.16309052e+02, 2.20115402e+02, 2.07409988e+02, 2.20974533e+02,
    1.98388641e+02, 2.21953003e+02, 1.89405975e+02, 2.22867676e+02,
    1.80419006e+02, 2.23816437e+02, 1.71445770e+02, 2.24736664e+02,
    1.62392761e+02, 2.25657303e+02, 2.15363632e+02, 2.11234085e+02,
    2.06368103e+02, 2.12209473e+02, 1.97488052e+02, 2.13052551e+02,
    1.88553284e+02, 2.14035309e+02, 1.79569809e+02, 2.14877274e+02,
    1.70593338e+02, 2.15813370e+02, 1.61420395e+02, 2.16687714e+02,
    2.14444107e+02, 2.02440323e+02, 2.05560211e+02, 2.03230103e+02,
    1.96549698e+02, 2.04217819e+02, 1.87589401e+02, 2.05146667e+02,
    1.78574112e+02, 2.05951935e+02, 1.69683655e+02, 2.06867722e+02,
    1.60607788e+02, 2.07803162e+02 ]
