%YAML:1.0
---
points: [ 4.27249542e+02, 1.56786362e+02, 4.49336884e+02, 1.70442261e+02,
    4.71080505e+02, 1.83699158e+02, 4.92658966e+02, 1.97146225e+02,
    5.13798279e+02, 2.10159866e+02, 5.35039978e+02, 2.23305450e+02,
    5.55637634e+02, 2.35762283e+02, 4.18289673e+02, 1.76493805e+02,
    4.40164093e+02, 1.89690048e+02, 4.61894806e+02, 2.03022980e+02,
    4.83187744e+02, 2.15889938e+02, 5.04502533e+02, 2.28941132e+02,
    5.25313904e+02, 2.41487381e+02, 5.46190491e+02, 2.54204666e+02,
    4.09138458e+02, 1.95614014e+02, 4.31094055e+02, 2.09046967e+02,
    4.52455109e+02, 2.21671127e+02, 4.73998718e+02, 2.34699280e+02,
    4.94912781e+02, 2.47225418e+02, 5.16097839e+02, 2.59861206e+02,
    5.36516724e+02, 2.72044983e+02, 4.00347717e+02, 2.14717606e+02,
    4.21890930e+02, 2.27487686e+02, 4.43636780e+02, 2.40396042e+02,
    4.64817841e+02, 2.52717773e+02, 4.85969849e+02, 2.65406982e+02,
    5.06612061e+02, 2.77558624e+02, 5.27300781e+02, 2.89683167e+02,
    3.91442474e+02, 2.33393280e+02, 4.13275024e+02, 2.46192856e+02,
    4.34634796e+02, 2.58537628e+02, 4.55912964e+02, 2.71151001e+02,
    4.76732147e+02, 2.83163605e+02, 4.97555664e+02, 2.95283386e+02,
    5.17906616e+02, 3.07135193e+02, 3.82943268e+02, 2.52052872e+02,
    4.04416870e+02, 2.64300140e+02, 4.25842926e+02, 2.76676971e+02,
    4.46904816e+02, 2.88638672e+02, 4.67999115e+02, 3.00935608e+02,
    4.88494568e+02, 3.12526947e+02, 5.09069214e+02, 3.24508759e+02,
    3.74300079e+02, 2.69963257e+02, 3.96046997e+02, 2.82495667e+02,
    4.17227661e+02, 2.94318359e+02, 4.38308594e+02, 3.06397339e+02,
    4.58982788e+02, 3.17954163e+02, 4.79626099e+02, 3.29869507e+02,
    4.99789978e+02, 3.41264130e+02, 3.66251892e+02, 2.88074615e+02,
    3.87525391e+02, 2.99822937e+02, 4.08701508e+02, 3.11833740e+02,
    4.29631378e+02, 3.23502411e+02, 4.50376038e+02, 3.35242523e+02,
    4.70864899e+02, 3.46565094e+02, 4.91178558e+02, 3.58095825e+02,
    3.57866364e+02, 3.05507324e+02, 3.79288330e+02, 3.17483429e+02,
    4.00287506e+02, 3.28975433e+02, 4.21223206e+02, 3.40736664e+02,
    4.41758057e+02, 3.51942871e+02, 4.62242920e+02, 3.63399994e+02,
    4.82304443e+02, 3.74314240e+02 ]
