%YAML:1.0
---
points: [ 6.43784866e+01, 2.38347641e+02, 7.24631348e+01, 2.40464310e+02,
    8.04740829e+01, 2.42373657e+02, 8.83436432e+01, 2.44451752e+02,
    9.62898788e+01, 2.46234970e+02, 1.04040497e+02, 2.48441483e+02,
    1.11788551e+02, 2.50113678e+02, 6.17972603e+01, 2.45279114e+02,
    7.00044098e+01, 2.47349304e+02, 7.81671677e+01, 2.49260391e+02,
    8.61382904e+01, 2.51240158e+02, 9.41320343e+01, 2.53127182e+02,
    1.02007385e+02, 2.54909027e+02, 1.09691689e+02, 2.57076111e+02,
    5.91309280e+01, 2.52331299e+02, 6.74102783e+01, 2.54321640e+02,
    7.56725769e+01, 2.56304260e+02, 8.37036209e+01, 2.58223907e+02,
    9.18217621e+01, 2.60171814e+02, 9.96885605e+01, 2.62011505e+02,
    1.07661613e+02, 2.63616333e+02, 5.66300087e+01, 2.59340332e+02,
    6.49112015e+01, 2.61478729e+02, 7.31980057e+01, 2.63278839e+02,
    8.14481201e+01, 2.65283722e+02, 8.95306778e+01, 2.66989685e+02,
    9.76118011e+01, 2.68895050e+02, 1.05459442e+02, 2.70714050e+02,
    5.38903503e+01, 2.66952728e+02, 6.22836342e+01, 2.68750610e+02,
    7.07130203e+01, 2.70718872e+02, 7.90246964e+01, 2.72538361e+02,
    8.71819534e+01, 2.74473572e+02, 9.53210754e+01, 2.76210968e+02,
    1.03297195e+02, 2.77987152e+02, 5.11768456e+01, 2.74216705e+02,
    5.96645393e+01, 2.76261108e+02, 6.81307373e+01, 2.78161072e+02,
    7.65124588e+01, 2.80066895e+02, 8.47891541e+01, 2.81772308e+02,
    9.30695114e+01, 2.83575073e+02, 1.01219307e+02, 2.85229706e+02,
    4.83819962e+01, 2.81959503e+02, 5.70816345e+01, 2.83799225e+02,
    6.55033493e+01, 2.85739929e+02, 7.40533829e+01, 2.87496216e+02,
    8.23800201e+01, 2.89371857e+02, 9.07306824e+01, 2.91058655e+02,
    9.89795990e+01, 2.92845276e+02, 4.56721039e+01, 2.89711792e+02,
    5.43474846e+01, 2.91672638e+02, 6.29695091e+01, 2.93460632e+02,
    7.15086365e+01, 2.95364105e+02, 8.00095062e+01, 2.97055725e+02,
    8.83445511e+01, 2.98892426e+02, 9.66174088e+01, 3.00389740e+02,
    4.28493881e+01, 2.97740784e+02, 5.16346436e+01, 2.99546356e+02,
    6.02898026e+01, 3.01518616e+02, 6.89283676e+01, 3.03145599e+02,
    7.75145721e+01, 3.04894897e+02, 8.60648804e+01, 3.06468964e+02,
    9.43118362e+01, 3.08261505e+02 ]
