%YAML:1.0
---
points: [ 2.22402618e+02, 1.24623573e+02, 2.29025879e+02, 1.31245163e+02,
    2.35672440e+02, 1.37893402e+02, 2.42138260e+02, 1.44337814e+02,
    2.48671646e+02, 1.50890350e+02, 2.55170303e+02, 1.57266479e+02,
    2.61600372e+02, 1.63598969e+02, 2.16053375e+02, 1.31253723e+02,
    2.22755356e+02, 1.37869919e+02, 2.29339722e+02, 1.44452072e+02,
    2.35911819e+02, 1.50918213e+02, 2.42394760e+02, 1.57357483e+02,
    2.48949677e+02, 1.63768372e+02, 2.55367905e+02, 1.70152435e+02,
    2.09710480e+02, 1.37913406e+02, 2.16309097e+02, 1.44518478e+02,
    2.23133301e+02, 1.51007126e+02, 2.29620636e+02, 1.57402802e+02,
    2.36218124e+02, 1.63926437e+02, 2.42646423e+02, 1.70284302e+02,
    2.49209747e+02, 1.76606720e+02, 2.03327713e+02, 1.44535019e+02,
    2.10152298e+02, 1.51041138e+02, 2.16769714e+02, 1.57522690e+02,
    2.23456146e+02, 1.64062622e+02, 2.29874756e+02, 1.70406479e+02,
    2.36513245e+02, 1.76761810e+02, 2.42967133e+02, 1.83075485e+02,
    1.96977310e+02, 1.51020294e+02, 2.03736237e+02, 1.57683914e+02,
    2.10441711e+02, 1.64154678e+02, 2.17024002e+02, 1.70465302e+02,
    2.23804398e+02, 1.76831482e+02, 2.30290817e+02, 1.83318710e+02,
    2.36760529e+02, 1.89573242e+02, 1.90675720e+02, 1.57750610e+02,
    1.97491043e+02, 1.64227554e+02, 2.04156143e+02, 1.70718750e+02,
    2.10696640e+02, 1.77154907e+02, 2.17342255e+02, 1.83671829e+02,
    2.23940018e+02, 1.89694382e+02, 2.30437225e+02, 1.95977859e+02,
    1.84317764e+02, 1.64333572e+02, 1.91164459e+02, 1.70766449e+02,
    1.97921783e+02, 1.77320053e+02, 2.04602829e+02, 1.83617706e+02,
    2.11055359e+02, 1.89842987e+02, 2.17825302e+02, 1.96371399e+02,
    2.24314667e+02, 2.02448273e+02, 1.77975296e+02, 1.70887817e+02,
    1.84775925e+02, 1.77400696e+02, 1.91597656e+02, 1.83806030e+02,
    1.98318100e+02, 1.90119781e+02, 2.04994675e+02, 1.96541458e+02,
    2.11614059e+02, 2.02679092e+02, 2.18171021e+02, 2.09002518e+02,
    1.71628922e+02, 1.77523010e+02, 1.78455826e+02, 1.84035568e+02,
    1.85290527e+02, 1.90314453e+02, 1.92039185e+02, 1.96677811e+02,
    1.98682236e+02, 2.02992325e+02, 2.05337265e+02, 2.09261902e+02,
    2.11935593e+02, 2.15384232e+02 ]
