%YAML:1.0
---
points: [ 7.94247742e+02, 2.72110901e+02, 8.14106689e+02, 2.91743683e+02,
    8.33722961e+02, 3.11232300e+02, 8.53214355e+02, 3.30572754e+02,
    8.72606750e+02, 3.49650177e+02, 8.91838379e+02, 3.68524475e+02,
    9.10942993e+02, 3.87288666e+02, 7.75532715e+02, 2.91729614e+02,
    7.95307739e+02, 3.11244110e+02, 8.15082703e+02, 3.30616852e+02,
    8.34698975e+02, 3.49634491e+02, 8.54166870e+02, 3.68697815e+02,
    8.73416687e+02, 3.87704163e+02, 8.92660583e+02, 4.06495178e+02,
    7.56674133e+02, 3.11231750e+02, 7.76721130e+02, 3.30789948e+02,
    7.96647949e+02, 3.49945892e+02, 8.16230835e+02, 3.69215027e+02,
    8.35687256e+02, 3.88124695e+02, 8.55191589e+02, 4.06765594e+02,
    8.74294739e+02, 4.25562683e+02, 7.38097168e+02, 3.30749878e+02,
    7.58206543e+02, 3.50045990e+02, 7.77866394e+02, 3.69304504e+02,
    7.97778564e+02, 3.88186035e+02, 8.17258850e+02, 4.07150330e+02,
    8.36740112e+02, 4.25909393e+02, 8.56141846e+02, 4.44551636e+02,
    7.19376343e+02, 3.50189209e+02, 7.39424683e+02, 3.69548584e+02,
    7.59563293e+02, 3.88600311e+02, 7.79271240e+02, 4.07707977e+02,
    7.99093445e+02, 4.26447113e+02, 8.18389648e+02, 4.45152039e+02,
    8.37815430e+02, 4.63543396e+02, 7.00505493e+02, 3.69650726e+02,
    7.20742798e+02, 3.88852692e+02, 7.40640869e+02, 4.08019196e+02,
    7.60675598e+02, 4.26695709e+02, 7.80327271e+02, 4.45673920e+02,
    8.00123474e+02, 4.64257843e+02, 8.19387512e+02, 4.82694733e+02,
    6.81727112e+02, 3.89288116e+02, 7.02052979e+02, 4.08322662e+02,
    7.22247986e+02, 4.27332458e+02, 7.42137817e+02, 4.46319305e+02,
    7.61985474e+02, 4.64654633e+02, 7.81595093e+02, 4.83194061e+02,
    8.01158508e+02, 5.01847992e+02, 6.62884766e+02, 4.08559723e+02,
    6.83407166e+02, 4.27731781e+02, 7.03595886e+02, 4.46647034e+02,
    7.23664368e+02, 4.65319763e+02, 7.43490662e+02, 4.83975525e+02,
    7.63132141e+02, 5.02492859e+02, 7.82675598e+02, 5.20700928e+02,
    6.44294373e+02, 4.28172516e+02, 6.64543579e+02, 4.47141266e+02,
    6.84732117e+02, 4.65845764e+02, 7.04816284e+02, 4.84579041e+02,
    7.24885315e+02, 5.03145905e+02, 7.44779053e+02, 5.21480103e+02,
    7.64449036e+02, 5.39916016e+02 ]
