%YAML:1.0
---
points: [ 2.38038086e+02, 1.23618904e+02, 2.46370682e+02, 1.25711143e+02,
    2.54798096e+02, 1.28000320e+02, 2.63367157e+02, 1.30288086e+02,
    2.72136108e+02, 1.32666794e+02, 2.81013916e+02, 1.34999741e+02,
    2.89942902e+02, 1.37392715e+02, 2.35444763e+02, 1.32672729e+02,
    2.43711197e+02, 1.35016998e+02, 2.52147202e+02, 1.37265335e+02,
    2.60690918e+02, 1.39705185e+02, 2.69346436e+02, 1.42041931e+02,
    2.78161346e+02, 1.44443420e+02, 2.87127899e+02, 1.46833954e+02,
    2.32837357e+02, 1.41751633e+02, 2.41106171e+02, 1.44152267e+02,
    2.49435776e+02, 1.46512604e+02, 2.57916199e+02, 1.48931244e+02,
    2.66515991e+02, 1.51331573e+02, 2.75276794e+02, 1.53807602e+02,
    2.84263428e+02, 1.56381760e+02, 2.30245499e+02, 1.50755051e+02,
    2.38455734e+02, 1.53140244e+02, 2.46766266e+02, 1.55533569e+02,
    2.55234955e+02, 1.58096237e+02, 2.63823700e+02, 1.60601166e+02,
    2.72492126e+02, 1.63135696e+02, 2.81421143e+02, 1.65688797e+02,
    2.27690720e+02, 1.59727859e+02, 2.35899399e+02, 1.62163071e+02,
    2.44170273e+02, 1.64662155e+02, 2.52608322e+02, 1.67177094e+02,
    2.61080261e+02, 1.69782166e+02, 2.69712036e+02, 1.72383774e+02,
    2.78523376e+02, 1.75056335e+02, 2.25206192e+02, 1.68611740e+02,
    2.33282578e+02, 1.71058685e+02, 2.41540436e+02, 1.73705933e+02,
    2.49876480e+02, 1.76272141e+02, 2.58369507e+02, 1.78872009e+02,
    2.66988434e+02, 1.81547531e+02, 2.75689301e+02, 1.84246780e+02,
    2.22667801e+02, 1.77414658e+02, 2.30783432e+02, 1.79968811e+02,
    2.38971512e+02, 1.82609436e+02, 2.47248444e+02, 1.85252380e+02,
    2.55698395e+02, 1.87973480e+02, 2.64259125e+02, 1.90628952e+02,
    2.72951508e+02, 1.93417191e+02, 2.20241196e+02, 1.86131104e+02,
    2.28257690e+02, 1.88785553e+02, 2.36367691e+02, 1.91470779e+02,
    2.44674393e+02, 1.94189941e+02, 2.53049362e+02, 1.96889709e+02,
    2.61593445e+02, 1.99668930e+02, 2.70188324e+02, 2.02381180e+02,
    2.17747162e+02, 1.94826889e+02, 2.25755005e+02, 1.97516800e+02,
    2.33820663e+02, 2.00259094e+02, 2.42058258e+02, 2.02976013e+02,
    2.50335648e+02, 2.05809692e+02, 2.58897919e+02, 2.08648590e+02,
    2.67404877e+02, 2.11592209e+02 ]
