%YAML:1.0
---
points: [ 6.18269043e+02, 2.21138962e+02, 6.08382202e+02, 2.35507065e+02,
    5.98601318e+02, 2.49650299e+02, 5.88963257e+02, 2.63494263e+02,
    5.79692200e+02, 2.77286896e+02, 5.70304199e+02, 2.90632355e+02,
    5.61341675e+02, 3.03867737e+02, 5.99858765e+02, 2.09336578e+02,
    5.90143005e+02, 2.23984222e+02, 5.80396606e+02, 2.38304565e+02,
    5.70972534e+02, 2.52494629e+02, 5.61564941e+02, 2.66258881e+02,
    5.52444275e+02, 2.80014069e+02, 5.43247437e+02, 2.93387512e+02,
    5.81266113e+02, 1.97364288e+02, 5.71402344e+02, 2.12202026e+02,
    5.61927368e+02, 2.26853958e+02, 5.52394226e+02, 2.41099396e+02,
    5.43235962e+02, 2.55279755e+02, 5.33975159e+02, 2.68991943e+02,
    5.25187805e+02, 2.82769287e+02, 5.62259766e+02, 1.85211884e+02,
    5.52587524e+02, 2.00349121e+02, 5.42993164e+02, 2.15132523e+02,
    5.33790039e+02, 2.29655212e+02, 5.24522888e+02, 2.43853622e+02,
    5.15545471e+02, 2.58113159e+02, 5.06528900e+02, 2.71873077e+02,
    5.42953369e+02, 1.72809433e+02, 5.33243652e+02, 1.88146286e+02,
    5.23878052e+02, 2.03209198e+02, 5.14590881e+02, 2.17818451e+02,
    5.05506165e+02, 2.32507538e+02, 4.96490662e+02, 2.46722031e+02,
    4.87870178e+02, 2.60838379e+02, 5.23037292e+02, 1.60145126e+02,
    5.13723450e+02, 1.75657852e+02, 5.04308167e+02, 1.90894531e+02,
    4.95255585e+02, 2.06089508e+02, 4.86128510e+02, 2.20677750e+02,
    4.77349335e+02, 2.35377869e+02, 4.68480103e+02, 2.49565735e+02,
    5.03212677e+02, 1.47253235e+02, 4.93702393e+02, 1.63046082e+02,
    4.84528748e+02, 1.78649612e+02, 4.75358704e+02, 1.93807632e+02,
    4.66539246e+02, 2.08896652e+02, 4.57632080e+02, 2.23600479e+02,
    4.49125336e+02, 2.38233047e+02, 4.82713806e+02, 1.34047272e+02,
    4.73435242e+02, 1.50209564e+02, 4.64299011e+02, 1.66009323e+02,
    4.55404694e+02, 1.81583511e+02, 4.46416565e+02, 1.96683548e+02,
    4.37883911e+02, 2.11871582e+02, 4.29260071e+02, 2.26499878e+02,
    4.62172424e+02, 1.20691673e+02, 4.52745575e+02, 1.37125534e+02,
    4.43754944e+02, 1.53289948e+02, 4.34768616e+02, 1.68963760e+02,
    4.26179779e+02, 1.84601028e+02, 4.17516388e+02, 1.99755096e+02,
    4.09223389e+02, 2.14817017e+02 ]
