%YAML:1.0
---
points: [ 8.39284546e+02, 2.69208527e+02, 8.63805664e+02, 2.75716797e+02,
    8.87969421e+02, 2.82396912e+02, 9.12848633e+02, 2.89267822e+02,
    9.38116272e+02, 2.96102997e+02, 9.64091614e+02, 3.03249115e+02,
    9.89986816e+02, 3.10169800e+02, 8.32283325e+02, 2.96006378e+02,
    8.55748169e+02, 3.02918976e+02, 8.80526733e+02, 3.09745636e+02,
    9.04714905e+02, 3.16784180e+02, 9.30239807e+02, 3.23648834e+02,
    9.55955139e+02, 3.30796204e+02, 9.81597412e+02, 3.37909668e+02,
    8.24312622e+02, 3.22967560e+02, 8.48649048e+02, 3.29751160e+02,
    8.72510681e+02, 3.36722931e+02, 8.97352905e+02, 3.43690613e+02,
    9.22349304e+02, 3.51154602e+02, 9.48006775e+02, 3.58799957e+02,
    9.73387939e+02, 3.66015289e+02, 8.17272766e+02, 3.49077545e+02,
    8.40835938e+02, 3.56384430e+02, 8.65191589e+02, 3.63502380e+02,
    8.89382263e+02, 3.71028778e+02, 9.14505310e+02, 3.78353363e+02,
    9.39499268e+02, 3.86016541e+02, 9.65305054e+02, 3.93491974e+02,
    8.09523865e+02, 3.75676270e+02, 8.33535339e+02, 3.82878113e+02,
    8.57308899e+02, 3.90476959e+02, 8.81825378e+02, 3.97715515e+02,
    9.06421509e+02, 4.05537109e+02, 9.31785461e+02, 4.13224518e+02,
    9.57099426e+02, 4.20784576e+02, 8.02435242e+02, 4.01644318e+02,
    8.26102295e+02, 4.09150269e+02, 8.50033020e+02, 4.16715668e+02,
    8.74208557e+02, 4.24517334e+02, 8.98930054e+02, 4.32247253e+02,
    9.23744995e+02, 4.40137878e+02, 9.49228516e+02, 4.48116730e+02,
    7.95206543e+02, 4.27808685e+02, 8.18692871e+02, 4.35378967e+02,
    8.42406372e+02, 4.43254974e+02, 8.66593933e+02, 4.50908539e+02,
    8.90951843e+02, 4.59037811e+02, 9.16228882e+02, 4.67135376e+02,
    9.41021729e+02, 4.75253998e+02, 7.88159241e+02, 4.53502960e+02,
    8.11418579e+02, 4.61310455e+02, 8.35175171e+02, 4.69207825e+02,
    8.59045593e+02, 4.77310638e+02, 8.83524048e+02, 4.85286255e+02,
    9.08154785e+02, 4.93463501e+02, 9.33259705e+02, 5.01727722e+02,
    7.81049316e+02, 4.79325806e+02, 8.04275391e+02, 4.87258423e+02,
    8.27655884e+02, 4.95318787e+02, 8.51573914e+02, 5.03414001e+02,
    8.75755310e+02, 5.11672394e+02, 9.00485474e+02, 5.20104736e+02,
    9.25258972e+02, 5.28529602e+02 ]
