%YAML:1.0
---
points: [ 6.21277390e+01, 1.84862640e+02, 7.00792694e+01, 1.84488968e+02,
    7.72712555e+01, 1.87978455e+02, 8.60831909e+01, 1.84125443e+02,
    9.39451141e+01, 1.84141327e+02, 1.02032288e+02, 1.83819534e+02,
    1.09865211e+02, 1.83880173e+02, 6.09433861e+01, 1.91336227e+02,
    6.88709564e+01, 1.91274918e+02, 7.68489609e+01, 1.91099152e+02,
    8.49078827e+01, 1.90874481e+02, 9.30061188e+01, 1.90731323e+02,
    1.01021446e+02, 1.90756058e+02, 1.09069229e+02, 1.90694321e+02,
    5.94050789e+01, 1.98564056e+02, 6.74784317e+01, 1.98314178e+02,
    7.55946198e+01, 1.98246460e+02, 8.37607269e+01, 1.97974152e+02,
    9.19334335e+01, 1.97930893e+02, 9.99665833e+01, 1.97806335e+02,
    1.08139572e+02, 1.97803146e+02, 5.81998634e+01, 2.05533340e+02,
    6.62084198e+01, 2.05481567e+02, 7.44344177e+01, 2.05248978e+02,
    8.26000290e+01, 2.05039871e+02, 9.08639069e+01, 2.04916290e+02,
    9.90117722e+01, 2.04863342e+02, 1.07188004e+02, 2.04802307e+02,
    5.67700424e+01, 2.12826141e+02, 6.50064392e+01, 2.12731796e+02,
    7.31552048e+01, 2.12705414e+02, 8.13672104e+01, 2.12682877e+02,
    8.96398621e+01, 2.12544022e+02, 9.80607147e+01, 2.12246658e+02,
    1.06217407e+02, 2.12152084e+02, 5.54212990e+01, 2.20020782e+02,
    6.36669884e+01, 2.19969803e+02, 7.20888062e+01, 2.19787003e+02,
    8.02541122e+01, 2.19731537e+02, 8.85899277e+01, 2.19684753e+02,
    9.69464798e+01, 2.19697708e+02, 1.05285767e+02, 2.19541687e+02,
    5.40789528e+01, 2.27850540e+02, 6.22926102e+01, 2.27717865e+02,
    7.06971130e+01, 2.27660309e+02, 7.90923462e+01, 2.27433456e+02,
    8.75246201e+01, 2.27302643e+02, 9.60126648e+01, 2.26980453e+02,
    1.04359451e+02, 2.26926437e+02, 5.27198906e+01, 2.35352509e+02,
    6.10563545e+01, 2.35443375e+02, 6.93406067e+01, 2.35120697e+02,
    7.78938370e+01, 2.35047287e+02, 8.63153610e+01, 2.34787659e+02,
    9.49010315e+01, 2.34760330e+02, 1.03277222e+02, 2.34671173e+02,
    5.12800713e+01, 2.43302017e+02, 5.96765213e+01, 2.43014435e+02,
    6.82277908e+01, 2.42866913e+02, 7.67522507e+01, 2.42661362e+02,
    8.52051163e+01, 2.42666245e+02, 9.37539520e+01, 2.42597092e+02,
    1.02291870e+02, 2.42431976e+02 ]
