%YAML:1.0
---
points: [ 1.56942093e+02, 1.99274368e+02, 1.49228180e+02, 1.99680328e+02,
    1.41697495e+02, 1.99916275e+02, 1.33959579e+02, 2.00496780e+02,
    1.26611649e+02, 2.00731461e+02, 1.18942780e+02, 2.01122177e+02,
    1.11685127e+02, 2.01627213e+02, 1.56889389e+02, 1.91225449e+02,
    1.49236603e+02, 1.91659454e+02, 1.41650848e+02, 1.91929062e+02,
    1.33937637e+02, 1.92579041e+02, 1.26630890e+02, 1.92775833e+02,
    1.19022034e+02, 1.93267166e+02, 1.11685097e+02, 1.93673767e+02,
    1.56873138e+02, 1.83212723e+02, 1.49216675e+02, 1.83716080e+02,
    1.41670029e+02, 1.84059967e+02, 1.33919876e+02, 1.84640823e+02,
    1.26606979e+02, 1.84868713e+02, 1.18936768e+02, 1.85427643e+02,
    1.11735359e+02, 1.85775131e+02, 1.56768448e+02, 1.75247696e+02,
    1.49194626e+02, 1.75697891e+02, 1.41644608e+02, 1.76133728e+02,
    1.33956711e+02, 1.76716873e+02, 1.26628098e+02, 1.77035172e+02,
    1.19025261e+02, 1.77635071e+02, 1.11733192e+02, 1.77898972e+02,
    1.56729782e+02, 1.67313660e+02, 1.49123611e+02, 1.67765198e+02,
    1.41644928e+02, 1.68289917e+02, 1.33920853e+02, 1.68739624e+02,
    1.26651924e+02, 1.69216263e+02, 1.19144073e+02, 1.69730865e+02,
    1.11791908e+02, 1.70145081e+02, 1.56722366e+02, 1.59401367e+02,
    1.49057343e+02, 1.59823792e+02, 1.41622177e+02, 1.60421844e+02,
    1.33955765e+02, 1.60867828e+02, 1.26670242e+02, 1.61423111e+02,
    1.19287712e+02, 1.61825592e+02, 1.11804832e+02, 1.62411499e+02,
    1.56694290e+02, 1.51567535e+02, 1.48965866e+02, 1.52005325e+02,
    1.41617081e+02, 1.52624893e+02, 1.34009201e+02, 1.53157196e+02,
    1.26708679e+02, 1.53697647e+02, 1.19349709e+02, 1.54205795e+02,
    1.11846962e+02, 1.54754990e+02, 1.56699570e+02, 1.43653046e+02,
    1.48950027e+02, 1.44249176e+02, 1.41626877e+02, 1.44783386e+02,
    1.33939804e+02, 1.45383362e+02, 1.26723793e+02, 1.45861465e+02,
    1.19459801e+02, 1.46520508e+02, 1.12031151e+02, 1.47013702e+02,
    1.56602982e+02, 1.35808914e+02, 1.48924866e+02, 1.36425690e+02,
    1.41624725e+02, 1.36946609e+02, 1.33994553e+02, 1.37646790e+02,
    1.26758041e+02, 1.38197968e+02, 1.19580017e+02, 1.38728943e+02,
    1.12192177e+02, 1.39439728e+02 ]
