%YAML:1.0
---
points: [ 2.65176697e+02, 1.65672012e+02, 2.70041504e+02, 1.73822205e+02,
    2.74847931e+02, 1.81862183e+02, 2.79754303e+02, 1.90003464e+02,
    2.84658813e+02, 1.97929916e+02, 2.89552673e+02, 2.06163864e+02,
    2.94457733e+02, 2.14111252e+02, 2.57275208e+02, 1.70748489e+02,
    2.62139404e+02, 1.78756805e+02, 2.67012970e+02, 1.86853470e+02,
    2.71774475e+02, 1.94818329e+02, 2.76671143e+02, 2.02859238e+02,
    2.81529907e+02, 2.10928864e+02, 2.86375854e+02, 2.18942871e+02,
    2.49451157e+02, 1.75712173e+02, 2.54283463e+02, 1.83752579e+02,
    2.59114716e+02, 1.91743576e+02, 2.63925171e+02, 1.99689133e+02,
    2.68750580e+02, 2.07651749e+02, 2.73552307e+02, 2.15613693e+02,
    2.78409546e+02, 2.23628296e+02, 2.41743515e+02, 1.80679596e+02,
    2.46574371e+02, 1.88594574e+02, 2.51380981e+02, 1.96511673e+02,
    2.56222992e+02, 2.04444763e+02, 2.60940308e+02, 2.12431137e+02,
    2.65772736e+02, 2.20344147e+02, 2.70611572e+02, 2.28301727e+02,
    2.34090027e+02, 1.85539047e+02, 2.38871216e+02, 1.93442902e+02,
    2.43683945e+02, 2.01304947e+02, 2.48409393e+02, 2.09242828e+02,
    2.53248001e+02, 2.17098557e+02, 2.57995789e+02, 2.24983093e+02,
    2.62819641e+02, 2.32890930e+02, 2.26528687e+02, 1.90367096e+02,
    2.31265808e+02, 1.98133438e+02, 2.36037277e+02, 2.06117706e+02,
    2.40787338e+02, 2.13948639e+02, 2.45611496e+02, 2.21756149e+02,
    2.50318146e+02, 2.29548935e+02, 2.55130630e+02, 2.37495758e+02,
    2.19060944e+02, 1.95089020e+02, 2.23791000e+02, 2.02933517e+02,
    2.28506577e+02, 2.10778259e+02, 2.33256485e+02, 2.18574600e+02,
    2.37997330e+02, 2.26366592e+02, 2.42764069e+02, 2.34148666e+02,
    2.47492813e+02, 2.41950104e+02, 2.11621185e+02, 1.99820419e+02,
    2.16364853e+02, 2.07582275e+02, 2.21083847e+02, 2.15352707e+02,
    2.25793289e+02, 2.23089005e+02, 2.30497513e+02, 2.30876663e+02,
    2.35237976e+02, 2.38655167e+02, 2.39978363e+02, 2.46414047e+02,
    2.04356857e+02, 2.04514145e+02, 2.09015640e+02, 2.12267776e+02,
    2.13717026e+02, 2.19934555e+02, 2.18447128e+02, 2.27691971e+02,
    2.23141464e+02, 2.35381805e+02, 2.27782379e+02, 2.43148575e+02,
    2.32520401e+02, 2.50807419e+02 ]
