%YAML:1.0
---
points: [ 5.65243835e+02, 3.28398376e+02, 5.54852234e+02, 3.48946259e+02,
    5.49163757e+02, 3.60097412e+02, 5.42414917e+02, 3.72574158e+02,
    5.35457642e+02, 3.86206696e+02, 5.28508911e+02, 3.99287506e+02,
    5.21347717e+02, 4.13144775e+02, 5.42404358e+02, 3.32605652e+02,
    5.38691711e+02, 3.40133331e+02, 5.29312012e+02, 3.56870331e+02,
    5.22157471e+02, 3.70268982e+02, 5.15157898e+02, 3.83049316e+02,
    5.07869110e+02, 3.96654877e+02, 5.00452179e+02, 4.10185150e+02,
    5.25860657e+02, 3.24858307e+02, 5.19898987e+02, 3.35143829e+02,
    5.09100403e+02, 3.54761993e+02, 5.02163330e+02, 3.66763275e+02,
    4.94696991e+02, 3.80356567e+02, 4.87323120e+02, 3.93447021e+02,
    4.79543396e+02, 4.07330017e+02, 5.03645386e+02, 3.26691559e+02,
    4.99671570e+02, 3.34195770e+02, 4.89539642e+02, 3.51118530e+02,
    4.81919952e+02, 3.64471222e+02, 4.74394318e+02, 3.77220184e+02,
    4.66724945e+02, 3.90612640e+02, 4.58784912e+02, 4.04260468e+02,
    4.80918091e+02, 3.29386139e+02, 4.76703796e+02, 3.36303101e+02,
    4.69405304e+02, 3.48734650e+02, 4.61846161e+02, 3.61166931e+02,
    4.53980865e+02, 3.74488861e+02, 4.46013824e+02, 3.87631195e+02,
    4.37770447e+02, 4.01534821e+02, 4.64694122e+02, 3.20863434e+02,
    4.57447540e+02, 3.33177551e+02, 4.49486328e+02, 3.45696320e+02,
    4.41623077e+02, 3.58563721e+02, 4.33517456e+02, 3.71432709e+02,
    4.25370819e+02, 3.84822601e+02, 4.16787415e+02, 3.98428619e+02,
    4.48791931e+02, 3.12487335e+02, 4.37585785e+02, 3.30350128e+02,
    4.29432159e+02, 3.43198822e+02, 4.21461365e+02, 3.55536835e+02,
    4.13296539e+02, 3.68671997e+02, 4.04583984e+02, 3.81877838e+02,
    3.96034302e+02, 3.95635681e+02, 4.25614960e+02, 3.15766602e+02,
    4.14124207e+02, 3.33113556e+02, 4.09781464e+02, 3.39806244e+02,
    4.01323914e+02, 3.52942413e+02, 3.92727600e+02, 3.65695465e+02,
    3.84073029e+02, 3.79205170e+02, 3.75083344e+02, 3.92544037e+02,
    4.02824951e+02, 3.18101074e+02, 3.98577911e+02, 3.24551361e+02,
    3.89716766e+02, 3.37356598e+02, 3.81118347e+02, 3.49862823e+02,
    3.72363129e+02, 3.62948120e+02, 3.63280792e+02, 3.76057495e+02,
    3.54154266e+02, 3.89684174e+02 ]
