%YAML:1.0
---
points: [ 9.18736938e+02, 3.93446716e+02, 9.33149475e+02, 4.17354218e+02,
    9.47477112e+02, 4.41101379e+02, 9.61773376e+02, 4.64942627e+02,
    9.76206116e+02, 4.88552246e+02, 9.90554138e+02, 5.12484436e+02,
    1.00502338e+03, 5.36186279e+02, 8.95768982e+02, 4.08384705e+02,
    9.10146423e+02, 4.31875824e+02, 9.24411133e+02, 4.55710449e+02,
    9.38678894e+02, 4.79298767e+02, 9.52915283e+02, 5.03048309e+02,
    9.67345703e+02, 5.26513794e+02, 9.81628784e+02, 5.50298706e+02,
    8.72997070e+02, 4.22946106e+02, 8.87313171e+02, 4.46525116e+02,
    9.01553833e+02, 4.70086945e+02, 9.15701538e+02, 4.93568481e+02,
    9.29998840e+02, 5.17067261e+02, 9.44288879e+02, 5.40601624e+02,
    9.58512207e+02, 5.64046509e+02, 8.50610962e+02, 4.37404175e+02,
    8.64748352e+02, 4.60774506e+02, 8.79045044e+02, 4.84295197e+02,
    8.93245361e+02, 5.07577332e+02, 9.07390381e+02, 5.31014465e+02,
    9.21580505e+02, 5.54368530e+02, 9.35714417e+02, 5.77735229e+02,
    8.28264893e+02, 4.51695251e+02, 8.42486938e+02, 4.75203003e+02,
    8.56552185e+02, 4.98373810e+02, 8.70714478e+02, 5.21658081e+02,
    8.84758118e+02, 5.44834595e+02, 8.98965210e+02, 5.68271179e+02,
    9.13178528e+02, 5.91394592e+02, 8.06196655e+02, 4.65927582e+02,
    8.20325439e+02, 4.89132416e+02, 8.34462830e+02, 5.12396057e+02,
    8.48468872e+02, 5.35436584e+02, 8.62525452e+02, 5.58613647e+02,
    8.76607971e+02, 5.81760254e+02, 8.90607483e+02, 6.04878052e+02,
    7.84411682e+02, 4.79935699e+02, 7.98511780e+02, 5.03104889e+02,
    8.12516785e+02, 5.26189819e+02, 8.26582214e+02, 5.49157654e+02,
    8.40537292e+02, 5.72209595e+02, 8.54536133e+02, 5.95318237e+02,
    8.68548584e+02, 6.18282166e+02, 7.62790344e+02, 4.93840179e+02,
    7.76839600e+02, 5.16884949e+02, 7.90789612e+02, 5.39726135e+02,
    8.04656616e+02, 5.62643066e+02, 8.18706238e+02, 5.85584229e+02,
    8.32572144e+02, 6.08480713e+02, 8.46556030e+02, 6.31423218e+02,
    7.41476624e+02, 5.07667175e+02, 7.55412170e+02, 5.30500061e+02,
    7.69338440e+02, 5.53362549e+02, 7.83223938e+02, 5.76116943e+02,
    7.96985291e+02, 5.98919128e+02, 8.10790100e+02, 6.21726196e+02,
    8.24700684e+02, 6.44549194e+02 ]
