%YAML:1.0
---
points: [ 2.29316071e+02, 1.76433731e+02, 2.32017181e+02, 1.85266708e+02,
    2.34728668e+02, 1.93982071e+02, 2.37327103e+02, 2.02441406e+02,
    2.39962097e+02, 2.10998093e+02, 2.42552551e+02, 2.19242569e+02,
    2.45088715e+02, 2.27378601e+02, 2.20193695e+02, 1.79113174e+02,
    2.23028107e+02, 1.88016800e+02, 2.25827454e+02, 1.96692520e+02,
    2.28568863e+02, 2.05287979e+02, 2.31192673e+02, 2.13613831e+02,
    2.33862381e+02, 2.21846527e+02, 2.36482239e+02, 2.30015167e+02,
    2.11112335e+02, 1.81973022e+02, 2.13979675e+02, 1.90726196e+02,
    2.16861954e+02, 1.99394104e+02, 2.19669159e+02, 2.07946381e+02,
    2.22442139e+02, 2.16300690e+02, 2.25140976e+02, 2.24460159e+02,
    2.27838364e+02, 2.32665787e+02, 2.02015182e+02, 1.84685165e+02,
    2.05005234e+02, 1.93491272e+02, 2.07944992e+02, 2.02104858e+02,
    2.10834702e+02, 2.10625305e+02, 2.13689926e+02, 2.19021240e+02,
    2.16507950e+02, 2.27173874e+02, 2.19157013e+02, 2.35225342e+02,
    1.92851593e+02, 1.87417648e+02, 1.95913879e+02, 1.96190643e+02,
    1.98998764e+02, 2.04876312e+02, 2.01864960e+02, 2.13305176e+02,
    2.04809250e+02, 2.21669968e+02, 2.07672592e+02, 2.29851669e+02,
    2.10550980e+02, 2.37934708e+02, 1.83634460e+02, 1.90210739e+02,
    1.86818176e+02, 1.99004807e+02, 1.89908554e+02, 2.07584335e+02,
    1.92899368e+02, 2.16014954e+02, 1.95963501e+02, 2.24362213e+02,
    1.98899796e+02, 2.32561508e+02, 2.01817093e+02, 2.40586624e+02,
    1.74478745e+02, 1.92980164e+02, 1.77740875e+02, 2.01684479e+02,
    1.80926773e+02, 2.10308914e+02, 1.84003098e+02, 2.18790085e+02,
    1.87108643e+02, 2.27023621e+02, 1.90061844e+02, 2.35196609e+02,
    1.93077988e+02, 2.43277969e+02, 1.65252731e+02, 1.95693939e+02,
    1.68642899e+02, 2.04452499e+02, 1.71856537e+02, 2.13022430e+02,
    1.75098190e+02, 2.21431366e+02, 1.78247726e+02, 2.29703262e+02,
    1.81329407e+02, 2.37900040e+02, 1.84385727e+02, 2.45922867e+02,
    1.56046417e+02, 1.98438873e+02, 1.59420197e+02, 2.07181030e+02,
    1.62788406e+02, 2.15742477e+02, 1.66051270e+02, 2.24174988e+02,
    1.69308990e+02, 2.32459198e+02, 1.72459274e+02, 2.40569550e+02,
    1.75637695e+02, 2.48581512e+02 ]
