%YAML:1.0
---
points: [ 5.36087952e+02, 3.34592590e+02, 5.30403870e+02, 3.50436249e+02,
    5.24591003e+02, 3.66597504e+02, 5.18827209e+02, 3.82823822e+02,
    5.12938782e+02, 3.99529480e+02, 5.06950134e+02, 4.16115173e+02,
    5.00803040e+02, 4.33249451e+02, 5.17395691e+02, 3.25959229e+02,
    5.11538635e+02, 3.41905029e+02, 5.05511047e+02, 3.58075775e+02,
    4.99594513e+02, 3.74510956e+02, 4.93465302e+02, 3.91165955e+02,
    4.87319122e+02, 4.08140839e+02, 4.80974365e+02, 4.25282288e+02,
    4.98377563e+02, 3.16879150e+02, 4.92355469e+02, 3.33116608e+02,
    4.86280365e+02, 3.49455658e+02, 4.79914368e+02, 3.65926178e+02,
    4.73693298e+02, 3.82844421e+02, 4.67371185e+02, 3.99760040e+02,
    4.60821045e+02, 4.16965179e+02, 4.79011841e+02, 3.07894470e+02,
    4.72716461e+02, 3.24213867e+02, 4.66597351e+02, 3.40616760e+02,
    4.60155273e+02, 3.57409088e+02, 4.53496033e+02, 3.74240356e+02,
    4.47047089e+02, 3.91397919e+02, 4.40370911e+02, 4.08703888e+02,
    4.59329041e+02, 2.98746429e+02, 4.52707520e+02, 3.15120239e+02,
    4.46313873e+02, 3.31679749e+02, 4.39674652e+02, 3.48430481e+02,
    4.33037415e+02, 3.65507416e+02, 4.26086151e+02, 3.82694672e+02,
    4.19280670e+02, 4.00372498e+02, 4.39141113e+02, 2.89377594e+02,
    4.32472229e+02, 3.05841431e+02, 4.25646973e+02, 3.22506927e+02,
    4.18938110e+02, 3.39428009e+02, 4.11940948e+02, 3.56557861e+02,
    4.04912415e+02, 3.74035889e+02, 3.97763550e+02, 3.91565796e+02,
    4.18685822e+02, 2.79792114e+02, 4.11673859e+02, 2.96419861e+02,
    4.04754242e+02, 3.13267242e+02, 3.97747162e+02, 3.30265045e+02,
    3.90622620e+02, 3.47583344e+02, 3.83331360e+02, 3.65042206e+02,
    3.75993439e+02, 3.82907440e+02, 3.97690033e+02, 2.70225525e+02,
    3.90645203e+02, 2.86833527e+02, 3.83511169e+02, 3.03730225e+02,
    3.76242065e+02, 3.20954895e+02, 3.68706604e+02, 3.38276367e+02,
    3.61372589e+02, 3.55980225e+02, 3.53647736e+02, 3.73725494e+02,
    3.76367432e+02, 2.60430939e+02, 3.69117767e+02, 2.77202515e+02,
    3.61712769e+02, 2.94214264e+02, 3.54195221e+02, 3.11341156e+02,
    3.46674377e+02, 3.28830078e+02, 3.38897278e+02, 3.46562714e+02,
    3.31124695e+02, 3.64632751e+02 ]
