%YAML:1.0
---
points: [ 1.47266174e+02, 2.25719376e+02, 1.41278091e+02, 2.30274109e+02,
    1.35921677e+02, 2.33816391e+02, 1.29895645e+02, 2.38863724e+02,
    1.24275337e+02, 2.42772278e+02, 1.18305817e+02, 2.47610474e+02,
    1.12454361e+02, 2.51596313e+02, 1.42855911e+02, 2.20572006e+02,
    1.37248047e+02, 2.24899017e+02, 1.31439087e+02, 2.29086319e+02,
    1.26144714e+02, 2.33429977e+02, 1.20029144e+02, 2.37835052e+02,
    1.14153748e+02, 2.42278961e+02, 1.08667580e+02, 2.46575500e+02,
    1.39000107e+02, 2.15406693e+02, 1.33295654e+02, 2.19482834e+02,
    1.27394867e+02, 2.23666016e+02, 1.21539635e+02, 2.28134659e+02,
    1.15875839e+02, 2.32260544e+02, 1.10027634e+02, 2.36717926e+02,
    1.03883980e+02, 2.41187347e+02, 1.34266708e+02, 2.10130539e+02,
    1.28993988e+02, 2.14425980e+02, 1.23181633e+02, 2.18338943e+02,
    1.17460747e+02, 2.22623215e+02, 1.11369904e+02, 2.27065750e+02,
    1.05769798e+02, 2.31327972e+02, 1.00257256e+02, 2.35632126e+02,
    1.30596161e+02, 2.04878433e+02, 1.24644753e+02, 2.08621979e+02,
    1.18973953e+02, 2.13390259e+02, 1.13165825e+02, 2.17387192e+02,
    1.07380478e+02, 2.21444839e+02, 1.01308762e+02, 2.26072693e+02,
    9.54624405e+01, 2.29975723e+02, 1.25756752e+02, 1.99370193e+02,
    1.20729874e+02, 2.03438843e+02, 1.14842728e+02, 2.07484467e+02,
    1.08935738e+02, 2.12270203e+02, 1.03060974e+02, 2.16271759e+02,
    9.72200241e+01, 2.20168640e+02, 9.15494080e+01, 2.24629623e+02,
    1.22202026e+02, 1.94570526e+02, 1.16252052e+02, 1.98283630e+02,
    1.10590851e+02, 2.02188828e+02, 1.04728973e+02, 2.06476715e+02,
    9.89449005e+01, 2.10929993e+02, 9.29320984e+01, 2.15583084e+02,
    8.75810089e+01, 2.19465088e+02, 1.17540939e+02, 1.88947235e+02,
    1.12149887e+02, 1.93225739e+02, 1.06342041e+02, 1.97299606e+02,
    1.00711929e+02, 2.01279770e+02, 9.50123749e+01, 2.05485687e+02,
    8.91904297e+01, 2.09906128e+02, 8.35643768e+01, 2.14250076e+02,
    1.13809616e+02, 1.84269470e+02, 1.08422264e+02, 1.87643005e+02,
    1.02504898e+02, 1.93067123e+02, 9.65860062e+01, 1.96174072e+02,
    9.06993790e+01, 2.00670242e+02, 8.50549088e+01, 2.04429062e+02,
    7.89070206e+01, 2.08867813e+02 ]
