%YAML:1.0
---
points: [ 8.12513855e+02, 4.24764465e+02, 8.21310486e+02, 4.51000580e+02,
    8.29676575e+02, 4.76665985e+02, 8.37997498e+02, 5.01790344e+02,
    8.46302551e+02, 5.26689941e+02, 8.54267456e+02, 5.51191650e+02,
    8.62237122e+02, 5.75295044e+02, 7.85609558e+02, 4.32902008e+02,
    7.94601562e+02, 4.59210480e+02, 8.03284851e+02, 4.84672485e+02,
    8.11688721e+02, 5.09730530e+02, 8.20298645e+02, 5.34596680e+02,
    8.28581482e+02, 5.59079346e+02, 8.36654907e+02, 5.82827515e+02,
    7.58574097e+02, 4.41026001e+02, 7.67799072e+02, 4.67190704e+02,
    7.76822571e+02, 4.92652985e+02, 7.85568237e+02, 5.17743958e+02,
    7.94311462e+02, 5.42591614e+02, 8.02644592e+02, 5.66932251e+02,
    8.11099243e+02, 5.90749512e+02, 7.31839111e+02, 4.49216095e+02,
    7.41307800e+02, 4.75332550e+02, 7.50356262e+02, 5.00743988e+02,
    7.59349060e+02, 5.25722290e+02, 7.68325073e+02, 5.50405945e+02,
    7.77152100e+02, 5.74757202e+02, 7.85517151e+02, 5.98574524e+02,
    7.04604492e+02, 4.57329895e+02, 7.14245850e+02, 4.83319885e+02,
    7.23678162e+02, 5.08605591e+02, 7.32963806e+02, 5.33694153e+02,
    7.42169983e+02, 5.58434387e+02, 7.50990479e+02, 5.82613464e+02,
    7.59817871e+02, 6.06504639e+02, 6.77412231e+02, 4.65503082e+02,
    6.87414429e+02, 4.91433350e+02, 6.97012207e+02, 5.16731689e+02,
    7.06485291e+02, 5.41661011e+02, 7.15876221e+02, 5.66376343e+02,
    7.25188782e+02, 5.90561584e+02, 7.33975159e+02, 6.14380737e+02,
    6.50227539e+02, 4.73622650e+02, 6.60332947e+02, 4.99530334e+02,
    6.70267639e+02, 5.24703430e+02, 6.80083740e+02, 5.49673401e+02,
    6.89496338e+02, 5.74375000e+02, 6.99007812e+02, 5.98476135e+02,
    7.08442932e+02, 6.22283447e+02, 6.22759277e+02, 4.81653992e+02,
    6.33313049e+02, 5.07597595e+02, 6.43465820e+02, 5.32793274e+02,
    6.53408203e+02, 5.57768738e+02, 6.63300293e+02, 5.82273132e+02,
    6.72932495e+02, 6.06476013e+02, 6.82461426e+02, 6.30055054e+02,
    5.95335022e+02, 4.89925751e+02, 6.06045288e+02, 5.15615173e+02,
    6.16374146e+02, 5.40897827e+02, 6.26691101e+02, 5.65768005e+02,
    6.36729614e+02, 5.90458923e+02, 6.46618774e+02, 6.14404968e+02,
    6.56497253e+02, 6.38169067e+02 ]
