%YAML:1.0
---
points: [ 3.17687866e+02, 1.93458969e+02, 3.12291809e+02, 2.01117416e+02,
    3.07035339e+02, 2.08702209e+02, 3.01731842e+02, 2.16097580e+02,
    2.96556702e+02, 2.23464493e+02, 2.91485962e+02, 2.30812332e+02,
    2.86499359e+02, 2.37966751e+02, 3.09815857e+02, 1.88260895e+02,
    3.04491272e+02, 1.95975113e+02, 2.99244049e+02, 2.03609299e+02,
    2.94057098e+02, 2.11079102e+02, 2.88943481e+02, 2.18489990e+02,
    2.83965820e+02, 2.25815125e+02, 2.78945618e+02, 2.32972168e+02,
    3.02032928e+02, 1.83199677e+02, 2.96686157e+02, 1.90908218e+02,
    2.91467072e+02, 1.98531403e+02, 2.86369690e+02, 2.06033966e+02,
    2.81364838e+02, 2.13456619e+02, 2.76351868e+02, 2.20783401e+02,
    2.71432434e+02, 2.28087143e+02, 2.94200317e+02, 1.78077026e+02,
    2.88985138e+02, 1.85854095e+02, 2.83826477e+02, 1.93511063e+02,
    2.78738037e+02, 2.01050613e+02, 2.73768463e+02, 2.08418457e+02,
    2.68818909e+02, 2.15849289e+02, 2.63953278e+02, 2.23074463e+02,
    2.86398987e+02, 1.72944412e+02, 2.81220764e+02, 1.80716934e+02,
    2.76143127e+02, 1.88382507e+02, 2.71062134e+02, 1.95984848e+02,
    2.66164093e+02, 2.03450958e+02, 2.61271790e+02, 2.10882401e+02,
    2.56437927e+02, 2.18171631e+02, 2.78548645e+02, 1.67825684e+02,
    2.73458710e+02, 1.75664703e+02, 2.68389893e+02, 1.83319565e+02,
    2.63459412e+02, 1.90898956e+02, 2.58514008e+02, 1.98402344e+02,
    2.53747742e+02, 2.05873550e+02, 2.48911560e+02, 2.13153702e+02,
    2.70829956e+02, 1.62649643e+02, 2.65694061e+02, 1.70515564e+02,
    2.60709198e+02, 1.78277313e+02, 2.55840317e+02, 1.85926788e+02,
    2.50948441e+02, 1.93391510e+02, 2.46173691e+02, 2.00867386e+02,
    2.41427994e+02, 2.08277344e+02, 2.62922180e+02, 1.57545654e+02,
    2.57991638e+02, 1.65405731e+02, 2.53026993e+02, 1.73143326e+02,
    2.48161896e+02, 1.80866852e+02, 2.43355667e+02, 1.88435959e+02,
    2.38619583e+02, 1.95946411e+02, 2.33926468e+02, 2.03287582e+02,
    2.55207397e+02, 1.52370651e+02, 2.50215897e+02, 1.60303085e+02,
    2.45325592e+02, 1.68149338e+02, 2.40538086e+02, 1.75793930e+02,
    2.35755646e+02, 1.83449799e+02, 2.31091843e+02, 1.90918472e+02,
    2.26527588e+02, 1.98331955e+02 ]
