%YAML:1.0
---
points: [ 5.05070801e+02, 4.38704590e+02, 4.88076233e+02, 4.47078156e+02,
    4.70175903e+02, 4.55350098e+02, 4.52112488e+02, 4.63834198e+02,
    4.33462891e+02, 4.72620941e+02, 4.14555939e+02, 4.81524658e+02,
    3.94912720e+02, 4.90766510e+02, 4.92558899e+02, 4.27530487e+02,
    4.75054932e+02, 4.35489380e+02, 4.57419373e+02, 4.43608337e+02,
    4.39243958e+02, 4.52040863e+02, 4.20644409e+02, 4.60617859e+02,
    4.01419861e+02, 4.69376770e+02, 3.82018951e+02, 4.78551300e+02,
    4.79560303e+02, 4.16038147e+02, 4.62560944e+02, 4.24104736e+02,
    4.44520416e+02, 4.31907806e+02, 4.26432495e+02, 4.40314514e+02,
    4.07582672e+02, 4.48610107e+02, 3.88656921e+02, 4.57393982e+02,
    3.68886017e+02, 4.66245667e+02, 4.67576843e+02, 4.05169220e+02,
    4.49744873e+02, 4.12609406e+02, 4.32106384e+02, 4.20634521e+02,
    4.13683472e+02, 4.28636444e+02, 3.95209686e+02, 4.36991547e+02,
    3.75822296e+02, 4.45461731e+02, 3.56377747e+02, 4.54200806e+02,
    4.54822449e+02, 3.93743713e+02, 4.37563110e+02, 4.01593994e+02,
    4.19505737e+02, 4.09251312e+02, 4.01346527e+02, 4.17246216e+02,
    3.82466583e+02, 4.25349731e+02, 3.63336151e+02, 4.33567108e+02,
    3.43557526e+02, 4.42122772e+02, 4.42773865e+02, 3.83155914e+02,
    4.24723724e+02, 3.90085999e+02, 4.07297668e+02, 3.98143433e+02,
    3.88532593e+02, 4.05587158e+02, 3.69933441e+02, 4.13688934e+02,
    3.50610718e+02, 4.21724823e+02, 3.31140839e+02, 4.30300018e+02,
    4.30396881e+02, 3.72080414e+02, 4.13128601e+02, 3.79612366e+02,
    3.94622162e+02, 3.86664398e+02, 3.76642822e+02, 3.94556458e+02,
    3.57516022e+02, 4.02180176e+02, 3.38474121e+02, 4.10349701e+02,
    3.18651367e+02, 4.18422272e+02, 4.18613983e+02, 3.61647614e+02,
    4.00494934e+02, 3.68351776e+02, 3.83104675e+02, 3.76106323e+02,
    3.64430237e+02, 3.83425323e+02, 3.45787384e+02, 3.91127136e+02,
    3.26206390e+02, 3.98784943e+02, 3.06634552e+02, 4.06803497e+02,
    4.06828705e+02, 3.51381805e+02, 3.89198364e+02, 3.58296600e+02,
    3.70543365e+02, 3.64659943e+02, 3.52409332e+02, 3.72438324e+02,
    3.33362457e+02, 3.79633484e+02, 3.14362549e+02, 3.87452423e+02,
    2.94272827e+02, 3.95138092e+02 ]
