%YAML:1.0
---
points: [ 1.19125114e+02, 1.76710938e+02, 1.12073502e+02, 1.78175064e+02,
    1.04963669e+02, 1.78608902e+02, 9.76254959e+01, 1.79937317e+02,
    9.03757477e+01, 1.80638641e+02, 8.30725174e+01, 1.81631729e+02,
    7.58027344e+01, 1.82680832e+02, 1.17869499e+02, 1.70168076e+02,
    1.10868591e+02, 1.71145020e+02, 1.03655205e+02, 1.72100342e+02,
    9.64798431e+01, 1.73056305e+02, 8.92891159e+01, 1.74012680e+02,
    8.20789185e+01, 1.75078918e+02, 7.46029968e+01, 1.75941971e+02,
    1.17421989e+02, 1.67119705e+02, 1.09811043e+02, 1.64431564e+02,
    1.02626289e+02, 1.65597534e+02, 9.53635101e+01, 1.66358368e+02,
    8.81980743e+01, 1.67421463e+02, 8.08666840e+01, 1.68262390e+02,
    7.35179596e+01, 1.69267365e+02, 1.15196014e+02, 1.54080917e+02,
    1.08661171e+02, 1.58210037e+02, 1.01377716e+02, 1.58675354e+02,
    9.42839050e+01, 1.59877701e+02, 8.70937195e+01, 1.60393158e+02,
    7.98072968e+01, 1.61603439e+02, 7.24636154e+01, 1.62207413e+02,
    1.14602615e+02, 1.50498474e+02, 1.07515732e+02, 1.51186340e+02,
    1.00308449e+02, 1.52203018e+02, 9.31622086e+01, 1.53125641e+02,
    8.60015945e+01, 1.54074081e+02, 7.87046432e+01, 1.54789474e+02,
    7.19402924e+01, 1.59265060e+02, 1.13336716e+02, 1.44004379e+02,
    1.06331398e+02, 1.44751541e+02, 9.92614136e+01, 1.45473358e+02,
    9.21286011e+01, 1.46435043e+02, 8.48531036e+01, 1.47182892e+02,
    7.75476913e+01, 1.47959137e+02, 7.02813339e+01, 1.48580383e+02,
    1.12362411e+02, 1.37421356e+02, 1.05267128e+02, 1.38197525e+02,
    9.81905289e+01, 1.39018127e+02, 9.10215988e+01, 1.39647232e+02,
    8.37979584e+01, 1.40474609e+02, 7.64981232e+01, 1.41312592e+02,
    6.98164902e+01, 1.45439148e+02, 1.10687500e+02, 1.27322609e+02,
    1.04241562e+02, 1.31478256e+02, 9.70434875e+01, 1.32256271e+02,
    9.00407715e+01, 1.33459595e+02, 8.27031097e+01, 1.33739426e+02,
    7.59903183e+01, 1.38044754e+02, 6.82551498e+01, 1.35245361e+02,
    1.10224884e+02, 1.24453407e+02, 1.03218216e+02, 1.24936188e+02,
    9.65808334e+01, 1.29351913e+02, 8.89729309e+01, 1.26346535e+02,
    8.16675873e+01, 1.27325768e+02, 7.45172577e+01, 1.28091873e+02,
    6.77407532e+01, 1.31964203e+02 ]
