%YAML:1.0
---
points: [ 1.07372803e+03, 4.75331787e+02, 1.05830078e+03, 4.97882935e+02,
    1.04309656e+03, 5.20111938e+02, 1.02802490e+03, 5.42060974e+02,
    1.01323773e+03, 5.63619751e+02, 9.98569336e+02, 5.85216248e+02,
    9.84119934e+02, 6.06407166e+02, 1.05066296e+03, 4.60116425e+02,
    1.03544617e+03, 4.82691986e+02, 1.02038635e+03, 5.05132751e+02,
    1.00545404e+03, 5.27212097e+02, 9.90722717e+02, 5.48875061e+02,
    9.76286499e+02, 5.70425903e+02, 9.62034119e+02, 5.91767883e+02,
    1.02760083e+03, 4.45067993e+02, 1.01261243e+03, 4.67696014e+02,
    9.97577820e+02, 4.90185455e+02, 9.82881165e+02, 5.12321228e+02,
    9.68380127e+02, 5.34272400e+02, 9.53974121e+02, 5.55721924e+02,
    9.39856873e+02, 5.77125305e+02, 1.00474170e+03, 4.29985504e+02,
    9.89776306e+02, 4.52746307e+02, 9.74962097e+02, 4.75334930e+02,
    9.60463562e+02, 4.97537231e+02, 9.46200867e+02, 5.19471130e+02,
    9.31796692e+02, 5.41263672e+02, 9.17815002e+02, 5.62587036e+02,
    9.81707397e+02, 4.14708130e+02, 9.66836365e+02, 4.37732788e+02,
    9.52260742e+02, 4.60339539e+02, 9.37864502e+02, 4.82588593e+02,
    9.23637695e+02, 5.04648071e+02, 9.09533081e+02, 5.26489990e+02,
    8.95660095e+02, 5.47976929e+02, 9.58660461e+02, 3.99666321e+02,
    9.44136169e+02, 4.22666016e+02, 9.29558289e+02, 4.45386383e+02,
    9.15394287e+02, 4.67730408e+02, 9.01162964e+02, 4.89952881e+02,
    8.87329163e+02, 5.11702606e+02, 8.73571289e+02, 5.33394470e+02,
    9.35680603e+02, 3.84455994e+02, 9.21247192e+02, 4.07633484e+02,
    9.06854492e+02, 4.30421722e+02, 8.92730408e+02, 4.52862610e+02,
    8.78803101e+02, 4.75182159e+02, 8.64956543e+02, 4.97188416e+02,
    8.51437683e+02, 5.18755737e+02, 9.12658264e+02, 3.69288757e+02,
    8.98458069e+02, 3.92516235e+02, 8.84283936e+02, 4.15457581e+02,
    8.70317139e+02, 4.38012329e+02, 8.56436707e+02, 4.60373444e+02,
    8.42816956e+02, 4.82469757e+02, 8.29347595e+02, 5.04245087e+02,
    8.89636597e+02, 3.53997131e+02, 8.75517822e+02, 3.77436523e+02,
    8.61477356e+02, 4.00480499e+02, 8.47632507e+02, 4.23215302e+02,
    8.34005127e+02, 4.45559265e+02, 8.20502014e+02, 4.67748993e+02,
    8.07147278e+02, 4.89596649e+02 ]
