%YAML:1.0
---
points: [ 1.00824127e+02, 1.52286545e+02, 9.32522583e+01, 1.53440765e+02,
    8.55835800e+01, 1.54953934e+02, 7.79869995e+01, 1.56174622e+02,
    7.03341446e+01, 1.57550156e+02, 6.26359329e+01, 1.58995560e+02,
    5.53012466e+01, 1.60410889e+02, 9.93578568e+01, 1.44828751e+02,
    9.18101273e+01, 1.46246124e+02, 8.41580811e+01, 1.47468643e+02,
    7.65224991e+01, 1.48890152e+02, 6.89635468e+01, 1.50207352e+02,
    6.13009949e+01, 1.51631500e+02, 5.38634491e+01, 1.52831207e+02,
    9.80295639e+01, 1.37507385e+02, 9.03823853e+01, 1.38803665e+02,
    8.27627563e+01, 1.40144089e+02, 7.51662140e+01, 1.41425598e+02,
    6.75975494e+01, 1.42839951e+02, 6.00865517e+01, 1.44135910e+02,
    5.24767113e+01, 1.45644852e+02, 9.65762482e+01, 1.30146255e+02,
    8.90642929e+01, 1.31488556e+02, 8.13725891e+01, 1.32788391e+02,
    7.39443817e+01, 1.34236572e+02, 6.62029190e+01, 1.35421890e+02,
    5.87167091e+01, 1.36877289e+02, 5.11874733e+01, 1.38134811e+02,
    9.52564011e+01, 1.22872513e+02, 8.76193237e+01, 1.24108177e+02,
    8.00546494e+01, 1.25412796e+02, 7.24272308e+01, 1.26719185e+02,
    6.49847870e+01, 1.28123672e+02, 5.73975220e+01, 1.29429642e+02,
    5.01015396e+01, 1.30937546e+02, 9.38110428e+01, 1.15411171e+02,
    8.63280792e+01, 1.16760666e+02, 7.87563019e+01, 1.18089714e+02,
    7.12305756e+01, 1.19482140e+02, 6.36581535e+01, 1.20802246e+02,
    5.62657433e+01, 1.22244576e+02, 4.87703819e+01, 1.23425499e+02,
    9.25023499e+01, 1.08254265e+02, 8.50262451e+01, 1.09464508e+02,
    7.73843231e+01, 1.10852394e+02, 6.99770203e+01, 1.12159676e+02,
    6.24208641e+01, 1.13495544e+02, 5.50220757e+01, 1.14832901e+02,
    4.75965500e+01, 1.16310379e+02, 9.12163086e+01, 1.00910645e+02,
    8.36707153e+01, 1.02238281e+02, 7.61624374e+01, 1.03475090e+02,
    6.87248001e+01, 1.04995514e+02, 6.11500320e+01, 1.06178474e+02,
    5.38986816e+01, 1.07743111e+02, 4.64308472e+01, 1.08996635e+02,
    8.98899689e+01, 9.37056885e+01, 8.23475418e+01, 9.49688568e+01,
    7.49385757e+01, 9.63411179e+01, 6.74688568e+01, 9.76070862e+01,
    6.01459465e+01, 9.91695175e+01, 5.26263428e+01, 1.00359810e+02,
    4.54201965e+01, 1.01962105e+02 ]
