%YAML:1.0
---
points: [ 4.69739868e+02, 4.79616364e+02, 4.60330383e+02, 4.93982178e+02,
    4.50458618e+02, 5.08690125e+02, 4.40592072e+02, 5.23656860e+02,
    4.30402924e+02, 5.39041138e+02, 4.20119598e+02, 5.54525024e+02,
    4.09431000e+02, 5.70562622e+02, 4.52244537e+02, 4.69322113e+02,
    4.42360657e+02, 4.83757965e+02, 4.32376953e+02, 4.98498962e+02,
    4.22205261e+02, 5.13499329e+02, 4.11807556e+02, 5.28702332e+02,
    4.01184113e+02, 5.44504272e+02, 3.90335510e+02, 5.60437378e+02,
    4.34322205e+02, 4.58781555e+02, 4.24297028e+02, 4.73251312e+02,
    4.14064026e+02, 4.88046539e+02, 4.03574036e+02, 5.02987183e+02,
    3.92948547e+02, 5.18421753e+02, 3.82082581e+02, 5.33964844e+02,
    3.70960632e+02, 5.50106689e+02, 4.16355896e+02, 4.48214569e+02,
    4.05955475e+02, 4.62721619e+02, 3.95512451e+02, 4.77475525e+02,
    3.84760956e+02, 4.92579956e+02, 3.73915192e+02, 5.07763794e+02,
    3.62724548e+02, 5.23597107e+02, 3.51395264e+02, 5.39547607e+02,
    3.97877350e+02, 4.37414978e+02, 3.87354919e+02, 4.51904877e+02,
    3.76547424e+02, 4.66673340e+02, 3.65636780e+02, 4.81676270e+02,
    3.54417145e+02, 4.97252167e+02, 3.43117279e+02, 5.12763245e+02,
    3.31370483e+02, 5.28955261e+02, 3.79206787e+02, 4.26495300e+02,
    3.68473328e+02, 4.41040100e+02, 3.57427032e+02, 4.55748322e+02,
    3.46233765e+02, 4.70905212e+02, 3.34682190e+02, 4.86251801e+02,
    3.23044495e+02, 5.02059418e+02, 3.11104034e+02, 5.18086060e+02,
    3.60343903e+02, 4.15477112e+02, 3.49312500e+02, 4.29935150e+02,
    3.38032227e+02, 4.44841980e+02, 3.26494293e+02, 4.59775146e+02,
    3.14742737e+02, 4.75322906e+02, 3.02890625e+02, 4.90944977e+02,
    2.90609192e+02, 5.07190308e+02, 3.41203461e+02, 4.04320984e+02,
    3.29816559e+02, 4.18744873e+02, 3.18327698e+02, 4.33529205e+02,
    3.06538452e+02, 4.48714355e+02, 2.94597473e+02, 4.64047974e+02,
    2.82339569e+02, 4.79810272e+02, 2.69932190e+02, 4.95916351e+02,
    3.21680420e+02, 3.92935486e+02, 3.10151642e+02, 4.07433563e+02,
    2.98323212e+02, 4.22220001e+02, 2.86326111e+02, 4.37311768e+02,
    2.74120117e+02, 4.52755890e+02, 2.61602295e+02, 4.68502960e+02,
    2.48789825e+02, 4.84630280e+02 ]
