%YAML:1.0
---
points: [ 8.24089966e+02, 4.60584412e+02, 8.25451050e+02, 4.92814941e+02,
    8.26789673e+02, 5.24563599e+02, 8.27967651e+02, 5.55825012e+02,
    8.29219116e+02, 5.86744385e+02, 8.30481018e+02, 6.17490662e+02,
    8.31727600e+02, 6.47490051e+02, 7.90934509e+02, 4.61644135e+02,
    7.92538391e+02, 4.93773376e+02, 7.94200806e+02, 5.25726685e+02,
    7.95685486e+02, 5.57133606e+02, 7.97165955e+02, 5.87950012e+02,
    7.98531067e+02, 6.18597412e+02, 8.00110535e+02, 6.48846497e+02,
    7.57662170e+02, 4.62563385e+02, 7.59470215e+02, 4.94988983e+02,
    7.61255188e+02, 5.26886292e+02, 7.63169434e+02, 5.58349060e+02,
    7.64776062e+02, 5.89429138e+02, 7.66400024e+02, 6.19971802e+02,
    7.68119080e+02, 6.50369995e+02, 7.24319031e+02, 4.63590820e+02,
    7.26470703e+02, 4.96098419e+02, 7.28420105e+02, 5.27983154e+02,
    7.30422058e+02, 5.59559753e+02, 7.32402954e+02, 5.90743591e+02,
    7.34194946e+02, 6.21518311e+02, 7.36147278e+02, 6.51667908e+02,
    6.90442444e+02, 4.64573364e+02, 6.92693176e+02, 4.97075378e+02,
    6.95243408e+02, 5.29204529e+02, 6.97297302e+02, 5.60757568e+02,
    6.99509338e+02, 5.92029236e+02, 7.01640381e+02, 6.22824402e+02,
    7.03632263e+02, 6.53303711e+02, 6.56402649e+02, 4.65436890e+02,
    6.59114380e+02, 4.98156006e+02, 6.61484741e+02, 5.30207947e+02,
    6.64053589e+02, 5.61823242e+02, 6.66396606e+02, 5.93271362e+02,
    6.68802002e+02, 6.24250732e+02, 6.71069885e+02, 6.54664551e+02,
    6.22245239e+02, 4.66410095e+02, 6.24949707e+02, 4.99063019e+02,
    6.27855591e+02, 5.31377686e+02, 6.30519592e+02, 5.63147339e+02,
    6.33253357e+02, 5.94544067e+02, 6.35734558e+02, 6.25478333e+02,
    6.38370483e+02, 6.56213928e+02, 5.87610779e+02, 4.67152740e+02,
    5.90886658e+02, 5.00235687e+02, 5.93891724e+02, 5.32511780e+02,
    5.96761475e+02, 5.64514038e+02, 5.99804321e+02, 5.95966980e+02,
    6.02559631e+02, 6.27003418e+02, 6.05460754e+02, 6.57600830e+02,
    5.53172729e+02, 4.68244293e+02, 5.56334045e+02, 5.01153687e+02,
    5.59653625e+02, 5.33622864e+02, 5.62884644e+02, 5.65678101e+02,
    5.65872986e+02, 5.97389954e+02, 5.69209229e+02, 6.28433044e+02,
    5.72103760e+02, 6.59372131e+02 ]
