%YAML:1.0
---
points: [ 2.36443802e+02, 1.88653305e+02, 2.36836334e+02, 1.99450836e+02,
    2.37065384e+02, 2.10316574e+02, 2.37307404e+02, 2.20906555e+02,
    2.37613937e+02, 2.31419525e+02, 2.37888611e+02, 2.41693344e+02,
    2.38223999e+02, 2.51941589e+02, 2.25333115e+02, 1.89107498e+02,
    2.25715332e+02, 1.99886475e+02, 2.26082520e+02, 2.10617523e+02,
    2.26470703e+02, 2.21358902e+02, 2.26800385e+02, 2.31774277e+02,
    2.27210358e+02, 2.42159454e+02, 2.27525467e+02, 2.52351242e+02,
    2.14199158e+02, 1.89322418e+02, 2.14546295e+02, 2.00291473e+02,
    2.15117691e+02, 2.11101654e+02, 2.15460556e+02, 2.21747131e+02,
    2.15975128e+02, 2.32243927e+02, 2.16330795e+02, 2.42625351e+02,
    2.16773453e+02, 2.52805969e+02, 2.02953156e+02, 1.89584595e+02,
    2.03501190e+02, 2.00626083e+02, 2.04094666e+02, 2.11475632e+02,
    2.04453537e+02, 2.22101746e+02, 2.05099274e+02, 2.32696198e+02,
    2.05487335e+02, 2.43103256e+02, 2.06028900e+02, 2.53242691e+02,
    1.91546738e+02, 1.89914337e+02, 1.92234787e+02, 2.00935913e+02,
    1.92819290e+02, 2.11852417e+02, 1.93432388e+02, 2.22473618e+02,
    1.94053009e+02, 2.33178268e+02, 1.94492844e+02, 2.43449585e+02,
    1.95160492e+02, 2.53752701e+02, 1.80144836e+02, 1.90324051e+02,
    1.80879196e+02, 2.01319809e+02, 1.81498047e+02, 2.12254517e+02,
    1.82235321e+02, 2.22892471e+02, 1.82919891e+02, 2.33544479e+02,
    1.83462372e+02, 2.43956451e+02, 1.84190399e+02, 2.54289276e+02,
    1.68671906e+02, 1.90640472e+02, 1.69489090e+02, 2.01695450e+02,
    1.70270279e+02, 2.12597046e+02, 1.71062454e+02, 2.23409576e+02,
    1.71767532e+02, 2.33875504e+02, 1.72415771e+02, 2.44470276e+02,
    1.73227493e+02, 2.54761856e+02, 1.57123520e+02, 1.90859955e+02,
    1.58112045e+02, 2.01979538e+02, 1.58872696e+02, 2.12894104e+02,
    1.59724731e+02, 2.23735199e+02, 1.60526276e+02, 2.34408310e+02,
    1.61326279e+02, 2.44869492e+02, 1.62146683e+02, 2.55261139e+02,
    1.45510910e+02, 1.91232666e+02, 1.46409027e+02, 2.02368774e+02,
    1.47447525e+02, 2.13464630e+02, 1.48266861e+02, 2.24124664e+02,
    1.49242874e+02, 2.34780487e+02, 1.50139084e+02, 2.45405380e+02,
    1.51007294e+02, 2.55751465e+02 ]
