%YAML:1.0
---
points: [ 7.88227783e+02, 5.23793457e+02, 7.81619751e+02, 5.53442810e+02,
    7.75306335e+02, 5.82849854e+02, 7.68651245e+02, 6.12725464e+02,
    7.61992615e+02, 6.42447021e+02, 7.55518250e+02, 6.72226013e+02,
    7.48774353e+02, 7.02314087e+02, 7.60666138e+02, 5.17832947e+02,
    7.54212952e+02, 5.47826233e+02, 7.47572632e+02, 5.77788269e+02,
    7.40693054e+02, 6.08122437e+02, 7.33919983e+02, 6.38432068e+02,
    7.27334351e+02, 6.68694336e+02, 7.20405945e+02, 6.99162048e+02,
    7.32551086e+02, 5.11625610e+02, 7.25615173e+02, 5.42148560e+02,
    7.18689453e+02, 5.72629456e+02, 7.11890991e+02, 6.03316101e+02,
    7.05151978e+02, 6.34242920e+02, 6.98015991e+02, 6.65072327e+02,
    6.90962341e+02, 6.96082886e+02, 7.03217041e+02, 5.05198578e+02,
    6.96269470e+02, 5.36297119e+02, 6.89303223e+02, 5.67301636e+02,
    6.82097290e+02, 5.98434021e+02, 6.75189209e+02, 6.29645874e+02,
    6.68011536e+02, 6.61220154e+02, 6.60650757e+02, 6.92629944e+02,
    6.72668457e+02, 4.98496765e+02, 6.65480957e+02, 5.29994202e+02,
    6.58499451e+02, 5.61671082e+02, 6.51261230e+02, 5.93421692e+02,
    6.43863953e+02, 6.25267090e+02, 6.36587585e+02, 6.57195007e+02,
    6.29099976e+02, 6.89297485e+02, 6.40955933e+02, 4.91635681e+02,
    6.33721069e+02, 5.23771912e+02, 6.26460205e+02, 5.55864075e+02,
    6.18855713e+02, 5.88179749e+02, 6.11592468e+02, 6.20573547e+02,
    6.03945740e+02, 6.53241699e+02, 5.96512695e+02, 6.85828247e+02,
    6.08161743e+02, 4.84472565e+02, 6.00694336e+02, 5.17296021e+02,
    5.93233337e+02, 5.49935486e+02, 5.85690552e+02, 5.82697998e+02,
    5.78082153e+02, 6.15776428e+02, 5.70429871e+02, 6.48890076e+02,
    5.62763672e+02, 6.82064270e+02, 5.74283997e+02, 4.76994415e+02,
    5.66456604e+02, 5.10347260e+02, 5.58849304e+02, 5.43830139e+02,
    5.51126770e+02, 5.77145630e+02, 5.43441101e+02, 6.10774414e+02,
    5.35503052e+02, 6.44513916e+02, 5.27674011e+02, 6.78223389e+02,
    5.38766174e+02, 4.69385559e+02, 5.30948425e+02, 5.03200806e+02,
    5.23083801e+02, 5.37369080e+02, 5.15331360e+02, 5.71367798e+02,
    5.07317566e+02, 6.05575500e+02, 4.99386261e+02, 6.39854248e+02,
    4.91361786e+02, 6.74415771e+02 ]
