%YAML:1.0
---
points: [ 4.27086426e+02, 3.31149780e+02, 4.11257050e+02, 3.41644287e+02,
    3.95203125e+02, 3.52253052e+02, 3.78857178e+02, 3.63123383e+02,
    3.62343018e+02, 3.74014587e+02, 3.45686554e+02, 3.85264954e+02,
    3.28460999e+02, 3.96473450e+02, 4.14412781e+02, 3.15347351e+02,
    3.98249115e+02, 3.25739563e+02, 3.81997406e+02, 3.36397186e+02,
    3.65466095e+02, 3.47132050e+02, 3.48658844e+02, 3.58135864e+02,
    3.31575867e+02, 3.69164093e+02, 3.14446716e+02, 3.80541107e+02,
    4.01308319e+02, 2.99069000e+02, 3.85061554e+02, 3.09575378e+02,
    3.68518005e+02, 3.20128479e+02, 3.51799866e+02, 3.30932617e+02,
    3.34714691e+02, 3.41763794e+02, 3.17543274e+02, 3.53043121e+02,
    3.00038666e+02, 3.64198730e+02, 3.88301453e+02, 2.82775055e+02,
    3.71638885e+02, 2.93093658e+02, 3.54997650e+02, 3.03780884e+02,
    3.37929047e+02, 3.14427002e+02, 3.20761749e+02, 3.25432526e+02,
    3.03289215e+02, 3.36453918e+02, 2.85485199e+02, 3.47776184e+02,
    3.74733887e+02, 2.65885681e+02, 3.58014679e+02, 2.76431091e+02,
    3.41098175e+02, 2.86854919e+02, 3.23916473e+02, 2.97669647e+02,
    3.06332092e+02, 3.08559479e+02, 2.88675110e+02, 3.19677643e+02,
    2.70654968e+02, 3.30917999e+02, 3.61259705e+02, 2.49038483e+02,
    3.44238861e+02, 2.59325043e+02, 3.26982147e+02, 2.69898254e+02,
    3.09553009e+02, 2.80607605e+02, 2.91856323e+02, 2.91494659e+02,
    2.73874359e+02, 3.02536438e+02, 2.55731110e+02, 3.13787079e+02,
    3.47352509e+02, 2.31660706e+02, 3.30238220e+02, 2.42178329e+02,
    3.12667328e+02, 2.52567322e+02, 2.95078827e+02, 2.63308472e+02,
    2.77178955e+02, 2.74130219e+02, 2.58968872e+02, 2.85265045e+02,
    2.40463318e+02, 2.96441895e+02, 3.33370361e+02, 2.14353180e+02,
    3.15888031e+02, 2.24516403e+02, 2.98353088e+02, 2.35172195e+02,
    2.80342773e+02, 2.45655121e+02, 2.62276428e+02, 2.56590240e+02,
    2.43738281e+02, 2.67514069e+02, 2.25112900e+02, 2.78794922e+02,
    3.19182953e+02, 1.96396713e+02, 3.01479218e+02, 2.06741028e+02,
    2.83542877e+02, 2.17180405e+02, 2.65496613e+02, 2.27796448e+02,
    2.47054916e+02, 2.38559387e+02, 2.28399063e+02, 2.49606995e+02,
    2.09406693e+02, 2.60812897e+02 ]
