%YAML:1.0
---
points: [ 1.42207550e+02, 1.11680397e+02, 1.33828049e+02, 1.11753746e+02,
    1.25642197e+02, 1.11842339e+02, 1.17202805e+02, 1.12037491e+02,
    1.08835167e+02, 1.12427536e+02, 1.00686577e+02, 1.12636665e+02,
    9.24664688e+01, 1.12815269e+02, 1.41771027e+02, 1.03052521e+02,
    1.33672501e+02, 1.03393219e+02, 1.25212105e+02, 1.03589081e+02,
    1.16806358e+02, 1.03746033e+02, 1.08675980e+02, 1.03795876e+02,
    1.00336983e+02, 1.04210007e+02, 9.20432968e+01, 1.04506035e+02,
    1.41677673e+02, 9.48018799e+01, 1.33302551e+02, 9.48311844e+01,
    1.24833267e+02, 9.51190491e+01, 1.16686455e+02, 9.53856506e+01,
    1.08403343e+02, 9.57184982e+01, 1.00052910e+02, 9.57605057e+01,
    9.17962799e+01, 9.61443710e+01, 1.41361023e+02, 8.63420410e+01,
    1.32925262e+02, 8.66893921e+01, 1.24697876e+02, 8.67541046e+01,
    1.16439758e+02, 8.68791809e+01, 1.07952728e+02, 8.72564926e+01,
    9.98179245e+01, 8.76438065e+01, 9.16708832e+01, 8.77213211e+01,
    1.40977097e+02, 7.79037476e+01, 1.32680176e+02, 7.80964661e+01,
    1.24460480e+02, 7.84531860e+01, 1.15987083e+02, 7.86980667e+01,
    1.07852226e+02, 7.88275909e+01, 9.96646042e+01, 7.92479858e+01,
    9.15725632e+01, 7.96234741e+01, 1.40703873e+02, 6.95620270e+01,
    1.32655533e+02, 6.97403641e+01, 1.24068214e+02, 6.99938660e+01,
    1.15883644e+02, 7.03308487e+01, 1.07648140e+02, 7.07077866e+01,
    9.96247482e+01, 7.08723984e+01, 9.13132553e+01, 7.12260056e+01,
    1.40668472e+02, 6.12129517e+01, 1.32167526e+02, 6.14954987e+01,
    1.23904915e+02, 6.17665024e+01, 1.15684181e+02, 6.20338974e+01,
    1.07663971e+02, 6.23880997e+01, 9.93795471e+01, 6.27050323e+01,
    9.13086929e+01, 6.31032448e+01, 1.40303864e+02, 5.27166939e+01,
    1.32029922e+02, 5.31344910e+01, 1.23697441e+02, 5.34375916e+01,
    1.15685524e+02, 5.37780151e+01, 1.07331268e+02, 5.40855598e+01,
    9.93986740e+01, 5.46859360e+01, 9.10660553e+01, 5.47763519e+01,
    1.40232285e+02, 4.46624565e+01, 1.31713470e+02, 4.47529297e+01,
    1.23737167e+02, 4.52951431e+01, 1.15387840e+02, 4.56046257e+01,
    1.07496788e+02, 4.60243416e+01, 9.90588837e+01, 4.63962250e+01,
    9.13214417e+01, 4.69430275e+01 ]
