%YAML:1.0
---
points: [ 2.22552338e+02, 2.10039917e+02, 2.20409286e+02, 2.20028320e+02,
    2.18224960e+02, 2.30042770e+02, 2.15986145e+02, 2.40018616e+02,
    2.13763962e+02, 2.50175842e+02, 2.11668762e+02, 2.60289886e+02,
    2.09365723e+02, 2.70459869e+02, 2.13626709e+02, 2.07941040e+02,
    2.11340317e+02, 2.18153152e+02, 2.09194397e+02, 2.28235535e+02,
    2.06931870e+02, 2.38534576e+02, 2.04735275e+02, 2.48730118e+02,
    2.02444366e+02, 2.59026581e+02, 2.00190796e+02, 2.69283936e+02,
    2.04479263e+02, 2.05913589e+02, 2.02117462e+02, 2.16155991e+02,
    1.99843124e+02, 2.26549133e+02, 1.97604279e+02, 2.36854538e+02,
    1.95199707e+02, 2.47349609e+02, 1.92929321e+02, 2.57683411e+02,
    1.90602524e+02, 2.68249573e+02, 1.94893509e+02, 2.03696899e+02,
    1.92636017e+02, 2.14213028e+02, 1.90298782e+02, 2.24671951e+02,
    1.87886597e+02, 2.35305450e+02, 1.85590607e+02, 2.45775589e+02,
    1.83212387e+02, 2.56390350e+02, 1.80792084e+02, 2.67128326e+02,
    1.85041580e+02, 2.01379395e+02, 1.82604004e+02, 2.12062241e+02,
    1.80200684e+02, 2.22819489e+02, 1.77810577e+02, 2.33520508e+02,
    1.75392853e+02, 2.44301102e+02, 1.72999619e+02, 2.55112930e+02,
    1.70517548e+02, 2.65939056e+02, 1.74750992e+02, 1.99062317e+02,
    1.72269424e+02, 2.09943512e+02, 1.69872757e+02, 2.20827591e+02,
    1.67393509e+02, 2.31747116e+02, 1.64927734e+02, 2.42706177e+02,
    1.62405701e+02, 2.53674469e+02, 1.59966202e+02, 2.64681732e+02,
    1.64133194e+02, 1.96654663e+02, 1.61570908e+02, 2.07754318e+02,
    1.59084198e+02, 2.18858536e+02, 1.56610291e+02, 2.29901337e+02,
    1.54074051e+02, 2.41086487e+02, 1.51539352e+02, 2.52242172e+02,
    1.48965164e+02, 2.63426514e+02, 1.53024170e+02, 1.94168915e+02,
    1.50529877e+02, 2.05409103e+02, 1.48022675e+02, 2.16687363e+02,
    1.45353851e+02, 2.28075150e+02, 1.42800430e+02, 2.39305939e+02,
    1.40181351e+02, 2.50754166e+02, 1.37615845e+02, 2.62137390e+02,
    1.41590866e+02, 1.91566040e+02, 1.39034698e+02, 2.03009979e+02,
    1.36390350e+02, 2.14519547e+02, 1.33732880e+02, 2.26058365e+02,
    1.31118179e+02, 2.37592407e+02, 1.28461334e+02, 2.49184509e+02,
    1.25789429e+02, 2.60835632e+02 ]
