%YAML:1.0
---
points: [ 5.39567444e+02, 2.36721817e+02, 5.29353516e+02, 2.49524261e+02,
    5.19205933e+02, 2.62514557e+02, 5.08829041e+02, 2.75477905e+02,
    4.98434479e+02, 2.88593048e+02, 4.88069000e+02, 3.01754181e+02,
    4.77450592e+02, 3.15080933e+02, 5.24588318e+02, 2.25566071e+02,
    5.14348267e+02, 2.38511261e+02, 5.04011627e+02, 2.51476654e+02,
    4.93550812e+02, 2.64508698e+02, 4.83175171e+02, 2.77691132e+02,
    4.72484863e+02, 2.90883881e+02, 4.62022522e+02, 3.04272461e+02,
    5.09486328e+02, 2.14438843e+02, 4.99050140e+02, 2.27414978e+02,
    4.88675049e+02, 2.40477188e+02, 4.78121246e+02, 2.53507797e+02,
    4.67602570e+02, 2.66673340e+02, 4.56932007e+02, 2.79985565e+02,
    4.46245544e+02, 2.93356934e+02, 4.94292297e+02, 2.03263901e+02,
    4.83743683e+02, 2.16267487e+02, 4.73231354e+02, 2.29301636e+02,
    4.62645721e+02, 2.42455841e+02, 4.51981049e+02, 2.55640411e+02,
    4.41304016e+02, 2.68947632e+02, 4.30417938e+02, 2.82394226e+02,
    4.78814453e+02, 1.91811844e+02, 4.68273468e+02, 2.04890839e+02,
    4.57621094e+02, 2.18004547e+02, 4.46951263e+02, 2.31201584e+02,
    4.36208282e+02, 2.44424332e+02, 4.25358307e+02, 2.57790161e+02,
    4.14504150e+02, 2.71250183e+02, 4.63275146e+02, 1.80452347e+02,
    4.52671021e+02, 1.93465851e+02, 4.41877106e+02, 2.06630966e+02,
    4.31231689e+02, 2.19882462e+02, 4.20279633e+02, 2.33190140e+02,
    4.09391388e+02, 2.46560196e+02, 3.98352203e+02, 2.60038177e+02,
    4.47691772e+02, 1.68933136e+02, 4.36966003e+02, 1.81986237e+02,
    4.26104950e+02, 1.95177048e+02, 4.15264160e+02, 2.08478348e+02,
    4.04309723e+02, 2.21763916e+02, 3.93328644e+02, 2.35267960e+02,
    3.82153137e+02, 2.48669388e+02, 4.31879913e+02, 1.57411285e+02,
    4.21095154e+02, 1.70463730e+02, 4.10221802e+02, 1.83665192e+02,
    3.99287628e+02, 1.96989624e+02, 3.88211792e+02, 2.10362991e+02,
    3.77090302e+02, 2.23770004e+02, 3.65860718e+02, 2.37393829e+02,
    4.16154236e+02, 1.45673569e+02, 4.05040710e+02, 1.58766617e+02,
    3.94202209e+02, 1.72057297e+02, 3.83023590e+02, 1.85392136e+02,
    3.71967133e+02, 1.98763748e+02, 3.60647186e+02, 2.12327469e+02,
    3.49387024e+02, 2.25921829e+02 ]
