%YAML:1.0
---
points: [ 1.15235748e+02, 1.15179977e+02, 1.05666702e+02, 1.15885605e+02,
    9.62829971e+01, 1.16798317e+02, 8.67338867e+01, 1.17627113e+02,
    7.72302170e+01, 1.18590660e+02, 6.78085632e+01, 1.19465439e+02,
    5.84332237e+01, 1.20521828e+02, 1.14071342e+02, 1.05958687e+02,
    1.04691254e+02, 1.06744720e+02, 9.51560745e+01, 1.07591309e+02,
    8.57308655e+01, 1.08529037e+02, 7.62867737e+01, 1.09331802e+02,
    6.68014603e+01, 1.10325104e+02, 5.74295387e+01, 1.11125938e+02,
    1.13108574e+02, 9.67707367e+01, 1.03600365e+02, 9.75050888e+01,
    9.41900024e+01, 9.84792328e+01, 8.46862259e+01, 9.92628326e+01,
    7.52831116e+01, 1.00168053e+02, 6.57943420e+01, 1.01081429e+02,
    5.66571579e+01, 1.02153717e+02, 1.11903557e+02, 8.76457367e+01,
    1.02624382e+02, 8.84683990e+01, 9.31020508e+01, 8.91976471e+01,
    8.37176056e+01, 9.01300430e+01, 7.44061203e+01, 9.09632568e+01,
    6.49780731e+01, 9.19853439e+01, 5.57189674e+01, 9.28565063e+01,
    1.11026558e+02, 7.85340500e+01, 1.01598244e+02, 7.93043900e+01,
    9.21861725e+01, 8.01100159e+01, 8.27403030e+01, 8.09675522e+01,
    7.35682983e+01, 8.18966217e+01, 6.41215286e+01, 8.28521423e+01,
    5.49929810e+01, 8.39145203e+01, 1.09930069e+02, 6.93731689e+01,
    1.00711838e+02, 7.01650009e+01, 9.12120056e+01, 7.10941620e+01,
    8.19952927e+01, 7.19540863e+01, 7.26143951e+01, 7.28239594e+01,
    6.35154228e+01, 7.38655167e+01, 5.41488152e+01, 7.48416672e+01,
    1.09188026e+02, 6.04359550e+01, 9.96048126e+01, 6.11985970e+01,
    9.05448990e+01, 6.21138802e+01, 8.10330505e+01, 6.30302315e+01,
    7.19076996e+01, 6.39428864e+01, 6.26046257e+01, 6.48827744e+01,
    5.37600250e+01, 6.60605087e+01, 1.08130104e+02, 5.14776001e+01,
    9.89579468e+01, 5.22914009e+01, 8.95581818e+01, 5.30551376e+01,
    8.05315094e+01, 5.40691452e+01, 7.11088638e+01, 5.51289482e+01,
    6.22477760e+01, 5.61636162e+01, 5.27419815e+01, 5.72704544e+01,
    1.07551567e+02, 4.25411606e+01, 9.79044266e+01, 4.33605881e+01,
    8.90254059e+01, 4.43594856e+01, 7.95179520e+01, 4.53682747e+01,
    7.07793579e+01, 4.63432693e+01, 6.13859901e+01, 4.73013763e+01,
    5.27709045e+01, 4.85146027e+01 ]
