%YAML:1.0
---
points: [ 7.67791260e+02, 6.83785950e+02, 7.43342102e+02, 7.01415710e+02,
    7.18076050e+02, 7.19486511e+02, 6.92004700e+02, 7.38279602e+02,
    6.65180298e+02, 7.57454163e+02, 6.37376099e+02, 7.77423767e+02,
    6.08772827e+02, 7.97889221e+02, 7.53077637e+02, 6.58608032e+02,
    7.28295776e+02, 6.75952515e+02, 7.02465393e+02, 6.93839417e+02,
    6.76127930e+02, 7.12259949e+02, 6.48583801e+02, 7.31260376e+02,
    6.20455444e+02, 7.50812134e+02, 5.91340759e+02, 7.71173645e+02,
    7.38160645e+02, 6.33218628e+02, 7.12712585e+02, 6.50235901e+02,
    6.86681641e+02, 6.67836060e+02, 6.59740540e+02, 6.86063904e+02,
    6.32077515e+02, 7.04646057e+02, 6.03314270e+02, 7.24072266e+02,
    5.73665100e+02, 7.44034058e+02, 7.22971130e+02, 6.07546509e+02,
    6.97273987e+02, 6.24250244e+02, 6.70631958e+02, 6.41642151e+02,
    6.43352478e+02, 6.59432007e+02, 6.15121704e+02, 6.77882446e+02,
    5.85963562e+02, 6.96848389e+02, 5.55732849e+02, 7.16636841e+02,
    7.07553589e+02, 5.81256836e+02, 6.81318420e+02, 5.97751831e+02,
    6.54346130e+02, 6.14802979e+02, 6.26503601e+02, 6.32426758e+02,
    5.97779419e+02, 6.50522156e+02, 5.68138611e+02, 6.69328613e+02,
    5.37516418e+02, 6.88623962e+02, 6.91618103e+02, 5.54702026e+02,
    6.65203308e+02, 5.70937256e+02, 6.37599976e+02, 5.87716980e+02,
    6.09442566e+02, 6.04903503e+02, 5.80194214e+02, 6.22799255e+02,
    5.50070557e+02, 6.41319946e+02, 5.18837280e+02, 6.60385498e+02,
    6.75668396e+02, 5.27705627e+02, 6.48596924e+02, 5.43785583e+02,
    6.20760681e+02, 5.60233215e+02, 5.92005249e+02, 5.77295532e+02,
    5.62358521e+02, 5.94703003e+02, 5.31582642e+02, 6.12878906e+02,
    4.99915314e+02, 6.31559021e+02, 6.59388062e+02, 5.00487335e+02,
    6.31968201e+02, 5.16176697e+02, 6.03573425e+02, 5.32385803e+02,
    5.74378113e+02, 5.48921631e+02, 5.44189697e+02, 5.66328613e+02,
    5.13040100e+02, 5.84035706e+02, 4.80694550e+02, 6.02474304e+02,
    6.42645935e+02, 4.72765594e+02, 6.14784424e+02, 4.88236145e+02,
    5.86080688e+02, 5.03923859e+02, 5.56392456e+02, 5.20429382e+02,
    5.25623474e+02, 5.37210022e+02, 4.93856232e+02, 5.54664856e+02,
    4.61198273e+02, 5.72713379e+02 ]
