%YAML:1.0
---
points: [ 2.15607559e+02, 2.64132477e+02, 2.07715363e+02, 2.70040405e+02,
    1.99399445e+02, 2.76191681e+02, 1.91019196e+02, 2.82483673e+02,
    1.82251419e+02, 2.88959412e+02, 1.73295456e+02, 2.95720978e+02,
    1.63971252e+02, 3.02563599e+02, 2.10843628e+02, 2.55658096e+02,
    2.02704300e+02, 2.61502319e+02, 1.94336868e+02, 2.67524139e+02,
    1.85732681e+02, 2.73747620e+02, 1.76857727e+02, 2.80165588e+02,
    1.67722336e+02, 2.86735840e+02, 1.58284271e+02, 2.93603516e+02,
    2.05839783e+02, 2.46968719e+02, 1.97670532e+02, 2.52741791e+02,
    1.89184296e+02, 2.58713837e+02, 1.80422333e+02, 2.64810516e+02,
    1.71409119e+02, 2.71137329e+02, 1.62098846e+02, 2.77670319e+02,
    1.52491714e+02, 2.84325378e+02, 2.00934723e+02, 2.38264420e+02,
    1.92563889e+02, 2.43981415e+02, 1.83927399e+02, 2.49810059e+02,
    1.75029953e+02, 2.55832870e+02, 1.65861755e+02, 2.62093170e+02,
    1.56365738e+02, 2.68477905e+02, 1.46648132e+02, 2.75166840e+02,
    1.95807663e+02, 2.29370209e+02, 1.87321426e+02, 2.34983017e+02,
    1.78537155e+02, 2.40742630e+02, 1.69550079e+02, 2.46696884e+02,
    1.60173965e+02, 2.52802536e+02, 1.50608780e+02, 2.59132416e+02,
    1.40600296e+02, 2.65650177e+02, 1.90715073e+02, 2.20407059e+02,
    1.82010376e+02, 2.25884949e+02, 1.73099411e+02, 2.31590622e+02,
    1.63885712e+02, 2.37402252e+02, 1.54466431e+02, 2.43425644e+02,
    1.44637299e+02, 2.49652252e+02, 1.34591003e+02, 2.56113464e+02,
    1.85372879e+02, 2.11285461e+02, 1.76647812e+02, 2.16737213e+02,
    1.67537064e+02, 2.22296631e+02, 1.58242783e+02, 2.28049835e+02,
    1.48559143e+02, 2.33953156e+02, 1.38671082e+02, 2.40083481e+02,
    1.28361740e+02, 2.46302917e+02, 1.80084717e+02, 2.02091599e+02,
    1.71112885e+02, 2.07314804e+02, 1.61968491e+02, 2.12812576e+02,
    1.52431122e+02, 2.18462997e+02, 1.42666794e+02, 2.24329910e+02,
    1.32574097e+02, 2.30278534e+02, 1.22186356e+02, 2.36551346e+02,
    1.74604691e+02, 1.92661942e+02, 1.65528839e+02, 1.97928085e+02,
    1.56216125e+02, 2.03214722e+02, 1.46561935e+02, 2.08754257e+02,
    1.36627869e+02, 2.14429535e+02, 1.26341682e+02, 2.20377869e+02,
    1.15709564e+02, 2.26456772e+02 ]
