%YAML:1.0
---
points: [ 9.46749420e+01, 1.21685959e+02, 8.54251938e+01, 1.21701599e+02,
    7.59620895e+01, 1.22072487e+02, 6.66338654e+01, 1.22390045e+02,
    5.72907333e+01, 1.22738525e+02, 4.78556938e+01, 1.22900436e+02,
    3.87304382e+01, 1.23592834e+02, 9.40131912e+01, 1.12679893e+02,
    8.47345886e+01, 1.12888992e+02, 7.55742950e+01, 1.13065987e+02,
    6.59835739e+01, 1.13437592e+02, 5.67412682e+01, 1.13675804e+02,
    4.75350761e+01, 1.13946167e+02, 3.82959137e+01, 1.14320976e+02,
    9.36419601e+01, 1.03765129e+02, 8.41832123e+01, 1.03862740e+02,
    7.48971252e+01, 1.04240448e+02, 6.56162033e+01, 1.04527870e+02,
    5.63555374e+01, 1.04740631e+02, 4.69537659e+01, 1.04991104e+02,
    3.78240471e+01, 1.05586121e+02, 9.28848953e+01, 9.47415390e+01,
    8.37451324e+01, 9.50535355e+01, 7.44602737e+01, 9.53066559e+01,
    6.51028595e+01, 9.56440048e+01, 5.57757835e+01, 9.57507248e+01,
    4.67690926e+01, 9.62052383e+01, 3.75676231e+01, 9.65224380e+01,
    9.26851120e+01, 8.60460815e+01, 8.32362595e+01, 8.61509781e+01,
    7.39167786e+01, 8.64985352e+01, 6.46868362e+01, 8.66639481e+01,
    5.56966248e+01, 8.69339676e+01, 4.63129616e+01, 8.73060150e+01,
    3.73427429e+01, 8.77787323e+01, 9.19074936e+01, 7.69967880e+01,
    8.27962799e+01, 7.73470917e+01, 7.35901566e+01, 7.75514526e+01,
    6.44455185e+01, 7.77812881e+01, 5.52011070e+01, 7.79849777e+01,
    4.61010056e+01, 7.85865173e+01, 3.69744835e+01, 7.87849426e+01,
    9.16892014e+01, 6.84932327e+01, 8.23387909e+01, 6.86509399e+01,
    7.33063049e+01, 6.88239594e+01, 6.39235916e+01, 6.90118866e+01,
    5.49832497e+01, 6.95070877e+01, 4.56756630e+01, 6.96688766e+01,
    3.69276085e+01, 7.02898712e+01, 9.10098343e+01, 5.96994247e+01,
    8.21669998e+01, 5.98119926e+01, 7.27347717e+01, 5.99765053e+01,
    6.39021797e+01, 6.04135132e+01, 5.46773262e+01, 6.06586304e+01,
    4.58687553e+01, 6.11436920e+01, 3.66995888e+01, 6.15258980e+01,
    9.08883209e+01, 5.08512115e+01, 8.16372910e+01, 5.11074257e+01,
    7.27747879e+01, 5.14790764e+01, 6.35823936e+01, 5.16698494e+01,
    5.48007393e+01, 5.20541878e+01, 4.56307945e+01, 5.24530792e+01,
    3.69434662e+01, 5.31180229e+01 ]
