%YAML:1.0
---
points: [ 1.02376221e+03, 5.81487610e+02, 1.00476184e+03, 6.04055847e+02,
    9.85571289e+02, 6.26902161e+02, 9.66039551e+02, 6.50282104e+02,
    9.46063782e+02, 6.73877380e+02, 9.25711914e+02, 6.98155823e+02,
    9.05046570e+02, 7.22685242e+02, 1.00984894e+03, 5.61809631e+02,
    9.90512451e+02, 5.84525024e+02, 9.70724426e+02, 6.07632935e+02,
    9.50678162e+02, 6.31153931e+02, 9.30255432e+02, 6.55099182e+02,
    9.09366638e+02, 6.79423950e+02, 8.88163208e+02, 7.04317078e+02,
    9.95627136e+02, 5.41524109e+02, 9.75632874e+02, 5.64427063e+02,
    9.55476440e+02, 5.87758057e+02, 9.34876038e+02, 6.11413025e+02,
    9.13863403e+02, 6.35605164e+02, 8.92577820e+02, 6.60259949e+02,
    8.70765686e+02, 6.85316833e+02, 9.80782837e+02, 5.20577271e+02,
    9.60425110e+02, 5.43612793e+02, 9.39685181e+02, 5.67242798e+02,
    9.18587280e+02, 5.91134766e+02, 8.97110840e+02, 6.15486084e+02,
    8.75204895e+02, 6.40393311e+02, 8.52683105e+02, 6.65659363e+02,
    9.65437439e+02, 4.98776917e+02, 9.44465576e+02, 5.21993164e+02,
    9.23234619e+02, 5.45799316e+02, 9.01520081e+02, 5.69818298e+02,
    8.79478027e+02, 5.94577576e+02, 8.56887512e+02, 6.19590881e+02,
    8.33960449e+02, 6.45332153e+02, 9.49440796e+02, 4.76132874e+02,
    9.27872131e+02, 4.99620117e+02, 9.06056885e+02, 5.23545410e+02,
    8.83759155e+02, 5.47906006e+02, 8.61277161e+02, 5.72838867e+02,
    8.38097900e+02, 5.98212463e+02, 8.14579651e+02, 6.24151672e+02,
    9.32683777e+02, 4.52646881e+02, 9.10648804e+02, 4.76401062e+02,
    8.88336975e+02, 5.00569641e+02, 8.65526550e+02, 5.25263916e+02,
    8.42247070e+02, 5.50290894e+02, 8.18560608e+02, 5.75887085e+02,
    7.94342224e+02, 6.02106750e+02, 9.15421448e+02, 4.28326447e+02,
    8.92893311e+02, 4.52415344e+02, 8.69894714e+02, 4.76733795e+02,
    8.46564026e+02, 5.01625916e+02, 8.22690186e+02, 5.27035461e+02,
    7.98385254e+02, 5.52879150e+02, 7.73412292e+02, 5.79333679e+02,
    8.97357666e+02, 4.03043732e+02, 8.74299744e+02, 4.27272491e+02,
    8.50697937e+02, 4.52091583e+02, 8.26621155e+02, 4.77028473e+02,
    8.02223389e+02, 5.02653320e+02, 7.77305664e+02, 5.28915405e+02,
    7.51561462e+02, 5.55519714e+02 ]
