%YAML:1.0
---
points: [ 5.84711121e+02, 6.01792297e+01, 5.87614990e+02, 7.88831100e+01,
    5.90804138e+02, 9.76693115e+01, 5.93872742e+02, 1.16389961e+02,
    5.97016235e+02, 1.34842041e+02, 6.00131775e+02, 1.53216263e+02,
    6.03127686e+02, 1.71328903e+02, 5.66420715e+02, 6.12564659e+01,
    5.69793945e+02, 8.03048096e+01, 5.72842041e+02, 9.87662735e+01,
    5.76155579e+02, 1.17661049e+02, 5.79336670e+02, 1.36018051e+02,
    5.82367981e+02, 1.54451920e+02, 5.85602600e+02, 1.72472763e+02,
    5.48388123e+02, 6.22627106e+01, 5.51545593e+02, 8.14298935e+01,
    5.54895142e+02, 1.00273758e+02, 5.58196045e+02, 1.18783417e+02,
    5.61463867e+02, 1.37449814e+02, 5.64671631e+02, 1.55651093e+02,
    5.67953796e+02, 1.74030136e+02, 5.30046143e+02, 6.34270439e+01,
    5.33536743e+02, 8.24475403e+01, 5.36985291e+02, 1.01382202e+02,
    5.40306091e+02, 1.20061554e+02, 5.43591431e+02, 1.38621735e+02,
    5.46928162e+02, 1.56966873e+02, 5.50176636e+02, 1.75320267e+02,
    5.11997223e+02, 6.48115005e+01, 5.15293030e+02, 8.36084061e+01,
    5.18727051e+02, 1.02567245e+02, 5.22199036e+02, 1.21215744e+02,
    5.25574280e+02, 1.39818192e+02, 5.29006897e+02, 1.58286911e+02,
    5.32499023e+02, 1.76498459e+02, 4.93454285e+02, 6.59080200e+01,
    4.97075653e+02, 8.50713654e+01, 5.00588165e+02, 1.03677032e+02,
    5.04257599e+02, 1.22624069e+02, 5.07526276e+02, 1.41025238e+02,
    5.11242126e+02, 1.59652817e+02, 5.14457275e+02, 1.77718948e+02,
    4.75272034e+02, 6.71034088e+01, 4.78808899e+02, 8.62608414e+01,
    4.82446503e+02, 1.05149498e+02, 4.85926758e+02, 1.23796539e+02,
    4.89616791e+02, 1.42456665e+02, 4.93070160e+02, 1.60857178e+02,
    4.96616791e+02, 1.79208084e+02, 4.56683380e+02, 6.83254089e+01,
    4.60433868e+02, 8.74293747e+01, 4.64241028e+02, 1.06379524e+02,
    4.67876648e+02, 1.25038307e+02, 4.71431793e+02, 1.43706665e+02,
    4.75201141e+02, 1.62240173e+02, 4.78809814e+02, 1.80521469e+02,
    4.38451508e+02, 6.97906647e+01, 4.42186768e+02, 8.86181717e+01,
    4.45896454e+02, 1.07711807e+02, 4.49338928e+02, 1.26476570e+02,
    4.53289856e+02, 1.44954956e+02, 4.57005219e+02, 1.63567078e+02,
    4.60605743e+02, 1.81848694e+02 ]
