%YAML:1.0
---
points: [ 3.02546600e+02, 2.29210495e+02, 2.96660919e+02, 2.37235611e+02,
    2.90067810e+02, 2.44757217e+02, 2.83728882e+02, 2.52788544e+02,
    2.77091858e+02, 2.60781921e+02, 2.70542633e+02, 2.69211823e+02,
    2.63661438e+02, 2.77359528e+02, 2.98448212e+02, 2.22954315e+02,
    2.91970520e+02, 2.30656784e+02, 2.85513733e+02, 2.38471085e+02,
    2.78890289e+02, 2.46479172e+02, 2.72164032e+02, 2.54453491e+02,
    2.65315674e+02, 2.62760742e+02, 2.58308838e+02, 2.71210480e+02,
    2.93953033e+02, 2.16080002e+02, 2.87408112e+02, 2.23771393e+02,
    2.80718567e+02, 2.31645172e+02, 2.73891846e+02, 2.39727631e+02,
    2.66977570e+02, 2.47885391e+02, 2.59916870e+02, 2.56208008e+02,
    2.52726151e+02, 2.64720428e+02, 2.89270477e+02, 2.08869431e+02,
    2.82578857e+02, 2.16764175e+02, 2.75725891e+02, 2.24736969e+02,
    2.68715057e+02, 2.32822159e+02, 2.61679779e+02, 2.40997925e+02,
    2.54463837e+02, 2.49484589e+02, 2.47102005e+02, 2.58007080e+02,
    2.84478149e+02, 2.01438431e+02, 2.77520935e+02, 2.09378601e+02,
    2.70475983e+02, 2.17393585e+02, 2.63366394e+02, 2.25570450e+02,
    2.56051208e+02, 2.33955826e+02, 2.48692062e+02, 2.42426727e+02,
    2.41126205e+02, 2.51071609e+02, 2.79438019e+02, 1.93800949e+02,
    2.72315186e+02, 2.01765991e+02, 2.65128082e+02, 2.09860397e+02,
    2.57752747e+02, 2.18162643e+02, 2.50355347e+02, 2.26533127e+02,
    2.42730362e+02, 2.35128525e+02, 2.35058945e+02, 2.43893234e+02,
    2.74144714e+02, 1.85788177e+02, 2.66902893e+02, 1.93847488e+02,
    2.59469666e+02, 2.02057571e+02, 2.52058609e+02, 2.10426010e+02,
    2.44389359e+02, 2.18952652e+02, 2.36637695e+02, 2.27689316e+02,
    2.28671616e+02, 2.36472626e+02, 2.68731140e+02, 1.77554672e+02,
    2.61302551e+02, 1.85752121e+02, 2.53736832e+02, 1.93980011e+02,
    2.46031082e+02, 2.02403030e+02, 2.38226944e+02, 2.11075409e+02,
    2.30241058e+02, 2.19808823e+02, 2.22093582e+02, 2.28721298e+02,
    2.63060425e+02, 1.69016144e+02, 2.55470886e+02, 1.77251022e+02,
    2.47709885e+02, 1.85633926e+02, 2.39831543e+02, 1.94064972e+02,
    2.31754990e+02, 2.02790009e+02, 2.23619064e+02, 2.11676483e+02,
    2.15097076e+02, 2.20773224e+02 ]
