%YAML:1.0
---
points: [ 5.87543152e+02, 2.40638123e+02, 5.83247498e+02, 2.56400269e+02,
    5.78956116e+02, 2.72316681e+02, 5.74546692e+02, 2.87919556e+02,
    5.70245056e+02, 3.03849854e+02, 5.65854309e+02, 3.19576233e+02,
    5.61422729e+02, 3.35436768e+02, 5.70617676e+02, 2.34470383e+02,
    5.66341614e+02, 2.50388016e+02, 5.61986938e+02, 2.66277740e+02,
    5.57642578e+02, 2.82290588e+02, 5.53294983e+02, 2.98125427e+02,
    5.48869446e+02, 3.14133453e+02, 5.44492432e+02, 3.29841248e+02,
    5.53703308e+02, 2.28271149e+02, 5.49219238e+02, 2.44309189e+02,
    5.44698669e+02, 2.60275421e+02, 5.40404907e+02, 2.76371704e+02,
    5.36043335e+02, 2.92405518e+02, 5.31536926e+02, 3.08450775e+02,
    5.27262512e+02, 3.24588715e+02, 5.36404419e+02, 2.21896469e+02,
    5.32075073e+02, 2.38235336e+02, 5.27461609e+02, 2.54358673e+02,
    5.23099365e+02, 2.70408020e+02, 5.18513977e+02, 2.86532959e+02,
    5.14191589e+02, 3.02754486e+02, 5.09640778e+02, 3.18812744e+02,
    5.18820679e+02, 2.15505814e+02, 5.14334045e+02, 2.31742188e+02,
    5.09828064e+02, 2.48127228e+02, 5.05273193e+02, 2.64432190e+02,
    5.01025818e+02, 2.80743683e+02, 4.96273560e+02, 2.96919617e+02,
    4.91832428e+02, 3.13215668e+02, 5.00995941e+02, 2.09014343e+02,
    4.96457489e+02, 2.25523834e+02, 4.91916565e+02, 2.41775238e+02,
    4.87332184e+02, 2.58274078e+02, 4.82803162e+02, 2.74703735e+02,
    4.78348083e+02, 2.91115051e+02, 4.73682007e+02, 3.07570709e+02,
    4.82911438e+02, 2.02490753e+02, 4.78298279e+02, 2.18943802e+02,
    4.73784332e+02, 2.35640945e+02, 4.69278748e+02, 2.52032089e+02,
    4.64688232e+02, 2.68646729e+02, 4.59968567e+02, 2.85171265e+02,
    4.55451294e+02, 3.01635529e+02, 4.64527283e+02, 1.95845490e+02,
    4.60074738e+02, 2.12549149e+02, 4.55358337e+02, 2.29248444e+02,
    4.50707520e+02, 2.45798416e+02, 4.46156616e+02, 2.62437958e+02,
    4.41603790e+02, 2.79206329e+02, 4.36985687e+02, 2.95807983e+02,
    4.46015076e+02, 1.89233932e+02, 4.41358002e+02, 2.05989441e+02,
    4.36723145e+02, 2.22668015e+02, 4.32173340e+02, 2.39511322e+02,
    4.27453033e+02, 2.56350952e+02, 4.22749695e+02, 2.72918823e+02,
    4.18222900e+02, 2.89769409e+02 ]
