%YAML:1.0
---
points: [ 3.35310699e+02, 2.30050232e+02, 3.33232300e+02, 2.43495850e+02,
    3.31038391e+02, 2.57035889e+02, 3.28935364e+02, 2.70640320e+02,
    3.26827332e+02, 2.84549103e+02, 3.24675079e+02, 2.98704102e+02,
    3.22487030e+02, 3.12771484e+02, 3.22348053e+02, 2.28559830e+02,
    3.20209839e+02, 2.41629593e+02, 3.18057190e+02, 2.54877777e+02,
    3.15859650e+02, 2.68308167e+02, 3.13723724e+02, 2.81868774e+02,
    3.11574097e+02, 2.95670807e+02, 3.09440369e+02, 3.09601593e+02,
    3.09807098e+02, 2.27055786e+02, 3.07674133e+02, 2.39875381e+02,
    3.05549744e+02, 2.52860779e+02, 3.03325470e+02, 2.66003418e+02,
    3.01167145e+02, 2.79340332e+02, 2.98902161e+02, 2.92816498e+02,
    2.96711517e+02, 3.06447205e+02, 2.97860626e+02, 2.25702499e+02,
    2.95677704e+02, 2.38210419e+02, 2.93496094e+02, 2.50992264e+02,
    2.91370758e+02, 2.63856567e+02, 2.89116638e+02, 2.76891479e+02,
    2.86896179e+02, 2.90095703e+02, 2.84739868e+02, 3.03517609e+02,
    2.86361084e+02, 2.24196564e+02, 2.84131470e+02, 2.36697998e+02,
    2.81928070e+02, 2.49149734e+02, 2.79755432e+02, 2.61766815e+02,
    2.77536652e+02, 2.74656189e+02, 2.75284363e+02, 2.87510040e+02,
    2.73029480e+02, 3.00555450e+02, 2.75114716e+02, 2.22945053e+02,
    2.72971832e+02, 2.35130249e+02, 2.70792419e+02, 2.47412201e+02,
    2.68548676e+02, 2.59745239e+02, 2.66319824e+02, 2.72411102e+02,
    2.64080994e+02, 2.85024902e+02, 2.61782898e+02, 2.97868347e+02,
    2.64467285e+02, 2.21689331e+02, 2.62264954e+02, 2.33669693e+02,
    2.59972961e+02, 2.45716110e+02, 2.57776184e+02, 2.57829956e+02,
    2.55583618e+02, 2.70154053e+02, 2.53256775e+02, 2.82720032e+02,
    2.50972824e+02, 2.95248657e+02, 2.54128021e+02, 2.20505966e+02,
    2.51882584e+02, 2.32226852e+02, 2.49706436e+02, 2.44123062e+02,
    2.47420898e+02, 2.56042084e+02, 2.45156921e+02, 2.68122223e+02,
    2.42830399e+02, 2.80314789e+02, 2.40574600e+02, 2.92790802e+02,
    2.44129654e+02, 2.19397476e+02, 2.41898834e+02, 2.30955368e+02,
    2.39672394e+02, 2.42580658e+02, 2.37378525e+02, 2.54273605e+02,
    2.35126556e+02, 2.66104279e+02, 2.32765488e+02, 2.78213013e+02,
    2.30453049e+02, 2.90240723e+02 ]
