%YAML:1.0
---
points: [ 1.09994788e+03, 5.82908142e+02, 1.09325378e+03, 6.22577332e+02,
    1.08642090e+03, 6.62262329e+02, 1.07967749e+03, 7.02617554e+02,
    1.07285645e+03, 7.43388672e+02, 1.06597607e+03, 7.84907654e+02,
    1.05910645e+03, 8.26727783e+02, 1.06342859e+03, 5.78548706e+02,
    1.05654236e+03, 6.17291260e+02, 1.04966858e+03, 6.56140991e+02,
    1.04308679e+03, 6.95609985e+02, 1.03621997e+03, 7.35628784e+02,
    1.02908386e+03, 7.76228882e+02, 1.02235431e+03, 8.17449463e+02,
    1.02796094e+03, 5.74250977e+02, 1.02138208e+03, 6.12236206e+02,
    1.01447198e+03, 6.50312378e+02, 1.00758850e+03, 6.89028748e+02,
    1.00075916e+03, 7.28331787e+02, 9.93809021e+02, 7.67895935e+02,
    9.86621704e+02, 8.08289795e+02, 9.94380798e+02, 5.70165283e+02,
    9.87451172e+02, 6.07256226e+02, 9.80627563e+02, 6.44867126e+02,
    9.73872864e+02, 6.82715332e+02, 9.66932129e+02, 7.21300293e+02,
    9.59736755e+02, 7.60192566e+02, 9.52778748e+02, 7.99623230e+02,
    9.61555969e+02, 5.65937988e+02, 9.54746094e+02, 6.02557678e+02,
    9.48202698e+02, 6.39476501e+02, 9.41177795e+02, 6.76626282e+02,
    9.33905029e+02, 7.14345276e+02, 9.27178955e+02, 7.52683899e+02,
    9.19872070e+02, 7.91272217e+02, 9.30183350e+02, 5.62187378e+02,
    9.23390564e+02, 5.97875854e+02, 9.16535706e+02, 6.34301453e+02,
    9.09590515e+02, 6.70788208e+02, 9.02515076e+02, 7.07898499e+02,
    8.95543396e+02, 7.45366760e+02, 8.88319641e+02, 7.83305237e+02,
    8.99934753e+02, 5.58506592e+02, 8.93138367e+02, 5.93648071e+02,
    8.86224487e+02, 6.29336365e+02, 8.79199890e+02, 6.65403870e+02,
    8.72100220e+02, 7.01538513e+02, 8.64967590e+02, 7.38498413e+02,
    8.57822327e+02, 7.75632996e+02, 8.70551025e+02, 5.54926575e+02,
    8.63905273e+02, 5.89564087e+02, 8.56830933e+02, 6.24515381e+02,
    8.49727417e+02, 6.59785950e+02, 8.42795410e+02, 6.95592468e+02,
    8.35547729e+02, 7.31586609e+02, 8.28433960e+02, 7.68211487e+02,
    8.42501526e+02, 5.51521790e+02, 8.35416382e+02, 5.85680847e+02,
    8.28522461e+02, 6.19897278e+02, 8.21456543e+02, 6.54646912e+02,
    8.14265015e+02, 6.89644775e+02, 8.07151550e+02, 7.25090210e+02,
    7.99749329e+02, 7.61144409e+02 ]
