%YAML:1.0
---
points: [ 9.18268509e+01, 9.15924759e+01, 9.23794861e+01, 1.00735069e+02,
    9.27169647e+01, 1.09691154e+02, 9.30890961e+01, 1.18805138e+02,
    9.36737976e+01, 1.27847809e+02, 9.38824844e+01, 1.37120087e+02,
    9.45624924e+01, 1.46299988e+02, 8.22574310e+01, 9.16175079e+01,
    8.26765594e+01, 1.00644241e+02, 8.28679581e+01, 1.09758392e+02,
    8.34030762e+01, 1.18768173e+02, 8.37579193e+01, 1.27965584e+02,
    8.42087479e+01, 1.37120621e+02, 8.47336960e+01, 1.46518219e+02,
    7.26540680e+01, 9.14472809e+01, 7.27945023e+01, 1.00680046e+02,
    7.32152176e+01, 1.09669357e+02, 7.36610565e+01, 1.18867897e+02,
    7.38837814e+01, 1.27983528e+02, 7.43874969e+01, 1.37476929e+02,
    7.46533051e+01, 1.46658295e+02, 6.28144188e+01, 9.15732880e+01,
    6.29923134e+01, 1.00659676e+02, 6.34599648e+01, 1.09759254e+02,
    6.37025833e+01, 1.18897774e+02, 6.39408913e+01, 1.28149811e+02,
    6.45245743e+01, 1.37537125e+02, 6.47894516e+01, 1.46695236e+02,
    5.30598335e+01, 9.15518799e+01, 5.34049110e+01, 1.00757668e+02,
    5.36447754e+01, 1.09749641e+02, 5.38019829e+01, 1.19083473e+02,
    5.41395721e+01, 1.28298447e+02, 5.46332245e+01, 1.37694275e+02,
    5.47300377e+01, 1.46824539e+02, 4.35476494e+01, 9.17276154e+01,
    4.36756516e+01, 1.00718727e+02, 4.37877235e+01, 1.10040016e+02,
    4.38766441e+01, 1.19222481e+02, 4.43040237e+01, 1.28652237e+02,
    4.46625519e+01, 1.37817871e+02, 4.47847290e+01, 1.47154877e+02,
    3.37043266e+01, 9.17392349e+01, 3.38725128e+01, 1.00994209e+02,
    3.39648514e+01, 1.10147118e+02, 3.42949066e+01, 1.19590904e+02,
    3.45947762e+01, 1.28639923e+02, 3.47539062e+01, 1.38125610e+02,
    3.49740639e+01, 1.47428925e+02, 2.43889351e+01, 9.21830215e+01,
    2.42375240e+01, 1.01230949e+02, 2.44779987e+01, 1.10625206e+02,
    2.46580067e+01, 1.19621986e+02, 2.47788181e+01, 1.29128021e+02,
    2.48513756e+01, 1.38369781e+02, 2.52351685e+01, 1.47837143e+02,
    1.46970272e+01, 9.24118958e+01, 1.47781687e+01, 1.01643768e+02,
    1.47776518e+01, 1.10709480e+02, 1.47723122e+01, 1.20054482e+02,
    1.48977718e+01, 1.29358063e+02, 1.52007589e+01, 1.38769638e+02,
    1.55721836e+01, 1.47964050e+02 ]
