%YAML:1.0
---
points: [ 5.66503906e+02, 2.66424194e+02, 5.61954468e+02, 2.77514008e+02,
    5.56590149e+02, 2.91775146e+02, 5.51527222e+02, 3.04585388e+02,
    5.46266602e+02, 3.18335602e+02, 5.40769714e+02, 3.33226196e+02,
    5.36095398e+02, 3.45305786e+02, 5.52630371e+02, 2.58620636e+02,
    5.47634216e+02, 2.72232941e+02, 5.42616516e+02, 2.84638367e+02,
    5.37508301e+02, 2.99009613e+02, 5.31743713e+02, 3.13424957e+02,
    5.26805298e+02, 3.26551666e+02, 5.21649719e+02, 3.39506989e+02,
    5.38391541e+02, 2.53003876e+02, 5.33653076e+02, 2.64604950e+02,
    5.28206787e+02, 2.79426605e+02, 5.23146484e+02, 2.92110504e+02,
    5.17743347e+02, 3.06350464e+02, 5.12496521e+02, 3.20271179e+02,
    5.07361908e+02, 3.33531403e+02, 5.24443542e+02, 2.44763962e+02,
    5.18986938e+02, 2.59302979e+02, 5.14183960e+02, 2.71452454e+02,
    5.08550446e+02, 2.86400146e+02, 5.03099548e+02, 3.00541779e+02,
    4.97897186e+02, 3.13967041e+02, 4.92682770e+02, 3.27548370e+02,
    5.09540802e+02, 2.39142197e+02, 5.04458099e+02, 2.51902145e+02,
    4.98966614e+02, 2.66323975e+02, 4.93705811e+02, 2.79832306e+02,
    4.88306610e+02, 2.93857269e+02, 4.82873169e+02, 3.08026520e+02,
    4.77603180e+02, 3.21346008e+02, 4.94717712e+02, 2.31647400e+02,
    4.89412201e+02, 2.45672150e+02, 4.84253113e+02, 2.58697601e+02,
    4.78517609e+02, 2.73448700e+02, 4.73228210e+02, 2.87338257e+02,
    4.67776367e+02, 3.01284454e+02, 4.62463745e+02, 3.15072174e+02,
    4.79532501e+02, 2.25004318e+02, 4.74190247e+02, 2.38506561e+02,
    4.68781433e+02, 2.52846466e+02, 4.63340881e+02, 2.66332977e+02,
    4.57856415e+02, 2.80825134e+02, 4.52483429e+02, 2.94540405e+02,
    4.47044678e+02, 3.08769409e+02, 4.64412659e+02, 2.17302551e+02,
    4.58839111e+02, 2.31669128e+02, 4.53317566e+02, 2.45497467e+02,
    4.47904633e+02, 2.59678925e+02, 4.42430298e+02, 2.73765717e+02,
    4.36867767e+02, 2.88036133e+02, 4.31263306e+02, 3.02333923e+02,
    4.48745880e+02, 2.10360184e+02, 4.43221313e+02, 2.24137238e+02,
    4.37749329e+02, 2.38573883e+02, 4.32099854e+02, 2.52609711e+02,
    4.26574249e+02, 2.67173126e+02, 4.21013672e+02, 2.81242188e+02,
    4.15432312e+02, 2.95493988e+02 ]
