%YAML:1.0
---
points: [ 9.83429382e+02, 3.15905365e+02, 1.00846106e+03, 3.40050903e+02,
    1.03274646e+03, 3.63972687e+02, 1.05702454e+03, 3.87511169e+02,
    1.08114136e+03, 4.10704681e+02, 1.10492188e+03, 4.33968018e+02,
    1.12872449e+03, 4.56726105e+02, 9.60321838e+02, 3.40322021e+02,
    9.84773743e+02, 3.63881195e+02, 1.00934637e+03, 3.87547577e+02,
    1.03350598e+03, 4.10583221e+02, 1.05723816e+03, 4.33556549e+02,
    1.08092383e+03, 4.55983002e+02, 1.10444116e+03, 4.78510376e+02,
    9.37587463e+02, 3.64082306e+02, 9.62256165e+02, 3.87490356e+02,
    9.86541748e+02, 4.10385803e+02, 1.01031616e+03, 4.32963745e+02,
    1.03403857e+03, 4.55621216e+02, 1.05746643e+03, 4.77794128e+02,
    1.08079114e+03, 4.99679871e+02, 9.15966614e+02, 3.87286621e+02,
    9.40231689e+02, 4.10061646e+02, 9.64203674e+02, 4.32640228e+02,
    9.87791382e+02, 4.54854828e+02, 1.01136041e+03, 4.76959656e+02,
    1.03469714e+03, 4.98760132e+02, 1.05783850e+03, 5.20414612e+02,
    8.94563171e+02, 4.09833862e+02, 9.18551819e+02, 4.32118530e+02,
    9.42433167e+02, 4.54366669e+02, 9.66060303e+02, 4.76325165e+02,
    9.89293091e+02, 4.97785553e+02, 1.01250208e+03, 5.19324829e+02,
    1.03536218e+03, 5.40519958e+02, 8.73569519e+02, 4.31683746e+02,
    8.97602600e+02, 4.53711792e+02, 9.21233337e+02, 4.75555786e+02,
    9.44555786e+02, 4.96806976e+02, 9.67872131e+02, 5.18352661e+02,
    9.90762390e+02, 5.39324097e+02, 1.01356262e+03, 5.60192749e+02,
    8.53379761e+02, 4.53159485e+02, 8.77220093e+02, 4.74644073e+02,
    9.00614868e+02, 4.95939728e+02, 9.23763489e+02, 5.17226379e+02,
    9.46690918e+02, 5.37938721e+02, 9.69634644e+02, 5.58738708e+02,
    9.92233643e+02, 5.79279419e+02, 8.33595215e+02, 4.73941193e+02,
    8.57135986e+02, 4.95072113e+02, 8.80487305e+02, 5.16070923e+02,
    9.03481567e+02, 5.36854370e+02, 9.26302307e+02, 5.57345703e+02,
    9.48963440e+02, 5.77684753e+02, 9.71336365e+02, 5.97972107e+02,
    8.14338623e+02, 4.94145477e+02, 8.37576172e+02, 5.15059387e+02,
    8.60772034e+02, 5.35659363e+02, 8.83533264e+02, 5.56092224e+02,
    9.06366516e+02, 5.76419006e+02, 9.28727600e+02, 5.96411255e+02,
    9.50901184e+02, 6.16341492e+02 ]
