%YAML:1.0
---
points: [ 2.91910278e+02, 1.39360977e+02, 3.00275391e+02, 1.47654312e+02,
    3.08423187e+02, 1.55648193e+02, 3.16594574e+02, 1.63723648e+02,
    3.24668945e+02, 1.71580048e+02, 3.32646820e+02, 1.79479568e+02,
    3.40610291e+02, 1.87219696e+02, 2.83721161e+02, 1.47761108e+02,
    2.91939758e+02, 1.55701706e+02, 3.00149902e+02, 1.63725784e+02,
    3.08170532e+02, 1.71574753e+02, 3.16200928e+02, 1.79301132e+02,
    3.24169922e+02, 1.86999588e+02, 3.32007385e+02, 1.94600784e+02,
    2.75753754e+02, 1.55802338e+02, 2.83893738e+02, 1.63750366e+02,
    2.92008240e+02, 1.71512039e+02, 2.99994171e+02, 1.79192291e+02,
    3.07937408e+02, 1.86775772e+02, 3.15824219e+02, 1.94336227e+02,
    3.23683990e+02, 2.01761215e+02, 2.68003540e+02, 1.63688995e+02,
    2.76138123e+02, 1.71386108e+02, 2.84132568e+02, 1.79054428e+02,
    2.92099701e+02, 1.86548706e+02, 2.99932037e+02, 1.94054184e+02,
    3.07772278e+02, 2.01473404e+02, 3.15546173e+02, 2.08810501e+02,
    2.60460114e+02, 1.71284943e+02, 2.68529449e+02, 1.78911957e+02,
    2.76465729e+02, 1.86408524e+02, 2.84374146e+02, 1.93825516e+02,
    2.92184509e+02, 2.01142471e+02, 2.99914062e+02, 2.08439209e+02,
    3.07584686e+02, 2.15613373e+02, 2.53090530e+02, 1.78761993e+02,
    2.61105957e+02, 1.86191360e+02, 2.68979919e+02, 1.93583542e+02,
    2.76776215e+02, 2.00842407e+02, 2.84586670e+02, 2.08066772e+02,
    2.92275421e+02, 2.15218735e+02, 2.99903839e+02, 2.22335739e+02,
    2.45963135e+02, 1.86023285e+02, 2.53905838e+02, 1.93323822e+02,
    2.61721283e+02, 2.00511566e+02, 2.69514435e+02, 2.07691498e+02,
    2.77145447e+02, 2.14774643e+02, 2.84789337e+02, 2.21877472e+02,
    2.92382568e+02, 2.28743103e+02, 2.38998428e+02, 1.93053909e+02,
    2.46881332e+02, 2.00136871e+02, 2.54686752e+02, 2.07346466e+02,
    2.62310699e+02, 2.14291611e+02, 2.69986298e+02, 2.21334351e+02,
    2.77481354e+02, 2.28232376e+02, 2.85070770e+02, 2.35132401e+02,
    2.32182770e+02, 1.99817078e+02, 2.40004776e+02, 2.06971817e+02,
    2.47711914e+02, 2.13928772e+02, 2.55355057e+02, 2.20890457e+02,
    2.62918365e+02, 2.27735947e+02, 2.70459839e+02, 2.34564804e+02,
    2.77886475e+02, 2.41240387e+02 ]
