%YAML:1.0
---
points: [ 1.06833038e+02, 9.98005524e+01, 1.06377472e+02, 1.08645073e+02,
    1.05741890e+02, 1.17568336e+02, 1.05299652e+02, 1.26435028e+02,
    1.04687073e+02, 1.35404800e+02, 1.04169838e+02, 1.44392395e+02,
    1.03654961e+02, 1.53506607e+02, 9.76823883e+01, 9.74469910e+01,
    9.69399719e+01, 1.06336571e+02, 9.65289841e+01, 1.15417198e+02,
    9.57918396e+01, 1.24391876e+02, 9.52713013e+01, 1.33439621e+02,
    9.47214737e+01, 1.42650146e+02, 9.41139069e+01, 1.51864777e+02,
    8.81149368e+01, 9.48755722e+01, 8.75805130e+01, 1.04024887e+02,
    8.68229218e+01, 1.13145515e+02, 8.61559448e+01, 1.22340462e+02,
    8.56146164e+01, 1.31574493e+02, 8.48127441e+01, 1.40904953e+02,
    8.43289413e+01, 1.50199005e+02, 7.85206604e+01, 9.24201279e+01,
    7.76856537e+01, 1.01680229e+02, 7.69040833e+01, 1.10975746e+02,
    7.62402954e+01, 1.20275436e+02, 7.57302628e+01, 1.29569412e+02,
    7.49213638e+01, 1.39024673e+02, 7.42182007e+01, 1.48444611e+02,
    6.84224854e+01, 8.98691864e+01, 6.76522141e+01, 9.92810974e+01,
    6.67958374e+01, 1.08575371e+02, 6.60486145e+01, 1.18067535e+02,
    6.53252716e+01, 1.27567017e+02, 6.46613617e+01, 1.37188370e+02,
    6.38010635e+01, 1.46723877e+02, 5.83183022e+01, 8.75847473e+01,
    5.73616562e+01, 9.68109741e+01, 5.65752487e+01, 1.06368324e+02,
    5.57375221e+01, 1.15916115e+02, 5.48287239e+01, 1.25549721e+02,
    5.40569801e+01, 1.35131027e+02, 5.32922058e+01, 1.45126984e+02,
    4.79424477e+01, 8.49773560e+01, 4.69869919e+01, 9.45348892e+01,
    4.60217133e+01, 1.04032143e+02, 4.51478920e+01, 1.13801926e+02,
    4.41510201e+01, 1.23449440e+02, 4.33170929e+01, 1.33402100e+02,
    4.25330658e+01, 1.43147827e+02, 3.75684929e+01, 8.26340485e+01,
    3.64218445e+01, 9.20004272e+01, 3.53614540e+01, 1.01849510e+02,
    3.43244438e+01, 1.11568459e+02, 3.33350677e+01, 1.21542717e+02,
    3.23488693e+01, 1.31340347e+02, 3.14103413e+01, 1.41504440e+02,
    2.68579884e+01, 8.00146561e+01, 2.57492809e+01, 8.98568420e+01,
    2.44620819e+01, 9.94791260e+01, 2.34666557e+01, 1.09579620e+02,
    2.23252163e+01, 1.19304260e+02, 2.12419186e+01, 1.29641251e+02,
    2.02626724e+01, 1.39592560e+02 ]
