%YAML:1.0
---
points: [ 1.10710083e+03, 5.08161774e+02, 1.10915857e+03, 5.48195190e+02,
    1.11145825e+03, 5.88197632e+02, 1.11348486e+03, 6.28294128e+02,
    1.11591528e+03, 6.68633911e+02, 1.11811963e+03, 7.09264160e+02,
    1.12040613e+03, 7.49906372e+02, 1.06815955e+03, 5.10654877e+02,
    1.07011914e+03, 5.50294495e+02, 1.07220178e+03, 5.89680908e+02,
    1.07437048e+03, 6.29368835e+02, 1.07642566e+03, 6.69195984e+02,
    1.07868054e+03, 7.08967529e+02, 1.08107031e+03, 7.49461121e+02,
    1.03025415e+03, 5.13382812e+02, 1.03228796e+03, 5.52402710e+02,
    1.03424890e+03, 5.91472229e+02, 1.03625867e+03, 6.30235901e+02,
    1.03829053e+03, 6.69649231e+02, 1.04042566e+03, 7.09116699e+02,
    1.04259082e+03, 7.48737427e+02, 9.93274963e+02, 5.16011047e+02,
    9.95410278e+02, 5.54437622e+02, 9.97283691e+02, 5.92891357e+02,
    9.99398071e+02, 6.31325562e+02, 1.00138983e+03, 6.70102966e+02,
    1.00327856e+03, 7.09050720e+02, 1.00551288e+03, 7.48201599e+02,
    9.57460327e+02, 5.18432617e+02, 9.59468567e+02, 5.56336426e+02,
    9.61266296e+02, 5.94310120e+02, 9.63210449e+02, 6.32451721e+02,
    9.65170166e+02, 6.70612854e+02, 9.66926086e+02, 7.09093689e+02,
    9.69164001e+02, 7.47675842e+02, 9.22512207e+02, 5.20824402e+02,
    9.24285461e+02, 5.58285339e+02, 9.26100403e+02, 5.96004761e+02,
    9.28033936e+02, 6.33496399e+02, 9.29747131e+02, 6.71187500e+02,
    9.31754150e+02, 7.09109009e+02, 9.33473572e+02, 7.47093201e+02,
    8.88475525e+02, 5.23324158e+02, 8.90279358e+02, 5.60231567e+02,
    8.91934631e+02, 5.97411621e+02, 8.93737854e+02, 6.34389893e+02,
    8.95559509e+02, 6.71554993e+02, 8.97393311e+02, 7.09132629e+02,
    8.99160461e+02, 7.46704102e+02, 8.55274780e+02, 5.25562012e+02,
    8.56876953e+02, 5.62129211e+02, 8.58611328e+02, 5.98662903e+02,
    8.60347961e+02, 6.35350830e+02, 8.62062744e+02, 6.72178650e+02,
    8.63819336e+02, 7.09137756e+02, 8.65457520e+02, 7.46316589e+02,
    8.22836853e+02, 5.27850708e+02, 8.24393860e+02, 5.64052551e+02,
    8.26213074e+02, 6.00131409e+02, 8.27605835e+02, 6.36390015e+02,
    8.29358337e+02, 6.72643188e+02, 8.30970886e+02, 7.09256775e+02,
    8.32540100e+02, 7.46029053e+02 ]
