%YAML:1.0
---
points: [ 1.10465187e+02, 9.77088318e+01, 1.06583702e+02, 1.05993523e+02,
    1.02624931e+02, 1.14303444e+02, 9.87382202e+01, 1.22644745e+02,
    9.48283997e+01, 1.30982971e+02, 9.09392624e+01, 1.39329971e+02,
    8.70258026e+01, 1.47704544e+02, 1.02550232e+02, 9.29526672e+01,
    9.84415054e+01, 1.01476784e+02, 9.44810562e+01, 1.09924095e+02,
    9.04840317e+01, 1.18386162e+02, 8.65238724e+01, 1.26998360e+02,
    8.25204697e+01, 1.35405090e+02, 7.85391617e+01, 1.44081955e+02,
    9.43462219e+01, 8.80887527e+01, 9.02216110e+01, 9.67229462e+01,
    8.61812286e+01, 1.05338501e+02, 8.20830154e+01, 1.14104126e+02,
    7.80203094e+01, 1.22626808e+02, 7.38672791e+01, 1.31384735e+02,
    6.98866730e+01, 1.40095825e+02, 8.58710251e+01, 8.31492996e+01,
    8.16695328e+01, 9.19420776e+01, 7.74097061e+01, 1.00794693e+02,
    7.32805176e+01, 1.09541924e+02, 6.91276016e+01, 1.18394737e+02,
    6.49976730e+01, 1.27222084e+02, 6.07932396e+01, 1.36087143e+02,
    7.71475525e+01, 7.79599838e+01, 7.28246307e+01, 8.69271698e+01,
    6.85473175e+01, 9.59405899e+01, 6.42622452e+01, 1.04930191e+02,
    6.00120277e+01, 1.13831772e+02, 5.57668037e+01, 1.22983536e+02,
    5.14887466e+01, 1.31894104e+02, 6.81915131e+01, 7.27995834e+01,
    6.37018013e+01, 8.17722702e+01, 5.93339233e+01, 9.10392761e+01,
    5.50202866e+01, 1.00044258e+02, 5.05743027e+01, 1.09319130e+02,
    4.62282372e+01, 1.18450142e+02, 4.19206696e+01, 1.27708809e+02,
    5.90048752e+01, 6.72821121e+01, 5.44550781e+01, 7.67389069e+01,
    5.00184975e+01, 8.58824539e+01, 4.54502983e+01, 9.52819824e+01,
    4.10914536e+01, 1.04520737e+02, 3.66031914e+01, 1.13989067e+02,
    3.21960564e+01, 1.23283318e+02, 4.95945473e+01, 6.20972595e+01,
    4.49961510e+01, 7.12043533e+01, 4.03108101e+01, 8.08578568e+01,
    3.57775536e+01, 9.02014313e+01, 3.11388454e+01, 9.98015594e+01,
    2.67282734e+01, 1.09222107e+02, 2.21421871e+01, 1.18900627e+02,
    4.00551643e+01, 5.62425156e+01, 3.53020325e+01, 6.61338272e+01,
    3.05329418e+01, 7.55031357e+01, 2.58336716e+01, 8.53231659e+01,
    2.12616215e+01, 9.48091583e+01, 1.65360374e+01, 1.04645966e+02,
    1.20186481e+01, 1.14218575e+02 ]
