%YAML:1.0
---
points: [ 5.71310425e+02, 2.67587799e+02, 5.65783630e+02, 2.78533112e+02,
    5.61729248e+02, 2.92796967e+02, 5.55958191e+02, 3.05867157e+02,
    5.52339233e+02, 3.20372559e+02, 5.46513794e+02, 3.33212219e+02,
    5.43070312e+02, 3.47520752e+02, 5.58441345e+02, 2.58658691e+02,
    5.53911743e+02, 2.73657104e+02, 5.48489807e+02, 2.86791656e+02,
    5.44547791e+02, 3.01049377e+02, 5.39218689e+02, 3.14551636e+02,
    5.34856445e+02, 3.28523041e+02, 5.29137573e+02, 3.42196228e+02,
    5.45238647e+02, 2.54400391e+02, 5.40587769e+02, 2.66356812e+02,
    5.36032898e+02, 2.81752563e+02, 5.30833618e+02, 2.94393524e+02,
    5.26138672e+02, 3.09439453e+02, 5.20717346e+02, 3.22792816e+02,
    5.16584351e+02, 3.36552582e+02, 5.32457886e+02, 2.46679337e+02,
    5.27476929e+02, 2.61617004e+02, 5.22365234e+02, 2.74609802e+02,
    5.17865173e+02, 2.89161682e+02, 5.12496643e+02, 3.03023193e+02,
    5.07834045e+02, 3.16855469e+02, 5.02433105e+02, 3.31282318e+02,
    5.18797729e+02, 2.41019913e+02, 5.13891785e+02, 2.53858627e+02,
    5.08897064e+02, 2.68616425e+02, 5.03612946e+02, 2.82757874e+02,
    4.98726837e+02, 2.96879608e+02, 4.93600128e+02, 3.11033295e+02,
    4.88566406e+02, 3.25194458e+02, 5.05026398e+02, 2.33794968e+02,
    5.00071960e+02, 2.48077438e+02, 4.94776459e+02, 2.62211975e+02,
    4.89922028e+02, 2.76560455e+02, 4.84655090e+02, 2.90539398e+02,
    4.79534973e+02, 3.05161591e+02, 4.74398560e+02, 3.19371124e+02,
    4.91186279e+02, 2.27035065e+02, 4.85894135e+02, 2.40930878e+02,
    4.80818176e+02, 2.55613998e+02, 4.75528259e+02, 2.69741882e+02,
    4.70436859e+02, 2.84488892e+02, 4.65296051e+02, 2.98759308e+02,
    4.60111603e+02, 3.13164886e+02, 4.76764130e+02, 2.19641724e+02,
    4.71553131e+02, 2.34297974e+02, 4.66429047e+02, 2.48561768e+02,
    4.61097107e+02, 2.63337524e+02, 4.55848541e+02, 2.77828339e+02,
    4.50524963e+02, 2.92436066e+02, 4.45446198e+02, 3.06968933e+02,
    4.62224274e+02, 2.12527863e+02, 4.56730103e+02, 2.27076874e+02,
    4.51526459e+02, 2.41836151e+02, 4.46319611e+02, 2.56449677e+02,
    4.40909210e+02, 2.71243652e+02, 4.35700134e+02, 2.85952057e+02,
    4.30354767e+02, 3.00654755e+02 ]
