%YAML:1.0
---
points: [ 2.42027206e+02, 2.85162842e+02, 2.41384293e+02, 2.72728943e+02,
    2.40767776e+02, 2.60338898e+02, 2.40230194e+02, 2.48149734e+02,
    2.39610123e+02, 2.35750320e+02, 2.39115341e+02, 2.23520386e+02,
    2.38429901e+02, 2.11225677e+02, 2.53449448e+02, 2.85292969e+02,
    2.52860291e+02, 2.72687469e+02, 2.52231354e+02, 2.60260590e+02,
    2.51618774e+02, 2.47678055e+02, 2.51010635e+02, 2.35369537e+02,
    2.50342529e+02, 2.22919479e+02, 2.49714966e+02, 2.10436279e+02,
    2.65203644e+02, 2.85328064e+02, 2.64535980e+02, 2.72850708e+02,
    2.63890381e+02, 2.60130890e+02, 2.63209412e+02, 2.47316498e+02,
    2.62511749e+02, 2.34850479e+02, 2.61897736e+02, 2.22224289e+02,
    2.61237000e+02, 2.09705948e+02, 2.77149963e+02, 2.85638611e+02,
    2.76457214e+02, 2.72821716e+02, 2.75884430e+02, 2.59948425e+02,
    2.75157776e+02, 2.47131714e+02, 2.74440521e+02, 2.34299850e+02,
    2.73833099e+02, 2.21641876e+02, 2.73178162e+02, 2.08920364e+02,
    2.89536102e+02, 2.85904724e+02, 2.88873260e+02, 2.72849182e+02,
    2.88159149e+02, 2.59788025e+02, 2.87386536e+02, 2.46879669e+02,
    2.86752808e+02, 2.33870422e+02, 2.86128143e+02, 2.21076843e+02,
    2.85337341e+02, 2.08194672e+02, 3.02284668e+02, 2.86157288e+02,
    3.01532013e+02, 2.72800110e+02, 3.00799042e+02, 2.59609497e+02,
    3.00040649e+02, 2.46375031e+02, 2.99308716e+02, 2.33344879e+02,
    2.98642212e+02, 2.20275101e+02, 2.97945862e+02, 2.07290009e+02,
    3.15294861e+02, 2.86274170e+02, 3.14531372e+02, 2.72949097e+02,
    3.13758972e+02, 2.59410156e+02, 3.13025787e+02, 2.46132401e+02,
    3.12255646e+02, 2.32868362e+02, 3.11466736e+02, 2.19616989e+02,
    3.10874298e+02, 2.06387344e+02, 3.28819489e+02, 2.86506226e+02,
    3.28040314e+02, 2.72971375e+02, 3.27201050e+02, 2.59335327e+02,
    3.26313934e+02, 2.45786057e+02, 3.25575745e+02, 2.32310928e+02,
    3.24831940e+02, 2.18960739e+02, 3.24077911e+02, 2.05534454e+02,
    3.42602203e+02, 2.86876129e+02, 3.41762695e+02, 2.73054932e+02,
    3.40850494e+02, 2.59152496e+02, 3.40174469e+02, 2.45524384e+02,
    3.39272888e+02, 2.31802124e+02, 3.38567047e+02, 2.18245422e+02,
    3.37740143e+02, 2.04617340e+02 ]
