%YAML:1.0
---
points: [ 2.17708969e+02, 2.29240723e+02, 2.18633026e+02, 2.42138138e+02,
    2.19447891e+02, 2.55098587e+02, 2.20383804e+02, 2.68151398e+02,
    2.21325531e+02, 2.81196625e+02, 2.22229889e+02, 2.94406311e+02,
    2.23165375e+02, 3.07520996e+02, 2.05052811e+02, 2.30236710e+02,
    2.05951523e+02, 2.43328491e+02, 2.06841599e+02, 2.56547455e+02,
    2.07652267e+02, 2.69800781e+02, 2.08527374e+02, 2.82905853e+02,
    2.09421692e+02, 2.96343750e+02, 2.10371109e+02, 3.09638184e+02,
    1.91911606e+02, 2.31389160e+02, 1.92780777e+02, 2.44638275e+02,
    1.93647156e+02, 2.58080048e+02, 1.94517914e+02, 2.71337860e+02,
    1.95406067e+02, 2.84821594e+02, 1.96329056e+02, 2.98274689e+02,
    1.97226303e+02, 3.11837341e+02, 1.78415115e+02, 2.32398483e+02,
    1.79304749e+02, 2.45979980e+02, 1.80209030e+02, 2.59483154e+02,
    1.81180298e+02, 2.73134308e+02, 1.82039337e+02, 2.86730927e+02,
    1.82905533e+02, 3.00448120e+02, 1.83750793e+02, 3.14133118e+02,
    1.64388763e+02, 2.33587021e+02, 1.65341660e+02, 2.47348068e+02,
    1.66293167e+02, 2.61168823e+02, 1.67217087e+02, 2.74877960e+02,
    1.68089218e+02, 2.88713348e+02, 1.68960373e+02, 3.02604279e+02,
    1.69814468e+02, 3.16492615e+02, 1.50136658e+02, 2.34815201e+02,
    1.51043671e+02, 2.48801422e+02, 1.51920395e+02, 2.62703094e+02,
    1.52789719e+02, 2.76735718e+02, 1.53753372e+02, 2.90745758e+02,
    1.54664551e+02, 3.04806366e+02, 1.55617874e+02, 3.18771942e+02,
    1.35296310e+02, 2.36104965e+02, 1.36244202e+02, 2.50240341e+02,
    1.37138702e+02, 2.64414948e+02, 1.38118439e+02, 2.78547607e+02,
    1.39026428e+02, 2.92822906e+02, 1.39969910e+02, 3.07021423e+02,
    1.40901077e+02, 3.21307922e+02, 1.20047676e+02, 2.37285507e+02,
    1.21099144e+02, 2.51752457e+02, 1.22009132e+02, 2.66056915e+02,
    1.22963753e+02, 2.80461243e+02, 1.23918228e+02, 2.94823669e+02,
    1.24864166e+02, 3.09345093e+02, 1.25867165e+02, 3.23684479e+02,
    1.04355774e+02, 2.38460403e+02, 1.05500137e+02, 2.53248611e+02,
    1.06431381e+02, 2.68048035e+02, 1.07472336e+02, 2.82418945e+02,
    1.08487091e+02, 2.97087952e+02, 1.09561432e+02, 3.11544495e+02,
    1.10584137e+02, 3.26211914e+02 ]
