%YAML:1.0
---
points: [ 7.56826355e+02, 5.80652893e+02, 7.59445007e+02, 6.18983582e+02,
    7.62000854e+02, 6.57355591e+02, 7.64575195e+02, 6.95824829e+02,
    7.67088013e+02, 7.34463562e+02, 7.69691956e+02, 7.73276733e+02,
    7.72152893e+02, 8.12231018e+02, 7.17906189e+02, 5.83733826e+02,
    7.20537292e+02, 6.22684570e+02, 7.23147949e+02, 6.61590332e+02,
    7.25643127e+02, 7.00725647e+02, 7.28229431e+02, 7.39793701e+02,
    7.30635193e+02, 7.79195801e+02, 7.33224731e+02, 8.18482971e+02,
    6.77809753e+02, 5.87015320e+02, 6.80565125e+02, 6.26519104e+02,
    6.83128418e+02, 6.66080505e+02, 6.85626953e+02, 7.05601196e+02,
    6.88167725e+02, 7.45307983e+02, 6.90635742e+02, 7.85392090e+02,
    6.93091370e+02, 8.25111206e+02, 6.36800964e+02, 5.90515625e+02,
    6.39343811e+02, 6.30443176e+02, 6.42009460e+02, 6.70588928e+02,
    6.44455505e+02, 7.10843445e+02, 6.47156799e+02, 7.50954163e+02,
    6.49556152e+02, 7.91570984e+02, 6.52108459e+02, 8.32173035e+02,
    5.94058838e+02, 5.93826050e+02, 5.96627686e+02, 6.34564880e+02,
    5.99381592e+02, 6.75408081e+02, 6.01933655e+02, 7.16150574e+02,
    6.04465454e+02, 7.56866150e+02, 6.07020874e+02, 7.97954834e+02,
    6.09511658e+02, 8.39110779e+02, 5.49998657e+02, 5.97558899e+02,
    5.52715271e+02, 6.38858154e+02, 5.55380005e+02, 6.80278931e+02,
    5.58066711e+02, 7.21590881e+02, 5.60610718e+02, 7.63199707e+02,
    5.63278137e+02, 8.04651917e+02, 5.65721313e+02, 8.46471313e+02,
    5.04745026e+02, 6.01271423e+02, 5.07481140e+02, 6.43277588e+02,
    5.10359314e+02, 6.85268433e+02, 5.12818481e+02, 7.27328003e+02,
    5.15577087e+02, 7.69402832e+02, 5.18219116e+02, 8.11615112e+02,
    5.20755127e+02, 8.53947144e+02, 4.58265259e+02, 6.04907043e+02,
    4.60867584e+02, 6.47589600e+02, 4.63827118e+02, 6.90347778e+02,
    4.66472778e+02, 7.33016602e+02, 4.69323547e+02, 7.75611206e+02,
    4.71765869e+02, 8.18478760e+02, 4.74637085e+02, 8.61390442e+02,
    4.10280609e+02, 6.08878601e+02, 4.13061127e+02, 6.52187988e+02,
    4.15879639e+02, 6.95579407e+02, 4.18545532e+02, 7.38858459e+02,
    4.21545471e+02, 7.82153015e+02, 4.24188538e+02, 8.25643188e+02,
    4.27117554e+02, 8.69333069e+02 ]
