%YAML:1.0
---
points: [ 1.19285912e+02, 1.06159340e+02, 1.22256386e+02, 1.16851189e+02,
    1.25290840e+02, 1.27229660e+02, 1.28269775e+02, 1.37816788e+02,
    1.31255157e+02, 1.48124908e+02, 1.34199722e+02, 1.58508774e+02,
    1.37191223e+02, 1.68742813e+02, 1.11657906e+02, 1.09362793e+02,
    1.14672119e+02, 1.19749702e+02, 1.17579681e+02, 1.30194778e+02,
    1.20658882e+02, 1.40391617e+02, 1.23519630e+02, 1.50716507e+02,
    1.26466324e+02, 1.60865356e+02, 1.29395950e+02, 1.71011429e+02,
    1.04364395e+02, 1.12325584e+02, 1.07251862e+02, 1.22733757e+02,
    1.10174408e+02, 1.32944672e+02, 1.13118622e+02, 1.43103622e+02,
    1.16112419e+02, 1.53170578e+02, 1.19033028e+02, 1.63288788e+02,
    1.21796120e+02, 1.73202438e+02, 9.71363525e+01, 1.15350395e+02,
    1.00046837e+02, 1.25457581e+02, 1.02886871e+02, 1.35579224e+02,
    1.05899933e+02, 1.45563599e+02, 1.08751068e+02, 1.55600464e+02,
    1.11648552e+02, 1.65433289e+02, 1.14518738e+02, 1.75375961e+02,
    9.01623764e+01, 1.18215530e+02, 9.29662170e+01, 1.28277130e+02,
    9.58195038e+01, 1.38221832e+02, 9.86842422e+01, 1.48137192e+02,
    1.01576508e+02, 1.57970352e+02, 1.04438774e+02, 1.67751755e+02,
    1.07276283e+02, 1.77500000e+02, 8.31262436e+01, 1.21217575e+02,
    8.60847397e+01, 1.31030853e+02, 8.89480286e+01, 1.40927124e+02,
    9.18236923e+01, 1.50538040e+02, 9.44332733e+01, 1.60261536e+02,
    9.72673569e+01, 1.70014755e+02, 1.00271049e+02, 1.79575684e+02,
    7.64329910e+01, 1.23934525e+02, 7.92982864e+01, 1.33648605e+02,
    8.22920609e+01, 1.43238632e+02, 8.50524063e+01, 1.53116974e+02,
    8.82569809e+01, 1.62378845e+02, 9.08810043e+01, 1.72172302e+02,
    9.31313248e+01, 1.81611465e+02, 7.04585190e+01, 1.26573959e+02,
    7.33180008e+01, 1.36058472e+02, 7.56702194e+01, 1.45923157e+02,
    7.82894287e+01, 1.55313583e+02, 8.09614105e+01, 1.64938736e+02,
    8.36409531e+01, 1.74336746e+02, 8.78270493e+01, 1.83296463e+02,
    6.41578064e+01, 1.29340073e+02, 6.67753448e+01, 1.38865723e+02,
    6.95748138e+01, 1.48201447e+02, 7.26492462e+01, 1.57813324e+02,
    7.51534042e+01, 1.66873260e+02, 8.36409225e+01, 1.74336761e+02,
    8.08218079e+01, 1.85469299e+02 ]
