%YAML:1.0
---
points: [ 4.41406525e+02, 2.21844025e+02, 4.57854645e+02, 2.22934814e+02,
    4.73972809e+02, 2.24008774e+02, 4.89890472e+02, 2.24849991e+02,
    5.05344666e+02, 2.26073227e+02, 5.20513000e+02, 2.27154175e+02,
    5.35287048e+02, 2.28124832e+02, 4.41099609e+02, 2.37968536e+02,
    4.57417969e+02, 2.38863190e+02, 4.73600647e+02, 2.39667084e+02,
    4.89263153e+02, 2.40494202e+02, 5.04619843e+02, 2.41380951e+02,
    5.19677429e+02, 2.42333481e+02, 5.34549438e+02, 2.43321426e+02,
    4.40663177e+02, 2.53806702e+02, 4.56991699e+02, 2.54586166e+02,
    4.72972565e+02, 2.55269775e+02, 4.88774750e+02, 2.55983765e+02,
    5.03927948e+02, 2.56675446e+02, 5.19033386e+02, 2.57439636e+02,
    5.33816833e+02, 2.58209930e+02, 4.40410156e+02, 2.69546478e+02,
    4.56643677e+02, 2.70142090e+02, 4.72584564e+02, 2.70675873e+02,
    4.88205017e+02, 2.71247345e+02, 5.03411682e+02, 2.71797272e+02,
    5.18448730e+02, 2.72321320e+02, 5.33193970e+02, 2.72949890e+02,
    4.40166718e+02, 2.85151733e+02, 4.56359680e+02, 2.85560760e+02,
    4.72055908e+02, 2.85885254e+02, 4.87607208e+02, 2.86399353e+02,
    5.02771423e+02, 2.86764343e+02, 5.17744934e+02, 2.87183411e+02,
    5.32562134e+02, 2.87567993e+02, 4.39767792e+02, 3.00406464e+02,
    4.55904663e+02, 3.00672119e+02, 4.71606171e+02, 3.00921082e+02,
    4.86989563e+02, 3.01360657e+02, 5.02210541e+02, 3.01623322e+02,
    5.17211426e+02, 3.01896881e+02, 5.31773621e+02, 3.02192169e+02,
    4.39594086e+02, 3.15508057e+02, 4.55470001e+02, 3.15654877e+02,
    4.71177216e+02, 3.15688202e+02, 4.86634155e+02, 3.15806366e+02,
    5.01630249e+02, 3.16083466e+02, 5.16504150e+02, 3.16266022e+02,
    5.30851074e+02, 3.16395355e+02, 4.39295532e+02, 3.30469940e+02,
    4.55104797e+02, 3.30419342e+02, 4.70679016e+02, 3.30471588e+02,
    4.86030884e+02, 3.30454163e+02, 5.01030182e+02, 3.30508179e+02,
    5.15699829e+02, 3.30449768e+02, 5.30066895e+02, 3.30451263e+02,
    4.39073212e+02, 3.45328247e+02, 4.54789459e+02, 3.45289520e+02,
    4.70299042e+02, 3.45026276e+02, 4.85548004e+02, 3.44815125e+02,
    5.00500061e+02, 3.44699615e+02, 5.15033936e+02, 3.44638062e+02,
    5.29322693e+02, 3.44491180e+02 ]
