%YAML:1.0
---
points: [ 1.11984265e+03, 6.38672302e+02, 1.12135095e+03, 6.86823059e+02,
    1.12270178e+03, 7.35324707e+02, 1.12426086e+03, 7.83950745e+02,
    1.12590295e+03, 8.32974487e+02, 1.12761121e+03, 8.82201416e+02,
    1.12917432e+03, 9.31528320e+02, 1.07465100e+03, 6.37899658e+02,
    1.07604102e+03, 6.84976257e+02, 1.07745837e+03, 7.32538940e+02,
    1.07901685e+03, 7.79980469e+02, 1.08053088e+03, 8.27880493e+02,
    1.08205859e+03, 8.75839478e+02, 1.08383740e+03, 9.24227722e+02,
    1.03164990e+03, 6.36973145e+02, 1.03281323e+03, 6.83262207e+02,
    1.03425220e+03, 7.29569336e+02, 1.03566382e+03, 7.76290955e+02,
    1.03713477e+03, 8.22935425e+02, 1.03854980e+03, 8.70212463e+02,
    1.04000476e+03, 9.17418396e+02, 9.90477783e+02, 6.36338196e+02,
    9.91624878e+02, 6.81550842e+02, 9.93062012e+02, 7.27125244e+02,
    9.94366150e+02, 7.72524475e+02, 9.95633240e+02, 8.18431396e+02,
    9.97054626e+02, 8.64526611e+02, 9.98488892e+02, 9.10762634e+02,
    9.50605713e+02, 6.35618286e+02, 9.51908997e+02, 6.80112976e+02,
    9.53263672e+02, 7.24469910e+02, 9.54470398e+02, 7.69313660e+02,
    9.55742371e+02, 8.14015686e+02, 9.57111206e+02, 8.59304260e+02,
    9.58464905e+02, 9.04479919e+02, 9.12486450e+02, 6.35121704e+02,
    9.13784424e+02, 6.78491394e+02, 9.14955261e+02, 7.22331482e+02,
    9.16303040e+02, 7.65819153e+02, 9.17489136e+02, 8.09845886e+02,
    9.18718506e+02, 8.54302490e+02, 9.19858887e+02, 8.98490784e+02,
    8.76212036e+02, 6.34447266e+02, 8.77283569e+02, 6.77182495e+02,
    8.78489990e+02, 7.19792603e+02, 8.79631409e+02, 7.62756287e+02,
    8.80698242e+02, 8.05955139e+02, 8.81781433e+02, 8.49340820e+02,
    8.83034668e+02, 8.92671631e+02, 8.40972900e+02, 6.33858704e+02,
    8.42147278e+02, 6.75715332e+02, 8.43424133e+02, 7.17664429e+02,
    8.44329590e+02, 7.59893066e+02, 8.45381592e+02, 8.02208435e+02,
    8.46487732e+02, 8.44661133e+02, 8.47619324e+02, 8.87378784e+02,
    8.07289062e+02, 6.33432312e+02, 8.08263428e+02, 6.74537109e+02,
    8.09153809e+02, 7.15604919e+02, 8.10320557e+02, 7.56909973e+02,
    8.11242188e+02, 7.98570435e+02, 8.12283752e+02, 8.40324402e+02,
    8.13112732e+02, 8.82276978e+02 ]
