%YAML:1.0
---
points: [ 4.98360870e+02, 2.68534576e+02, 5.12599121e+02, 2.70122223e+02,
    5.26911560e+02, 2.71667725e+02, 5.41086975e+02, 2.73257965e+02,
    5.55057983e+02, 2.75114197e+02, 5.69430664e+02, 2.76505737e+02,
    5.83623108e+02, 2.78172760e+02, 4.96766785e+02, 2.82413849e+02,
    5.11108459e+02, 2.83996216e+02, 5.25192566e+02, 2.85699280e+02,
    5.39390869e+02, 2.87269989e+02, 5.53724426e+02, 2.88682098e+02,
    5.67644531e+02, 2.90692719e+02, 5.81807739e+02, 2.91992279e+02,
    4.95187653e+02, 2.96456909e+02, 5.09403900e+02, 2.97861908e+02,
    5.23423523e+02, 2.99488770e+02, 5.37912170e+02, 3.01170166e+02,
    5.51981934e+02, 3.02820282e+02, 5.66082764e+02, 3.04280853e+02,
    5.80352905e+02, 3.06191467e+02, 4.93409149e+02, 3.10208740e+02,
    5.07670258e+02, 3.11936584e+02, 5.22053833e+02, 3.13425903e+02,
    5.36227295e+02, 3.15056824e+02, 5.50316040e+02, 3.16613770e+02,
    5.64533508e+02, 3.18496246e+02, 5.78710571e+02, 3.19726044e+02,
    4.91821503e+02, 3.24242096e+02, 5.06111572e+02, 3.25686890e+02,
    5.20176147e+02, 3.27591522e+02, 5.34418701e+02, 3.28951813e+02,
    5.48714722e+02, 3.30591095e+02, 5.63002563e+02, 3.32256622e+02,
    5.76986938e+02, 3.34009827e+02, 4.90311829e+02, 3.38271423e+02,
    5.04372375e+02, 3.39726715e+02, 5.18510620e+02, 3.41239838e+02,
    5.32873535e+02, 3.43143250e+02, 5.47194031e+02, 3.44603302e+02,
    5.61242126e+02, 3.46324188e+02, 5.75502686e+02, 3.47727051e+02,
    4.88371887e+02, 3.52107513e+02, 5.02638123e+02, 3.53676819e+02,
    5.17124146e+02, 3.55424072e+02, 5.31346069e+02, 3.56730194e+02,
    5.45329285e+02, 3.58576630e+02, 5.59650330e+02, 3.60096252e+02,
    5.73857178e+02, 3.61702301e+02, 4.86736542e+02, 3.66088226e+02,
    5.01164734e+02, 3.67636169e+02, 5.15321106e+02, 3.69300262e+02,
    5.29535095e+02, 3.70992340e+02, 5.43859741e+02, 3.72334564e+02,
    5.58164429e+02, 3.74301849e+02, 5.72238098e+02, 3.75593170e+02,
    4.85119690e+02, 3.80233124e+02, 4.99386536e+02, 3.81608978e+02,
    5.13593323e+02, 3.83217102e+02, 5.27928467e+02, 3.84772217e+02,
    5.42245422e+02, 3.86561554e+02, 5.56381592e+02, 3.87813934e+02,
    5.70521301e+02, 3.89777283e+02 ]
