%YAML:1.0
---
points: [ 1.44365143e+02, 2.26267563e+02, 1.45046768e+02, 2.36515762e+02,
    1.45724426e+02, 2.46690201e+02, 1.46498077e+02, 2.56866394e+02,
    1.47118240e+02, 2.67183350e+02, 1.47827118e+02, 2.77601929e+02,
    1.48471161e+02, 2.87847137e+02, 1.36041275e+02, 2.27185226e+02,
    1.36696869e+02, 2.37273102e+02, 1.37343857e+02, 2.47375656e+02,
    1.37981522e+02, 2.57578094e+02, 1.38699081e+02, 2.67721619e+02,
    1.39370209e+02, 2.77852936e+02, 1.39949020e+02, 2.88264069e+02,
    1.27810448e+02, 2.28094406e+02, 1.28528214e+02, 2.38027573e+02,
    1.29141068e+02, 2.48064911e+02, 1.29798111e+02, 2.58112915e+02,
    1.30466888e+02, 2.68215637e+02, 1.31030502e+02, 2.78421783e+02,
    1.31696884e+02, 2.88576721e+02, 1.19802811e+02, 2.28916183e+02,
    1.20492043e+02, 2.38851181e+02, 1.21060707e+02, 2.48797836e+02,
    1.21735229e+02, 2.58706482e+02, 1.22351768e+02, 2.68713562e+02,
    1.22888550e+02, 2.78697998e+02, 1.23692993e+02, 2.88887726e+02,
    1.11878357e+02, 2.29710434e+02, 1.12613976e+02, 2.39602173e+02,
    1.13171295e+02, 2.49472672e+02, 1.13779449e+02, 2.59387665e+02,
    1.14496140e+02, 2.69208832e+02, 1.14987564e+02, 2.79037415e+02,
    1.15653389e+02, 2.89105133e+02, 1.04233368e+02, 2.30678802e+02,
    1.04789467e+02, 2.40252411e+02, 1.05537849e+02, 2.50095535e+02,
    1.05907700e+02, 2.59873596e+02, 1.06728081e+02, 2.69753052e+02,
    1.07302429e+02, 2.79550476e+02, 1.07908241e+02, 2.89560608e+02,
    9.67252045e+01, 2.31397003e+02, 9.72789841e+01, 2.41077850e+02,
    9.78761902e+01, 2.50676270e+02, 9.85595245e+01, 2.60497253e+02,
    9.91150589e+01, 2.70021820e+02, 9.97449417e+01, 2.79769562e+02,
    1.00472206e+02, 2.89787079e+02, 8.94097443e+01, 2.32169937e+02,
    8.98614349e+01, 2.41766174e+02, 9.06214981e+01, 2.51367310e+02,
    9.10977478e+01, 2.60867462e+02, 9.17426376e+01, 2.70685059e+02,
    9.24767532e+01, 2.80146881e+02, 9.30045624e+01, 2.89813507e+02,
    8.19861755e+01, 2.33010864e+02, 8.26614380e+01, 2.42474030e+02,
    8.34401855e+01, 2.51877747e+02, 8.37978516e+01, 2.61514404e+02,
    8.46479721e+01, 2.70884827e+02, 8.51367950e+01, 2.80573425e+02,
    8.57213821e+01, 2.89922760e+02 ]
