%YAML:1.0
---
points: [ 3.47857971e+02, 2.48965881e+02, 3.48374237e+02, 2.65344604e+02,
    3.48879608e+02, 2.81796021e+02, 3.49385040e+02, 2.98433472e+02,
    3.50061066e+02, 3.14752289e+02, 3.50611298e+02, 3.31433105e+02,
    3.51165771e+02, 3.47926575e+02, 3.31713348e+02, 2.48713440e+02,
    3.32259003e+02, 2.64684174e+02, 3.32876068e+02, 2.80841644e+02,
    3.33342255e+02, 2.97015961e+02, 3.33961548e+02, 3.13211731e+02,
    3.34426788e+02, 3.29341980e+02, 3.35056458e+02, 3.45557739e+02,
    3.16304993e+02, 2.48374786e+02, 3.16876709e+02, 2.64167908e+02,
    3.17325500e+02, 2.79862946e+02, 3.17906311e+02, 2.95606323e+02,
    3.18397400e+02, 3.11574829e+02, 3.19003784e+02, 3.27425507e+02,
    3.19480042e+02, 3.43387329e+02, 3.01646606e+02, 2.48207077e+02,
    3.02158508e+02, 2.63420685e+02, 3.02668976e+02, 2.78923706e+02,
    3.03147583e+02, 2.94357086e+02, 3.03700195e+02, 3.09952637e+02,
    3.04185669e+02, 3.25553772e+02, 3.04720947e+02, 3.41059753e+02,
    2.87444061e+02, 2.47882233e+02, 2.88023712e+02, 2.62955750e+02,
    2.88411957e+02, 2.78041016e+02, 2.89038940e+02, 2.93249695e+02,
    2.89442871e+02, 3.08396545e+02, 2.90042053e+02, 3.23718201e+02,
    2.90504639e+02, 3.38921448e+02, 2.74042877e+02, 2.47683258e+02,
    2.74339539e+02, 2.62369598e+02, 2.74947662e+02, 2.77185242e+02,
    2.75344757e+02, 2.91997467e+02, 2.75858002e+02, 3.06934021e+02,
    2.76273712e+02, 3.21829590e+02, 2.76821014e+02, 3.36952881e+02,
    2.61057831e+02, 2.47392944e+02, 2.61458282e+02, 2.61960388e+02,
    2.61929779e+02, 2.76382874e+02, 2.62329132e+02, 2.90934326e+02,
    2.62792328e+02, 3.05570038e+02, 2.63271057e+02, 3.20277588e+02,
    2.63699036e+02, 3.34834290e+02, 2.48645355e+02, 2.47232147e+02,
    2.49089020e+02, 2.61292908e+02, 2.49415665e+02, 2.75655945e+02,
    2.49836227e+02, 2.89940674e+02, 2.50284805e+02, 3.04201508e+02,
    2.50715286e+02, 3.18566406e+02, 2.51144272e+02, 3.33051361e+02,
    2.36648315e+02, 2.47085251e+02, 2.37032654e+02, 2.60942657e+02,
    2.37398590e+02, 2.74913269e+02, 2.37813156e+02, 2.88937256e+02,
    2.38174133e+02, 3.03026520e+02, 2.38572006e+02, 3.17163574e+02,
    2.38929947e+02, 3.31275116e+02 ]
