%YAML:1.0
---
points: [ 8.36600098e+02, 5.65761292e+02, 8.60490234e+02, 5.98489014e+02,
    8.85054260e+02, 6.32044678e+02, 9.10378723e+02, 6.66873718e+02,
    9.36558655e+02, 7.02760803e+02, 9.63648499e+02, 7.40161743e+02,
    9.91752197e+02, 7.78703003e+02, 8.14459778e+02, 5.94983887e+02,
    8.37561951e+02, 6.27326355e+02, 8.61417908e+02, 6.60924561e+02,
    8.85775696e+02, 6.95357910e+02, 9.11259583e+02, 7.31186707e+02,
    9.37422729e+02, 7.68132141e+02, 9.64717346e+02, 8.06555359e+02,
    7.92960266e+02, 6.22848816e+02, 8.15453003e+02, 6.55265320e+02,
    8.38428955e+02, 6.88609497e+02, 8.62195923e+02, 7.22852783e+02,
    8.86706726e+02, 7.58518677e+02, 9.12100037e+02, 7.95314453e+02,
    9.38325928e+02, 8.33477051e+02, 7.72324829e+02, 6.49966064e+02,
    7.94149963e+02, 6.82132019e+02, 8.16449341e+02, 7.15295288e+02,
    8.39467957e+02, 7.49481812e+02, 8.63298157e+02, 7.84787781e+02,
    8.87735657e+02, 8.21428162e+02, 9.13172791e+02, 8.59147217e+02,
    7.52276184e+02, 6.76238464e+02, 7.73458252e+02, 7.08244751e+02,
    7.95096375e+02, 7.41224915e+02, 8.17497986e+02, 7.75194214e+02,
    8.40488342e+02, 8.10395752e+02, 8.64316589e+02, 8.46614685e+02,
    8.88696228e+02, 8.84204163e+02, 7.32886108e+02, 7.01598206e+02,
    7.53405762e+02, 7.33434753e+02, 7.74565857e+02, 7.66269287e+02,
    7.96295410e+02, 7.99983154e+02, 8.18506775e+02, 8.34993958e+02,
    8.41493408e+02, 8.71051819e+02, 8.65281433e+02, 9.08386902e+02,
    7.14332947e+02, 7.26266357e+02, 7.34317993e+02, 7.57723572e+02,
    7.54734741e+02, 7.90452148e+02, 7.75743469e+02, 8.23984924e+02,
    7.97447754e+02, 8.58760315e+02, 8.19659973e+02, 8.94435913e+02,
    8.42568237e+02, 9.31467285e+02, 6.96428650e+02, 7.49790405e+02,
    7.15582642e+02, 7.81459473e+02, 7.35503540e+02, 8.13905579e+02,
    7.55872925e+02, 8.47317993e+02, 7.76904175e+02, 8.81678955e+02,
    7.98466980e+02, 9.17153687e+02, 8.20744812e+02, 9.53831177e+02,
    6.78995422e+02, 7.73066162e+02, 6.97697937e+02, 8.04351624e+02,
    7.16855957e+02, 8.36611206e+02, 7.36636475e+02, 8.69663147e+02,
    7.57080017e+02, 9.04099243e+02, 7.77909180e+02, 9.39025879e+02,
    7.99501648e+02, 9.75725037e+02 ]
