%YAML:1.0
---
points: [ 1.19777153e+02, 2.60396454e+02, 1.23949989e+02, 2.69106445e+02,
    1.28103897e+02, 2.77844513e+02, 1.32236862e+02, 2.86548553e+02,
    1.36368637e+02, 2.95362061e+02, 1.40556717e+02, 3.04148224e+02,
    1.44701324e+02, 3.13061798e+02, 1.10215164e+02, 2.64656403e+02,
    1.14353416e+02, 2.73425873e+02, 1.18535240e+02, 2.82266632e+02,
    1.22795753e+02, 2.91285461e+02, 1.26891304e+02, 3.00142792e+02,
    1.31167496e+02, 3.09106995e+02, 1.35333649e+02, 3.17993866e+02,
    1.00479607e+02, 2.69146729e+02, 1.04600357e+02, 2.77959473e+02,
    1.08797546e+02, 2.86931000e+02, 1.13145523e+02, 2.96026001e+02,
    1.17252426e+02, 3.04917877e+02, 1.21506088e+02, 3.14061218e+02,
    1.25865295e+02, 3.23111053e+02, 9.05110931e+01, 2.73568481e+02,
    9.47236786e+01, 2.82773010e+02, 9.90863800e+01, 2.91463806e+02,
    1.03277748e+02, 3.00771301e+02, 1.07513733e+02, 3.09865326e+02,
    1.11773003e+02, 3.19063599e+02, 1.16044197e+02, 3.28082764e+02,
    8.02518005e+01, 2.78052612e+02, 8.47049942e+01, 2.87305969e+02,
    8.88799744e+01, 2.96328674e+02, 9.35037003e+01, 3.05547577e+02,
    9.75923767e+01, 3.14826630e+02, 1.01820534e+02, 3.24096252e+02,
    1.06257469e+02, 3.33233521e+02, 7.01107101e+01, 2.82743042e+02,
    7.42790375e+01, 2.92086456e+02, 7.86434326e+01, 3.01350220e+02,
    8.30332413e+01, 3.10542480e+02, 8.74541092e+01, 3.19902679e+02,
    9.17688446e+01, 3.29244202e+02, 9.61963882e+01, 3.38645477e+02,
    5.95748062e+01, 2.87372406e+02, 6.40717850e+01, 2.96771057e+02,
    6.84654465e+01, 3.06190430e+02, 7.28101730e+01, 3.15651733e+02,
    7.71243896e+01, 3.25013062e+02, 8.15949554e+01, 3.34458221e+02,
    8.60972900e+01, 3.43825714e+02, 4.93055573e+01, 2.92232544e+02,
    5.35002594e+01, 3.01611755e+02, 5.80625648e+01, 3.11250549e+02,
    6.23502197e+01, 3.20584778e+02, 6.68134384e+01, 3.30197449e+02,
    7.13064499e+01, 3.39622192e+02, 7.57781525e+01, 3.49282471e+02,
    3.86380386e+01, 2.96884277e+02, 4.31475677e+01, 3.06584534e+02,
    4.74788933e+01, 3.16071411e+02, 5.21007690e+01, 3.25870087e+02,
    5.63814964e+01, 3.35199280e+02, 6.09552574e+01, 3.44990662e+02,
    6.55304642e+01, 3.54328827e+02 ]
