%YAML:1.0
---
points: [ 2.48553787e+02, 2.24240524e+02, 2.57034637e+02, 2.35229889e+02,
    2.65821198e+02, 2.46662201e+02, 2.74910858e+02, 2.58388214e+02,
    2.84389435e+02, 2.70712921e+02, 2.94247772e+02, 2.83336700e+02,
    3.04348846e+02, 2.96463593e+02, 2.40446991e+02, 2.34026398e+02,
    2.48709198e+02, 2.44933121e+02, 2.57268066e+02, 2.56338074e+02,
    2.66018188e+02, 2.68032928e+02, 2.75209869e+02, 2.80243439e+02,
    2.84648682e+02, 2.92795654e+02, 2.94555145e+02, 3.05851990e+02,
    2.32657486e+02, 2.43432358e+02, 2.40648956e+02, 2.54412674e+02,
    2.48897629e+02, 2.65765411e+02, 2.57493561e+02, 2.77430481e+02,
    2.66255615e+02, 2.89452240e+02, 2.75456543e+02, 3.01922058e+02,
    2.84902924e+02, 3.14886902e+02, 2.25118698e+02, 2.52628754e+02,
    2.32932159e+02, 2.63540100e+02, 2.40990707e+02, 2.74728058e+02,
    2.49210907e+02, 2.86307831e+02, 2.57789764e+02, 2.98316895e+02,
    2.66596680e+02, 3.10784637e+02, 2.75766754e+02, 3.23587128e+02,
    2.17880096e+02, 2.61500610e+02, 2.25473709e+02, 2.72324951e+02,
    2.33242935e+02, 2.83511414e+02, 2.41280914e+02, 2.95030243e+02,
    2.49517944e+02, 3.06935669e+02, 2.58120941e+02, 3.19304657e+02,
    2.66906586e+02, 3.32020020e+02, 2.10907700e+02, 2.70063446e+02,
    2.18206787e+02, 2.80888000e+02, 2.25819885e+02, 2.91969482e+02,
    2.33533752e+02, 3.03489502e+02, 2.41595398e+02, 3.15280975e+02,
    2.49850830e+02, 3.27524323e+02, 2.58457214e+02, 3.40142853e+02,
    2.04120300e+02, 2.78395386e+02, 2.11284393e+02, 2.89046143e+02,
    2.18644501e+02, 3.00124329e+02, 2.26187485e+02, 3.11518433e+02,
    2.33921204e+02, 3.23252502e+02, 2.41962769e+02, 3.35388947e+02,
    2.50194809e+02, 3.47934357e+02, 1.97673172e+02, 2.86365906e+02,
    2.04574112e+02, 2.97055298e+02, 2.11696655e+02, 3.08025879e+02,
    2.18975983e+02, 3.19358612e+02, 2.26530167e+02, 3.30964935e+02,
    2.34237381e+02, 3.43057434e+02, 2.42289093e+02, 3.55491547e+02,
    1.91349503e+02, 2.94141235e+02, 1.98104767e+02, 3.04771118e+02,
    2.04934265e+02, 3.15710297e+02, 2.12086884e+02, 3.26929169e+02,
    2.19340897e+02, 3.38498505e+02, 2.26896362e+02, 3.50510681e+02,
    2.34607620e+02, 3.62627106e+02 ]
