%YAML:1.0
---
points: [ 4.95353943e+02, 4.44080994e+02, 5.09750366e+02, 4.45693207e+02,
    5.24150574e+02, 4.47829742e+02, 5.38698242e+02, 4.49651825e+02,
    5.53156067e+02, 4.51633514e+02, 5.67311218e+02, 4.53576050e+02,
    5.81679688e+02, 4.55340973e+02, 4.93084808e+02, 4.57756439e+02,
    5.07491577e+02, 4.59932404e+02, 5.22099182e+02, 4.61589111e+02,
    5.36460083e+02, 4.63763062e+02, 5.50863464e+02, 4.65590393e+02,
    5.65306030e+02, 4.67479248e+02, 5.79667297e+02, 4.69521362e+02,
    4.90915741e+02, 4.71806366e+02, 5.05456757e+02, 4.73691162e+02,
    5.19684937e+02, 4.75754639e+02, 5.34286560e+02, 4.77492889e+02,
    5.48639343e+02, 4.79575867e+02, 5.63285950e+02, 4.81399963e+02,
    5.77521790e+02, 4.83163666e+02, 4.88632172e+02, 4.85902679e+02,
    5.03102631e+02, 4.87675110e+02, 5.17684875e+02, 4.89584808e+02,
    5.32226135e+02, 4.91680756e+02, 5.46583923e+02, 4.93376434e+02,
    5.60802979e+02, 4.95504120e+02, 5.75293701e+02, 4.97283539e+02,
    4.86341766e+02, 4.99909790e+02, 5.01014648e+02, 5.01801666e+02,
    5.15482483e+02, 5.03666534e+02, 5.29791077e+02, 5.05568787e+02,
    5.44333679e+02, 5.07548981e+02, 5.58945435e+02, 5.09284058e+02,
    5.73252441e+02, 5.11438232e+02, 4.84251465e+02, 5.13980469e+02,
    4.98573761e+02, 5.15954468e+02, 5.13171082e+02, 5.17788025e+02,
    5.27699524e+02, 5.19682861e+02, 5.42342529e+02, 5.21595276e+02,
    5.56559753e+02, 5.23563049e+02, 5.70977722e+02, 5.25219604e+02,
    4.81731323e+02, 5.28151917e+02, 4.96443756e+02, 5.29760986e+02,
    5.11052155e+02, 5.31838379e+02, 5.25518860e+02, 5.33616089e+02,
    5.39922241e+02, 5.35547424e+02, 5.54451782e+02, 5.37481689e+02,
    5.68935120e+02, 5.39377869e+02, 4.79710724e+02, 5.42276550e+02,
    4.94207916e+02, 5.44195557e+02, 5.08716888e+02, 5.45770691e+02,
    5.23277954e+02, 5.47904114e+02, 5.37936646e+02, 5.49640015e+02,
    5.52401794e+02, 5.51483398e+02, 5.66643555e+02, 5.53417603e+02,
    4.77297394e+02, 5.56306885e+02, 4.91803894e+02, 5.58230225e+02,
    5.06551147e+02, 5.60164856e+02, 5.21269226e+02, 5.61785095e+02,
    5.35478210e+02, 5.63858032e+02, 5.50099365e+02, 5.65591248e+02,
    5.64710327e+02, 5.67443787e+02 ]
