%YAML:1.0
---
points: [ 8.69881775e+02, 1.76236572e+02, 8.63381836e+02, 2.19721008e+02,
    8.57121094e+02, 2.61900787e+02, 8.50721863e+02, 3.02569336e+02,
    8.44863892e+02, 3.41664001e+02, 8.39187378e+02, 3.79833344e+02,
    8.33618103e+02, 4.16430878e+02, 8.28251526e+02, 1.66764511e+02,
    8.22517395e+02, 2.10642105e+02, 8.16825928e+02, 2.52932098e+02,
    8.11497620e+02, 2.93589752e+02, 8.06268860e+02, 3.33208191e+02,
    8.01359375e+02, 3.70979492e+02, 7.96318604e+02, 4.07757416e+02,
    7.86523193e+02, 1.57522385e+02, 7.81504395e+02, 2.01525299e+02,
    7.76685425e+02, 2.43673752e+02, 7.71910706e+02, 2.84571655e+02,
    7.67473999e+02, 3.24099182e+02, 7.63172302e+02, 3.62171356e+02,
    7.58776428e+02, 3.99201416e+02, 7.45167725e+02, 1.48398224e+02,
    7.40915222e+02, 1.92242676e+02, 7.36723145e+02, 2.34616821e+02,
    7.32830750e+02, 2.75615997e+02, 7.28878662e+02, 3.15098907e+02,
    7.25205200e+02, 3.53542938e+02, 7.21526306e+02, 3.90565186e+02,
    7.03642273e+02, 1.38866348e+02, 7.00279724e+02, 1.82746460e+02,
    6.96750488e+02, 2.25539078e+02, 6.93407410e+02, 2.66490265e+02,
    6.90288635e+02, 3.06370422e+02, 6.86851990e+02, 3.44668060e+02,
    6.84202942e+02, 3.81770844e+02, 6.62234192e+02, 1.29447418e+02,
    6.59538391e+02, 1.73615189e+02, 6.56607117e+02, 2.16417847e+02,
    6.54146057e+02, 2.57481476e+02, 6.51463257e+02, 2.97325592e+02,
    6.48967773e+02, 3.35749237e+02, 6.46512268e+02, 3.73026672e+02,
    6.21140503e+02, 1.20255592e+02, 6.18745239e+02, 1.64518311e+02,
    6.16703979e+02, 2.07149155e+02, 6.14696472e+02, 2.48517349e+02,
    6.12902039e+02, 2.88384857e+02, 6.11072510e+02, 3.27223450e+02,
    6.09273193e+02, 3.64445770e+02, 5.79952881e+02, 1.11007751e+02,
    5.78571289e+02, 1.55287399e+02, 5.76988525e+02, 1.97960632e+02,
    5.75658203e+02, 2.39378799e+02, 5.74403381e+02, 2.79485168e+02,
    5.73098511e+02, 3.18287292e+02, 5.71754517e+02, 3.55706207e+02,
    5.39224487e+02, 1.01814789e+02, 5.38308838e+02, 1.45986588e+02,
    5.37471069e+02, 1.89084595e+02, 5.36566162e+02, 2.30288757e+02,
    5.35831421e+02, 2.70540497e+02, 5.35136169e+02, 3.09345428e+02,
    5.34402893e+02, 3.47054535e+02 ]
