%YAML:1.0
---
points: [ 5.32035645e+02, 5.09688721e+02, 5.76234741e+02, 5.26777039e+02,
    6.18742920e+02, 5.43370300e+02, 6.60154480e+02, 5.59259766e+02,
    6.99955933e+02, 5.74565613e+02, 7.38712524e+02, 5.89591187e+02,
    7.76458374e+02, 6.04087524e+02, 5.14303345e+02, 5.48958862e+02,
    5.58263550e+02, 5.65249878e+02, 6.01130676e+02, 5.80965454e+02,
    6.42205627e+02, 5.96282593e+02, 6.82480835e+02, 6.10823730e+02,
    7.21253235e+02, 6.25127869e+02, 7.58734131e+02, 6.38992188e+02,
    4.96473145e+02, 5.87624451e+02, 5.40656311e+02, 6.03267944e+02,
    5.83403503e+02, 6.18303345e+02, 6.24739563e+02, 6.32640503e+02,
    6.64861328e+02, 6.46731262e+02, 7.03749939e+02, 6.60513062e+02,
    7.41453308e+02, 6.73709167e+02, 4.78954742e+02, 6.25885132e+02,
    5.23287048e+02, 6.40585327e+02, 5.66047058e+02, 6.55080566e+02,
    6.07413208e+02, 6.68817139e+02, 6.47493774e+02, 6.82358643e+02,
    6.86492371e+02, 6.95393982e+02, 7.24301331e+02, 7.08076904e+02,
    4.61616882e+02, 6.63792847e+02, 5.05755615e+02, 6.77885559e+02,
    5.48488159e+02, 6.91569641e+02, 5.90086670e+02, 7.04772583e+02,
    6.30320251e+02, 7.17605591e+02, 6.69287659e+02, 7.30165405e+02,
    7.07191650e+02, 7.42106995e+02, 4.44518738e+02, 7.01313782e+02,
    4.88668610e+02, 7.14583374e+02, 5.31452026e+02, 7.27594849e+02,
    5.72965820e+02, 7.40270142e+02, 6.13292419e+02, 7.52553223e+02,
    6.52228394e+02, 7.64507568e+02, 6.90048523e+02, 7.76036438e+02,
    4.27498138e+02, 7.38249207e+02, 4.71662140e+02, 7.50943237e+02,
    5.14570435e+02, 7.63377991e+02, 5.55974792e+02, 7.75385925e+02,
    5.96292358e+02, 7.86948608e+02, 6.35428589e+02, 7.98379272e+02,
    6.73372986e+02, 8.09313721e+02, 4.11074402e+02, 7.74505310e+02,
    4.54989258e+02, 7.86755615e+02, 4.97735382e+02, 7.98546997e+02,
    5.39363708e+02, 8.10023071e+02, 5.79455994e+02, 8.21230774e+02,
    6.18612305e+02, 8.32008240e+02, 6.56630249e+02, 8.42494568e+02,
    3.94677124e+02, 8.10410828e+02, 4.38534180e+02, 8.22241089e+02,
    4.81258209e+02, 8.33572632e+02, 5.22628906e+02, 8.44485107e+02,
    5.63113159e+02, 8.54976624e+02, 6.02152588e+02, 8.65460815e+02,
    6.40185364e+02, 8.75497986e+02 ]
