%YAML:1.0
---
points: [ 1.46207504e+02, 2.05227844e+02, 1.60588028e+02, 2.10980743e+02,
    1.74533615e+02, 2.16547379e+02, 1.87891693e+02, 2.21960236e+02,
    2.00941040e+02, 2.27135040e+02, 2.13638947e+02, 2.32222382e+02,
    2.25855530e+02, 2.37091431e+02, 1.40064850e+02, 2.18461090e+02,
    1.54409653e+02, 2.23901978e+02, 1.68333054e+02, 2.29274490e+02,
    1.81784286e+02, 2.34399139e+02, 1.94855682e+02, 2.39415924e+02,
    2.07555420e+02, 2.44188736e+02, 2.19782730e+02, 2.48947800e+02,
    1.33936264e+02, 2.31552795e+02, 1.48301819e+02, 2.36800156e+02,
    1.62282715e+02, 2.41812454e+02, 1.75680588e+02, 2.46740936e+02,
    1.88792007e+02, 2.51546677e+02, 2.01541489e+02, 2.56141785e+02,
    2.13773972e+02, 2.60739471e+02, 1.27958511e+02, 2.44385666e+02,
    1.42297897e+02, 2.49386322e+02, 1.56231583e+02, 2.54292679e+02,
    1.69760345e+02, 2.58930176e+02, 1.82792267e+02, 2.63538879e+02,
    1.95561478e+02, 2.67920593e+02, 2.07894165e+02, 2.72234436e+02,
    1.21940460e+02, 2.57195068e+02, 1.36295502e+02, 2.61971863e+02,
    1.50285110e+02, 2.66579346e+02, 1.63759796e+02, 2.71078125e+02,
    1.76854080e+02, 2.75452393e+02, 1.89611664e+02, 2.79688202e+02,
    2.01925644e+02, 2.83786743e+02, 1.16078873e+02, 2.69850494e+02,
    1.30392059e+02, 2.74358459e+02, 1.44302551e+02, 2.78795166e+02,
    1.57831284e+02, 2.83056030e+02, 1.70926285e+02, 2.87226501e+02,
    1.83755920e+02, 2.91263092e+02, 1.96161362e+02, 2.95228973e+02,
    1.10323235e+02, 2.82114777e+02, 1.24530571e+02, 2.86634735e+02,
    1.38472107e+02, 2.90760681e+02, 1.51986511e+02, 2.94899353e+02,
    1.65116486e+02, 2.98891083e+02, 1.77874130e+02, 3.02775177e+02,
    1.90320572e+02, 3.06521881e+02, 1.04603539e+02, 2.94368378e+02,
    1.18892326e+02, 2.98532623e+02, 1.32757812e+02, 3.02605835e+02,
    1.46233215e+02, 3.06590546e+02, 1.59341675e+02, 3.10369202e+02,
    1.72164230e+02, 3.14068848e+02, 1.84590759e+02, 3.17690247e+02,
    9.91266785e+01, 3.06548492e+02, 1.13273018e+02, 3.10435028e+02,
    1.27093323e+02, 3.14525177e+02, 1.40605789e+02, 3.18165558e+02,
    1.53704193e+02, 3.21759644e+02, 1.66492294e+02, 3.25307922e+02,
    1.78897461e+02, 3.28721130e+02 ]
