%YAML:1.0
---
points: [ 6.97708664e+01, 2.33884995e+02, 7.79324341e+01, 2.38701416e+02,
    8.62756424e+01, 2.43748962e+02, 9.46690140e+01, 2.48719955e+02,
    1.03045197e+02, 2.53725723e+02, 1.11461967e+02, 2.58859467e+02,
    1.20124313e+02, 2.64066437e+02, 6.37068748e+01, 2.42309830e+02,
    7.18199234e+01, 2.47337265e+02, 8.01028671e+01, 2.52348312e+02,
    8.84765549e+01, 2.57518402e+02, 9.69806595e+01, 2.62626556e+02,
    1.05393997e+02, 2.67735596e+02, 1.14044281e+02, 2.72936279e+02,
    5.75500793e+01, 2.51047974e+02, 6.57310867e+01, 2.56120361e+02,
    7.40112000e+01, 2.61197754e+02, 8.23405151e+01, 2.66342987e+02,
    9.08314362e+01, 2.71438049e+02, 9.93281326e+01, 2.76785645e+02,
    1.07905495e+02, 2.82137726e+02, 5.14200249e+01, 2.59757385e+02,
    5.95781517e+01, 2.64985199e+02, 6.78791962e+01, 2.70131927e+02,
    7.61657028e+01, 2.75347168e+02, 8.46341629e+01, 2.80653778e+02,
    9.31832504e+01, 2.85937683e+02, 1.01803429e+02, 2.91211426e+02,
    4.52259445e+01, 2.68708557e+02, 5.34497490e+01, 2.73969727e+02,
    6.15909882e+01, 2.79102448e+02, 7.00821152e+01, 2.84470978e+02,
    7.84178772e+01, 2.89840210e+02, 8.70537262e+01, 2.95160614e+02,
    9.55775604e+01, 3.00584198e+02, 3.92902412e+01, 2.77521515e+02,
    4.71992340e+01, 2.83025787e+02, 5.55168800e+01, 2.88288330e+02,
    6.37757492e+01, 2.93653107e+02, 7.23146515e+01, 2.99116638e+02,
    8.07540131e+01, 3.04479034e+02, 8.94286118e+01, 3.10033081e+02,
    3.29714928e+01, 2.86619141e+02, 4.12543831e+01, 2.91993683e+02,
    4.93280716e+01, 2.97490875e+02, 5.77190704e+01, 3.02859283e+02,
    6.60393066e+01, 3.08418365e+02, 7.46534119e+01, 3.13884979e+02,
    8.31977615e+01, 3.19527649e+02, 2.71315098e+01, 2.95546570e+02,
    3.50398560e+01, 3.01146912e+02, 4.32994843e+01, 3.06595032e+02,
    5.14594231e+01, 3.12209839e+02, 5.99828606e+01, 3.17786072e+02,
    6.84262009e+01, 3.23361176e+02, 7.71400757e+01, 3.28966522e+02,
    2.10091991e+01, 3.04726410e+02, 2.91379642e+01, 3.10238800e+02,
    3.71377335e+01, 3.15843262e+02, 4.54539032e+01, 3.21465729e+02,
    5.37854233e+01, 3.27220062e+02, 6.23455429e+01, 3.32815979e+02,
    7.08753204e+01, 3.38496399e+02 ]
