%YAML:1.0
---
points: [ 4.56395294e+02, 4.37235870e+02, 4.98935669e+02, 4.49973053e+02,
    5.41710693e+02, 4.62669830e+02, 5.84708191e+02, 4.75742615e+02,
    6.27830444e+02, 4.88510895e+02, 6.71092651e+02, 5.01654724e+02,
    7.14625549e+02, 5.14532776e+02, 4.63750031e+02, 4.71681213e+02,
    5.05261749e+02, 4.84196991e+02, 5.46690979e+02, 4.96630432e+02,
    5.88461914e+02, 5.09156647e+02, 6.30465576e+02, 5.21770325e+02,
    6.72585266e+02, 5.34330688e+02, 7.14919250e+02, 5.47137939e+02,
    4.70551361e+02, 5.04245209e+02, 5.11005890e+02, 5.16547668e+02,
    5.51351868e+02, 5.28701355e+02, 5.91831116e+02, 5.40863098e+02,
    6.32849792e+02, 5.53303528e+02, 6.73808899e+02, 5.65514404e+02,
    7.14879578e+02, 5.77731934e+02, 4.76891602e+02, 5.35171265e+02,
    5.16493164e+02, 5.46906311e+02, 5.55615112e+02, 5.58799011e+02,
    5.95382385e+02, 5.70855957e+02, 6.35036804e+02, 5.82698120e+02,
    6.74815552e+02, 5.94831665e+02, 7.15036011e+02, 6.06800049e+02,
    4.83207306e+02, 5.64593018e+02, 5.21515442e+02, 5.75947693e+02,
    5.59927246e+02, 5.87486755e+02, 5.98408081e+02, 5.99265930e+02,
    6.37314636e+02, 6.10979736e+02, 6.76011475e+02, 6.22518616e+02,
    7.15033203e+02, 6.34317749e+02, 4.89127594e+02, 5.92277832e+02,
    5.26507446e+02, 6.03375916e+02, 5.63895874e+02, 6.14778931e+02,
    6.01493835e+02, 6.26073425e+02, 6.39168640e+02, 6.37539856e+02,
    6.76939087e+02, 6.49100891e+02, 7.15003601e+02, 6.60609375e+02,
    4.94802612e+02, 6.18403992e+02, 5.31175781e+02, 6.29433594e+02,
    5.67687805e+02, 6.40409424e+02, 6.04311096e+02, 6.51675049e+02,
    6.41157715e+02, 6.62700256e+02, 6.77969116e+02, 6.73967834e+02,
    7.15021118e+02, 6.85459778e+02, 5.00274536e+02, 6.43389038e+02,
    5.35562683e+02, 6.54185730e+02, 5.71259277e+02, 6.64924683e+02,
    6.06976868e+02, 6.75877014e+02, 6.42838867e+02, 6.86868835e+02,
    6.78885193e+02, 6.97770996e+02, 7.15068665e+02, 7.09159729e+02,
    5.05565643e+02, 6.66852905e+02, 5.39899597e+02, 6.77663696e+02,
    5.74689209e+02, 6.88304077e+02, 6.09466125e+02, 6.99129700e+02,
    6.44542236e+02, 7.09681213e+02, 6.79700378e+02, 7.20766663e+02,
    7.15041687e+02, 7.31684570e+02 ]
