%YAML:1.0
---
points: [ 1.21556839e+02, 1.80745209e+02, 1.35994736e+02, 1.85000580e+02,
    1.50352386e+02, 1.89339752e+02, 1.65003845e+02, 1.93714462e+02,
    1.79463608e+02, 1.97954315e+02, 1.94279877e+02, 2.02495026e+02,
    2.08901215e+02, 2.06861343e+02, 1.23129021e+02, 1.92321198e+02,
    1.37092163e+02, 1.96522995e+02, 1.51238419e+02, 2.00800110e+02,
    1.65232254e+02, 2.05075333e+02, 1.79438309e+02, 2.09275894e+02,
    1.93792572e+02, 2.13466614e+02, 2.08116089e+02, 2.17769730e+02,
    1.24519226e+02, 2.03353195e+02, 1.38206192e+02, 2.07507797e+02,
    1.51929031e+02, 2.11609299e+02, 1.65507385e+02, 2.15665390e+02,
    1.79354080e+02, 2.19860336e+02, 1.93271606e+02, 2.24099289e+02,
    2.07247620e+02, 2.28303467e+02, 1.25897064e+02, 2.13778091e+02,
    1.39185242e+02, 2.17777145e+02, 1.52486404e+02, 2.21765656e+02,
    1.65959320e+02, 2.25801880e+02, 1.79330521e+02, 2.29841888e+02,
    1.92903336e+02, 2.33960907e+02, 2.06428284e+02, 2.37991104e+02,
    1.27206024e+02, 2.23703079e+02, 1.40197464e+02, 2.27560913e+02,
    1.53200455e+02, 2.31478851e+02, 1.66229370e+02, 2.35425156e+02,
    1.79288467e+02, 2.39308502e+02, 1.92470444e+02, 2.43315063e+02,
    2.05619827e+02, 2.47366302e+02, 1.28444199e+02, 2.33032333e+02,
    1.41046646e+02, 2.36832214e+02, 1.53763916e+02, 2.40697540e+02,
    1.66396408e+02, 2.44508972e+02, 1.79251984e+02, 2.48390793e+02,
    1.92147705e+02, 2.52285690e+02, 2.04976852e+02, 2.56184479e+02,
    1.29608734e+02, 2.41892990e+02, 1.42009506e+02, 2.45634384e+02,
    1.54302582e+02, 2.49348679e+02, 1.66725403e+02, 2.53152512e+02,
    1.79217117e+02, 2.56981842e+02, 1.91672394e+02, 2.60826324e+02,
    2.04243759e+02, 2.64598877e+02, 1.30796616e+02, 2.50374695e+02,
    1.42827759e+02, 2.53999680e+02, 1.54883163e+02, 2.57728851e+02,
    1.66991623e+02, 2.61449890e+02, 1.79198273e+02, 2.65106354e+02,
    1.91305176e+02, 2.68864380e+02, 2.03610794e+02, 2.72671448e+02,
    1.31884094e+02, 2.58297638e+02, 1.43654434e+02, 2.61716980e+02,
    1.55383316e+02, 2.65813354e+02, 1.67227234e+02, 2.69045441e+02,
    1.79058258e+02, 2.72879059e+02, 1.91018982e+02, 2.76348969e+02,
    2.02892532e+02, 2.80235840e+02 ]
