%YAML:1.0
---
points: [ 1.18876831e+03, 1.34398087e+02, 1.20146509e+03, 1.84001404e+02,
    1.21408020e+03, 2.32106186e+02, 1.22627991e+03, 2.79140656e+02,
    1.23826990e+03, 3.24643402e+02, 1.24978271e+03, 3.69847687e+02,
    1.26163684e+03, 4.13354034e+02, 1.14380676e+03, 1.51502213e+02,
    1.15692859e+03, 1.99140228e+02, 1.16955737e+03, 2.45998535e+02,
    1.18206873e+03, 2.91468506e+02, 1.19427539e+03, 3.36021210e+02,
    1.20636353e+03, 3.79437561e+02, 1.21791516e+03, 4.22059692e+02,
    1.10160522e+03, 1.67208542e+02, 1.11462732e+03, 2.13775070e+02,
    1.12762146e+03, 2.59175110e+02, 1.13989062e+03, 3.03458954e+02,
    1.15242920e+03, 3.46362335e+02, 1.16456628e+03, 3.88734650e+02,
    1.17658484e+03, 4.29815887e+02, 1.06144897e+03, 1.82401016e+02,
    1.07494775e+03, 2.27421860e+02, 1.08765393e+03, 2.71527863e+02,
    1.10052905e+03, 3.14301483e+02, 1.11287280e+03, 3.56538025e+02,
    1.12538281e+03, 3.97478882e+02, 1.13756165e+03, 4.37562408e+02,
    1.02349341e+03, 1.96559769e+02, 1.03692859e+03, 2.40464386e+02,
    1.05001672e+03, 2.83063141e+02, 1.06277209e+03, 3.25008575e+02,
    1.07552869e+03, 3.65781433e+02, 1.08778247e+03, 4.05900940e+02,
    1.09999121e+03, 4.44775543e+02, 9.87175415e+02, 2.10325134e+02,
    1.00069873e+03, 2.52655411e+02, 1.01390161e+03, 2.94473999e+02,
    1.02688855e+03, 3.34749207e+02, 1.03954114e+03, 3.74832947e+02,
    1.05210107e+03, 4.13541565e+02, 1.06443530e+03, 4.51754486e+02,
    9.52963074e+02, 2.22842987e+02, 9.66483582e+02, 2.64366302e+02,
    9.79754578e+02, 3.04756622e+02, 9.92750000e+02, 3.44538300e+02,
    1.00551465e+03, 3.83069366e+02, 1.01820355e+03, 4.21347382e+02,
    1.03056274e+03, 4.58405273e+02, 9.20399536e+02, 2.35106415e+02,
    9.34143738e+02, 2.75437469e+02, 9.47436218e+02, 3.14761993e+02,
    9.60495483e+02, 3.53560394e+02, 9.73319275e+02, 3.91273926e+02,
    9.85827759e+02, 4.28380371e+02, 9.98146851e+02, 4.64588043e+02,
    8.89251160e+02, 2.46503906e+02, 9.02671387e+02, 2.85880402e+02,
    9.16154236e+02, 3.24431702e+02, 9.29196472e+02, 3.62132172e+02,
    9.42074097e+02, 3.98804047e+02, 9.54580627e+02, 4.35128174e+02,
    9.67199036e+02, 4.70590851e+02 ]
