%YAML:1.0
---
points: [ 5.45467262e+01, 9.53012772e+01, 6.21892090e+01, 9.69099960e+01,
    6.98625717e+01, 9.83376465e+01, 7.75108643e+01, 1.00137833e+02,
    8.51999283e+01, 1.01375618e+02, 9.28838043e+01, 1.03208992e+02,
    1.00526917e+02, 1.04550392e+02, 5.28511505e+01, 1.01827797e+02,
    6.05033302e+01, 1.03437737e+02, 6.82209854e+01, 1.05025589e+02,
    7.59956207e+01, 1.06534325e+02, 8.36709518e+01, 1.08030190e+02,
    9.13309021e+01, 1.09960190e+02, 9.91195984e+01, 1.10970177e+02,
    5.10506935e+01, 1.08970047e+02, 5.88021393e+01, 1.10208298e+02,
    6.65631866e+01, 1.11977638e+02, 7.43984833e+01, 1.13257767e+02,
    8.21418533e+01, 1.15043739e+02, 8.99648666e+01, 1.16177917e+02,
    9.75697174e+01, 1.18212898e+02, 4.93118553e+01, 1.15609947e+02,
    5.70844193e+01, 1.17335152e+02, 6.48979340e+01, 1.18720589e+02,
    7.27591476e+01, 1.20279266e+02, 8.05072403e+01, 1.21798256e+02,
    8.83298721e+01, 1.23389519e+02, 9.61494064e+01, 1.24891457e+02,
    4.75966072e+01, 1.22757233e+02, 5.54489555e+01, 1.24173401e+02,
    6.32386703e+01, 1.25736382e+02, 7.11923218e+01, 1.27147141e+02,
    7.89988403e+01, 1.28851608e+02, 8.69100418e+01, 1.30201767e+02,
    9.46078491e+01, 1.32006989e+02, 4.57654305e+01, 1.29823410e+02,
    5.36671753e+01, 1.31384506e+02, 6.16133957e+01, 1.32775940e+02,
    6.95400391e+01, 1.34383133e+02, 7.74115295e+01, 1.35794922e+02,
    8.53333511e+01, 1.37309784e+02, 9.31646576e+01, 1.38836060e+02,
    4.40483055e+01, 1.37029816e+02, 5.20383873e+01, 1.38273636e+02,
    5.99708366e+01, 1.39875122e+02, 6.79580002e+01, 1.41333694e+02,
    7.58438110e+01, 1.42875458e+02, 8.37871780e+01, 1.44313248e+02,
    9.17173080e+01, 1.45965195e+02, 4.23390617e+01, 1.44074783e+02,
    5.02978363e+01, 1.45529953e+02, 5.82791290e+01, 1.47016571e+02,
    6.62992401e+01, 1.48450470e+02, 7.43027344e+01, 1.49986801e+02,
    8.22730026e+01, 1.51433228e+02, 9.02362442e+01, 1.52949585e+02,
    4.05914536e+01, 1.51433640e+02, 4.85847092e+01, 1.52793564e+02,
    5.66437912e+01, 1.54295990e+02, 6.46568680e+01, 1.55697571e+02,
    7.27307053e+01, 1.57255493e+02, 8.07217178e+01, 1.58606873e+02,
    8.87250137e+01, 1.60224243e+02 ]
