%YAML:1.0
---
points: [ 2.46354736e+02, 1.74872757e+02, 2.56290009e+02, 1.85469711e+02,
    2.66113129e+02, 1.95957275e+02, 2.76153046e+02, 2.06643768e+02,
    2.86033875e+02, 2.17239349e+02, 2.96222443e+02, 2.28052185e+02,
    3.06321869e+02, 2.38740189e+02, 2.40308807e+02, 1.82850891e+02,
    2.49864197e+02, 1.93066254e+02, 2.59480011e+02, 2.03371552e+02,
    2.69108246e+02, 2.13593491e+02, 2.78903442e+02, 2.23982101e+02,
    2.88656555e+02, 2.34340958e+02, 2.98559692e+02, 2.44837372e+02,
    2.34540848e+02, 1.90376572e+02, 2.43844833e+02, 2.00298981e+02,
    2.53206726e+02, 2.10280502e+02, 2.62593384e+02, 2.20301788e+02,
    2.72033020e+02, 2.30341095e+02, 2.81483887e+02, 2.40446075e+02,
    2.90979523e+02, 2.50571793e+02, 2.29189865e+02, 1.97458160e+02,
    2.38235657e+02, 2.07004578e+02, 2.47308380e+02, 2.16799484e+02,
    2.56426147e+02, 2.26524719e+02, 2.65639771e+02, 2.36326538e+02,
    2.74793335e+02, 2.46069260e+02, 2.84107178e+02, 2.56004700e+02,
    2.23986694e+02, 2.04136246e+02, 2.32855728e+02, 2.13566345e+02,
    2.41687653e+02, 2.22925034e+02, 2.50609299e+02, 2.32468613e+02,
    2.59457336e+02, 2.41939621e+02, 2.68448669e+02, 2.51554596e+02,
    2.77460114e+02, 2.61151398e+02, 2.19186249e+02, 2.10468903e+02,
    2.27734482e+02, 2.19655792e+02, 2.36374634e+02, 2.28864716e+02,
    2.44944824e+02, 2.38100494e+02, 2.53709137e+02, 2.47348068e+02,
    2.62410950e+02, 2.56686310e+02, 2.71209747e+02, 2.66071106e+02,
    2.14578995e+02, 2.16450516e+02, 2.22928467e+02, 2.25468079e+02,
    2.31305008e+02, 2.34378830e+02, 2.39783203e+02, 2.43425995e+02,
    2.48173279e+02, 2.52384842e+02, 2.56713684e+02, 2.61650970e+02,
    2.65154907e+02, 2.70756653e+02, 2.10369186e+02, 2.22099411e+02,
    2.18454468e+02, 2.30829895e+02, 2.26459625e+02, 2.39798904e+02,
    2.34802933e+02, 2.48373978e+02, 2.42887909e+02, 2.57431305e+02,
    2.51196976e+02, 2.66110535e+02, 2.59637024e+02, 2.75136261e+02,
    2.06378937e+02, 2.27433212e+02, 2.14577515e+02, 2.35447876e+02,
    2.22411575e+02, 2.44414291e+02, 2.30284973e+02, 2.52897934e+02,
    2.38496857e+02, 2.61629303e+02, 2.46238098e+02, 2.70263153e+02,
    2.54623505e+02, 2.79065552e+02 ]
