%YAML:1.0
---
points: [ 8.77374649e+01, 9.10537796e+01, 9.36022491e+01, 9.47769012e+01,
    9.95787735e+01, 9.85592499e+01, 1.06321518e+02, 1.02715286e+02,
    1.12292747e+02, 1.06531898e+02, 1.18846474e+02, 1.10692139e+02,
    1.24787933e+02, 1.14504410e+02, 8.30473557e+01, 9.68313904e+01,
    8.91129608e+01, 1.00808083e+02, 9.52153702e+01, 1.04666527e+02,
    1.01600449e+02, 1.08749817e+02, 1.08022408e+02, 1.12659607e+02,
    1.14194824e+02, 1.16685440e+02, 1.20699387e+02, 1.20715584e+02,
    7.86416016e+01, 1.03086388e+02, 8.46133194e+01, 1.06798256e+02,
    9.07959442e+01, 1.10816269e+02, 9.70395203e+01, 1.14764481e+02,
    1.03397888e+02, 1.18885147e+02, 1.09826111e+02, 1.22779114e+02,
    1.15994247e+02, 1.26998650e+02, 7.40885849e+01, 1.08997681e+02,
    8.00656281e+01, 1.12986359e+02, 8.62804031e+01, 1.16936295e+02,
    9.26036911e+01, 1.21076675e+02, 9.89937363e+01, 1.25041161e+02,
    1.05157242e+02, 1.29103683e+02, 1.11801048e+02, 1.33038589e+02,
    6.96246185e+01, 1.15395256e+02, 7.54843369e+01, 1.19166740e+02,
    8.16255341e+01, 1.23145523e+02, 8.81515884e+01, 1.27188301e+02,
    9.42683105e+01, 1.31185791e+02, 1.00768021e+02, 1.35248611e+02,
    1.07019104e+02, 1.39457916e+02, 6.48678360e+01, 1.21460747e+02,
    7.09606476e+01, 1.25477203e+02, 7.71081314e+01, 1.29414246e+02,
    8.33233185e+01, 1.33449692e+02, 8.99028854e+01, 1.37534271e+02,
    9.61591034e+01, 1.41714142e+02, 1.02737488e+02, 1.45715775e+02,
    6.03768158e+01, 1.27792000e+02, 6.63670502e+01, 1.31644333e+02,
    7.24950714e+01, 1.35664734e+02, 7.89341507e+01, 1.39707275e+02,
    8.52479477e+01, 1.43903351e+02, 9.18329544e+01, 1.47957733e+02,
    9.79742813e+01, 1.52116959e+02, 5.58603554e+01, 1.33976303e+02,
    6.16399956e+01, 1.37956833e+02, 6.81358261e+01, 1.42059738e+02,
    7.42919235e+01, 1.46176544e+02, 8.07190781e+01, 1.50222549e+02,
    8.71112671e+01, 1.54355972e+02, 9.37890091e+01, 1.58403732e+02,
    5.12690086e+01, 1.40370651e+02, 5.73188210e+01, 1.44202866e+02,
    6.33610840e+01, 1.48396927e+02, 6.98992996e+01, 1.52376114e+02,
    7.61038818e+01, 1.56551941e+02, 8.26207352e+01, 1.60769409e+02,
    8.89885178e+01, 1.65020569e+02 ]
