%YAML:1.0
---
points: [ 8.32072571e+02, 4.20454437e+02, 8.61222046e+02, 4.51423981e+02,
    8.90285950e+02, 4.82619293e+02, 9.19401978e+02, 5.14060303e+02,
    9.48759583e+02, 5.45480713e+02, 9.78244324e+02, 5.77076538e+02,
    1.00787006e+03, 6.08670044e+02, 8.16750244e+02, 4.43865601e+02,
    8.45136414e+02, 4.73859985e+02, 8.73340393e+02, 5.04271179e+02,
    9.01436890e+02, 5.34723083e+02, 9.29886841e+02, 5.65221252e+02,
    9.58596375e+02, 5.95809753e+02, 9.87567932e+02, 6.26516479e+02,
    8.02305237e+02, 4.65887177e+02, 8.29635132e+02, 4.95320984e+02,
    8.57180603e+02, 5.24666199e+02, 8.84624878e+02, 5.54167786e+02,
    9.12439026e+02, 5.83910339e+02, 9.40044617e+02, 6.13794128e+02,
    9.67952820e+02, 6.43622131e+02, 7.88639709e+02, 4.86543549e+02,
    8.15449951e+02, 5.15189697e+02, 8.42030640e+02, 5.43896057e+02,
    8.68708130e+02, 5.72682556e+02, 8.95634583e+02, 6.01506287e+02,
    9.22768005e+02, 6.30576416e+02, 9.49856873e+02, 6.59572021e+02,
    7.75599365e+02, 5.06497314e+02, 8.01651855e+02, 5.34365479e+02,
    8.27617004e+02, 5.62257019e+02, 8.53688171e+02, 5.90116943e+02,
    8.79908203e+02, 6.18270386e+02, 9.06223511e+02, 6.46410095e+02,
    9.32463013e+02, 6.74757141e+02, 7.63500061e+02, 5.25161743e+02,
    7.88735535e+02, 5.52235474e+02, 8.14245972e+02, 5.79323303e+02,
    8.39567810e+02, 6.06540039e+02, 8.64959167e+02, 6.34074402e+02,
    8.90422974e+02, 6.61589478e+02, 9.16173340e+02, 6.89339355e+02,
    7.52074280e+02, 5.42713928e+02, 7.76650269e+02, 5.69247009e+02,
    8.01362000e+02, 5.95694641e+02, 8.26020508e+02, 6.22388184e+02,
    8.50756775e+02, 6.49063049e+02, 8.75732727e+02, 6.75817749e+02,
    9.00624084e+02, 7.02785278e+02, 7.41129761e+02, 5.59611694e+02,
    7.65076233e+02, 5.85396484e+02, 7.89195740e+02, 6.11236877e+02,
    8.13300476e+02, 6.37142578e+02, 8.37365723e+02, 6.63238647e+02,
    8.61582581e+02, 6.89442200e+02, 8.85886780e+02, 7.15847168e+02,
    7.30812317e+02, 5.75368469e+02, 7.54145203e+02, 6.00676941e+02,
    7.77517151e+02, 6.26088989e+02, 8.00921326e+02, 6.51389587e+02,
    8.24595398e+02, 6.76848999e+02, 8.48116089e+02, 7.02429138e+02,
    8.71778442e+02, 7.28277100e+02 ]
