%YAML:1.0
---
points: [ 1.17290234e+03, 7.12758423e+02, 1.14900635e+03, 7.47639038e+02,
    1.12371790e+03, 7.84314575e+02, 1.09740527e+03, 8.22934753e+02,
    1.06941370e+03, 8.63912292e+02, 1.04001526e+03, 9.07309937e+02,
    1.00869556e+03, 9.53306763e+02, 1.12990137e+03, 6.88675415e+02,
    1.10529321e+03, 7.22197815e+02, 1.07950513e+03, 7.57560486e+02,
    1.05245825e+03, 7.94638123e+02, 1.02394214e+03, 8.34119995e+02,
    9.93830627e+02, 8.75754089e+02, 9.62146484e+02, 9.20072083e+02,
    1.08846558e+03, 6.65317627e+02, 1.06341956e+03, 6.97708191e+02,
    1.03709021e+03, 7.31725647e+02, 1.00950195e+03, 7.67607971e+02,
    9.80411987e+02, 8.05537476e+02, 9.49757568e+02, 8.45577698e+02,
    9.17364136e+02, 8.88059387e+02, 1.04874353e+03, 6.42981873e+02,
    1.02317657e+03, 6.74312378e+02, 9.96431824e+02, 7.07272766e+02,
    9.68348206e+02, 7.41827515e+02, 9.38760986e+02, 7.78356384e+02,
    9.07578125e+02, 8.16751282e+02, 8.74703735e+02, 8.57684937e+02,
    1.01027954e+03, 6.21422974e+02, 9.84210693e+02, 6.51789917e+02,
    9.56993835e+02, 6.83538879e+02, 9.28513672e+02, 7.16930115e+02,
    8.98532166e+02, 7.52155762e+02, 8.66974243e+02, 7.89297607e+02,
    8.33563232e+02, 8.28551208e+02, 9.73099121e+02, 6.00690308e+02,
    9.46780029e+02, 6.30168762e+02, 9.19282898e+02, 6.60900757e+02,
    8.90254944e+02, 6.93207458e+02, 8.59774780e+02, 7.27099060e+02,
    8.27736938e+02, 7.62821045e+02, 7.94090759e+02, 8.00556030e+02,
    9.37378296e+02, 5.80874939e+02, 9.10565430e+02, 6.09377014e+02,
    8.82590576e+02, 6.39151184e+02, 8.53297241e+02, 6.70194458e+02,
    8.22512451e+02, 7.02937256e+02, 7.90231201e+02, 7.37531555e+02,
    7.56120239e+02, 7.73963379e+02, 9.02661377e+02, 5.61812561e+02,
    8.75585815e+02, 5.89342224e+02, 8.47371155e+02, 6.18193359e+02,
    8.17737061e+02, 6.48277771e+02, 7.86611938e+02, 6.79796753e+02,
    7.54076782e+02, 7.13304871e+02, 7.19555542e+02, 7.48280762e+02,
    8.69078430e+02, 5.43389465e+02, 8.41763123e+02, 5.70030029e+02,
    8.13175476e+02, 5.97736450e+02, 7.83427185e+02, 6.26949524e+02,
    7.51821228e+02, 6.57507690e+02, 7.18990845e+02, 6.89671143e+02,
    6.84081238e+02, 7.23494934e+02 ]
