%YAML:1.0
---
points: [ 1.89159805e+02, 1.98978409e+02, 1.82980591e+02, 2.07983749e+02,
    1.76642365e+02, 2.17157623e+02, 1.70558014e+02, 2.26174973e+02,
    1.64240341e+02, 2.35299393e+02, 1.58142746e+02, 2.44325195e+02,
    1.51962585e+02, 2.53338272e+02, 1.80216278e+02, 1.93758469e+02,
    1.73889145e+02, 2.03118698e+02, 1.67594193e+02, 2.12304276e+02,
    1.61234879e+02, 2.21615982e+02, 1.54941025e+02, 2.30785263e+02,
    1.48600906e+02, 2.40040741e+02, 1.42291916e+02, 2.49198181e+02,
    1.70865387e+02, 1.88410538e+02, 1.64386658e+02, 1.97870590e+02,
    1.57970734e+02, 2.07356628e+02, 1.51630630e+02, 2.16765366e+02,
    1.45124527e+02, 2.26223099e+02, 1.38744247e+02, 2.35542984e+02,
    1.32325439e+02, 2.44986877e+02, 1.61256042e+02, 1.82884048e+02,
    1.54627014e+02, 1.92581131e+02, 1.48113159e+02, 2.02161697e+02,
    1.41547607e+02, 2.11873520e+02, 1.35064575e+02, 2.21359955e+02,
    1.28535141e+02, 2.31039490e+02, 1.22050804e+02, 2.40512268e+02,
    1.51112274e+02, 1.77126282e+02, 1.44412537e+02, 1.86909698e+02,
    1.37715454e+02, 1.96815567e+02, 1.31077515e+02, 2.06579483e+02,
    1.24449516e+02, 2.16359848e+02, 1.17860176e+02, 2.26165329e+02,
    1.11300323e+02, 2.35878677e+02, 1.40587402e+02, 1.71013199e+02,
    1.33788467e+02, 1.81157654e+02, 1.26991631e+02, 1.91153076e+02,
    1.20223091e+02, 2.01159988e+02, 1.13533897e+02, 2.11190842e+02,
    1.06808273e+02, 2.21179977e+02, 1.00163437e+02, 2.31070770e+02,
    1.29617691e+02, 1.64756256e+02, 1.22697350e+02, 1.75049667e+02,
    1.15819077e+02, 1.85298477e+02, 1.08990196e+02, 1.95447937e+02,
    1.02178101e+02, 2.05750931e+02, 9.53224411e+01, 2.16036453e+02,
    8.86473923e+01, 2.26063736e+02, 1.18257866e+02, 1.58148453e+02,
    1.11250748e+02, 1.68717163e+02, 1.04248970e+02, 1.79214523e+02,
    9.73366470e+01, 1.89652634e+02, 9.03807526e+01, 2.00079391e+02,
    8.34495163e+01, 2.10469055e+02, 7.66848679e+01, 2.20832214e+02,
    1.06410515e+02, 1.51361053e+02, 9.92911987e+01, 1.62163574e+02,
    9.22073898e+01, 1.72900269e+02, 8.51350327e+01, 1.83581833e+02,
    7.82914124e+01, 1.94252716e+02, 7.13075790e+01, 2.04930344e+02,
    6.42258911e+01, 2.15539627e+02 ]
