%YAML:1.0
---
points: [ 5.85275024e+02, 6.90206726e+02, 5.58673340e+02, 7.17832031e+02,
    5.30947632e+02, 7.46839600e+02, 5.02072327e+02, 7.77201233e+02,
    4.71667450e+02, 8.09040466e+02, 4.40137451e+02, 8.42300232e+02,
    4.06944061e+02, 8.77180237e+02, 5.56779541e+02, 6.64760376e+02,
    5.29445312e+02, 6.92127625e+02, 5.00738342e+02, 7.20683411e+02,
    4.70951111e+02, 7.50594299e+02, 4.39756653e+02, 7.82032043e+02,
    4.06969849e+02, 8.14928223e+02, 3.72914154e+02, 8.49408203e+02,
    5.27890015e+02, 6.38891724e+02, 4.99634735e+02, 6.65831787e+02,
    4.70201599e+02, 6.94101929e+02, 4.39454803e+02, 7.23619202e+02,
    4.07162262e+02, 7.54583557e+02, 3.73487091e+02, 7.87099854e+02,
    3.38372742e+02, 8.21049744e+02, 4.98699524e+02, 6.12734985e+02,
    4.69520905e+02, 6.39381714e+02, 4.39270691e+02, 6.67209045e+02,
    4.07388428e+02, 6.96242798e+02, 3.74204071e+02, 7.26830383e+02,
    3.39613892e+02, 7.58826599e+02, 3.03474854e+02, 7.92447327e+02,
    4.68706604e+02, 5.86074158e+02, 4.38753479e+02, 6.12333130e+02,
    4.07450012e+02, 6.39689636e+02, 3.74740875e+02, 6.68446533e+02,
    3.40652313e+02, 6.98500916e+02, 3.04890381e+02, 7.30129150e+02,
    2.67735077e+02, 7.63175903e+02, 4.38420654e+02, 5.59050232e+02,
    4.07492157e+02, 5.84797485e+02, 3.75287628e+02, 6.11793640e+02,
    3.41641205e+02, 6.40087341e+02, 3.06464722e+02, 6.69661682e+02,
    2.69856415e+02, 7.00688843e+02, 2.31631012e+02, 7.33388794e+02,
    4.07511444e+02, 5.31572937e+02, 3.75825043e+02, 5.56911560e+02,
    3.42602478e+02, 5.83541077e+02, 3.08166626e+02, 6.11319397e+02,
    2.72071625e+02, 6.40531311e+02, 2.34515274e+02, 6.71060486e+02,
    1.95057098e+02, 7.03178650e+02, 3.76300110e+02, 5.03740845e+02,
    3.43631042e+02, 5.28682861e+02, 3.09639954e+02, 5.54768433e+02,
    2.74188416e+02, 5.82097595e+02, 2.37089417e+02, 6.10733826e+02,
    1.98583450e+02, 6.40857666e+02, 1.58258408e+02, 6.72396545e+02,
    3.44517395e+02, 4.75522278e+02, 3.11014374e+02, 5.00023315e+02,
    2.76136475e+02, 5.25567810e+02, 2.39708359e+02, 5.52383850e+02,
    2.01726395e+02, 5.80518555e+02, 1.62242599e+02, 6.10091675e+02,
    1.20752533e+02, 6.41131409e+02 ]
