%YAML:1.0
---
points: [ 2.52456390e+02, 7.83409500e+01, 2.62936676e+02, 7.83296509e+01,
    2.73607117e+02, 7.83958130e+01, 2.84332764e+02, 7.81972961e+01,
    2.94902039e+02, 7.86597366e+01, 3.05733673e+02, 7.85240860e+01,
    3.17015167e+02, 7.84102707e+01, 2.52389572e+02, 8.94834061e+01,
    2.62728455e+02, 8.97334671e+01, 2.73265869e+02, 8.97277527e+01,
    2.83848999e+02, 8.98406754e+01, 2.94687439e+02, 9.00596542e+01,
    3.05380493e+02, 9.02179108e+01, 3.16310272e+02, 9.02206573e+01,
    2.52278412e+02, 1.00645340e+02, 2.62645447e+02, 1.00803650e+02,
    2.72996216e+02, 1.01059685e+02, 2.83573364e+02, 1.01096420e+02,
    2.93995361e+02, 1.01307419e+02, 3.04860474e+02, 1.01439323e+02,
    3.15392609e+02, 1.01404305e+02, 2.52282562e+02, 1.11365967e+02,
    2.62490143e+02, 1.11756287e+02, 2.72808380e+02, 1.11923950e+02,
    2.83079956e+02, 1.12170158e+02, 2.93636505e+02, 1.12289757e+02,
    3.04112701e+02, 1.12498985e+02, 3.14865234e+02, 1.12703232e+02,
    2.52189651e+02, 1.22193405e+02, 2.62300049e+02, 1.22443779e+02,
    2.72493103e+02, 1.22600212e+02, 2.82793854e+02, 1.22907440e+02,
    2.93099854e+02, 1.23221748e+02, 3.03528534e+02, 1.23363747e+02,
    3.14127930e+02, 1.23555969e+02, 2.52219223e+02, 1.32431290e+02,
    2.62137756e+02, 1.32881073e+02, 2.72237579e+02, 1.33200760e+02,
    2.82309143e+02, 1.33355362e+02, 2.92617767e+02, 1.33668533e+02,
    3.02957367e+02, 1.34110168e+02, 3.13292084e+02, 1.34277222e+02,
    2.52169983e+02, 1.42672623e+02, 2.62055908e+02, 1.43127579e+02,
    2.71958984e+02, 1.43402374e+02, 2.82112549e+02, 1.43552399e+02,
    2.92119171e+02, 1.44083786e+02, 3.02321686e+02, 1.44326706e+02,
    3.12679352e+02, 1.44630753e+02, 2.52157242e+02, 1.52550842e+02,
    2.61866302e+02, 1.53106873e+02, 2.71754395e+02, 1.53403885e+02,
    2.81706024e+02, 1.53767502e+02, 2.91757172e+02, 1.54196152e+02,
    3.01853302e+02, 1.54495270e+02, 3.12085602e+02, 1.54848053e+02,
    2.52045715e+02, 1.62407364e+02, 2.61759216e+02, 1.62857178e+02,
    2.71528290e+02, 1.63333038e+02, 2.81400940e+02, 1.63588455e+02,
    2.91238251e+02, 1.64118805e+02, 3.01241852e+02, 1.64423798e+02,
    3.11321106e+02, 1.64800644e+02 ]
