%YAML:1.0
---
points: [ 6.83896301e+02, 4.91349121e+02, 6.65515442e+02, 5.18254517e+02,
    6.47248718e+02, 5.45228760e+02, 6.28878174e+02, 5.71895569e+02,
    6.10577087e+02, 5.98726868e+02, 5.92276428e+02, 6.25455811e+02,
    5.73844543e+02, 6.52249268e+02, 6.56069397e+02, 4.76005981e+02,
    6.37339600e+02, 5.03563446e+02, 6.18610657e+02, 5.30824341e+02,
    6.00036011e+02, 5.58272827e+02, 5.81332886e+02, 5.85453430e+02,
    5.62717163e+02, 6.12699463e+02, 5.44116089e+02, 6.39894714e+02,
    6.27056824e+02, 4.60272461e+02, 6.07994751e+02, 4.88209351e+02,
    5.88980225e+02, 5.16251221e+02, 5.69951294e+02, 5.43972168e+02,
    5.50926758e+02, 5.71865112e+02, 5.32094971e+02, 5.99605347e+02,
    5.13169250e+02, 6.27352173e+02, 5.96899109e+02, 4.43724701e+02,
    5.77504333e+02, 4.72454865e+02, 5.58277527e+02, 5.00799164e+02,
    5.38838623e+02, 5.29349304e+02, 5.19558899e+02, 5.57603760e+02,
    5.00302368e+02, 5.86115845e+02, 4.81011749e+02, 6.14359985e+02,
    5.65378113e+02, 4.26590515e+02, 5.45582153e+02, 4.55673645e+02,
    5.25955750e+02, 4.84816406e+02, 5.06328369e+02, 5.13898865e+02,
    4.86687286e+02, 5.42808594e+02, 4.67096710e+02, 5.71699951e+02,
    4.47544342e+02, 6.00557922e+02, 5.32519165e+02, 4.08639648e+02,
    5.12467834e+02, 4.38453003e+02, 4.92435120e+02, 4.68248871e+02,
    4.72409729e+02, 4.97851532e+02, 4.52455902e+02, 5.27385132e+02,
    4.32531525e+02, 5.57035950e+02, 4.12713623e+02, 5.86452332e+02,
    4.98339600e+02, 3.89886169e+02, 4.77835846e+02, 4.20407440e+02,
    4.57555115e+02, 4.50861511e+02, 4.37289001e+02, 4.81073425e+02,
    4.16935303e+02, 5.11365479e+02, 3.96766113e+02, 5.41493103e+02,
    3.76620422e+02, 5.71594849e+02, 4.62716888e+02, 3.70362183e+02,
    4.42008057e+02, 4.01609833e+02, 4.21292847e+02, 4.32639801e+02,
    4.00619080e+02, 4.63614624e+02, 3.80098267e+02, 4.94591278e+02,
    3.59562225e+02, 5.25547791e+02, 3.39270386e+02, 5.56201416e+02,
    4.25582275e+02, 3.50031982e+02, 4.04421021e+02, 3.81917084e+02,
    3.83446136e+02, 4.13860779e+02, 3.62491852e+02, 4.45540802e+02,
    3.41601318e+02, 4.77276489e+02, 3.20924835e+02, 5.08662781e+02,
    3.00257568e+02, 5.40279236e+02 ]
