%YAML:1.0
---
points: [ 1.40387955e+02, 2.32924805e+02, 1.33821854e+02, 2.41054321e+02,
    1.27175232e+02, 2.49215164e+02, 1.20518242e+02, 2.57383331e+02,
    1.13920036e+02, 2.65616180e+02, 1.07302238e+02, 2.73964905e+02,
    1.00692871e+02, 2.82113495e+02, 1.31702621e+02, 2.27440475e+02,
    1.25008255e+02, 2.35738007e+02, 1.18271790e+02, 2.44080582e+02,
    1.11517807e+02, 2.52351990e+02, 1.04846359e+02, 2.60678680e+02,
    9.81381378e+01, 2.69074463e+02, 9.13948059e+01, 2.77370148e+02,
    1.22752388e+02, 2.21877808e+02, 1.15936050e+02, 2.30274109e+02,
    1.09123276e+02, 2.38677078e+02, 1.02273285e+02, 2.47196243e+02,
    9.54259567e+01, 2.55575699e+02, 8.86729279e+01, 2.64147797e+02,
    8.19735107e+01, 2.72460999e+02, 1.13484711e+02, 2.16173615e+02,
    1.06557236e+02, 2.24667419e+02, 9.96874237e+01, 2.33216705e+02,
    9.27567673e+01, 2.41737869e+02, 8.58826981e+01, 2.50276047e+02,
    7.90859375e+01, 2.58897949e+02, 7.21531754e+01, 2.67553528e+02,
    1.04007774e+02, 2.10191010e+02, 9.70394745e+01, 2.18847610e+02,
    8.99599533e+01, 2.27482635e+02, 8.29304962e+01, 2.36197311e+02,
    7.60697250e+01, 2.44876678e+02, 6.90475388e+01, 2.53622635e+02,
    6.21562500e+01, 2.62244751e+02, 9.41841125e+01, 2.03963730e+02,
    8.71393204e+01, 2.12858566e+02, 8.00156403e+01, 2.21632019e+02,
    7.29059296e+01, 2.30346451e+02, 6.58044281e+01, 2.39207413e+02,
    5.88637505e+01, 2.48080719e+02, 5.18830452e+01, 2.56950470e+02,
    8.42088470e+01, 1.97722885e+02, 7.69496307e+01, 2.06480392e+02,
    6.97958679e+01, 2.15611298e+02, 6.25356522e+01, 2.24354034e+02,
    5.54844704e+01, 2.33420364e+02, 4.83677711e+01, 2.42423553e+02,
    4.15670433e+01, 2.51259521e+02, 7.37863007e+01, 1.91190292e+02,
    6.65357437e+01, 2.00265366e+02, 5.92406349e+01, 2.09228516e+02,
    5.20656662e+01, 2.18392578e+02, 4.49045067e+01, 2.27473999e+02,
    3.79813614e+01, 2.36402313e+02, 3.08074646e+01, 2.45401749e+02,
    6.32612953e+01, 1.84499771e+02, 5.59648895e+01, 1.93552185e+02,
    4.85476875e+01, 2.02912659e+02, 4.13022346e+01, 2.12073318e+02,
    3.42119675e+01, 2.21223404e+02, 2.69416027e+01, 2.30423508e+02,
    2.02083435e+01, 2.39509201e+02 ]
