%YAML:1.0
---
points: [ 2.68837891e+02, 1.59528961e+02, 2.58496460e+02, 1.59252609e+02,
    2.48309952e+02, 1.58670654e+02, 2.38291763e+02, 1.58262314e+02,
    2.28429626e+02, 1.57943726e+02, 2.18689636e+02, 1.57486359e+02,
    2.09131668e+02, 1.57221878e+02, 2.69971191e+02, 1.48853287e+02,
    2.59585632e+02, 1.48427628e+02, 2.49452896e+02, 1.48243515e+02,
    2.39427994e+02, 1.47987228e+02, 2.29566193e+02, 1.47598587e+02,
    2.19848099e+02, 1.47413651e+02, 2.10286270e+02, 1.47155106e+02,
    2.71114441e+02, 1.38240311e+02, 2.60704132e+02, 1.38094101e+02,
    2.50468063e+02, 1.37832581e+02, 2.40558182e+02, 1.37539551e+02,
    2.30690140e+02, 1.37441223e+02, 2.20987061e+02, 1.37262009e+02,
    2.11409653e+02, 1.37011002e+02, 2.72206879e+02, 1.27489731e+02,
    2.61833374e+02, 1.27397995e+02, 2.51650742e+02, 1.27369728e+02,
    2.41665833e+02, 1.27336929e+02, 2.31830597e+02, 1.27232376e+02,
    2.22132385e+02, 1.27133987e+02, 2.12547409e+02, 1.27011826e+02,
    2.73231903e+02, 1.17132751e+02, 2.62941254e+02, 1.17087700e+02,
    2.52765564e+02, 1.17075912e+02, 2.42797211e+02, 1.17012497e+02,
    2.32976868e+02, 1.17011879e+02, 2.23292038e+02, 1.16877472e+02,
    2.13734512e+02, 1.16886208e+02, 2.74376221e+02, 1.06367020e+02,
    2.64077454e+02, 1.06543495e+02, 2.53888229e+02, 1.06597725e+02,
    2.43913666e+02, 1.06633888e+02, 2.34117554e+02, 1.06765694e+02,
    2.24415070e+02, 1.06835854e+02, 2.14882919e+02, 1.06909576e+02,
    2.75481323e+02, 9.61990814e+01, 2.65172791e+02, 9.62561646e+01,
    2.55069778e+02, 9.64471741e+01, 2.45049484e+02, 9.65115356e+01,
    2.35254303e+02, 9.67221527e+01, 2.25525024e+02, 9.68469620e+01,
    2.16081985e+02, 9.69597092e+01, 2.76575073e+02, 8.55319519e+01,
    2.66262543e+02, 8.59068375e+01, 2.56158112e+02, 8.60959320e+01,
    2.46205399e+02, 8.62795181e+01, 2.36379333e+02, 8.65682144e+01,
    2.26733231e+02, 8.68715744e+01, 2.17216812e+02, 8.71347122e+01,
    2.77771973e+02, 7.53635864e+01, 2.67317566e+02, 7.56709671e+01,
    2.57314636e+02, 7.60774689e+01, 2.47244781e+02, 7.63215561e+01,
    2.37488922e+02, 7.65500336e+01, 2.27860580e+02, 7.68427658e+01,
    2.18414627e+02, 7.71464767e+01 ]
