%YAML:1.0
---
points: [ 7.65223999e+02, 4.85574005e+02, 7.56610657e+02, 5.08217682e+02,
    7.48513245e+02, 5.29600098e+02, 7.40669861e+02, 5.50083435e+02,
    7.33373474e+02, 5.69351990e+02, 7.26444458e+02, 5.87511414e+02,
    7.19813782e+02, 6.04626404e+02, 7.23858276e+02, 4.81797882e+02,
    7.16409363e+02, 5.04993347e+02, 7.09161499e+02, 5.26848267e+02,
    7.02384338e+02, 5.47499084e+02, 6.95901855e+02, 5.66881104e+02,
    6.89824951e+02, 5.85461182e+02, 6.84102112e+02, 6.02727234e+02,
    6.81160156e+02, 4.78154175e+02, 6.74632263e+02, 5.01751282e+02,
    6.68692444e+02, 5.23935120e+02, 6.62799011e+02, 5.44783630e+02,
    6.57485291e+02, 5.64609985e+02, 6.52348816e+02, 5.83327087e+02,
    6.47396667e+02, 6.01368774e+02, 6.37254089e+02, 4.74405243e+02,
    6.32081055e+02, 4.98286743e+02, 6.27047852e+02, 5.20796997e+02,
    6.22424194e+02, 5.42207764e+02, 6.17814392e+02, 5.62111877e+02,
    6.13592468e+02, 5.81410950e+02, 6.09674438e+02, 5.99279053e+02,
    5.91368469e+02, 4.70311768e+02, 5.87446716e+02, 4.94545319e+02,
    5.83843994e+02, 5.17544067e+02, 5.80392761e+02, 5.39265137e+02,
    5.76895386e+02, 5.59709412e+02, 5.73843811e+02, 5.79115540e+02,
    5.70756775e+02, 5.97474304e+02, 5.44254211e+02, 4.65930756e+02,
    5.41799072e+02, 4.90795227e+02, 5.39375122e+02, 5.14121643e+02,
    5.37227478e+02, 5.36290222e+02, 5.34838196e+02, 5.57112244e+02,
    5.32924927e+02, 5.76732422e+02, 5.30960266e+02, 5.95637451e+02,
    4.95622406e+02, 4.61278473e+02, 4.94584503e+02, 4.86698578e+02,
    4.93581055e+02, 5.10588654e+02, 4.92516052e+02, 5.33192688e+02,
    4.91702423e+02, 5.54413391e+02, 4.90808075e+02, 5.74530945e+02,
    4.90194672e+02, 5.93445312e+02, 4.45432587e+02, 4.56387268e+02,
    4.45903809e+02, 4.82444641e+02, 4.46508392e+02, 5.06930359e+02,
    4.46842102e+02, 5.29811584e+02, 4.47383698e+02, 5.51498230e+02,
    4.47766052e+02, 5.71988708e+02, 4.48206970e+02, 5.91457703e+02,
    3.93615204e+02, 4.51420135e+02, 3.95986389e+02, 4.78039581e+02,
    3.97772888e+02, 5.03183777e+02, 3.99790131e+02, 5.26666626e+02,
    4.01589752e+02, 5.48811340e+02, 4.03220032e+02, 5.69676575e+02,
    4.04861877e+02, 5.89398926e+02 ]
