%YAML:1.0
---
points: [ 5.44149536e+02, 5.91766052e+02, 5.24399902e+02, 6.15881470e+02,
    5.04498810e+02, 6.40220093e+02, 4.84649139e+02, 6.64446167e+02,
    4.64679657e+02, 6.88885193e+02, 4.44722534e+02, 7.13362305e+02,
    4.24619476e+02, 7.37763428e+02, 5.17314453e+02, 5.75631226e+02,
    4.97165985e+02, 6.00275513e+02, 4.77084778e+02, 6.24782532e+02,
    4.56755157e+02, 6.49508850e+02, 4.36539581e+02, 6.74173889e+02,
    4.16203156e+02, 6.99196411e+02, 3.95882843e+02, 7.23923279e+02,
    4.89545410e+02, 5.59308044e+02, 4.69188751e+02, 5.84123718e+02,
    4.48611359e+02, 6.09179138e+02, 4.28109772e+02, 6.34087646e+02,
    4.07489197e+02, 6.59242065e+02, 3.86964020e+02, 6.84387878e+02,
    3.66256622e+02, 7.09691895e+02, 4.61037262e+02, 5.42231323e+02,
    4.40352112e+02, 5.67531433e+02, 4.19483673e+02, 5.92762207e+02,
    3.98462402e+02, 6.18287292e+02, 3.77613281e+02, 6.43625610e+02,
    3.56587250e+02, 6.69293091e+02, 3.35798859e+02, 6.94761658e+02,
    4.31456268e+02, 5.24618530e+02, 4.10388733e+02, 5.50201416e+02,
    3.89211578e+02, 5.75993469e+02, 3.68067139e+02, 6.01647156e+02,
    3.46718231e+02, 6.27515503e+02, 3.25602997e+02, 6.53377380e+02,
    3.04202301e+02, 6.79470825e+02, 4.00906464e+02, 5.06340485e+02,
    3.79520966e+02, 5.32428650e+02, 3.57937042e+02, 5.58455322e+02,
    3.36430023e+02, 5.84665039e+02, 3.15028229e+02, 6.10787170e+02,
    2.93345367e+02, 6.37222839e+02, 2.71904083e+02, 6.63495483e+02,
    3.69642365e+02, 4.87626465e+02, 3.47871155e+02, 5.13978638e+02,
    3.25984833e+02, 5.40595398e+02, 3.04190002e+02, 5.67166870e+02,
    2.82325500e+02, 5.93716858e+02, 2.60529633e+02, 6.20375244e+02,
    2.38597580e+02, 6.47130127e+02, 3.37273010e+02, 4.68119568e+02,
    3.15155762e+02, 4.95015289e+02, 2.93124786e+02, 5.21847351e+02,
    2.70790344e+02, 5.48932495e+02, 2.48698029e+02, 5.75745605e+02,
    2.26531174e+02, 6.02864990e+02, 2.04499405e+02, 6.29945984e+02,
    3.03791656e+02, 4.48158661e+02, 2.81408112e+02, 4.75379181e+02,
    2.58841919e+02, 5.02628113e+02, 2.36398407e+02, 5.30058594e+02,
    2.13908783e+02, 5.57459167e+02, 1.91553421e+02, 5.84809875e+02,
    1.69155273e+02, 6.12416687e+02 ]
