%YAML:1.0
---
points: [ 2.50428284e+02, 8.01673203e+01, 2.52949890e+02, 9.06930161e+01,
    2.55353668e+02, 1.00853493e+02, 2.57643158e+02, 1.10833397e+02,
    2.59917480e+02, 1.20527313e+02, 2.62095215e+02, 1.29957764e+02,
    2.64326202e+02, 1.39123901e+02, 2.40483505e+02, 8.28673096e+01,
    2.43120316e+02, 9.33359146e+01, 2.45612335e+02, 1.03533905e+02,
    2.48107224e+02, 1.13388603e+02, 2.50482697e+02, 1.23073524e+02,
    2.52798019e+02, 1.32465958e+02, 2.55020691e+02, 1.41585922e+02,
    2.30547653e+02, 8.55413971e+01, 2.33274887e+02, 9.59623642e+01,
    2.35935669e+02, 1.06180382e+02, 2.38522095e+02, 1.16014961e+02,
    2.41088104e+02, 1.25612473e+02, 2.43492294e+02, 1.34962143e+02,
    2.45893860e+02, 1.44116592e+02, 2.20565491e+02, 8.82766113e+01,
    2.23453537e+02, 9.86343231e+01, 2.26282074e+02, 1.08787643e+02,
    2.29017960e+02, 1.18606094e+02, 2.31594620e+02, 1.28147415e+02,
    2.34246552e+02, 1.37436584e+02, 2.36720535e+02, 1.46513748e+02,
    2.10719406e+02, 9.09836655e+01, 2.13628952e+02, 1.01305374e+02,
    2.16626251e+02, 1.11404678e+02, 2.19397247e+02, 1.21146255e+02,
    2.22207397e+02, 1.30617874e+02, 2.24959335e+02, 1.39913635e+02,
    2.27507141e+02, 1.48892044e+02, 2.00710968e+02, 9.36772156e+01,
    2.03957855e+02, 1.03901993e+02, 2.06951797e+02, 1.13991325e+02,
    2.09914719e+02, 1.23734604e+02, 2.12827942e+02, 1.33151993e+02,
    2.15683731e+02, 1.42378174e+02, 2.18359360e+02, 1.51377075e+02,
    1.90939957e+02, 9.63301468e+01, 1.94118286e+02, 1.06505608e+02,
    1.97325760e+02, 1.16487335e+02, 2.00448013e+02, 1.26189972e+02,
    2.03450775e+02, 1.35632797e+02, 2.06405212e+02, 1.44778275e+02,
    2.09297607e+02, 1.53711533e+02, 1.80993256e+02, 9.90653915e+01,
    1.84411575e+02, 1.09179825e+02, 1.87748352e+02, 1.19077347e+02,
    1.90963760e+02, 1.28725693e+02, 1.94111816e+02, 1.38080353e+02,
    1.97180969e+02, 1.47204407e+02, 2.00072235e+02, 1.56076355e+02,
    1.71193222e+02, 1.01670631e+02, 1.74673660e+02, 1.11793877e+02,
    1.78108856e+02, 1.21591080e+02, 1.81456497e+02, 1.31256958e+02,
    1.84752258e+02, 1.40436218e+02, 1.87917557e+02, 1.49636383e+02,
    1.91081909e+02, 1.58394608e+02 ]
