%YAML:1.0
---
points: [ 7.67279785e+02, 5.25434204e+02, 7.37940552e+02, 5.38075745e+02,
    7.09175232e+02, 5.51123657e+02, 6.79744934e+02, 5.63495483e+02,
    6.50860291e+02, 5.76410461e+02, 6.21685120e+02, 5.88945312e+02,
    5.92710266e+02, 6.01550598e+02, 7.54835999e+02, 5.13368958e+02,
    7.24738708e+02, 5.26520081e+02, 6.94739624e+02, 5.39586792e+02,
    6.64863403e+02, 5.52633057e+02, 6.35068420e+02, 5.65601196e+02,
    6.05242920e+02, 5.78547119e+02, 5.75443726e+02, 5.91430115e+02,
    7.41481873e+02, 5.00762909e+02, 7.10713501e+02, 5.14334106e+02,
    6.79926880e+02, 5.27678040e+02, 6.49212524e+02, 5.41170959e+02,
    6.18389282e+02, 5.54474915e+02, 5.87853699e+02, 5.67846375e+02,
    5.56965271e+02, 5.81238770e+02, 7.27723877e+02, 4.87572968e+02,
    6.95940308e+02, 5.01332855e+02, 6.64277161e+02, 5.15231567e+02,
    6.32488037e+02, 5.28865967e+02, 6.00909729e+02, 5.42656738e+02,
    5.69354187e+02, 5.56514587e+02, 5.37838562e+02, 5.70133118e+02,
    7.12967285e+02, 4.73347351e+02, 6.80176819e+02, 4.87477112e+02,
    6.47368591e+02, 5.01608521e+02, 6.14835938e+02, 5.15878357e+02,
    5.82281799e+02, 5.30120850e+02, 5.49596375e+02, 5.44268372e+02,
    5.17116211e+02, 5.58307983e+02, 6.97113892e+02, 4.58067383e+02,
    6.63314636e+02, 4.72747223e+02, 6.29637573e+02, 4.87445374e+02,
    5.95797119e+02, 5.01974030e+02, 5.62317078e+02, 5.16640869e+02,
    5.28635803e+02, 5.31312317e+02, 4.95229919e+02, 5.45848938e+02,
    6.80271423e+02, 4.41677124e+02, 6.45327515e+02, 4.56820099e+02,
    6.10471252e+02, 4.72092041e+02, 5.75745483e+02, 4.87248840e+02,
    5.41041443e+02, 5.02343597e+02, 5.06481110e+02, 5.17448975e+02,
    4.71932953e+02, 5.32421814e+02, 6.62338806e+02, 4.24203186e+02,
    6.26158813e+02, 4.39954254e+02, 5.90148621e+02, 4.55632446e+02,
    5.54288086e+02, 4.71407349e+02, 5.18503296e+02, 4.87036255e+02,
    4.82678772e+02, 5.02634521e+02, 4.47157654e+02, 5.18273621e+02,
    6.42739502e+02, 4.05321594e+02, 6.05494812e+02, 4.21678589e+02,
    5.68222168e+02, 4.38093628e+02, 5.31211609e+02, 4.54388855e+02,
    4.94145416e+02, 4.70613586e+02, 4.57357941e+02, 4.86830261e+02,
    4.20616577e+02, 5.03203827e+02 ]
