%YAML:1.0
---
points: [ 2.61651733e+02, 1.75283630e+02, 2.50136444e+02, 1.75952209e+02,
    2.38705826e+02, 1.76730713e+02, 2.27278015e+02, 1.77530121e+02,
    2.15861893e+02, 1.78327560e+02, 2.04365799e+02, 1.79227737e+02,
    1.93102707e+02, 1.79883636e+02, 2.61256195e+02, 1.66457703e+02,
    2.49960434e+02, 1.67400055e+02, 2.38619156e+02, 1.68182785e+02,
    2.27385986e+02, 1.69023056e+02, 2.16252777e+02, 1.69812424e+02,
    2.05081970e+02, 1.70545441e+02, 1.93884781e+02, 1.71414383e+02,
    2.60850800e+02, 1.58240967e+02, 2.49702103e+02, 1.59087692e+02,
    2.38657104e+02, 1.59850281e+02, 2.27598190e+02, 1.60621704e+02,
    2.16588974e+02, 1.61544678e+02, 2.05599915e+02, 1.62256058e+02,
    1.94583939e+02, 1.63163452e+02, 2.60368317e+02, 1.50209595e+02,
    2.49487671e+02, 1.51127228e+02, 2.38577209e+02, 1.51925827e+02,
    2.27799484e+02, 1.52612854e+02, 2.16903503e+02, 1.53548172e+02,
    2.06179794e+02, 1.54196945e+02, 1.95288696e+02, 1.55234650e+02,
    2.60094055e+02, 1.42381592e+02, 2.49343857e+02, 1.43344849e+02,
    2.38620499e+02, 1.44095490e+02, 2.27926712e+02, 1.45001816e+02,
    2.17344971e+02, 1.45731644e+02, 2.06650940e+02, 1.46477432e+02,
    1.96086456e+02, 1.47368851e+02, 2.59728973e+02, 1.35044205e+02,
    2.49158707e+02, 1.35757416e+02, 2.38670959e+02, 1.36543655e+02,
    2.28205780e+02, 1.37468048e+02, 2.17634064e+02, 1.38271683e+02,
    2.07252914e+02, 1.39150818e+02, 1.96753296e+02, 1.39831589e+02,
    2.59358276e+02, 1.27588737e+02, 2.48913971e+02, 1.28438690e+02,
    2.38667343e+02, 1.29331299e+02, 2.28340576e+02, 1.30213348e+02,
    2.17923203e+02, 1.31048553e+02, 2.07673859e+02, 1.31670303e+02,
    1.97449509e+02, 1.32606415e+02, 2.58829468e+02, 1.17472290e+02,
    2.48763290e+02, 1.18327957e+02, 2.38629410e+02, 1.22391815e+02,
    2.28519241e+02, 1.23046707e+02, 2.18337631e+02, 1.24038445e+02,
    2.08394058e+02, 1.21374802e+02, 1.98416763e+02, 1.21840248e+02,
    2.58829468e+02, 1.17472267e+02, 2.48763290e+02, 1.18327934e+02,
    2.38637802e+02, 1.16368820e+02, 2.28615402e+02, 1.16288963e+02,
    2.18606659e+02, 1.17510391e+02, 2.08595383e+02, 1.18274193e+02,
    1.98585251e+02, 1.19204361e+02 ]
