%YAML:1.0
---
points: [ 8.69580383e+02, 1.40890274e+02, 8.77672241e+02, 1.72183472e+02,
    8.85785889e+02, 2.02515106e+02, 8.93408325e+02, 2.31862808e+02,
    9.01038391e+02, 2.60487762e+02, 9.08172852e+02, 2.88286682e+02,
    9.15382019e+02, 3.15205139e+02, 8.40100464e+02, 1.48836441e+02,
    8.49038208e+02, 1.80103760e+02, 8.57223877e+02, 2.10156036e+02,
    8.65430054e+02, 2.39448181e+02, 8.73270386e+02, 2.67721954e+02,
    8.80836670e+02, 2.95676880e+02, 8.88292786e+02, 3.22528015e+02,
    8.10780884e+02, 1.56735092e+02, 8.19808899e+02, 1.87709015e+02,
    8.28835144e+02, 2.17817535e+02, 8.37326416e+02, 2.46870178e+02,
    8.45602478e+02, 2.75413605e+02, 8.53514832e+02, 3.02746674e+02,
    8.61297180e+02, 3.29619537e+02, 7.81574524e+02, 1.64671326e+02,
    7.91188171e+02, 1.95549454e+02, 8.00382935e+02, 2.25329803e+02,
    8.09242126e+02, 2.54546509e+02, 8.17615356e+02, 2.82615479e+02,
    8.26193542e+02, 3.10109070e+02, 8.34166199e+02, 3.36752350e+02,
    7.52355225e+02, 1.72496002e+02, 7.62106323e+02, 2.03167084e+02,
    7.71900146e+02, 2.33193665e+02, 7.80948730e+02, 2.61790070e+02,
    7.90093506e+02, 2.90086151e+02, 7.98688171e+02, 3.17301178e+02,
    8.07419495e+02, 3.44089111e+02, 7.23107666e+02, 1.80390640e+02,
    7.33401794e+02, 2.10927094e+02, 7.43375488e+02, 2.40454208e+02,
    7.52997253e+02, 2.69407104e+02, 7.62331909e+02, 2.97259216e+02,
    7.71477234e+02, 3.24406738e+02, 7.80323853e+02, 3.50867523e+02,
    6.93860779e+02, 1.88176270e+02, 7.04561768e+02, 2.18422760e+02,
    7.15032043e+02, 2.48168533e+02, 7.24856812e+02, 2.76540436e+02,
    7.34670837e+02, 3.04418945e+02, 7.44251221e+02, 3.31505127e+02,
    7.53431702e+02, 3.57904572e+02, 6.64646423e+02, 1.95729614e+02,
    6.75813965e+02, 2.26126663e+02, 6.86461853e+02, 2.55382217e+02,
    6.96979858e+02, 2.84034241e+02, 7.07142578e+02, 3.11513123e+02,
    7.16930115e+02, 3.38707794e+02, 7.26491638e+02, 3.64702148e+02,
    6.35556152e+02, 2.03621017e+02, 6.46869812e+02, 2.33669113e+02,
    6.58072327e+02, 2.62816193e+02, 6.68892090e+02, 2.91176910e+02,
    6.79392334e+02, 3.18811157e+02, 6.89591919e+02, 3.45567749e+02,
    6.99485107e+02, 3.71704987e+02 ]
