%YAML:1.0
---
points: [ 2.52359344e+02, 1.99265732e+02, 2.42259384e+02, 2.00402237e+02,
    2.31741196e+02, 2.01506302e+02, 2.21520035e+02, 2.02623520e+02,
    2.11052017e+02, 2.03719864e+02, 2.00632202e+02, 2.04825623e+02,
    1.90118454e+02, 2.06000870e+02, 2.51631134e+02, 1.90666168e+02,
    2.41200424e+02, 1.91680771e+02, 2.30660645e+02, 1.92904663e+02,
    2.20038223e+02, 1.93920853e+02, 2.09555923e+02, 1.95053329e+02,
    1.98850449e+02, 1.96213226e+02, 1.88281647e+02, 1.97219208e+02,
    2.50842804e+02, 1.81557617e+02, 2.40237137e+02, 1.82680176e+02,
    2.29376068e+02, 1.83715317e+02, 2.18737625e+02, 1.84930466e+02,
    2.07906479e+02, 1.86001282e+02, 1.97163040e+02, 1.87086914e+02,
    1.86233200e+02, 1.88263474e+02, 2.50034714e+02, 1.72173859e+02,
    2.39075226e+02, 1.73392441e+02, 2.28214035e+02, 1.74402939e+02,
    2.17265182e+02, 1.75611511e+02, 2.06268127e+02, 1.76738541e+02,
    1.95241989e+02, 1.77759445e+02, 1.84283157e+02, 1.78926102e+02,
    2.49093491e+02, 1.62402634e+02, 2.37976791e+02, 1.63664703e+02,
    2.26885040e+02, 1.64724854e+02, 2.15787933e+02, 1.65838120e+02,
    2.04551147e+02, 1.66975784e+02, 1.93334991e+02, 1.68073959e+02,
    1.82115158e+02, 1.69172379e+02, 2.48198563e+02, 1.52271957e+02,
    2.36872345e+02, 1.53518463e+02, 2.25516541e+02, 1.54574417e+02,
    2.14137024e+02, 1.55761566e+02, 2.02799637e+02, 1.56848557e+02,
    1.91283493e+02, 1.57971359e+02, 1.79911713e+02, 1.59180084e+02,
    2.47159592e+02, 1.41861572e+02, 2.35664566e+02, 1.42991455e+02,
    2.24111771e+02, 1.44104111e+02, 2.12540436e+02, 1.45285706e+02,
    2.00924026e+02, 1.46330902e+02, 1.89299133e+02, 1.47471710e+02,
    1.77578400e+02, 1.48614456e+02, 2.46218292e+02, 1.30861984e+02,
    2.34318542e+02, 1.32017670e+02, 2.22631165e+02, 1.33238037e+02,
    2.10798874e+02, 1.34266159e+02, 1.99005569e+02, 1.35410660e+02,
    1.87149124e+02, 1.36659805e+02, 1.75184402e+02, 1.37768753e+02,
    2.45073792e+02, 1.19348534e+02, 2.33122635e+02, 1.20680107e+02,
    2.21059601e+02, 1.21769424e+02, 2.09073563e+02, 1.22977371e+02,
    1.96923569e+02, 1.24173645e+02, 1.84918686e+02, 1.25235016e+02,
    1.72664291e+02, 1.26332062e+02 ]
