%YAML:1.0
---
points: [ 9.05468872e+02, 3.64522675e+02, 8.77869080e+02, 3.68976074e+02,
    8.50330750e+02, 3.73355957e+02, 8.23000793e+02, 3.77533722e+02,
    7.95707947e+02, 3.81828033e+02, 7.68366272e+02, 3.86385345e+02,
    7.41022034e+02, 3.90555481e+02, 9.00406067e+02, 3.38313904e+02,
    8.72405945e+02, 3.42616974e+02, 8.44601013e+02, 3.47041321e+02,
    8.16912476e+02, 3.51468384e+02, 7.89169373e+02, 3.55925507e+02,
    7.61359863e+02, 3.60393341e+02, 7.33688477e+02, 3.64711761e+02,
    8.95306213e+02, 3.11189362e+02, 8.66824951e+02, 3.15692596e+02,
    8.38607117e+02, 3.20279419e+02, 8.10474060e+02, 3.24639679e+02,
    7.82319946e+02, 3.29311188e+02, 7.54385864e+02, 3.33729828e+02,
    7.26322693e+02, 3.38193787e+02, 8.89835388e+02, 2.83324493e+02,
    8.60961548e+02, 2.87882019e+02, 8.32497253e+02, 2.92558929e+02,
    8.03980957e+02, 2.97331696e+02, 7.75497070e+02, 3.01834198e+02,
    7.47048340e+02, 3.06433472e+02, 7.18434448e+02, 3.10917236e+02,
    8.84445129e+02, 2.54565918e+02, 8.55257263e+02, 2.59443939e+02,
    8.26375732e+02, 2.63947174e+02, 7.97282288e+02, 2.68706329e+02,
    7.68384033e+02, 2.73359497e+02, 7.39346985e+02, 2.77870911e+02,
    7.10518127e+02, 2.82510529e+02, 8.78586365e+02, 2.24783752e+02,
    8.49121094e+02, 2.29648987e+02, 8.19601990e+02, 2.34540909e+02,
    7.90371582e+02, 2.39339218e+02, 7.60813660e+02, 2.44213608e+02,
    7.31621704e+02, 2.48796280e+02, 7.02258118e+02, 2.53581985e+02,
    8.72777527e+02, 1.94266663e+02, 8.42860718e+02, 1.99100204e+02,
    8.12710144e+02, 2.04182404e+02, 7.82959290e+02, 2.08943146e+02,
    7.53349854e+02, 2.13850998e+02, 7.23465271e+02, 2.18739944e+02,
    6.93643677e+02, 2.23572113e+02, 8.66694824e+02, 1.62578568e+02,
    8.36398010e+02, 1.67695908e+02, 8.05964539e+02, 1.72686203e+02,
    7.75602661e+02, 1.77701813e+02, 7.45407227e+02, 1.82799744e+02,
    7.15122253e+02, 1.87651382e+02, 6.84839844e+02, 1.92664581e+02,
    8.60441040e+02, 1.30070694e+02, 8.29625549e+02, 1.35227158e+02,
    7.98656921e+02, 1.40429108e+02, 7.68012451e+02, 1.45509430e+02,
    7.37299805e+02, 1.50580383e+02, 7.06507263e+02, 1.55829178e+02,
    6.75765808e+02, 1.60912445e+02 ]
