%YAML:1.0
---
points: [ 1.15088940e+03, 1.71521011e+02, 1.18481470e+03, 1.95426941e+02,
    1.21855066e+03, 2.19236084e+02, 1.25237036e+03, 2.42760361e+02,
    1.28573657e+03, 2.66259888e+02, 1.31929712e+03, 2.89519928e+02,
    1.35246179e+03, 3.12837891e+02, 1.12708838e+03, 2.05946625e+02,
    1.16021021e+03, 2.29339645e+02, 1.19322717e+03, 2.52370651e+02,
    1.22597974e+03, 2.75376526e+02, 1.25878027e+03, 2.98123566e+02,
    1.29145935e+03, 3.20868866e+02, 1.32419873e+03, 3.43500610e+02,
    1.10436621e+03, 2.38692932e+02, 1.13678967e+03, 2.61406830e+02,
    1.16888892e+03, 2.83891296e+02, 1.20118884e+03, 3.06237640e+02,
    1.23309802e+03, 3.28438354e+02, 1.26517944e+03, 3.50543518e+02,
    1.29697205e+03, 3.72612335e+02, 1.08275549e+03, 2.69887543e+02,
    1.11441064e+03, 2.91997650e+02, 1.14597412e+03, 3.13762787e+02,
    1.17740906e+03, 3.35637177e+02, 1.20873267e+03, 3.57302856e+02,
    1.23992932e+03, 3.78912231e+02, 1.27109802e+03, 4.00360229e+02,
    1.06219287e+03, 2.99747253e+02, 1.09314734e+03, 3.21239960e+02,
    1.12392615e+03, 3.42532684e+02, 1.15470203e+03, 3.63645264e+02,
    1.18536340e+03, 3.84770111e+02, 1.21586829e+03, 4.05737030e+02,
    1.24637463e+03, 4.26818970e+02, 1.04248145e+03, 3.28213959e+02,
    1.07263440e+03, 3.49170471e+02, 1.10298962e+03, 3.69823425e+02,
    1.13309399e+03, 3.90555389e+02, 1.16311316e+03, 4.11187561e+02,
    1.19293677e+03, 4.31543060e+02, 1.22276196e+03, 4.51964539e+02,
    1.02363666e+03, 3.55316711e+02, 1.05342883e+03, 3.75571991e+02,
    1.08298706e+03, 3.95913422e+02, 1.11253113e+03, 4.15949219e+02,
    1.14178125e+03, 4.36054260e+02, 1.17122424e+03, 4.56033173e+02,
    1.20043384e+03, 4.75932037e+02, 1.00567560e+03, 3.81168701e+02,
    1.03484399e+03, 4.01036865e+02, 1.06386072e+03, 4.20796265e+02,
    1.09276892e+03, 4.40439880e+02, 1.12143066e+03, 4.59898926e+02,
    1.15028333e+03, 4.79468781e+02, 1.17898792e+03, 4.98926849e+02,
    9.88477661e+02, 4.06095581e+02, 1.01703082e+03, 4.25497925e+02,
    1.04555383e+03, 4.44681061e+02, 1.07380981e+03, 4.63845276e+02,
    1.10212122e+03, 4.82942261e+02, 1.13026147e+03, 5.02029907e+02,
    1.15846814e+03, 5.21000610e+02 ]
