%YAML:1.0
---
points: [ 2.60681213e+02, 1.55804703e+02, 2.51424103e+02, 1.57399094e+02,
    2.42037094e+02, 1.58867859e+02, 2.32802872e+02, 1.60283081e+02,
    2.23462372e+02, 1.61835358e+02, 2.14239792e+02, 1.63369034e+02,
    2.04958359e+02, 1.64791962e+02, 2.59318024e+02, 1.46985092e+02,
    2.49849670e+02, 1.48510498e+02, 2.40365936e+02, 1.50024673e+02,
    2.30967896e+02, 1.51561447e+02, 2.21602676e+02, 1.53046539e+02,
    2.12168976e+02, 1.54514908e+02, 2.02755173e+02, 1.55958969e+02,
    2.57908417e+02, 1.37785522e+02, 2.48258316e+02, 1.39351700e+02,
    2.38611237e+02, 1.40943222e+02, 2.29113388e+02, 1.42477173e+02,
    2.19531723e+02, 1.43928665e+02, 2.10034576e+02, 1.45526871e+02,
    2.00515564e+02, 1.47056625e+02, 2.56373169e+02, 1.28336380e+02,
    2.46549118e+02, 1.29918015e+02, 2.36908463e+02, 1.31561493e+02,
    2.27152725e+02, 1.33113815e+02, 2.17486099e+02, 1.34716568e+02,
    2.07876007e+02, 1.36238907e+02, 1.98182999e+02, 1.37778290e+02,
    2.54783035e+02, 1.18602188e+02, 2.44914261e+02, 1.20226845e+02,
    2.35021286e+02, 1.21794334e+02, 2.25190796e+02, 1.23424194e+02,
    2.15318283e+02, 1.25038223e+02, 2.05584045e+02, 1.26662186e+02,
    1.95744247e+02, 1.28239288e+02, 2.53210464e+02, 1.08490425e+02,
    2.43178604e+02, 1.10146461e+02, 2.33161224e+02, 1.11837502e+02,
    2.23156769e+02, 1.13488792e+02, 2.13200241e+02, 1.15072327e+02,
    2.03204849e+02, 1.16745514e+02, 1.93319641e+02, 1.18361473e+02,
    2.51548920e+02, 9.81906738e+01, 2.41364441e+02, 9.97544250e+01,
    2.31163818e+02, 1.01555115e+02, 2.21088989e+02, 1.03302795e+02,
    2.10940460e+02, 1.04941055e+02, 2.00837585e+02, 1.06611084e+02,
    1.90748550e+02, 1.08279701e+02, 2.49898636e+02, 8.75932159e+01,
    2.39514725e+02, 8.92867661e+01, 2.29187714e+02, 9.08610764e+01,
    2.18908539e+02, 9.27208023e+01, 2.08621689e+02, 9.44864883e+01,
    1.98371292e+02, 9.61924362e+01, 1.88164215e+02, 9.78972321e+01,
    2.48186279e+02, 7.65175018e+01, 2.37621658e+02, 7.83937073e+01,
    2.27145874e+02, 8.01029587e+01, 2.16665070e+02, 8.17880402e+01,
    2.06171677e+02, 8.36218185e+01, 1.95878601e+02, 8.54016190e+01,
    1.85405609e+02, 8.71167297e+01 ]
