%YAML:1.0
---
points: [ 2.58132294e+02, 1.26561516e+02, 2.48941681e+02, 1.27461411e+02,
    2.39626114e+02, 1.28483246e+02, 2.30568924e+02, 1.29412491e+02,
    2.21334015e+02, 1.30350433e+02, 2.12235031e+02, 1.31292969e+02,
    2.03102844e+02, 1.32263046e+02, 2.57086304e+02, 1.17644699e+02,
    2.47582764e+02, 1.18669441e+02, 2.38299225e+02, 1.19635193e+02,
    2.28964539e+02, 1.20696915e+02, 2.19669510e+02, 1.21607903e+02,
    2.10327133e+02, 1.22594765e+02, 2.01150696e+02, 1.23506226e+02,
    2.55946350e+02, 1.08439301e+02, 2.46377441e+02, 1.09521881e+02,
    2.36809677e+02, 1.10535683e+02, 2.27341400e+02, 1.11622444e+02,
    2.17886932e+02, 1.12552155e+02, 2.08444885e+02, 1.13636566e+02,
    1.99071228e+02, 1.14545898e+02, 2.54769440e+02, 9.89930801e+01,
    2.44957291e+02, 1.00015587e+02, 2.35371292e+02, 1.01135506e+02,
    2.25635773e+02, 1.02131111e+02, 2.16133011e+02, 1.03302017e+02,
    2.06413773e+02, 1.04305046e+02, 1.96992218e+02, 1.05284248e+02,
    2.53454727e+02, 8.92083359e+01, 2.43641129e+02, 9.02149887e+01,
    2.33777267e+02, 9.13242416e+01, 2.24003555e+02, 9.24688034e+01,
    2.14176117e+02, 9.35735550e+01, 2.04472809e+02, 9.46277542e+01,
    1.94773758e+02, 9.57567825e+01, 2.52248718e+02, 7.88907700e+01,
    2.42185440e+02, 8.01683884e+01, 2.32178055e+02, 8.12381210e+01,
    2.22175140e+02, 8.24361267e+01, 2.12218826e+02, 8.35135345e+01,
    2.02331390e+02, 8.47233429e+01, 1.92517090e+02, 8.58832321e+01,
    2.50983276e+02, 6.85232086e+01, 2.40679993e+02, 6.96569061e+01,
    2.30566238e+02, 7.09444962e+01, 2.20349289e+02, 7.20451431e+01,
    2.10292923e+02, 7.33004684e+01, 2.00208817e+02, 7.43964996e+01,
    1.90228333e+02, 7.56053467e+01, 2.49550659e+02, 5.75744553e+01,
    2.39241882e+02, 5.90292892e+01, 2.28759720e+02, 6.01805687e+01,
    2.18528030e+02, 6.14375534e+01, 2.08246582e+02, 6.25231438e+01,
    1.98057999e+02, 6.38914680e+01, 1.87849045e+02, 6.52341309e+01,
    2.48331558e+02, 4.64710732e+01, 2.37486328e+02, 4.77840843e+01,
    2.27173615e+02, 4.90380363e+01, 2.16524597e+02, 5.02310104e+01,
    2.06179001e+02, 5.17298050e+01, 1.95739838e+02, 5.30224190e+01,
    1.85396576e+02, 5.41946487e+01 ]
