%YAML:1.0
---
points: [ 5.53862549e+02, 2.51117371e+02, 5.69495850e+02, 2.83276917e+02,
    5.84560730e+02, 3.14158295e+02, 5.99190247e+02, 3.43922058e+02,
    6.13290344e+02, 3.72879089e+02, 6.26785034e+02, 4.00822906e+02,
    6.40242737e+02, 4.28187897e+02, 5.21483582e+02, 2.61307892e+02,
    5.37617676e+02, 2.93147125e+02, 5.53195007e+02, 3.23744415e+02,
    5.68353088e+02, 3.53680542e+02, 5.82793640e+02, 3.82341797e+02,
    5.96848938e+02, 4.10240051e+02, 6.10531494e+02, 4.37131622e+02,
    4.89247406e+02, 2.71372253e+02, 5.05651001e+02, 3.02974426e+02,
    5.21887451e+02, 3.33649719e+02, 5.37440552e+02, 3.63145538e+02,
    5.52451416e+02, 3.91777069e+02, 5.66949585e+02, 4.19438721e+02,
    5.81014893e+02, 4.46315735e+02, 4.56791595e+02, 2.81412994e+02,
    4.74067505e+02, 3.13012817e+02, 4.90475250e+02, 3.43216370e+02,
    5.06439789e+02, 3.72623749e+02, 5.21984375e+02, 4.01050629e+02,
    5.37086487e+02, 4.28769409e+02, 5.51532043e+02, 4.55419037e+02,
    4.24543854e+02, 2.91631683e+02, 4.42046234e+02, 3.22692505e+02,
    4.59204102e+02, 3.53178833e+02, 4.75538757e+02, 3.82265533e+02,
    4.91561127e+02, 4.10523010e+02, 5.06995575e+02, 4.37661011e+02,
    5.22059509e+02, 4.64563782e+02, 3.92224854e+02, 3.01639923e+02,
    4.10322754e+02, 3.32892151e+02, 4.27589844e+02, 3.62690094e+02,
    4.44719482e+02, 3.91865784e+02, 4.61053497e+02, 4.19812103e+02,
    4.77054230e+02, 4.47179657e+02, 4.92423401e+02, 4.73488525e+02,
    3.60302429e+02, 3.12033783e+02, 3.78526733e+02, 3.42617310e+02,
    3.96535675e+02, 3.72458344e+02, 4.14015228e+02, 4.01267334e+02,
    4.30767181e+02, 4.29272156e+02, 4.47164795e+02, 4.56191223e+02,
    4.62988373e+02, 4.82453430e+02, 3.28067230e+02, 3.21853973e+02,
    3.47054504e+02, 3.52600891e+02, 3.65420227e+02, 3.82157898e+02,
    3.83348633e+02, 4.10850159e+02, 4.00550262e+02, 4.38466034e+02,
    4.17424805e+02, 4.65471893e+02, 4.33541260e+02, 4.91395508e+02,
    2.96283478e+02, 3.32421692e+02, 3.15433685e+02, 3.62525421e+02,
    3.34486237e+02, 3.92046356e+02, 3.52526611e+02, 4.20377106e+02,
    3.70387970e+02, 4.47893921e+02, 3.87509460e+02, 4.74531433e+02,
    4.04246857e+02, 5.00533936e+02 ]
