%YAML:1.0
---
points: [ 8.98535400e+02, 2.77940033e+02, 8.71397644e+02, 2.80887024e+02,
    8.44303650e+02, 2.83596191e+02, 8.17407898e+02, 2.86480072e+02,
    7.90522461e+02, 2.89117218e+02, 7.63545288e+02, 2.91924469e+02,
    7.36862244e+02, 2.94492310e+02, 8.94362976e+02, 2.51632187e+02,
    8.66610352e+02, 2.54707199e+02, 8.39205688e+02, 2.57508179e+02,
    8.11791382e+02, 2.60492401e+02, 7.84480103e+02, 2.63241486e+02,
    7.57250610e+02, 2.66018768e+02, 7.30107178e+02, 2.68790741e+02,
    8.90100037e+02, 2.24534698e+02, 8.61870728e+02, 2.27751083e+02,
    8.33723511e+02, 2.30573822e+02, 8.06195007e+02, 2.33581223e+02,
    7.78331604e+02, 2.36458740e+02, 7.50555359e+02, 2.39447006e+02,
    7.22903137e+02, 2.42261200e+02, 8.85553833e+02, 1.96674057e+02,
    8.56886353e+02, 1.99661316e+02, 8.28479309e+02, 2.02872070e+02,
    8.00286316e+02, 2.05813889e+02, 7.71864197e+02, 2.08844086e+02,
    7.43751770e+02, 2.11981003e+02, 7.15618530e+02, 2.14818497e+02,
    8.80712585e+02, 1.67494415e+02, 8.51745056e+02, 1.70712738e+02,
    8.22774292e+02, 1.73851776e+02, 7.94063904e+02, 1.77036972e+02,
    7.65259338e+02, 1.80341843e+02, 7.36529358e+02, 1.83244415e+02,
    7.08070740e+02, 1.86389038e+02, 8.75911926e+02, 1.37440613e+02,
    8.46359192e+02, 1.40524658e+02, 8.17009888e+02, 1.44046829e+02,
    7.87492859e+02, 1.47232361e+02, 7.58412598e+02, 1.50447311e+02,
    7.29217041e+02, 1.53686035e+02, 7.00259521e+02, 1.56816727e+02,
    8.70782104e+02, 1.06125237e+02, 8.40803894e+02, 1.09383629e+02,
    8.10938721e+02, 1.12981789e+02, 7.81052368e+02, 1.16385483e+02,
    7.51266418e+02, 1.19719048e+02, 7.21677734e+02, 1.23174004e+02,
    6.92071045e+02, 1.26472786e+02, 8.65691223e+02, 7.36560593e+01,
    8.35032532e+02, 7.72825775e+01, 8.04588562e+02, 8.09033203e+01,
    7.74326782e+02, 8.44299088e+01, 7.44023804e+02, 8.78085785e+01,
    7.13747009e+02, 9.15507126e+01, 6.83920532e+02, 9.49184494e+01,
    8.60277771e+02, 3.99431839e+01, 8.29201050e+02, 4.38532143e+01,
    7.97910583e+02, 4.76321030e+01, 7.67289429e+02, 5.12546997e+01,
    7.36458313e+02, 5.49242249e+01, 7.05809082e+02, 5.88000908e+01,
    6.75277344e+02, 6.23862267e+01 ]
