%YAML:1.0
---
points: [ 1.60311600e+02, 7.37359390e+01, 1.72744644e+02, 7.36768646e+01,
    1.85196365e+02, 7.37269287e+01, 1.97610672e+02, 7.38165970e+01,
    2.10013245e+02, 7.40420990e+01, 2.22514175e+02, 7.42205353e+01,
    2.34899094e+02, 7.42820816e+01, 1.62526352e+02, 8.55217514e+01,
    1.74654129e+02, 8.55343475e+01, 1.86847946e+02, 8.56417770e+01,
    1.98971222e+02, 8.56817322e+01, 2.11139542e+02, 8.58553314e+01,
    2.23186996e+02, 8.60207825e+01, 2.35470428e+02, 8.61227646e+01,
    1.64638885e+02, 9.66494675e+01, 1.76525116e+02, 9.68286591e+01,
    1.88347275e+02, 9.68297806e+01, 2.00312622e+02, 9.70109177e+01,
    2.12088257e+02, 9.71445694e+01, 2.23954453e+02, 9.72549515e+01,
    2.35812347e+02, 9.73763809e+01, 1.66686905e+02, 1.07414894e+02,
    1.78249832e+02, 1.07472183e+02, 1.89901306e+02, 1.07601929e+02,
    2.01541229e+02, 1.07789696e+02, 2.13125427e+02, 1.08007957e+02,
    2.24694504e+02, 1.08211098e+02, 2.36216354e+02, 1.08259872e+02,
    1.68634506e+02, 1.17608612e+02, 1.80036896e+02, 1.17792145e+02,
    1.91326935e+02, 1.18079185e+02, 2.02733734e+02, 1.18202866e+02,
    2.14014969e+02, 1.18327522e+02, 2.25337479e+02, 1.18368912e+02,
    2.36640060e+02, 1.18581795e+02, 1.70599884e+02, 1.27568092e+02,
    1.81666809e+02, 1.27754433e+02, 1.92769516e+02, 1.27880745e+02,
    2.03809738e+02, 1.27983330e+02, 2.14971054e+02, 1.28080338e+02,
    2.25950104e+02, 1.28218643e+02, 2.37072159e+02, 1.28322510e+02,
    1.72302399e+02, 1.36890991e+02, 1.83235367e+02, 1.37069153e+02,
    1.94069717e+02, 1.37225067e+02, 2.04913666e+02, 1.37325195e+02,
    2.15746750e+02, 1.37471878e+02, 2.26555420e+02, 1.37595596e+02,
    2.37384644e+02, 1.37696075e+02, 1.74080002e+02, 1.45909897e+02,
    1.84765488e+02, 1.46075012e+02, 1.95394470e+02, 1.46220917e+02,
    2.05956802e+02, 1.46301437e+02, 2.16648727e+02, 1.46312744e+02,
    2.27109406e+02, 1.46464005e+02, 2.37800812e+02, 1.46555313e+02,
    1.75759613e+02, 1.54653137e+02, 1.86190384e+02, 1.54722366e+02,
    1.96534073e+02, 1.54761978e+02, 2.07066422e+02, 1.54968918e+02,
    2.17325562e+02, 1.55130310e+02, 2.27729218e+02, 1.55208649e+02,
    2.37991653e+02, 1.55278336e+02 ]
