%YAML:1.0
---
points: [ 2.08817490e+02, 6.17678719e+01, 2.20522186e+02, 6.20830345e+01,
    2.32285782e+02, 6.23121490e+01, 2.43913834e+02, 6.25302925e+01,
    2.55851379e+02, 6.29473610e+01, 2.67740631e+02, 6.32785835e+01,
    2.79749939e+02, 6.34971542e+01, 2.10039276e+02, 7.32500916e+01,
    2.21478668e+02, 7.35105591e+01, 2.32949326e+02, 7.39097977e+01,
    2.44517136e+02, 7.42045975e+01, 2.55935425e+02, 7.42930222e+01,
    2.67662567e+02, 7.47306519e+01, 2.79322601e+02, 7.51690903e+01,
    2.11213943e+02, 8.40685883e+01, 2.22375717e+02, 8.43307800e+01,
    2.33616882e+02, 8.48731613e+01, 2.44854630e+02, 8.52284698e+01,
    2.56115265e+02, 8.54209671e+01, 2.67579895e+02, 8.58195801e+01,
    2.78846313e+02, 8.62597198e+01, 2.12350113e+02, 9.45541382e+01,
    2.23263412e+02, 9.49872437e+01, 2.34234161e+02, 9.52874374e+01,
    2.45252182e+02, 9.56725769e+01, 2.56292633e+02, 9.61637802e+01,
    2.67384644e+02, 9.64179001e+01, 2.78543671e+02, 9.67807312e+01,
    2.13410110e+02, 1.04649437e+02, 2.24167496e+02, 1.05164261e+02,
    2.34776550e+02, 1.05378578e+02, 2.45648483e+02, 1.05833817e+02,
    2.56384796e+02, 1.06142670e+02, 2.67291626e+02, 1.06427986e+02,
    2.78153595e+02, 1.07035789e+02, 2.14520813e+02, 1.14345879e+02,
    2.24928268e+02, 1.14659737e+02, 2.35523117e+02, 1.15122177e+02,
    2.45928040e+02, 1.15388496e+02, 2.56640625e+02, 1.15884590e+02,
    2.67132019e+02, 1.16232727e+02, 2.77808899e+02, 1.16507919e+02,
    2.15475494e+02, 1.23422775e+02, 2.25744873e+02, 1.23958244e+02,
    2.35974869e+02, 1.24305824e+02, 2.46344543e+02, 1.24757385e+02,
    2.56648682e+02, 1.25137970e+02, 2.67006348e+02, 1.25347481e+02,
    2.77422150e+02, 1.25872536e+02, 2.16472305e+02, 1.32289276e+02,
    2.26450455e+02, 1.32751114e+02, 2.36665894e+02, 1.33223007e+02,
    2.46653336e+02, 1.33572495e+02, 2.56803284e+02, 1.33950333e+02,
    2.66958282e+02, 1.34313858e+02, 2.77124878e+02, 1.34628510e+02,
    2.17389099e+02, 1.40890854e+02, 2.27290146e+02, 1.41306595e+02,
    2.37080002e+02, 1.41601440e+02, 2.46983337e+02, 1.42084473e+02,
    2.56861908e+02, 1.42329712e+02, 2.66942810e+02, 1.42728317e+02,
    2.76818390e+02, 1.43258163e+02 ]
