%YAML:1.0
---
points: [ 2.31885239e+02, 6.06074982e+01, 2.37455322e+02, 6.93852005e+01,
    2.42914841e+02, 7.80694046e+01, 2.48192154e+02, 8.66066895e+01,
    2.53313126e+02, 9.47823792e+01, 2.58303467e+02, 1.02825485e+02,
    2.63242889e+02, 1.10637291e+02, 2.23750900e+02, 6.66334610e+01,
    2.29406601e+02, 7.54457626e+01, 2.34963974e+02, 8.40902023e+01,
    2.40338486e+02, 9.24040985e+01, 2.45574814e+02, 1.00596893e+02,
    2.50717392e+02, 1.08550385e+02, 2.55679352e+02, 1.16257439e+02,
    2.15626953e+02, 7.27449722e+01, 2.21480942e+02, 8.15524216e+01,
    2.27104446e+02, 8.99363708e+01, 2.32600739e+02, 9.82908554e+01,
    2.37922363e+02, 1.06377266e+02, 2.43150604e+02, 1.14190819e+02,
    2.48224335e+02, 1.21826332e+02, 2.07609360e+02, 7.88257446e+01,
    2.13500626e+02, 8.74153137e+01, 2.19267609e+02, 9.59014359e+01,
    2.24906601e+02, 1.04072655e+02, 2.30319931e+02, 1.12034035e+02,
    2.35589706e+02, 1.19816132e+02, 2.40704727e+02, 1.27376053e+02,
    1.99582642e+02, 8.48557587e+01, 2.05586472e+02, 9.34348297e+01,
    2.11431580e+02, 1.01746414e+02, 2.17150940e+02, 1.09866165e+02,
    2.22654449e+02, 1.17759293e+02, 2.28056595e+02, 1.25458855e+02,
    2.33278412e+02, 1.32905060e+02, 1.91501297e+02, 9.09122543e+01,
    1.97690643e+02, 9.93445511e+01, 2.03648819e+02, 1.07563789e+02,
    2.09412460e+02, 1.15582214e+02, 2.15097382e+02, 1.23403236e+02,
    2.20549820e+02, 1.30964386e+02, 2.25839218e+02, 1.38390335e+02,
    1.83707520e+02, 9.69130249e+01, 1.89868759e+02, 1.05314690e+02,
    1.95921982e+02, 1.13375435e+02, 2.01817398e+02, 1.21337578e+02,
    2.07526871e+02, 1.29013901e+02, 2.13089523e+02, 1.36522888e+02,
    2.18486099e+02, 1.43728745e+02, 1.75701813e+02, 1.02946388e+02,
    1.82052368e+02, 1.11123421e+02, 1.88180542e+02, 1.19180595e+02,
    1.94150696e+02, 1.27008469e+02, 1.99952713e+02, 1.34590988e+02,
    2.05665909e+02, 1.41958405e+02, 2.11073059e+02, 1.49183273e+02,
    1.67895279e+02, 1.08854942e+02, 1.74177292e+02, 1.17033867e+02,
    1.80497055e+02, 1.24984543e+02, 1.86606796e+02, 1.32666794e+02,
    1.92462692e+02, 1.40178787e+02, 1.98242966e+02, 1.47483780e+02,
    2.03814911e+02, 1.54557541e+02 ]
