%YAML:1.0
---
points: [ 8.16278625e+02, 8.19385910e+01, 8.33633850e+02, 1.08653313e+02,
    8.50684387e+02, 1.34580643e+02, 8.67187073e+02, 1.59747314e+02,
    8.83214478e+02, 1.84278809e+02, 8.98718628e+02, 2.08120544e+02,
    9.13819092e+02, 2.31255066e+02, 7.92334961e+02, 1.00208313e+02,
    8.10197571e+02, 1.26536682e+02, 8.27444214e+02, 1.52192780e+02,
    8.44325012e+02, 1.77149292e+02, 8.60530823e+02, 2.01298523e+02,
    8.76403442e+02, 2.24837326e+02, 8.91795105e+02, 2.47682556e+02,
    7.68661865e+02, 1.18261620e+02, 7.86693420e+02, 1.44354645e+02,
    8.04406677e+02, 1.69678391e+02, 8.21501892e+02, 1.94260620e+02,
    8.38120300e+02, 2.18222794e+02, 8.54207153e+02, 2.41459534e+02,
    8.69936157e+02, 2.64146881e+02, 7.44974609e+02, 1.36303986e+02,
    7.63447144e+02, 1.62098419e+02, 7.81335754e+02, 1.87102036e+02,
    7.98790100e+02, 2.11442703e+02, 8.15551392e+02, 2.35062531e+02,
    8.32076111e+02, 2.58117340e+02, 8.47986816e+02, 2.80397156e+02,
    7.21480469e+02, 1.54209457e+02, 7.40166992e+02, 1.79617035e+02,
    7.58395752e+02, 2.04453369e+02, 7.76078918e+02, 2.28430725e+02,
    7.93256470e+02, 2.51777344e+02, 8.09847168e+02, 2.74420776e+02,
    8.26202576e+02, 2.96566162e+02, 6.97878723e+02, 1.71996262e+02,
    7.17004028e+02, 1.97235184e+02, 7.35451660e+02, 2.21566376e+02,
    7.53471863e+02, 2.45362457e+02, 7.70827759e+02, 2.68406006e+02,
    7.87915161e+02, 2.90893707e+02, 8.04328186e+02, 3.12639893e+02,
    6.74606323e+02, 1.89684814e+02, 6.93892883e+02, 2.14499008e+02,
    7.12795715e+02, 2.38716644e+02, 7.30984131e+02, 2.62108948e+02,
    7.48762695e+02, 2.84906738e+02, 7.65890259e+02, 3.07082825e+02,
    7.82695862e+02, 3.28593658e+02, 6.51310730e+02, 2.07307480e+02,
    6.70924927e+02, 2.31887711e+02, 6.89940857e+02, 2.55617432e+02,
    7.08630249e+02, 2.78942932e+02, 7.26558533e+02, 3.01298584e+02,
    7.44107422e+02, 3.23242493e+02, 7.61043518e+02, 3.44467773e+02,
    6.28075317e+02, 2.24885345e+02, 6.47911011e+02, 2.49099854e+02,
    6.67371643e+02, 2.72629730e+02, 6.86166504e+02, 2.95474731e+02,
    7.04495117e+02, 3.17678986e+02, 7.22185730e+02, 3.39304901e+02,
    7.39487427e+02, 3.60394135e+02 ]
