%YAML:1.0
---
points: [ 1.07855396e+03, 3.92746918e+02, 1.05114282e+03, 4.34440247e+02,
    1.02505896e+03, 4.74200226e+02, 1.00022308e+03, 5.12062073e+02,
    9.76426636e+02, 5.48340210e+02, 9.53546997e+02, 5.83057068e+02,
    9.31624878e+02, 6.16436584e+02, 1.03321289e+03, 3.69844604e+02,
    1.00656879e+03, 4.12522888e+02, 9.81241821e+02, 4.53322662e+02,
    9.56984863e+02, 4.92221436e+02, 9.33820007e+02, 5.29280334e+02,
    9.11683533e+02, 5.64859131e+02, 8.90423706e+02, 5.99104309e+02,
    9.86811462e+02, 3.46432678e+02, 9.60923950e+02, 3.90226349e+02,
    9.36407776e+02, 4.31952576e+02, 9.12874634e+02, 4.71756134e+02,
    8.90394043e+02, 5.09765411e+02, 8.68774658e+02, 5.46299072e+02,
    8.48157471e+02, 5.81312744e+02, 9.39210327e+02, 3.22259979e+02,
    9.14209900e+02, 3.67332306e+02, 8.90327332e+02, 4.10123505e+02,
    8.67572327e+02, 4.50952484e+02, 8.45793579e+02, 4.89732880e+02,
    8.24864380e+02, 5.27172974e+02, 8.04767212e+02, 5.62939270e+02,
    8.90101257e+02, 2.97273956e+02, 8.65872925e+02, 3.43434357e+02,
    8.42921692e+02, 3.87480896e+02, 8.20877686e+02, 4.29302582e+02,
    7.99858826e+02, 4.69208801e+02, 7.79652405e+02, 5.07344269e+02,
    7.60315491e+02, 5.44043701e+02, 8.39488281e+02, 2.71346863e+02,
    8.16304688e+02, 3.19054504e+02, 7.94057800e+02, 3.63982269e+02,
    7.72997253e+02, 4.07045715e+02, 7.52681763e+02, 4.47860687e+02,
    7.33341797e+02, 4.87107330e+02, 7.14654541e+02, 5.24551514e+02,
    7.87646606e+02, 2.44737137e+02, 7.65375366e+02, 2.93636383e+02,
    7.44223145e+02, 3.40256378e+02, 7.23850952e+02, 3.84202759e+02,
    7.04471252e+02, 4.26345886e+02, 6.85811523e+02, 4.66265137e+02,
    6.68112427e+02, 5.04749390e+02, 7.33778320e+02, 2.17067291e+02,
    7.12618347e+02, 2.67501892e+02, 6.92428528e+02, 3.15261292e+02,
    6.73167786e+02, 3.60610626e+02, 6.54598450e+02, 4.03573975e+02,
    6.37033875e+02, 4.44808319e+02, 6.19826782e+02, 4.83939545e+02,
    6.78479553e+02, 1.88827515e+02, 6.58218811e+02, 2.40495148e+02,
    6.39204529e+02, 2.89611389e+02, 6.20617920e+02, 3.36183350e+02,
    6.03273804e+02, 3.80441376e+02, 5.86507812e+02, 4.22595795e+02,
    5.70389160e+02, 4.63033783e+02 ]
