%YAML:1.0
---
points: [ 9.89895691e+02, 2.32510086e+02, 9.73787292e+02, 2.56810730e+02,
    9.58305115e+02, 2.80488708e+02, 9.43138184e+02, 3.03545685e+02,
    9.28253784e+02, 3.25936340e+02, 9.13680847e+02, 3.47951172e+02,
    8.99569153e+02, 3.69367096e+02, 9.65558044e+02, 2.16519531e+02,
    9.49771606e+02, 2.41110153e+02, 9.34358948e+02, 2.65219910e+02,
    9.19453735e+02, 2.88546875e+02, 9.04605469e+02, 3.11429413e+02,
    8.90409058e+02, 3.33580475e+02, 8.76388489e+02, 3.55412323e+02,
    9.40948669e+02, 2.00219421e+02, 9.25285889e+02, 2.25318741e+02,
    9.10085022e+02, 2.49646805e+02, 8.95282776e+02, 2.73421082e+02,
    8.80766174e+02, 2.96525696e+02, 8.66620117e+02, 3.19241943e+02,
    8.52800659e+02, 3.41319122e+02, 9.15925049e+02, 1.83706299e+02,
    9.00561768e+02, 2.09222260e+02, 8.85483643e+02, 2.34001495e+02,
    8.70926697e+02, 2.58033600e+02, 8.56559021e+02, 2.81503296e+02,
    8.42649109e+02, 3.04586731e+02, 8.28950928e+02, 3.26909912e+02,
    8.90454041e+02, 1.66796051e+02, 8.75234436e+02, 1.92661728e+02,
    8.60510437e+02, 2.17794479e+02, 8.45927856e+02, 2.42358307e+02,
    8.31930786e+02, 2.66295563e+02, 8.18234497e+02, 2.89507874e+02,
    8.04746216e+02, 3.12289337e+02, 8.64464172e+02, 1.49649597e+02,
    8.49604980e+02, 1.75861588e+02, 8.34828491e+02, 2.01487061e+02,
    8.20641968e+02, 2.26337814e+02, 8.06735962e+02, 2.50573425e+02,
    7.93282715e+02, 2.74287476e+02, 7.79959656e+02, 2.97348663e+02,
    8.38281311e+02, 1.32194153e+02, 8.23457092e+02, 1.58812454e+02,
    8.09142151e+02, 1.84869049e+02, 7.94990479e+02, 2.10081940e+02,
    7.81489868e+02, 2.34784866e+02, 7.67915710e+02, 2.58819336e+02,
    7.55073059e+02, 2.82356903e+02, 8.11400635e+02, 1.14410355e+02,
    7.97035095e+02, 1.41575302e+02, 7.82760254e+02, 1.67832916e+02,
    7.69022095e+02, 1.93652466e+02, 7.55523438e+02, 2.18619385e+02,
    7.42410217e+02, 2.43130005e+02, 7.29598328e+02, 2.66848694e+02,
    7.84299255e+02, 9.63204269e+01, 7.69876160e+02, 1.23764885e+02,
    7.56080261e+02, 1.50703674e+02, 7.42347656e+02, 1.76763947e+02,
    7.29300842e+02, 2.02347488e+02, 7.16202026e+02, 2.27151566e+02,
    7.03689758e+02, 2.51384384e+02 ]
