%YAML:1.0
---
points: [ 2.90241547e+02, 1.11086700e+02, 2.84494354e+02, 1.19221893e+02,
    2.78963348e+02, 1.27362068e+02, 2.73527710e+02, 1.35188644e+02,
    2.68239105e+02, 1.42829605e+02, 2.63119263e+02, 1.50233719e+02,
    2.58071625e+02, 1.57623871e+02, 2.82119812e+02, 1.05629639e+02,
    2.76414459e+02, 1.14075821e+02, 2.71012421e+02, 1.22148987e+02,
    2.65623993e+02, 1.30121033e+02, 2.60426483e+02, 1.37833939e+02,
    2.55321106e+02, 1.45434097e+02, 2.50325668e+02, 1.52770859e+02,
    2.73966522e+02, 1.00209534e+02, 2.68328217e+02, 1.08670357e+02,
    2.62894226e+02, 1.16987129e+02, 2.57646057e+02, 1.24937370e+02,
    2.52494751e+02, 1.32851517e+02, 2.47377945e+02, 1.40564377e+02,
    2.42512497e+02, 1.48055557e+02, 2.65569427e+02, 9.46029739e+01,
    2.60084229e+02, 1.03216080e+02, 2.54748215e+02, 1.11629288e+02,
    2.49552200e+02, 1.19800842e+02, 2.44397842e+02, 1.27799568e+02,
    2.39390350e+02, 1.35589691e+02, 2.34562943e+02, 1.43166428e+02,
    2.57162476e+02, 8.90061798e+01, 2.51670273e+02, 9.76483154e+01,
    2.46392288e+02, 1.06237450e+02, 2.41204498e+02, 1.14495827e+02,
    2.36192200e+02, 1.22620758e+02, 2.31263458e+02, 1.30533447e+02,
    2.26508438e+02, 1.38227966e+02, 2.48442474e+02, 8.31222534e+01,
    2.43166702e+02, 9.20369720e+01, 2.37895355e+02, 1.00645050e+02,
    2.32773849e+02, 1.09129913e+02, 2.27851486e+02, 1.17339180e+02,
    2.22987183e+02, 1.25418167e+02, 2.18258621e+02, 1.33193161e+02,
    2.39808777e+02, 7.73273239e+01, 2.34429611e+02, 8.62840042e+01,
    2.29300827e+02, 9.51286469e+01, 2.24287170e+02, 1.03639534e+02,
    2.19352417e+02, 1.12003143e+02, 2.14621552e+02, 1.20134018e+02,
    2.09973404e+02, 1.28159256e+02, 2.30924026e+02, 7.14182892e+01,
    2.25706238e+02, 8.05127182e+01, 2.20606857e+02, 8.93846359e+01,
    2.15612976e+02, 9.81301270e+01, 2.10806412e+02, 1.06576805e+02,
    2.06128540e+02, 1.14880798e+02, 2.01518967e+02, 1.22921043e+02,
    2.21881271e+02, 6.53221207e+01, 2.16739700e+02, 7.46376419e+01,
    2.11741791e+02, 8.37160492e+01, 2.06833313e+02, 9.24446793e+01,
    2.02105927e+02, 1.01073868e+02, 1.97421677e+02, 1.09479286e+02,
    1.92927597e+02, 1.17699150e+02 ]
