%YAML:1.0
---
points: [ 1.43371973e+03, 5.74145020e+02, 1.39439587e+03, 6.20157593e+02,
    1.35594104e+03, 6.65227478e+02, 1.31809741e+03, 7.09871094e+02,
    1.28096350e+03, 7.53564880e+02, 1.24434961e+03, 7.97055969e+02,
    1.20832996e+03, 8.39775757e+02, 1.38458325e+03, 5.42326965e+02,
    1.34713733e+03, 5.86830444e+02, 1.31006091e+03, 6.30711487e+02,
    1.27380078e+03, 6.73822449e+02, 1.23822009e+03, 7.16518066e+02,
    1.20307886e+03, 7.58508179e+02, 1.16841284e+03, 8.00282349e+02,
    1.33887622e+03, 5.12489868e+02, 1.30288135e+03, 5.55816833e+02,
    1.26742578e+03, 5.98503296e+02, 1.23263525e+03, 6.40514648e+02,
    1.19843005e+03, 6.81821289e+02, 1.16465088e+03, 7.22756348e+02,
    1.13139221e+03, 7.63342224e+02, 1.29605603e+03, 4.84598938e+02,
    1.26150293e+03, 5.26707703e+02, 1.22746851e+03, 5.68319031e+02,
    1.19399268e+03, 6.09262878e+02, 1.16118799e+03, 6.49473389e+02,
    1.12871082e+03, 6.89323181e+02, 1.09662341e+03, 7.28655884e+02,
    1.25597546e+03, 4.58469452e+02, 1.22265417e+03, 4.99530151e+02,
    1.19001392e+03, 5.39868835e+02, 1.15785925e+03, 5.79731995e+02,
    1.12631030e+03, 6.19086487e+02, 1.09496313e+03, 6.57945923e+02,
    1.06423694e+03, 6.96255066e+02, 1.21821680e+03, 4.33982208e+02,
    1.18628748e+03, 4.73811737e+02, 1.15479102e+03, 5.13322510e+02,
    1.12387000e+03, 5.52141602e+02, 1.09344958e+03, 5.90406677e+02,
    1.06342932e+03, 6.28271118e+02, 1.03358984e+03, 6.65687561e+02,
    1.18298560e+03, 4.10781097e+02, 1.15220740e+03, 4.49928223e+02,
    1.12183276e+03, 4.88383331e+02, 1.09207751e+03, 5.26299133e+02,
    1.06271643e+03, 5.63605042e+02, 1.03373425e+03, 6.00505615e+02,
    1.00499176e+03, 6.37192322e+02, 1.14964697e+03, 3.89103546e+02,
    1.11997156e+03, 4.27157898e+02, 1.09068542e+03, 4.64647919e+02,
    1.06196533e+03, 5.01691711e+02, 1.03359888e+03, 5.38273926e+02,
    1.00570007e+03, 5.74297852e+02, 9.77872498e+02, 6.10081970e+02,
    1.11809692e+03, 3.68355560e+02, 1.08940027e+03, 4.05511414e+02,
    1.06135010e+03, 4.42306122e+02, 1.03348938e+03, 4.78413239e+02,
    1.00617188e+03, 5.14234924e+02, 9.79038940e+02, 5.49429443e+02,
    9.52224365e+02, 5.84463318e+02 ]
