%YAML:1.0
---
points: [ 2.32316635e+02, 4.69847946e+01, 2.43917160e+02, 4.70477829e+01,
    2.55854996e+02, 4.70921173e+01, 2.67559174e+02, 4.68733139e+01,
    2.79432800e+02, 4.67098885e+01, 2.91017914e+02, 4.68655472e+01,
    3.03143738e+02, 4.70003929e+01, 2.33034058e+02, 5.79065361e+01,
    2.44655777e+02, 5.78754082e+01, 2.55906876e+02, 5.79343529e+01,
    2.67645508e+02, 5.79498596e+01, 2.78940948e+02, 5.80341301e+01,
    2.90675385e+02, 5.79905014e+01, 3.02067169e+02, 5.80024719e+01,
    2.33870605e+02, 6.85334930e+01, 2.45107239e+02, 6.85679169e+01,
    2.56270721e+02, 6.86113281e+01, 2.67533813e+02, 6.85841827e+01,
    2.78724243e+02, 6.84757538e+01, 2.89929352e+02, 6.84284134e+01,
    3.01240997e+02, 6.85757828e+01, 2.34693283e+02, 7.86747437e+01,
    2.45595886e+02, 7.86390076e+01, 2.56525116e+02, 7.86510315e+01,
    2.67470215e+02, 7.86360626e+01, 2.78387146e+02, 7.86387177e+01,
    2.89354645e+02, 7.87696915e+01, 3.00375366e+02, 7.87970200e+01,
    2.35372131e+02, 8.81965790e+01, 2.46016251e+02, 8.82359695e+01,
    2.56634491e+02, 8.82394104e+01, 2.67409119e+02, 8.82631683e+01,
    2.77965424e+02, 8.83450775e+01, 2.88839661e+02, 8.83742371e+01,
    2.99579590e+02, 8.83964157e+01, 2.36118790e+02, 9.73634109e+01,
    2.46488724e+02, 9.74986954e+01, 2.56892975e+02, 9.75341339e+01,
    2.67302826e+02, 9.75776443e+01, 2.77765839e+02, 9.76871262e+01,
    2.88181152e+02, 9.77134247e+01, 2.98781250e+02, 9.76451721e+01,
    2.36714874e+02, 1.06264526e+02, 2.46883682e+02, 1.06292381e+02,
    2.57038513e+02, 1.06331375e+02, 2.67276733e+02, 1.06320862e+02,
    2.77490021e+02, 1.06397469e+02, 2.87725250e+02, 1.06455803e+02,
    2.97982330e+02, 1.06457497e+02, 2.37487701e+02, 1.14630295e+02,
    2.47271957e+02, 1.14757103e+02, 2.57256744e+02, 1.14825417e+02,
    2.67259308e+02, 1.14894470e+02, 2.77189850e+02, 1.14902275e+02,
    2.87139282e+02, 1.14968559e+02, 2.97208221e+02, 1.15023529e+02,
    2.37988403e+02, 1.22799744e+02, 2.47725937e+02, 1.22948578e+02,
    2.57441162e+02, 1.22925400e+02, 2.67181183e+02, 1.22904724e+02,
    2.76857178e+02, 1.23038948e+02, 2.86734802e+02, 1.23032295e+02,
    2.96503784e+02, 1.23106026e+02 ]
