%YAML:1.0
---
points: [ 9.05052490e+02, 2.73193573e+02, 9.16931091e+02, 2.98976868e+02,
    9.28752808e+02, 3.24009735e+02, 9.40129517e+02, 3.48415771e+02,
    9.51317993e+02, 3.72259857e+02, 9.62181030e+02, 3.95436890e+02,
    9.72704529e+02, 4.18128754e+02, 8.79590454e+02, 2.86480835e+02,
    8.92108093e+02, 3.11979889e+02, 9.03961243e+02, 3.37034973e+02,
    9.15681641e+02, 3.61289001e+02, 9.27095093e+02, 3.84825806e+02,
    9.38269592e+02, 4.07801514e+02, 9.49159668e+02, 4.30459381e+02,
    8.54366211e+02, 2.99806641e+02, 8.66949219e+02, 3.25344421e+02,
    8.79324097e+02, 3.49933289e+02, 8.91264099e+02, 3.74042206e+02,
    9.03064331e+02, 3.97477173e+02, 9.14445251e+02, 4.20467926e+02,
    9.25539490e+02, 4.42695618e+02, 8.28997925e+02, 3.13138306e+02,
    8.41979492e+02, 3.38334991e+02, 8.54528015e+02, 3.62852661e+02,
    8.66881714e+02, 3.86717560e+02, 8.78849854e+02, 4.10184448e+02,
    8.90617310e+02, 4.32815765e+02, 9.02122925e+02, 4.55116394e+02,
    8.03523926e+02, 3.26435486e+02, 8.16686890e+02, 3.51535889e+02,
    8.29740601e+02, 3.75792694e+02, 8.42366821e+02, 3.99635895e+02,
    8.54691772e+02, 4.22708862e+02, 8.66723755e+02, 4.45467804e+02,
    8.78499817e+02, 4.67433136e+02, 7.77882141e+02, 3.39693817e+02,
    7.91623779e+02, 3.64539490e+02, 8.04788330e+02, 3.88829468e+02,
    8.17876465e+02, 4.12409943e+02, 8.30463745e+02, 4.35464172e+02,
    8.42758728e+02, 4.57812561e+02, 8.54772034e+02, 4.79754883e+02,
    7.52424683e+02, 3.52938751e+02, 7.66409607e+02, 3.77625671e+02,
    7.80082397e+02, 4.01677582e+02, 7.93323059e+02, 4.25246918e+02,
    8.06301086e+02, 4.47926208e+02, 8.18861511e+02, 4.70394562e+02,
    8.31261353e+02, 4.92101746e+02, 7.26649292e+02, 3.66187164e+02,
    7.41208374e+02, 3.90661591e+02, 7.55110168e+02, 4.14628296e+02,
    7.68696472e+02, 4.37918793e+02, 7.81994995e+02, 4.60568329e+02,
    7.94890015e+02, 4.82774872e+02, 8.07528870e+02, 5.04475372e+02,
    7.01126587e+02, 3.79440674e+02, 7.15691101e+02, 4.03812653e+02,
    7.30182556e+02, 4.27567657e+02, 7.43954041e+02, 4.50739746e+02,
    7.57645020e+02, 4.73356140e+02, 7.70877747e+02, 4.95380219e+02,
    7.83737549e+02, 5.16814636e+02 ]
