%YAML:1.0
---
points: [ 2.80502991e+02, 1.13936554e+02, 2.90110077e+02, 1.19198601e+02,
    2.99502350e+02, 1.24306557e+02, 3.09131927e+02, 1.29520782e+02,
    3.18527466e+02, 1.34579651e+02, 3.28133179e+02, 1.39823318e+02,
    3.37552368e+02, 1.44926315e+02, 2.76481384e+02, 1.22741699e+02,
    2.85770813e+02, 1.27759888e+02, 2.95085083e+02, 1.32914917e+02,
    3.04337463e+02, 1.37943268e+02, 3.13694733e+02, 1.42981400e+02,
    3.22960388e+02, 1.48013107e+02, 3.32389191e+02, 1.53068451e+02,
    2.72548126e+02, 1.31053360e+02, 2.81713501e+02, 1.36082916e+02,
    2.90734589e+02, 1.40973114e+02, 2.99922363e+02, 1.46001038e+02,
    3.08953064e+02, 1.50917358e+02, 3.18169800e+02, 1.55907227e+02,
    3.27242493e+02, 1.60870270e+02, 2.68864136e+02, 1.39166107e+02,
    2.77769745e+02, 1.44007614e+02, 2.86707123e+02, 1.48878311e+02,
    2.95621643e+02, 1.53756104e+02, 3.04613953e+02, 1.58570435e+02,
    3.13480347e+02, 1.63517868e+02, 3.22416443e+02, 1.68269180e+02,
    2.65275116e+02, 1.46835754e+02, 2.74004089e+02, 1.51685593e+02,
    2.82718384e+02, 1.56431534e+02, 2.91501923e+02, 1.61150726e+02,
    3.00218994e+02, 1.65942856e+02, 3.08992279e+02, 1.70708069e+02,
    3.17756287e+02, 1.75498657e+02, 2.61829987e+02, 1.54401276e+02,
    2.70379120e+02, 1.59036728e+02, 2.78928314e+02, 1.63667877e+02,
    2.87532898e+02, 1.68356293e+02, 2.96042389e+02, 1.72991806e+02,
    3.04678375e+02, 1.77658569e+02, 3.13281952e+02, 1.82275253e+02,
    2.58486908e+02, 1.61390976e+02, 2.66869232e+02, 1.66139511e+02,
    2.75307434e+02, 1.70663605e+02, 2.83733368e+02, 1.75172058e+02,
    2.92139160e+02, 1.79772598e+02, 3.00590790e+02, 1.84310928e+02,
    3.08987183e+02, 1.88880463e+02, 2.55345917e+02, 1.68318115e+02,
    2.63578217e+02, 1.72810287e+02, 2.71762817e+02, 1.77325150e+02,
    2.80036835e+02, 1.81780762e+02, 2.88321503e+02, 1.86282150e+02,
    2.96572723e+02, 1.90664429e+02, 3.04866669e+02, 1.95220673e+02,
    2.52109787e+02, 1.75291046e+02, 2.60493683e+02, 1.78894135e+02,
    2.68477753e+02, 1.83756165e+02, 2.76708832e+02, 1.87724564e+02,
    2.84679535e+02, 1.92595673e+02, 2.92885559e+02, 1.96603165e+02,
    3.00983704e+02, 2.01377579e+02 ]
