%YAML:1.0
---
points: [ 2.61222046e+02, 1.24815529e+02, 2.64963562e+02, 1.33679337e+02,
    2.68709045e+02, 1.42116806e+02, 2.72321686e+02, 1.50397095e+02,
    2.75830658e+02, 1.58479919e+02, 2.79250793e+02, 1.66364441e+02,
    2.82690338e+02, 1.74068710e+02, 2.52519699e+02, 1.29447220e+02,
    2.56452942e+02, 1.38124893e+02, 2.60270538e+02, 1.46581528e+02,
    2.64022491e+02, 1.54789688e+02, 2.67622040e+02, 1.62767273e+02,
    2.71175690e+02, 1.70637299e+02, 2.74655151e+02, 1.78187485e+02,
    2.44026398e+02, 1.34016907e+02, 2.48000656e+02, 1.42636841e+02,
    2.51949677e+02, 1.50947357e+02, 2.55682434e+02, 1.59108047e+02,
    2.59475983e+02, 1.67119171e+02, 2.63099640e+02, 1.74863312e+02,
    2.66712341e+02, 1.82507523e+02, 2.35336426e+02, 1.38524612e+02,
    2.39581573e+02, 1.47064255e+02, 2.43498779e+02, 1.55389832e+02,
    2.47462997e+02, 1.63508881e+02, 2.51305389e+02, 1.71382233e+02,
    2.55118912e+02, 1.79095322e+02, 2.58652283e+02, 1.86614380e+02,
    2.26772461e+02, 1.42971756e+02, 2.31033127e+02, 1.51567703e+02,
    2.35142899e+02, 1.59805115e+02, 2.39136047e+02, 1.67820755e+02,
    2.43140320e+02, 1.75668915e+02, 2.46985321e+02, 1.83340652e+02,
    2.50710724e+02, 1.90791183e+02, 2.18105072e+02, 1.47596207e+02,
    2.22462173e+02, 1.55996170e+02, 2.26734573e+02, 1.64227325e+02,
    2.30800980e+02, 1.72154755e+02, 2.34922729e+02, 1.80008209e+02,
    2.38849442e+02, 1.87642578e+02, 2.42679901e+02, 1.94980179e+02,
    2.09490051e+02, 1.52084274e+02, 2.13933578e+02, 1.60461380e+02,
    2.18317093e+02, 1.68582977e+02, 2.22509079e+02, 1.76550049e+02,
    2.26707138e+02, 1.84263641e+02, 2.30712677e+02, 1.91838364e+02,
    2.34758774e+02, 1.99183792e+02, 2.00806732e+02, 1.56561661e+02,
    2.05446960e+02, 1.64890442e+02, 2.09865829e+02, 1.72920349e+02,
    2.14271576e+02, 1.80885803e+02, 2.18499313e+02, 1.88537491e+02,
    2.22652313e+02, 1.96010818e+02, 2.26665421e+02, 2.03378998e+02,
    1.92186539e+02, 1.61017929e+02, 1.96836411e+02, 1.69316116e+02,
    2.01442627e+02, 1.77389771e+02, 2.05914474e+02, 1.85205872e+02,
    2.10284134e+02, 1.92848099e+02, 2.14514557e+02, 2.00296707e+02,
    2.18697815e+02, 2.07599457e+02 ]
