%YAML:1.0
---
points: [ 8.50623962e+02, 4.87666199e+02, 8.82514893e+02, 4.95321411e+02,
    9.16346130e+02, 5.02912750e+02, 9.52029297e+02, 5.11281433e+02,
    9.90199219e+02, 5.19852112e+02, 1.03037354e+03, 5.29122864e+02,
    1.07312378e+03, 5.39274841e+02, 8.27889343e+02, 5.25256409e+02,
    8.59632141e+02, 5.33708252e+02, 8.93485352e+02, 5.42716064e+02,
    9.28908142e+02, 5.52252441e+02, 9.66881531e+02, 5.62489990e+02,
    1.00707819e+03, 5.73312744e+02, 1.05016602e+03, 5.84736023e+02,
    8.04513306e+02, 5.63561279e+02, 8.36285889e+02, 5.73427368e+02,
    8.69777100e+02, 5.83577148e+02, 9.05247925e+02, 5.94579041e+02,
    9.42826050e+02, 6.06303162e+02, 9.83180115e+02, 6.18573853e+02,
    1.02571472e+03, 6.31697327e+02, 7.80598999e+02, 6.02768677e+02,
    8.12291931e+02, 6.13843872e+02, 8.45557373e+02, 6.25519104e+02,
    8.80775208e+02, 6.38099548e+02, 9.18465271e+02, 6.51203186e+02,
    9.58252441e+02, 6.65278442e+02, 1.00118866e+03, 6.80196472e+02,
    7.55780457e+02, 6.43585205e+02, 7.87362671e+02, 6.56031860e+02,
    8.20453857e+02, 6.69191833e+02, 8.55550415e+02, 6.83105957e+02,
    8.93126709e+02, 6.97682678e+02, 9.32859680e+02, 7.13699524e+02,
    9.75477600e+02, 7.30610474e+02, 7.30554382e+02, 6.85474426e+02,
    7.61651245e+02, 6.99298279e+02, 7.94628296e+02, 7.14119873e+02,
    8.29627136e+02, 7.29563538e+02, 8.66781128e+02, 7.46182556e+02,
    9.06481750e+02, 7.63864807e+02, 9.48831604e+02, 7.82840088e+02,
    7.04481262e+02, 7.28821411e+02, 7.35312866e+02, 7.44195251e+02,
    7.68118103e+02, 7.60463745e+02, 8.02760864e+02, 7.77671936e+02,
    8.39753296e+02, 7.96058716e+02, 8.79197083e+02, 8.15807739e+02,
    9.21495605e+02, 8.37002625e+02, 6.77566650e+02, 7.73590393e+02,
    7.08179260e+02, 7.90429993e+02, 7.40593750e+02, 8.08531799e+02,
    7.75023376e+02, 8.27424377e+02, 8.11627380e+02, 8.47853882e+02,
    8.51006409e+02, 8.69665344e+02, 8.92965576e+02, 8.93339600e+02,
    6.49957214e+02, 8.19872009e+02, 6.80165344e+02, 8.38487183e+02,
    7.12169983e+02, 8.58099365e+02, 7.46139404e+02, 8.79213440e+02,
    7.82617249e+02, 9.01633667e+02, 8.21434326e+02, 9.25807007e+02,
    8.63286804e+02, 9.51878662e+02 ]
