%YAML:1.0
---
points: [ 6.49502197e+02, 5.64089844e+02, 6.26640625e+02, 5.80397217e+02,
    6.03425110e+02, 5.96991089e+02, 5.79586365e+02, 6.13861023e+02,
    5.55537048e+02, 6.31149902e+02, 5.30939636e+02, 6.48695251e+02,
    5.05969360e+02, 6.66538635e+02, 6.32602722e+02, 5.42422363e+02,
    6.09556274e+02, 5.58525574e+02, 5.86077881e+02, 5.75129639e+02,
    5.62108154e+02, 5.91836304e+02, 5.37558838e+02, 6.08985962e+02,
    5.12787170e+02, 6.26411987e+02, 4.87523621e+02, 6.44254639e+02,
    6.15569153e+02, 5.20473022e+02, 5.92248230e+02, 5.36608215e+02,
    5.68400696e+02, 5.52875610e+02, 5.44244568e+02, 5.69736145e+02,
    5.19507507e+02, 5.86635254e+02, 4.94380402e+02, 6.03992798e+02,
    4.68844330e+02, 6.21557068e+02, 5.98467834e+02, 4.98460938e+02,
    5.74696411e+02, 5.14407532e+02, 5.50681030e+02, 5.30699707e+02,
    5.26224976e+02, 5.47318176e+02, 5.01308289e+02, 5.64239197e+02,
    4.75856476e+02, 5.81380920e+02, 4.50091278e+02, 5.98912231e+02,
    5.80997253e+02, 4.76019287e+02, 5.57130615e+02, 4.91984070e+02,
    5.32738708e+02, 5.08086517e+02, 5.07943481e+02, 5.24605713e+02,
    4.82745178e+02, 5.41390381e+02, 4.57202148e+02, 5.58446167e+02,
    4.31080383e+02, 5.75753235e+02, 5.63347717e+02, 4.53443573e+02,
    5.39189575e+02, 4.69232819e+02, 5.14606201e+02, 4.85333008e+02,
    4.89550720e+02, 5.01574615e+02, 4.64118927e+02, 5.18367920e+02,
    4.38232208e+02, 5.35239868e+02, 4.11806946e+02, 5.52575867e+02,
    5.45450806e+02, 4.30652863e+02, 5.21072388e+02, 4.46392273e+02,
    4.96183716e+02, 4.62297089e+02, 4.70923096e+02, 4.78524048e+02,
    4.45253326e+02, 4.95059143e+02, 4.19186432e+02, 5.11926300e+02,
    3.92435120e+02, 5.29017273e+02, 5.27507568e+02, 4.07698456e+02,
    5.02756073e+02, 4.23297089e+02, 4.77706177e+02, 4.39121277e+02,
    4.52182098e+02, 4.55187347e+02, 4.26181061e+02, 4.71616974e+02,
    3.99774994e+02, 4.88307098e+02, 3.73016052e+02, 5.05374115e+02,
    5.09292114e+02, 3.84421326e+02, 4.84363708e+02, 3.99907562e+02,
    4.58918732e+02, 4.15516937e+02, 4.33240906e+02, 4.31541656e+02,
    4.06915527e+02, 4.47803253e+02, 3.80316864e+02, 4.64424530e+02,
    3.53161499e+02, 4.81315735e+02 ]
