%YAML:1.0
---
points: [ 3.07693176e+02, 1.56603912e+02, 3.12409851e+02, 1.66278702e+02,
    3.17002686e+02, 1.75762192e+02, 3.21798676e+02, 1.85427231e+02,
    3.26437897e+02, 1.94899292e+02, 3.31183472e+02, 2.04549286e+02,
    3.35936554e+02, 2.14145767e+02, 2.99659973e+02, 1.61270355e+02,
    3.04269745e+02, 1.70707230e+02, 3.08852936e+02, 1.80092361e+02,
    3.13415680e+02, 1.89453827e+02, 3.18108948e+02, 1.98848145e+02,
    3.22688904e+02, 2.08191940e+02, 3.27354187e+02, 2.17733627e+02,
    2.91937164e+02, 1.65770721e+02, 2.96441040e+02, 1.75007523e+02,
    3.00975006e+02, 1.84143326e+02, 3.05540649e+02, 1.93518478e+02,
    3.09930420e+02, 2.02572800e+02, 3.14466431e+02, 2.11880753e+02,
    3.19002228e+02, 2.21104446e+02, 2.84580780e+02, 1.70145584e+02,
    2.88945312e+02, 1.79109985e+02, 2.93341400e+02, 1.88164062e+02,
    2.97777161e+02, 1.97185928e+02, 3.02204498e+02, 2.06329987e+02,
    3.06611328e+02, 2.15329376e+02, 3.11012848e+02, 2.24406647e+02,
    2.77376221e+02, 1.74236389e+02, 2.81734161e+02, 1.83101395e+02,
    2.86028870e+02, 1.91941086e+02, 2.90356842e+02, 2.00878555e+02,
    2.94652893e+02, 2.09686676e+02, 2.99096558e+02, 2.18665741e+02,
    3.03358337e+02, 2.27572495e+02, 2.70455109e+02, 1.78296494e+02,
    2.74673248e+02, 1.86952057e+02, 2.78883911e+02, 1.95746002e+02,
    2.83104858e+02, 2.04426193e+02, 2.87416870e+02, 2.13118057e+02,
    2.91663757e+02, 2.21839691e+02, 2.95972778e+02, 2.30678986e+02,
    2.63813538e+02, 1.82075928e+02, 2.67876801e+02, 1.90712921e+02,
    2.72214905e+02, 1.99165222e+02, 2.76319672e+02, 2.07788620e+02,
    2.80437469e+02, 2.16354553e+02, 2.84748505e+02, 2.24904602e+02,
    2.88843048e+02, 2.33525818e+02, 2.57397430e+02, 1.85852707e+02,
    2.61486481e+02, 1.94237366e+02, 2.65667236e+02, 2.02708664e+02,
    2.69735840e+02, 2.11063232e+02, 2.73871704e+02, 2.19454056e+02,
    2.77772888e+02, 2.27982056e+02, 2.82138214e+02, 2.36337616e+02,
    2.51590652e+02, 1.89171478e+02, 2.55226639e+02, 1.97640884e+02,
    2.59911011e+02, 2.05629028e+02, 2.63716888e+02, 2.14057861e+02,
    2.67977783e+02, 2.22229858e+02, 2.71665131e+02, 2.30718109e+02,
    2.76028229e+02, 2.38820297e+02 ]
