%YAML:1.0
---
points: [ 1.73373688e+02, 2.23531555e+02, 1.65865143e+02, 2.29167114e+02,
    1.58098190e+02, 2.34745056e+02, 1.50362213e+02, 2.40373718e+02,
    1.42393112e+02, 2.46223175e+02, 1.34291870e+02, 2.52176529e+02,
    1.26084816e+02, 2.58222015e+02, 1.67851349e+02, 2.16254105e+02,
    1.60150131e+02, 2.21744675e+02, 1.52479721e+02, 2.27303696e+02,
    1.44399643e+02, 2.33029816e+02, 1.36464813e+02, 2.38734604e+02,
    1.28311569e+02, 2.44630737e+02, 1.20017937e+02, 2.50590897e+02,
    1.62148575e+02, 2.08803360e+02, 1.54468796e+02, 2.14323441e+02,
    1.46576477e+02, 2.19806152e+02, 1.38677231e+02, 2.25458466e+02,
    1.30417465e+02, 2.31231812e+02, 1.22198303e+02, 2.36993652e+02,
    1.13480209e+02, 2.42246994e+02, 1.56490356e+02, 2.01317902e+02,
    1.48623978e+02, 2.06781067e+02, 1.40751434e+02, 2.12271347e+02,
    1.32603180e+02, 2.17887253e+02, 1.24507156e+02, 2.23594711e+02,
    1.16146782e+02, 2.29314545e+02, 1.16146782e+02, 2.29314545e+02,
    1.50627365e+02, 1.93757904e+02, 1.42773376e+02, 1.99132614e+02,
    1.34727615e+02, 2.04620224e+02, 1.26576942e+02, 2.10223358e+02,
    1.18173050e+02, 2.15959366e+02, 1.09698471e+02, 2.21689484e+02,
    1.01344162e+02, 2.27570724e+02, 1.44804779e+02, 1.86161179e+02,
    1.36849106e+02, 1.91446060e+02, 1.28686432e+02, 1.96935699e+02,
    1.20443275e+02, 2.02371078e+02, 1.12121559e+02, 2.08130936e+02,
    1.03657555e+02, 2.13833939e+02, 9.50643005e+01, 2.19806915e+02,
    1.38910751e+02, 1.78422714e+02, 1.30840286e+02, 1.83788574e+02,
    1.22643982e+02, 1.89157242e+02, 1.14341995e+02, 1.94663467e+02,
    1.05970619e+02, 2.00237427e+02, 9.73376160e+01, 2.05996185e+02,
    8.86035919e+01, 2.11749771e+02, 1.32971054e+02, 1.70741348e+02,
    1.24785240e+02, 1.76011597e+02, 1.16515472e+02, 1.81310120e+02,
    1.08204575e+02, 1.86796463e+02, 9.96441574e+01, 1.92415100e+02,
    9.11846771e+01, 1.97966995e+02, 8.21903305e+01, 2.03726013e+02,
    1.26942703e+02, 1.62825928e+02, 1.18741226e+02, 1.68100616e+02,
    1.10363281e+02, 1.73389023e+02, 1.01948189e+02, 1.78846588e+02,
    9.33489227e+01, 1.84319138e+02, 8.46355591e+01, 1.89948975e+02,
    7.60596542e+01, 1.95747147e+02 ]
