%YAML:1.0
---
points: [ 6.25935974e+02, 5.75803040e+02, 6.54957214e+02, 5.82197876e+02,
    6.83739746e+02, 5.88318909e+02, 7.12589600e+02, 5.94655334e+02,
    7.41391113e+02, 6.01264160e+02, 7.70409546e+02, 6.07399658e+02,
    7.99466675e+02, 6.13642883e+02, 6.15404541e+02, 6.02302612e+02,
    6.44625488e+02, 6.08518250e+02, 6.73993286e+02, 6.15017761e+02,
    7.03157654e+02, 6.21465454e+02, 7.32472534e+02, 6.27892212e+02,
    7.61685669e+02, 6.34306946e+02, 7.91175415e+02, 6.40768738e+02,
    6.04318481e+02, 6.29242249e+02, 6.34036621e+02, 6.35737427e+02,
    6.63571777e+02, 6.42267395e+02, 6.93270264e+02, 6.48833313e+02,
    7.23071045e+02, 6.55275269e+02, 7.52895508e+02, 6.61841553e+02,
    7.82552734e+02, 6.68519836e+02, 5.92886841e+02, 6.56859131e+02,
    6.23071472e+02, 6.63605957e+02, 6.53208557e+02, 6.70373596e+02,
    6.83408691e+02, 6.76753418e+02, 7.13286560e+02, 6.83499756e+02,
    7.43472717e+02, 6.90357544e+02, 7.73708923e+02, 6.97020752e+02,
    5.81232544e+02, 6.85707275e+02, 6.11767700e+02, 6.92466675e+02,
    6.42291321e+02, 6.99077026e+02, 6.72731323e+02, 7.05976013e+02,
    7.03474426e+02, 7.12742737e+02, 7.33878418e+02, 7.19554321e+02,
    7.64572266e+02, 7.26454041e+02, 5.69237061e+02, 7.15290649e+02,
    5.99950073e+02, 7.22195740e+02, 6.31107117e+02, 7.29145142e+02,
    6.62233276e+02, 7.35749878e+02, 6.92982422e+02, 7.42833374e+02,
    7.24265442e+02, 7.49789978e+02, 7.55190002e+02, 7.56708984e+02,
    5.56889404e+02, 7.45513123e+02, 5.88188965e+02, 7.52650208e+02,
    6.19600769e+02, 7.59762512e+02, 6.50891052e+02, 7.66753479e+02,
    6.82535950e+02, 7.73779724e+02, 7.13866638e+02, 7.80855530e+02,
    7.45677795e+02, 7.87826782e+02, 5.44086304e+02, 7.77038147e+02,
    5.75843384e+02, 7.84207764e+02, 6.07668091e+02, 7.91379150e+02,
    6.39712036e+02, 7.98423157e+02, 6.71473022e+02, 8.05700195e+02,
    7.03555786e+02, 8.12951782e+02, 7.35427429e+02, 8.20232361e+02,
    5.31114990e+02, 8.09335449e+02, 5.63306519e+02, 8.16647400e+02,
    5.95502197e+02, 8.23859741e+02, 6.27803589e+02, 8.31400269e+02,
    6.60320007e+02, 8.38624451e+02, 6.92593018e+02, 8.45961609e+02,
    7.25182617e+02, 8.53518555e+02 ]
