%YAML:1.0
---
points: [ 1.75893051e+02, 1.39779556e+02, 1.86597855e+02, 1.41494705e+02,
    1.96962662e+02, 1.43231476e+02, 2.07480408e+02, 1.44982101e+02,
    2.17869431e+02, 1.46659698e+02, 2.28340240e+02, 1.48297836e+02,
    2.38714325e+02, 1.50013489e+02, 1.76211395e+02, 1.49212631e+02,
    1.86454407e+02, 1.51028488e+02, 1.96727005e+02, 1.52657562e+02,
    2.07101425e+02, 1.54221176e+02, 2.17300858e+02, 1.55914398e+02,
    2.27448761e+02, 1.57665298e+02, 2.37719620e+02, 1.59218109e+02,
    1.76161453e+02, 1.58297699e+02, 1.86417038e+02, 1.59969849e+02,
    1.96495605e+02, 1.61642593e+02, 2.06577911e+02, 1.63290359e+02,
    2.16577820e+02, 1.64849564e+02, 2.26712158e+02, 1.66477859e+02,
    2.36733765e+02, 1.68138901e+02, 1.76357025e+02, 1.67139038e+02,
    1.86284637e+02, 1.68741669e+02, 1.96251328e+02, 1.70278275e+02,
    2.06189682e+02, 1.71856049e+02, 2.16090302e+02, 1.73546143e+02,
    2.25957062e+02, 1.75139313e+02, 2.35872864e+02, 1.76707977e+02,
    1.76378830e+02, 1.75502289e+02, 1.86194016e+02, 1.77181931e+02,
    1.96031570e+02, 1.78765778e+02, 2.05740112e+02, 1.80295959e+02,
    2.15451813e+02, 1.81818222e+02, 2.25228577e+02, 1.83405914e+02,
    2.34872147e+02, 1.85036835e+02, 1.76512024e+02, 1.83803909e+02,
    1.86119339e+02, 1.85284012e+02, 1.95723984e+02, 1.86865723e+02,
    2.05311691e+02, 1.88435532e+02, 2.15002014e+02, 1.89914413e+02,
    2.24495529e+02, 1.91416412e+02, 2.34055923e+02, 1.92950119e+02,
    1.76534302e+02, 1.91707245e+02, 1.86077316e+02, 1.93209396e+02,
    1.95498245e+02, 1.94720764e+02, 2.04989532e+02, 1.96225296e+02,
    2.14348145e+02, 1.97644958e+02, 2.23824646e+02, 1.99117142e+02,
    2.33194962e+02, 2.00666550e+02, 1.76644470e+02, 1.99299667e+02,
    1.85958542e+02, 2.00837128e+02, 1.95329178e+02, 2.02360352e+02,
    2.04589539e+02, 2.03801498e+02, 2.13849991e+02, 2.05200638e+02,
    2.23107758e+02, 2.06652512e+02, 2.32386841e+02, 2.08287521e+02,
    1.76672928e+02, 2.06898956e+02, 1.85863693e+02, 2.08221848e+02,
    1.95057663e+02, 2.09646210e+02, 2.04229385e+02, 2.10999466e+02,
    2.13328812e+02, 2.12525040e+02, 2.22438705e+02, 2.13944183e+02,
    2.31523407e+02, 2.15281509e+02 ]
