%YAML:1.0
---
points: [ 1.13344490e+02, 2.32668640e+02, 1.04613037e+02, 2.35864426e+02,
    9.57006760e+01, 2.39237854e+02, 8.67397614e+01, 2.42597687e+02,
    7.76931763e+01, 2.45977371e+02, 6.84902649e+01, 2.49520432e+02,
    5.92487068e+01, 2.52943802e+02, 1.10027176e+02, 2.24663361e+02,
    1.01150108e+02, 2.27879532e+02, 9.21680145e+01, 2.31094254e+02,
    8.32203140e+01, 2.34504517e+02, 7.40951309e+01, 2.37792068e+02,
    6.48353882e+01, 2.41164917e+02, 5.55273132e+01, 2.44589813e+02,
    1.06584084e+02, 2.16506073e+02, 9.77484283e+01, 2.19748932e+02,
    8.86824570e+01, 2.22888977e+02, 7.97150345e+01, 2.26121780e+02,
    7.04971619e+01, 2.29380630e+02, 6.12581749e+01, 2.32910919e+02,
    5.20936165e+01, 2.36209152e+02, 1.03248466e+02, 2.08434235e+02,
    9.42923965e+01, 2.11461990e+02, 8.52932281e+01, 2.14718491e+02,
    7.62106323e+01, 2.18021957e+02, 6.68840332e+01, 2.21051102e+02,
    5.77024574e+01, 2.24436981e+02, 4.82718697e+01, 2.27802139e+02,
    9.98257217e+01, 2.00283279e+02, 9.06923752e+01, 2.03053955e+02,
    8.16882782e+01, 2.06240967e+02, 7.25627899e+01, 2.09290436e+02,
    6.32947350e+01, 2.12724030e+02, 5.40359116e+01, 2.15950241e+02,
    4.46728363e+01, 2.19266510e+02, 9.62569275e+01, 1.91947723e+02,
    8.73923416e+01, 1.95097488e+02, 7.81768875e+01, 1.98068665e+02,
    6.90824127e+01, 2.01113342e+02, 5.97167587e+01, 2.04109787e+02,
    5.03813057e+01, 2.07351105e+02, 4.10003624e+01, 2.10555634e+02,
    9.30440598e+01, 1.83572647e+02, 8.37551117e+01, 1.86554138e+02,
    7.47734299e+01, 1.89518478e+02, 6.53754425e+01, 1.92423889e+02,
    5.62467270e+01, 1.95694168e+02, 4.67567635e+01, 1.98863800e+02,
    3.75780602e+01, 2.02212540e+02, 8.94178314e+01, 1.75184998e+02,
    8.03101883e+01, 1.78119492e+02, 7.11713333e+01, 1.81100739e+02,
    6.19358368e+01, 1.84145966e+02, 5.25684929e+01, 1.87136154e+02,
    4.32391891e+01, 1.90251846e+02, 3.37892570e+01, 1.93304825e+02,
    8.59372559e+01, 1.66784882e+02, 7.67911377e+01, 1.69627365e+02,
    6.76408997e+01, 1.72558243e+02, 5.82882080e+01, 1.75482147e+02,
    4.90818138e+01, 1.78601700e+02, 3.95463600e+01, 1.81494995e+02,
    3.02480679e+01, 1.84758148e+02 ]
