%YAML:1.0
---
points: [ 4.74231934e+02, 5.90822083e+02, 4.47410278e+02, 6.00721436e+02,
    4.20470154e+02, 6.10487732e+02, 3.92941071e+02, 6.20538086e+02,
    3.65157898e+02, 6.30630432e+02, 3.36579865e+02, 6.41125488e+02,
    3.08167877e+02, 6.51491638e+02, 4.63842377e+02, 5.67313599e+02,
    4.37175385e+02, 5.76596497e+02, 4.09865051e+02, 5.86491089e+02,
    3.82290283e+02, 5.96206299e+02, 3.54174561e+02, 6.06327576e+02,
    3.25705078e+02, 6.16322021e+02, 2.96911469e+02, 6.26788208e+02,
    4.53624634e+02, 5.43231445e+02, 4.26516998e+02, 5.52585449e+02,
    3.99289490e+02, 5.62126709e+02, 3.71450714e+02, 5.71725037e+02,
    3.43310577e+02, 5.81494995e+02, 3.14601654e+02, 5.91658325e+02,
    2.85567627e+02, 6.01597595e+02, 4.43314880e+02, 5.19241699e+02,
    4.16250336e+02, 5.28268921e+02, 3.88587311e+02, 5.37781189e+02,
    3.60629028e+02, 5.47233643e+02, 3.32057648e+02, 5.56774414e+02,
    3.03414124e+02, 5.66682922e+02, 2.74215668e+02, 5.76638184e+02,
    4.32763977e+02, 4.94711456e+02, 4.05349670e+02, 5.03694794e+02,
    3.77675262e+02, 5.12886902e+02, 3.49665497e+02, 5.22453979e+02,
    3.21163422e+02, 5.31626282e+02, 2.92161133e+02, 5.41497925e+02,
    2.62849945e+02, 5.51362732e+02, 4.22310852e+02, 4.70407867e+02,
    3.94787476e+02, 4.79054199e+02, 3.66902008e+02, 4.88141174e+02,
    3.38580261e+02, 4.97260864e+02, 3.09898041e+02, 5.06692841e+02,
    2.80778229e+02, 5.16034485e+02, 2.51332962e+02, 5.25683105e+02,
    4.11638947e+02, 4.45518646e+02, 3.84018494e+02, 4.54396545e+02,
    3.55933105e+02, 4.62997223e+02, 3.27450317e+02, 4.72036987e+02,
    2.98620300e+02, 4.81200531e+02, 2.69463318e+02, 4.90683990e+02,
    2.39706894e+02, 5.00015930e+02, 4.00807556e+02, 4.20650543e+02,
    3.73220520e+02, 4.29206116e+02, 3.45149261e+02, 4.37920685e+02,
    3.16360138e+02, 4.46638397e+02, 2.87400055e+02, 4.55619507e+02,
    2.57909912e+02, 4.64680450e+02, 2.28290375e+02, 4.74240417e+02,
    3.90231934e+02, 3.95499969e+02, 3.62239410e+02, 4.03933655e+02,
    3.33826447e+02, 4.12375000e+02, 3.05151337e+02, 4.21164886e+02,
    2.75958649e+02, 4.29970764e+02, 2.46565613e+02, 4.39097534e+02,
    2.16471115e+02, 4.47951599e+02 ]
