%YAML:1.0
---
points: [ 9.57567017e+02, 7.27988403e+02, 9.57381470e+02, 7.47107361e+02,
    9.57253601e+02, 7.67177124e+02, 9.56909729e+02, 7.88319641e+02,
    9.56535095e+02, 8.10242859e+02, 9.56211792e+02, 8.33531677e+02,
    9.55855347e+02, 8.57778198e+02, 9.30546631e+02, 7.27546631e+02,
    9.29646912e+02, 7.46573120e+02, 9.28777222e+02, 7.66565002e+02,
    9.27887207e+02, 7.87666077e+02, 9.27110962e+02, 8.09611206e+02,
    9.25917847e+02, 8.32796997e+02, 9.24762573e+02, 8.57038452e+02,
    9.03512756e+02, 7.26931519e+02, 9.02116028e+02, 7.45986267e+02,
    9.00746216e+02, 7.66194824e+02, 8.99041870e+02, 7.87150085e+02,
    8.97371033e+02, 8.09077820e+02, 8.95616455e+02, 8.32281494e+02,
    8.93819946e+02, 8.56286072e+02, 8.76525452e+02, 7.26375183e+02,
    8.74598145e+02, 7.45471497e+02, 8.72406372e+02, 7.65549744e+02,
    8.70207458e+02, 7.86572388e+02, 8.67783813e+02, 8.08443848e+02,
    8.65317566e+02, 8.31519226e+02, 8.62708374e+02, 8.55556946e+02,
    8.49462341e+02, 7.25867798e+02, 8.46783813e+02, 7.44940857e+02,
    8.44054565e+02, 7.65055725e+02, 8.41249573e+02, 7.86036255e+02,
    8.38151001e+02, 8.07951599e+02, 8.34792175e+02, 8.30868164e+02,
    8.31589294e+02, 8.55201782e+02, 8.22453735e+02, 7.25393433e+02,
    8.19032471e+02, 7.44417603e+02, 8.15711792e+02, 7.64576416e+02,
    8.12136414e+02, 7.85596680e+02, 8.08379150e+02, 8.07495422e+02,
    8.04511292e+02, 8.30505127e+02, 8.00411865e+02, 8.54725525e+02,
    7.95506531e+02, 7.24675293e+02, 7.91481873e+02, 7.43872192e+02,
    7.87330322e+02, 7.64109253e+02, 7.83232788e+02, 7.85172852e+02,
    7.78892761e+02, 8.07167236e+02, 7.74307678e+02, 8.30117615e+02,
    7.69310059e+02, 8.54477234e+02, 7.68289429e+02, 7.24399719e+02,
    7.63821716e+02, 7.43626587e+02, 7.59101074e+02, 7.63599609e+02,
    7.54280396e+02, 7.84642334e+02, 7.49067810e+02, 8.06610352e+02,
    7.43676147e+02, 8.29709229e+02, 7.37852783e+02, 8.54189636e+02,
    7.40978638e+02, 7.23749939e+02, 7.35818726e+02, 7.43058411e+02,
    7.30630737e+02, 7.63174316e+02, 7.25131470e+02, 7.84164734e+02,
    7.19154297e+02, 8.06266541e+02, 7.13093262e+02, 8.29420654e+02,
    7.06693298e+02, 8.53772583e+02 ]
