%YAML:1.0
---
points: [ 9.44630920e+02, 6.75296570e+02, 9.44167297e+02, 6.99535278e+02,
    9.43586853e+02, 7.24586914e+02, 9.42865662e+02, 7.50479431e+02,
    9.42267395e+02, 7.77145996e+02, 9.41424377e+02, 8.04671936e+02,
    9.40555542e+02, 8.33337097e+02, 9.18080200e+02, 6.74666809e+02,
    9.17021362e+02, 6.98979858e+02, 9.15895630e+02, 7.23973511e+02,
    9.14728455e+02, 7.49741211e+02, 9.13593262e+02, 7.76477478e+02,
    9.12404297e+02, 8.04079590e+02, 9.11213745e+02, 8.32604980e+02,
    8.91343628e+02, 6.74169861e+02, 8.89903687e+02, 6.98318604e+02,
    8.88351196e+02, 7.23364380e+02, 8.86699890e+02, 7.49284241e+02,
    8.85189819e+02, 7.75803406e+02, 8.83457397e+02, 8.03396057e+02,
    8.81603210e+02, 8.31956238e+02, 8.64537476e+02, 6.73388306e+02,
    8.62601746e+02, 6.97608826e+02, 8.60612549e+02, 7.22606689e+02,
    8.58637512e+02, 7.48677429e+02, 8.56543945e+02, 7.75278809e+02,
    8.54421448e+02, 8.02767822e+02, 8.52351379e+02, 8.31198486e+02,
    8.37666382e+02, 6.72814331e+02, 8.35378357e+02, 6.97104004e+02,
    8.32926697e+02, 7.22010925e+02, 8.30518433e+02, 7.47914429e+02,
    8.28002991e+02, 7.74733276e+02, 8.25432373e+02, 8.02288208e+02,
    8.22676331e+02, 8.30622742e+02, 8.10703674e+02, 6.72228027e+02,
    8.07861389e+02, 6.96458435e+02, 8.05350220e+02, 7.21561401e+02,
    8.02386169e+02, 7.47301697e+02, 7.99382141e+02, 7.74065552e+02,
    7.96327881e+02, 8.01720703e+02, 7.92950256e+02, 8.30148499e+02,
    7.83887390e+02, 6.71569458e+02, 7.80776672e+02, 6.95822205e+02,
    7.77549194e+02, 7.21001465e+02, 7.74404785e+02, 7.46751648e+02,
    7.70701416e+02, 7.73479187e+02, 7.67286804e+02, 8.01098389e+02,
    7.63591553e+02, 8.29688354e+02, 7.56946838e+02, 6.71013855e+02,
    7.53492981e+02, 6.95302002e+02, 7.49683472e+02, 7.20352173e+02,
    7.46047668e+02, 7.46154480e+02, 7.42228882e+02, 7.72886047e+02,
    7.38153625e+02, 8.00798706e+02, 7.33704163e+02, 8.29290161e+02,
    7.29723145e+02, 6.70433228e+02, 7.26058777e+02, 6.94774231e+02,
    7.22053345e+02, 7.19943787e+02, 7.17697510e+02, 7.45557434e+02,
    7.13257141e+02, 7.72461060e+02, 7.08702148e+02, 8.00201172e+02,
    7.04198364e+02, 8.28741882e+02 ]
