%YAML:1.0
---
points: [ 4.49470490e+02, 6.06457703e+02, 4.24458466e+02, 6.13990967e+02,
    3.99637146e+02, 6.21553833e+02, 3.74591827e+02, 6.29267517e+02,
    3.49712494e+02, 6.36804443e+02, 3.24616577e+02, 6.44704407e+02,
    2.99605835e+02, 6.52269775e+02, 4.38193420e+02, 5.85595825e+02,
    4.12931854e+02, 5.93146057e+02, 3.87754669e+02, 6.00744019e+02,
    3.62556213e+02, 6.08384705e+02, 3.37310272e+02, 6.16055542e+02,
    3.12059418e+02, 6.23595459e+02, 2.86649872e+02, 6.31346802e+02,
    4.26426361e+02, 5.63979492e+02, 4.00979431e+02, 5.71683960e+02,
    3.75535217e+02, 5.79290527e+02, 3.50118805e+02, 5.86915100e+02,
    3.24604950e+02, 5.94648315e+02, 2.99240601e+02, 6.02455811e+02,
    2.73548157e+02, 6.10197510e+02, 4.14642212e+02, 5.42398621e+02,
    3.88873596e+02, 5.49793091e+02, 3.63223114e+02, 5.57572266e+02,
    3.37466705e+02, 5.65231018e+02, 3.11703125e+02, 5.72999329e+02,
    2.85928101e+02, 5.80627686e+02, 2.60175446e+02, 5.88461365e+02,
    4.02411530e+02, 5.19802368e+02, 3.76572693e+02, 5.27560791e+02,
    3.50565948e+02, 5.35138794e+02, 3.24611450e+02, 5.43096008e+02,
    2.98552551e+02, 5.50669067e+02, 2.72614960e+02, 5.58581726e+02,
    2.46539246e+02, 5.66332703e+02, 3.90110779e+02, 4.97137848e+02,
    3.63830261e+02, 5.04551575e+02, 3.37677765e+02, 5.12475952e+02,
    3.11393433e+02, 5.20045349e+02, 2.85243347e+02, 5.28140747e+02,
    2.58789124e+02, 5.35660767e+02, 2.32619980e+02, 5.43692932e+02,
    3.77401733e+02, 4.73467865e+02, 3.51044250e+02, 4.81334839e+02,
    3.24483276e+02, 4.88897156e+02, 2.98077515e+02, 4.96870026e+02,
    2.71451050e+02, 5.04597870e+02, 2.45057709e+02, 5.12668579e+02,
    2.18378632e+02, 5.20466064e+02, 3.64536346e+02, 4.49623444e+02,
    3.37819885e+02, 4.57336761e+02, 3.11174133e+02, 4.65254486e+02,
    2.84302368e+02, 4.72906647e+02, 2.57563995e+02, 4.81027191e+02,
    2.30670425e+02, 4.88817444e+02, 2.04122955e+02, 4.97043213e+02,
    3.51398193e+02, 4.24972137e+02, 3.24543518e+02, 4.32888702e+02,
    2.97378784e+02, 4.40644287e+02, 2.70406464e+02, 4.48708710e+02,
    2.43241302e+02, 4.56524200e+02, 2.16288086e+02, 4.64668823e+02,
    1.89193985e+02, 4.72664276e+02 ]
