%YAML:1.0
---
points: [ 1.04549278e+02, 2.37909760e+02, 9.63312836e+01, 2.40420456e+02,
    8.81942444e+01, 2.43118866e+02, 7.97840729e+01, 2.45377838e+02,
    7.16461334e+01, 2.48115204e+02, 6.33920784e+01, 2.50610641e+02,
    5.53642731e+01, 2.53224899e+02, 1.00983383e+02, 2.30785690e+02,
    9.26933594e+01, 2.33403198e+02, 8.42756882e+01, 2.36036392e+02,
    7.60562744e+01, 2.38570602e+02, 6.76581116e+01, 2.40987000e+02,
    5.94511948e+01, 2.43643387e+02, 5.12564468e+01, 2.46033920e+02,
    9.72647705e+01, 2.23686218e+02, 8.88433380e+01, 2.26058151e+02,
    8.04230728e+01, 2.28705719e+02, 7.20983124e+01, 2.31308731e+02,
    6.36226463e+01, 2.33821793e+02, 5.53614082e+01, 2.36321945e+02,
    4.71091461e+01, 2.39047821e+02, 9.34697189e+01, 2.16153748e+02,
    8.51041183e+01, 2.18844330e+02, 7.64844818e+01, 2.21305603e+02,
    6.80930862e+01, 2.23987671e+02, 5.96699905e+01, 2.26537048e+02,
    5.13026543e+01, 2.29190903e+02, 4.29163780e+01, 2.31663467e+02,
    8.97331085e+01, 2.08726288e+02, 8.11260223e+01, 2.11325119e+02,
    7.25395660e+01, 2.13903259e+02, 6.39703789e+01, 2.16502228e+02,
    5.55321426e+01, 2.19017685e+02, 4.71095695e+01, 2.21650986e+02,
    3.87895279e+01, 2.24335602e+02, 8.57492065e+01, 2.00859268e+02,
    7.70608749e+01, 2.03513443e+02, 6.84597015e+01, 2.06098572e+02,
    5.99053535e+01, 2.08777481e+02, 5.13176880e+01, 2.11328583e+02,
    4.28714828e+01, 2.14089706e+02, 3.43675957e+01, 2.16602341e+02,
    8.17612000e+01, 1.93145493e+02, 7.30520248e+01, 1.95634796e+02,
    6.42488480e+01, 1.98269897e+02, 5.57134247e+01, 2.00941910e+02,
    4.71462669e+01, 2.03562988e+02, 3.85432663e+01, 2.06135529e+02,
    3.01451187e+01, 2.09010864e+02, 7.76717758e+01, 1.84809067e+02,
    6.89791794e+01, 1.87631790e+02, 6.01385117e+01, 1.90247726e+02,
    5.14432220e+01, 1.92900833e+02, 4.28197250e+01, 1.95520920e+02,
    3.42436409e+01, 1.98351501e+02, 2.56935825e+01, 2.00970123e+02,
    7.36542892e+01, 1.76742264e+02, 6.47405701e+01, 1.79359146e+02,
    5.60466576e+01, 1.82135910e+02, 4.71464310e+01, 1.84798172e+02,
    3.85264549e+01, 1.87578308e+02, 2.97807522e+01, 1.90243958e+02,
    2.14489441e+01, 1.93139023e+02 ]
