%YAML:1.0
---
points: [ 2.53829071e+02, 2.94275635e+02, 2.44360077e+02, 2.99425079e+02,
    2.35049713e+02, 3.04434448e+02, 2.25533707e+02, 3.09596985e+02,
    2.16156006e+02, 3.14752167e+02, 2.06597809e+02, 3.19950378e+02,
    1.97209900e+02, 3.25016327e+02, 2.49946121e+02, 2.85647339e+02,
    2.40723480e+02, 2.90702118e+02, 2.31434692e+02, 2.95734161e+02,
    2.22264389e+02, 3.00657684e+02, 2.12931641e+02, 3.05790253e+02,
    2.03661575e+02, 3.10847473e+02, 1.94324539e+02, 3.16017822e+02,
    2.46208282e+02, 2.77435059e+02, 2.37132385e+02, 2.82288055e+02,
    2.28062439e+02, 2.87231995e+02, 2.19042084e+02, 2.92150970e+02,
    2.09905579e+02, 2.97146118e+02, 2.00760757e+02, 3.02140594e+02,
    1.91663437e+02, 3.07061340e+02, 2.42524475e+02, 2.69510437e+02,
    2.33732193e+02, 2.74355927e+02, 2.24790436e+02, 2.79168030e+02,
    2.15877121e+02, 2.83999176e+02, 2.06979294e+02, 2.88867615e+02,
    1.98016724e+02, 2.93719818e+02, 1.89065659e+02, 2.98660339e+02,
    2.39114441e+02, 2.61778381e+02, 2.30339691e+02, 2.66552948e+02,
    2.21694214e+02, 2.71308502e+02, 2.12877792e+02, 2.76066040e+02,
    2.04114395e+02, 2.80835114e+02, 1.95292053e+02, 2.85662628e+02,
    1.86473831e+02, 2.90420074e+02, 2.35719711e+02, 2.54410706e+02,
    2.27175293e+02, 2.59092896e+02, 2.18610184e+02, 2.63751343e+02,
    2.10035675e+02, 2.68350647e+02, 2.01339874e+02, 2.73081940e+02,
    1.92754883e+02, 2.77743500e+02, 1.84028687e+02, 2.82533112e+02,
    2.32521240e+02, 2.47319687e+02, 2.24074463e+02, 2.51859726e+02,
    2.15674942e+02, 2.56326080e+02, 2.07228973e+02, 2.61004364e+02,
    1.98731766e+02, 2.65574921e+02, 1.90199585e+02, 2.70116425e+02,
    1.81699448e+02, 2.74734650e+02, 2.29308014e+02, 2.40402191e+02,
    2.21113327e+02, 2.44802383e+02, 2.12757935e+02, 2.49462585e+02,
    2.04572556e+02, 2.53942017e+02, 1.96190506e+02, 2.58449554e+02,
    1.87866119e+02, 2.62864532e+02, 1.79411667e+02, 2.67401093e+02,
    2.26521271e+02, 2.34298737e+02, 2.18233429e+02, 2.38271133e+02,
    2.10256287e+02, 2.43113022e+02, 2.01889771e+02, 2.47214996e+02,
    1.93914261e+02, 2.52145096e+02, 1.85476532e+02, 2.56266266e+02,
    1.77351334e+02, 2.60858337e+02 ]
