%YAML:1.0
---
points: [ 9.43579468e+02, 6.54905701e+02, 9.42865540e+02, 6.80974182e+02,
    9.42310242e+02, 7.07666809e+02, 9.41569397e+02, 7.34619324e+02,
    9.40662842e+02, 7.62487061e+02, 9.40080750e+02, 7.90799561e+02,
    9.39260864e+02, 8.19921875e+02, 9.17025757e+02, 6.54397095e+02,
    9.16087891e+02, 6.80415588e+02, 9.15156189e+02, 7.06913391e+02,
    9.14034607e+02, 7.34105774e+02, 9.13050903e+02, 7.61688110e+02,
    9.11854065e+02, 7.90198486e+02, 9.10859253e+02, 8.19237976e+02,
    8.90449341e+02, 6.53779663e+02, 8.89246765e+02, 6.79682434e+02,
    8.87795410e+02, 7.06327087e+02, 8.86665466e+02, 7.33522278e+02,
    8.85363525e+02, 7.61240295e+02, 8.83912354e+02, 7.89546204e+02,
    8.82414856e+02, 8.18569275e+02, 8.63717285e+02, 6.53085754e+02,
    8.62301086e+02, 6.79043152e+02, 8.60668884e+02, 7.05675415e+02,
    8.59246643e+02, 7.32929993e+02, 8.57552612e+02, 7.60522888e+02,
    8.55709656e+02, 7.89047180e+02, 8.54136536e+02, 8.17834290e+02,
    8.37189514e+02, 6.52388855e+02, 8.35360718e+02, 6.78437256e+02,
    8.33391479e+02, 7.05115051e+02, 8.31585938e+02, 7.32254700e+02,
    8.29594971e+02, 7.59967529e+02, 8.27745728e+02, 7.88305237e+02,
    8.25632141e+02, 8.17490173e+02, 8.10456360e+02, 6.51720703e+02,
    8.08251526e+02, 6.77814270e+02, 8.06276611e+02, 7.04413330e+02,
    8.04086914e+02, 7.31791748e+02, 8.01741455e+02, 7.59475708e+02,
    7.99545715e+02, 7.87809875e+02, 7.97210266e+02, 8.16740051e+02,
    7.83614014e+02, 6.51113708e+02, 7.81368774e+02, 6.77291016e+02,
    7.79155640e+02, 7.03995117e+02, 7.76537292e+02, 7.31018799e+02,
    7.74187073e+02, 7.59007690e+02, 7.71427124e+02, 7.87374146e+02,
    7.68793457e+02, 8.16349487e+02, 7.56843445e+02, 6.50489807e+02,
    7.54318298e+02, 6.76684570e+02, 7.51614990e+02, 7.03327454e+02,
    7.48897339e+02, 7.30498169e+02, 7.46155762e+02, 7.58368042e+02,
    7.43302124e+02, 7.86748108e+02, 7.40241821e+02, 8.15807617e+02,
    7.29880859e+02, 6.49933044e+02, 7.27283752e+02, 6.76156372e+02,
    7.24186340e+02, 7.02703430e+02, 7.21351746e+02, 7.29888489e+02,
    7.18078613e+02, 7.57890869e+02, 7.14804626e+02, 7.86308167e+02,
    7.11648193e+02, 8.15243958e+02 ]
