%YAML:1.0
---
points: [ 2.80803680e+02, 1.28623505e+02, 2.88482697e+02, 1.30491531e+02,
    2.95978180e+02, 1.32146027e+02, 3.03248352e+02, 1.33858963e+02,
    3.10359711e+02, 1.35485992e+02, 3.17363861e+02, 1.37022888e+02,
    3.23855286e+02, 1.38572006e+02, 2.79964081e+02, 1.38527725e+02,
    2.87665527e+02, 1.40043213e+02, 2.95169312e+02, 1.41687546e+02,
    3.02447510e+02, 1.43219101e+02, 3.09577301e+02, 1.44742828e+02,
    3.16506226e+02, 1.46139236e+02, 3.23296875e+02, 1.47601166e+02,
    2.79138763e+02, 1.48110580e+02, 2.86921906e+02, 1.49706482e+02,
    2.94344879e+02, 1.51109207e+02, 3.01667175e+02, 1.52580536e+02,
    3.08834290e+02, 1.53892731e+02, 3.15698639e+02, 1.55243073e+02,
    3.22015228e+02, 1.56417572e+02, 2.78285248e+02, 1.57903671e+02,
    2.86008392e+02, 1.59292282e+02, 2.93574432e+02, 1.60622116e+02,
    3.00966919e+02, 1.61867401e+02, 3.07966705e+02, 1.63062332e+02,
    3.15062073e+02, 1.64339554e+02, 3.21577820e+02, 1.65526871e+02,
    2.77460052e+02, 1.67598923e+02, 2.85240997e+02, 1.68834076e+02,
    2.92751007e+02, 1.69918839e+02, 3.00076965e+02, 1.71178711e+02,
    3.07251740e+02, 1.72322876e+02, 3.14162170e+02, 1.73383240e+02,
    3.20913574e+02, 1.74524109e+02, 2.76666962e+02, 1.77330933e+02,
    2.84435883e+02, 1.78406647e+02, 2.91923553e+02, 1.79438889e+02,
    2.99274109e+02, 1.80510605e+02, 3.06338654e+02, 1.81501617e+02,
    3.13271515e+02, 1.82449051e+02, 3.20167328e+02, 1.83424377e+02,
    2.75922913e+02, 1.86932297e+02, 2.83599579e+02, 1.87861938e+02,
    2.91122711e+02, 1.88818314e+02, 2.98390533e+02, 1.89710388e+02,
    3.05500000e+02, 1.90610214e+02, 3.12421082e+02, 1.91440643e+02,
    3.19092590e+02, 1.92306488e+02, 2.75063354e+02, 1.96591232e+02,
    2.82825897e+02, 1.97319061e+02, 2.90258453e+02, 1.98222473e+02,
    2.97670197e+02, 1.98969589e+02, 3.04718140e+02, 1.99710983e+02,
    3.11759583e+02, 2.00424911e+02, 3.18494293e+02, 2.01197922e+02,
    2.74176880e+02, 2.06181213e+02, 2.82110352e+02, 2.06885300e+02,
    2.89457031e+02, 2.07654373e+02, 2.96822571e+02, 2.08305588e+02,
    3.03992523e+02, 2.08824524e+02, 3.11307434e+02, 2.09493362e+02,
    3.13858521e+02, 2.09698654e+02 ]
