%YAML:1.0
---
points: [ 9.63027283e+02, 2.84431152e+02, 9.86486145e+02, 2.89594543e+02,
    1.00936761e+03, 2.94803345e+02, 1.03160461e+03, 2.99751923e+02,
    1.05328821e+03, 3.04567047e+02, 1.07428662e+03, 3.09359772e+02,
    1.09475305e+03, 3.13729431e+02, 9.60579712e+02, 3.13153534e+02,
    9.84250427e+02, 3.18202179e+02, 1.00699200e+03, 3.22799011e+02,
    1.02921875e+03, 3.27525391e+02, 1.05078015e+03, 3.31912170e+02,
    1.07185083e+03, 3.36125031e+02, 1.09249426e+03, 3.40365326e+02,
    9.58341858e+02, 3.41738770e+02, 9.81787842e+02, 3.46309418e+02,
    1.00463367e+03, 3.50590332e+02, 1.02693555e+03, 3.54889221e+02,
    1.04852234e+03, 3.59064362e+02, 1.06966443e+03, 3.62864319e+02,
    1.09038098e+03, 3.66706940e+02, 9.55868286e+02, 3.70480804e+02,
    9.79479553e+02, 3.74603668e+02, 1.00230853e+03, 3.78439850e+02,
    1.02456299e+03, 3.82274750e+02, 1.04629675e+03, 3.86106812e+02,
    1.06748706e+03, 3.89626678e+02, 1.08793127e+03, 3.93109894e+02,
    9.53609070e+02, 3.98953339e+02, 9.77091064e+02, 4.02706299e+02,
    1.00012915e+03, 4.06381958e+02, 1.02226746e+03, 4.09574249e+02,
    1.04399121e+03, 4.13066681e+02, 1.06505322e+03, 4.16381622e+02,
    1.08570898e+03, 4.19437866e+02, 9.51221436e+02, 4.27650146e+02,
    9.74759094e+02, 4.30704590e+02, 9.97614685e+02, 4.33971222e+02,
    1.01996002e+03, 4.37135925e+02, 1.04170679e+03, 4.40050079e+02,
    1.06277734e+03, 4.43023376e+02, 1.08342432e+03, 4.45697754e+02,
    9.48994568e+02, 4.55801300e+02, 9.72464539e+02, 4.58775970e+02,
    9.95493286e+02, 4.61483856e+02, 1.01767267e+03, 4.64339478e+02,
    1.03935583e+03, 4.66793671e+02, 1.06036487e+03, 4.69506287e+02,
    1.08096851e+03, 4.71829346e+02, 9.46538635e+02, 4.84320831e+02,
    9.70241394e+02, 4.86760742e+02, 9.92974609e+02, 4.89168152e+02,
    1.01542065e+03, 4.91508270e+02, 1.03705701e+03, 4.93629120e+02,
    1.05815674e+03, 4.96067657e+02, 1.07864502e+03, 4.98142792e+02,
    9.44323730e+02, 5.12740295e+02, 9.67941284e+02, 5.14654175e+02,
    9.90734375e+02, 5.16762817e+02, 1.01290399e+03, 5.18614807e+02,
    1.03457288e+03, 5.20516785e+02, 1.05561536e+03, 5.22494019e+02,
    1.07628369e+03, 5.24229614e+02 ]
