%YAML:1.0
---
points: [ 3.18508423e+02, 2.86028107e+02, 3.08801910e+02, 2.91121063e+02,
    2.99403046e+02, 2.96200317e+02, 2.89702820e+02, 3.01354889e+02,
    2.80272705e+02, 3.06379059e+02, 2.70688995e+02, 3.11580475e+02,
    2.61200745e+02, 3.16684570e+02, 3.13448578e+02, 2.77792145e+02,
    3.04173492e+02, 2.82741211e+02, 2.94754303e+02, 2.87778168e+02,
    2.85456390e+02, 2.92737762e+02, 2.76118378e+02, 2.97747650e+02,
    2.66779816e+02, 3.02795105e+02, 2.57396393e+02, 3.07882416e+02,
    3.08731476e+02, 2.69864594e+02, 2.99500092e+02, 2.74722107e+02,
    2.90403778e+02, 2.79659821e+02, 2.81262451e+02, 2.84561279e+02,
    2.72119690e+02, 2.89427826e+02, 2.63011902e+02, 2.94393860e+02,
    2.53860336e+02, 2.99384735e+02, 3.04204590e+02, 2.62220764e+02,
    2.95230804e+02, 2.67137054e+02, 2.86228210e+02, 2.71883423e+02,
    2.77330658e+02, 2.76715515e+02, 2.68325714e+02, 2.81558044e+02,
    2.59345276e+02, 2.86367310e+02, 2.50381332e+02, 2.91301453e+02,
    2.99789642e+02, 2.54959442e+02, 2.90988861e+02, 2.59717499e+02,
    2.82239777e+02, 2.64418549e+02, 2.73467346e+02, 2.69185333e+02,
    2.64691528e+02, 2.73868958e+02, 2.55901215e+02, 2.78736694e+02,
    2.47134781e+02, 2.83490509e+02, 2.95542664e+02, 2.48038528e+02,
    2.86954865e+02, 2.52555786e+02, 2.78366211e+02, 2.57299103e+02,
    2.69805084e+02, 2.61906494e+02, 2.61173340e+02, 2.66604523e+02,
    2.52580246e+02, 2.71258362e+02, 2.43917160e+02, 2.75939819e+02,
    2.91509583e+02, 2.41230118e+02, 2.83111389e+02, 2.45861313e+02,
    2.74671082e+02, 2.50353500e+02, 2.66221863e+02, 2.54981445e+02,
    2.57806610e+02, 2.59483612e+02, 2.49294769e+02, 2.64035492e+02,
    2.40925827e+02, 2.68663574e+02, 2.87655762e+02, 2.34864151e+02,
    2.79411255e+02, 2.39288315e+02, 2.71128326e+02, 2.43846664e+02,
    2.62886871e+02, 2.48285645e+02, 2.54585251e+02, 2.52813705e+02,
    2.46355148e+02, 2.57281281e+02, 2.37913574e+02, 2.61655609e+02,
    2.84346039e+02, 2.29169327e+02, 2.75892303e+02, 2.33200729e+02,
    2.67993378e+02, 2.37918762e+02, 2.59757629e+02, 2.42187119e+02,
    2.51701553e+02, 2.46742508e+02, 2.43403763e+02, 2.51049942e+02,
    2.35301666e+02, 2.55513107e+02 ]
