%YAML:1.0
---
points: [ 2.82367065e+02, 7.11879807e+01, 2.89452148e+02, 7.71674728e+01,
    2.96398407e+02, 8.31432419e+01, 3.03157471e+02, 8.89440002e+01,
    3.09924805e+02, 9.46381378e+01, 3.16424194e+02, 1.00246109e+02,
    3.22855927e+02, 1.05687881e+02, 2.77669128e+02, 7.91240845e+01,
    2.84840118e+02, 8.51921997e+01, 2.91821167e+02, 9.10033569e+01,
    2.98727692e+02, 9.67167511e+01, 3.05424347e+02, 1.02364975e+02,
    3.12021088e+02, 1.07895020e+02, 3.18462219e+02, 1.13298996e+02,
    2.73004761e+02, 8.71763153e+01, 2.80216217e+02, 9.31175308e+01,
    2.87259216e+02, 9.89059372e+01, 2.94194366e+02, 1.04620605e+02,
    3.01007050e+02, 1.10170029e+02, 3.07609528e+02, 1.15670280e+02,
    3.14145111e+02, 1.20890541e+02, 2.68254486e+02, 9.53055344e+01,
    2.75490082e+02, 1.01125008e+02, 2.82662415e+02, 1.06871925e+02,
    2.89654541e+02, 1.12513741e+02, 2.96451294e+02, 1.18024025e+02,
    3.03200775e+02, 1.23372932e+02, 3.09760254e+02, 1.28644257e+02,
    2.63528839e+02, 1.03446983e+02, 2.70894135e+02, 1.09235817e+02,
    2.78045441e+02, 1.14888229e+02, 2.85120911e+02, 1.20461548e+02,
    2.91990021e+02, 1.25822586e+02, 2.98722504e+02, 1.31198746e+02,
    3.05351044e+02, 1.36360275e+02, 2.58769531e+02, 1.11708900e+02,
    2.66181580e+02, 1.17394569e+02, 2.73416260e+02, 1.22942352e+02,
    2.80462769e+02, 1.28344742e+02, 2.87403564e+02, 1.33789642e+02,
    2.94249512e+02, 1.39034531e+02, 3.00923767e+02, 1.44119659e+02,
    2.54031281e+02, 1.19796219e+02, 2.61520386e+02, 1.25450287e+02,
    2.68791321e+02, 1.30965454e+02, 2.75935516e+02, 1.36328339e+02,
    2.82872864e+02, 1.41633682e+02, 2.89795227e+02, 1.46795105e+02,
    2.96432648e+02, 1.51884903e+02, 2.49236053e+02, 1.28056549e+02,
    2.56733551e+02, 1.33592224e+02, 2.64114685e+02, 1.38991913e+02,
    2.71352356e+02, 1.44347076e+02, 2.78328308e+02, 1.49532516e+02,
    2.85237274e+02, 1.54636566e+02, 2.91981781e+02, 1.59606384e+02,
    2.44445419e+02, 1.36243301e+02, 2.52009247e+02, 1.41763275e+02,
    2.59450653e+02, 1.47092041e+02, 2.66675507e+02, 1.52351624e+02,
    2.73774384e+02, 1.57448898e+02, 2.80735413e+02, 1.62497787e+02,
    2.87497467e+02, 1.67406418e+02 ]
