%YAML:1.0
---
points: [ 9.37748962e+02, 6.84440369e+02, 9.31576294e+02, 7.10222046e+02,
    9.25420837e+02, 7.36268616e+02, 9.19397888e+02, 7.62043945e+02,
    9.12752136e+02, 7.88272644e+02, 9.06771301e+02, 8.14260803e+02,
    9.00601196e+02, 8.40683289e+02, 9.12248535e+02, 6.78128235e+02,
    9.05980103e+02, 7.04226379e+02, 8.99802979e+02, 7.29790039e+02,
    8.93430786e+02, 7.56038208e+02, 8.87364868e+02, 7.81979858e+02,
    8.80770386e+02, 8.08371582e+02, 8.74669739e+02, 8.34518005e+02,
    8.86449280e+02, 6.72103638e+02, 8.80407410e+02, 6.97743225e+02,
    8.74191650e+02, 7.23988403e+02, 8.67791199e+02, 7.49853577e+02,
    8.61328125e+02, 7.75977600e+02, 8.55206543e+02, 8.02241333e+02,
    8.48739685e+02, 8.28529297e+02, 8.60818787e+02, 6.65902893e+02,
    8.54519287e+02, 6.91855347e+02, 8.48362427e+02, 7.17902100e+02,
    8.42130005e+02, 7.43906311e+02, 8.35574036e+02, 7.70088379e+02,
    8.29173035e+02, 7.96131104e+02, 8.22810669e+02, 8.22452881e+02,
    8.35023438e+02, 6.59910217e+02, 8.28720642e+02, 6.85845947e+02,
    8.22589905e+02, 7.11812561e+02, 8.16275757e+02, 7.37801819e+02,
    8.09762695e+02, 7.63912354e+02, 8.03518250e+02, 7.89964844e+02,
    7.96889038e+02, 8.16329651e+02, 8.09351746e+02, 6.53929932e+02,
    8.02920227e+02, 6.79640198e+02, 7.96661743e+02, 7.05660767e+02,
    7.90445923e+02, 7.31745972e+02, 7.83921326e+02, 7.57685242e+02,
    7.77398926e+02, 7.83919128e+02, 7.71082458e+02, 8.10187622e+02,
    7.83672546e+02, 6.47839417e+02, 7.77420044e+02, 6.73603577e+02,
    7.70793579e+02, 6.99578064e+02, 7.64581604e+02, 7.25468933e+02,
    7.58227295e+02, 7.51776306e+02, 7.51716248e+02, 7.77653870e+02,
    7.45049072e+02, 8.04177734e+02, 7.57976562e+02, 6.41595825e+02,
    7.51501038e+02, 6.67659058e+02, 7.45252563e+02, 6.93470337e+02,
    7.38656921e+02, 7.19625793e+02, 7.32340942e+02, 7.45497559e+02,
    7.25686584e+02, 7.71820618e+02, 7.19286072e+02, 7.97768066e+02,
    7.32321777e+02, 6.35781433e+02, 7.25628052e+02, 6.61451965e+02,
    7.19088684e+02, 6.87506470e+02, 7.12725098e+02, 7.13397705e+02,
    7.06337524e+02, 7.39668823e+02, 6.99670227e+02, 7.65684570e+02,
    6.93054138e+02, 7.92049683e+02 ]
