%YAML:1.0
---
points: [ 3.36678162e+02, 2.43209305e+02, 3.32709229e+02, 2.53019577e+02,
    3.28857025e+02, 2.62853699e+02, 3.25073059e+02, 2.72728851e+02,
    3.21255890e+02, 2.82518860e+02, 3.17400848e+02, 2.92437714e+02,
    3.13602203e+02, 3.02190247e+02, 3.27491150e+02, 2.39686661e+02,
    3.23707886e+02, 2.49334412e+02, 3.19886078e+02, 2.58963593e+02,
    3.16149200e+02, 2.68622925e+02, 3.12375671e+02, 2.78305420e+02,
    3.08602753e+02, 2.87920013e+02, 3.04828888e+02, 2.97714447e+02,
    3.18624207e+02, 2.36317123e+02, 3.14888123e+02, 2.45822952e+02,
    3.11206024e+02, 2.55224442e+02, 3.07476776e+02, 2.64685059e+02,
    3.03773773e+02, 2.74180695e+02, 3.00102295e+02, 2.83761261e+02,
    2.96403046e+02, 2.93256409e+02, 3.10088074e+02, 2.33024323e+02,
    3.06531555e+02, 2.42299316e+02, 3.02859192e+02, 2.51688843e+02,
    2.99216034e+02, 2.60961578e+02, 2.95593811e+02, 2.70339539e+02,
    2.91931580e+02, 2.79628143e+02, 2.88343842e+02, 2.89036041e+02,
    3.01904266e+02, 2.29891403e+02, 2.98325989e+02, 2.38991394e+02,
    2.94660950e+02, 2.48173584e+02, 2.91197357e+02, 2.57351929e+02,
    2.87613281e+02, 2.66490601e+02, 2.84043091e+02, 2.75706055e+02,
    2.80455688e+02, 2.84893036e+02, 2.93939423e+02, 2.26809799e+02,
    2.90397766e+02, 2.35800293e+02, 2.86932526e+02, 2.44815262e+02,
    2.83408051e+02, 2.53793365e+02, 2.79906494e+02, 2.62789276e+02,
    2.76360291e+02, 2.71855469e+02, 2.72880310e+02, 2.80939667e+02,
    2.86282898e+02, 2.23805923e+02, 2.82862640e+02, 2.32764359e+02,
    2.79412231e+02, 2.41579376e+02, 2.75957153e+02, 2.50486481e+02,
    2.72497253e+02, 2.59317657e+02, 2.69028595e+02, 2.68194977e+02,
    2.65657440e+02, 2.77093567e+02, 2.78872711e+02, 2.21072037e+02,
    2.75580719e+02, 2.29738373e+02, 2.72116394e+02, 2.38457733e+02,
    2.68757629e+02, 2.47125336e+02, 2.65315399e+02, 2.55918961e+02,
    2.61936249e+02, 2.64590668e+02, 2.58491150e+02, 2.73460693e+02,
    2.71819977e+02, 2.18250259e+02, 2.68515656e+02, 2.26946915e+02,
    2.65173309e+02, 2.35393265e+02, 2.61748352e+02, 2.44102188e+02,
    2.58340088e+02, 2.52613449e+02, 2.55114319e+02, 2.61246033e+02,
    2.51660416e+02, 2.69787537e+02 ]
