%YAML:1.0
---
points: [ 9.68457642e+02, 1.14303696e+02, 9.90058289e+02, 1.32303467e+02,
    1.01097388e+03, 1.49903778e+02, 1.03164648e+03, 1.67281708e+02,
    1.05180286e+03, 1.84134521e+02, 1.07167603e+03, 2.00563583e+02,
    1.09109033e+03, 2.16768402e+02, 9.54537537e+02, 1.38126846e+02,
    9.76290283e+02, 1.55963715e+02, 9.97566528e+02, 1.73403870e+02,
    1.01837109e+03, 1.90425766e+02, 1.03866431e+03, 2.07081451e+02,
    1.05861768e+03, 2.23438034e+02, 1.07825208e+03, 2.39347351e+02,
    9.40631592e+02, 1.61902145e+02, 9.62567444e+02, 1.79584579e+02,
    9.83861877e+02, 1.96759201e+02, 1.00497125e+03, 2.13674820e+02,
    1.02544373e+03, 2.30142151e+02, 1.04562585e+03, 2.46227844e+02,
    1.06542578e+03, 2.61998199e+02, 9.26635193e+02, 1.85843201e+02,
    9.48716919e+02, 2.03337967e+02, 9.70422302e+02, 2.20324203e+02,
    9.91518188e+02, 2.36920334e+02, 1.01224683e+03, 2.53155624e+02,
    1.03246179e+03, 2.69058044e+02, 1.05243408e+03, 2.84587433e+02,
    9.12639587e+02, 2.10037277e+02, 9.34902832e+02, 2.27137802e+02,
    9.56628479e+02, 2.43859253e+02, 9.78021118e+02, 2.60283936e+02,
    9.98805725e+02, 2.76338318e+02, 1.01934198e+03, 2.91891266e+02,
    1.03941675e+03, 3.07320801e+02, 8.98599182e+02, 2.34105377e+02,
    9.21095825e+02, 2.51002441e+02, 9.43016113e+02, 2.67519928e+02,
    9.64504272e+02, 2.83709503e+02, 9.85524048e+02, 2.99532257e+02,
    1.00606818e+03, 3.14911652e+02, 1.02626001e+03, 3.30184723e+02,
    8.84517578e+02, 2.58183655e+02, 9.07158875e+02, 2.74819916e+02,
    9.29281189e+02, 2.91134918e+02, 9.50881165e+02, 3.07015106e+02,
    9.72111084e+02, 3.22605896e+02, 9.92878235e+02, 3.37814789e+02,
    1.01322278e+03, 3.52850800e+02, 8.70383423e+02, 2.82379395e+02,
    8.93269409e+02, 2.98748779e+02, 9.15471741e+02, 3.14741211e+02,
    9.37341919e+02, 3.30542938e+02, 9.58535645e+02, 3.45798431e+02,
    9.79503906e+02, 3.60946442e+02, 9.99874695e+02, 3.75633362e+02,
    8.56206909e+02, 3.06521667e+02, 8.79245911e+02, 3.22737061e+02,
    9.01605042e+02, 3.38566101e+02, 9.23598694e+02, 3.54112793e+02,
    9.45124268e+02, 3.69267090e+02, 9.66186523e+02, 3.84071136e+02,
    9.86759460e+02, 3.98541870e+02 ]
