%YAML:1.0
---
points: [ 2.99925995e+02, 1.75787598e+02, 3.02508667e+02, 1.84310165e+02,
    3.04986237e+02, 1.92855225e+02, 3.07551239e+02, 2.01407043e+02,
    3.10091492e+02, 2.09977005e+02, 3.12721100e+02, 2.18654144e+02,
    3.15331177e+02, 2.27222946e+02, 2.91345703e+02, 1.78337814e+02,
    2.93866852e+02, 1.86934982e+02, 2.96451721e+02, 1.95420807e+02,
    2.99002197e+02, 2.03951599e+02, 3.01532074e+02, 2.12679306e+02,
    3.04145660e+02, 2.21130127e+02, 3.06721313e+02, 2.29721329e+02,
    2.82824768e+02, 1.80843750e+02, 2.85306610e+02, 1.89430313e+02,
    2.87867828e+02, 1.97994141e+02, 2.90355469e+02, 2.06550507e+02,
    2.92955139e+02, 2.15121704e+02, 2.95545532e+02, 2.23708496e+02,
    2.98138702e+02, 2.32297928e+02, 2.74276703e+02, 1.83427536e+02,
    2.76836884e+02, 1.92036819e+02, 2.79367401e+02, 2.00505295e+02,
    2.81884338e+02, 2.09097656e+02, 2.84564514e+02, 2.17644623e+02,
    2.87029022e+02, 2.26257355e+02, 2.89617249e+02, 2.34816803e+02,
    2.65709351e+02, 1.86084396e+02, 2.68201569e+02, 1.94482895e+02,
    2.70806030e+02, 2.03120743e+02, 2.73350800e+02, 2.11669922e+02,
    2.75901459e+02, 2.20203491e+02, 2.78439697e+02, 2.28835861e+02,
    2.80992889e+02, 2.37401093e+02, 2.57180878e+02, 1.88550079e+02,
    2.59721100e+02, 1.97103638e+02, 2.62119965e+02, 2.05643723e+02,
    2.64832672e+02, 2.14218170e+02, 2.67280975e+02, 2.22790756e+02,
    2.69880066e+02, 2.31385529e+02, 2.72409637e+02, 2.39932846e+02,
    2.48616714e+02, 1.91090866e+02, 2.51165665e+02, 1.99548935e+02,
    2.53822128e+02, 2.08285858e+02, 2.56213135e+02, 2.16663879e+02,
    2.58814270e+02, 2.25299606e+02, 2.61294464e+02, 2.33871658e+02,
    2.63950714e+02, 2.42459229e+02, 2.40150787e+02, 1.93666748e+02,
    2.42584549e+02, 2.02061111e+02, 2.45233154e+02, 2.10649673e+02,
    2.47577530e+02, 2.19350601e+02, 2.50162048e+02, 2.27858688e+02,
    2.52881180e+02, 2.36464294e+02, 2.55331314e+02, 2.45058701e+02,
    2.31538254e+02, 1.96203903e+02, 2.34148682e+02, 2.04787064e+02,
    2.36635422e+02, 2.13370972e+02, 2.39252151e+02, 2.21817017e+02,
    2.41712448e+02, 2.30532181e+02, 2.44212021e+02, 2.39022202e+02,
    2.46814255e+02, 2.47548111e+02 ]
