%YAML:1.0
---
points: [ 8.31359497e+02, 3.84200928e+02, 8.08759705e+02, 3.97878326e+02,
    7.86179688e+02, 4.11503601e+02, 7.63584534e+02, 4.25309143e+02,
    7.40840637e+02, 4.38926086e+02, 7.18301025e+02, 4.52584656e+02,
    6.95499329e+02, 4.66186218e+02, 8.17638123e+02, 3.61431549e+02,
    7.94882690e+02, 3.75160095e+02, 7.72320618e+02, 3.88732391e+02,
    7.49575928e+02, 4.02527374e+02, 7.27042053e+02, 4.16170868e+02,
    7.04206970e+02, 4.29736176e+02, 6.81491882e+02, 4.43483276e+02,
    8.03622559e+02, 3.38560760e+02, 7.81120911e+02, 3.52313599e+02,
    7.58291626e+02, 3.66005310e+02, 7.35692932e+02, 3.79744751e+02,
    7.12829163e+02, 3.93416351e+02, 6.90264465e+02, 4.07111572e+02,
    6.67317932e+02, 4.20732330e+02, 7.89764465e+02, 3.15669922e+02,
    7.66906677e+02, 3.29504974e+02, 7.44447876e+02, 3.43137054e+02,
    7.21522583e+02, 3.56753113e+02, 6.98984802e+02, 3.70587708e+02,
    6.76041748e+02, 3.84314331e+02, 6.53297058e+02, 3.97917419e+02,
    7.75646912e+02, 2.92602661e+02, 7.53185852e+02, 3.06369843e+02,
    7.30318604e+02, 3.20215637e+02, 7.07587036e+02, 3.33986023e+02,
    6.84668823e+02, 3.47616364e+02, 6.61981262e+02, 3.61377533e+02,
    6.39048950e+02, 3.74982117e+02, 7.61661804e+02, 2.69486755e+02,
    7.38845032e+02, 2.83270264e+02, 7.16254150e+02, 2.97081635e+02,
    6.93297791e+02, 3.10754730e+02, 6.70563904e+02, 3.24634094e+02,
    6.47661499e+02, 3.38273010e+02, 6.24813232e+02, 3.52104218e+02,
    7.47686707e+02, 2.46319656e+02, 7.25016541e+02, 2.60413574e+02,
    7.02005554e+02, 2.74070496e+02, 6.79289429e+02, 2.87876465e+02,
    6.56367615e+02, 3.01591431e+02, 6.33635193e+02, 3.15440308e+02,
    6.10608398e+02, 3.29198975e+02, 7.33567383e+02, 2.23277649e+02,
    7.10757141e+02, 2.36825012e+02, 6.87903625e+02, 2.51014313e+02,
    6.65095398e+02, 2.64650116e+02, 6.42270508e+02, 2.78551270e+02,
    6.19328064e+02, 2.92318909e+02, 5.96462341e+02, 3.06045319e+02,
    7.19415588e+02, 1.99703171e+02, 6.96529480e+02, 2.13784668e+02,
    6.73676941e+02, 2.27577408e+02, 6.50706360e+02, 2.41553696e+02,
    6.27899414e+02, 2.55314041e+02, 6.05110107e+02, 2.69213318e+02,
    5.82147339e+02, 2.82805023e+02 ]
