%YAML:1.0
---
points: [ 1.09786389e+03, 6.69665405e+02, 1.07649585e+03, 6.73760071e+02,
    1.05470300e+03, 6.77999634e+02, 1.03248328e+03, 6.82290283e+02,
    1.00964410e+03, 6.86821960e+02, 9.86250793e+02, 6.91534485e+02,
    9.62205994e+02, 6.96260010e+02, 1.09638501e+03, 6.44113708e+02,
    1.07497974e+03, 6.47815735e+02, 1.05315149e+03, 6.51616272e+02,
    1.03071606e+03, 6.55715759e+02, 1.00766504e+03, 6.60070068e+02,
    9.84280090e+02, 6.64384033e+02, 9.60154114e+02, 6.68692505e+02,
    1.09492468e+03, 6.18336182e+02, 1.07348865e+03, 6.21915161e+02,
    1.05140442e+03, 6.25480103e+02, 1.02881543e+03, 6.29237061e+02,
    1.00600366e+03, 6.33223328e+02, 9.82370483e+02, 6.37104614e+02,
    9.58311768e+02, 6.41172913e+02, 1.09349475e+03, 5.92487732e+02,
    1.07176270e+03, 5.95895264e+02, 1.04967700e+03, 5.99056885e+02,
    1.02728125e+03, 6.02590149e+02, 1.00417188e+03, 6.06262939e+02,
    9.80478088e+02, 6.09749390e+02, 9.56245239e+02, 6.13533325e+02,
    1.09194067e+03, 5.66561462e+02, 1.07024377e+03, 5.69724426e+02,
    1.04819116e+03, 5.72590454e+02, 1.02548962e+03, 5.75795715e+02,
    1.00230322e+03, 5.79175049e+02, 9.78595398e+02, 5.82304443e+02,
    9.54230225e+02, 5.85879761e+02, 1.09044348e+03, 5.40460327e+02,
    1.06879663e+03, 5.43392212e+02, 1.04641016e+03, 5.46052002e+02,
    1.02365259e+03, 5.49119202e+02, 1.00050812e+03, 5.51653748e+02,
    9.76589355e+02, 5.54834167e+02, 9.52426636e+02, 5.57949768e+02,
    1.08886816e+03, 5.14376099e+02, 1.06697217e+03, 5.16909607e+02,
    1.04466711e+03, 5.19340576e+02, 1.02193658e+03, 5.21905212e+02,
    9.98612061e+02, 5.24501099e+02, 9.74676758e+02, 5.27293457e+02,
    9.50208313e+02, 5.29866455e+02, 1.08719141e+03, 4.88152710e+02,
    1.06539478e+03, 4.90465698e+02, 1.04310168e+03, 4.92560547e+02,
    1.02016345e+03, 4.94869751e+02, 9.96718689e+02, 4.97238373e+02,
    9.72871155e+02, 4.99473785e+02, 9.48408142e+02, 5.01987213e+02,
    1.08557751e+03, 4.61739655e+02, 1.06364758e+03, 4.63783569e+02,
    1.04132532e+03, 4.65603485e+02, 1.01836499e+03, 4.67514435e+02,
    9.95077637e+02, 4.69665375e+02, 9.70879761e+02, 4.71576050e+02,
    9.46342346e+02, 4.73656769e+02 ]
