%YAML:1.0
---
points: [ 3.24907043e+02, 2.59490875e+02, 3.17810699e+02, 2.60883453e+02,
    3.10606903e+02, 2.62326782e+02, 3.03133972e+02, 2.63777161e+02,
    2.95610962e+02, 2.65297791e+02, 2.87906494e+02, 2.66889008e+02,
    2.80045624e+02, 2.68457428e+02, 3.24268463e+02, 2.50793488e+02,
    3.17246918e+02, 2.52071014e+02, 3.10020660e+02, 2.53497391e+02,
    3.02529663e+02, 2.54780167e+02, 2.94999023e+02, 2.56213501e+02,
    2.87271210e+02, 2.57611816e+02, 2.79269440e+02, 2.59132996e+02,
    3.23872589e+02, 2.42018875e+02, 3.16764374e+02, 2.43270279e+02,
    3.09460663e+02, 2.44516037e+02, 3.02075775e+02, 2.45750061e+02,
    2.94402740e+02, 2.47009338e+02, 2.86676270e+02, 2.48423355e+02,
    2.78726379e+02, 2.49769150e+02, 3.23277802e+02, 2.33372955e+02,
    3.16283600e+02, 2.34401352e+02, 3.09009979e+02, 2.35598846e+02,
    3.01433441e+02, 2.36720306e+02, 2.93836029e+02, 2.37914062e+02,
    2.86132019e+02, 2.39137131e+02, 2.78071198e+02, 2.40401093e+02,
    3.22946320e+02, 2.24422516e+02, 3.15753723e+02, 2.25516632e+02,
    3.08338989e+02, 2.26540024e+02, 3.00954437e+02, 2.27661377e+02,
    2.93295349e+02, 2.28703705e+02, 2.85355347e+02, 2.29872879e+02,
    2.77397308e+02, 2.30965225e+02, 3.22310699e+02, 2.15648178e+02,
    3.15285889e+02, 2.16530228e+02, 3.07923401e+02, 2.17521835e+02,
    3.00324219e+02, 2.18445099e+02, 2.92715851e+02, 2.19509827e+02,
    2.84787476e+02, 2.20445404e+02, 2.76751251e+02, 2.21598740e+02,
    3.21971405e+02, 2.06727615e+02, 3.14713043e+02, 2.07614349e+02,
    3.07282410e+02, 2.08415253e+02, 2.99818329e+02, 2.09253098e+02,
    2.92085083e+02, 2.10181808e+02, 2.84217529e+02, 2.11138321e+02,
    2.76083466e+02, 2.12048615e+02, 3.21359589e+02, 1.97872330e+02,
    3.14250946e+02, 1.98555557e+02, 3.06785156e+02, 1.99327820e+02,
    2.99245117e+02, 2.00113312e+02, 2.91437714e+02, 2.00866592e+02,
    2.83581482e+02, 2.01657501e+02, 2.75486511e+02, 2.02569611e+02,
    3.20918243e+02, 1.88837936e+02, 3.13611542e+02, 1.89493683e+02,
    3.06254272e+02, 1.90194672e+02, 2.98654083e+02, 1.90881332e+02,
    2.91007355e+02, 1.91489746e+02, 2.83029358e+02, 1.92282059e+02,
    2.74866089e+02, 1.92944519e+02 ]
