%YAML:1.0
---
points: [ 1.27812463e+03, 3.03305664e+02, 1.25137769e+03, 3.17878754e+02,
    1.22494604e+03, 3.32679382e+02, 1.19914429e+03, 3.46691956e+02,
    1.17362317e+03, 3.60862793e+02, 1.14905676e+03, 3.74595612e+02,
    1.12456140e+03, 3.88043213e+02, 1.26476001e+03, 2.77781982e+02,
    1.23779590e+03, 2.93176056e+02, 1.21163220e+03, 3.07745087e+02,
    1.18583521e+03, 3.22520111e+02, 1.16057349e+03, 3.36611694e+02,
    1.13571375e+03, 3.50753296e+02, 1.11143347e+03, 3.64393311e+02,
    1.25134937e+03, 2.52420410e+02, 1.22458569e+03, 2.67657379e+02,
    1.19823450e+03, 2.83006836e+02, 1.17249390e+03, 2.97690155e+02,
    1.14715991e+03, 3.12435791e+02, 1.12238574e+03, 3.26589691e+02,
    1.09794080e+03, 3.40772003e+02, 1.23793762e+03, 2.26553955e+02,
    1.21098682e+03, 2.42481110e+02, 1.18478748e+03, 2.57773041e+02,
    1.15897302e+03, 2.73131348e+02, 1.13381042e+03, 2.87733643e+02,
    1.10894897e+03, 3.02628540e+02, 1.08463977e+03, 3.16682770e+02,
    1.22428601e+03, 2.00526474e+02, 1.19744556e+03, 2.16554871e+02,
    1.17120447e+03, 2.32466507e+02, 1.14541284e+03, 2.47691772e+02,
    1.12019238e+03, 2.63169067e+02, 1.09545251e+03, 2.77872192e+02,
    1.07118579e+03, 2.92479004e+02, 1.21052576e+03, 1.74091095e+02,
    1.18362683e+03, 1.90582840e+02, 1.15755371e+03, 2.06703979e+02,
    1.13172571e+03, 2.22432648e+02, 1.10651111e+03, 2.37885132e+02,
    1.08174585e+03, 2.53247559e+02, 1.05755383e+03, 2.68100525e+02,
    1.19647534e+03, 1.47626678e+02, 1.16984021e+03, 1.64333374e+02,
    1.14352747e+03, 1.80845612e+02, 1.11803503e+03, 1.96719162e+02,
    1.09272363e+03, 2.12689026e+02, 1.06812842e+03, 2.28143677e+02,
    1.04378003e+03, 2.43374207e+02, 1.18265857e+03, 1.20754662e+02,
    1.15582397e+03, 1.38108536e+02, 1.12972766e+03, 1.54570129e+02,
    1.10398596e+03, 1.71150452e+02, 1.07897131e+03, 1.87206284e+02,
    1.05421350e+03, 2.02994308e+02, 1.03008313e+03, 2.18363434e+02,
    1.16830359e+03, 9.38509521e+01, 1.14183423e+03, 1.11054886e+02,
    1.11556360e+03, 1.28280975e+02, 1.09011438e+03, 1.44771286e+02,
    1.06477368e+03, 1.61456848e+02, 1.04033508e+03, 1.77335144e+02,
    1.01587720e+03, 1.93325729e+02 ]
