%YAML:1.0
---
points: [ 8.96050171e+02, 1.64501099e+02, 8.86980225e+02, 1.90274460e+02,
    8.78051453e+02, 2.15844620e+02, 8.68929016e+02, 2.41353378e+02,
    8.60147888e+02, 2.66900818e+02, 8.51108215e+02, 2.92389099e+02,
    8.42351379e+02, 3.17960571e+02, 8.70726624e+02, 1.55734543e+02,
    8.61678345e+02, 1.81459015e+02, 8.52614563e+02, 2.07303970e+02,
    8.43851074e+02, 2.32625519e+02, 8.34817993e+02, 2.58201019e+02,
    8.26050659e+02, 2.83715942e+02, 8.16966980e+02, 3.08975250e+02,
    8.45474609e+02, 1.47154190e+02, 8.36584229e+02, 1.72686508e+02,
    8.27661194e+02, 1.98523132e+02, 8.18707092e+02, 2.23947372e+02,
    8.09758179e+02, 2.49397263e+02, 8.00597595e+02, 2.74951630e+02,
    7.91760132e+02, 3.00304504e+02, 8.20323730e+02, 1.38574020e+02,
    8.11519104e+02, 1.64149261e+02, 8.02516418e+02, 1.89745956e+02,
    7.93546204e+02, 2.15286209e+02, 7.84691589e+02, 2.40483002e+02,
    7.75791687e+02, 2.66191254e+02, 7.66767883e+02, 2.91537537e+02,
    7.95360352e+02, 1.29960403e+02, 7.86300354e+02, 1.55498962e+02,
    7.77382019e+02, 1.80884552e+02, 7.68358765e+02, 2.06527298e+02,
    7.59642151e+02, 2.31824265e+02, 7.50695435e+02, 2.57288055e+02,
    7.41821594e+02, 2.82865662e+02, 7.69984497e+02, 1.21207893e+02,
    7.61165222e+02, 1.46727188e+02, 7.52205811e+02, 1.72267624e+02,
    7.43429688e+02, 1.97749252e+02, 7.34517029e+02, 2.23257950e+02,
    7.25706970e+02, 2.48490311e+02, 7.16660339e+02, 2.73833130e+02,
    7.45111511e+02, 1.12554138e+02, 7.36073730e+02, 1.38306015e+02,
    7.27455566e+02, 1.63630371e+02, 7.18464050e+02, 1.89191483e+02,
    7.09536377e+02, 2.14534134e+02, 7.00692688e+02, 2.39786377e+02,
    6.91846924e+02, 2.65167999e+02, 7.19997070e+02, 1.04015991e+02,
    7.11228821e+02, 1.29458466e+02, 7.02295227e+02, 1.55115341e+02,
    6.93427979e+02, 1.80336411e+02, 6.84550659e+02, 2.05725998e+02,
    6.75805298e+02, 2.31315430e+02, 6.67028259e+02, 2.56387482e+02,
    6.95201782e+02, 9.54335938e+01, 6.86163757e+02, 1.20709381e+02,
    6.77368896e+02, 1.46362579e+02, 6.68475464e+02, 1.71628372e+02,
    6.59838501e+02, 1.97154785e+02, 6.50870483e+02, 2.22500412e+02,
    6.42211731e+02, 2.47771225e+02 ]
