%YAML:1.0
---
points: [ 3.87870361e+02, 1.35057449e+02, 3.78668396e+02, 1.40008408e+02,
    3.69545288e+02, 1.44949905e+02, 3.60663574e+02, 1.49762726e+02,
    3.51789795e+02, 1.54489441e+02, 3.43201355e+02, 1.59111603e+02,
    3.34685303e+02, 1.63813034e+02, 3.83447845e+02, 1.26432236e+02,
    3.74168213e+02, 1.31547714e+02, 3.65106049e+02, 1.36568710e+02,
    3.56119202e+02, 1.41509140e+02, 3.47368042e+02, 1.46349182e+02,
    3.38741302e+02, 1.51108368e+02, 3.30238373e+02, 1.55764481e+02,
    3.78879089e+02, 1.17804787e+02, 3.69775787e+02, 1.22964630e+02,
    3.60616119e+02, 1.28147934e+02, 3.51729431e+02, 1.33152344e+02,
    3.42903900e+02, 1.38078430e+02, 3.34255524e+02, 1.42877792e+02,
    3.25783478e+02, 1.47708496e+02, 3.74399750e+02, 1.09149101e+02,
    3.65175751e+02, 1.14406807e+02, 3.56077698e+02, 1.19576317e+02,
    3.47145691e+02, 1.24741280e+02, 3.38443329e+02, 1.29759354e+02,
    3.29813568e+02, 1.34735687e+02, 3.21335083e+02, 1.39578827e+02,
    3.69768555e+02, 1.00335281e+02, 3.60571655e+02, 1.05684143e+02,
    3.51532532e+02, 1.11023087e+02, 3.42711426e+02, 1.16151299e+02,
    3.33941803e+02, 1.21295052e+02, 3.25303345e+02, 1.26358742e+02,
    3.16829773e+02, 1.31336197e+02, 3.65163666e+02, 9.14627609e+01,
    3.55943451e+02, 9.69182129e+01, 3.46997620e+02, 1.02160851e+02,
    3.37966461e+02, 1.07645264e+02, 3.29320435e+02, 1.12696419e+02,
    3.20663849e+02, 1.17921402e+02, 3.12351593e+02, 1.22995598e+02,
    3.60585602e+02, 8.25124512e+01, 3.51378113e+02, 8.81678009e+01,
    3.42179382e+02, 9.35487213e+01, 3.33701904e+02, 9.88024445e+01,
    3.24715149e+02, 1.04416382e+02, 3.16207581e+02, 1.09405777e+02,
    3.07654266e+02, 1.14748077e+02, 3.55868347e+02, 7.36328735e+01,
    3.46691528e+02, 7.91487656e+01, 3.37752899e+02, 8.48627167e+01,
    3.28400452e+02, 9.03677368e+01, 3.19825684e+02, 9.55461655e+01,
    3.11426392e+02, 1.01121628e+02, 3.03074066e+02, 1.06208733e+02,
    3.51123779e+02, 6.43608856e+01, 3.41855804e+02, 7.02101364e+01,
    3.32901489e+02, 7.58153687e+01, 3.23954559e+02, 8.16166916e+01,
    3.15353271e+02, 8.69616928e+01, 3.06716675e+02, 9.23257980e+01,
    2.98471985e+02, 9.77758865e+01 ]
