%YAML:1.0
---
points: [ 2.62972870e+02, 2.29230225e+02, 2.56251007e+02, 2.35014786e+02,
    2.49404541e+02, 2.40912964e+02, 2.42662964e+02, 2.46575287e+02,
    2.35856018e+02, 2.52568085e+02, 2.29071411e+02, 2.58447357e+02,
    2.22251816e+02, 2.64319275e+02, 2.57224457e+02, 2.22365875e+02,
    2.50354858e+02, 2.28235046e+02, 2.43562485e+02, 2.34122162e+02,
    2.36824478e+02, 2.39895752e+02, 2.29993927e+02, 2.45766617e+02,
    2.23195175e+02, 2.51688705e+02, 2.16340286e+02, 2.57522400e+02,
    2.51336487e+02, 2.15493683e+02, 2.44584930e+02, 2.21395615e+02,
    2.37806732e+02, 2.27295212e+02, 2.31010559e+02, 2.33125656e+02,
    2.24218384e+02, 2.38964676e+02, 2.17342514e+02, 2.44819733e+02,
    2.10553619e+02, 2.50729385e+02, 2.45454605e+02, 2.08923828e+02,
    2.38726181e+02, 2.14795853e+02, 2.31946274e+02, 2.20483643e+02,
    2.25227142e+02, 2.26421417e+02, 2.18315491e+02, 2.32219940e+02,
    2.11559921e+02, 2.38146805e+02, 2.04726212e+02, 2.43950043e+02,
    2.39667450e+02, 2.02115814e+02, 2.32862289e+02, 2.07966141e+02,
    2.26163925e+02, 2.13783340e+02, 2.19276794e+02, 2.19606918e+02,
    2.12571426e+02, 2.25478348e+02, 2.05677338e+02, 2.31307144e+02,
    1.98826401e+02, 2.37178940e+02, 2.33844849e+02, 1.95361206e+02,
    2.27079300e+02, 2.01142868e+02, 2.20243927e+02, 2.06946945e+02,
    2.13445526e+02, 2.12834167e+02, 2.06639969e+02, 2.18653183e+02,
    1.99814911e+02, 2.24527771e+02, 1.93000671e+02, 2.30362839e+02,
    2.28004852e+02, 1.88576828e+02, 2.21193085e+02, 1.94385315e+02,
    2.14434937e+02, 2.00193222e+02, 2.07639496e+02, 2.06024307e+02,
    2.00838852e+02, 2.11992004e+02, 1.93952423e+02, 2.17742935e+02,
    1.87161087e+02, 2.23597122e+02, 2.22155060e+02, 1.81855713e+02,
    2.15347397e+02, 1.87652084e+02, 2.08561417e+02, 1.93484390e+02,
    2.01783356e+02, 1.99275314e+02, 1.94958878e+02, 2.05134644e+02,
    1.88179779e+02, 2.10964462e+02, 1.81307648e+02, 2.16848587e+02,
    2.16313080e+02, 1.75086868e+02, 2.09517395e+02, 1.80890518e+02,
    2.02734024e+02, 1.86675674e+02, 1.95936096e+02, 1.92517609e+02,
    1.89111862e+02, 1.98303772e+02, 1.82288925e+02, 2.04214096e+02,
    1.75426483e+02, 2.10030182e+02 ]
