%YAML:1.0
---
points: [ 9.92906189e+02, 1.82334229e+02, 9.80898743e+02, 2.07369675e+02,
    9.69213501e+02, 2.32258347e+02, 9.57328247e+02, 2.56933807e+02,
    9.45665588e+02, 2.81379059e+02, 9.34034973e+02, 3.05824890e+02,
    9.22383423e+02, 3.30206329e+02, 9.68847839e+02, 1.69206375e+02,
    9.57113586e+02, 1.94354584e+02, 9.45325989e+02, 2.19377594e+02,
    9.33532959e+02, 2.44221207e+02, 9.21733276e+02, 2.68777191e+02,
    9.10132385e+02, 2.93468872e+02, 8.98525085e+02, 3.17805878e+02,
    9.45190369e+02, 1.56003387e+02, 9.33003418e+02, 1.81230499e+02,
    9.21349854e+02, 2.06366608e+02, 9.09445618e+02, 2.31393677e+02,
    8.97748352e+02, 2.56246826e+02, 8.86098938e+02, 2.80840729e+02,
    8.74462341e+02, 3.05566681e+02, 9.20646606e+02, 1.42449921e+02,
    9.08860901e+02, 1.67950165e+02, 8.96982239e+02, 1.93201080e+02,
    8.85273376e+02, 2.18497971e+02, 8.73403809e+02, 2.43329224e+02,
    8.61739807e+02, 2.68194397e+02, 8.50243530e+02, 2.92882996e+02,
    8.96271729e+02, 1.28897766e+02, 8.84110291e+02, 1.54397934e+02,
    8.72507874e+02, 1.79925354e+02, 8.60597351e+02, 2.05183426e+02,
    8.49004578e+02, 2.30471542e+02, 8.37119019e+02, 2.55352661e+02,
    8.25535095e+02, 2.80318207e+02, 8.71300720e+02, 1.15183205e+02,
    8.59480957e+02, 1.40820007e+02, 8.47464600e+02, 1.66437057e+02,
    8.35729004e+02, 1.91869476e+02, 8.23964478e+02, 2.17132828e+02,
    8.12295898e+02, 2.42407349e+02, 8.00514526e+02, 2.67405975e+02,
    8.46388733e+02, 1.01258774e+02, 8.34336060e+02, 1.27075485e+02,
    8.22595032e+02, 1.52825638e+02, 8.10553101e+02, 1.78475998e+02,
    7.98931030e+02, 2.04041306e+02, 7.87169006e+02, 2.29300079e+02,
    7.75523743e+02, 2.54474594e+02, 8.20838867e+02, 8.72120514e+01,
    8.09075745e+02, 1.13339806e+02, 7.97090332e+02, 1.39107132e+02,
    7.85355713e+02, 1.64922241e+02, 7.73443542e+02, 1.90436966e+02,
    7.61743958e+02, 2.15973312e+02, 7.50059082e+02, 2.41328995e+02,
    7.95413696e+02, 7.30588684e+01, 7.83379944e+02, 9.90532455e+01,
    7.71569641e+02, 1.25220634e+02, 7.59596558e+02, 1.51048019e+02,
    7.47932861e+02, 1.77036667e+02, 7.35951233e+02, 2.02470383e+02,
    7.24505127e+02, 2.28124252e+02 ]
