%YAML:1.0
---
points: [ 1.75326096e+02, 2.44193466e+02, 1.84538910e+02, 2.44927734e+02,
    1.93900009e+02, 2.45518738e+02, 2.03145660e+02, 2.46181000e+02,
    2.12428207e+02, 2.46871964e+02, 2.21654236e+02, 2.47492813e+02,
    2.30919525e+02, 2.48267822e+02, 1.73334106e+02, 2.51793716e+02,
    1.82879517e+02, 2.52426849e+02, 1.92352097e+02, 2.53096817e+02,
    2.01754181e+02, 2.53775055e+02, 2.11121750e+02, 2.54452255e+02,
    2.20585220e+02, 2.55105789e+02, 2.29979446e+02, 2.55766373e+02,
    1.71416870e+02, 2.59629669e+02, 1.81053436e+02, 2.60242920e+02,
    1.90734024e+02, 2.60967407e+02, 2.00258331e+02, 2.61618103e+02,
    2.09890167e+02, 2.62319336e+02, 2.19453903e+02, 2.62969574e+02,
    2.29071732e+02, 2.63642700e+02, 1.69321487e+02, 2.67708527e+02,
    1.79219833e+02, 2.68352386e+02, 1.89019272e+02, 2.69061981e+02,
    1.98797562e+02, 2.69755341e+02, 2.08491592e+02, 2.70438812e+02,
    2.18351135e+02, 2.71090057e+02, 2.28025162e+02, 2.71868134e+02,
    1.67289627e+02, 2.76175323e+02, 1.77196396e+02, 2.76887268e+02,
    1.87222916e+02, 2.77514313e+02, 1.97213852e+02, 2.78190216e+02,
    2.07144730e+02, 2.78931152e+02, 2.17116806e+02, 2.79593353e+02,
    2.27014221e+02, 2.80324860e+02, 1.65003326e+02, 2.84980072e+02,
    1.75222778e+02, 2.85632416e+02, 1.85375046e+02, 2.86311890e+02,
    1.95609009e+02, 2.87038116e+02, 2.05697449e+02, 2.87709381e+02,
    2.15827682e+02, 2.88460571e+02, 2.25932251e+02, 2.89142090e+02,
    1.62771286e+02, 2.93945862e+02, 1.73171768e+02, 2.94673309e+02,
    1.83526413e+02, 2.95365173e+02, 1.93903275e+02, 2.96185059e+02,
    2.04213013e+02, 2.96894867e+02, 2.14508499e+02, 2.97506989e+02,
    2.24823669e+02, 2.98345551e+02, 1.60294342e+02, 3.03561401e+02,
    1.71013626e+02, 3.04204559e+02, 1.81489944e+02, 3.04962067e+02,
    1.92091125e+02, 3.05648315e+02, 2.02635483e+02, 3.06323303e+02,
    2.13152283e+02, 3.07244080e+02, 2.23710892e+02, 3.07983215e+02,
    1.57942535e+02, 3.13240204e+02, 1.68650574e+02, 3.14098907e+02,
    1.79473419e+02, 3.14811859e+02, 1.90216309e+02, 3.15488983e+02,
    2.01096222e+02, 3.16388336e+02, 2.11709808e+02, 3.17161896e+02,
    2.22521027e+02, 3.18031464e+02 ]
