%YAML:1.0
---
points: [ 1.29849854e+03, 6.28456360e+02, 1.26981104e+03, 6.39947021e+02,
    1.24213525e+03, 6.51653809e+02, 1.21452026e+03, 6.62776672e+02,
    1.18771777e+03, 6.74085266e+02, 1.16108862e+03, 6.84965637e+02,
    1.13482043e+03, 6.95845886e+02, 1.28518872e+03, 6.01719543e+02,
    1.25690588e+03, 6.13984680e+02, 1.22912769e+03, 6.25387512e+02,
    1.20168896e+03, 6.37090820e+02, 1.17475073e+03, 6.48310913e+02,
    1.14836169e+03, 6.59497620e+02, 1.12220422e+03, 6.70482605e+02,
    1.27210571e+03, 5.75405579e+02, 1.24375781e+03, 5.87402222e+02,
    1.21612170e+03, 5.99447937e+02, 1.18877295e+03, 6.11101440e+02,
    1.16198706e+03, 6.22574036e+02, 1.13549536e+03, 6.33980042e+02,
    1.10956689e+03, 6.45388245e+02, 1.25890002e+03, 5.48781067e+02,
    1.23074158e+03, 5.61389038e+02, 1.20326416e+03, 5.73388550e+02,
    1.17599329e+03, 5.85322388e+02, 1.14922778e+03, 5.96907227e+02,
    1.12287915e+03, 6.08687805e+02, 1.09676196e+03, 6.19935852e+02,
    1.24570801e+03, 5.22365662e+02, 1.21760657e+03, 5.34691528e+02,
    1.19016406e+03, 5.47238586e+02, 1.16304932e+03, 5.59280762e+02,
    1.13645923e+03, 5.71339050e+02, 1.11010498e+03, 5.82995911e+02,
    1.08434558e+03, 5.94658264e+02, 1.23259814e+03, 4.95565979e+02,
    1.20465381e+03, 5.08404297e+02, 1.17714026e+03, 5.20810486e+02,
    1.15023535e+03, 5.33298767e+02, 1.12348328e+03, 5.45487061e+02,
    1.09742737e+03, 5.57504822e+02, 1.07164832e+03, 5.69347107e+02,
    1.21951941e+03, 4.68937897e+02, 1.19156323e+03, 4.81774780e+02,
    1.16415576e+03, 4.94668549e+02, 1.13732434e+03, 5.07212189e+02,
    1.11073474e+03, 5.19739319e+02, 1.08463428e+03, 5.31872253e+02,
    1.05899939e+03, 5.43942444e+02, 1.20640979e+03, 4.42182343e+02,
    1.17851111e+03, 4.55494354e+02, 1.15127649e+03, 4.68353943e+02,
    1.12441602e+03, 4.81315887e+02, 1.09789343e+03, 4.93774139e+02,
    1.07195813e+03, 5.06329834e+02, 1.04638708e+03, 5.18539856e+02,
    1.19321143e+03, 4.15506744e+02, 1.16558081e+03, 4.28802643e+02,
    1.13830286e+03, 4.42156128e+02, 1.11155408e+03, 4.55197388e+02,
    1.08512134e+03, 4.68038971e+02, 1.05921558e+03, 4.80555054e+02,
    1.03368591e+03, 4.93244141e+02 ]
