%YAML:1.0
---
points: [ 3.95621704e+02, 2.45530716e+02, 3.85816223e+02, 2.49520966e+02,
    3.76187714e+02, 2.53408829e+02, 3.66712311e+02, 2.57289124e+02,
    3.57326202e+02, 2.61067139e+02, 3.48107849e+02, 2.64754761e+02,
    3.39047729e+02, 2.68494385e+02, 3.91153992e+02, 2.36515366e+02,
    3.81409180e+02, 2.40578842e+02, 3.71814850e+02, 2.44505325e+02,
    3.62325928e+02, 2.48440887e+02, 3.52951538e+02, 2.52320831e+02,
    3.43817169e+02, 2.56106934e+02, 3.34773499e+02, 2.59827972e+02,
    3.86755188e+02, 2.27481003e+02, 3.76919617e+02, 2.31648911e+02,
    3.67382812e+02, 2.35700027e+02, 3.57928558e+02, 2.39662125e+02,
    3.48673187e+02, 2.43550339e+02, 3.39476654e+02, 2.47426529e+02,
    3.30446777e+02, 2.51228134e+02, 3.82315308e+02, 2.18518082e+02,
    3.72635712e+02, 2.22756012e+02, 3.62980072e+02, 2.26808594e+02,
    3.53581451e+02, 2.30894485e+02, 3.44318909e+02, 2.34897583e+02,
    3.35150726e+02, 2.38817123e+02, 3.26157928e+02, 2.42680634e+02,
    3.77910065e+02, 2.09486130e+02, 3.68151093e+02, 2.13658813e+02,
    3.58634460e+02, 2.17944138e+02, 3.49201630e+02, 2.22027557e+02,
    3.39895935e+02, 2.26126541e+02, 3.30799866e+02, 2.30135010e+02,
    3.21893188e+02, 2.34102509e+02, 3.73393860e+02, 2.00365829e+02,
    3.63693756e+02, 2.04663498e+02, 3.54206818e+02, 2.08874130e+02,
    3.44718689e+02, 2.13157715e+02, 3.35598419e+02, 2.17310410e+02,
    3.26490601e+02, 2.21448196e+02, 3.17559174e+02, 2.25444855e+02,
    3.68903046e+02, 1.91280212e+02, 3.59331085e+02, 1.95684631e+02,
    3.49791840e+02, 2.00058365e+02, 3.40507050e+02, 2.04353287e+02,
    3.31248230e+02, 2.08620895e+02, 3.22188629e+02, 2.12648895e+02,
    3.13300079e+02, 2.16835999e+02, 3.64590302e+02, 1.82126617e+02,
    3.54842590e+02, 1.86676361e+02, 3.45383118e+02, 1.91135254e+02,
    3.36045837e+02, 1.95499268e+02, 3.26866486e+02, 1.99773483e+02,
    3.17844147e+02, 2.04049835e+02, 3.09024475e+02, 2.08124893e+02,
    3.60029510e+02, 1.73085556e+02, 3.50536133e+02, 1.77655365e+02,
    3.40906555e+02, 1.82234360e+02, 3.31669983e+02, 1.86620697e+02,
    3.22601929e+02, 1.90977905e+02, 3.13571472e+02, 1.95303940e+02,
    3.04740875e+02, 1.99571182e+02 ]
