%YAML:1.0
---
points: [ 4.09429138e+02, 2.43470612e+02, 4.05089081e+02, 2.50750854e+02,
    4.00911560e+02, 2.57992035e+02, 3.96477112e+02, 2.65219879e+02,
    3.92176483e+02, 2.72598755e+02, 3.87797546e+02, 2.80038269e+02,
    3.83384094e+02, 2.87330017e+02, 4.03295654e+02, 2.39021545e+02,
    3.98883484e+02, 2.46231415e+02, 3.94503265e+02, 2.53473740e+02,
    3.90136200e+02, 2.60787415e+02, 3.85728302e+02, 2.68051300e+02,
    3.81342865e+02, 2.75436157e+02, 3.76867218e+02, 2.82916870e+02,
    3.96816956e+02, 2.34265915e+02, 3.92432007e+02, 2.41576279e+02,
    3.87897156e+02, 2.48839905e+02, 3.83658264e+02, 2.56152283e+02,
    3.79139740e+02, 2.63484131e+02, 3.74737854e+02, 2.70944885e+02,
    3.70286133e+02, 2.78342499e+02, 3.90410339e+02, 2.29534943e+02,
    3.85933044e+02, 2.37006699e+02, 3.81551605e+02, 2.44171356e+02,
    3.77059479e+02, 2.51574615e+02, 3.72687988e+02, 2.58974243e+02,
    3.68030640e+02, 2.66323975e+02, 3.63643860e+02, 2.73769318e+02,
    3.83839233e+02, 2.24954422e+02, 3.79391479e+02, 2.32168945e+02,
    3.74852295e+02, 2.39520157e+02, 3.70385956e+02, 2.46859955e+02,
    3.65867035e+02, 2.54257874e+02, 3.61414978e+02, 2.61727417e+02,
    3.56759552e+02, 2.69194977e+02, 3.77280334e+02, 2.20165802e+02,
    3.72661407e+02, 2.27406158e+02, 3.68168915e+02, 2.34791092e+02,
    3.63713440e+02, 2.42159164e+02, 3.59119812e+02, 2.49569107e+02,
    3.54521027e+02, 2.57068451e+02, 3.50012909e+02, 2.64535187e+02,
    3.70519257e+02, 2.15313263e+02, 3.66042389e+02, 2.22678452e+02,
    3.61484894e+02, 2.30082840e+02, 3.56880707e+02, 2.37364456e+02,
    3.52306213e+02, 2.44888214e+02, 3.47804382e+02, 2.52360168e+02,
    3.43086395e+02, 2.59838379e+02, 3.63939453e+02, 2.10536194e+02,
    3.59236176e+02, 2.17844803e+02, 3.54674652e+02, 2.25243011e+02,
    3.50148682e+02, 2.32684647e+02, 3.45478302e+02, 2.40090393e+02,
    3.40837372e+02, 2.47573486e+02, 3.36227417e+02, 2.55120239e+02,
    3.57068054e+02, 2.05646317e+02, 3.52479614e+02, 2.12918900e+02,
    3.47855194e+02, 2.20405212e+02, 3.43250549e+02, 2.27837158e+02,
    3.38488434e+02, 2.35369049e+02, 3.33990143e+02, 2.42860397e+02,
    3.29213257e+02, 2.50357788e+02 ]
