%YAML:1.0
---
points: [ 9.92477600e+02, 2.23934998e+02, 9.76516296e+02, 2.48023209e+02,
    9.61223999e+02, 2.71483612e+02, 9.46184021e+02, 2.94385315e+02,
    9.31499390e+02, 3.16597626e+02, 9.17205505e+02, 3.38319885e+02,
    9.03245544e+02, 3.59525970e+02, 9.69199219e+02, 2.06504486e+02,
    9.53689270e+02, 2.30946396e+02, 9.38517456e+02, 2.54590027e+02,
    9.23780823e+02, 2.77812653e+02, 9.09297974e+02, 3.00248688e+02,
    8.95285828e+02, 3.22264404e+02, 8.81408997e+02, 3.43562469e+02,
    9.46102844e+02, 1.89233170e+02, 9.30677795e+02, 2.13633606e+02,
    9.15951172e+02, 2.37754913e+02, 9.01340332e+02, 2.61041840e+02,
    8.87194092e+02, 2.83816162e+02, 8.73188721e+02, 3.06037537e+02,
    8.59722717e+02, 3.27644104e+02, 9.22574707e+02, 1.71425415e+02,
    9.07668030e+02, 1.96421783e+02, 8.92984802e+02, 2.20524124e+02,
    8.78757446e+02, 2.44246902e+02, 8.64794617e+02, 2.67215546e+02,
    8.51331970e+02, 2.89739868e+02, 8.37841187e+02, 3.11493652e+02,
    8.99351013e+02, 1.53900848e+02, 8.84387939e+02, 1.79082825e+02,
    8.70256714e+02, 2.03541763e+02, 8.56078674e+02, 2.27314392e+02,
    8.42489685e+02, 2.50594971e+02, 8.29087585e+02, 2.73254639e+02,
    8.16045288e+02, 2.95426178e+02, 8.75675537e+02, 1.36141281e+02,
    8.61308960e+02, 1.61580490e+02, 8.47095215e+02, 1.86201279e+02,
    8.33430847e+02, 2.10404358e+02, 8.19910522e+02, 2.33785736e+02,
    8.06862610e+02, 2.56792480e+02, 7.93913452e+02, 2.79037872e+02,
    8.52175354e+02, 1.18370247e+02, 8.37807739e+02, 1.43939346e+02,
    8.24285645e+02, 1.69130844e+02, 8.10549988e+02, 1.93312988e+02,
    7.97576599e+02, 2.17147812e+02, 7.84619812e+02, 2.40186783e+02,
    7.72230286e+02, 2.62872894e+02, 8.28388184e+02, 1.00440529e+02,
    8.14669250e+02, 1.26466156e+02, 8.00965881e+02, 1.51540192e+02,
    7.87864258e+02, 1.76399673e+02, 7.74867676e+02, 2.00131241e+02,
    7.62408447e+02, 2.23609573e+02, 7.49966492e+02, 2.46213394e+02,
    8.04566589e+02, 8.25762787e+01, 7.90920532e+02, 1.08668434e+02,
    7.77862366e+02, 1.34290543e+02, 7.64740295e+02, 1.59068436e+02,
    7.52362854e+02, 1.83415054e+02, 7.39855957e+02, 2.06685349e+02,
    7.27855103e+02, 2.29994003e+02 ]
