%YAML:1.0
---
points: [ 1.34884961e+03, 6.22414978e+02, 1.33602222e+03, 6.43965698e+02,
    1.32320447e+03, 6.65118958e+02, 1.31041565e+03, 6.86652039e+02,
    1.29742078e+03, 7.08126526e+02, 1.28454395e+03, 7.29952393e+02,
    1.27139441e+03, 7.51606750e+02, 1.32986108e+03, 6.09121399e+02,
    1.31688171e+03, 6.30233032e+02, 1.30411438e+03, 6.51710693e+02,
    1.29089771e+03, 6.73057678e+02, 1.27792810e+03, 6.94870178e+02,
    1.26479492e+03, 7.16422424e+02, 1.25171118e+03, 7.38460205e+02,
    1.31068384e+03, 5.95250671e+02, 1.29771326e+03, 6.16706482e+02,
    1.28457263e+03, 6.38084839e+02, 1.27154907e+03, 6.59668823e+02,
    1.25835999e+03, 6.81272461e+02, 1.24524902e+03, 7.03237854e+02,
    1.23191650e+03, 7.24882507e+02, 1.29154224e+03, 5.81570129e+02,
    1.27837976e+03, 6.02897583e+02, 1.26527905e+03, 6.24469604e+02,
    1.25191089e+03, 6.45919373e+02, 1.23868689e+03, 6.67820374e+02,
    1.22544080e+03, 6.89615662e+02, 1.21205896e+03, 7.11677246e+02,
    1.27205676e+03, 5.67599792e+02, 1.25874487e+03, 5.89220581e+02,
    1.24548291e+03, 6.10638916e+02, 1.23222412e+03, 6.32411743e+02,
    1.21873999e+03, 6.53970703e+02, 1.20547705e+03, 6.75980408e+02,
    1.19186353e+03, 6.97826050e+02, 1.25239026e+03, 5.53769470e+02,
    1.23898828e+03, 5.75011658e+02, 1.22562305e+03, 5.96819092e+02,
    1.21223145e+03, 6.18455872e+02, 1.19873962e+03, 6.40337341e+02,
    1.18526929e+03, 6.62256226e+02, 1.17168604e+03, 6.84332642e+02,
    1.23260266e+03, 5.39537109e+02, 1.21902600e+03, 5.61303406e+02,
    1.20559607e+03, 5.82717529e+02, 1.19216113e+03, 6.04582764e+02,
    1.17854492e+03, 6.26419250e+02, 1.16489648e+03, 6.48425476e+02,
    1.15128589e+03, 6.70499207e+02, 1.21262878e+03, 5.25373718e+02,
    1.19906958e+03, 5.46926392e+02, 1.18547937e+03, 5.68771057e+02,
    1.17184021e+03, 5.90507080e+02, 1.15829272e+03, 6.12528137e+02,
    1.14452148e+03, 6.34475281e+02, 1.13079980e+03, 6.56624084e+02,
    1.19246082e+03, 5.11074677e+02, 1.17879858e+03, 5.32725525e+02,
    1.16521973e+03, 5.54446533e+02, 1.15151758e+03, 5.76396362e+02,
    1.13774731e+03, 5.98362976e+02, 1.12401611e+03, 6.20517761e+02,
    1.11011682e+03, 6.42646484e+02 ]
