%YAML:1.0
---
points: [ 1.80182526e+02, 2.48319489e+02, 1.89437790e+02, 2.48781464e+02,
    1.98845566e+02, 2.49170303e+02, 2.08062088e+02, 2.49519348e+02,
    2.17428528e+02, 2.50008331e+02, 2.26590576e+02, 2.50413437e+02,
    2.35972702e+02, 2.50851791e+02, 1.78446594e+02, 2.55696198e+02,
    1.88038544e+02, 2.56090302e+02, 1.97463791e+02, 2.56495667e+02,
    2.06993851e+02, 2.56935913e+02, 2.16362427e+02, 2.57291107e+02,
    2.25829330e+02, 2.57750092e+02, 2.35294937e+02, 2.58215332e+02,
    1.76760345e+02, 2.63301086e+02, 1.86367325e+02, 2.63704010e+02,
    1.96088242e+02, 2.64178741e+02, 2.05698578e+02, 2.64571472e+02,
    2.15364502e+02, 2.64957520e+02, 2.25032959e+02, 2.65336823e+02,
    2.34661530e+02, 2.65879364e+02, 1.74867538e+02, 2.71237000e+02,
    1.84775482e+02, 2.71636169e+02, 1.94652756e+02, 2.72092102e+02,
    2.04517944e+02, 2.72465240e+02, 2.14298798e+02, 2.72903015e+02,
    2.24114090e+02, 2.73294647e+02, 2.33890182e+02, 2.73793793e+02,
    1.73035751e+02, 2.79519653e+02, 1.83082855e+02, 2.79874664e+02,
    1.93135880e+02, 2.80333557e+02, 2.03143372e+02, 2.80811249e+02,
    2.13181976e+02, 2.81199432e+02, 2.23264297e+02, 2.81579956e+02,
    2.33236237e+02, 2.82156036e+02, 1.71017624e+02, 2.88179504e+02,
    1.81279907e+02, 2.88519989e+02, 1.91567184e+02, 2.88965942e+02,
    2.01844391e+02, 2.89345520e+02, 2.11981110e+02, 2.89915497e+02,
    2.22315155e+02, 2.90368988e+02, 2.32422821e+02, 2.90700989e+02,
    1.69023926e+02, 2.96982971e+02, 1.79417953e+02, 2.97496887e+02,
    1.89942291e+02, 2.97926880e+02, 2.00413651e+02, 2.98303009e+02,
    2.10801987e+02, 2.98882416e+02, 2.21218552e+02, 2.99275970e+02,
    2.31705872e+02, 2.99783722e+02, 1.66851196e+02, 3.06422546e+02,
    1.77563263e+02, 3.06838470e+02, 1.88240692e+02, 3.07270142e+02,
    1.98982361e+02, 3.07735718e+02, 2.09543076e+02, 3.08215393e+02,
    2.20222519e+02, 3.08665924e+02, 2.30812729e+02, 3.09232666e+02,
    1.64703812e+02, 3.16093689e+02, 1.75443558e+02, 3.16638153e+02,
    1.86452652e+02, 3.17045135e+02, 1.97325180e+02, 3.17479187e+02,
    2.08307281e+02, 3.18119873e+02, 2.19121170e+02, 3.18434845e+02,
    2.30009277e+02, 3.19046906e+02 ]
