%YAML:1.0
---
points: [ 3.25057037e+02, 1.70660248e+02, 3.30708740e+02, 1.79820145e+02,
    3.36272217e+02, 1.88983704e+02, 3.41987335e+02, 1.98171814e+02,
    3.47702087e+02, 2.07356995e+02, 3.53510559e+02, 2.16733841e+02,
    3.59182159e+02, 2.26041656e+02, 3.17240356e+02, 1.75984406e+02,
    3.22704224e+02, 1.84901245e+02, 3.28194672e+02, 1.93884186e+02,
    3.33744659e+02, 2.02915604e+02, 3.39267609e+02, 2.12013351e+02,
    3.44870117e+02, 2.21099426e+02, 3.50601562e+02, 2.30283371e+02,
    3.09669647e+02, 1.81028122e+02, 3.15006744e+02, 1.89794220e+02,
    3.20430908e+02, 1.98616241e+02, 3.25826080e+02, 2.07521454e+02,
    3.31219299e+02, 2.16370468e+02, 3.36718445e+02, 2.25341446e+02,
    3.42220551e+02, 2.34366379e+02, 3.02422302e+02, 1.85887344e+02,
    3.07644531e+02, 1.94501068e+02, 3.12936462e+02, 2.03199661e+02,
    3.18209778e+02, 2.11844818e+02, 3.23518982e+02, 2.20609467e+02,
    3.28821930e+02, 2.29392380e+02, 3.34263000e+02, 2.38280563e+02,
    2.95428131e+02, 1.90549576e+02, 3.00618713e+02, 1.99076187e+02,
    3.05654144e+02, 2.07568878e+02, 3.10879669e+02, 2.16121506e+02,
    3.16100311e+02, 2.24697403e+02, 3.21346039e+02, 2.33349777e+02,
    3.26562439e+02, 2.41978607e+02, 2.88728485e+02, 1.95105972e+02,
    2.93598938e+02, 2.03530090e+02, 2.98750214e+02, 2.11841812e+02,
    3.03750702e+02, 2.20232346e+02, 3.08837189e+02, 2.28658676e+02,
    3.13971191e+02, 2.37094910e+02, 3.19166931e+02, 2.45626251e+02,
    2.82169922e+02, 1.99468933e+02, 2.87144073e+02, 2.07700012e+02,
    2.91909027e+02, 2.15966583e+02, 2.97092285e+02, 2.24135010e+02,
    3.02013245e+02, 2.32382965e+02, 3.07098572e+02, 2.40756439e+02,
    3.12045410e+02, 2.49107895e+02, 2.75952789e+02, 2.03647903e+02,
    2.80738159e+02, 2.11730148e+02, 2.85709442e+02, 2.19818497e+02,
    2.90446716e+02, 2.27899307e+02, 2.95344727e+02, 2.36061310e+02,
    3.00258453e+02, 2.44260864e+02, 3.05403778e+02, 2.52410736e+02,
    2.70203003e+02, 2.07504837e+02, 2.74726501e+02, 2.15577194e+02,
    2.79776520e+02, 2.23398590e+02, 2.84127350e+02, 2.31581390e+02,
    2.89326935e+02, 2.39377106e+02, 2.93862640e+02, 2.47527344e+02,
    2.99125763e+02, 2.55480942e+02 ]
