%YAML:1.0
---
points: [ 9.80453613e+02, 1.40513474e+02, 1.00738208e+03, 1.55392426e+02,
    1.03381018e+03, 1.70222778e+02, 1.06065186e+03, 1.84896057e+02,
    1.08735583e+03, 1.99737854e+02, 1.11415833e+03, 2.14481216e+02,
    1.14069690e+03, 2.29200943e+02, 9.68096130e+02, 1.69081833e+02,
    9.94196655e+02, 1.83709061e+02, 1.02051111e+03, 1.98262711e+02,
    1.04662170e+03, 2.12764084e+02, 1.07305774e+03, 2.27236099e+02,
    1.09927148e+03, 2.41753296e+02, 1.12567188e+03, 2.56142853e+02,
    9.55652893e+02, 1.96674866e+02, 9.81621826e+02, 2.11147705e+02,
    1.00743134e+03, 2.25494247e+02, 1.03335059e+03, 2.39688797e+02,
    1.05910938e+03, 2.54021881e+02, 1.08517493e+03, 2.68222443e+02,
    1.11089429e+03, 2.82522186e+02, 9.43865234e+02, 2.23446106e+02,
    9.69376282e+02, 2.37575409e+02, 9.95054871e+02, 2.51752502e+02,
    1.02030847e+03, 2.65719238e+02, 1.04579126e+03, 2.79697540e+02,
    1.07125891e+03, 2.93812653e+02, 1.09680029e+03, 3.07667114e+02,
    9.32297302e+02, 2.49442932e+02, 9.57532898e+02, 2.63410492e+02,
    9.82571411e+02, 2.77312073e+02, 1.00774536e+03, 2.90980774e+02,
    1.03271643e+03, 3.04820435e+02, 1.05787756e+03, 3.18541595e+02,
    1.08293677e+03, 3.32383789e+02, 9.21357178e+02, 2.74648956e+02,
    9.46058228e+02, 2.88359467e+02, 9.70849854e+02, 3.01842102e+02,
    9.95425354e+02, 3.15538910e+02, 1.02034387e+03, 3.29216736e+02,
    1.04491296e+03, 3.42677063e+02, 1.06970081e+03, 3.56300140e+02,
    9.10402100e+02, 2.99095856e+02, 9.34898987e+02, 3.12414276e+02,
    9.59336304e+02, 3.25873688e+02, 9.83610413e+02, 3.39260864e+02,
    1.00805127e+03, 3.52621979e+02, 1.03242493e+03, 3.65952972e+02,
    1.05669922e+03, 3.79343231e+02, 9.00150452e+02, 3.22613617e+02,
    9.24261780e+02, 3.35854004e+02, 9.48239868e+02, 3.49153046e+02,
    9.72187988e+02, 3.62370880e+02, 9.96269958e+02, 3.75461365e+02,
    1.02021790e+03, 3.88613373e+02, 1.04434338e+03, 4.01685486e+02,
    8.89865906e+02, 3.45465546e+02, 9.13652466e+02, 3.58528687e+02,
    9.37304504e+02, 3.71657013e+02, 9.61014832e+02, 3.84666016e+02,
    9.84631775e+02, 3.97618958e+02, 1.00841315e+03, 4.10543365e+02,
    1.03209851e+03, 4.23564941e+02 ]
