%YAML:1.0
---
points: [ 3.58224091e+02, 1.80386002e+02, 3.64830872e+02, 1.86147873e+02,
    3.71921936e+02, 1.90486328e+02, 3.78607574e+02, 1.96241714e+02,
    3.85527252e+02, 2.00967255e+02, 3.92267975e+02, 2.06346558e+02,
    3.99093292e+02, 2.11123489e+02, 3.54734985e+02, 1.87036011e+02,
    3.61744598e+02, 1.92094345e+02, 3.68455170e+02, 1.97534698e+02,
    3.75561279e+02, 2.02290359e+02, 3.82525482e+02, 2.07280334e+02,
    3.89292114e+02, 2.12343063e+02, 3.96190765e+02, 2.16928970e+02,
    3.51285461e+02, 1.93689575e+02, 3.58276642e+02, 1.98872330e+02,
    3.65296326e+02, 2.03968826e+02, 3.72170166e+02, 2.09242569e+02,
    3.79215088e+02, 2.14252365e+02, 3.86151184e+02, 2.19265884e+02,
    3.93036621e+02, 2.24543213e+02, 3.47741028e+02, 2.00413757e+02,
    3.54896820e+02, 2.05592026e+02, 3.61950165e+02, 2.10682251e+02,
    3.68953827e+02, 2.15867477e+02, 3.76011963e+02, 2.21088928e+02,
    3.82995422e+02, 2.26171768e+02, 3.90007904e+02, 2.31162735e+02,
    3.44179688e+02, 2.07246979e+02, 3.51283386e+02, 2.12721680e+02,
    3.58450073e+02, 2.17889160e+02, 3.65669220e+02, 2.22962204e+02,
    3.72667175e+02, 2.28254166e+02, 3.79675934e+02, 2.33331619e+02,
    3.86759186e+02, 2.38433151e+02, 3.40472168e+02, 2.14391251e+02,
    3.47689148e+02, 2.19709579e+02, 3.54871063e+02, 2.24956055e+02,
    3.62057922e+02, 2.30227646e+02, 3.69249268e+02, 2.35304916e+02,
    3.76388428e+02, 2.40616592e+02, 3.83515503e+02, 2.45778931e+02,
    3.36695740e+02, 2.21645752e+02, 3.43918335e+02, 2.27003113e+02,
    3.51294128e+02, 2.32242737e+02, 3.58502197e+02, 2.37523407e+02,
    3.65770599e+02, 2.42772064e+02, 3.73022766e+02, 2.47927765e+02,
    3.80216492e+02, 2.53191818e+02, 3.32760803e+02, 2.29014023e+02,
    3.40231812e+02, 2.34314301e+02, 3.47586426e+02, 2.39595047e+02,
    3.54996643e+02, 2.45016068e+02, 3.62222107e+02, 2.50170090e+02,
    3.69602203e+02, 2.55554260e+02, 3.76833862e+02, 2.60707336e+02,
    3.28872192e+02, 2.36502945e+02, 3.36319733e+02, 2.41845963e+02,
    3.43872925e+02, 2.47274200e+02, 3.51205872e+02, 2.52528763e+02,
    3.58765839e+02, 2.57931610e+02, 3.66056305e+02, 2.63096344e+02,
    3.73487213e+02, 2.68487000e+02 ]
