%YAML:1.0
---
points: [ 1.19613281e+03, 4.37503448e+02, 1.21646667e+03, 4.52452179e+02,
    1.23675293e+03, 4.67411774e+02, 1.25704749e+03, 4.82140808e+02,
    1.27725244e+03, 4.97104401e+02, 1.29744434e+03, 5.11526398e+02,
    1.31738672e+03, 5.26416687e+02, 1.18560583e+03, 4.56634460e+02,
    1.20623401e+03, 4.71800201e+02, 1.22662073e+03, 4.86650696e+02,
    1.24702917e+03, 5.01744812e+02, 1.26740222e+03, 5.16484314e+02,
    1.28766052e+03, 5.31440491e+02, 1.30788647e+03, 5.46132996e+02,
    1.17483704e+03, 4.76337524e+02, 1.19565039e+03, 4.91420441e+02,
    1.21633557e+03, 5.06541931e+02, 1.23684802e+03, 5.21510132e+02,
    1.25751074e+03, 5.36568726e+02, 1.27802478e+03, 5.51461121e+02,
    1.29851917e+03, 5.66467163e+02, 1.16404834e+03, 4.96148163e+02,
    1.18495410e+03, 5.11439850e+02, 1.20583643e+03, 5.26556396e+02,
    1.22666260e+03, 5.41716980e+02, 1.24746289e+03, 5.56746826e+02,
    1.26817603e+03, 5.71920349e+02, 1.28867578e+03, 5.86780701e+02,
    1.15288550e+03, 5.16476135e+02, 1.17404822e+03, 5.31711121e+02,
    1.19513257e+03, 5.47316956e+02, 1.21617053e+03, 5.62380859e+02,
    1.23721606e+03, 5.77633301e+02, 1.25804456e+03, 5.92689270e+02,
    1.27882056e+03, 6.07888672e+02, 1.14157178e+03, 5.37173401e+02,
    1.16290320e+03, 5.52648010e+02, 1.18425586e+03, 5.68196594e+02,
    1.20545483e+03, 5.83461548e+02, 1.22659973e+03, 5.98728638e+02,
    1.24773376e+03, 6.14109192e+02, 1.26876392e+03, 6.29134644e+02,
    1.12995886e+03, 5.58335327e+02, 1.15156299e+03, 5.73887329e+02,
    1.17307837e+03, 5.89500000e+02, 1.19450720e+03, 6.04832092e+02,
    1.21588147e+03, 6.20387756e+02, 1.23735791e+03, 6.35618530e+02,
    1.25860535e+03, 6.51042664e+02, 1.11815625e+03, 5.79789429e+02,
    1.13999597e+03, 5.95656494e+02, 1.16172461e+03, 6.11157288e+02,
    1.18349463e+03, 6.26697266e+02, 1.20514722e+03, 6.42299316e+02,
    1.22665332e+03, 6.57743408e+02, 1.24825305e+03, 6.73063049e+02,
    1.10607080e+03, 6.01850342e+02, 1.12812122e+03, 6.17681885e+02,
    1.15026123e+03, 6.33509827e+02, 1.17216980e+03, 6.49087097e+02,
    1.19404773e+03, 6.64753540e+02, 1.21578247e+03, 6.80196228e+02,
    1.23761682e+03, 6.95774719e+02 ]
