%YAML:1.0
---
points: [ 3.82447052e+02, 1.50915802e+02, 3.77319855e+02, 1.58310745e+02,
    3.72584106e+02, 1.65611145e+02, 3.67535492e+02, 1.72983124e+02,
    3.62738251e+02, 1.80154449e+02, 3.57820435e+02, 1.87600159e+02,
    3.53191406e+02, 1.94793381e+02, 3.76864532e+02, 1.46399689e+02,
    3.71771790e+02, 1.53906998e+02, 3.66900665e+02, 1.61157104e+02,
    3.61951813e+02, 1.68676437e+02, 3.57040588e+02, 1.76037323e+02,
    3.52193420e+02, 1.83397522e+02, 3.47370392e+02, 1.90802933e+02,
    3.71143158e+02, 1.41660370e+02, 3.66104401e+02, 1.49142303e+02,
    3.61156494e+02, 1.56720932e+02, 3.56117157e+02, 1.64132614e+02,
    3.51194580e+02, 1.71692108e+02, 3.46230682e+02, 1.78982651e+02,
    3.41375793e+02, 1.86489105e+02, 3.65366730e+02, 1.36783112e+02,
    3.60284058e+02, 1.44515045e+02, 3.55259583e+02, 1.52065216e+02,
    3.50316467e+02, 1.59721893e+02, 3.45198822e+02, 1.67128159e+02,
    3.40304810e+02, 1.74710464e+02, 3.35317810e+02, 1.82072937e+02,
    3.59411133e+02, 1.31922333e+02, 3.54332733e+02, 1.39601715e+02,
    3.49210632e+02, 1.47282166e+02, 3.44195465e+02, 1.54956238e+02,
    3.39126038e+02, 1.62551132e+02, 3.34085052e+02, 1.70097366e+02,
    3.29083557e+02, 1.77678986e+02, 3.53300049e+02, 1.26720932e+02,
    3.48200165e+02, 1.34619171e+02, 3.43072449e+02, 1.42343994e+02,
    3.37916870e+02, 1.50115723e+02, 3.32896240e+02, 1.57826004e+02,
    3.27794403e+02, 1.65494843e+02, 3.22819092e+02, 1.73174911e+02,
    3.47194641e+02, 1.21669769e+02, 3.42012726e+02, 1.29525558e+02,
    3.36806366e+02, 1.37453827e+02, 3.31671936e+02, 1.45276276e+02,
    3.26508179e+02, 1.53070953e+02, 3.21497284e+02, 1.60819031e+02,
    3.16449249e+02, 1.68621002e+02, 3.40782532e+02, 1.16346092e+02,
    3.35600464e+02, 1.24452667e+02, 3.30416290e+02, 1.32348663e+02,
    3.25257721e+02, 1.40363846e+02, 3.20142273e+02, 1.48203400e+02,
    3.14987366e+02, 1.56064285e+02, 3.09872284e+02, 1.63859329e+02,
    3.34306824e+02, 1.11083054e+02, 3.29130737e+02, 1.19090157e+02,
    3.23925262e+02, 1.27267097e+02, 3.18692444e+02, 1.35242310e+02,
    3.13548279e+02, 1.43208282e+02, 3.08374847e+02, 1.51162140e+02,
    3.03228577e+02, 1.59094864e+02 ]
