%YAML:1.0
---
points: [ 1.26835413e+03, 3.50481750e+02, 1.25383142e+03, 3.72319244e+02,
    1.23948547e+03, 3.93800659e+02, 1.22520068e+03, 4.15412720e+02,
    1.21097205e+03, 4.36738739e+02, 1.19679297e+03, 4.58220459e+02,
    1.18272351e+03, 4.79319550e+02, 1.25142310e+03, 3.36778381e+02,
    1.23677710e+03, 3.58732056e+02, 1.22225354e+03, 3.80763916e+02,
    1.20790332e+03, 4.02406403e+02, 1.19348877e+03, 4.24164581e+02,
    1.17935010e+03, 4.45612030e+02, 1.16511963e+03, 4.67090668e+02,
    1.23420325e+03, 3.22763855e+02, 1.21939783e+03, 3.45163330e+02,
    1.20478113e+03, 3.67247467e+02, 1.19026233e+03, 3.89319458e+02,
    1.17581238e+03, 4.11063019e+02, 1.16145093e+03, 4.32921021e+02,
    1.14724121e+03, 4.54556366e+02, 1.21663147e+03, 3.08669708e+02,
    1.20175891e+03, 3.31193604e+02, 1.18702588e+03, 3.53589264e+02,
    1.17240820e+03, 3.75735168e+02, 1.15782996e+03, 3.97935455e+02,
    1.14339404e+03, 4.19958038e+02, 1.12887634e+03, 4.41890503e+02,
    1.19866541e+03, 2.94095734e+02, 1.18362354e+03, 3.16891418e+02,
    1.16877661e+03, 3.39526154e+02, 1.15415588e+03, 3.62083923e+02,
    1.13948926e+03, 3.84426239e+02, 1.12474878e+03, 4.06654480e+02,
    1.11039722e+03, 4.28845428e+02, 1.18030603e+03, 2.79325531e+02,
    1.16524841e+03, 3.02293823e+02, 1.15025928e+03, 3.25304657e+02,
    1.13542896e+03, 3.47967224e+02, 1.12057202e+03, 3.70617035e+02,
    1.10594910e+03, 3.93130859e+02, 1.09143542e+03, 4.15567535e+02,
    1.16154602e+03, 2.64043610e+02, 1.14631506e+03, 2.87416382e+02,
    1.13132471e+03, 3.10585052e+02, 1.11632434e+03, 3.33684326e+02,
    1.10151501e+03, 3.56585358e+02, 1.08667297e+03, 3.79395264e+02,
    1.07196594e+03, 4.02027100e+02, 1.14233154e+03, 2.48591934e+02,
    1.12716113e+03, 2.72199463e+02, 1.11192090e+03, 2.95644592e+02,
    1.09688770e+03, 3.18905334e+02, 1.08193884e+03, 3.42200470e+02,
    1.06715552e+03, 3.65309967e+02, 1.05237585e+03, 3.88215088e+02,
    1.12274414e+03, 2.32667694e+02, 1.10742322e+03, 2.56640991e+02,
    1.09224976e+03, 2.80405975e+02, 1.07702173e+03, 3.04113007e+02,
    1.06203809e+03, 3.27501465e+02, 1.04713989e+03, 3.50910156e+02,
    1.03219763e+03, 3.74196594e+02 ]
