%YAML:1.0
---
points: [ 3.14623962e+02, 1.21529274e+02, 3.19155304e+02, 1.31064560e+02,
    3.23672546e+02, 1.40413284e+02, 3.28299164e+02, 1.49985626e+02,
    3.32760742e+02, 1.59334869e+02, 3.37371460e+02, 1.68894897e+02,
    3.41864410e+02, 1.78336777e+02, 3.06289124e+02, 1.26862701e+02,
    3.10683807e+02, 1.36113220e+02, 3.15077148e+02, 1.45492752e+02,
    3.19510498e+02, 1.54757294e+02, 3.24003143e+02, 1.64016449e+02,
    3.28570343e+02, 1.73342224e+02, 3.32984772e+02, 1.82636063e+02,
    2.98097992e+02, 1.31888016e+02, 3.02522919e+02, 1.41126526e+02,
    3.06834961e+02, 1.50218582e+02, 3.11178680e+02, 1.59401337e+02,
    3.15590942e+02, 1.68524628e+02, 3.19922302e+02, 1.77650253e+02,
    3.24270966e+02, 1.86820572e+02, 2.90277618e+02, 1.36848511e+02,
    2.94579468e+02, 1.45805984e+02, 2.98852051e+02, 1.54881287e+02,
    3.03139771e+02, 1.63809738e+02, 3.07470337e+02, 1.72853104e+02,
    3.11726501e+02, 1.81796646e+02, 3.16073303e+02, 1.90759460e+02,
    2.82708588e+02, 1.41626404e+02, 2.86905426e+02, 1.50459961e+02,
    2.91126495e+02, 1.59241028e+02, 2.95384003e+02, 1.68148300e+02,
    2.99621887e+02, 1.76938629e+02, 3.03797577e+02, 1.85829773e+02,
    3.08027039e+02, 1.94598602e+02, 2.75319977e+02, 1.46255890e+02,
    2.79476074e+02, 1.54906143e+02, 2.83630432e+02, 1.63658432e+02,
    2.87790924e+02, 1.72288040e+02, 2.91991486e+02, 1.80976288e+02,
    2.96155457e+02, 1.89651031e+02, 3.00367065e+02, 1.98351379e+02,
    2.68286926e+02, 1.50597794e+02, 2.72397949e+02, 1.59241531e+02,
    2.76511505e+02, 1.67758530e+02, 2.80596100e+02, 1.76299271e+02,
    2.84669281e+02, 1.84794037e+02, 2.88820740e+02, 1.93354172e+02,
    2.92800446e+02, 2.01906509e+02, 2.61474457e+02, 1.54955627e+02,
    2.65443909e+02, 1.63351135e+02, 2.69591217e+02, 1.71842987e+02,
    2.73538116e+02, 1.80175476e+02, 2.77556946e+02, 1.88619308e+02,
    2.81564087e+02, 1.96987671e+02, 2.85751251e+02, 2.05442551e+02,
    2.54873657e+02, 1.59056610e+02, 2.58828217e+02, 1.67395370e+02,
    2.62885193e+02, 1.75670609e+02, 2.66745483e+02, 1.83979553e+02,
    2.70865387e+02, 1.92130066e+02, 2.74720764e+02, 2.00484192e+02,
    2.78817200e+02, 2.08643784e+02 ]
