%YAML:1.0
---
points: [ 7.40580566e+02, 2.37493866e+02, 7.54801331e+02, 2.63671570e+02,
    7.68654724e+02, 2.89304504e+02, 7.82166809e+02, 3.13995758e+02,
    7.95238037e+02, 3.38034912e+02, 8.07793091e+02, 3.61472290e+02,
    8.20229736e+02, 3.84251038e+02, 7.14643799e+02, 2.50786804e+02,
    7.29506226e+02, 2.77053833e+02, 7.43565674e+02, 3.02281708e+02,
    7.57467468e+02, 3.26924011e+02, 7.70742249e+02, 3.50753357e+02,
    7.83814575e+02, 3.74155914e+02, 7.96446960e+02, 3.96595642e+02,
    6.88899841e+02, 2.64310455e+02, 7.03961243e+02, 2.90046722e+02,
    7.18563599e+02, 3.15403107e+02, 7.32628174e+02, 3.39691559e+02,
    7.46487061e+02, 3.63531219e+02, 7.59692078e+02, 3.86558838e+02,
    7.72785095e+02, 4.09184143e+02, 6.62872620e+02, 2.77638763e+02,
    6.78453369e+02, 3.03451416e+02, 6.93346130e+02, 3.28363403e+02,
    7.07923096e+02, 3.52708618e+02, 7.21979614e+02, 3.76295746e+02,
    7.35685120e+02, 3.99324463e+02, 7.48970337e+02, 4.21531769e+02,
    6.36897888e+02, 2.91084534e+02, 6.52629639e+02, 3.16524841e+02,
    6.68114807e+02, 3.41468323e+02, 6.82942139e+02, 3.65542633e+02,
    6.97465149e+02, 3.89092682e+02, 7.11437256e+02, 4.11690521e+02,
    7.25195557e+02, 4.34066681e+02, 6.10720703e+02, 3.04520020e+02,
    6.27020691e+02, 3.30065765e+02, 6.42568237e+02, 3.54529694e+02,
    6.57920166e+02, 3.78560181e+02, 6.72698975e+02, 4.01741211e+02,
    6.87193787e+02, 4.24463409e+02, 7.01131836e+02, 4.46460297e+02,
    5.84642578e+02, 3.17945465e+02, 6.01225403e+02, 3.43049011e+02,
    6.17319458e+02, 3.67629822e+02, 6.32980042e+02, 3.91343842e+02,
    6.48180908e+02, 4.14500397e+02, 6.62822449e+02, 4.36860168e+02,
    6.77215881e+02, 4.58719208e+02, 5.58379639e+02, 3.31367035e+02,
    5.75359985e+02, 3.56506744e+02, 5.91706909e+02, 3.80674225e+02,
    6.07838684e+02, 4.04447235e+02, 6.23293762e+02, 4.27245575e+02,
    6.38435425e+02, 4.49573090e+02, 6.53114563e+02, 4.71211243e+02,
    5.32062073e+02, 3.45051941e+02, 5.49286194e+02, 3.69675537e+02,
    5.66308228e+02, 3.93969666e+02, 5.82550659e+02, 4.17303314e+02,
    5.98514404e+02, 4.40143372e+02, 6.13894531e+02, 4.62213379e+02,
    6.28980347e+02, 4.83772278e+02 ]
