%YAML:1.0
---
points: [ 1.40174268e+03, 4.91593628e+02, 1.39478943e+03, 5.13606750e+02,
    1.38776270e+03, 5.35344177e+02, 1.38078625e+03, 5.57173279e+02,
    1.37382837e+03, 5.78722839e+02, 1.36681482e+03, 6.00638855e+02,
    1.35969543e+03, 6.21995789e+02, 1.37928674e+03, 4.85414368e+02,
    1.37240820e+03, 5.06759888e+02, 1.36533960e+03, 5.28797424e+02,
    1.35831702e+03, 5.50371826e+02, 1.35140784e+03, 5.72114258e+02,
    1.34429175e+03, 5.93632202e+02, 1.33741895e+03, 6.15419067e+02,
    1.35679285e+03, 4.78527740e+02, 1.34988916e+03, 5.00492920e+02,
    1.34284814e+03, 5.21935120e+02, 1.33566199e+03, 5.43824463e+02,
    1.32880945e+03, 5.65244263e+02, 1.32203345e+03, 5.87134888e+02,
    1.31512671e+03, 6.08560303e+02, 1.33471863e+03, 4.72021881e+02,
    1.32759973e+03, 4.93709717e+02, 1.32053040e+03, 5.15434326e+02,
    1.31358362e+03, 5.36907959e+02, 1.30664587e+03, 5.58739685e+02,
    1.29981763e+03, 5.80207947e+02, 1.29276379e+03, 6.01948547e+02,
    1.31227148e+03, 4.65396698e+02, 1.30527966e+03, 4.87260986e+02,
    1.29831836e+03, 5.08691559e+02, 1.29145886e+03, 5.30383789e+02,
    1.28453674e+03, 5.51988831e+02, 1.27758521e+03, 5.73572998e+02,
    1.27054785e+03, 5.94971497e+02, 1.28989941e+03, 4.59236389e+02,
    1.28312891e+03, 4.80492462e+02, 1.27619348e+03, 5.02444397e+02,
    1.26928870e+03, 5.23744263e+02, 1.26230481e+03, 5.45393250e+02,
    1.25537085e+03, 5.66761353e+02, 1.24866382e+03, 5.88347229e+02,
    1.26790051e+03, 4.52443726e+02, 1.26093994e+03, 4.74344727e+02,
    1.25403931e+03, 4.95555298e+02, 1.24710303e+03, 5.17451294e+02,
    1.24029883e+03, 5.38551758e+02, 1.23350598e+03, 5.60339600e+02,
    1.22677124e+03, 5.81623718e+02, 1.24587402e+03, 4.46023529e+02,
    1.23877063e+03, 4.67514008e+02, 1.23207764e+03, 4.89276733e+02,
    1.22526758e+03, 5.10543884e+02, 1.21842078e+03, 5.32280029e+02,
    1.21162646e+03, 5.53415710e+02, 1.20467798e+03, 5.75161804e+02,
    1.22372974e+03, 4.39468384e+02, 1.21695520e+03, 4.61240753e+02,
    1.21031531e+03, 4.82595795e+02, 1.20345105e+03, 5.04064636e+02,
    1.19653296e+03, 5.25514465e+02, 1.18975977e+03, 5.46906860e+02,
    1.18312708e+03, 5.68317017e+02 ]
