%YAML:1.0
---
points: [ 4.25538940e+02, 1.99176529e+02, 4.23166748e+02, 2.06554108e+02,
    4.20822418e+02, 2.13956421e+02, 4.18432220e+02, 2.21156845e+02,
    4.16055389e+02, 2.28700012e+02, 4.13805267e+02, 2.36101944e+02,
    4.11426544e+02, 2.43345001e+02, 4.18048981e+02, 1.96832138e+02,
    4.15609039e+02, 2.04269135e+02, 4.13276581e+02, 2.11568481e+02,
    4.10923370e+02, 2.19083618e+02, 4.08571716e+02, 2.26348373e+02,
    4.06239563e+02, 2.33691864e+02, 4.03912354e+02, 2.41130478e+02,
    4.10438568e+02, 1.94663925e+02, 4.08109283e+02, 2.02010910e+02,
    4.05703491e+02, 2.09472229e+02, 4.03464600e+02, 2.16645859e+02,
    4.01015015e+02, 2.24140945e+02, 3.98779755e+02, 2.31405441e+02,
    3.96299164e+02, 2.38780579e+02, 4.03005554e+02, 1.92279175e+02,
    4.00621216e+02, 1.99842422e+02, 3.98214996e+02, 2.07068695e+02,
    3.95872284e+02, 2.14473053e+02, 3.93581573e+02, 2.21815628e+02,
    3.91093353e+02, 2.29216370e+02, 3.88823273e+02, 2.36421982e+02,
    3.95449066e+02, 1.90131653e+02, 3.93003082e+02, 1.97492737e+02,
    3.90725708e+02, 2.04798691e+02, 3.88285645e+02, 2.12125443e+02,
    3.85948944e+02, 2.19522568e+02, 3.83686432e+02, 2.26928436e+02,
    3.81264709e+02, 2.34126511e+02, 3.87888519e+02, 1.87838989e+02,
    3.85479645e+02, 1.95301849e+02, 3.83169586e+02, 2.02594757e+02,
    3.80793030e+02, 2.10038696e+02, 3.78378571e+02, 2.17221283e+02,
    3.76110107e+02, 2.24553406e+02, 3.73847748e+02, 2.31982025e+02,
    3.80378082e+02, 1.85727493e+02, 3.77971283e+02, 1.93060028e+02,
    3.75618103e+02, 2.00317062e+02, 3.73249542e+02, 2.07673828e+02,
    3.70861053e+02, 2.14956665e+02, 3.68536774e+02, 2.22294815e+02,
    3.66195435e+02, 2.29560699e+02, 3.72810425e+02, 1.83467407e+02,
    3.70442810e+02, 1.90824768e+02, 3.68058289e+02, 1.98141739e+02,
    3.65783722e+02, 2.05460052e+02, 3.63522308e+02, 2.12797791e+02,
    3.61095612e+02, 2.20077667e+02, 3.58888672e+02, 2.27369507e+02,
    3.65346954e+02, 1.81340851e+02, 3.63090881e+02, 1.88575272e+02,
    3.60720947e+02, 1.96031540e+02, 3.58383331e+02, 2.03206299e+02,
    3.55869629e+02, 2.10445572e+02, 3.53804535e+02, 2.17882004e+02,
    3.51386322e+02, 2.25066818e+02 ]
