%YAML:1.0
---
points: [ 9.71211487e+02, 2.36733749e+02, 9.92602722e+02, 2.62338440e+02,
    1.01379504e+03, 2.87325073e+02, 1.03466223e+03, 3.12196381e+02,
    1.05536218e+03, 3.36589050e+02, 1.07569104e+03, 3.60682983e+02,
    1.09583411e+03, 3.84561920e+02, 9.50465515e+02, 2.56026184e+02,
    9.71561646e+02, 2.80780426e+02, 9.92388733e+02, 3.05443848e+02,
    1.01306921e+03, 3.29568115e+02, 1.03331677e+03, 3.53446167e+02,
    1.05339441e+03, 3.77065338e+02, 1.07332385e+03, 4.00379761e+02,
    9.30434265e+02, 2.74371735e+02, 9.51279907e+02, 2.98626587e+02,
    9.71823792e+02, 3.22549042e+02, 9.92292542e+02, 3.46291443e+02,
    1.01229376e+03, 3.69577820e+02, 1.03210107e+03, 3.92604309e+02,
    1.05167163e+03, 4.15468262e+02, 9.11304443e+02, 2.92158020e+02,
    9.31704346e+02, 3.15718597e+02, 9.52035278e+02, 3.39226013e+02,
    9.72173767e+02, 3.62299286e+02, 9.91989380e+02, 3.85096436e+02,
    1.01149445e+03, 4.07737518e+02, 1.03075720e+03, 4.30005798e+02,
    8.92782410e+02, 3.09233368e+02, 9.12969666e+02, 3.32352142e+02,
    9.33063660e+02, 3.55258240e+02, 9.52801941e+02, 3.77718994e+02,
    9.72430054e+02, 4.00135895e+02, 9.91705078e+02, 4.22157227e+02,
    1.01080969e+03, 4.44097382e+02, 8.74904480e+02, 3.25575745e+02,
    8.94811462e+02, 3.48280670e+02, 9.14664001e+02, 3.70548584e+02,
    9.34215271e+02, 3.92635498e+02, 9.53477417e+02, 4.14473022e+02,
    9.72522034e+02, 4.35927795e+02, 9.91440186e+02, 4.57403351e+02,
    8.57622864e+02, 3.41347809e+02, 8.77497314e+02, 3.63382019e+02,
    8.97072754e+02, 3.85295898e+02, 9.16371826e+02, 4.06841431e+02,
    9.35500488e+02, 4.28283539e+02, 9.54288696e+02, 4.49370087e+02,
    9.72892029e+02, 4.70334839e+02, 8.41205383e+02, 3.56400269e+02,
    8.60624329e+02, 3.78172791e+02, 8.79876892e+02, 3.99580292e+02,
    8.99108154e+02, 4.20688049e+02, 9.17899414e+02, 4.41581116e+02,
    9.36441772e+02, 4.62256622e+02, 9.54891541e+02, 4.82639282e+02,
    8.25072571e+02, 3.71224640e+02, 8.44355408e+02, 3.92455170e+02,
    8.63464600e+02, 4.13367249e+02, 8.82313416e+02, 4.33965118e+02,
    9.00979858e+02, 4.54478851e+02, 9.19444031e+02, 4.74648102e+02,
    9.37547241e+02, 4.94626190e+02 ]
