%YAML:1.0
---
points: [ 3.72775848e+02, 9.95479736e+01, 3.76029999e+02, 1.09637558e+02,
    3.79442108e+02, 1.19690155e+02, 3.82686035e+02, 1.29813614e+02,
    3.85974121e+02, 1.39972244e+02, 3.89310669e+02, 1.50161102e+02,
    3.92577972e+02, 1.60339676e+02, 3.63128143e+02, 1.04167557e+02,
    3.66315857e+02, 1.14138840e+02, 3.69541779e+02, 1.24055855e+02,
    3.72764709e+02, 1.33947693e+02, 3.75927338e+02, 1.43905411e+02,
    3.79173584e+02, 1.53882004e+02, 3.82432831e+02, 1.63904755e+02,
    3.53766846e+02, 1.08656403e+02, 3.56912048e+02, 1.18444649e+02,
    3.60058502e+02, 1.28165863e+02, 3.63165161e+02, 1.37990356e+02,
    3.66346741e+02, 1.47733307e+02, 3.69474396e+02, 1.57540512e+02,
    3.72595978e+02, 1.67251663e+02, 3.44706390e+02, 1.13128906e+02,
    3.47778198e+02, 1.22587852e+02, 3.50849457e+02, 1.32241486e+02,
    3.53889954e+02, 1.41807861e+02, 3.57058716e+02, 1.51430649e+02,
    3.60080200e+02, 1.60994537e+02, 3.63145813e+02, 1.70647568e+02,
    3.36024109e+02, 1.17232895e+02, 3.38948029e+02, 1.26727676e+02,
    3.42033081e+02, 1.36079514e+02, 3.44957642e+02, 1.45547241e+02,
    3.48060822e+02, 1.54943298e+02, 3.51051971e+02, 1.64419510e+02,
    3.53986023e+02, 1.73830917e+02, 3.27543060e+02, 1.21418396e+02,
    3.30499298e+02, 1.30696747e+02, 3.33443054e+02, 1.39915131e+02,
    3.36413849e+02, 1.49126068e+02, 3.39345520e+02, 1.58427124e+02,
    3.42324707e+02, 1.67681519e+02, 3.45306152e+02, 1.76899368e+02,
    3.19438538e+02, 1.25296761e+02, 3.22360260e+02, 1.34439041e+02,
    3.25224060e+02, 1.43525421e+02, 3.28130493e+02, 1.52631607e+02,
    3.31023071e+02, 1.61684647e+02, 3.33953339e+02, 1.70828827e+02,
    3.36876282e+02, 1.79847137e+02, 3.11619232e+02, 1.29171982e+02,
    3.14509705e+02, 1.38079193e+02, 3.17323090e+02, 1.47051285e+02,
    3.20153442e+02, 1.55881790e+02, 3.22951569e+02, 1.64905579e+02,
    3.25813080e+02, 1.73773956e+02, 3.28735718e+02, 1.82760559e+02,
    3.04037994e+02, 1.32778183e+02, 3.06825043e+02, 1.41649231e+02,
    3.09625854e+02, 1.50357605e+02, 3.12484528e+02, 1.59214676e+02,
    3.15286835e+02, 1.67920258e+02, 3.18069702e+02, 1.76773941e+02,
    3.20895844e+02, 1.85436295e+02 ]
