%YAML:1.0
---
points: [ 1.09163367e+03, 5.84838318e+02, 1.06698474e+03, 5.97407349e+02,
    1.04272205e+03, 6.09655579e+02, 1.01890875e+03, 6.21644104e+02,
    9.95592529e+02, 6.33506042e+02, 9.72608215e+02, 6.45247314e+02,
    9.49955200e+02, 6.56666199e+02, 1.07693396e+03, 5.63621277e+02,
    1.05222473e+03, 5.76432800e+02, 1.02784692e+03, 5.89072754e+02,
    1.00391302e+03, 6.01380188e+02, 9.80516663e+02, 6.13512634e+02,
    9.57469727e+02, 6.25452087e+02, 9.34806091e+02, 6.37286560e+02,
    1.06213708e+03, 5.42140442e+02, 1.03730518e+03, 5.55222534e+02,
    1.01276111e+03, 5.68223145e+02, 9.88801147e+02, 5.80711731e+02,
    9.65282104e+02, 5.93262146e+02, 9.42233398e+02, 6.05380432e+02,
    9.19358154e+02, 6.17470703e+02, 1.04689355e+03, 5.20222595e+02,
    1.02186780e+03, 5.33513916e+02, 9.97500122e+02, 5.46764526e+02,
    9.73354858e+02, 5.59581970e+02, 9.49807678e+02, 5.72458557e+02,
    9.26446411e+02, 5.84831543e+02, 9.03648987e+02, 5.97298767e+02,
    1.03130872e+03, 4.97640106e+02, 1.00633905e+03, 5.11387787e+02,
    9.81615417e+02, 5.25018005e+02, 9.57524292e+02, 5.38169189e+02,
    9.33784912e+02, 5.51259216e+02, 9.10576782e+02, 5.63999146e+02,
    8.87544250e+02, 5.76567383e+02, 1.01559125e+03, 4.74773071e+02,
    9.90430725e+02, 4.88854218e+02, 9.65745422e+02, 5.02728394e+02,
    9.41504150e+02, 5.16305115e+02, 9.17699158e+02, 5.29534546e+02,
    8.94323181e+02, 5.42566223e+02, 8.71316101e+02, 5.55454590e+02,
    9.99495239e+02, 4.51491333e+02, 9.74308105e+02, 4.65954041e+02,
    9.49502136e+02, 4.80096039e+02, 9.25209351e+02, 4.94051910e+02,
    9.01326172e+02, 5.07506378e+02, 8.77782410e+02, 5.20948425e+02,
    8.54687134e+02, 5.34088318e+02, 9.83124084e+02, 4.27602386e+02,
    9.57662720e+02, 4.42439789e+02, 9.32887512e+02, 4.56913025e+02,
    9.08422852e+02, 4.71247070e+02, 8.84469299e+02, 4.85020203e+02,
    8.60828003e+02, 4.98748810e+02, 8.37778931e+02, 5.12161804e+02,
    9.66322388e+02, 4.03414398e+02, 9.40911072e+02, 4.18566925e+02,
    9.16001282e+02, 4.33340088e+02, 8.91477234e+02, 4.47919098e+02,
    8.67350769e+02, 4.62198090e+02, 8.43781067e+02, 4.76161682e+02,
    8.20538940e+02, 4.89762207e+02 ]
