%YAML:1.0
---
points: [ 2.98645935e+02, 2.59266083e+02, 3.02170410e+02, 2.69726654e+02,
    3.05735199e+02, 2.80777466e+02, 3.09631927e+02, 2.92376526e+02,
    3.13686676e+02, 3.04792145e+02, 3.18096344e+02, 3.17782715e+02,
    3.22615417e+02, 3.31620148e+02, 2.86132019e+02, 2.61136963e+02,
    2.89180786e+02, 2.71705078e+02, 2.92562988e+02, 2.82831726e+02,
    2.95978088e+02, 2.94589050e+02, 2.99737457e+02, 3.07010284e+02,
    3.03607178e+02, 3.20288452e+02, 3.07806305e+02, 3.34257172e+02,
    2.73264374e+02, 2.62967010e+02, 2.76188263e+02, 2.73650604e+02,
    2.79120850e+02, 2.84922180e+02, 2.82270233e+02, 2.96781738e+02,
    2.85567993e+02, 3.09341705e+02, 2.89200195e+02, 3.22774384e+02,
    2.92852234e+02, 3.36845825e+02, 2.60601013e+02, 2.64840118e+02,
    2.63021820e+02, 2.75689056e+02, 2.65698425e+02, 2.86994110e+02,
    2.68454102e+02, 2.99036072e+02, 2.71442108e+02, 3.11793243e+02,
    2.74525726e+02, 3.25290558e+02, 2.77894012e+02, 3.39532654e+02,
    2.47630386e+02, 2.66769562e+02, 2.49776505e+02, 2.77783081e+02,
    2.51979568e+02, 2.89277039e+02, 2.54517105e+02, 3.01336670e+02,
    2.57027527e+02, 3.14235413e+02, 2.59792480e+02, 3.27780609e+02,
    2.62596588e+02, 3.42279785e+02, 2.34509384e+02, 2.68729523e+02,
    2.36347855e+02, 2.79887238e+02, 2.38278320e+02, 2.91427063e+02,
    2.40279968e+02, 3.03713470e+02, 2.42566269e+02, 3.16611969e+02,
    2.44764069e+02, 3.30457886e+02, 2.47259399e+02, 3.45060669e+02,
    2.21328964e+02, 2.70808441e+02, 2.22851242e+02, 2.82032227e+02,
    2.24377701e+02, 2.93753967e+02, 2.26144669e+02, 3.05969727e+02,
    2.27834442e+02, 3.19259094e+02, 2.29790146e+02, 3.33125183e+02,
    2.31686905e+02, 3.47796631e+02, 2.08162598e+02, 2.72937439e+02,
    2.09235886e+02, 2.84240723e+02, 2.10468887e+02, 2.96040985e+02,
    2.11680939e+02, 3.08573547e+02, 2.13076736e+02, 3.21806366e+02,
    2.14432556e+02, 3.35848938e+02, 2.16083359e+02, 3.50685547e+02,
    1.94534775e+02, 2.75106567e+02, 1.95432098e+02, 2.86488678e+02,
    1.96240829e+02, 2.98454041e+02, 1.97197769e+02, 3.11003876e+02,
    1.98102798e+02, 3.24399231e+02, 1.99122055e+02, 3.38516846e+02,
    2.00192810e+02, 3.53622955e+02 ]
