%YAML:1.0
---
points: [ 9.95947021e+02, 6.69260986e+02, 1.00395892e+03, 7.00097168e+02,
    1.01256042e+03, 7.32595154e+02, 1.02165363e+03, 7.66737305e+02,
    1.03116150e+03, 8.03010315e+02, 1.04143262e+03, 8.41559021e+02,
    1.05211877e+03, 8.82501709e+02, 9.58495544e+02, 6.74734131e+02,
    9.65534363e+02, 7.05944458e+02, 9.73237671e+02, 7.38804138e+02,
    9.81003906e+02, 7.73268799e+02, 9.89659973e+02, 8.10157410e+02,
    9.98518188e+02, 8.49124329e+02, 1.00801611e+03, 8.90611694e+02,
    9.20577087e+02, 6.80411865e+02, 9.26845459e+02, 7.11795288e+02,
    9.33312622e+02, 7.44846802e+02, 9.40208923e+02, 7.80194336e+02,
    9.47610901e+02, 8.17133179e+02, 9.55226990e+02, 8.56540161e+02,
    9.63600403e+02, 8.98130066e+02, 8.82425903e+02, 6.86083069e+02,
    8.87680542e+02, 7.17985596e+02, 8.93291199e+02, 7.51380188e+02,
    8.99189453e+02, 7.86792664e+02, 9.05448792e+02, 8.24327881e+02,
    9.11828186e+02, 8.64076660e+02, 9.18751343e+02, 9.06555908e+02,
    8.43815430e+02, 6.91834290e+02, 8.48289856e+02, 7.23902954e+02,
    8.52639282e+02, 7.57947266e+02, 8.57470825e+02, 7.93651978e+02,
    8.62444885e+02, 8.31677612e+02, 8.67694214e+02, 8.71836548e+02,
    8.73415100e+02, 9.14539856e+02, 8.04932922e+02, 6.97693542e+02,
    8.08057434e+02, 7.30244934e+02, 8.11602539e+02, 7.64678467e+02,
    8.15280090e+02, 8.00869629e+02, 8.18936035e+02, 8.39224976e+02,
    8.23132507e+02, 8.79929688e+02, 8.27472473e+02, 9.23078064e+02,
    7.65528381e+02, 7.03877808e+02, 7.67741272e+02, 7.36820129e+02,
    7.70166016e+02, 7.71460205e+02, 7.72614624e+02, 8.08095642e+02,
    7.75318481e+02, 8.46765259e+02, 7.78020935e+02, 8.87822876e+02,
    7.80892700e+02, 9.31709595e+02, 7.25699097e+02, 7.10381958e+02,
    7.27053711e+02, 7.43470215e+02, 7.28375061e+02, 7.78459717e+02,
    7.29434570e+02, 8.15412048e+02, 7.30962280e+02, 8.54636108e+02,
    7.32428101e+02, 8.96297119e+02, 7.33834167e+02, 9.40361877e+02,
    6.85513977e+02, 7.16838867e+02, 6.85572571e+02, 7.50239990e+02,
    6.85662842e+02, 7.85700378e+02, 6.85774292e+02, 8.22934021e+02,
    6.86017639e+02, 8.62487671e+02, 6.86189453e+02, 9.04482361e+02,
    6.86238892e+02, 9.49213257e+02 ]
