%YAML:1.0
---
points: [ 3.94755646e+02, 2.73430389e+02, 3.90619354e+02, 2.83291138e+02,
    3.86431702e+02, 2.93314392e+02, 3.82354706e+02, 3.03318420e+02,
    3.78176422e+02, 3.13289276e+02, 3.73968628e+02, 3.23271179e+02,
    3.69901794e+02, 3.33204712e+02, 3.84754822e+02, 2.69277130e+02,
    3.80729004e+02, 2.79066223e+02, 3.76704163e+02, 2.88865204e+02,
    3.72617523e+02, 2.98574249e+02, 3.68556610e+02, 3.08360138e+02,
    3.64420959e+02, 3.18091675e+02, 3.60373322e+02, 3.27917084e+02,
    3.75224457e+02, 2.65245239e+02, 3.71152344e+02, 2.74916901e+02,
    3.67171570e+02, 2.84463043e+02, 3.63137421e+02, 2.94026489e+02,
    3.59151062e+02, 3.03645111e+02, 3.55198151e+02, 3.13265381e+02,
    3.51163666e+02, 3.22782196e+02, 3.65825958e+02, 2.61505310e+02,
    3.61949921e+02, 2.70816803e+02, 3.57957611e+02, 2.80260132e+02,
    3.54123596e+02, 2.89632904e+02, 3.50225891e+02, 2.99162170e+02,
    3.46275757e+02, 3.08454315e+02, 3.42389130e+02, 3.17966766e+02,
    3.56865875e+02, 2.57742401e+02, 3.53020416e+02, 2.67009491e+02,
    3.49259491e+02, 2.76153564e+02, 3.45365234e+02, 2.85445770e+02,
    3.41576691e+02, 2.94640106e+02, 3.37740906e+02, 3.03936798e+02,
    3.33847565e+02, 3.13152771e+02, 3.48282349e+02, 2.54186371e+02,
    3.44531250e+02, 2.63164825e+02, 3.40744873e+02, 2.72293976e+02,
    3.36954285e+02, 2.81306427e+02, 3.33219482e+02, 2.90383728e+02,
    3.29434082e+02, 2.99449646e+02, 3.25698090e+02, 3.08596100e+02,
    3.39982849e+02, 2.50732727e+02, 3.36284485e+02, 2.59666565e+02,
    3.32631989e+02, 2.68489838e+02, 3.28925018e+02, 2.77435883e+02,
    3.25206055e+02, 2.86245239e+02, 3.21565918e+02, 2.95259583e+02,
    3.17863861e+02, 3.04100159e+02, 3.31987946e+02, 2.47517944e+02,
    3.28364502e+02, 2.56173462e+02, 3.24740112e+02, 2.64914948e+02,
    3.21071930e+02, 2.73589020e+02, 3.17464752e+02, 2.82360809e+02,
    3.13899536e+02, 2.91079529e+02, 3.10278748e+02, 2.99935699e+02,
    3.24291687e+02, 2.44229401e+02, 3.20712677e+02, 2.52816010e+02,
    3.17202606e+02, 2.61363129e+02, 3.13616577e+02, 2.70000275e+02,
    3.10103943e+02, 2.78517120e+02, 3.06502502e+02, 2.87149445e+02,
    3.02978516e+02, 2.95680328e+02 ]
