%YAML:1.0
---
points: [ 7.27334717e+02, 6.19418640e+02, 7.28551575e+02, 6.56417847e+02,
    7.29867004e+02, 6.95097778e+02, 7.31455566e+02, 7.35367371e+02,
    7.32900024e+02, 7.77496399e+02, 7.34286072e+02, 8.21531555e+02,
    7.35683533e+02, 8.67622620e+02, 6.85635925e+02, 6.17391357e+02,
    6.86215759e+02, 6.54908386e+02, 6.86603760e+02, 6.94312500e+02,
    6.87168762e+02, 7.35072998e+02, 6.87534424e+02, 7.78099670e+02,
    6.87944519e+02, 8.22922668e+02, 6.88579590e+02, 8.70078186e+02,
    6.42693542e+02, 6.14902039e+02, 6.42398071e+02, 6.53402527e+02,
    6.41992615e+02, 6.93206726e+02, 6.41394653e+02, 7.34838379e+02,
    6.40746155e+02, 7.78536133e+02, 6.40220825e+02, 8.24301758e+02,
    6.39579285e+02, 8.72173889e+02, 5.98279480e+02, 6.12654236e+02,
    5.97017212e+02, 6.51581909e+02, 5.95675293e+02, 6.92396545e+02,
    5.94188965e+02, 7.34703796e+02, 5.92495544e+02, 7.79233948e+02,
    5.90774475e+02, 8.25588379e+02, 5.89174316e+02, 8.74572876e+02,
    5.52295715e+02, 6.10395935e+02, 5.49729553e+02, 6.50006714e+02,
    5.47476318e+02, 6.91464966e+02, 5.44716003e+02, 7.34543396e+02,
    5.42264160e+02, 7.79901123e+02, 5.39377686e+02, 8.27327209e+02,
    5.36374023e+02, 8.76907837e+02, 5.04367920e+02, 6.07966797e+02,
    5.01099396e+02, 6.48354980e+02, 4.97443878e+02, 6.90491882e+02,
    4.93823486e+02, 7.34412659e+02, 4.90139465e+02, 7.80547974e+02,
    4.85872223e+02, 8.28649658e+02, 4.81611969e+02, 8.79441528e+02,
    4.54977966e+02, 6.05597839e+02, 4.50515594e+02, 6.46503296e+02,
    4.45854126e+02, 6.89487061e+02, 4.41167450e+02, 7.34189148e+02,
    4.35852631e+02, 7.81149597e+02, 4.30620728e+02, 8.30189026e+02,
    4.25163086e+02, 8.81772034e+02, 4.04027893e+02, 6.03198792e+02,
    3.98454407e+02, 6.44842834e+02, 3.92537537e+02, 6.88385864e+02,
    3.86531006e+02, 7.33889587e+02, 3.80308258e+02, 7.81617615e+02,
    3.73585907e+02, 8.31647583e+02, 3.66619354e+02, 8.84271057e+02,
    3.51367767e+02, 6.00726501e+02, 3.44512177e+02, 6.43062439e+02,
    3.37610748e+02, 6.87277344e+02, 3.30037384e+02, 7.33551453e+02,
    3.22501251e+02, 7.82080078e+02, 3.14408783e+02, 8.32991333e+02,
    3.06223877e+02, 8.86444519e+02 ]
