%YAML:1.0
---
points: [ 3.94971313e+02, 2.80614685e+02, 3.84237213e+02, 2.81212769e+02,
    3.73414673e+02, 2.81554596e+02, 3.62688385e+02, 2.82062256e+02,
    3.51918640e+02, 2.82402405e+02, 3.41179352e+02, 2.82951874e+02,
    3.30515015e+02, 2.83302399e+02, 3.92507935e+02, 2.70861664e+02,
    3.81840698e+02, 2.71153961e+02, 3.71296204e+02, 2.71723297e+02,
    3.60627777e+02, 2.72072876e+02, 3.50021210e+02, 2.72514496e+02,
    3.39537445e+02, 2.72973694e+02, 3.28929352e+02, 2.73316620e+02,
    3.90090820e+02, 2.61058807e+02, 3.79616089e+02, 2.61589325e+02,
    3.69140350e+02, 2.61992523e+02, 3.58677155e+02, 2.62407196e+02,
    3.48280487e+02, 2.62891235e+02, 3.37842712e+02, 2.63318573e+02,
    3.27474152e+02, 2.63696991e+02, 3.87756073e+02, 2.51722519e+02,
    3.77424438e+02, 2.52161499e+02, 3.67095856e+02, 2.52687622e+02,
    3.56783478e+02, 2.53077774e+02, 3.46595245e+02, 2.53470398e+02,
    3.36231995e+02, 2.53938660e+02, 3.26021698e+02, 2.54328171e+02,
    3.85449707e+02, 2.42721710e+02, 3.75305847e+02, 2.43035080e+02,
    3.65137756e+02, 2.43565094e+02, 3.54858215e+02, 2.44052551e+02,
    3.44846771e+02, 2.44407562e+02, 3.34754242e+02, 2.44958923e+02,
    3.24755432e+02, 2.45363800e+02, 3.83257477e+02, 2.33893341e+02,
    3.73234985e+02, 2.34290817e+02, 3.63183197e+02, 2.34696884e+02,
    3.53185669e+02, 2.35208023e+02, 3.43141876e+02, 2.35676071e+02,
    3.33244263e+02, 2.36135178e+02, 3.23323792e+02, 2.36497665e+02,
    3.81202515e+02, 2.25313690e+02, 3.71221039e+02, 2.25811905e+02,
    3.61326172e+02, 2.26236908e+02, 3.51472595e+02, 2.26651398e+02,
    3.41644073e+02, 2.27193558e+02, 3.31833221e+02, 2.27599731e+02,
    3.21977814e+02, 2.28115417e+02, 3.78965424e+02, 2.17002396e+02,
    3.69302490e+02, 2.17482178e+02, 3.59471130e+02, 2.17892838e+02,
    3.49818939e+02, 2.18364395e+02, 3.40028442e+02, 2.18860931e+02,
    3.30461365e+02, 2.19351852e+02, 3.20775757e+02, 2.19855637e+02,
    3.76983948e+02, 2.08797958e+02, 3.67399231e+02, 2.09323227e+02,
    3.57761139e+02, 2.09776627e+02, 3.48141571e+02, 2.10279144e+02,
    3.38731781e+02, 2.10812836e+02, 3.29023987e+02, 2.11311615e+02,
    3.19675568e+02, 2.11824600e+02 ]
