%YAML:1.0
---
points: [ 9.58438843e+02, 5.51642639e+02, 9.56533936e+02, 5.78710693e+02,
    9.54751343e+02, 6.05683960e+02, 9.53049561e+02, 6.32682861e+02,
    9.51150085e+02, 6.59733826e+02, 9.49372192e+02, 6.86797974e+02,
    9.47619202e+02, 7.14036865e+02, 9.34534058e+02, 5.50130066e+02,
    9.32815857e+02, 5.77411987e+02, 9.31020142e+02, 6.04613586e+02,
    9.29108459e+02, 6.32099060e+02, 9.27341003e+02, 6.59437256e+02,
    9.25498230e+02, 6.86833862e+02, 9.23619751e+02, 7.14354736e+02,
    9.10466309e+02, 5.48525330e+02, 9.08484070e+02, 5.75975769e+02,
    9.06697998e+02, 6.03574463e+02, 9.04772461e+02, 6.31337463e+02,
    9.02861511e+02, 6.59024902e+02, 9.01157898e+02, 6.86837219e+02,
    8.99104492e+02, 7.14603149e+02, 8.85526672e+02, 5.46569031e+02,
    8.83656128e+02, 5.74580811e+02, 8.81632080e+02, 6.02528320e+02,
    8.79838379e+02, 6.30600159e+02, 8.77768188e+02, 6.58671082e+02,
    8.75880310e+02, 6.86842041e+02, 8.74031006e+02, 7.15020386e+02,
    8.59893738e+02, 5.44795593e+02, 8.58139221e+02, 5.73102051e+02,
    8.56044922e+02, 6.01534973e+02, 8.54109131e+02, 6.29794617e+02,
    8.52148560e+02, 6.58367065e+02, 8.50014526e+02, 6.86794739e+02,
    8.48105652e+02, 7.15490479e+02, 8.33611572e+02, 5.43005066e+02,
    8.31815735e+02, 5.71609070e+02, 8.29607849e+02, 6.00428650e+02,
    8.27689087e+02, 6.29204224e+02, 8.25578125e+02, 6.57963135e+02,
    8.23414551e+02, 6.86821106e+02, 8.21406555e+02, 7.15930908e+02,
    8.06926758e+02, 5.41006470e+02, 8.04793884e+02, 5.70241821e+02,
    8.02703857e+02, 5.99231201e+02, 8.00676453e+02, 6.28477661e+02,
    7.98421021e+02, 6.57614807e+02, 7.96309998e+02, 6.86820740e+02,
    7.94101685e+02, 7.16354858e+02, 7.79312866e+02, 5.39152222e+02,
    7.77052307e+02, 5.68597900e+02, 7.74871460e+02, 5.98166138e+02,
    7.72664795e+02, 6.27753418e+02, 7.70480835e+02, 6.57237000e+02,
    7.68273987e+02, 6.86944763e+02, 7.65760315e+02, 7.16759888e+02,
    7.50709290e+02, 5.37260254e+02, 7.48579102e+02, 5.66921204e+02,
    7.46262329e+02, 5.96995117e+02, 7.44031982e+02, 6.26905884e+02,
    7.41698669e+02, 6.56883911e+02, 7.39307312e+02, 6.86925781e+02,
    7.36991272e+02, 7.17326355e+02 ]
