%YAML:1.0
---
points: [ 2.09406326e+02, 2.42317062e+02, 2.10508469e+02, 2.54815826e+02,
    2.11517380e+02, 2.68049988e+02, 2.12665085e+02, 2.81445709e+02,
    2.13816208e+02, 2.95782867e+02, 2.15102539e+02, 3.10570679e+02,
    2.16284256e+02, 3.26354065e+02, 1.95943909e+02, 2.41495758e+02,
    1.96637039e+02, 2.54340927e+02, 1.97426849e+02, 2.67476929e+02,
    1.98327728e+02, 2.81309387e+02, 1.99187592e+02, 2.95911804e+02,
    2.00082855e+02, 3.11181915e+02, 2.00945999e+02, 3.26942017e+02,
    1.81976395e+02, 2.40835434e+02, 1.82376144e+02, 2.53740112e+02,
    1.83007751e+02, 2.67170898e+02, 1.83424042e+02, 2.81234314e+02,
    1.83977112e+02, 2.96091034e+02, 1.84510056e+02, 3.11382385e+02,
    1.85128387e+02, 3.27558960e+02, 1.67467575e+02, 2.39960205e+02,
    1.67625107e+02, 2.53179596e+02, 1.67913437e+02, 2.66912872e+02,
    1.68074112e+02, 2.81215759e+02, 1.68329254e+02, 2.96204620e+02,
    1.68490677e+02, 3.11885651e+02, 1.68721802e+02, 3.28302277e+02,
    1.52380981e+02, 2.39180542e+02, 1.52353638e+02, 2.52571457e+02,
    1.52212234e+02, 2.66528198e+02, 1.52103867e+02, 2.81039154e+02,
    1.51914871e+02, 2.96370667e+02, 1.51786331e+02, 3.12305817e+02,
    1.51709351e+02, 3.28982086e+02, 1.36942902e+02, 2.38333984e+02,
    1.36461853e+02, 2.52016571e+02, 1.36056503e+02, 2.66180298e+02,
    1.35493851e+02, 2.81002563e+02, 1.35031876e+02, 2.96462006e+02,
    1.34595673e+02, 3.12769287e+02, 1.33954056e+02, 3.29691498e+02,
    1.20878136e+02, 2.37584991e+02, 1.20138786e+02, 2.51391129e+02,
    1.19216301e+02, 2.65783569e+02, 1.18402298e+02, 2.80836151e+02,
    1.17618164e+02, 2.96698181e+02, 1.16757652e+02, 3.13108154e+02,
    1.15780396e+02, 3.30475616e+02, 1.04344444e+02, 2.36725067e+02,
    1.03215240e+02, 2.50789383e+02, 1.02020859e+02, 2.65579224e+02,
    1.00762581e+02, 2.80701935e+02, 9.96110001e+01, 2.96733826e+02,
    9.83955917e+01, 3.13522736e+02, 9.71547775e+01, 3.30856781e+02,
    8.73992081e+01, 2.35683517e+02, 8.58157425e+01, 2.50064621e+02,
    8.42507248e+01, 2.64752960e+02, 8.26836243e+01, 2.80550201e+02,
    8.10165634e+01, 2.96780243e+02, 7.94891663e+01, 3.13742218e+02,
    7.77487793e+01, 3.31602875e+02 ]
