%YAML:1.0
---
points: [ 1.09709875e+03, 5.54313782e+02, 1.11448596e+03, 5.86738892e+02,
    1.13314819e+03, 6.21358154e+02, 1.15306372e+03, 6.58425293e+02,
    1.17459802e+03, 6.98241577e+02, 1.19808545e+03, 7.41419373e+02,
    1.22325684e+03, 7.87770874e+02, 1.05265991e+03, 5.70408813e+02,
    1.06859204e+03, 6.03324646e+02, 1.08574658e+03, 6.38621704e+02,
    1.10409473e+03, 6.76270569e+02, 1.12397034e+03, 7.17127380e+02,
    1.14528979e+03, 7.60735291e+02, 1.16846716e+03, 8.08576843e+02,
    1.00846881e+03, 5.86391541e+02, 1.02283289e+03, 6.20176575e+02,
    1.03837036e+03, 6.55720398e+02, 1.05512878e+03, 6.94408142e+02,
    1.07290283e+03, 7.35569824e+02, 1.09254846e+03, 7.80490417e+02,
    1.11363867e+03, 8.28593933e+02, 9.63982056e+02, 6.02395447e+02,
    9.77180298e+02, 6.36580322e+02, 9.91181580e+02, 6.73290894e+02,
    1.00621783e+03, 7.12387329e+02, 1.02240839e+03, 7.54570129e+02,
    1.03991797e+03, 7.99805847e+02, 1.05885535e+03, 8.49349060e+02,
    9.19374451e+02, 6.18588684e+02, 9.31045532e+02, 6.53450256e+02,
    9.43562256e+02, 6.90777222e+02, 9.56878052e+02, 7.30733398e+02,
    9.71440918e+02, 7.73490173e+02, 9.86849731e+02, 8.20083313e+02,
    1.00371588e+03, 8.69991943e+02, 8.74604553e+02, 6.35067932e+02,
    8.84847534e+02, 6.70467468e+02, 8.95867371e+02, 7.08521362e+02,
    9.07557800e+02, 7.49164124e+02, 9.20242554e+02, 7.92839050e+02,
    9.33685120e+02, 8.39845886e+02, 9.48578247e+02, 8.91006714e+02,
    8.29702209e+02, 6.51527771e+02, 8.38565735e+02, 6.87781128e+02,
    8.48134033e+02, 7.26359497e+02, 8.58140625e+02, 7.67665588e+02,
    8.68789551e+02, 8.12262207e+02, 8.80491577e+02, 8.60354187e+02,
    8.93150940e+02, 9.12329651e+02, 7.84856567e+02, 6.68324158e+02,
    7.91984314e+02, 7.05079651e+02, 8.00119202e+02, 7.44295593e+02,
    8.08233643e+02, 7.86546387e+02, 8.17284180e+02, 8.31757263e+02,
    8.26965698e+02, 8.80667358e+02, 8.37502258e+02, 9.33598511e+02,
    7.39494019e+02, 6.85422424e+02, 7.45258850e+02, 7.22571472e+02,
    7.51461060e+02, 7.62594604e+02, 7.58208069e+02, 8.05418762e+02,
    7.65219727e+02, 8.51574646e+02, 7.72976501e+02, 9.01315491e+02,
    7.81168884e+02, 9.55180237e+02 ]
