%YAML:1.0
---
points: [ 3.78905701e+02, 2.24973892e+02, 3.68217560e+02, 2.25518173e+02,
    3.57569092e+02, 2.25944641e+02, 3.46794067e+02, 2.26439880e+02,
    3.36212524e+02, 2.26985641e+02, 3.25505829e+02, 2.27421173e+02,
    3.14863739e+02, 2.27963333e+02, 3.76886139e+02, 2.15193115e+02,
    3.66399689e+02, 2.15609619e+02, 3.55796600e+02, 2.16100159e+02,
    3.45254456e+02, 2.16614136e+02, 3.34635742e+02, 2.17112839e+02,
    3.24151733e+02, 2.17539551e+02, 3.13593475e+02, 2.18082123e+02,
    3.74967621e+02, 2.05524841e+02, 3.64626709e+02, 2.06060883e+02,
    3.54116119e+02, 2.06530960e+02, 3.43669586e+02, 2.07056168e+02,
    3.33289429e+02, 2.07557266e+02, 3.22818024e+02, 2.08043777e+02,
    3.12481750e+02, 2.08406387e+02, 3.73167419e+02, 1.96225281e+02,
    3.62864471e+02, 1.96664719e+02, 3.52498535e+02, 1.97139008e+02,
    3.42133118e+02, 1.97588348e+02, 3.31860443e+02, 1.98111572e+02,
    3.21605377e+02, 1.98492981e+02, 3.11247925e+02, 1.99039795e+02,
    3.71344879e+02, 1.86935364e+02, 3.61100677e+02, 1.87418152e+02,
    3.50916595e+02, 1.87854492e+02, 3.40710938e+02, 1.88361298e+02,
    3.30591888e+02, 1.88883560e+02, 3.20340363e+02, 1.89355652e+02,
    3.10125946e+02, 1.89738693e+02, 3.69564056e+02, 1.77964050e+02,
    3.59503906e+02, 1.78456589e+02, 3.49348694e+02, 1.78890366e+02,
    3.39287170e+02, 1.79396347e+02, 3.29154602e+02, 1.79876602e+02,
    3.19100891e+02, 1.80380219e+02, 3.08941498e+02, 1.80840500e+02,
    3.67870361e+02, 1.69205750e+02, 3.57833282e+02, 1.69586105e+02,
    3.47847046e+02, 1.70152084e+02, 3.37843414e+02, 1.70501877e+02,
    3.27841705e+02, 1.71074692e+02, 3.17880829e+02, 1.71469208e+02,
    3.07913757e+02, 1.72047729e+02, 3.66174255e+02, 1.60475204e+02,
    3.56239471e+02, 1.60980118e+02, 3.46364044e+02, 1.61454193e+02,
    3.36519318e+02, 1.61951035e+02, 3.26629211e+02, 1.62422821e+02,
    3.16701843e+02, 1.62957733e+02, 3.06858582e+02, 1.63368820e+02,
    3.64563507e+02, 1.52125351e+02, 3.54734131e+02, 1.52530701e+02,
    3.44892517e+02, 1.53052948e+02, 3.35132111e+02, 1.53526779e+02,
    3.25371094e+02, 1.54035797e+02, 3.15589172e+02, 1.54465866e+02,
    3.05808716e+02, 1.55028854e+02 ]
