%YAML:1.0
---
points: [ 1.17059717e+03, 5.00121246e+02, 1.17515771e+03, 5.31897217e+02,
    1.17955591e+03, 5.63802124e+02, 1.18414624e+03, 5.95646362e+02,
    1.18843872e+03, 6.27711243e+02, 1.19286707e+03, 6.59787292e+02,
    1.19744055e+03, 6.91783691e+02, 1.14471619e+03, 5.03973541e+02,
    1.14917053e+03, 5.35152039e+02, 1.15352527e+03, 5.66384033e+02,
    1.15768994e+03, 5.97508057e+02, 1.16212097e+03, 6.28845276e+02,
    1.16639917e+03, 6.60175598e+02, 1.17062183e+03, 6.91617371e+02,
    1.12025012e+03, 5.07797302e+02, 1.12427454e+03, 5.38359741e+02,
    1.12841675e+03, 5.68800598e+02, 1.13266248e+03, 5.99450684e+02,
    1.13673718e+03, 6.29824341e+02, 1.14101575e+03, 6.60599670e+02,
    1.14525525e+03, 6.91412170e+02, 1.09642578e+03, 5.11451599e+02,
    1.10049097e+03, 5.41234070e+02, 1.10458167e+03, 5.71198242e+02,
    1.10857239e+03, 6.01108521e+02, 1.11256055e+03, 6.30947449e+02,
    1.11663647e+03, 6.61032837e+02, 1.12082947e+03, 6.91113892e+02,
    1.07367566e+03, 5.14750122e+02, 1.07762854e+03, 5.44263306e+02,
    1.08151965e+03, 5.73452698e+02, 1.08554041e+03, 6.02679688e+02,
    1.08948499e+03, 6.31996094e+02, 1.09345569e+03, 6.61358215e+02,
    1.09749023e+03, 6.90936646e+02, 1.05212378e+03, 5.18301941e+02,
    1.05555811e+03, 5.46860413e+02, 1.05954297e+03, 5.75598267e+02,
    1.06350073e+03, 6.04263916e+02, 1.06731506e+03, 6.33178589e+02,
    1.07113208e+03, 6.61768982e+02, 1.07511267e+03, 6.90742126e+02,
    1.03091748e+03, 5.21535034e+02, 1.03463196e+03, 5.49625916e+02,
    1.03848816e+03, 5.77549377e+02, 1.04246338e+03, 6.05673828e+02,
    1.04597888e+03, 6.33791748e+02, 1.04976379e+03, 6.62155823e+02,
    1.05369397e+03, 6.90457642e+02, 1.01097034e+03, 5.24515930e+02,
    1.01452820e+03, 5.52008606e+02, 1.01826642e+03, 5.79625305e+02,
    1.02190576e+03, 6.07366455e+02, 1.02564697e+03, 6.34808105e+02,
    1.02942224e+03, 6.62492676e+02, 1.03328699e+03, 6.90194580e+02,
    9.91386353e+02, 5.27612427e+02, 9.94927734e+02, 5.54552795e+02,
    9.98544983e+02, 5.81608032e+02, 1.00224365e+03, 6.08610413e+02,
    1.00586890e+03, 6.35629944e+02, 1.00962341e+03, 6.62930115e+02,
    1.01339954e+03, 6.90058350e+02 ]
