%YAML:1.0
---
points: [ 3.39484314e+02, 2.20345306e+02, 3.46468445e+02, 2.31312820e+02,
    3.54094574e+02, 2.43226212e+02, 3.62192993e+02, 2.55745834e+02,
    3.70838928e+02, 2.69291809e+02, 3.80253967e+02, 2.83825653e+02,
    3.90237823e+02, 2.99596802e+02, 3.24437531e+02, 2.25758057e+02,
    3.30891327e+02, 2.36936844e+02, 3.38060486e+02, 2.49037659e+02,
    3.45478607e+02, 2.61769714e+02, 3.53648163e+02, 2.75607574e+02,
    3.62317841e+02, 2.90506989e+02, 3.71763702e+02, 3.06616608e+02,
    3.09263397e+02, 2.31227890e+02, 3.15348083e+02, 2.42603683e+02,
    3.21802673e+02, 2.54825165e+02, 3.28815369e+02, 2.67834442e+02,
    3.36299225e+02, 2.81928864e+02, 3.44409821e+02, 2.97218048e+02,
    3.52992493e+02, 3.13395416e+02, 2.94207428e+02, 2.36614136e+02,
    2.99810822e+02, 2.48248123e+02, 3.05787323e+02, 2.60643372e+02,
    3.12201630e+02, 2.74030273e+02, 3.19112305e+02, 2.88261230e+02,
    3.26468567e+02, 3.03616241e+02, 3.34597534e+02, 3.20333466e+02,
    2.79178589e+02, 2.42067245e+02, 2.84249054e+02, 2.53926361e+02,
    2.89595001e+02, 2.66595184e+02, 2.95478851e+02, 2.80057587e+02,
    3.01763641e+02, 2.94689362e+02, 3.08588013e+02, 3.10400818e+02,
    3.15872070e+02, 3.27303162e+02, 2.64043915e+02, 2.47601318e+02,
    2.68639069e+02, 2.59666870e+02, 2.73609467e+02, 2.72500641e+02,
    2.78776398e+02, 2.86312103e+02, 2.84485321e+02, 3.01117310e+02,
    2.90592255e+02, 3.17118347e+02, 2.97276672e+02, 3.34316833e+02,
    2.48923996e+02, 2.53190384e+02, 2.53015549e+02, 2.65467468e+02,
    2.57341949e+02, 2.78564667e+02, 2.62074188e+02, 2.92534790e+02,
    2.67149231e+02, 3.07605011e+02, 2.72596954e+02, 3.23879333e+02,
    2.78538605e+02, 3.41427002e+02, 2.33851105e+02, 2.58836487e+02,
    2.37398361e+02, 2.71292053e+02, 2.41295242e+02, 2.84609528e+02,
    2.45363251e+02, 2.98864136e+02, 2.49817886e+02, 3.14177429e+02,
    2.54568848e+02, 3.30690002e+02, 2.59782593e+02, 3.48508728e+02,
    2.18518875e+02, 2.64565674e+02, 2.21709564e+02, 2.77196777e+02,
    2.24938568e+02, 2.90687103e+02, 2.28511887e+02, 3.05151398e+02,
    2.32293976e+02, 3.20778748e+02, 2.36416641e+02, 3.37499756e+02,
    2.40869904e+02, 3.55725555e+02 ]
