%YAML:1.0
---
points: [ 3.65264496e+02, 2.05658783e+02, 3.55823425e+02, 2.06784225e+02,
    3.46239288e+02, 2.07977386e+02, 3.36687134e+02, 2.09048157e+02,
    3.27158966e+02, 2.10162720e+02, 3.17439453e+02, 2.11347763e+02,
    3.07926636e+02, 2.12462738e+02, 3.66191864e+02, 1.97207382e+02,
    3.56388000e+02, 1.98315964e+02, 3.46752014e+02, 1.99495758e+02,
    3.37065155e+02, 2.00653656e+02, 3.27304077e+02, 2.01790985e+02,
    3.17543945e+02, 2.02963287e+02, 3.07898804e+02, 2.04154037e+02,
    3.66939697e+02, 1.88513138e+02, 3.57156097e+02, 1.89664581e+02,
    3.47284302e+02, 1.90901047e+02, 3.37373291e+02, 1.92063477e+02,
    3.27557465e+02, 1.93215561e+02, 3.17776459e+02, 1.94362595e+02,
    3.07870483e+02, 1.95513779e+02, 3.67805573e+02, 1.79572205e+02,
    3.57828186e+02, 1.80807800e+02, 3.47807587e+02, 1.81944183e+02,
    3.37819000e+02, 1.83172333e+02, 3.27924652e+02, 1.84336823e+02,
    3.17857971e+02, 1.85480255e+02, 3.07899841e+02, 1.86719238e+02,
    3.68594788e+02, 1.70365616e+02, 3.58558685e+02, 1.71559891e+02,
    3.48390564e+02, 1.72767761e+02, 3.38265045e+02, 1.73899033e+02,
    3.28149719e+02, 1.75190186e+02, 3.17957306e+02, 1.76430939e+02,
    3.07792480e+02, 1.77582962e+02, 3.69520508e+02, 1.60936874e+02,
    3.59311188e+02, 1.62125275e+02, 3.49070099e+02, 1.63268143e+02,
    3.38648315e+02, 1.64586914e+02, 3.28316406e+02, 1.65752594e+02,
    3.18128662e+02, 1.66925644e+02, 3.07844208e+02, 1.68119492e+02,
    3.70434906e+02, 1.51173965e+02, 3.60030884e+02, 1.52365585e+02,
    3.49534821e+02, 1.53579041e+02, 3.39160919e+02, 1.54819443e+02,
    3.28664886e+02, 1.56033920e+02, 3.18239838e+02, 1.57209671e+02,
    3.07753052e+02, 1.58427338e+02, 3.71395416e+02, 1.41030685e+02,
    3.60802124e+02, 1.42285889e+02, 3.50243713e+02, 1.43518829e+02,
    3.39472748e+02, 1.44738937e+02, 3.29060791e+02, 1.45874817e+02,
    3.18266144e+02, 1.47148209e+02, 3.07723480e+02, 1.48361328e+02,
    3.72302155e+02, 1.30686951e+02, 3.61633484e+02, 1.31883652e+02,
    3.50872009e+02, 1.33102814e+02, 3.40125092e+02, 1.34334213e+02,
    3.29214752e+02, 1.35530396e+02, 3.18503540e+02, 1.36760605e+02,
    3.07672668e+02, 1.37983124e+02 ]
