%YAML:1.0
---
points: [ 1.02456677e+03, 4.58131805e+02, 1.02066107e+03, 5.04580902e+02,
    1.01678918e+03, 5.50793091e+02, 1.01277356e+03, 5.96730286e+02,
    1.00894598e+03, 6.42365601e+02, 1.00546204e+03, 6.87642273e+02,
    1.00154431e+03, 7.32765625e+02, 9.78490906e+02, 4.54609619e+02,
    9.74669434e+02, 5.01598083e+02, 9.70858154e+02, 5.48164307e+02,
    9.67213013e+02, 5.94094116e+02, 9.63614197e+02, 6.39836121e+02,
    9.59798645e+02, 6.85461426e+02, 9.56296692e+02, 7.30628479e+02,
    9.31783630e+02, 4.51124390e+02, 9.28277893e+02, 4.98277313e+02,
    9.24562866e+02, 5.45049683e+02, 9.21167175e+02, 5.91479553e+02,
    9.17568970e+02, 6.37516357e+02, 9.13931763e+02, 6.83287415e+02,
    9.10602417e+02, 7.28840332e+02, 8.84893799e+02, 4.47572021e+02,
    8.81354248e+02, 4.95088745e+02, 8.78034241e+02, 5.42060303e+02,
    8.74619507e+02, 5.88586365e+02, 8.71238892e+02, 6.34945312e+02,
    8.67761841e+02, 6.81230713e+02, 8.64480591e+02, 7.26912598e+02,
    8.36963318e+02, 4.43977509e+02, 8.33653748e+02, 4.91632141e+02,
    8.30445496e+02, 5.39051941e+02, 8.27304565e+02, 5.86025146e+02,
    8.23880005e+02, 6.32641602e+02, 8.20735107e+02, 6.78941162e+02,
    8.17524719e+02, 7.24937378e+02, 7.88436523e+02, 4.40217133e+02,
    7.85443604e+02, 4.88298859e+02, 7.82360229e+02, 5.35856384e+02,
    7.79408691e+02, 5.83166504e+02, 7.76256287e+02, 6.30224487e+02,
    7.73252075e+02, 6.76750671e+02, 7.70055542e+02, 7.23299500e+02,
    7.39383301e+02, 4.36463745e+02, 7.36535339e+02, 4.84771484e+02,
    7.33577942e+02, 5.32880493e+02, 7.30618652e+02, 5.80522278e+02,
    7.27789734e+02, 6.27679260e+02, 7.24799438e+02, 6.74604492e+02,
    7.21934998e+02, 7.21344727e+02, 6.89555847e+02, 4.32576599e+02,
    6.86727356e+02, 4.81314545e+02, 6.84370483e+02, 5.29571289e+02,
    6.81462158e+02, 5.77540405e+02, 6.78686279e+02, 6.25236206e+02,
    6.75996033e+02, 6.72391968e+02, 6.73286255e+02, 7.19433044e+02,
    6.38730103e+02, 4.28661804e+02, 6.36472168e+02, 4.77728882e+02,
    6.33985779e+02, 5.26529907e+02, 6.31486267e+02, 5.74787048e+02,
    6.28809387e+02, 6.22798950e+02, 6.26339661e+02, 6.70477783e+02,
    6.23470459e+02, 7.17790283e+02 ]
