%YAML:1.0
---
points: [ 7.74727966e+02, 6.16775574e+02, 7.75403442e+02, 6.36985352e+02,
    7.75759338e+02, 6.56393372e+02, 7.76317871e+02, 6.75262695e+02,
    7.76647034e+02, 6.93379639e+02, 7.77129211e+02, 7.10709167e+02,
    7.77411072e+02, 7.27745972e+02, 7.44600098e+02, 6.13766418e+02,
    7.45647339e+02, 6.34279907e+02, 7.46772644e+02, 6.53670349e+02,
    7.47723877e+02, 6.72524719e+02, 7.48637939e+02, 6.90725220e+02,
    7.49492249e+02, 7.08450806e+02, 7.50385193e+02, 7.25367859e+02,
    7.14509583e+02, 6.11159851e+02, 7.16322205e+02, 6.31438354e+02,
    7.17652954e+02, 6.51106567e+02, 7.19198975e+02, 6.70076477e+02,
    7.20542603e+02, 6.88325073e+02, 7.22119934e+02, 7.05919434e+02,
    7.23258911e+02, 7.23224060e+02, 6.84420288e+02, 6.08315125e+02,
    6.86411255e+02, 6.28690918e+02, 6.88585327e+02, 6.48440308e+02,
    6.90524231e+02, 6.67438904e+02, 6.92373291e+02, 6.85708801e+02,
    6.94318115e+02, 7.03508484e+02, 6.96068115e+02, 7.20617981e+02,
    6.53873962e+02, 6.05495544e+02, 6.56532959e+02, 6.25799561e+02,
    6.59289124e+02, 6.45719299e+02, 6.61640930e+02, 6.64790955e+02,
    6.64229431e+02, 6.83272339e+02, 6.66407593e+02, 7.00963257e+02,
    6.68646484e+02, 7.18347534e+02, 6.23283142e+02, 6.02627686e+02,
    6.26558899e+02, 6.23358643e+02, 6.29619263e+02, 6.43133423e+02,
    6.32729797e+02, 6.62218628e+02, 6.35616028e+02, 6.80585449e+02,
    6.38550415e+02, 6.98419556e+02, 6.41255615e+02, 7.15643982e+02,
    5.92527344e+02, 5.99765930e+02, 5.96523438e+02, 6.20407043e+02,
    6.00337463e+02, 6.40408264e+02, 6.03830566e+02, 6.59522888e+02,
    6.07356018e+02, 6.77961792e+02, 6.10819397e+02, 6.95814087e+02,
    6.13806091e+02, 7.13202026e+02, 5.61948486e+02, 5.96868530e+02,
    5.66401794e+02, 6.17636230e+02, 5.70652466e+02, 6.37568115e+02,
    5.74780701e+02, 6.56778870e+02, 5.78929321e+02, 6.75327820e+02,
    5.82580872e+02, 6.93254578e+02, 5.86362610e+02, 7.10436462e+02,
    5.30996033e+02, 5.94280762e+02, 5.36022522e+02, 6.14731018e+02,
    5.41069702e+02, 6.34776306e+02, 5.45604492e+02, 6.54229980e+02,
    5.50214783e+02, 6.72635010e+02, 5.54553955e+02, 6.90605225e+02,
    5.58702637e+02, 7.07985107e+02 ]
