%YAML:1.0
---
points: [ 3.14428528e+02, 1.87605270e+02, 3.12925568e+02, 2.03418106e+02,
    3.11495605e+02, 2.19180573e+02, 3.10059692e+02, 2.34671265e+02,
    3.08645599e+02, 2.50161575e+02, 3.07345978e+02, 2.65552551e+02,
    3.05938049e+02, 2.80920654e+02, 2.98885040e+02, 1.86471130e+02,
    2.97480316e+02, 2.02365265e+02, 2.96054993e+02, 2.18196747e+02,
    2.94700470e+02, 2.33774521e+02, 2.93321869e+02, 2.49309433e+02,
    2.92008118e+02, 2.64754242e+02, 2.90747742e+02, 2.80177490e+02,
    2.83276794e+02, 1.85303299e+02, 2.81868744e+02, 2.01293610e+02,
    2.80529968e+02, 2.17174255e+02, 2.79218628e+02, 2.32845139e+02,
    2.77945190e+02, 2.48425079e+02, 2.76633057e+02, 2.63961456e+02,
    2.75293945e+02, 2.79410522e+02, 2.67496948e+02, 1.84162033e+02,
    2.66200806e+02, 2.00253220e+02, 2.64909515e+02, 2.16106262e+02,
    2.63663971e+02, 2.31955811e+02, 2.62394714e+02, 2.47596817e+02,
    2.61202820e+02, 2.63204254e+02, 2.59959534e+02, 2.78768463e+02,
    2.51522247e+02, 1.82987869e+02, 2.50267395e+02, 1.99103333e+02,
    2.49078323e+02, 2.15111801e+02, 2.47857117e+02, 2.31106613e+02,
    2.46639801e+02, 2.46834167e+02, 2.45418289e+02, 2.62465942e+02,
    2.44173264e+02, 2.78151947e+02, 2.35322418e+02, 1.81639893e+02,
    2.34204773e+02, 1.98006516e+02, 2.32988464e+02, 2.14152313e+02,
    2.31790497e+02, 2.30023361e+02, 2.30623947e+02, 2.45973511e+02,
    2.29532730e+02, 2.61686981e+02, 2.28346252e+02, 2.77364044e+02,
    2.19018753e+02, 1.80414856e+02, 2.17898270e+02, 1.96831268e+02,
    2.16832397e+02, 2.13064636e+02, 2.15666473e+02, 2.29160156e+02,
    2.14546005e+02, 2.45061722e+02, 2.13386612e+02, 2.60883179e+02,
    2.12350067e+02, 2.76625610e+02, 2.02356934e+02, 1.79053268e+02,
    2.01351898e+02, 1.95660751e+02, 2.00247345e+02, 2.12037735e+02,
    1.99328720e+02, 2.28118820e+02, 1.98231949e+02, 2.44246918e+02,
    1.97176376e+02, 2.60250397e+02, 1.96163284e+02, 2.76136536e+02,
    1.85586334e+02, 1.77690216e+02, 1.84564270e+02, 1.94505890e+02,
    1.83539001e+02, 2.10915985e+02, 1.82651535e+02, 2.27260422e+02,
    1.81629471e+02, 2.43293732e+02, 1.80623718e+02, 2.59382446e+02,
    1.79591003e+02, 2.75385712e+02 ]
