%YAML:1.0
---
points: [ 1.38708008e+02, 6.35703087e+01, 1.49270370e+02, 6.35422592e+01,
    1.60117172e+02, 6.37338562e+01, 1.70583084e+02, 6.36524467e+01,
    1.81389297e+02, 6.36766205e+01, 1.92038910e+02, 6.38104744e+01,
    2.02767395e+02, 6.40060349e+01, 1.40631073e+02, 7.44160004e+01,
    1.51161667e+02, 7.43849487e+01, 1.61567810e+02, 7.43277054e+01,
    1.72078125e+02, 7.45583725e+01, 1.82587326e+02, 7.46678696e+01,
    1.93144516e+02, 7.46831207e+01, 2.03591385e+02, 7.46455765e+01,
    1.42473282e+02, 8.46127777e+01, 1.52864609e+02, 8.47487793e+01,
    1.63159393e+02, 8.48138199e+01, 1.73455460e+02, 8.48526459e+01,
    1.83720688e+02, 8.48879013e+01, 1.94110016e+02, 8.50740356e+01,
    2.04377869e+02, 8.51739807e+01, 1.44356644e+02, 9.46981125e+01,
    1.54411667e+02, 9.46525726e+01, 1.64617950e+02, 9.47765045e+01,
    1.74797302e+02, 9.49532318e+01, 1.84999390e+02, 9.50339432e+01,
    1.95133469e+02, 9.50974350e+01, 2.05211594e+02, 9.51327057e+01,
    1.46165329e+02, 1.04467346e+02, 1.56203674e+02, 1.04515953e+02,
    1.66142624e+02, 1.04599754e+02, 1.76135483e+02, 1.04617744e+02,
    1.86076447e+02, 1.04722267e+02, 1.96079636e+02, 1.04884926e+02,
    2.05956726e+02, 1.04929016e+02, 1.47897903e+02, 1.13843987e+02,
    1.57738998e+02, 1.13898277e+02, 1.67634979e+02, 1.14026108e+02,
    1.77345688e+02, 1.14082108e+02, 1.87233566e+02, 1.14123329e+02,
    1.96969070e+02, 1.14216797e+02, 2.06761078e+02, 1.14353394e+02,
    1.49578903e+02, 1.22826645e+02, 1.59268433e+02, 1.23032005e+02,
    1.69028107e+02, 1.23113403e+02, 1.78614288e+02, 1.23237579e+02,
    1.88282669e+02, 1.23308640e+02, 1.97857651e+02, 1.23358528e+02,
    2.07532761e+02, 1.23395668e+02, 1.51322678e+02, 1.31731903e+02,
    1.60835114e+02, 1.31722931e+02, 1.70331558e+02, 1.31889572e+02,
    1.79834335e+02, 1.31914520e+02, 1.89330765e+02, 1.32022583e+02,
    1.98773682e+02, 1.32134766e+02, 2.08264206e+02, 1.32194977e+02,
    1.52974426e+02, 1.40169785e+02, 1.62312943e+02, 1.40322464e+02,
    1.71681931e+02, 1.40376022e+02, 1.81057999e+02, 1.40535690e+02,
    1.90251755e+02, 1.40563217e+02, 1.99689621e+02, 1.40607574e+02,
    2.08821335e+02, 1.40662598e+02 ]
