%YAML:1.0
---
points: [ 3.14029999e+02, 1.11469818e+02, 3.10870178e+02, 1.27073479e+02,
    3.07889557e+02, 1.42410187e+02, 3.04886932e+02, 1.57226929e+02,
    3.02070068e+02, 1.71834885e+02, 2.99329498e+02, 1.85927567e+02,
    2.96591553e+02, 1.99862442e+02, 2.99042145e+02, 1.09015976e+02,
    2.96177277e+02, 1.24795967e+02, 2.93294739e+02, 1.40216888e+02,
    2.90533020e+02, 1.55226059e+02, 2.87858490e+02, 1.69805817e+02,
    2.85189850e+02, 1.83990173e+02, 2.82660645e+02, 1.97940323e+02,
    2.84051483e+02, 1.06668388e+02, 2.81281952e+02, 1.22480568e+02,
    2.78591217e+02, 1.37996292e+02, 2.75894135e+02, 1.53040573e+02,
    2.73423950e+02, 1.67724060e+02, 2.70980957e+02, 1.82020782e+02,
    2.68640533e+02, 1.96065659e+02, 2.68826172e+02, 1.04129395e+02,
    2.66287750e+02, 1.20213600e+02, 2.63809296e+02, 1.35726212e+02,
    2.61471893e+02, 1.50882370e+02, 2.58993378e+02, 1.65706558e+02,
    2.56738342e+02, 1.80058624e+02, 2.54464859e+02, 1.94121048e+02,
    2.53464127e+02, 1.01629662e+02, 2.51094330e+02, 1.17756157e+02,
    2.48818649e+02, 1.33558929e+02, 2.46561340e+02, 1.48634552e+02,
    2.44389328e+02, 1.63671310e+02, 2.42248260e+02, 1.78045929e+02,
    2.40151215e+02, 1.92234390e+02, 2.37989426e+02, 9.90536118e+01,
    2.35788239e+02, 1.15382309e+02, 2.33637360e+02, 1.31166946e+02,
    2.31675171e+02, 1.46401657e+02, 2.29618973e+02, 1.61568970e+02,
    2.27741776e+02, 1.75890259e+02, 2.25718964e+02, 1.90250198e+02,
    2.22140945e+02, 9.66873703e+01, 2.20192856e+02, 1.12701088e+02,
    2.18406662e+02, 1.28796753e+02, 2.16546814e+02, 1.44085083e+02,
    2.14727417e+02, 1.59318069e+02, 2.12929291e+02, 1.73884598e+02,
    2.11189575e+02, 1.88263275e+02, 2.06440155e+02, 9.38868027e+01,
    2.04850510e+02, 1.10249084e+02, 2.02973099e+02, 1.26236549e+02,
    2.01320618e+02, 1.41818710e+02, 1.99643341e+02, 1.57007309e+02,
    1.98065948e+02, 1.71814209e+02, 1.96449905e+02, 1.86226883e+02,
    1.90616882e+02, 9.13088074e+01, 1.88952271e+02, 1.07783554e+02,
    1.87389053e+02, 1.23802528e+02, 1.85821472e+02, 1.39459717e+02,
    1.84423462e+02, 1.54778809e+02, 1.83061111e+02, 1.69682358e+02,
    1.81572891e+02, 1.84198044e+02 ]
