%YAML:1.0
---
points: [ 1.02649646e+03, 2.33656128e+02, 1.01837396e+03, 2.80087677e+02,
    1.01083441e+03, 3.24772278e+02, 1.00314136e+03, 3.68741241e+02,
    9.95947327e+02, 4.11517914e+02, 9.88700378e+02, 4.53488281e+02,
    9.81665833e+02, 4.93972504e+02, 9.81792358e+02, 2.26448486e+02,
    9.74584229e+02, 2.72944885e+02, 9.67401184e+02, 3.18362061e+02,
    9.60309875e+02, 3.62392120e+02, 9.53481445e+02, 4.05544525e+02,
    9.46905334e+02, 4.47488586e+02, 9.40378113e+02, 4.88389709e+02,
    9.37301270e+02, 2.19082382e+02, 9.30340637e+02, 2.65978027e+02,
    9.23581848e+02, 3.11544830e+02, 9.17228943e+02, 3.55960052e+02,
    9.10837036e+02, 3.99428406e+02, 9.04541992e+02, 4.41558228e+02,
    8.98514160e+02, 4.82699341e+02, 8.91858215e+02, 2.11691193e+02,
    8.85706055e+02, 2.58857697e+02, 8.79586426e+02, 3.04729401e+02,
    8.73712036e+02, 3.49554504e+02, 8.67678650e+02, 3.93069183e+02,
    8.62116516e+02, 4.35620422e+02, 8.56441467e+02, 4.77210052e+02,
    8.46143250e+02, 2.03996689e+02, 8.40448120e+02, 2.51524414e+02,
    8.34780029e+02, 2.97733826e+02, 8.29413940e+02, 3.43016327e+02,
    8.24195190e+02, 3.86815857e+02, 8.18765259e+02, 4.29543945e+02,
    8.13703552e+02, 4.71348450e+02, 7.99609924e+02, 1.96323364e+02,
    7.94672424e+02, 2.44216339e+02, 7.89578369e+02, 2.90862244e+02,
    7.84807617e+02, 3.36147461e+02, 7.80080078e+02, 3.80542664e+02,
    7.75334900e+02, 4.23540649e+02, 7.70599121e+02, 4.65588440e+02,
    7.53038147e+02, 1.88398987e+02, 7.48432800e+02, 2.36545303e+02,
    7.44022583e+02, 2.83564240e+02, 7.39519775e+02, 3.29258972e+02,
    7.35395325e+02, 3.73711426e+02, 7.31220581e+02, 4.17380737e+02,
    7.27199829e+02, 4.59626892e+02, 7.05520142e+02, 1.80458405e+02,
    7.01669739e+02, 2.28968460e+02, 6.97623840e+02, 2.76235168e+02,
    6.94032288e+02, 3.22377075e+02, 6.90368225e+02, 3.67001801e+02,
    6.86525330e+02, 4.10804230e+02, 6.82958191e+02, 4.53721802e+02,
    6.57693726e+02, 1.72227493e+02, 6.54180664e+02, 2.21234818e+02,
    6.50915955e+02, 2.68747864e+02, 6.47641602e+02, 3.15173340e+02,
    6.44490540e+02, 3.60442291e+02, 6.41411316e+02, 4.04455688e+02,
    6.38351074e+02, 4.47544952e+02 ]
