%YAML:1.0
---
points: [ 6.93291260e+02, 6.63038574e+02, 6.77741089e+02, 6.84332214e+02,
    6.61522156e+02, 7.06389282e+02, 6.45000427e+02, 7.29086731e+02,
    6.27740295e+02, 7.52529419e+02, 6.10154907e+02, 7.76680786e+02,
    5.91683716e+02, 8.01609436e+02, 6.70328369e+02, 6.48453247e+02,
    6.54281677e+02, 6.69703003e+02, 6.37716187e+02, 6.91489380e+02,
    6.20671326e+02, 7.14093506e+02, 6.03236938e+02, 7.37261719e+02,
    5.85022461e+02, 7.61336243e+02, 5.66431946e+02, 7.85861755e+02,
    6.47165344e+02, 6.34093994e+02, 6.30812317e+02, 6.54895203e+02,
    6.13846069e+02, 6.76595154e+02, 5.96489624e+02, 6.98890808e+02,
    5.78452759e+02, 7.21930542e+02, 5.60064941e+02, 7.45659424e+02,
    5.40711060e+02, 7.70240906e+02, 6.23940979e+02, 6.19406555e+02,
    6.07190063e+02, 6.40346191e+02, 5.89957275e+02, 6.61660583e+02,
    5.72010376e+02, 6.83767639e+02, 5.53662781e+02, 7.06534424e+02,
    5.34686218e+02, 7.30165833e+02, 5.15248047e+02, 7.54358398e+02,
    6.00466919e+02, 6.04784180e+02, 5.83474121e+02, 6.25401855e+02,
    5.65711609e+02, 6.46676758e+02, 5.47507507e+02, 6.68574158e+02,
    5.28692383e+02, 6.91266479e+02, 5.09445953e+02, 7.14503723e+02,
    4.89409210e+02, 7.38585083e+02, 5.77087585e+02, 5.90061462e+02,
    5.59525085e+02, 6.10523254e+02, 5.41493896e+02, 6.31594971e+02,
    5.22791809e+02, 6.53363159e+02, 5.03692902e+02, 6.75670105e+02,
    4.83951599e+02, 6.98835205e+02, 4.63553467e+02, 7.22592712e+02,
    5.53502014e+02, 5.75410828e+02, 5.35686707e+02, 5.95669373e+02,
    5.17260620e+02, 6.16588562e+02, 4.98316864e+02, 6.38144226e+02,
    4.78617828e+02, 6.60364807e+02, 4.58559967e+02, 6.83154785e+02,
    4.37640778e+02, 7.06787720e+02, 5.29851257e+02, 5.60663330e+02,
    5.11593323e+02, 5.80674744e+02, 4.92835449e+02, 6.01433533e+02,
    4.73376801e+02, 6.22750916e+02, 4.53492889e+02, 6.44714600e+02,
    4.32780426e+02, 6.67511169e+02, 4.11824768e+02, 6.90798645e+02,
    5.06079498e+02, 5.45725281e+02, 4.87528442e+02, 5.65556641e+02,
    4.68283325e+02, 5.86224915e+02, 4.48540680e+02, 6.07378418e+02,
    4.28170563e+02, 6.29198242e+02, 4.07373688e+02, 6.51617920e+02,
    3.85585052e+02, 6.74777344e+02 ]
