%YAML:1.0
---
points: [ 9.82143188e+02, 2.76480072e+02, 9.69416382e+02, 3.16662201e+02,
    9.57198975e+02, 3.55549011e+02, 9.45286194e+02, 3.93371185e+02,
    9.33365234e+02, 4.30379669e+02, 9.22089783e+02, 4.66475647e+02,
    9.10778259e+02, 5.01691650e+02, 9.44181030e+02, 2.65483307e+02,
    9.31781189e+02, 3.06178284e+02, 9.19794434e+02, 3.45557770e+02,
    9.07907349e+02, 3.84112915e+02, 8.96554443e+02, 4.21757782e+02,
    8.85500916e+02, 4.58390350e+02, 8.74598267e+02, 4.93900055e+02,
    9.05198364e+02, 2.53838440e+02, 8.92932556e+02, 2.95319580e+02,
    8.81290649e+02, 3.35475464e+02, 8.69934570e+02, 3.74720551e+02,
    8.58979553e+02, 4.12773376e+02, 8.48026001e+02, 4.50099182e+02,
    8.37503479e+02, 4.86397583e+02, 8.64921631e+02, 2.41849838e+02,
    8.53446655e+02, 2.84267029e+02, 8.42088745e+02, 3.24891479e+02,
    8.31031067e+02, 3.64840424e+02, 8.20309082e+02, 4.03569061e+02,
    8.09747192e+02, 4.41500519e+02, 7.99482727e+02, 4.78270599e+02,
    8.23416931e+02, 2.29536560e+02, 8.12284180e+02, 2.72490723e+02,
    8.01443359e+02, 3.14290100e+02, 7.90556946e+02, 3.54807678e+02,
    7.80427917e+02, 3.94315094e+02, 7.70002014e+02, 4.32696930e+02,
    7.60015015e+02, 4.70130981e+02, 7.80551941e+02, 2.16833771e+02,
    7.69855469e+02, 2.60525269e+02, 7.59371399e+02, 3.02988220e+02,
    7.49189514e+02, 3.44307587e+02, 7.39187500e+02, 3.84403503e+02,
    7.29293457e+02, 4.23490295e+02, 7.19801086e+02, 4.61491852e+02,
    7.36641724e+02, 2.03614288e+02, 7.26215820e+02, 2.48199432e+02,
    7.16380371e+02, 2.91442871e+02, 7.06422607e+02, 3.33512451e+02,
    6.96728760e+02, 3.74374451e+02, 6.87487732e+02, 4.13899475e+02,
    6.78378967e+02, 4.52845947e+02, 6.90992493e+02, 1.89920013e+02,
    6.81323608e+02, 2.35363144e+02, 6.71580688e+02, 2.79443909e+02,
    6.62372009e+02, 3.22295654e+02, 6.53286865e+02, 3.63941040e+02,
    6.44288208e+02, 4.04449707e+02, 6.35518860e+02, 4.44010071e+02,
    6.44196960e+02, 1.75733902e+02, 6.34643005e+02, 2.22226273e+02,
    6.25731750e+02, 2.67153931e+02, 6.16802429e+02, 3.10648193e+02,
    6.08177063e+02, 3.53191650e+02, 5.99701843e+02, 3.94450897e+02,
    5.91401428e+02, 4.34579315e+02 ]
