%YAML:1.0
---
points: [ 1.16153772e+03, 6.71706177e+02, 1.13685754e+03, 6.81468628e+02,
    1.11320569e+03, 6.91080994e+02, 1.08977234e+03, 7.00484131e+02,
    1.06727100e+03, 7.09555542e+02, 1.04529834e+03, 7.18315857e+02,
    1.02381512e+03, 7.26869873e+02, 1.14739197e+03, 6.45819153e+02,
    1.12313220e+03, 6.56234009e+02, 1.09928491e+03, 6.66014587e+02,
    1.07636475e+03, 6.75613831e+02, 1.05394592e+03, 6.85104614e+02,
    1.03225366e+03, 6.94295166e+02, 1.01087250e+03, 7.03086609e+02,
    1.13354187e+03, 6.20421875e+02, 1.10932202e+03, 6.30799500e+02,
    1.08586084e+03, 6.41315186e+02, 1.06291162e+03, 6.51017334e+02,
    1.04080237e+03, 6.60824402e+02, 1.01929321e+03, 6.70344177e+02,
    9.98170898e+02, 6.79472656e+02, 1.11949231e+03, 5.94665222e+02,
    1.09544397e+03, 6.05572388e+02, 1.07237817e+03, 6.16253357e+02,
    1.04962915e+03, 6.26514465e+02, 1.02755908e+03, 6.36571289e+02,
    1.00626965e+03, 6.46400452e+02, 9.85356445e+02, 6.55825500e+02,
    1.10550549e+03, 5.69162720e+02, 1.08184143e+03, 5.80362854e+02,
    1.05865466e+03, 5.91361816e+02, 1.03638501e+03, 6.01976562e+02,
    1.01452423e+03, 6.12331909e+02, 9.93428406e+02, 6.22394592e+02,
    9.72567139e+02, 6.32261658e+02, 1.09161768e+03, 5.43505981e+02,
    1.06808887e+03, 5.55099609e+02, 1.04534424e+03, 5.66467712e+02,
    1.02297491e+03, 5.77438721e+02, 1.00148492e+03, 5.88087097e+02,
    9.80471252e+02, 5.98462585e+02, 9.59931763e+02, 6.08562134e+02,
    1.07769019e+03, 5.18136963e+02, 1.05449658e+03, 5.30046326e+02,
    1.03168823e+03, 5.41727295e+02, 1.00991852e+03, 5.52986511e+02,
    9.88463928e+02, 5.63940613e+02, 9.67695496e+02, 5.74620605e+02,
    9.47385986e+02, 5.85015198e+02, 1.06402869e+03, 4.92525085e+02,
    1.04083960e+03, 5.04848114e+02, 1.01851147e+03, 5.16812561e+02,
    9.96632019e+02, 5.28488892e+02, 9.75468933e+02, 5.39727234e+02,
    9.54737427e+02, 5.50706543e+02, 9.34764221e+02, 5.61436279e+02,
    1.05011511e+03, 4.67212799e+02, 1.02720154e+03, 4.79714325e+02,
    1.00496429e+03, 4.92038879e+02, 9.83426208e+02, 5.03918060e+02,
    9.62426941e+02, 5.15555359e+02, 9.41951111e+02, 5.26765503e+02,
    9.22196838e+02, 5.37811951e+02 ]
