%YAML:1.0
---
points: [ 2.96194000e+02, 1.26100517e+02, 2.91485260e+02, 1.39675110e+02,
    2.86923645e+02, 1.52892670e+02, 2.82473755e+02, 1.65748566e+02,
    2.78104797e+02, 1.78349762e+02, 2.73888092e+02, 1.90578720e+02,
    2.69747833e+02, 2.02501602e+02, 2.83700317e+02, 1.22338715e+02,
    2.79094879e+02, 1.36139450e+02, 2.74575287e+02, 1.49543747e+02,
    2.70250275e+02, 1.62668549e+02, 2.66023132e+02, 1.75411179e+02,
    2.61930786e+02, 1.87749298e+02, 2.57868622e+02, 1.99875198e+02,
    2.70809784e+02, 1.18505997e+02, 2.66331696e+02, 1.32505280e+02,
    2.61968048e+02, 1.46200302e+02, 2.57701141e+02, 1.59450104e+02,
    2.53661194e+02, 1.72394440e+02, 2.49540848e+02, 1.84989853e+02,
    2.45696487e+02, 1.97304001e+02, 2.57673584e+02, 1.14541931e+02,
    2.53261688e+02, 1.28806564e+02, 2.49039276e+02, 1.42689789e+02,
    2.44931793e+02, 1.56220993e+02, 2.40861725e+02, 1.69264984e+02,
    2.36976196e+02, 1.82109787e+02, 2.33121063e+02, 1.94638321e+02,
    2.44069305e+02, 1.10395660e+02, 2.39813568e+02, 1.24912010e+02,
    2.35673157e+02, 1.39030197e+02, 2.31716431e+02, 1.52813339e+02,
    2.27822311e+02, 1.66193222e+02, 2.23933884e+02, 1.79081238e+02,
    2.20280472e+02, 1.91792725e+02, 2.30015823e+02, 1.06098145e+02,
    2.25964447e+02, 1.20922539e+02, 2.21912354e+02, 1.35302078e+02,
    2.18001907e+02, 1.49297241e+02, 2.14240295e+02, 1.62836563e+02,
    2.10680054e+02, 1.76054596e+02, 2.06980225e+02, 1.88989395e+02,
    2.15649200e+02, 1.01749611e+02, 2.11664795e+02, 1.16764282e+02,
    2.07822174e+02, 1.31430908e+02, 2.04064606e+02, 1.45633347e+02,
    2.00436600e+02, 1.59473099e+02, 1.96865189e+02, 1.72895493e+02,
    1.93377747e+02, 1.86056229e+02, 2.00716431e+02, 9.71894226e+01,
    1.96962875e+02, 1.12569534e+02, 1.93244827e+02, 1.27421730e+02,
    1.89645996e+02, 1.41880768e+02, 1.86154266e+02, 1.56012634e+02,
    1.82758179e+02, 1.69695435e+02, 1.79421448e+02, 1.82993515e+02,
    1.85445724e+02, 9.25618820e+01, 1.81763672e+02, 1.08090080e+02,
    1.78236237e+02, 1.23331940e+02, 1.74742599e+02, 1.38039337e+02,
    1.71476883e+02, 1.52421768e+02, 1.68191269e+02, 1.66379913e+02,
    1.65004364e+02, 1.79879410e+02 ]
