%YAML:1.0
---
points: [ 2.06182587e+02, 2.13871094e+02, 1.96951141e+02, 2.14667740e+02,
    1.87633972e+02, 2.15553436e+02, 1.78245712e+02, 2.16284698e+02,
    1.69015228e+02, 2.17152084e+02, 1.59515015e+02, 2.17966522e+02,
    1.50122772e+02, 2.18641632e+02, 2.04907501e+02, 2.06909348e+02,
    1.95416916e+02, 2.07749084e+02, 1.85969696e+02, 2.08528397e+02,
    1.76508911e+02, 2.09383926e+02, 1.66926544e+02, 2.10175690e+02,
    1.57245026e+02, 2.10914886e+02, 1.47815994e+02, 2.11823135e+02,
    2.03462540e+02, 1.99698257e+02, 1.93909500e+02, 2.00516769e+02,
    1.84209763e+02, 2.01419846e+02, 1.74577042e+02, 2.02193542e+02,
    1.64782318e+02, 2.02945221e+02, 1.55101654e+02, 2.03820175e+02,
    1.45393143e+02, 2.04691040e+02, 2.02108170e+02, 1.92287064e+02,
    1.92215286e+02, 1.93111969e+02, 1.82385040e+02, 1.93912247e+02,
    1.72533859e+02, 1.94723907e+02, 1.62715103e+02, 1.95575241e+02,
    1.52803116e+02, 1.96420868e+02, 1.42873978e+02, 1.97270981e+02,
    2.00569733e+02, 1.84530518e+02, 1.90619171e+02, 1.85305161e+02,
    1.80564499e+02, 1.86217834e+02, 1.70515198e+02, 1.87031387e+02,
    1.60450485e+02, 1.87817459e+02, 1.50377991e+02, 1.88687332e+02,
    1.40244980e+02, 1.89566360e+02, 1.98956146e+02, 1.76430328e+02,
    1.88824738e+02, 1.77357712e+02, 1.78623718e+02, 1.78177307e+02,
    1.68360275e+02, 1.78939789e+02, 1.58092010e+02, 1.79769531e+02,
    1.47851547e+02, 1.80619202e+02, 1.37571060e+02, 1.81490341e+02,
    1.97371506e+02, 1.68159897e+02, 1.87040176e+02, 1.69070297e+02,
    1.76525085e+02, 1.69764343e+02, 1.66208649e+02, 1.70676331e+02,
    1.55740356e+02, 1.71427444e+02, 1.45328888e+02, 1.72308853e+02,
    1.34747971e+02, 1.73114151e+02, 1.95669266e+02, 1.59413803e+02,
    1.85148514e+02, 1.60266357e+02, 1.74512756e+02, 1.61120972e+02,
    1.63873749e+02, 1.61972595e+02, 1.53234970e+02, 1.62712204e+02,
    1.42578705e+02, 1.63627838e+02, 1.31886765e+02, 1.64427414e+02,
    1.93941315e+02, 1.50404327e+02, 1.83227539e+02, 1.51232681e+02,
    1.72248856e+02, 1.52054550e+02, 1.61520309e+02, 1.52859039e+02,
    1.50559586e+02, 1.53681168e+02, 1.39791580e+02, 1.54471802e+02,
    1.28812103e+02, 1.55375092e+02 ]
