%YAML:1.0
---
points: [ 8.16198425e+02, 2.22790634e+02, 7.99346497e+02, 2.50622055e+02,
    7.82594543e+02, 2.78310913e+02, 7.65757751e+02, 3.05773346e+02,
    7.49182373e+02, 3.33318329e+02, 7.32515930e+02, 3.60657166e+02,
    7.15853638e+02, 3.87889832e+02, 7.89694458e+02, 2.03296005e+02,
    7.72721802e+02, 2.31576691e+02, 7.55650818e+02, 2.59647797e+02,
    7.38733215e+02, 2.87679352e+02, 7.21718689e+02, 3.15601013e+02,
    7.04820862e+02, 3.43473938e+02, 6.87827637e+02, 3.71257904e+02,
    7.62488037e+02, 1.83246109e+02, 7.45162720e+02, 2.11881546e+02,
    7.28064453e+02, 2.40641922e+02, 7.10624207e+02, 2.68989319e+02,
    6.93506348e+02, 2.97472626e+02, 6.76328369e+02, 3.25758301e+02,
    6.59167053e+02, 3.54176544e+02, 7.34441406e+02, 1.62328110e+02,
    7.16744263e+02, 1.91597641e+02, 6.99324463e+02, 2.20682510e+02,
    6.81831604e+02, 2.49722809e+02, 6.64330261e+02, 2.78653900e+02,
    6.46861145e+02, 3.07645721e+02, 6.29377563e+02, 3.36296570e+02,
    7.05200684e+02, 1.40713165e+02, 6.87263855e+02, 1.70524719e+02,
    6.69473633e+02, 2.00251648e+02, 6.51645752e+02, 2.29694214e+02,
    6.34077942e+02, 2.59331024e+02, 6.16300598e+02, 2.88574280e+02,
    5.98609253e+02, 3.17788940e+02, 6.74812622e+02, 1.18392250e+02,
    6.56728455e+02, 1.48665146e+02, 6.38619568e+02, 1.78977386e+02,
    6.20601318e+02, 2.09119064e+02, 6.02517151e+02, 2.39011673e+02,
    5.84583740e+02, 2.68926544e+02, 5.66605774e+02, 2.98713928e+02,
    6.43620361e+02, 9.54585266e+01, 6.25165405e+02, 1.26221336e+02,
    6.06753052e+02, 1.57151733e+02, 5.88477112e+02, 1.87631058e+02,
    5.70168335e+02, 2.18270386e+02, 5.51845947e+02, 2.48608917e+02,
    5.33622559e+02, 2.79077637e+02, 6.11301880e+02, 7.16445389e+01,
    5.92539368e+02, 1.03065414e+02, 5.73736450e+02, 1.34404541e+02,
    5.55262634e+02, 1.65592300e+02, 5.36660400e+02, 1.96654495e+02,
    5.18179138e+02, 2.27756012e+02, 4.99527008e+02, 2.58641754e+02,
    5.77786377e+02, 4.72307625e+01, 5.58655273e+02, 7.91650543e+01,
    5.39846985e+02, 1.11154984e+02, 5.20809387e+02, 1.42708496e+02,
    5.02066711e+02, 1.74544968e+02, 4.83121521e+02, 2.06071014e+02,
    4.64402374e+02, 2.37653000e+02 ]
