%YAML:1.0
---
points: [ 2.33490646e+02, 1.07950233e+02, 2.27785568e+02, 1.17329903e+02,
    2.21972839e+02, 1.26743889e+02, 2.16307632e+02, 1.36008606e+02,
    2.10591339e+02, 1.45414536e+02, 2.04941849e+02, 1.54668472e+02,
    1.99256470e+02, 1.63983688e+02, 2.24983170e+02, 1.01359749e+02,
    2.19106354e+02, 1.10935715e+02, 2.13308716e+02, 1.20438057e+02,
    2.07476334e+02, 1.29992981e+02, 2.01744690e+02, 1.39412399e+02,
    1.95969513e+02, 1.48908722e+02, 1.90261780e+02, 1.58265762e+02,
    2.16117859e+02, 9.45719681e+01, 2.10175735e+02, 1.04266457e+02,
    2.04253067e+02, 1.13990486e+02, 1.98412598e+02, 1.23691071e+02,
    1.92569458e+02, 1.33301666e+02, 1.86742752e+02, 1.42902710e+02,
    1.80852219e+02, 1.52496490e+02, 2.07002991e+02, 8.75673676e+01,
    2.00991989e+02, 9.74885788e+01, 1.95038757e+02, 1.07293594e+02,
    1.89084961e+02, 1.17216652e+02, 1.83118973e+02, 1.26963181e+02,
    1.77178284e+02, 1.36780243e+02, 1.71249496e+02, 1.46475830e+02,
    1.97545868e+02, 8.04276581e+01, 1.91458710e+02, 9.04043808e+01,
    1.85388565e+02, 1.00471161e+02, 1.79336639e+02, 1.10378098e+02,
    1.73288956e+02, 1.20433769e+02, 1.67284622e+02, 1.30329468e+02,
    1.61238846e+02, 1.40258606e+02, 1.87858459e+02, 7.29340897e+01,
    1.81628754e+02, 8.32167130e+01, 1.75444748e+02, 9.33156815e+01,
    1.69301758e+02, 1.03515739e+02, 1.63166260e+02, 1.13623428e+02,
    1.57004501e+02, 1.23815819e+02, 1.50949768e+02, 1.33848404e+02,
    1.77784988e+02, 6.52490234e+01, 1.71468384e+02, 7.57131958e+01,
    1.65185730e+02, 8.61036835e+01, 1.58991318e+02, 9.63520279e+01,
    1.52739075e+02, 1.06669266e+02, 1.46517349e+02, 1.17002548e+02,
    1.40273041e+02, 1.27244202e+02, 1.67409576e+02, 5.75827255e+01,
    1.61022141e+02, 6.80084839e+01, 1.54621979e+02, 7.85160675e+01,
    1.48273697e+02, 8.90311432e+01, 1.41967590e+02, 9.94790955e+01,
    1.35590012e+02, 1.10026680e+02, 1.29325073e+02, 1.20382698e+02,
    1.56702011e+02, 4.93953629e+01, 1.50225998e+02, 6.02414322e+01,
    1.43707840e+02, 7.08244019e+01, 1.37314636e+02, 8.14465027e+01,
    1.30847961e+02, 9.21330185e+01, 1.24433975e+02, 1.02763222e+02,
    1.18040802e+02, 1.13366829e+02 ]
