%YAML:1.0
---
points: [ 7.82658630e+02, 3.61465363e+02, 7.83409790e+02, 3.93549377e+02,
    7.84217468e+02, 4.25815735e+02, 7.84830872e+02, 4.57970734e+02,
    7.85716003e+02, 4.90458130e+02, 7.86404419e+02, 5.22902100e+02,
    7.87127014e+02, 5.55474182e+02, 7.50237244e+02, 3.59668213e+02,
    7.50897888e+02, 3.92274963e+02, 7.51646484e+02, 4.24722931e+02,
    7.52312195e+02, 4.57278320e+02, 7.53066772e+02, 4.90134308e+02,
    7.53781860e+02, 5.23142029e+02, 7.54415894e+02, 5.56087524e+02,
    7.16914856e+02, 3.57849609e+02, 7.17503296e+02, 3.90768616e+02,
    7.18264832e+02, 4.23745728e+02, 7.18851318e+02, 4.56627502e+02,
    7.19510986e+02, 4.90004608e+02, 7.20098145e+02, 5.23251465e+02,
    7.20834656e+02, 5.56482727e+02, 6.82932190e+02, 3.55990784e+02,
    6.83522034e+02, 3.89372894e+02, 6.84232727e+02, 4.22651733e+02,
    6.84898987e+02, 4.56139496e+02, 6.85398621e+02, 4.89675690e+02,
    6.85929565e+02, 5.23452454e+02, 6.86354797e+02, 5.57058716e+02,
    6.47982178e+02, 3.54255829e+02, 6.48426941e+02, 3.87622711e+02,
    6.48975403e+02, 4.21514191e+02, 6.49496521e+02, 4.55373383e+02,
    6.50034912e+02, 4.89199738e+02, 6.50535889e+02, 5.23501099e+02,
    6.51075867e+02, 5.57656311e+02, 6.11805481e+02, 3.52167908e+02,
    6.12470764e+02, 3.86195160e+02, 6.13044861e+02, 4.20291382e+02,
    6.13353638e+02, 4.54725708e+02, 6.14059753e+02, 4.89064941e+02,
    6.14311523e+02, 5.23618469e+02, 6.14894897e+02, 5.58189758e+02,
    5.75169312e+02, 3.50142548e+02, 5.75538818e+02, 3.84591156e+02,
    5.76082336e+02, 4.19226501e+02, 5.76408203e+02, 4.53859009e+02,
    5.76949707e+02, 4.88810272e+02, 5.77244873e+02, 5.23794556e+02,
    5.77661865e+02, 5.58842407e+02, 5.37525146e+02, 3.48064636e+02,
    5.37809937e+02, 3.82860077e+02, 5.38339905e+02, 4.18064850e+02,
    5.38691467e+02, 4.53192535e+02, 5.39079163e+02, 4.88386566e+02,
    5.39188354e+02, 5.23920410e+02, 5.39507385e+02, 5.59420898e+02,
    4.98813690e+02, 3.45853912e+02, 4.98968231e+02, 3.81446716e+02,
    4.99416962e+02, 4.16817352e+02, 4.99819702e+02, 4.52258942e+02,
    5.00078888e+02, 4.88181519e+02, 5.00280731e+02, 5.24020569e+02,
    5.00463287e+02, 5.60073242e+02 ]
