%YAML:1.0
---
points: [ 2.22311691e+02, 1.55109299e+02, 2.22533478e+02, 1.65909271e+02,
    2.22783951e+02, 1.76907196e+02, 2.23101791e+02, 1.87618301e+02,
    2.23493011e+02, 1.98708710e+02, 2.23744278e+02, 2.09646179e+02,
    2.23988312e+02, 2.20747437e+02, 2.11495926e+02, 1.54368896e+02,
    2.11771088e+02, 1.65483978e+02, 2.12165634e+02, 1.76503311e+02,
    2.12421341e+02, 1.87486542e+02, 2.12608688e+02, 1.98582062e+02,
    2.12903366e+02, 2.09762955e+02, 2.13182861e+02, 2.20853287e+02,
    2.00513382e+02, 1.53794189e+02, 2.00766510e+02, 1.65051193e+02,
    2.01145920e+02, 1.76154358e+02, 2.01356750e+02, 1.87288544e+02,
    2.01554688e+02, 1.98588348e+02, 2.01930923e+02, 2.09816116e+02,
    2.02155151e+02, 2.21096115e+02, 1.89385254e+02, 1.53281418e+02,
    1.89550369e+02, 1.64511734e+02, 1.89791962e+02, 1.75674576e+02,
    1.90234665e+02, 1.87085068e+02, 1.90280136e+02, 1.98449707e+02,
    1.90544022e+02, 2.09880646e+02, 1.90845917e+02, 2.21297089e+02,
    1.77780334e+02, 1.52615509e+02, 1.78018677e+02, 1.63947769e+02,
    1.78292114e+02, 1.75416733e+02, 1.78454865e+02, 1.86817368e+02,
    1.78698624e+02, 1.98469437e+02, 1.79025528e+02, 2.09830231e+02,
    1.79182220e+02, 2.21513672e+02, 1.65931519e+02, 1.51894363e+02,
    1.66219269e+02, 1.63482315e+02, 1.66375916e+02, 1.74944565e+02,
    1.66595215e+02, 1.86661438e+02, 1.66873215e+02, 1.98299072e+02,
    1.67087433e+02, 2.09874924e+02, 1.67225861e+02, 2.21636398e+02,
    1.53865646e+02, 1.51328278e+02, 1.54076111e+02, 1.62874756e+02,
    1.54267868e+02, 1.74640945e+02, 1.54397324e+02, 1.86419617e+02,
    1.54628372e+02, 1.98176620e+02, 1.54815613e+02, 2.09824905e+02,
    1.54940521e+02, 2.21836349e+02, 1.41549271e+02, 1.50638626e+02,
    1.41744858e+02, 1.62475266e+02, 1.41880554e+02, 1.74307190e+02,
    1.42029968e+02, 1.86162643e+02, 1.42263382e+02, 1.97960739e+02,
    1.42360123e+02, 2.09949890e+02, 1.42470200e+02, 2.21932999e+02,
    1.28785690e+02, 1.49955750e+02, 1.28916397e+02, 1.61823273e+02,
    1.29083496e+02, 1.73828537e+02, 1.29274323e+02, 1.85826523e+02,
    1.29359711e+02, 1.97898041e+02, 1.29550751e+02, 2.09935913e+02,
    1.29582199e+02, 2.22323990e+02 ]
