%YAML:1.0
---
points: [ 2.18426620e+02, 2.51314392e+02, 2.08186371e+02, 2.53728027e+02,
    1.97548264e+02, 2.56191895e+02, 1.86703323e+02, 2.58818451e+02,
    1.75304047e+02, 2.61458008e+02, 1.63788345e+02, 2.64276367e+02,
    1.51701218e+02, 2.67118439e+02, 2.16650070e+02, 2.40535248e+02,
    2.06350647e+02, 2.42809097e+02, 1.95645172e+02, 2.45189972e+02,
    1.84762604e+02, 2.47607559e+02, 1.73343796e+02, 2.50119247e+02,
    1.61684113e+02, 2.52675751e+02, 1.49593781e+02, 2.55398315e+02,
    2.14832764e+02, 2.29722885e+02, 2.04501465e+02, 2.31850418e+02,
    1.93724854e+02, 2.34048737e+02, 1.82722275e+02, 2.36269760e+02,
    1.71312912e+02, 2.38584244e+02, 1.59592545e+02, 2.41026550e+02,
    1.47454636e+02, 2.43516373e+02, 2.13053604e+02, 2.18866013e+02,
    2.02637329e+02, 2.20896851e+02, 1.91862061e+02, 2.22947098e+02,
    1.80751068e+02, 2.25046600e+02, 1.69350388e+02, 2.27198868e+02,
    1.57514847e+02, 2.29400162e+02, 1.45325729e+02, 2.31768585e+02,
    2.11214417e+02, 2.08019760e+02, 2.00742584e+02, 2.09734344e+02,
    1.89842224e+02, 2.11678421e+02, 1.78783340e+02, 2.13666595e+02,
    1.67257889e+02, 2.15639648e+02, 1.55376953e+02, 2.17709595e+02,
    1.43067764e+02, 2.19816132e+02, 2.09344193e+02, 1.97003830e+02,
    1.98790558e+02, 1.98661774e+02, 1.87939575e+02, 2.00335251e+02,
    1.76748169e+02, 2.02153976e+02, 1.65139755e+02, 2.04001129e+02,
    1.53209839e+02, 2.05867737e+02, 1.40895279e+02, 2.07961639e+02,
    2.07441254e+02, 1.85949753e+02, 1.96813232e+02, 1.87498566e+02,
    1.85942139e+02, 1.89039581e+02, 1.74678528e+02, 1.90695526e+02,
    1.63018509e+02, 1.92343750e+02, 1.51023315e+02, 1.94075119e+02,
    1.38655701e+02, 1.95761734e+02, 2.05590988e+02, 1.75009689e+02,
    1.94873459e+02, 1.76279968e+02, 1.83872559e+02, 1.77665344e+02,
    1.72617310e+02, 1.79138550e+02, 1.60910858e+02, 1.80645874e+02,
    1.48807800e+02, 1.82173264e+02, 1.36483002e+02, 1.83789093e+02,
    2.03637680e+02, 1.63812332e+02, 1.92886398e+02, 1.65096344e+02,
    1.81871384e+02, 1.66283524e+02, 1.70522308e+02, 1.67444122e+02,
    1.58767853e+02, 1.68800873e+02, 1.46656219e+02, 1.70164459e+02,
    1.34190613e+02, 1.71550629e+02 ]
