%YAML:1.0
---
points: [ 7.71316711e+02, 6.46093628e+02, 7.39812439e+02, 6.53391907e+02,
    7.07470032e+02, 6.60665649e+02, 6.74174622e+02, 6.68405334e+02,
    6.39451233e+02, 6.76392090e+02, 6.03999023e+02, 6.84678162e+02,
    5.67220581e+02, 6.93140930e+02, 7.65694763e+02, 6.14110474e+02,
    7.34218445e+02, 6.21018616e+02, 7.01746582e+02, 6.28046814e+02,
    6.68344971e+02, 6.34969971e+02, 6.33520386e+02, 6.42612305e+02,
    5.97602112e+02, 6.50318420e+02, 5.60602905e+02, 6.58370422e+02,
    7.60407166e+02, 5.82219360e+02, 7.28601807e+02, 5.88467163e+02,
    6.96137024e+02, 5.94945740e+02, 6.62314880e+02, 6.01737427e+02,
    6.27485168e+02, 6.08597961e+02, 5.91368103e+02, 6.15872375e+02,
    5.54332336e+02, 6.23333496e+02, 755., 5.50319519e+02, 7.23048096e+02,
    5.56025879e+02, 6.90258606e+02, 5.61932068e+02, 6.56207092e+02,
    5.68391968e+02, 6.21344482e+02, 5.74846252e+02, 5.85245483e+02,
    5.81427673e+02, 5.47593628e+02, 5.88276855e+02, 7.49429016e+02,
    5.17910156e+02, 7.17382629e+02, 5.23401245e+02, 6.84455811e+02,
    5.28780212e+02, 6.50103271e+02, 5.34572205e+02, 6.14994080e+02,
    5.40462769e+02, 5.78535156e+02, 5.46602234e+02, 5.41123047e+02,
    5.52948181e+02, 7.43708618e+02, 4.85624847e+02, 7.11547974e+02,
    4.90469910e+02, 6.78362122e+02, 4.95650146e+02, 6.43945740e+02,
    5.00761719e+02, 6.08531067e+02, 5.06371094e+02, 5.71954041e+02,
    5.11771576e+02, 5.34302673e+02, 5.17686829e+02, 7.38057495e+02,
    4.53117493e+02, 7.05570312e+02, 4.57469391e+02, 6.72133484e+02,
    4.62062103e+02, 6.37658569e+02, 4.66806152e+02, 6.02136475e+02,
    4.71651489e+02, 5.65406433e+02, 4.76811981e+02, 5.27490601e+02,
    4.81911926e+02, 7.32313416e+02, 4.20391663e+02, 6.99625244e+02,
    4.24426849e+02, 6.65959045e+02, 4.28614624e+02, 6.31496643e+02,
    4.32694702e+02, 5.95635681e+02, 4.37259827e+02, 5.58830750e+02,
    4.41514709e+02, 5.20575073e+02, 4.46311981e+02, 7.26377625e+02,
    3.87496338e+02, 6.93517151e+02, 3.91126434e+02, 6.59746216e+02,
    3.94653046e+02, 6.24918579e+02, 3.98368134e+02, 5.89230896e+02,
    4.02337646e+02, 5.52150513e+02, 4.06416168e+02, 5.13611084e+02,
    4.10393463e+02 ]
