%YAML:1.0
---
cameraMatrix: !!opencv-matrix
   rows: 3
   cols: 3
   dt: d
   data: [ 1.0685132562503038e+03, 0., 9.4646247882698822e+02, 0.,
       1.0691031314129875e+03, 5.3720184420921953e+02, 0., 0., 1. ]
distortionCoefficients: !!opencv-matrix
   rows: 1
   cols: 5
   dt: d
   data: [ 9.2172340123683735e-02, -1.6118377380605770e-01,
       9.5899263306216105e-04, -5.1708169366700965e-04,
       7.4449850089734496e-02 ]
rotation: !!opencv-matrix
   rows: 3
   cols: 3
   dt: d
   data: [ 1., 0., 0., 0., 1., 0., 0., 0., 1. ]
projection: !!opencv-matrix
   rows: 4
   cols: 4
   dt: d
   data: [ 1.0685132562503038e+03, 0., 9.4646247882698822e+02, 0., 0.,
       1.0691031314129875e+03, 5.3720184420921953e+02, 0., 0., 0., 1.,
       0., 0., 0., 0., 1. ]
