%YAML:1.0
---
rotation: !!opencv-matrix
   rows: 3
   cols: 3
   dt: d
   data: [ 9.9997430113501906e-01, -6.1997803195630264e-03,
       -3.5999713220278102e-03, 5.9208007191633725e-03,
       9.9732007769806164e-01, -7.2921922212571821e-02,
       4.0424235767937749e-03, 7.2898733489146300e-02,
       9.9733115536781680e-01 ]
translation: !!opencv-matrix
   rows: 3
   cols: 1
   dt: d
   data: [ 4.5764253184826771e-03, -3.5124089738354583e-02,
       1.3555074302967479e-01 ]
essential: !!opencv-matrix
   rows: 3
   cols: 3
   dt: d
   data: [ -9.4455538528497290e-04, -1.3774797922727042e-01,
       -2.5145728260929798e-02, 1.3552875967982675e-01,
       -1.1740004385625731e-03, -5.0521903379232473e-03,
       3.5150283191431687e-02, 4.3463992139061037e-03,
       -4.6016744685644577e-04 ]
fundamental: !!opencv-matrix
   rows: 3
   cols: 3
   dt: d
   data: [ 1.3019382533159480e-07, 1.9606548910391189e-05,
       -2.4850931752777518e-03, -1.8680154649943443e-05,
       1.6709760463158442e-07, 5.3442931031894023e-03,
       5.2042087484936500e-03, -1.9983093314345498e-02, 1. ]
