%YAML:1.0
---
cameraMatrix: !!opencv-matrix
   rows: 3
   cols: 3
   dt: d
   data: [ 3.2572177566714208e+02, 0., 2.7558504094745751e+02, 0.,
       3.1542334433519568e+02, 1.8249829711472523e+02, 0., 0., 1. ]
distortionCoefficients: !!opencv-matrix
   rows: 1
   cols: 5
   dt: d
   data: [ 8.9071526143007063e-02, -4.5787690140464571e-01,
       -2.0836974302408991e-02, 8.1546973417842301e-03,
       3.3956224078212199e-01 ]
rotation: !!opencv-matrix
   rows: 3
   cols: 3
   dt: d
   data: [ 1., 0., 0., 0., 1., 0., 0., 0., 1. ]
projection: !!opencv-matrix
   rows: 4
   cols: 4
   dt: d
   data: [ 3.2572177566714208e+02, 0., 2.7558504094745751e+02, 0., 0.,
       3.1542334433519568e+02, 1.8249829711472523e+02, 0., 0., 0., 1.,
       0., 0., 0., 0., 1. ]
