%YAML:1.0
---
cameraMatrix: !!opencv-matrix
   rows: 3
   cols: 3
   dt: d
   data: [ 1.0529167921268986e+03, 0., 9.8122202011643515e+02, 0.,
       1.0529506269218703e+03, 5.5852408227612932e+02, 0., 0., 1. ]
distortionCoefficients: !!opencv-matrix
   rows: 1
   cols: 5
   dt: d
   data: [ 3.4601621277498315e-02, 2.0639572377941326e-02,
       6.9428023271997496e-03, 5.7608436491241241e-03,
       -4.7190498747126601e-02 ]
rotation: !!opencv-matrix
   rows: 3
   cols: 3
   dt: d
   data: [ 1., 0., 0., 0., 1., 0., 0., 0., 1. ]
projection: !!opencv-matrix
   rows: 4
   cols: 4
   dt: d
   data: [ 1.0529167921268986e+03, 0., 9.8122202011643515e+02, 0., 0.,
       1.0529506269218703e+03, 5.5852408227612932e+02, 0., 0., 0., 1.,
       0., 0., 0., 0., 1. ]
