%YAML:1.0
---
depthShift: -4.3807122226208307e+01
