%YAML:1.0
---
points: [ 5.64872986e+02, 4.23130554e+02, 6.03131104e+02, 4.18469025e+02,
    6.41470093e+02, 4.13999329e+02, 6.79657349e+02, 4.09418457e+02,
    7.17578918e+02, 4.04838593e+02, 7.55410217e+02, 4.00384735e+02,
    5.69605774e+02, 4.60746582e+02, 6.07901062e+02, 4.56269897e+02,
    6.46263611e+02, 4.51557312e+02, 6.84470032e+02, 4.47031128e+02,
    7.22472717e+02, 4.42461823e+02, 7.60270020e+02, 4.37928375e+02,
    5.74559204e+02, 4.98878296e+02, 6.12807190e+02, 4.94263214e+02,
    6.51237488e+02, 4.89572388e+02, 6.89312256e+02, 4.84820038e+02,
    7.27366516e+02, 4.80383362e+02, 7.64912781e+02, 4.75636200e+02,
    5.79427856e+02, 5.36538391e+02, 6.17656738e+02, 5.31974854e+02,
    6.55908264e+02, 5.27257507e+02, 6.94052307e+02, 5.22608521e+02,
    7.31955444e+02, 5.17693909e+02, 7.69708252e+02, 5.13131409e+02,
    5.84063721e+02, 5.74510925e+02, 6.22446594e+02, 5.69611084e+02,
    6.60594849e+02, 5.65075439e+02, 6.98625549e+02, 5.60227600e+02,
    7.36634460e+02, 5.55380005e+02, 7.74462219e+02, 5.50555176e+02,
    5.88766663e+02, 6.12352600e+02, 6.27115417e+02, 6.07395447e+02,
    6.65336731e+02, 6.02467285e+02, 7.03432068e+02, 5.97702026e+02,
    7.41355103e+02, 5.92775330e+02, 7.79274414e+02, 5.88092712e+02,
    5.93404236e+02, 6.50066284e+02, 6.31817017e+02, 6.45043762e+02,
    6.70076294e+02, 6.40258362e+02, 7.08026306e+02, 6.35180115e+02,
    7.45949463e+02, 6.30369446e+02, 7.83704834e+02, 6.25516479e+02,
    5.97953003e+02, 6.87840759e+02, 6.36413513e+02, 6.82723328e+02,
    6.74650818e+02, 6.77722595e+02, 7.12532227e+02, 6.72799072e+02,
    7.50479553e+02, 6.67986023e+02, 7.88384155e+02, 6.63141235e+02 ]
