%YAML:1.0
---
points: [ 1.97351746e+02, 2.56763763e+02, 1.99735641e+02, 2.44153168e+02,
    2.02108368e+02, 2.31516907e+02, 2.04557495e+02, 2.18920334e+02,
    2.06794586e+02, 2.06294296e+02, 2.09154785e+02, 1.93655609e+02,
    2.09995651e+02, 2.59089539e+02, 2.12328674e+02, 2.46495148e+02,
    2.14714066e+02, 2.33844177e+02, 2.17135895e+02, 2.21224258e+02,
    2.19400879e+02, 2.08729736e+02, 2.21864441e+02, 1.95984070e+02,
    2.22639297e+02, 2.61439789e+02, 2.25053040e+02, 2.48841309e+02,
    2.27429657e+02, 2.36128464e+02, 2.29522934e+02, 2.23495346e+02,
    2.32103226e+02, 2.10888626e+02, 2.34208603e+02, 1.98415329e+02,
    2.35239029e+02, 2.63861237e+02, 2.37621582e+02, 2.51214355e+02,
    2.40034790e+02, 2.38618973e+02, 2.42293777e+02, 2.25824661e+02,
    2.44881104e+02, 2.13409225e+02, 2.47044754e+02, 2.00715668e+02,
    2.47820114e+02, 2.66169861e+02, 2.50264587e+02, 2.53503998e+02,
    2.52524384e+02, 2.41003555e+02, 2.55091278e+02, 2.28315872e+02,
    2.57291992e+02, 2.15518372e+02, 2.59172607e+02, 2.03171082e+02,
    2.60419403e+02, 2.68576477e+02, 2.62753418e+02, 2.55820374e+02,
    2.65011688e+02, 2.43275162e+02, 2.67327606e+02, 2.30574310e+02,
    2.69680481e+02, 2.18036102e+02, 2.72082520e+02, 2.05465256e+02,
    2.73026184e+02, 2.70877747e+02, 2.75340912e+02, 2.58292450e+02,
    2.77653809e+02, 2.45618103e+02, 2.79943359e+02, 2.33137512e+02,
    2.82331818e+02, 2.20422958e+02, 2.84640228e+02, 2.07917084e+02,
    2.85661194e+02, 2.73300964e+02, 2.87933167e+02, 2.60672882e+02,
    2.90274658e+02, 2.48003052e+02, 2.92582855e+02, 2.35450363e+02,
    2.94893951e+02, 2.22854553e+02, 2.97287933e+02, 2.10235229e+02 ]
