%YAML:1.0
---
points: [ 7.16781189e+02, 7.15362488e+02, 7.18204163e+02, 6.77332642e+02,
    7.19289490e+02, 6.39468567e+02, 7.20588745e+02, 6.01562317e+02,
    7.21861267e+02, 5.63608582e+02, 7.22839478e+02, 5.25800964e+02,
    7.54571350e+02, 7.16536560e+02, 7.55908386e+02, 6.78384705e+02,
    7.57250427e+02, 6.40517578e+02, 7.58528870e+02, 6.02566895e+02,
    7.59575317e+02, 5.64848206e+02, 7.60829224e+02, 5.26917053e+02,
    7.92819580e+02, 7.17505859e+02, 7.94187439e+02, 6.79607239e+02,
    7.95416626e+02, 6.41600464e+02, 7.96520203e+02, 6.03787659e+02,
    7.97785339e+02, 5.65974548e+02, 7.98909668e+02, 5.28259277e+02,
    8.30680115e+02, 7.18577881e+02, 8.32049255e+02, 6.80610046e+02,
    8.33183655e+02, 6.42762268e+02, 8.34307678e+02, 6.04886658e+02,
    8.35487244e+02, 5.67156189e+02, 8.36675354e+02, 5.29396118e+02,
    8.68639282e+02, 7.19537659e+02, 8.69658691e+02, 6.81696228e+02,
    8.70950256e+02, 6.43852417e+02, 8.72231689e+02, 6.06210266e+02,
    8.73293152e+02, 5.68360840e+02, 8.74481445e+02, 5.30581238e+02,
    9.06403931e+02, 7.20805969e+02, 9.07420959e+02, 6.82677368e+02,
    9.08560425e+02, 6.45125488e+02, 9.09824524e+02, 6.07317261e+02,
    9.10972412e+02, 5.69566956e+02, 9.12120361e+02, 5.31663574e+02,
    9.44111389e+02, 7.21822815e+02, 9.45208740e+02, 6.84083069e+02,
    9.46300110e+02, 6.46171875e+02, 9.47462036e+02, 6.08435425e+02,
    9.48629456e+02, 5.70586426e+02, 9.49566956e+02, 5.33035278e+02,
    9.81668579e+02, 7.23019226e+02, 9.82901550e+02, 6.85210144e+02,
    9.84062988e+02, 6.47351379e+02, 9.85182312e+02, 6.09559875e+02,
    9.86309082e+02, 5.71799805e+02, 9.87290100e+02, 5.34199463e+02 ]
