%YAML:1.0
---
points: [ 1.44609573e+02, 1.75685837e+02, 1.57525238e+02, 1.74207489e+02,
    1.70433289e+02, 1.72693344e+02, 1.83326767e+02, 1.71186432e+02,
    1.96138855e+02, 1.69552353e+02, 2.08983063e+02, 1.67993378e+02,
    1.46205750e+02, 1.88502762e+02, 1.59169464e+02, 1.87012604e+02,
    1.72052444e+02, 1.85388748e+02, 1.84914780e+02, 1.83819260e+02,
    1.97734909e+02, 1.82310928e+02, 2.10522507e+02, 1.80792419e+02,
    1.47868439e+02, 2.01371307e+02, 1.60820648e+02, 1.99810272e+02,
    1.73701019e+02, 1.98274857e+02, 1.86544037e+02, 1.96651245e+02,
    1.99397736e+02, 1.95110260e+02, 2.12130585e+02, 1.93409805e+02,
    1.49484238e+02, 2.14209366e+02, 1.62473038e+02, 2.12531204e+02,
    1.75265488e+02, 2.10895370e+02, 1.88148071e+02, 2.09360001e+02,
    2.00991394e+02, 2.07901138e+02, 2.13780655e+02, 2.06251938e+02,
    1.51080185e+02, 2.27105499e+02, 1.64031067e+02, 2.25392151e+02,
    1.76909058e+02, 2.23804443e+02, 1.89764465e+02, 2.22179214e+02,
    2.02565125e+02, 2.20435303e+02, 2.15286865e+02, 2.18927963e+02,
    1.52684097e+02, 2.39790115e+02, 1.65615814e+02, 2.38162323e+02,
    1.78492645e+02, 2.36533768e+02, 1.91319977e+02, 2.34958771e+02,
    2.04165054e+02, 2.33294220e+02, 2.16944962e+02, 2.31677216e+02,
    1.54265320e+02, 2.52545334e+02, 1.67224335e+02, 2.50935150e+02,
    1.80126221e+02, 2.49265823e+02, 1.92926956e+02, 2.47585022e+02,
    2.05699051e+02, 2.45980881e+02, 2.18480469e+02, 2.44340851e+02,
    1.55852173e+02, 2.65391541e+02, 1.68786255e+02, 2.63727081e+02,
    1.81635773e+02, 2.62068787e+02, 1.94444550e+02, 2.60369690e+02,
    2.07282867e+02, 2.58731934e+02, 2.20077042e+02, 2.57009766e+02 ]
