%YAML:1.0
---
points: [ 6.77355286e+02, 7.19806519e+02, 6.78222412e+02, 6.81832336e+02,
    6.79001587e+02, 6.43769592e+02, 6.79852905e+02, 6.05918030e+02,
    6.80445740e+02, 5.67854553e+02, 6.81281372e+02, 5.29915161e+02,
    7.15523071e+02, 7.20340576e+02, 7.16381592e+02, 6.82334839e+02,
    7.17170288e+02, 6.44375732e+02, 7.17825928e+02, 6.06466003e+02,
    7.18505127e+02, 5.68541382e+02, 7.19147339e+02, 5.30501587e+02,
    7.53917786e+02, 7.20849487e+02, 7.54565796e+02, 6.82883911e+02,
    7.55312195e+02, 6.44903809e+02, 7.56079468e+02, 6.07104797e+02,
    7.56825256e+02, 5.69243347e+02, 7.57460938e+02, 5.31247864e+02,
    7.91695740e+02, 7.21396851e+02, 7.92548157e+02, 6.83399902e+02,
    7.93247864e+02, 6.45482666e+02, 7.94064880e+02, 6.07653381e+02,
    7.94721863e+02, 5.69893066e+02, 7.95343811e+02, 5.31985901e+02,
    8.29724792e+02, 7.21833679e+02, 8.30450562e+02, 6.84054321e+02,
    8.31167908e+02, 6.46059631e+02, 8.31923157e+02, 6.08316833e+02,
    8.32581238e+02, 5.70506897e+02, 8.33165283e+02, 5.32890259e+02,
    8.67535095e+02, 7.22588196e+02, 8.68274109e+02, 6.84623413e+02,
    8.69049011e+02, 6.46730896e+02, 8.69727600e+02, 6.08794861e+02,
    8.70364868e+02, 5.71229370e+02, 8.70882996e+02, 5.33429321e+02,
    9.05389343e+02, 7.23183716e+02, 9.06035461e+02, 6.85291260e+02,
    9.06634583e+02, 6.47397583e+02, 9.07332520e+02, 6.09595093e+02,
    9.07918091e+02, 5.71690918e+02, 9.08520203e+02, 5.34113647e+02,
    9.43313782e+02, 7.23749207e+02, 9.43777588e+02, 6.85858704e+02,
    9.44430542e+02, 6.47986633e+02, 9.44914673e+02, 6.10321594e+02,
    9.45570557e+02, 5.72480164e+02, 9.46218384e+02, 5.34655945e+02 ]
