%YAML:1.0
---
points: [ 1.38466354e+02, 1.36742172e+02, 1.50678040e+02, 1.41143143e+02,
    1.62949493e+02, 1.45629837e+02, 1.75193344e+02, 1.50038757e+02,
    1.87468979e+02, 1.54462555e+02, 1.99675461e+02, 1.58886307e+02,
    1.34072830e+02, 1.48881607e+02, 1.46340164e+02, 1.53283707e+02,
    1.58624161e+02, 1.57706619e+02, 1.70878021e+02, 1.62111542e+02,
    1.83110657e+02, 1.66520874e+02, 1.95288513e+02, 1.70980469e+02,
    1.29702545e+02, 1.61126938e+02, 1.41968887e+02, 1.65479370e+02,
    1.54279007e+02, 1.69930588e+02, 1.66529327e+02, 1.74278198e+02,
    1.78751221e+02, 1.78656479e+02, 1.90977219e+02, 1.83093552e+02,
    1.25272743e+02, 1.73221375e+02, 1.37596939e+02, 1.77653687e+02,
    1.49934372e+02, 1.82032913e+02, 1.62143417e+02, 1.86351685e+02,
    1.74457748e+02, 1.90796677e+02, 1.86584167e+02, 1.95176056e+02,
    1.20892456e+02, 1.85400635e+02, 1.33252975e+02, 1.89773911e+02,
    1.45499039e+02, 1.94175797e+02, 1.57793732e+02, 1.98506912e+02,
    1.70076584e+02, 2.02893738e+02, 1.82221390e+02, 2.07258438e+02,
    1.16500122e+02, 1.97548294e+02, 1.28872269e+02, 2.01937088e+02,
    1.41101654e+02, 2.06284943e+02, 1.53365509e+02, 2.10601547e+02,
    1.65698166e+02, 2.15035278e+02, 1.77909149e+02, 2.19370850e+02,
    1.12113533e+02, 2.09703278e+02, 1.24449944e+02, 2.14157028e+02,
    1.36740662e+02, 2.18422256e+02, 1.49074371e+02, 2.22801147e+02,
    1.61325485e+02, 2.27130539e+02, 1.73530182e+02, 2.31381577e+02,
    1.07721466e+02, 2.22025864e+02, 1.20041252e+02, 2.26287582e+02,
    1.32323486e+02, 2.30641388e+02, 1.44654510e+02, 2.34929031e+02,
    1.56882996e+02, 2.39242523e+02, 1.69180695e+02, 2.43560654e+02 ]
