%YAML:1.0
---
points: [ 5.46307190e+02, 3.07681915e+02, 5.82768860e+02, 3.20729614e+02,
    6.19240540e+02, 3.34033630e+02, 6.55533386e+02, 3.47211060e+02,
    6.91764771e+02, 3.60353699e+02, 7.27809570e+02, 3.73305695e+02,
    5.33279236e+02, 3.43479248e+02, 5.69875427e+02, 3.56717438e+02,
    6.06335510e+02, 3.69774048e+02, 6.42838074e+02, 3.83159393e+02,
    6.78960449e+02, 3.95861420e+02, 7.15146118e+02, 4.09197083e+02,
    5.20379089e+02, 3.79670502e+02, 5.56978577e+02, 3.92560486e+02,
    5.93482117e+02, 4.05810944e+02, 6.29813782e+02, 4.18704895e+02,
    6.66180847e+02, 4.31877045e+02, 7.02281616e+02, 4.44750336e+02,
    5.07439423e+02, 4.15454071e+02, 5.43978638e+02, 4.28666687e+02,
    5.80540466e+02, 4.41504456e+02, 6.17055664e+02, 4.54670532e+02,
    6.53232971e+02, 4.67427704e+02, 6.89483093e+02, 4.80430420e+02,
    4.94307770e+02, 4.51620483e+02, 5.30900452e+02, 4.64465515e+02,
    5.67524658e+02, 4.77609772e+02, 6.03957947e+02, 4.90397156e+02,
    6.40365845e+02, 5.03409454e+02, 6.76508850e+02, 5.16106201e+02,
    4.81386810e+02, 4.87389526e+02, 5.18049438e+02, 5.00401428e+02,
    5.54452759e+02, 5.13355042e+02, 5.90999878e+02, 5.26418152e+02,
    6.27277039e+02, 5.39146729e+02, 6.63569885e+02, 5.51989807e+02,
    4.68352081e+02, 5.23522217e+02, 5.04787384e+02, 5.36241577e+02,
    5.41544922e+02, 5.49246460e+02, 5.78020020e+02, 5.61828918e+02,
    6.14408020e+02, 5.74728882e+02, 6.50647705e+02, 5.87459045e+02,
    4.55054504e+02, 5.59429871e+02, 4.91746063e+02, 5.72500549e+02,
    5.28344971e+02, 5.85132874e+02, 5.64885132e+02, 5.98024536e+02,
    6.01232483e+02, 6.10577698e+02, 6.37578552e+02, 6.23466858e+02 ]
