%YAML:1.0
---
points: [ 1.74042526e+02, 2.41127579e+02, 1.78057999e+02, 2.28846008e+02,
    1.81941757e+02, 2.16650925e+02, 1.85919189e+02, 2.04325027e+02,
    1.89799393e+02, 1.92161530e+02, 1.93641800e+02, 1.79922424e+02,
    1.86300156e+02, 2.44960831e+02, 1.90285950e+02, 2.32790161e+02,
    1.94145950e+02, 2.20563644e+02, 1.98102173e+02, 2.08330612e+02,
    2.02038162e+02, 1.96054260e+02, 2.05944458e+02, 1.83915131e+02,
    1.98568848e+02, 2.48926971e+02, 2.02566055e+02, 2.36684982e+02,
    2.06477219e+02, 2.24462189e+02, 2.10425552e+02, 2.12294952e+02,
    2.14465958e+02, 2.00090042e+02, 2.18108643e+02, 1.87807663e+02,
    2.10855515e+02, 2.52816010e+02, 2.14800735e+02, 2.40670380e+02,
    2.18763443e+02, 2.28438858e+02, 2.22745667e+02, 2.16300201e+02,
    2.26507965e+02, 2.03903030e+02, 2.30453003e+02, 1.91800049e+02,
    2.23087738e+02, 2.56773651e+02, 2.27039124e+02, 2.44563919e+02,
    2.30837738e+02, 2.32278717e+02, 2.34627075e+02, 2.20057617e+02,
    2.38009445e+02, 2.08406158e+02, 2.42451401e+02, 1.95835709e+02,
    2.35261902e+02, 2.60658447e+02, 2.39161179e+02, 2.48409958e+02,
    2.43123917e+02, 2.36276535e+02, 2.47067154e+02, 2.23989685e+02,
    2.50897232e+02, 2.11989609e+02, 2.54998154e+02, 1.99708313e+02,
    2.47424362e+02, 2.64651764e+02, 2.51361053e+02, 2.52386917e+02,
    2.55220444e+02, 2.40142181e+02, 2.59238098e+02, 2.27969955e+02,
    2.63162689e+02, 2.15745178e+02, 2.66947723e+02, 2.03608017e+02,
    2.59679626e+02, 2.68552856e+02, 2.63511017e+02, 2.56276123e+02,
    2.67411499e+02, 2.44110718e+02, 2.71321716e+02, 2.31832474e+02,
    2.75194092e+02, 2.19691620e+02, 2.79112823e+02, 2.07559082e+02 ]
