%YAML:1.0
---
points: [ 6.09850647e+02, 7.20002625e+02, 6.10633423e+02, 6.81951172e+02,
    6.11357422e+02, 6.43819214e+02, 6.12201050e+02, 6.05836731e+02,
    6.12810303e+02, 5.67629333e+02, 6.13402710e+02, 5.29619751e+02,
    6.48166077e+02, 7.20549194e+02, 6.48902344e+02, 6.82358704e+02,
    6.49596252e+02, 6.44387329e+02, 6.50345581e+02, 6.06412231e+02,
    6.51157043e+02, 5.68307983e+02, 6.51777771e+02, 5.30294617e+02,
    6.86631592e+02, 7.20858826e+02, 6.87276489e+02, 6.82917908e+02,
    6.88178101e+02, 6.44866089e+02, 6.88945496e+02, 6.06980042e+02,
    6.89698120e+02, 5.68927612e+02, 6.90219116e+02, 5.31114502e+02,
    7.24797791e+02, 7.21455688e+02, 7.25593018e+02, 6.83357300e+02,
    7.26377136e+02, 6.45355286e+02, 7.27013855e+02, 6.07539124e+02,
    7.27657898e+02, 5.69749451e+02, 7.28341614e+02, 5.31737122e+02,
    7.62923950e+02, 7.21862854e+02, 7.63726196e+02, 6.84001221e+02,
    7.64400696e+02, 6.45867310e+02, 7.65219604e+02, 6.08179871e+02,
    7.65724365e+02, 5.70330078e+02, 7.66283020e+02, 5.32442810e+02,
    8.00812988e+02, 7.22355896e+02, 8.01621643e+02, 6.84450562e+02,
    8.02402588e+02, 6.46503296e+02, 8.03112305e+02, 6.08563232e+02,
    8.03625549e+02, 5.70825012e+02, 8.04227356e+02, 5.33098328e+02,
    8.38819946e+02, 7.22837891e+02, 8.39424194e+02, 6.84940857e+02,
    8.40124207e+02, 6.47085083e+02, 8.40722168e+02, 6.09182007e+02,
    8.41426331e+02, 5.71443542e+02, 8.42199646e+02, 5.33750732e+02,
    8.76598267e+02, 7.23398315e+02, 8.77286377e+02, 6.85544067e+02,
    8.77903931e+02, 6.47704773e+02, 8.78619324e+02, 6.09874756e+02,
    8.79334595e+02, 5.72163940e+02, 8.79790649e+02, 5.34400635e+02 ]
