%YAML:1.0
---
points: [ 1.36606979e+02, 1.58530121e+02, 1.49536362e+02, 1.58405182e+02,
    1.62551620e+02, 1.58351669e+02, 1.75478760e+02, 1.58299286e+02,
    1.88437057e+02, 1.58243790e+02, 2.01390015e+02, 1.58183685e+02,
    1.36680740e+02, 1.71427902e+02, 1.49678009e+02, 1.71209183e+02,
    1.62644333e+02, 1.71150467e+02, 1.75632172e+02, 1.71101318e+02,
    1.88637131e+02, 1.71090088e+02, 2.01491470e+02, 1.71061844e+02,
    1.36766281e+02, 1.84279007e+02, 1.49771729e+02, 1.84167297e+02,
    1.62781723e+02, 1.84113876e+02, 1.75730713e+02, 1.84019363e+02,
    1.88711075e+02, 1.83952423e+02, 2.01602020e+02, 1.83842285e+02,
    1.36833984e+02, 1.97123276e+02, 1.49875854e+02, 1.97043686e+02,
    1.62906982e+02, 1.96896973e+02, 1.75898605e+02, 1.96824005e+02,
    1.88941849e+02, 1.96907669e+02, 2.01693268e+02, 1.96703461e+02,
    1.36901672e+02, 2.09958160e+02, 1.49987320e+02, 2.09820694e+02,
    1.63005432e+02, 2.09802017e+02, 1.75913284e+02, 2.09813461e+02,
    1.88865158e+02, 2.09709335e+02, 2.01725723e+02, 2.09620148e+02,
    1.37026642e+02, 2.22894669e+02, 1.50118149e+02, 2.22809509e+02,
    1.63115143e+02, 2.22727325e+02, 1.76160126e+02, 2.22682419e+02,
    1.88976837e+02, 2.22607590e+02, 2.01893173e+02, 2.22387161e+02,
    1.37131638e+02, 2.35771545e+02, 1.50180649e+02, 2.35768875e+02,
    1.63175400e+02, 2.35667694e+02, 1.76201431e+02, 2.35528671e+02,
    1.89143005e+02, 2.35386337e+02, 2.01958557e+02, 2.35311066e+02,
    1.37208740e+02, 2.48843674e+02, 1.50208130e+02, 2.48706238e+02,
    1.63255127e+02, 2.48594421e+02, 1.76196198e+02, 2.48436691e+02,
    1.89202423e+02, 2.48282211e+02, 2.02066376e+02, 2.48049927e+02 ]
