%YAML:1.0
---
points: [ 5.40742554e+02, 3.71737701e+02, 5.79346008e+02, 3.71551544e+02,
    6.18014832e+02, 3.71608582e+02, 6.56398560e+02, 3.71491333e+02,
    6.94923828e+02, 3.71482056e+02, 7.33089294e+02, 3.71286407e+02,
    5.40932190e+02, 4.09822174e+02, 5.79763977e+02, 4.09795197e+02,
    6.18291199e+02, 4.09516296e+02, 6.56985474e+02, 4.09470367e+02,
    6.95204346e+02, 4.09249298e+02, 7.33415527e+02, 4.09253448e+02,
    5.41514282e+02, 4.48314362e+02, 5.80242432e+02, 4.48006500e+02,
    6.18843079e+02, 4.48080536e+02, 6.57119080e+02, 4.47874664e+02,
    6.95560486e+02, 4.47674438e+02, 7.33588745e+02, 4.47288483e+02,
    5.42009460e+02, 4.86408081e+02, 5.80489075e+02, 4.86154510e+02,
    6.19162537e+02, 4.85837311e+02, 6.57662659e+02, 4.85722992e+02,
    6.95846375e+02, 4.85478577e+02, 7.34099060e+02, 4.85215942e+02,
    5.42162781e+02, 5.24477905e+02, 5.80801208e+02, 5.24212585e+02,
    6.19381836e+02, 5.24197876e+02, 6.57956360e+02, 5.23708313e+02,
    6.96262024e+02, 5.23471252e+02, 7.34264221e+02, 5.23104675e+02,
    5.42470032e+02, 5.62623535e+02, 5.81133057e+02, 5.62222412e+02,
    6.19603027e+02, 5.61908325e+02, 6.58167664e+02, 5.61564209e+02,
    6.96476807e+02, 5.61271179e+02, 7.34582397e+02, 5.60973999e+02,
    5.42643799e+02, 6.00924500e+02, 5.81273804e+02, 6.00266296e+02,
    6.20006653e+02, 6.00104004e+02, 6.58392517e+02, 5.99528992e+02,
    6.96675781e+02, 5.99101562e+02, 7.34900696e+02, 5.98728638e+02,
    5.42744507e+02, 6.39033813e+02, 5.81434875e+02, 6.38601501e+02,
    6.20106934e+02, 6.37943176e+02, 6.58576477e+02, 6.37660645e+02,
    6.96904175e+02, 6.37052490e+02, 7.35097534e+02, 6.36888367e+02 ]
