%YAML:1.0
---
points: [ 1.70376816e+02, 2.05803070e+02, 1.77396408e+02, 1.95041122e+02,
    1.84332748e+02, 1.84227829e+02, 1.91329910e+02, 1.73392090e+02,
    1.98229752e+02, 1.62582474e+02, 2.05174026e+02, 1.51760117e+02,
    1.81319244e+02, 2.12823471e+02, 1.88280624e+02, 2.02038254e+02,
    1.95179718e+02, 1.91203613e+02, 2.02137558e+02, 1.80404236e+02,
    2.09060318e+02, 1.69601700e+02, 2.16045471e+02, 1.58828766e+02,
    1.92169357e+02, 2.19798401e+02, 1.99143097e+02, 2.09062988e+02,
    2.06118484e+02, 1.98157425e+02, 2.13045288e+02, 1.87435699e+02,
    2.19955444e+02, 1.76644974e+02, 2.26820816e+02, 1.65773331e+02,
    2.03037430e+02, 2.26719193e+02, 2.09978943e+02, 2.16015518e+02,
    2.17035767e+02, 2.05254745e+02, 2.23889740e+02, 1.94458191e+02,
    2.30747559e+02, 1.83570328e+02, 2.37662399e+02, 1.72800171e+02,
    2.13771545e+02, 2.33672058e+02, 2.20759384e+02, 2.22921463e+02,
    2.27529648e+02, 2.12022385e+02, 2.34732071e+02, 2.01445633e+02,
    2.41344254e+02, 1.90595459e+02, 2.48367188e+02, 1.79782227e+02,
    2.24581894e+02, 2.40597092e+02, 2.31446823e+02, 2.29847885e+02,
    2.38352493e+02, 2.19145233e+02, 2.44907730e+02, 2.07986221e+02,
    2.52184219e+02, 1.97397797e+02, 2.59204315e+02, 1.86737854e+02,
    2.35345184e+02, 2.47499847e+02, 2.42293396e+02, 2.36822159e+02,
    2.49160751e+02, 2.25858780e+02, 2.56222870e+02, 2.15113983e+02,
    2.63144501e+02, 2.04417603e+02, 2.69901611e+02, 1.93646515e+02,
    2.46149719e+02, 2.54485168e+02, 2.53002029e+02, 2.43642548e+02,
    2.59885773e+02, 2.32926956e+02, 2.66845154e+02, 2.22017883e+02,
    2.73745728e+02, 2.11374908e+02, 2.80688507e+02, 2.00493362e+02 ]
