%YAML:1.0
---
points: [ 6.95470276e+02, 4.25563934e+02, 7.33537231e+02, 4.24660065e+02,
    7.71685974e+02, 4.23691284e+02, 8.09653137e+02, 4.22876099e+02,
    8.47711548e+02, 4.21820374e+02, 8.85424438e+02, 4.20800598e+02,
    6.96500244e+02, 4.63416321e+02, 7.34728210e+02, 4.62430573e+02,
    7.72819153e+02, 4.61387177e+02, 8.10855652e+02, 4.60545410e+02,
    8.48591736e+02, 4.59593140e+02, 8.86344055e+02, 4.58569580e+02,
    6.97623230e+02, 5.01650116e+02, 7.35831787e+02, 5.00513763e+02,
    7.74009766e+02, 4.99447357e+02, 8.11658508e+02, 4.98400970e+02,
    8.49713440e+02, 4.97497864e+02, 8.87363098e+02, 4.96455597e+02,
    6.98669128e+02, 5.39400146e+02, 7.36941711e+02, 5.38448547e+02,
    7.74970093e+02, 5.37143127e+02, 8.12890442e+02, 5.36231384e+02,
    8.50586792e+02, 5.35033447e+02, 8.88416565e+02, 5.33992920e+02,
    6.99805542e+02, 5.77340820e+02, 7.37821594e+02, 5.76086304e+02,
    7.76004272e+02, 5.75162109e+02, 8.13746765e+02, 5.73984192e+02,
    8.51794067e+02, 5.72730957e+02, 8.89471924e+02, 5.71688721e+02,
    7.00762512e+02, 6.15148071e+02, 7.38781982e+02, 6.13852356e+02,
    7.76878723e+02, 6.12869690e+02, 8.14895752e+02, 6.11772644e+02,
    8.52690430e+02, 6.10546570e+02, 8.90471375e+02, 6.09420959e+02,
    7.01620911e+02, 6.53005127e+02, 7.39720825e+02, 6.51740295e+02,
    7.77908691e+02, 6.50552673e+02, 8.15835205e+02, 6.49384155e+02,
    8.53729309e+02, 6.48349731e+02, 8.91454285e+02, 6.47039612e+02,
    7.02508362e+02, 6.91208679e+02, 7.40797241e+02, 6.89825989e+02,
    7.78786438e+02, 6.88428955e+02, 8.16804077e+02, 6.87375549e+02,
    8.54584778e+02, 6.86083374e+02, 8.92341492e+02, 6.84806274e+02 ]
