%YAML:1.0
---
points: [ 1.71881653e+02, 2.06250504e+02, 1.82853485e+02, 1.99612900e+02,
    1.93815201e+02, 1.92917862e+02, 2.04857880e+02, 1.86250641e+02,
    2.15750977e+02, 1.79508957e+02, 2.26726212e+02, 1.72844421e+02,
    1.78589340e+02, 2.17262604e+02, 1.89564209e+02, 2.10572540e+02,
    2.00535919e+02, 2.03862518e+02, 2.11490860e+02, 1.97117737e+02,
    2.22481445e+02, 1.90428345e+02, 2.33361313e+02, 1.83926163e+02,
    1.85249329e+02, 2.28226944e+02, 1.96297699e+02, 2.21543564e+02,
    2.07272675e+02, 2.14952972e+02, 2.18265427e+02, 2.08148300e+02,
    2.29232468e+02, 2.01466858e+02, 2.39955704e+02, 1.94753922e+02,
    1.91957489e+02, 2.39214737e+02, 2.02981918e+02, 2.32539368e+02,
    2.13960770e+02, 2.25814697e+02, 2.24886383e+02, 2.19104446e+02,
    2.35826675e+02, 2.12525177e+02, 2.46839203e+02, 2.05990356e+02,
    1.98663391e+02, 2.50191483e+02, 2.09662155e+02, 2.43422546e+02,
    2.20564178e+02, 2.36721848e+02, 2.31551270e+02, 2.30194534e+02,
    2.42547058e+02, 2.23278519e+02, 2.52925110e+02, 2.16179489e+02,
    2.05302811e+02, 2.61125092e+02, 2.16324524e+02, 2.54292938e+02,
    2.27296982e+02, 2.47684341e+02, 2.38228226e+02, 2.40919876e+02,
    2.49161697e+02, 2.34290604e+02, 2.60079865e+02, 2.27480804e+02,
    2.12027924e+02, 2.72118561e+02, 2.22971512e+02, 2.65298340e+02,
    2.33945312e+02, 2.58546997e+02, 2.44878067e+02, 2.51948502e+02,
    2.55853638e+02, 2.45192047e+02, 2.66723450e+02, 2.38494446e+02,
    2.18732025e+02, 2.83107849e+02, 2.29694702e+02, 2.76279419e+02,
    2.40623413e+02, 2.69540161e+02, 2.51579163e+02, 2.62828613e+02,
    2.62482666e+02, 2.56133453e+02, 2.73403473e+02, 2.49375122e+02 ]
