%YAML:1.0
---
points: [ 5.52320618e+02, 7.21244751e+02, 5.52607788e+02, 6.83055725e+02,
    5.52867615e+02, 6.44838928e+02, 5.53312134e+02, 6.06782288e+02,
    5.53376770e+02, 5.68614380e+02, 5.53562439e+02, 5.30447021e+02,
    5.90742493e+02, 7.21331848e+02, 5.91124695e+02, 6.83000854e+02,
    5.91379395e+02, 6.45007019e+02, 5.91562866e+02, 6.06768005e+02,
    5.91892761e+02, 5.69009949e+02, 5.92061646e+02, 5.30510986e+02,
    6.29474915e+02, 7.21155334e+02, 6.29778564e+02, 6.83034302e+02,
    6.30095398e+02, 6.44918701e+02, 6.30238403e+02, 6.06905823e+02,
    6.30585083e+02, 5.68942200e+02, 6.30838989e+02, 5.31044861e+02,
    6.68083679e+02, 7.21137207e+02, 6.68194885e+02, 6.83028564e+02,
    6.68440002e+02, 6.44975647e+02, 6.68760437e+02, 6.06902100e+02,
    6.68898010e+02, 5.69117065e+02, 6.69096436e+02, 5.30932434e+02,
    7.06240845e+02, 7.20938721e+02, 7.06537659e+02, 6.83007019e+02,
    7.06868958e+02, 6.45047119e+02, 7.07050415e+02, 6.07126709e+02,
    7.07209656e+02, 5.69000549e+02, 7.07260620e+02, 5.31197021e+02,
    7.44335083e+02, 7.21017944e+02, 7.44549622e+02, 6.83021606e+02,
    7.44824951e+02, 6.45104004e+02, 7.45101868e+02, 6.07175415e+02,
    7.45271423e+02, 5.69351807e+02, 7.45328796e+02, 5.31345703e+02,
    7.82315796e+02, 7.21019775e+02, 7.82531555e+02, 6.83031921e+02,
    7.82888428e+02, 6.45187378e+02, 7.83015747e+02, 6.07348389e+02,
    7.83135681e+02, 5.69500610e+02, 7.83301392e+02, 5.31716125e+02,
    8.20477722e+02, 7.21005737e+02, 8.20752869e+02, 6.82997986e+02,
    8.20868103e+02, 6.45262939e+02, 8.21030212e+02, 6.07411072e+02,
    8.21170654e+02, 5.69720886e+02, 8.21296082e+02, 5.31786804e+02 ]
