%YAML:1.0
---
points: [ 1.88617157e+02, 1.76625732e+02, 2.01537643e+02, 1.76248581e+02,
    2.14462143e+02, 1.75844131e+02, 2.27355408e+02, 1.75648468e+02,
    2.40055191e+02, 1.75310501e+02, 2.52933029e+02, 1.74864456e+02,
    1.89051422e+02, 1.89431305e+02, 2.01963181e+02, 1.89060165e+02,
    2.14820328e+02, 1.88705063e+02, 2.27663162e+02, 1.88410568e+02,
    2.40449387e+02, 1.88029404e+02, 2.53213318e+02, 1.87669388e+02,
    1.89373367e+02, 2.02296753e+02, 2.02366852e+02, 2.01915146e+02,
    2.15201462e+02, 2.01592529e+02, 2.28045135e+02, 2.01192078e+02,
    2.41135864e+02, 2.00829376e+02, 2.53536118e+02, 2.00352890e+02,
    1.89740753e+02, 2.15061249e+02, 2.02669434e+02, 2.14705002e+02,
    2.15505890e+02, 2.14548370e+02, 2.28551590e+02, 2.14060638e+02,
    2.41268448e+02, 2.13867584e+02, 2.53795685e+02, 2.13373596e+02,
    1.90159836e+02, 2.27885818e+02, 2.03047012e+02, 2.27665298e+02,
    2.15842529e+02, 2.27188065e+02, 2.28680725e+02, 2.26910873e+02,
    2.41765106e+02, 2.26416336e+02, 2.54185898e+02, 2.25734268e+02,
    1.90436478e+02, 2.40795181e+02, 2.03378311e+02, 2.40385727e+02,
    2.16182541e+02, 2.39948624e+02, 2.29105087e+02, 2.39554642e+02,
    2.41840225e+02, 2.39208542e+02, 2.54644531e+02, 2.38956284e+02,
    1.90773712e+02, 2.53629471e+02, 2.03679321e+02, 2.53279037e+02,
    2.16608582e+02, 2.52830612e+02, 2.29380600e+02, 2.52459244e+02,
    2.42190536e+02, 2.52091736e+02, 2.54926270e+02, 2.51580139e+02,
    1.91097168e+02, 2.66569611e+02, 2.03942383e+02, 2.66100037e+02,
    2.16851746e+02, 2.65653015e+02, 2.29681213e+02, 2.65216400e+02,
    2.42591827e+02, 2.64881592e+02, 2.55317245e+02, 2.64470001e+02 ]
