%YAML:1.0
---
points: [ 2.43274933e+02, 1.72589142e+02, 2.56215851e+02, 1.72707047e+02,
    2.68923981e+02, 1.72804596e+02, 2.81763123e+02, 1.72929413e+02,
    2.94585571e+02, 1.73060547e+02, 3.07406067e+02, 1.73100128e+02,
    2.43256531e+02, 1.85440231e+02, 2.55963409e+02, 1.85550247e+02,
    2.68850403e+02, 1.85603302e+02, 2.81635498e+02, 1.85677948e+02,
    2.94472107e+02, 1.85747208e+02, 3.07271179e+02, 1.85885056e+02,
    2.42971924e+02, 1.98491302e+02, 2.56164612e+02, 1.98181198e+02,
    2.68706329e+02, 1.98512466e+02, 2.81570892e+02, 1.98633438e+02,
    2.94309021e+02, 1.98641083e+02, 3.07204742e+02, 1.98720825e+02,
    2.55807327e+02, 2.11427841e+02, 2.55807327e+02, 2.11427841e+02,
    2.68652527e+02, 2.11334076e+02, 2.81541321e+02, 2.11469955e+02,
    2.94225891e+02, 2.11451584e+02, 3.07154053e+02, 2.11426483e+02,
    2.42825302e+02, 2.23857529e+02, 2.55727676e+02, 2.23859024e+02,
    2.68549896e+02, 2.24183289e+02, 2.81318207e+02, 2.24188614e+02,
    2.94148132e+02, 2.24271805e+02, 3.07026550e+02, 2.24373550e+02,
    2.42685593e+02, 2.36438690e+02, 2.55730972e+02, 2.36716400e+02,
    2.68443817e+02, 2.36916443e+02, 2.81233124e+02, 2.36975433e+02,
    2.94050781e+02, 2.37066711e+02, 3.06979309e+02, 2.37194138e+02,
    2.42742905e+02, 2.49533997e+02, 2.55597794e+02, 2.49580078e+02,
    2.68319214e+02, 2.49623077e+02, 2.81085663e+02, 2.49734207e+02,
    2.93993988e+02, 2.49861786e+02, 3.06834320e+02, 2.50000015e+02,
    2.42674423e+02, 2.62423645e+02, 2.55512207e+02, 2.62434265e+02,
    2.68213379e+02, 2.62530884e+02, 2.81046539e+02, 2.62628052e+02,
    2.93889832e+02, 2.62743652e+02, 3.06787628e+02, 2.62832977e+02 ]
