%YAML:1.0
---
points: [ 1.99389587e+02, 1.75209305e+02, 2.11998169e+02, 1.71759933e+02,
    2.24391769e+02, 1.68360046e+02, 2.36990204e+02, 1.65116104e+02,
    2.49423462e+02, 1.61539612e+02, 2.61944122e+02, 1.58086029e+02,
    2.02867020e+02, 1.87708206e+02, 2.15371658e+02, 1.84303116e+02,
    2.27822601e+02, 1.80837204e+02, 2.40323639e+02, 1.77639297e+02,
    2.52814438e+02, 1.74054382e+02, 2.65235840e+02, 1.70771210e+02,
    2.06330597e+02, 2.00192108e+02, 2.18821701e+02, 1.96838913e+02,
    2.31391922e+02, 1.93619278e+02, 2.43828003e+02, 1.88904617e+02,
    2.56220825e+02, 1.86674515e+02, 2.68679871e+02, 1.83178360e+02,
    2.09713150e+02, 2.12777512e+02, 2.22176727e+02, 2.09282135e+02,
    2.34388657e+02, 2.06206680e+02, 2.49591354e+02, 2.05903290e+02,
    2.59407471e+02, 1.99318695e+02, 2.71948425e+02, 1.95802109e+02,
    2.13209518e+02, 2.25124313e+02, 2.25657272e+02, 2.21737289e+02,
    2.37997955e+02, 2.18390335e+02, 2.50657715e+02, 2.15237473e+02,
    2.62990997e+02, 2.11542450e+02, 2.75248444e+02, 2.08241180e+02,
    2.16601044e+02, 2.37497864e+02, 2.29015244e+02, 2.34021454e+02,
    2.41382034e+02, 2.30614609e+02, 2.53863983e+02, 2.27055038e+02,
    2.66290283e+02, 2.23968063e+02, 2.78678192e+02, 2.20628845e+02,
    2.20046432e+02, 2.49895523e+02, 2.32357254e+02, 2.46428757e+02,
    2.44796783e+02, 2.43097641e+02, 2.57168060e+02, 2.39779587e+02,
    2.69569946e+02, 2.36404526e+02, 2.81998260e+02, 2.32999496e+02,
    2.23357773e+02, 2.62285156e+02, 2.35802429e+02, 2.58839447e+02,
    2.48190857e+02, 2.55505371e+02, 2.60499146e+02, 2.52097946e+02,
    2.72915131e+02, 2.48753616e+02, 2.85279510e+02, 2.45356277e+02 ]
