%YAML:1.0
---
points: [ 5.09338165e+02, 7.17865906e+02, 5.10576721e+02, 6.79788940e+02,
    5.11791687e+02, 6.41426514e+02, 5.13143066e+02, 6.03314636e+02,
    5.13957214e+02, 5.65237488e+02, 5.15304749e+02, 5.27095215e+02,
    5.47742981e+02, 7.19007874e+02, 5.49102783e+02, 6.80651428e+02,
    5.50390442e+02, 6.42569031e+02, 5.51561462e+02, 6.04238464e+02,
    5.52682007e+02, 5.66198303e+02, 5.53865723e+02, 5.28079895e+02,
    5.86667175e+02, 7.19573608e+02, 5.87867981e+02, 6.81657104e+02,
    5.89242737e+02, 6.43529358e+02, 5.90402649e+02, 6.05424927e+02,
    5.91450562e+02, 5.67244385e+02, 5.92533813e+02, 5.29261963e+02,
    6.25166687e+02, 7.20685364e+02, 6.26470276e+02, 6.82474670e+02,
    6.27627319e+02, 6.44444580e+02, 6.28782654e+02, 6.06438721e+02,
    6.30002625e+02, 5.68373535e+02, 6.31146790e+02, 5.30277527e+02,
    6.63505127e+02, 7.21519470e+02, 6.64709045e+02, 6.83431030e+02,
    6.66026672e+02, 6.45362915e+02, 6.67247742e+02, 6.07494568e+02,
    6.68387085e+02, 5.69501709e+02, 6.69506104e+02, 5.31563293e+02,
    7.01710510e+02, 7.22473389e+02, 7.02966492e+02, 6.84296265e+02,
    7.04281128e+02, 6.46323975e+02, 7.05544678e+02, 6.08375732e+02,
    7.06612000e+02, 5.70570862e+02, 7.07692749e+02, 5.32645081e+02,
    7.39993042e+02, 7.23316833e+02, 7.41155334e+02, 6.85291626e+02,
    7.42381042e+02, 6.47303650e+02, 7.43575806e+02, 6.09401184e+02,
    7.44680725e+02, 5.71490906e+02, 7.45656677e+02, 5.33754211e+02,
    7.78215149e+02, 7.24156799e+02, 7.79321655e+02, 6.86304626e+02,
    7.80520874e+02, 6.48312500e+02, 7.81563538e+02, 6.10465393e+02,
    7.82625977e+02, 5.72692139e+02, 7.83852356e+02, 5.34636108e+02 ]
