%YAML:1.0
---
points: [ 8.57052368e+02, 4.14210175e+02, 8.94859558e+02, 4.14473846e+02,
    9.32565186e+02, 4.14847290e+02, 9.70247559e+02, 4.15060730e+02,
    1.00806122e+03, 4.15250000e+02, 1.04579578e+03, 4.15445160e+02,
    8.56730896e+02, 4.51952118e+02, 8.94566101e+02, 4.52188690e+02,
    9.32215271e+02, 4.52473083e+02, 9.69957214e+02, 4.52831757e+02,
    1.00766040e+03, 4.52958191e+02, 1.04540820e+03, 4.53173828e+02,
    8.56502319e+02, 4.89919434e+02, 8.94212158e+02, 4.90179688e+02,
    9.31968567e+02, 4.90447296e+02, 9.69630676e+02, 4.90671844e+02,
    1.00741095e+03, 4.90970367e+02, 1.04512256e+03, 4.91219635e+02,
    8.56149902e+02, 5.27639038e+02, 8.93934875e+02, 5.27887817e+02,
    9.31755859e+02, 5.28105713e+02, 9.69418274e+02, 5.28407593e+02,
    1.00712866e+03, 5.28570618e+02, 1.04475159e+03, 5.28732544e+02,
    8.55918335e+02, 5.65430298e+02, 8.93683228e+02, 5.65575134e+02,
    9.31464294e+02, 5.65845947e+02, 9.69084656e+02, 5.66134277e+02,
    1.00676239e+03, 5.66277405e+02, 1.04447205e+03, 5.66492737e+02,
    8.55547241e+02, 6.03075012e+02, 8.93302185e+02, 6.03259460e+02,
    9.31140381e+02, 6.03489075e+02, 9.68783936e+02, 6.03687866e+02,
    1.00653381e+03, 6.03868164e+02, 1.04432556e+03, 6.04107056e+02,
    8.55253357e+02, 6.40816162e+02, 8.93021912e+02, 6.40898438e+02,
    9.30764221e+02, 6.41093201e+02, 9.68555237e+02, 6.41413940e+02,
    1.00634088e+03, 6.41644348e+02, 1.04397607e+03, 6.41960876e+02,
    8.54895874e+02, 6.78762878e+02, 8.92707275e+02, 6.78899109e+02,
    9.30437073e+02, 6.79189819e+02, 9.68317444e+02, 6.79316040e+02,
    1.00592255e+03, 6.79527039e+02, 1.04371472e+03, 6.79821960e+02 ]
