%YAML:1.0
---
points: [ 8.57077942e+02, 4.14222229e+02, 8.94872314e+02, 4.14497437e+02,
    9.32563416e+02, 4.14852966e+02, 9.70255188e+02, 4.15074646e+02,
    1.00806207e+03, 4.15243073e+02, 1.04577612e+03, 4.15439301e+02,
    8.56720703e+02, 4.51993622e+02, 8.94574463e+02, 4.52193604e+02,
    9.32220947e+02, 4.52504272e+02, 9.69925476e+02, 4.52862518e+02,
    1.00765515e+03, 4.53013031e+02, 1.04542725e+03, 4.53223602e+02,
    8.56479126e+02, 4.89998932e+02, 8.94234863e+02, 4.90163452e+02,
    9.32011780e+02, 4.90448090e+02, 9.69608948e+02, 4.90670044e+02,
    1.00741449e+03, 4.90974854e+02, 1.04511865e+03, 4.91200165e+02,
    8.56123718e+02, 5.27651794e+02, 8.93954285e+02, 5.27877808e+02,
    9.31748291e+02, 5.28121948e+02, 9.69418762e+02, 5.28370850e+02,
    1.00712738e+03, 5.28544250e+02, 1.04471594e+03, 5.28718506e+02,
    8.55911926e+02, 5.65465210e+02, 8.93692566e+02, 5.65579346e+02,
    9.31462646e+02, 5.65840210e+02, 9.69028259e+02, 5.66178711e+02,
    1.00675854e+03, 5.66281372e+02, 1.04446094e+03, 5.66511292e+02,
    8.55556030e+02, 6.03096558e+02, 8.93377136e+02, 6.03290833e+02,
    9.31121521e+02, 6.03493713e+02, 9.68767761e+02, 6.03675415e+02,
    1.00650806e+03, 6.03883057e+02, 1.04430713e+03, 6.04126343e+02,
    8.55246765e+02, 6.40796509e+02, 8.93044983e+02, 6.40901001e+02,
    9.30791077e+02, 6.41131287e+02, 9.68556152e+02, 6.41374207e+02,
    1.00634003e+03, 6.41664673e+02, 1.04402905e+03, 6.41927917e+02,
    8.54876892e+02, 6.78748413e+02, 8.92684204e+02, 6.78916260e+02,
    9.30458801e+02, 6.79148376e+02, 9.68349609e+02, 6.79309875e+02,
    1.00594556e+03, 6.79543457e+02, 1.04373425e+03, 6.79801758e+02 ]
