%YAML:1.0
---
points: [ 2.24827988e+02, 1.65885300e+02, 2.37791946e+02, 1.64278473e+02,
    2.50509033e+02, 1.62809509e+02, 2.63422058e+02, 1.61311920e+02,
    2.76241882e+02, 1.59728607e+02, 2.89156342e+02, 1.58120026e+02,
    2.26419113e+02, 1.78724457e+02, 2.39265274e+02, 1.77196579e+02,
    2.52050949e+02, 1.75658951e+02, 2.64852142e+02, 1.74154343e+02,
    2.77744659e+02, 1.72580505e+02, 2.90545319e+02, 1.71062958e+02,
    2.28009506e+02, 1.91575668e+02, 2.41110916e+02, 1.88741501e+02,
    2.53511826e+02, 1.88695984e+02, 2.66392334e+02, 1.87121964e+02,
    2.79248352e+02, 1.85540710e+02, 2.92075165e+02, 1.84017059e+02,
    2.29453659e+02, 2.04571533e+02, 2.41782227e+02, 2.03583588e+02,
    2.54969696e+02, 2.01535828e+02, 2.68264832e+02, 2.00110779e+02,
    2.80748566e+02, 1.98390305e+02, 2.93489227e+02, 1.96794739e+02,
    2.31027039e+02, 2.17273468e+02, 2.43676819e+02, 2.15845428e+02,
    2.56580780e+02, 2.14193970e+02, 2.69362396e+02, 2.12695831e+02,
    2.82109375e+02, 2.11166794e+02, 2.94897186e+02, 2.09636871e+02,
    2.32503906e+02, 2.29896362e+02, 2.45324585e+02, 2.28199585e+02,
    2.58054230e+02, 2.26956116e+02, 2.70857147e+02, 2.25429138e+02,
    2.83671143e+02, 2.23914978e+02, 2.96429291e+02, 2.22396835e+02,
    2.34105850e+02, 2.42724167e+02, 2.46832321e+02, 2.41248535e+02,
    2.59539612e+02, 2.39631577e+02, 2.72262878e+02, 2.38102646e+02,
    2.85135590e+02, 2.36598923e+02, 2.97869934e+02, 2.35167953e+02,
    2.35602600e+02, 2.55409988e+02, 2.48309265e+02, 2.53878510e+02,
    2.61088928e+02, 2.52384949e+02, 2.73774353e+02, 2.50883377e+02,
    2.86564270e+02, 2.49369370e+02, 2.99328979e+02, 2.47907562e+02 ]
