%YAML:1.0
---
points: [ 2.43302124e+02, 1.72653397e+02, 2.56260956e+02, 1.72698166e+02,
    2.68912750e+02, 1.72791031e+02, 2.81761505e+02, 1.72947525e+02,
    2.94599182e+02, 1.73044327e+02, 3.07423798e+02, 1.73099533e+02,
    2.43242401e+02, 1.85437042e+02, 2.55951965e+02, 1.85604736e+02,
    2.68831390e+02, 1.85576721e+02, 2.81604706e+02, 1.85692657e+02,
    2.94510498e+02, 1.85739761e+02, 3.07320953e+02, 1.85833527e+02,
    2.42896423e+02, 1.98569565e+02, 2.56147064e+02, 1.98154343e+02,
    2.68675568e+02, 1.98509796e+02, 2.81590790e+02, 1.98618118e+02,
    2.94311340e+02, 1.98625305e+02, 3.07198425e+02, 1.98689194e+02,
    2.42622070e+02, 2.11442596e+02, 2.55831406e+02, 2.11542038e+02,
    2.68604767e+02, 2.11354919e+02, 2.81530548e+02, 2.11501114e+02,
    2.94251617e+02, 2.11449203e+02, 3.07152069e+02, 2.11517410e+02,
    2.42730499e+02, 2.23842896e+02, 2.55725021e+02, 2.23876556e+02,
    2.68491882e+02, 2.24175095e+02, 2.81317902e+02, 2.24188278e+02,
    2.94115784e+02, 2.24316269e+02, 3.07070282e+02, 2.24360077e+02,
    2.42693680e+02, 2.36465820e+02, 2.55722412e+02, 2.36732910e+02,
    2.68471222e+02, 2.36913849e+02, 2.81221466e+02, 2.37004684e+02,
    2.94079987e+02, 2.37074905e+02, 3.06992645e+02, 2.37145081e+02,
    2.42767624e+02, 2.49509109e+02, 2.55591263e+02, 2.49572800e+02,
    2.68330078e+02, 2.49626724e+02, 2.81060516e+02, 2.49698395e+02,
    2.93976227e+02, 2.49875534e+02, 3.06839874e+02, 2.49988785e+02,
    2.42659683e+02, 2.62392822e+02, 2.55514526e+02, 2.62423157e+02,
    2.68218353e+02, 2.62550140e+02, 2.81048676e+02, 2.62645660e+02,
    2.93995148e+02, 2.62741547e+02, 3.06805145e+02, 2.62847351e+02 ]
