%YAML:1.0
---
points: [ 5.03977844e+02, 6.12825745e+02, 5.20993652e+02, 5.78715210e+02,
    5.38157471e+02, 5.44268433e+02, 5.55205750e+02, 5.10237091e+02,
    5.72145630e+02, 4.75736115e+02, 5.88967346e+02, 4.41832062e+02,
    5.38511108e+02, 6.29755066e+02, 5.55638367e+02, 5.95307251e+02,
    5.72608521e+02, 5.61249573e+02, 5.89668518e+02, 5.26741638e+02,
    6.06620667e+02, 4.92740112e+02, 6.23575439e+02, 4.58523041e+02,
    5.73303894e+02, 6.46419495e+02, 5.90404480e+02, 6.12213562e+02,
    6.07489685e+02, 5.77776367e+02, 6.24492920e+02, 5.43798218e+02,
    6.41355408e+02, 5.09533447e+02, 6.58224609e+02, 4.75606140e+02,
    6.07837158e+02, 6.63201660e+02, 6.24863281e+02, 6.28714722e+02,
    6.41868774e+02, 5.94636841e+02, 6.58747192e+02, 5.60423767e+02,
    6.75672546e+02, 5.26412354e+02, 6.92521484e+02, 4.92379120e+02,
    6.42236145e+02, 6.79624695e+02, 6.59340759e+02, 6.45573120e+02,
    6.76437256e+02, 6.11219727e+02, 6.93332947e+02, 5.77314575e+02,
    7.10100159e+02, 5.43039429e+02, 7.26667786e+02, 5.09147949e+02,
    6.76664185e+02, 6.96259216e+02, 6.93561157e+02, 6.62106262e+02,
    7.10492126e+02, 6.27779785e+02, 7.27484558e+02, 5.93773743e+02,
    7.44352844e+02, 5.59724670e+02, 7.61099304e+02, 5.25725098e+02,
    7.10937744e+02, 7.12736877e+02, 7.27807434e+02, 6.78607788e+02,
    7.44685486e+02, 6.44451721e+02, 7.61520203e+02, 6.10460266e+02,
    7.78359863e+02, 5.76378540e+02, 7.94979126e+02, 5.42490967e+02,
    7.45208801e+02, 7.29523193e+02, 7.62031067e+02, 6.95240417e+02,
    7.78817444e+02, 6.61229614e+02, 7.95573486e+02, 6.26948792e+02,
    8.12345886e+02, 5.93181519e+02, 8.29066711e+02, 5.59175476e+02 ]
