%YAML:1.0
---
points: [ 1.69414169e+02, 2.45851440e+02, 1.73505615e+02, 2.33661957e+02,
    1.77516769e+02, 2.21387222e+02, 1.81598724e+02, 2.09245300e+02,
    1.85610641e+02, 1.96931213e+02, 1.89602249e+02, 1.84764267e+02,
    1.81676407e+02, 2.49865997e+02, 1.85771042e+02, 2.37630417e+02,
    1.89745667e+02, 2.25364365e+02, 1.93801392e+02, 2.13278885e+02,
    1.97824738e+02, 2.00968964e+02, 2.01912079e+02, 1.88873474e+02,
    1.93963089e+02, 2.53904083e+02, 1.98032166e+02, 2.41676697e+02,
    2.02063293e+02, 2.29408386e+02, 2.06060654e+02, 2.17256821e+02,
    2.10098007e+02, 2.05112122e+02, 2.14018372e+02, 1.92830261e+02,
    2.06202560e+02, 2.57920135e+02, 2.10240051e+02, 2.45725006e+02,
    2.14346954e+02, 2.33496597e+02, 2.18302002e+02, 2.21323639e+02,
    2.22331635e+02, 2.09057785e+02, 2.26252838e+02, 1.96986145e+02,
    2.18466217e+02, 2.61864288e+02, 2.22426178e+02, 2.49747040e+02,
    2.26357758e+02, 2.37449127e+02, 2.30379349e+02, 2.25290131e+02,
    2.34344269e+02, 2.13310745e+02, 2.38383621e+02, 2.01079865e+02,
    2.30605164e+02, 2.65855377e+02, 2.34581329e+02, 2.53698181e+02,
    2.38625244e+02, 2.41528809e+02, 2.42555740e+02, 2.29187485e+02,
    2.46369873e+02, 2.17133575e+02, 2.50687637e+02, 2.04915939e+02,
    2.42774353e+02, 2.69875763e+02, 2.46741104e+02, 2.57710663e+02,
    2.50716492e+02, 2.45406540e+02, 2.54848862e+02, 2.33377121e+02,
    2.58931030e+02, 2.21007904e+02, 2.62695496e+02, 2.09135406e+02,
    2.55017029e+02, 2.73868256e+02, 2.58952026e+02, 2.61724030e+02,
    2.62922852e+02, 2.49568481e+02, 2.66885864e+02, 2.37247772e+02,
    2.70858307e+02, 2.25175659e+02, 2.74863861e+02, 2.12863144e+02 ]
