%YAML:1.0
---
points: [ 6.38500977e+02, 6.30110535e+02, 6.50395020e+02, 5.94171814e+02,
    6.62490906e+02, 5.57973572e+02, 6.74635864e+02, 5.21993774e+02,
    6.86391052e+02, 4.85807465e+02, 6.98241028e+02, 4.49766693e+02,
    6.74764648e+02, 6.42220703e+02, 6.86702148e+02, 6.05828979e+02,
    6.98711609e+02, 5.69731506e+02, 7.10565491e+02, 5.33725037e+02,
    7.22611023e+02, 4.97725494e+02, 7.34538391e+02, 4.61618469e+02,
    7.11130371e+02, 6.53776794e+02, 7.23219055e+02, 6.17682495e+02,
    7.35212769e+02, 5.81577087e+02, 7.47112488e+02, 5.45775513e+02,
    7.58838867e+02, 5.09544434e+02, 7.70650513e+02, 4.73712769e+02,
    7.47420044e+02, 6.65624023e+02, 7.59293640e+02, 6.29466248e+02,
    7.71134033e+02, 5.93540955e+02, 7.83140137e+02, 5.57485291e+02,
    7.95002930e+02, 5.21594482e+02, 8.06608093e+02, 4.85667877e+02,
    7.83440918e+02, 6.77263000e+02, 7.95413086e+02, 6.41453552e+02,
    8.07299866e+02, 6.05291260e+02, 8.18977295e+02, 5.69349548e+02,
    8.30788879e+02, 5.33418091e+02, 8.42700806e+02, 4.97591705e+02,
    8.19343140e+02, 6.89113647e+02, 8.31237061e+02, 6.53099060e+02,
    8.43266785e+02, 6.17171692e+02, 8.54933899e+02, 5.81231873e+02,
    8.66670105e+02, 5.45286072e+02, 8.78520020e+02, 5.09258423e+02,
    8.55316711e+02, 7.00908813e+02, 8.67180176e+02, 6.64741089e+02,
    8.78876038e+02, 6.28767517e+02, 8.90723511e+02, 5.92934692e+02,
    9.02613098e+02, 5.56912354e+02, 9.14251953e+02, 5.21225159e+02,
    8.91301819e+02, 7.12604614e+02, 9.03154114e+02, 6.76534058e+02,
    9.14747681e+02, 6.40655273e+02, 9.26538269e+02, 6.04640320e+02,
    9.38448547e+02, 5.68863892e+02, 9.50189087e+02, 5.33031799e+02 ]
