%YAML:1.0
---
points: [ 2.13725769e+02, 1.54101318e+02, 2.25997437e+02, 1.58746979e+02,
    2.38083115e+02, 1.63250687e+02, 2.50250778e+02, 1.67927643e+02,
    2.62330322e+02, 1.72407532e+02, 2.74434113e+02, 1.76901047e+02,
    2.09281647e+02, 1.66249069e+02, 2.21565567e+02, 1.70796158e+02,
    2.33633743e+02, 1.75384949e+02, 2.45615753e+02, 1.80174118e+02,
    2.57833527e+02, 1.84553131e+02, 2.69804047e+02, 1.89121964e+02,
    2.04818115e+02, 1.78521713e+02, 2.16893661e+02, 1.83105652e+02,
    2.29180664e+02, 1.87729919e+02, 2.41865311e+02, 1.91041962e+02,
    2.53520386e+02, 1.96443741e+02, 2.65352936e+02, 2.01201889e+02,
    2.00318619e+02, 1.90628860e+02, 2.12435303e+02, 1.95128448e+02,
    2.24386932e+02, 1.99798965e+02, 2.37001114e+02, 2.04768799e+02,
    2.48680481e+02, 2.09505814e+02, 2.60720673e+02, 2.13239929e+02,
    1.95834961e+02, 2.02737457e+02, 2.07948792e+02, 2.07298569e+02,
    2.20103287e+02, 2.11774002e+02, 2.32085495e+02, 2.16593536e+02,
    2.44404709e+02, 2.20825287e+02, 2.56280457e+02, 2.25085632e+02,
    1.91295029e+02, 2.14800018e+02, 2.03540817e+02, 2.19243790e+02,
    2.15686676e+02, 2.23682037e+02, 2.27729416e+02, 2.28218140e+02,
    2.39756821e+02, 2.32756119e+02, 2.51859207e+02, 2.37254807e+02,
    1.86853668e+02, 2.26846786e+02, 1.99009445e+02, 2.31280350e+02,
    2.11137161e+02, 2.35801468e+02, 2.23178741e+02, 2.40314728e+02,
    2.35236557e+02, 2.44763168e+02, 2.47292404e+02, 2.49175110e+02,
    1.82330734e+02, 2.38914536e+02, 1.94524948e+02, 2.43387070e+02,
    2.06638504e+02, 2.47887115e+02, 2.18755966e+02, 2.52263626e+02,
    2.30749878e+02, 2.56750854e+02, 2.42769440e+02, 2.61249695e+02 ]
