%YAML:1.0
---
points: [ 5.27403687e+02, 5.46358154e+02, 5.51003052e+02, 5.16366760e+02,
    5.74948181e+02, 4.86271912e+02, 5.98615601e+02, 4.56414215e+02,
    6.22279053e+02, 4.26407806e+02, 6.45680176e+02, 3.96460358e+02,
    5.57670410e+02, 5.69945618e+02, 5.81626953e+02, 5.39660461e+02,
    6.05290649e+02, 5.09797119e+02, 6.28980225e+02, 4.79732697e+02,
    6.52497498e+02, 4.49839935e+02, 6.76095276e+02, 4.19965973e+02,
    5.88358215e+02, 5.93326599e+02, 6.12042969e+02, 5.63379333e+02,
    6.35758545e+02, 5.33248535e+02, 6.59320679e+02, 5.03442291e+02,
    6.83005310e+02, 4.73472534e+02, 7.06352600e+02, 4.43599518e+02,
    6.18496521e+02, 6.16742371e+02, 6.42273193e+02, 5.86583679e+02,
    6.65861450e+02, 5.56633362e+02, 6.89443542e+02, 5.26693665e+02,
    7.12964050e+02, 4.96793945e+02, 7.36406982e+02, 4.66989716e+02,
    6.48765564e+02, 6.39901123e+02, 6.72391052e+02, 6.10022827e+02,
    6.96106079e+02, 5.79983765e+02, 7.19549377e+02, 5.50173340e+02,
    7.42968445e+02, 5.20217407e+02, 7.66319885e+02, 4.90382935e+02,
    6.78859131e+02, 6.63286194e+02, 7.02493286e+02, 6.33210571e+02,
    7.26065552e+02, 6.03289917e+02, 7.49599304e+02, 5.73355835e+02,
    7.73046692e+02, 5.43551208e+02, 7.96350037e+02, 5.13615356e+02,
    7.09025330e+02, 6.86525879e+02, 7.32470093e+02, 6.56468384e+02,
    7.56006714e+02, 6.26458191e+02, 7.79424683e+02, 5.96593445e+02,
    8.02816406e+02, 5.66736267e+02, 8.26114929e+02, 5.36973267e+02,
    7.38925903e+02, 7.09829102e+02, 7.62520752e+02, 6.79692627e+02,
    7.85876099e+02, 6.49722412e+02, 8.09344727e+02, 6.19847717e+02,
    8.32601807e+02, 5.90009766e+02, 8.55810120e+02, 5.60201050e+02 ]
