%YAML:1.0
---
points: [ 5.65915283e+02, 4.84663757e+02, 5.95489746e+02, 4.60492188e+02,
    6.25356079e+02, 4.36412689e+02, 6.54796082e+02, 4.12287048e+02,
    6.84373718e+02, 3.88243591e+02, 7.13682739e+02, 3.64121704e+02,
    5.90246460e+02, 5.14115356e+02, 6.20147400e+02, 4.89884979e+02,
    6.49604370e+02, 4.65707672e+02, 6.79221619e+02, 4.41665222e+02,
    7.08670349e+02, 4.17555176e+02, 7.38043579e+02, 3.93623505e+02,
    6.15014893e+02, 5.43581177e+02, 6.44539185e+02, 5.19398438e+02,
    6.74248535e+02, 4.95320557e+02, 7.03626526e+02, 4.71260529e+02,
    7.33139893e+02, 4.47185089e+02, 7.62362244e+02, 4.23102631e+02,
    6.39298462e+02, 5.72900146e+02, 6.68896606e+02, 5.48704346e+02,
    6.98450134e+02, 5.24552673e+02, 7.27957886e+02, 5.00476288e+02,
    7.57293335e+02, 4.76400269e+02, 7.86513855e+02, 4.52413116e+02,
    6.63596680e+02, 6.02117065e+02, 6.93221313e+02, 5.77953613e+02,
    7.22770874e+02, 5.53851685e+02, 7.52181213e+02, 5.29736816e+02,
    7.81513306e+02, 5.05637329e+02, 8.10543945e+02, 4.81579010e+02,
    6.87836670e+02, 6.31374268e+02, 7.17353455e+02, 6.07160828e+02,
    7.46855103e+02, 5.83004700e+02, 7.76336853e+02, 5.58926514e+02,
    8.05570984e+02, 5.34750916e+02, 8.34754089e+02, 5.10814972e+02,
    7.12122131e+02, 6.60666992e+02, 7.41514954e+02, 6.36390137e+02,
    7.71008911e+02, 6.12238403e+02, 8.00298645e+02, 5.88041138e+02,
    8.29576538e+02, 5.63976685e+02, 8.58611572e+02, 5.39908752e+02,
    7.36261536e+02, 6.89812744e+02, 7.65751770e+02, 6.65593811e+02,
    7.95097656e+02, 6.41400818e+02, 8.24450317e+02, 6.17305725e+02,
    8.53542969e+02, 5.93201050e+02, 8.82656677e+02, 5.69181396e+02 ]
