%YAML:1.0
---
points: [ 1.12411792e+03, 5.13224426e+02, 1.12562561e+03, 5.50858582e+02,
    1.12736963e+03, 5.88650085e+02, 1.12877112e+03, 6.26508728e+02,
    1.13050244e+03, 6.64401184e+02, 1.13226050e+03, 7.02339417e+02,
    1.08629785e+03, 5.14578857e+02, 1.08772656e+03, 5.52443359e+02,
    1.08948962e+03, 5.90319092e+02, 1.09103650e+03, 6.27961548e+02,
    1.09254626e+03, 6.65649780e+02, 1.09437036e+03, 7.03533630e+02,
    1.04859753e+03, 5.16273254e+02, 1.05009973e+03, 5.53857910e+02,
    1.05172766e+03, 5.91622375e+02, 1.05334070e+03, 6.29377319e+02,
    1.05471484e+03, 6.67202881e+02, 1.05648718e+03, 7.04894287e+02,
    1.01107092e+03, 5.17689819e+02, 1.01252747e+03, 5.55316162e+02,
    1.01414246e+03, 5.93165222e+02, 1.01568127e+03, 6.30694031e+02,
    1.01726642e+03, 6.68548645e+02, 1.01865344e+03, 7.06519775e+02,
    9.73455383e+02, 5.19146057e+02, 9.74833008e+02, 5.56679688e+02,
    9.76424133e+02, 5.94536438e+02, 9.78001770e+02, 6.32346741e+02,
    9.79576660e+02, 6.70129456e+02, 9.81029663e+02, 7.07780273e+02,
    9.35827026e+02, 5.20584595e+02, 9.37477295e+02, 5.58373535e+02,
    9.38867493e+02, 5.96121704e+02, 9.40369080e+02, 6.33711792e+02,
    9.41960388e+02, 6.71432190e+02, 9.43545044e+02, 7.09316895e+02,
    8.98055298e+02, 5.22133850e+02, 8.99581543e+02, 5.59726685e+02,
    9.01229492e+02, 5.97528687e+02, 9.02554993e+02, 6.35303894e+02,
    9.04105896e+02, 6.72840332e+02, 9.05591003e+02, 7.11001831e+02,
    8.60434814e+02, 5.23556458e+02, 8.61990784e+02, 5.61221191e+02,
    8.63559753e+02, 5.98839966e+02, 8.65075256e+02, 6.36633057e+02,
    8.66469055e+02, 6.74513855e+02, 8.68050049e+02, 7.12392090e+02 ]
