%YAML:1.0
---
points: [ 3.34110596e+02, 2.06225937e+02, 3.34727051e+02, 2.19070694e+02,
    3.35219757e+02, 2.31924606e+02, 3.35751953e+02, 2.44797714e+02,
    3.36285736e+02, 2.57613678e+02, 3.37014130e+02, 2.70467560e+02,
    3.21216400e+02, 2.06699921e+02, 3.21821869e+02, 2.19604660e+02,
    3.22248718e+02, 2.32391586e+02, 3.22925934e+02, 2.45276215e+02,
    3.23357849e+02, 2.58103699e+02, 3.24023041e+02, 2.70977325e+02,
    3.08307922e+02, 2.07251450e+02, 3.08957275e+02, 2.20118790e+02,
    3.09401031e+02, 2.32882599e+02, 3.10027863e+02, 2.45678696e+02,
    3.10524506e+02, 2.58466064e+02, 3.11087585e+02, 2.71359619e+02,
    2.95601532e+02, 2.07801010e+02, 2.96124023e+02, 2.20504593e+02,
    2.96676880e+02, 2.33367126e+02, 2.97145142e+02, 2.46175491e+02,
    2.97756104e+02, 2.59093811e+02, 2.98285706e+02, 2.71855103e+02,
    2.82837189e+02, 2.08460861e+02, 2.83325775e+02, 2.21090317e+02,
    2.83785583e+02, 2.33841232e+02, 2.84333801e+02, 2.46575439e+02,
    2.84946533e+02, 2.59455292e+02, 2.85466858e+02, 2.72300507e+02,
    2.69995087e+02, 2.08734863e+02, 2.70608063e+02, 2.21525482e+02,
    2.70963013e+02, 2.34309082e+02, 2.71578735e+02, 2.47127274e+02,
    2.72114197e+02, 2.59978271e+02, 2.72727081e+02, 2.72878204e+02,
    2.57336761e+02, 2.09181137e+02, 2.57646912e+02, 2.22170074e+02,
    2.58125519e+02, 2.34891083e+02, 2.58817596e+02, 2.47587509e+02,
    2.59295776e+02, 2.60420013e+02, 2.59818512e+02, 2.73208344e+02,
    2.44125183e+02, 2.09725204e+02, 2.44812637e+02, 2.22532578e+02,
    2.45544754e+02, 2.35352051e+02, 2.45965302e+02, 2.48126526e+02,
    2.46590836e+02, 2.60919159e+02, 2.47017838e+02, 2.73767212e+02 ]
