%YAML:1.0
---
points: [ 2.48226349e+02, 1.19847031e+02, 2.58798981e+02, 1.27733421e+02,
    2.69346924e+02, 1.35571106e+02, 2.79804749e+02, 1.43312927e+02,
    2.90214264e+02, 1.51014374e+02, 3.00594452e+02, 1.58687943e+02,
    2.40652283e+02, 1.30557083e+02, 2.51205460e+02, 1.38376587e+02,
    2.61761963e+02, 1.46137344e+02, 2.72241486e+02, 1.53846954e+02,
    2.82665619e+02, 1.61611481e+02, 2.93007629e+02, 1.69191132e+02,
    2.32954346e+02, 1.41195709e+02, 2.43604248e+02, 1.49051453e+02,
    2.54188004e+02, 1.56774841e+02, 2.64638428e+02, 1.64450043e+02,
    2.75034546e+02, 1.72120697e+02, 2.85453217e+02, 1.79700470e+02,
    2.25364792e+02, 1.51849319e+02, 2.35925598e+02, 1.59645142e+02,
    2.46552322e+02, 1.67425751e+02, 2.57043884e+02, 1.75010147e+02,
    2.67569855e+02, 1.82608246e+02, 2.77873016e+02, 1.90163162e+02,
    2.17814697e+02, 1.62485291e+02, 2.28469666e+02, 1.70143738e+02,
    2.39045883e+02, 1.77848557e+02, 2.49497787e+02, 1.85432983e+02,
    2.59995270e+02, 1.93006775e+02, 2.70420441e+02, 2.00544708e+02,
    2.10185120e+02, 1.73016495e+02, 2.20746506e+02, 1.80670990e+02,
    2.31481964e+02, 1.88190689e+02, 2.42063965e+02, 1.95893921e+02,
    2.52533463e+02, 2.03429703e+02, 2.62909027e+02, 2.11006042e+02,
    2.02571884e+02, 1.83611633e+02, 2.13131897e+02, 1.91377670e+02,
    2.23929810e+02, 1.98662292e+02, 2.34489624e+02, 2.06160477e+02,
    2.44947037e+02, 2.13933807e+02, 2.55415939e+02, 2.21309662e+02,
    1.94930557e+02, 1.94216919e+02, 2.05803925e+02, 2.01841293e+02,
    2.16283585e+02, 2.09499695e+02, 2.26950012e+02, 2.16882538e+02,
    2.37475800e+02, 2.24378174e+02, 2.47940643e+02, 2.31828705e+02 ]
