%YAML:1.0
---
points: [ 1.04934338e+03, 3.73988586e+02, 1.06811328e+03, 4.06799194e+02,
    1.08671606e+03, 4.39686127e+02, 1.10541980e+03, 4.72479980e+02,
    1.12423730e+03, 5.05271088e+02, 1.14288586e+03, 5.37942444e+02,
    1.01651453e+03, 3.92678802e+02, 1.03516357e+03, 4.25573853e+02,
    1.05380591e+03, 4.58348145e+02, 1.07251270e+03, 4.91199860e+02,
    1.09127576e+03, 5.23901428e+02, 1.11001868e+03, 5.56738159e+02,
    9.83654785e+02, 4.11365601e+02, 1.00248560e+03, 4.44204102e+02,
    1.02099738e+03, 4.77005798e+02, 1.03975562e+03, 5.09699860e+02,
    1.05843860e+03, 5.42647766e+02, 1.07719873e+03, 5.75313538e+02,
    9.51087280e+02, 4.30137512e+02, 9.69625977e+02, 4.62789093e+02,
    9.88419067e+02, 4.95550018e+02, 1.00708459e+03, 5.28423157e+02,
    1.02569348e+03, 5.61250977e+02, 1.04447449e+03, 5.93984558e+02,
    9.18303528e+02, 4.48670135e+02, 9.36852051e+02, 4.81452942e+02,
    9.55592896e+02, 5.14365112e+02, 9.74284363e+02, 5.47025696e+02,
    9.93072144e+02, 5.79750610e+02, 1.01164563e+03, 6.12557373e+02,
    8.85539978e+02, 4.67329803e+02, 9.04290649e+02, 5.00127136e+02,
    9.22964233e+02, 5.32772461e+02, 9.41538147e+02, 5.65638184e+02,
    9.60334534e+02, 5.98450867e+02, 9.78914062e+02, 6.31258301e+02,
    8.52601624e+02, 4.85898438e+02, 8.71314087e+02, 5.18773315e+02,
    8.90050171e+02, 5.51597290e+02, 9.08681519e+02, 5.84367493e+02,
    9.27365356e+02, 6.17197266e+02, 9.46109131e+02, 6.49903564e+02,
    8.19848877e+02, 5.04589020e+02, 8.38657104e+02, 5.37361328e+02,
    8.57391724e+02, 5.70218750e+02, 8.75981445e+02, 6.02886108e+02,
    8.94690552e+02, 6.35706177e+02, 9.13371643e+02, 6.68520020e+02 ]
