%YAML:1.0
---
points: [ 2.81930664e+02, 1.41288986e+02, 2.88484528e+02, 1.52576065e+02,
    2.95035828e+02, 1.63727753e+02, 3.01543213e+02, 1.74841843e+02,
    3.08091522e+02, 1.85926666e+02, 3.14605530e+02, 1.97013336e+02,
    2.70781494e+02, 1.47962891e+02, 2.77399963e+02, 1.59110367e+02,
    2.83975525e+02, 1.70293640e+02, 2.90513123e+02, 1.81393875e+02,
    2.97050842e+02, 1.92449402e+02, 3.03550659e+02, 2.03537292e+02,
    2.59688385e+02, 1.54619019e+02, 2.66291626e+02, 1.65809662e+02,
    2.72862823e+02, 1.76988876e+02, 2.79391571e+02, 1.88047424e+02,
    2.85948395e+02, 1.99105042e+02, 2.92494354e+02, 2.10162827e+02,
    2.48600754e+02, 1.61245758e+02, 2.55128586e+02, 1.72419846e+02,
    2.61721008e+02, 1.83641708e+02, 2.68264648e+02, 1.94583557e+02,
    2.74943115e+02, 2.05723495e+02, 2.81455963e+02, 2.16678268e+02,
    2.37523727e+02, 1.67849396e+02, 2.44103256e+02, 1.79009125e+02,
    2.50890808e+02, 1.90041443e+02, 2.57162811e+02, 2.01238144e+02,
    2.63884583e+02, 2.12143234e+02, 2.70465607e+02, 2.23160950e+02,
    2.26419632e+02, 1.74445892e+02, 2.33165817e+02, 1.85523483e+02,
    2.39888412e+02, 1.96538589e+02, 2.46414307e+02, 2.07699173e+02,
    2.53076508e+02, 2.18797821e+02, 2.59418976e+02, 2.29792969e+02,
    2.15361069e+02, 1.81049683e+02, 2.21968842e+02, 1.92295135e+02,
    2.28775604e+02, 2.03247452e+02, 2.35371140e+02, 2.14513626e+02,
    2.41887054e+02, 2.25369232e+02, 2.48546890e+02, 2.36260971e+02,
    2.04201492e+02, 1.87638077e+02, 2.10964569e+02, 1.98794525e+02,
    2.17630585e+02, 2.09781204e+02, 2.24330521e+02, 2.20920212e+02,
    2.30882156e+02, 2.31891357e+02, 2.37440720e+02, 2.42836853e+02 ]
