%YAML:1.0
---
points: [ 3.08716614e+02, 1.58895035e+02, 3.15023285e+02, 1.70032654e+02,
    3.21453339e+02, 1.81211990e+02, 3.27777527e+02, 1.92385803e+02,
    3.34136353e+02, 2.03492874e+02, 3.40611145e+02, 2.14675186e+02,
    2.97487762e+02, 1.65298431e+02, 3.03799805e+02, 1.76448486e+02,
    3.10166534e+02, 1.87607574e+02, 3.16543915e+02, 1.98730804e+02,
    3.22893982e+02, 2.09852936e+02, 3.29314545e+02, 2.21029968e+02,
    2.86362976e+02, 1.71629837e+02, 2.92705963e+02, 1.82804733e+02,
    2.99015076e+02, 1.93921021e+02, 3.05445831e+02, 2.05073242e+02,
    3.11722412e+02, 2.16189117e+02, 3.18091797e+02, 2.27324356e+02,
    2.75148590e+02, 1.78062607e+02, 2.81565430e+02, 1.89072128e+02,
    2.87951965e+02, 2.00219574e+02, 2.94225616e+02, 2.11391525e+02,
    3.00627014e+02, 2.22502075e+02, 3.06977966e+02, 2.33668625e+02,
    2.64088104e+02, 1.84287384e+02, 2.70487579e+02, 1.95523804e+02,
    2.76663788e+02, 2.06615448e+02, 2.83136078e+02, 2.17700516e+02,
    2.89448730e+02, 2.28856766e+02, 2.95812103e+02, 2.39965851e+02,
    2.52984497e+02, 1.90623520e+02, 2.59411896e+02, 2.01857193e+02,
    2.65380554e+02, 2.12869614e+02, 2.71933685e+02, 2.23999725e+02,
    2.78394226e+02, 2.35145844e+02, 2.84674133e+02, 2.46291412e+02,
    2.41808441e+02, 1.96869125e+02, 2.48081253e+02, 2.08206314e+02,
    2.54601822e+02, 2.19201630e+02, 2.60742004e+02, 2.30310150e+02,
    2.67146301e+02, 2.41487686e+02, 2.73522949e+02, 2.52651276e+02,
    2.30570923e+02, 2.03371384e+02, 2.37060532e+02, 2.14732086e+02,
    2.43566452e+02, 2.25386932e+02, 2.49713379e+02, 2.36696609e+02,
    2.56129211e+02, 2.47807968e+02, 2.62438751e+02, 2.58919891e+02 ]
