%YAML:1.0
---
points: [ 7.54614624e+02, 3.09427704e+02, 7.93164673e+02, 3.06949860e+02,
    8.31637024e+02, 3.04239807e+02, 8.70087402e+02, 3.01654999e+02,
    9.08433228e+02, 2.98794891e+02, 9.46947510e+02, 2.96253204e+02,
    7.57785217e+02, 3.48341736e+02, 7.96285767e+02, 3.45561035e+02,
    8.34555664e+02, 3.43088135e+02, 8.73026855e+02, 3.40338318e+02,
    9.11296265e+02, 3.37614197e+02, 9.49468079e+02, 3.34884918e+02,
    7.60920044e+02, 3.87243195e+02, 7.99367065e+02, 3.84451416e+02,
    8.37686523e+02, 3.81880951e+02, 8.75814453e+02, 3.79241760e+02,
    9.13948853e+02, 3.76503571e+02, 9.52253479e+02, 3.73680908e+02,
    7.64226074e+02, 4.25472198e+02, 8.02414429e+02, 4.22904144e+02,
    8.40560608e+02, 4.20163422e+02, 8.78640442e+02, 4.17562012e+02,
    9.16822266e+02, 4.14666595e+02, 9.54780823e+02, 4.12185455e+02,
    7.67349915e+02, 4.63770782e+02, 8.05480042e+02, 4.61099762e+02,
    8.43507629e+02, 4.58543396e+02, 8.81439941e+02, 4.55681946e+02,
    9.19495544e+02, 4.53108002e+02, 9.57496155e+02, 4.50317444e+02,
    7.70346497e+02, 5.01911591e+02, 8.08270752e+02, 4.99204498e+02,
    8.46393066e+02, 4.96552002e+02, 8.84401062e+02, 4.93690063e+02,
    9.22321716e+02, 4.91175781e+02, 9.60177734e+02, 4.88288177e+02,
    7.73326721e+02, 5.39716125e+02, 8.11371155e+02, 5.37114685e+02,
    8.49322571e+02, 5.34339478e+02, 8.87069763e+02, 5.31550476e+02,
    9.24934143e+02, 5.28836304e+02, 9.62760986e+02, 5.26221863e+02,
    7.76269165e+02, 5.77586731e+02, 8.14325500e+02, 5.74911560e+02,
    8.52149414e+02, 5.72144775e+02, 8.89971436e+02, 5.69509521e+02,
    9.27623901e+02, 5.66592346e+02, 9.65464600e+02, 5.63960571e+02 ]
