%YAML:1.0
---
points: [ 2.85306671e+02, 1.60241867e+02, 2.95091003e+02, 1.68555161e+02,
    3.04844574e+02, 1.76834839e+02, 3.14657959e+02, 1.85121902e+02,
    3.24463806e+02, 1.93381668e+02, 3.34337921e+02, 2.01697845e+02,
    2.76961853e+02, 1.70091354e+02, 2.86721924e+02, 1.78319321e+02,
    2.96472107e+02, 1.86615829e+02, 3.06284546e+02, 1.94935989e+02,
    3.16115417e+02, 2.03220169e+02, 3.25966675e+02, 2.11505432e+02,
    2.68687408e+02, 1.79810257e+02, 2.78388153e+02, 1.88097458e+02,
    2.88149567e+02, 1.96373962e+02, 2.97935059e+02, 2.04694336e+02,
    3.07752991e+02, 2.12985809e+02, 3.17567291e+02, 2.21288651e+02,
    2.60291382e+02, 1.89845322e+02, 2.70069641e+02, 1.97755280e+02,
    2.79918823e+02, 2.06028305e+02, 2.89667542e+02, 2.14446335e+02,
    2.99443939e+02, 2.22722992e+02, 3.09289764e+02, 2.31011810e+02,
    2.52074783e+02, 1.99513657e+02, 2.61772552e+02, 2.07450958e+02,
    2.71531372e+02, 2.15901810e+02, 2.81393158e+02, 2.24184357e+02,
    2.91126465e+02, 2.32472397e+02, 3.00917297e+02, 2.40766434e+02,
    2.43849823e+02, 2.09248901e+02, 2.53347366e+02, 2.17181549e+02,
    2.63284729e+02, 2.25648819e+02, 2.73057587e+02, 2.33898026e+02,
    2.82865479e+02, 2.42191589e+02, 2.92657440e+02, 2.50542572e+02,
    2.35502899e+02, 2.18793640e+02, 2.45117401e+02, 2.27089417e+02,
    2.55013458e+02, 2.35424622e+02, 2.64756042e+02, 2.43692505e+02,
    2.74500427e+02, 2.51962280e+02, 2.84311646e+02, 2.60286407e+02,
    2.27137589e+02, 2.28571838e+02, 2.37013260e+02, 2.36925674e+02,
    2.46752686e+02, 2.45066681e+02, 2.56480194e+02, 2.53380997e+02,
    2.66259491e+02, 2.61697113e+02, 2.76013947e+02, 2.70015839e+02 ]
