%YAML:1.0
---
points: [ 7.41324829e+02, 2.95197235e+02, 7.79915894e+02, 2.98611877e+02,
    8.18350830e+02, 3.02321716e+02, 8.56726562e+02, 3.05784851e+02,
    8.95316895e+02, 3.09256439e+02, 9.33486206e+02, 3.12618713e+02,
    7.38424866e+02, 3.33875244e+02, 7.76938599e+02, 3.37417206e+02,
    8.15483154e+02, 3.40806274e+02, 8.53689453e+02, 3.44437286e+02,
    8.91906311e+02, 3.47887146e+02, 9.30172852e+02, 3.51260925e+02,
    7.35562073e+02, 3.72667358e+02, 7.74174744e+02, 3.76265503e+02,
    8.12384277e+02, 3.79664764e+02, 8.50514404e+02, 3.82985107e+02,
    8.88795349e+02, 3.86515076e+02, 9.26894348e+02, 3.89866455e+02,
    7.32657043e+02, 4.11273529e+02, 7.70994263e+02, 4.14525177e+02,
    8.09434021e+02, 4.17971924e+02, 8.47545532e+02, 4.21413574e+02,
    8.85572205e+02, 4.24699036e+02, 9.23552246e+02, 4.28188416e+02,
    7.29746216e+02, 4.49509491e+02, 7.68237061e+02, 4.52801178e+02,
    8.06370789e+02, 4.56237701e+02, 8.44444458e+02, 4.59555176e+02,
    8.82406433e+02, 4.62786652e+02, 9.20380676e+02, 4.66117401e+02,
    7.27103699e+02, 4.87500519e+02, 7.65139648e+02, 4.90765594e+02,
    8.03246948e+02, 4.94221222e+02, 8.41322144e+02, 4.97510590e+02,
    8.79298157e+02, 5.00849640e+02, 9.17141235e+02, 5.03869659e+02,
    7.23836670e+02, 5.25525879e+02, 7.62254639e+02, 5.28716003e+02,
    8.00410522e+02, 5.32186279e+02, 8.38207031e+02, 5.35212463e+02,
    8.76103821e+02, 5.38634277e+02, 9.13709961e+02, 5.41676636e+02,
    7.21084900e+02, 5.63497742e+02, 7.59196655e+02, 5.66598877e+02,
    7.97249268e+02, 5.69859375e+02, 8.35042297e+02, 5.72972107e+02,
    8.72880554e+02, 5.76266418e+02, 9.10649048e+02, 5.79509583e+02 ]
