%YAML:1.0
---
points: [ 9.80579712e+02, 3.77792175e+02, 1.00941754e+03, 4.02283630e+02,
    1.03826453e+03, 4.26774963e+02, 1.06700598e+03, 4.51202728e+02,
    1.09569299e+03, 4.75499023e+02, 1.12457788e+03, 5.00019684e+02,
    9.56212769e+02, 4.06573761e+02, 9.84927734e+02, 4.31211853e+02,
    1.01372095e+03, 4.55531464e+02, 1.04246045e+03, 4.79951294e+02,
    1.07128308e+03, 5.04393433e+02, 1.10000903e+03, 5.28672424e+02,
    9.31732300e+02, 4.35411377e+02, 9.60552002e+02, 4.59632019e+02,
    9.89311951e+02, 4.84252594e+02, 1.01802905e+03, 5.08584412e+02,
    1.04672412e+03, 5.33019836e+02, 1.07552393e+03, 5.57442566e+02,
    9.07360657e+02, 4.64112305e+02, 9.36169556e+02, 4.88526855e+02,
    9.64890930e+02, 5.12836853e+02, 9.93604675e+02, 5.37335327e+02,
    1.02240112e+03, 5.61752625e+02, 1.05107434e+03, 5.86176086e+02,
    8.82948669e+02, 4.92807800e+02, 9.11625061e+02, 5.17247314e+02,
    9.40487061e+02, 5.41630859e+02, 9.69207275e+02, 5.66065613e+02,
    9.97925537e+02, 5.90409241e+02, 1.02663477e+03, 6.14875305e+02,
    8.58491150e+02, 5.21493591e+02, 8.87370056e+02, 5.45901306e+02,
    9.16071960e+02, 5.70392029e+02, 9.44815674e+02, 5.94698975e+02,
    9.73513794e+02, 6.19206604e+02, 1.00231342e+03, 6.43509216e+02,
    8.33963684e+02, 5.50350525e+02, 8.62694397e+02, 5.74692566e+02,
    8.91526550e+02, 5.99219727e+02, 9.20271790e+02, 6.23588806e+02,
    9.48992126e+02, 6.48007019e+02, 9.77708618e+02, 6.72488525e+02,
    8.09551514e+02, 5.78871765e+02, 8.38377991e+02, 6.03401123e+02,
    8.67236877e+02, 6.27744995e+02, 8.95839478e+02, 6.52236755e+02,
    9.24668640e+02, 6.76650391e+02, 9.53358154e+02, 7.01132141e+02 ]
