%YAML:1.0
---
points: [ 2.97797028e+02, 1.78505432e+02, 2.99890442e+02, 1.91156570e+02,
    3.01962921e+02, 2.03771225e+02, 3.03935852e+02, 2.16466843e+02,
    3.06073456e+02, 2.29091217e+02, 3.08164856e+02, 2.41782303e+02,
    2.85210999e+02, 1.80616394e+02, 2.87280945e+02, 1.93157349e+02,
    2.89407349e+02, 2.05873108e+02, 2.91424408e+02, 2.18424179e+02,
    2.93505219e+02, 2.31138565e+02, 2.95531342e+02, 2.43759750e+02,
    2.72599640e+02, 1.82647858e+02, 2.74634155e+02, 1.95264206e+02,
    2.76649170e+02, 2.07913284e+02, 2.78692291e+02, 2.20533630e+02,
    2.80764069e+02, 2.33187317e+02, 2.82839325e+02, 2.45807602e+02,
    2.59871582e+02, 1.84718506e+02, 2.61802368e+02, 1.97252106e+02,
    2.63778748e+02, 2.09892838e+02, 2.66070526e+02, 2.22596558e+02,
    2.68274200e+02, 2.35261932e+02, 2.70236847e+02, 2.47798691e+02,
    2.47320084e+02, 1.86704803e+02, 2.49330566e+02, 1.99207657e+02,
    2.51868851e+02, 2.12032745e+02, 2.53356476e+02, 2.24391876e+02,
    2.55483383e+02, 2.37267670e+02, 2.57637787e+02, 2.49858521e+02,
    2.34694016e+02, 1.88816193e+02, 2.36894913e+02, 2.01312393e+02,
    2.38570877e+02, 2.14019531e+02, 2.41101685e+02, 2.26626083e+02,
    2.43045502e+02, 2.39421387e+02, 2.45022324e+02, 2.51962814e+02,
    2.22017639e+02, 1.90777267e+02, 2.24046204e+02, 2.03311798e+02,
    2.26348389e+02, 2.16022049e+02, 2.28236359e+02, 2.28661346e+02,
    2.30270081e+02, 2.41431290e+02, 2.32390213e+02, 2.54023193e+02,
    2.09225479e+02, 1.92894791e+02, 2.11354111e+02, 2.05435547e+02,
    2.13464401e+02, 2.18084747e+02, 2.15603149e+02, 2.30833878e+02,
    2.17649109e+02, 2.43430145e+02, 2.19729752e+02, 2.56151367e+02 ]
