%YAML:1.0
---
points: [ 2.07647949e+02, 1.66331650e+02, 2.20589050e+02, 1.70319550e+02,
    2.33158600e+02, 1.74415298e+02, 2.45627808e+02, 1.78366302e+02,
    2.58030029e+02, 1.82234283e+02, 2.70268951e+02, 1.86163528e+02,
    2.03992630e+02, 1.78930588e+02, 2.16712173e+02, 1.83002899e+02,
    2.29388702e+02, 1.87018173e+02, 2.41890198e+02, 1.90836563e+02,
    2.54277039e+02, 1.94754898e+02, 2.66464020e+02, 1.98470001e+02,
    2.00146393e+02, 1.91886475e+02, 2.12833511e+02, 1.95700577e+02,
    2.25599533e+02, 1.99560455e+02, 2.38129684e+02, 2.03307266e+02,
    2.50509552e+02, 2.07114670e+02, 2.62779205e+02, 2.10906387e+02,
    1.96192093e+02, 2.04490463e+02, 2.09041855e+02, 2.08397919e+02,
    2.21749893e+02, 2.12128021e+02, 2.34285065e+02, 2.15875610e+02,
    2.46715561e+02, 2.19591644e+02, 2.58944305e+02, 2.23231216e+02,
    1.92248779e+02, 2.17078140e+02, 2.05094803e+02, 2.20901932e+02,
    2.17899673e+02, 2.24731857e+02, 2.30515594e+02, 2.28350357e+02,
    2.42921402e+02, 2.31984100e+02, 2.55231079e+02, 2.35551025e+02,
    1.88420456e+02, 2.29985611e+02, 2.01342606e+02, 2.33606064e+02,
    2.14085068e+02, 2.37187805e+02, 2.26671204e+02, 2.40830276e+02,
    2.39122299e+02, 2.44330688e+02, 2.51378265e+02, 2.47946747e+02,
    1.84438187e+02, 2.42640198e+02, 1.97408478e+02, 2.46203918e+02,
    2.10241867e+02, 2.49874542e+02, 2.22844467e+02, 2.53362915e+02,
    2.35288284e+02, 2.56877136e+02, 2.47655899e+02, 2.60321442e+02,
    1.80571747e+02, 2.55371262e+02, 1.93532578e+02, 2.58892822e+02,
    2.06379227e+02, 2.62389557e+02, 2.19019775e+02, 2.65845520e+02,
    2.31565109e+02, 2.69316559e+02, 2.43828323e+02, 2.72746033e+02 ]
