%YAML:1.0
---
points: [ 7.49698364e+02, 3.95380493e+02, 7.87982056e+02, 4.07451355e+02,
    8.25678955e+02, 4.19363831e+02, 8.62831726e+02, 4.30922333e+02,
    8.99600525e+02, 4.42550659e+02, 9.35751770e+02, 4.54045013e+02,
    7.38391235e+02, 4.33016144e+02, 7.76583557e+02, 4.44678925e+02,
    8.14497498e+02, 4.56327148e+02, 8.51629272e+02, 4.67932343e+02,
    8.88440552e+02, 4.79321930e+02, 9.24694519e+02, 4.90360779e+02,
    7.27247314e+02, 4.70498993e+02, 7.65440186e+02, 4.81878937e+02,
    8.03195679e+02, 4.93421295e+02, 8.40539429e+02, 5.04589111e+02,
    8.77375244e+02, 5.15828369e+02, 9.13679932e+02, 5.26826050e+02,
    7.15640015e+02, 5.07957886e+02, 7.54161133e+02, 5.19391479e+02,
    7.92024658e+02, 5.30391052e+02, 8.29257935e+02, 5.41488647e+02,
    8.66331726e+02, 5.52423218e+02, 9.02523438e+02, 5.63244019e+02,
    7.04261230e+02, 5.45526794e+02, 7.42605835e+02, 5.56478821e+02,
    7.80659058e+02, 5.67598572e+02, 8.18103516e+02, 5.78332947e+02,
    8.54916199e+02, 5.89057739e+02, 8.91595337e+02, 5.99549194e+02,
    6.92704163e+02, 5.82752441e+02, 7.31398926e+02, 5.93829590e+02,
    7.69393677e+02, 6.04495544e+02, 8.06752563e+02, 6.15267944e+02,
    8.43942505e+02, 6.25568176e+02, 8.80475037e+02, 6.36101685e+02,
    6.81115723e+02, 6.20710205e+02, 7.19707642e+02, 6.31305725e+02,
    7.57896301e+02, 6.41860352e+02, 7.95492310e+02, 6.52211243e+02,
    8.32608765e+02, 6.62585876e+02, 8.69432861e+02, 6.72581299e+02,
    6.69429810e+02, 6.58288513e+02, 7.08193115e+02, 6.68565369e+02,
    7.46499023e+02, 6.78786865e+02, 7.84183411e+02, 6.89176819e+02,
    8.21444519e+02, 6.99144836e+02, 8.58262207e+02, 7.09219177e+02 ]
