%YAML:1.0
---
points: [ 7.27386353e+02, 2.59666382e+02, 7.63336792e+02, 2.74495575e+02,
    7.99520264e+02, 2.89305511e+02, 8.35405273e+02, 3.03993652e+02,
    8.71322205e+02, 3.18508087e+02, 9.06857117e+02, 3.33110229e+02,
    7.13394836e+02, 2.95882812e+02, 7.49600952e+02, 3.10597260e+02,
    7.85481628e+02, 3.25279877e+02, 8.21480774e+02, 3.39859131e+02,
    8.57136169e+02, 3.54493774e+02, 8.92831238e+02, 3.68779633e+02,
    6.99493469e+02, 3.32329224e+02, 7.35591125e+02, 3.46796967e+02,
    7.71542603e+02, 3.61464386e+02, 8.07335754e+02, 3.75983307e+02,
    8.43139832e+02, 3.90392761e+02, 8.78591736e+02, 4.04791046e+02,
    6.85584106e+02, 3.68156647e+02, 7.21744873e+02, 3.82828979e+02,
    7.57550964e+02, 3.97254761e+02, 7.93415527e+02, 4.11522491e+02,
    8.29230347e+02, 4.26044922e+02, 8.64556702e+02, 4.40363098e+02,
    6.71630859e+02, 4.04068604e+02, 7.07907959e+02, 4.18481781e+02,
    7.43736572e+02, 4.32786621e+02, 7.79387756e+02, 4.47304108e+02,
    8.15202637e+02, 4.61606201e+02, 8.50603149e+02, 4.75707703e+02,
    6.58032715e+02, 4.39554291e+02, 6.94005554e+02, 4.53886597e+02,
    7.29912781e+02, 4.68412994e+02, 7.65554749e+02, 4.82690918e+02,
    8.01183899e+02, 4.96934479e+02, 8.36601196e+02, 5.11028809e+02,
    6.44207214e+02, 4.75301666e+02, 6.80172607e+02, 4.89489044e+02,
    7.16111145e+02, 5.03914246e+02, 7.51663635e+02, 5.17796753e+02,
    7.87268188e+02, 5.32079529e+02, 8.22656189e+02, 5.46205139e+02,
    6.30420532e+02, 5.10759949e+02, 6.66300110e+02, 5.25089661e+02,
    7.02253479e+02, 5.39052490e+02, 7.37736084e+02, 5.53220459e+02,
    7.73320435e+02, 5.67306946e+02, 8.08585876e+02, 5.81296509e+02 ]
