%YAML:1.0
---
points: [ 2.00157990e+02, 2.39642838e+02, 2.04659317e+02, 2.27539032e+02,
    2.09004181e+02, 2.15497360e+02, 2.13400970e+02, 2.03341095e+02,
    2.17778336e+02, 1.91385010e+02, 2.22107269e+02, 1.79226257e+02,
    2.12282211e+02, 2.44034241e+02, 2.16590836e+02, 2.31978149e+02,
    2.21083817e+02, 2.19798004e+02, 2.25530029e+02, 2.07843201e+02,
    2.29864777e+02, 1.95769745e+02, 2.34196152e+02, 1.83739929e+02,
    2.24291656e+02, 2.48382019e+02, 2.28718674e+02, 2.36372787e+02,
    2.33235718e+02, 2.24265533e+02, 2.37453018e+02, 2.12143875e+02,
    2.41889343e+02, 2.00094925e+02, 2.46222534e+02, 1.88176712e+02,
    2.36295227e+02, 2.52743317e+02, 2.40732391e+02, 2.40626114e+02,
    2.45267334e+02, 2.28542007e+02, 2.49814804e+02, 2.16768127e+02,
    2.54038544e+02, 2.04348709e+02, 2.58217529e+02, 1.92438599e+02,
    2.48340668e+02, 2.57127808e+02, 2.52791504e+02, 2.45142395e+02,
    2.56942535e+02, 2.33060425e+02, 2.61203064e+02, 2.20975830e+02,
    2.65747467e+02, 2.08773605e+02, 2.70193146e+02, 1.96876602e+02,
    2.60434296e+02, 2.61554535e+02, 2.64736633e+02, 2.49522308e+02,
    2.69133728e+02, 2.37420166e+02, 2.73483307e+02, 2.25393600e+02,
    2.77911530e+02, 2.13418289e+02, 2.82255707e+02, 2.01310577e+02,
    2.72396057e+02, 2.65943604e+02, 2.76747253e+02, 2.53892792e+02,
    2.81161987e+02, 2.41833893e+02, 2.85611664e+02, 2.29830170e+02,
    2.89916168e+02, 2.17768616e+02, 2.94300201e+02, 2.05733902e+02,
    2.84436462e+02, 2.70418304e+02, 2.88818207e+02, 2.58320068e+02,
    2.93164917e+02, 2.46259216e+02, 2.97553680e+02, 2.34235840e+02,
    3.01867065e+02, 2.22174957e+02, 3.06322205e+02, 2.10167252e+02 ]
