%YAML:1.0
---
points: [ 7.08799622e+02, 5.25354431e+02, 7.44620422e+02, 5.08488403e+02,
    7.80316406e+02, 4.91766266e+02, 8.15635925e+02, 4.75150024e+02,
    8.50992859e+02, 4.58558716e+02, 8.86025391e+02, 4.41993347e+02,
    7.26176147e+02, 5.60502319e+02, 7.61774353e+02, 5.43784180e+02,
    7.97370667e+02, 5.26927673e+02, 8.32473328e+02, 5.10308990e+02,
    8.67639404e+02, 4.93810791e+02, 9.02667236e+02, 4.77308014e+02,
    7.43264221e+02, 5.95567566e+02, 7.78748657e+02, 5.78605164e+02,
    8.14227234e+02, 5.61900269e+02, 8.49390198e+02, 5.45320557e+02,
    8.84296753e+02, 5.28617737e+02, 9.19073730e+02, 5.12106506e+02,
    7.60397949e+02, 6.30431824e+02, 7.95652100e+02, 6.13548096e+02,
    8.30893738e+02, 5.96598145e+02, 8.65929932e+02, 5.79945374e+02,
    9.00682434e+02, 5.63396973e+02, 9.35428833e+02, 5.46815796e+02,
    7.77292969e+02, 6.65099670e+02, 8.12449097e+02, 6.48125732e+02,
    8.47537537e+02, 6.31390564e+02, 8.82400391e+02, 6.14593872e+02,
    9.17122986e+02, 5.97891663e+02, 9.51606262e+02, 5.81339050e+02,
    7.93977417e+02, 6.99492920e+02, 8.29130249e+02, 6.82553528e+02,
    8.64120300e+02, 6.65588013e+02, 8.98785889e+02, 6.48847046e+02,
    9.33416626e+02, 6.32195374e+02, 9.67717041e+02, 6.15597656e+02,
    8.10590332e+02, 7.34147339e+02, 8.45683594e+02, 7.17039062e+02,
    8.80583618e+02, 7.00221313e+02, 9.15232239e+02, 6.83380554e+02,
    9.49633423e+02, 6.66648132e+02, 9.83992004e+02, 6.49922668e+02,
    8.27317383e+02, 7.68298218e+02, 8.62058472e+02, 7.51165649e+02,
    8.96893372e+02, 7.34113770e+02, 9.31326965e+02, 7.17365845e+02,
    9.65697571e+02, 7.00546021e+02, 9.99807861e+02, 6.83845276e+02 ]
