%YAML:1.0
---
points: [ 2.10321518e+02, 2.01493484e+02, 2.19431595e+02, 1.92076645e+02,
    2.28519623e+02, 1.83026306e+02, 2.37617813e+02, 1.73669128e+02,
    2.46714722e+02, 1.64424332e+02, 2.55771973e+02, 1.54995453e+02,
    2.19808929e+02, 2.10634247e+02, 2.28617157e+02, 2.01249191e+02,
    2.37732330e+02, 1.92048065e+02, 2.46942352e+02, 1.82816788e+02,
    2.55987793e+02, 1.73527069e+02, 2.65042572e+02, 1.64275772e+02,
    2.29019516e+02, 2.19626282e+02, 2.38102493e+02, 2.10350632e+02,
    2.47161316e+02, 2.00986603e+02, 2.56108429e+02, 1.91936615e+02,
    2.65206909e+02, 1.82681824e+02, 2.74219849e+02, 1.73419876e+02,
    2.38245285e+02, 2.28691910e+02, 2.47423187e+02, 2.19343826e+02,
    2.56284698e+02, 2.10210434e+02, 2.65311768e+02, 2.00995026e+02,
    2.74336853e+02, 1.91763580e+02, 2.83368896e+02, 1.82491043e+02,
    2.47368927e+02, 2.37717773e+02, 2.56322845e+02, 2.28383759e+02,
    2.65382568e+02, 2.19182022e+02, 2.74410950e+02, 2.10026688e+02,
    2.83537720e+02, 2.00763168e+02, 2.92468750e+02, 1.91592117e+02,
    2.56645050e+02, 2.46703629e+02, 2.65588470e+02, 2.37443069e+02,
    2.74540802e+02, 2.28241959e+02, 2.83601532e+02, 2.19053726e+02,
    2.92651917e+02, 2.09876587e+02, 3.01604401e+02, 2.00669052e+02,
    2.65730347e+02, 2.55665390e+02, 2.74779236e+02, 2.46470123e+02,
    2.83775940e+02, 2.37289627e+02, 2.92754089e+02, 2.28090912e+02,
    3.01736237e+02, 2.18935883e+02, 3.10758698e+02, 2.09737640e+02,
    2.74923737e+02, 2.64616669e+02, 2.83848999e+02, 2.55447968e+02,
    2.92859009e+02, 2.46184814e+02, 3.01809021e+02, 2.37081696e+02,
    3.10847137e+02, 2.27861588e+02, 3.19814453e+02, 2.18758209e+02 ]
