%YAML:1.0
---
points: [ 7.74830566e+02, 3.25495056e+02, 8.12314453e+02, 3.16933624e+02,
    8.49767883e+02, 3.08287231e+02, 8.87098633e+02, 2.99565247e+02,
    9.24719055e+02, 2.90840302e+02, 9.62067932e+02, 2.81987518e+02,
    7.83977417e+02, 3.63315826e+02, 8.21414124e+02, 3.54782593e+02,
    8.58666138e+02, 3.45963745e+02, 8.96145874e+02, 3.37452484e+02,
    9.33319885e+02, 3.28681061e+02, 9.70651917e+02, 3.19810516e+02,
    7.93081543e+02, 4.01409271e+02, 8.30252808e+02, 3.92544037e+02,
    8.67551147e+02, 3.83868439e+02, 9.04806946e+02, 3.75331635e+02,
    9.42114929e+02, 3.66519379e+02, 9.79388306e+02, 3.57781708e+02,
    8.01986938e+02, 4.38603119e+02, 8.39071960e+02, 4.29950775e+02,
    8.76316650e+02, 4.21427155e+02, 9.13469055e+02, 4.12761993e+02,
    9.50495911e+02, 4.04170074e+02, 9.87727783e+02, 3.95482117e+02,
    8.10899841e+02, 4.76047333e+02, 8.48090881e+02, 4.67220642e+02,
    8.85207642e+02, 4.58785828e+02, 9.22221313e+02, 4.50104340e+02,
    9.59202942e+02, 4.41314941e+02, 9.96283936e+02, 4.32738495e+02,
    8.19605896e+02, 5.12962280e+02, 8.56541077e+02, 5.04320831e+02,
    8.93684509e+02, 4.95742371e+02, 9.30597412e+02, 4.87189667e+02,
    9.67710815e+02, 4.78589142e+02, 1.00470520e+03, 4.70079224e+02,
    8.28479248e+02, 5.50028931e+02, 8.65366028e+02, 5.41345398e+02,
    9.02398132e+02, 5.32784180e+02, 9.39159363e+02, 5.24273560e+02,
    9.76091064e+02, 5.15497131e+02, 1.01303564e+03, 5.06997314e+02,
    8.37319092e+02, 5.86721863e+02, 8.74030457e+02, 5.78160339e+02,
    9.11082214e+02, 5.69518799e+02, 9.47695679e+02, 5.60971313e+02,
    9.84728394e+02, 5.52399536e+02, 1.02155396e+03, 5.43988403e+02 ]
