%YAML:1.0
---
points: [ 1.93815460e+02, 2.10307281e+02, 2.05944351e+02, 2.04625153e+02,
    2.17750458e+02, 1.98810684e+02, 2.29749329e+02, 1.93441345e+02,
    2.41764694e+02, 1.87731995e+02, 2.53612656e+02, 1.82017181e+02,
    1.99610031e+02, 2.22325668e+02, 2.11682892e+02, 2.16773331e+02,
    2.23656265e+02, 2.10819305e+02, 2.35532379e+02, 2.05214172e+02,
    2.47316147e+02, 1.99561111e+02, 2.59261017e+02, 1.94045578e+02,
    2.05366501e+02, 2.34192383e+02, 2.17326645e+02, 2.28409256e+02,
    2.29249710e+02, 2.22705582e+02, 2.41203766e+02, 2.17169296e+02,
    2.52941956e+02, 2.11459824e+02, 2.64688141e+02, 2.05858932e+02,
    2.11063019e+02, 2.45940002e+02, 2.23085632e+02, 2.40225677e+02,
    2.34888748e+02, 2.34595184e+02, 2.46787735e+02, 2.28900772e+02,
    2.58459412e+02, 2.23239731e+02, 2.70209351e+02, 2.17549255e+02,
    2.16751358e+02, 2.57736542e+02, 2.28613739e+02, 2.51986710e+02,
    2.40453247e+02, 2.46284561e+02, 2.52265045e+02, 2.40631424e+02,
    2.64013275e+02, 2.34928513e+02, 2.75698853e+02, 2.29354065e+02,
    2.22397217e+02, 2.69455109e+02, 2.34229309e+02, 2.63687531e+02,
    2.46064468e+02, 2.57901672e+02, 2.57777527e+02, 2.52307419e+02,
    2.69500458e+02, 2.46572449e+02, 2.81169891e+02, 2.40945236e+02,
    2.28030472e+02, 2.81084045e+02, 2.39765366e+02, 2.75358124e+02,
    2.51618011e+02, 2.69618561e+02, 2.63292603e+02, 2.63953491e+02,
    2.74956451e+02, 2.58310547e+02, 2.86570892e+02, 2.52640518e+02,
    2.33567780e+02, 2.92731049e+02, 2.45331039e+02, 2.86954620e+02,
    2.57134308e+02, 2.81188995e+02, 2.68758453e+02, 2.75548218e+02,
    2.80398224e+02, 2.69839264e+02, 2.91976135e+02, 2.64227264e+02 ]
