%YAML:1.0
---
points: [ 1.34709625e+02, 2.76959442e+02, 1.34895599e+02, 2.64008667e+02,
    1.35293365e+02, 2.51193954e+02, 1.35613434e+02, 2.38315598e+02,
    1.35795975e+02, 2.25494080e+02, 1.36031372e+02, 2.12584854e+02,
    1.47746872e+02, 2.77279877e+02, 1.47916245e+02, 2.64450989e+02,
    1.48291779e+02, 2.51560516e+02, 1.48621277e+02, 2.38639542e+02,
    1.48801331e+02, 2.25713623e+02, 1.48980591e+02, 2.12755753e+02,
    1.60702057e+02, 2.77600281e+02, 1.60908737e+02, 2.64650848e+02,
    1.61235672e+02, 2.51699127e+02, 1.61583893e+02, 2.38774185e+02,
    1.61828735e+02, 2.25848419e+02, 1.62095398e+02, 2.12980225e+02,
    1.73612213e+02, 2.77738861e+02, 1.73888107e+02, 2.64802032e+02,
    1.74192535e+02, 2.51889145e+02, 1.74570999e+02, 2.38946304e+02,
    1.74803864e+02, 2.26217865e+02, 1.75134201e+02, 2.13525833e+02,
    1.86652313e+02, 2.77903198e+02, 1.86812881e+02, 2.65026978e+02,
    1.87148148e+02, 2.52115601e+02, 1.87492111e+02, 2.39352737e+02,
    1.87717850e+02, 2.26542603e+02, 1.87948715e+02, 2.13667175e+02,
    1.99475616e+02, 2.78162109e+02, 1.99757095e+02, 2.65323517e+02,
    1.99996170e+02, 2.52493790e+02, 2.00390091e+02, 2.39622910e+02,
    2.00664764e+02, 2.26690186e+02, 2.00860489e+02, 2.13958572e+02,
    2.12384933e+02, 2.78434875e+02, 2.12684479e+02, 2.65535492e+02,
    2.12861481e+02, 2.52724274e+02, 2.13250153e+02, 2.39812668e+02,
    2.13525360e+02, 2.26998337e+02, 2.13820709e+02, 2.14230957e+02,
    2.25127365e+02, 2.78709351e+02, 2.25535507e+02, 2.65799805e+02,
    2.25734314e+02, 2.52912994e+02, 2.25933487e+02, 2.40161987e+02,
    2.26220810e+02, 2.27315735e+02, 2.26735214e+02, 2.14600403e+02 ]
