%YAML:1.0
---
points: [ 7.99180664e+02, 3.39491516e+02, 8.33636902e+02, 3.23011688e+02,
    8.68447449e+02, 3.06511749e+02, 9.03091980e+02, 2.89832520e+02,
    9.37879333e+02, 2.73325256e+02, 9.72589844e+02, 2.56536407e+02,
    8.15595032e+02, 3.74525116e+02, 8.50449036e+02, 3.58138550e+02,
    8.84845032e+02, 3.41570953e+02, 9.19606323e+02, 3.25165741e+02,
    9.54186401e+02, 3.08504089e+02, 9.88884033e+02, 2.91842682e+02,
    8.32388977e+02, 4.09636963e+02, 8.67005310e+02, 3.93335510e+02,
    9.01486328e+02, 3.76755585e+02, 9.35901123e+02, 3.60364319e+02,
    9.70614807e+02, 3.43740173e+02, 1.00522583e+03, 3.27204834e+02,
    8.48980225e+02, 4.44343536e+02, 8.83379944e+02, 4.28007294e+02,
    9.17861755e+02, 4.11471130e+02, 9.52294800e+02, 3.95198914e+02,
    9.86775574e+02, 3.78726044e+02, 1.02130457e+03, 3.62193359e+02,
    8.65454529e+02, 4.78798981e+02, 8.99706604e+02, 4.62568115e+02,
    9.34184875e+02, 4.46296997e+02, 9.68492188e+02, 4.29909454e+02,
    1.00301416e+03, 4.13401062e+02, 1.03737573e+03, 3.96981873e+02,
    8.81764648e+02, 5.13301453e+02, 9.15998474e+02, 4.96904694e+02,
    9.50453857e+02, 4.80576477e+02, 9.84623474e+02, 4.64398651e+02,
    1.01915338e+03, 4.47973846e+02, 1.05345361e+03, 4.31606049e+02,
    8.98196350e+02, 5.47517517e+02, 9.32329285e+02, 5.31260437e+02,
    9.66511414e+02, 5.14988647e+02, 1.00064514e+03, 4.98771271e+02,
    1.03519543e+03, 4.82383423e+02, 1.06944080e+03, 4.66113159e+02,
    9.14393494e+02, 5.81680481e+02, 9.48472412e+02, 5.65491089e+02,
    9.82634216e+02, 5.49266357e+02, 1.01680945e+03, 5.32924805e+02,
    1.05111987e+03, 5.16633789e+02, 1.08546777e+03, 5.00458557e+02 ]
