%YAML:1.0
---
points: [ 9.78829285e+02, 3.93559631e+02, 9.85380432e+02, 4.31239044e+02,
    9.91717224e+02, 4.68818146e+02, 9.98336609e+02, 5.06331360e+02,
    1.00488409e+03, 5.43659607e+02, 1.01141547e+03, 5.80994385e+02,
    9.41650208e+02, 3.99520447e+02, 9.48425720e+02, 4.37412628e+02,
    9.54737549e+02, 4.75266998e+02, 9.61319275e+02, 5.12667297e+02,
    9.67859131e+02, 5.50209900e+02, 9.74424438e+02, 5.87596252e+02,
    9.03814880e+02, 4.05741455e+02, 9.10668640e+02, 4.43733063e+02,
    9.17322815e+02, 4.81448151e+02, 9.23783813e+02, 5.19089539e+02,
    9.30469238e+02, 5.56785339e+02, 9.37167603e+02, 5.94474731e+02,
    8.66228577e+02, 4.11891602e+02, 8.72866638e+02, 4.49858887e+02,
    8.79558960e+02, 4.87725220e+02, 8.86252319e+02, 5.25647949e+02,
    8.92896179e+02, 5.63644592e+02, 8.99677979e+02, 6.01404907e+02,
    8.27969360e+02, 4.17892944e+02, 8.34645691e+02, 4.56063049e+02,
    8.41603333e+02, 4.94326721e+02, 8.48430359e+02, 5.32386902e+02,
    8.54900513e+02, 5.70425110e+02, 8.61633301e+02, 6.08149048e+02,
    7.89484192e+02, 4.24104492e+02, 7.96356262e+02, 4.62368103e+02,
    8.03213989e+02, 5.00880096e+02, 8.10079895e+02, 5.38923096e+02,
    8.16698975e+02, 5.77075562e+02, 8.23474731e+02, 6.15280212e+02,
    7.50292053e+02, 4.30267731e+02, 7.57459656e+02, 4.68840576e+02,
    7.64469727e+02, 5.07371613e+02, 7.71271484e+02, 5.45637695e+02,
    7.78179810e+02, 5.84075623e+02, 7.85025757e+02, 6.22436646e+02,
    7.10825562e+02, 4.36465485e+02, 7.18012939e+02, 4.75377045e+02,
    7.25078003e+02, 5.13823608e+02, 7.32187683e+02, 5.52443909e+02,
    7.39010132e+02, 5.91203674e+02, 7.45744751e+02, 6.29426697e+02 ]
