%YAML:1.0
---
points: [ 2.84781067e+02, 1.65622208e+02, 2.87001892e+02, 1.78450317e+02,
    2.89234039e+02, 1.91108917e+02, 2.91410736e+02, 2.03845032e+02,
    2.93621460e+02, 2.16544449e+02, 2.95764099e+02, 2.29289444e+02,
    2.72275970e+02, 1.67712128e+02, 2.74479340e+02, 1.80430374e+02,
    2.76730988e+02, 1.93291092e+02, 2.78892731e+02, 2.06096710e+02,
    2.81098541e+02, 2.18835617e+02, 2.83292877e+02, 2.31575668e+02,
    2.59539337e+02, 1.69751175e+02, 2.61792633e+02, 1.82679337e+02,
    2.64025391e+02, 1.95431595e+02, 2.66260162e+02, 2.08279449e+02,
    2.68462616e+02, 2.21025742e+02, 2.70723297e+02, 2.33852264e+02,
    2.46796829e+02, 1.71839661e+02, 2.49023026e+02, 1.84781952e+02,
    2.51295578e+02, 1.97591644e+02, 2.53559891e+02, 2.10438400e+02,
    2.55806595e+02, 2.23355820e+02, 2.58027557e+02, 2.36075043e+02,
    2.33920334e+02, 1.73887741e+02, 2.36241287e+02, 1.86888824e+02,
    2.38522888e+02, 1.99812317e+02, 2.40812073e+02, 2.12785812e+02,
    2.43067673e+02, 2.25527557e+02, 2.45282639e+02, 2.38461426e+02,
    2.20927109e+02, 1.76039322e+02, 2.23183533e+02, 1.89090500e+02,
    2.25554047e+02, 2.01914780e+02, 2.27774857e+02, 2.14834702e+02,
    2.30143509e+02, 2.27910446e+02, 2.32442337e+02, 2.40834122e+02,
    2.07842850e+02, 1.78037003e+02, 2.10072556e+02, 1.91164993e+02,
    2.12576752e+02, 2.04269165e+02, 2.14487335e+02, 2.17197678e+02,
    2.17212601e+02, 2.30265793e+02, 2.19546249e+02, 2.43264618e+02,
    1.94480743e+02, 1.80210297e+02, 1.97047073e+02, 1.93518051e+02,
    1.99308212e+02, 2.06674026e+02, 2.01750031e+02, 2.19820038e+02,
    2.04018219e+02, 2.32635117e+02, 2.06279327e+02, 2.45650635e+02 ]
