%YAML:1.0
---
points: [ 2.68406311e+02, 1.73167511e+02, 2.73719788e+02, 1.85684875e+02,
    2.78636169e+02, 1.97474945e+02, 2.83754608e+02, 2.09756653e+02,
    2.88832550e+02, 2.21886856e+02, 2.93924927e+02, 2.33939621e+02,
    2.56303406e+02, 1.78207916e+02, 2.61654816e+02, 1.90649231e+02,
    2.66587524e+02, 2.02591400e+02, 2.71532288e+02, 2.14725311e+02,
    2.76749268e+02, 2.26893646e+02, 2.81763214e+02, 2.38882095e+02,
    2.44230026e+02, 1.83469467e+02, 2.49422531e+02, 1.95666763e+02,
    2.54370377e+02, 2.07687469e+02, 2.59462616e+02, 2.19883179e+02,
    2.64540405e+02, 2.31879990e+02, 2.69598938e+02, 2.43884338e+02,
    2.32084595e+02, 1.88491776e+02, 2.37290619e+02, 2.00674286e+02,
    2.42236618e+02, 2.12739655e+02, 2.47378189e+02, 2.24925949e+02,
    2.52516953e+02, 2.36764786e+02, 2.57609039e+02, 2.48760635e+02,
    2.20173416e+02, 1.93595474e+02, 2.25244629e+02, 2.05730225e+02,
    2.30330505e+02, 2.17797058e+02, 2.35408371e+02, 2.29796082e+02,
    2.40560730e+02, 2.41789871e+02, 2.45624084e+02, 2.53653229e+02,
    2.08149292e+02, 1.98604736e+02, 2.13426224e+02, 2.10703217e+02,
    2.18458130e+02, 2.22765335e+02, 2.23541473e+02, 2.34742935e+02,
    2.28619354e+02, 2.46677322e+02, 2.33703384e+02, 2.58610626e+02,
    1.96244370e+02, 2.03702652e+02, 2.01362701e+02, 2.15699814e+02,
    2.06497467e+02, 2.27708359e+02, 2.11649902e+02, 2.39674194e+02,
    2.16787552e+02, 2.51599991e+02, 2.21854797e+02, 2.63513184e+02,
    1.84251480e+02, 2.08678436e+02, 1.89460724e+02, 2.20742279e+02,
    1.94683929e+02, 2.32691803e+02, 1.99854416e+02, 2.44593918e+02,
    2.04921249e+02, 2.56441223e+02, 2.09935730e+02, 2.68339722e+02 ]
