%YAML:1.0
---
points: [ 9.29408813e+02, 4.15681427e+02, 9.44532715e+02, 4.51704712e+02,
    9.59585022e+02, 4.87691315e+02, 9.74529541e+02, 5.23531006e+02,
    9.89642151e+02, 5.59231323e+02, 1.00454114e+03, 5.94957031e+02,
    8.93684998e+02, 4.30724548e+02, 9.08871155e+02, 4.66770294e+02,
    9.24167114e+02, 5.02524475e+02, 9.38965149e+02, 5.38325500e+02,
    9.54014771e+02, 5.73907349e+02, 9.69018372e+02, 6.09554138e+02,
    8.57987549e+02, 4.46076843e+02, 8.73225952e+02, 4.81772522e+02,
    8.88355225e+02, 5.17503906e+02, 9.03481567e+02, 5.53147461e+02,
    9.18407471e+02, 5.88794250e+02, 9.33390015e+02, 6.24218994e+02,
    8.22576843e+02, 4.61023590e+02, 8.37757263e+02, 4.96682343e+02,
    8.52956726e+02, 5.32415710e+02, 8.68053223e+02, 5.67888672e+02,
    8.83191956e+02, 6.03368652e+02, 8.98148682e+02, 6.38556213e+02,
    7.87301636e+02, 4.75988770e+02, 8.02624146e+02, 5.11580933e+02,
    8.17721313e+02, 5.47260742e+02, 8.32725586e+02, 5.82592834e+02,
    8.47877136e+02, 6.17827515e+02, 8.62785400e+02, 6.53171326e+02,
    7.52246460e+02, 4.90905609e+02, 7.67452271e+02, 5.26389832e+02,
    7.82597351e+02, 5.61883850e+02, 7.97728394e+02, 5.97296753e+02,
    8.12797485e+02, 6.32524597e+02, 8.27780334e+02, 6.67731445e+02,
    7.16862671e+02, 5.05595123e+02, 7.32328735e+02, 5.41202026e+02,
    7.47568665e+02, 5.76542480e+02, 7.62683411e+02, 6.11810486e+02,
    7.77915344e+02, 6.46975159e+02, 7.92985413e+02, 6.82149902e+02,
    6.81838257e+02, 5.20553711e+02, 6.97356323e+02, 5.55803589e+02,
    7.12640381e+02, 5.91298279e+02, 7.27784912e+02, 6.26337036e+02,
    7.42758118e+02, 6.61526917e+02, 7.57939697e+02, 6.96388123e+02 ]
