%YAML:1.0
---
points: [ 8.10337769e+02, 3.42536652e+02, 8.43577942e+02, 3.23238495e+02,
    8.76754639e+02, 3.03914581e+02, 9.09796692e+02, 2.84478027e+02,
    9.42957581e+02, 2.65095276e+02, 9.75705261e+02, 2.45650818e+02,
    8.30143066e+02, 3.76167664e+02, 8.63243713e+02, 3.56720337e+02,
    8.96334106e+02, 3.37356750e+02, 9.29321777e+02, 3.18039154e+02,
    9.62147156e+02, 2.98671509e+02, 9.95166077e+02, 2.79357269e+02,
    8.49916260e+02, 4.09726196e+02, 8.82937805e+02, 3.90353027e+02,
    9.15866882e+02, 3.71019928e+02, 9.48662476e+02, 3.51672760e+02,
    9.81635071e+02, 3.32394135e+02, 1.01442230e+03, 3.12928070e+02,
    8.69452332e+02, 4.42923248e+02, 9.02387695e+02, 4.23546356e+02,
    9.35286133e+02, 4.04241791e+02, 9.67998169e+02, 3.84813507e+02,
    1.00067297e+03, 3.65561615e+02, 1.03343274e+03, 3.46309265e+02,
    8.88940247e+02, 4.75960510e+02, 9.21721436e+02, 4.56600372e+02,
    9.54534912e+02, 4.37284973e+02, 9.87253357e+02, 4.18058563e+02,
    1.01981885e+03, 3.98685150e+02, 1.05235608e+03, 3.79491669e+02,
    9.08320312e+02, 5.08816772e+02, 9.41071594e+02, 4.89495056e+02,
    9.73703918e+02, 4.70247223e+02, 1.00635730e+03, 4.50872589e+02,
    1.03892468e+03, 4.31606964e+02, 1.07145569e+03, 4.12341522e+02,
    9.27602783e+02, 5.41645874e+02, 9.60319275e+02, 5.22320374e+02,
    9.92793335e+02, 5.02907288e+02, 1.02533484e+03, 4.83587982e+02,
    1.05784399e+03, 4.64345978e+02, 1.09027637e+03, 4.45143036e+02,
    9.46892517e+02, 5.74423096e+02, 9.79429443e+02, 5.54882874e+02,
    1.01195117e+03, 5.35604919e+02, 1.04440967e+03, 5.16358276e+02,
    1.07675830e+03, 4.97094696e+02, 1.10915002e+03, 4.77787933e+02 ]
