%YAML:1.0
---
points: [ 1.38118240e+02, 2.48978439e+02, 1.38789566e+02, 2.36088821e+02,
    1.39470139e+02, 2.23248795e+02, 1.40030380e+02, 2.10373520e+02,
    1.40664673e+02, 1.97557526e+02, 1.41153793e+02, 1.84595535e+02,
    1.51150574e+02, 2.49678497e+02, 1.51798141e+02, 2.36770645e+02,
    1.52446243e+02, 2.23834503e+02, 1.53040207e+02, 2.10950195e+02,
    1.53602081e+02, 1.98061981e+02, 1.54223846e+02, 1.85190018e+02,
    1.64140823e+02, 2.50202194e+02, 1.64775513e+02, 2.37420181e+02,
    1.65416534e+02, 2.24561859e+02, 1.65989517e+02, 2.11700882e+02,
    1.66627930e+02, 1.98733032e+02, 1.67205307e+02, 1.85812119e+02,
    1.77109238e+02, 2.50773361e+02, 1.77749298e+02, 2.37895462e+02,
    1.78304291e+02, 2.25059982e+02, 1.78878387e+02, 2.12281448e+02,
    1.79561188e+02, 1.99436035e+02, 1.80111771e+02, 1.86605927e+02,
    1.89971146e+02, 2.51440079e+02, 1.90652924e+02, 2.38545792e+02,
    1.91258560e+02, 2.25726990e+02, 1.91842316e+02, 2.12874268e+02,
    1.92450150e+02, 2.00000305e+02, 1.93007812e+02, 1.87214340e+02,
    2.02850510e+02, 2.51868027e+02, 2.03509064e+02, 2.39162079e+02,
    2.04099960e+02, 2.26287308e+02, 2.04708908e+02, 2.13675171e+02,
    2.05304337e+02, 2.00684616e+02, 2.05879898e+02, 1.87784271e+02,
    2.15746506e+02, 2.52612732e+02, 2.16348984e+02, 2.39730789e+02,
    2.16977768e+02, 2.26918503e+02, 2.17649231e+02, 2.14171982e+02,
    2.18300415e+02, 2.01341843e+02, 2.18775253e+02, 1.88684174e+02,
    2.28610107e+02, 2.53115585e+02, 2.29103714e+02, 2.40401886e+02,
    2.29577805e+02, 2.27429428e+02, 2.30264587e+02, 2.14773300e+02,
    2.31147980e+02, 2.02170319e+02, 2.31661530e+02, 1.89253387e+02 ]
