%YAML:1.0
---
points: [ 2.33425415e+02, 1.68713623e+02, 2.45356430e+02, 1.74237930e+02,
    2.57539246e+02, 1.79699387e+02, 2.69431274e+02, 1.85228165e+02,
    2.81471497e+02, 1.90747925e+02, 2.93417145e+02, 1.96118393e+02,
    2.27911575e+02, 1.80717651e+02, 2.40181564e+02, 1.86238464e+02,
    2.51847809e+02, 1.91572311e+02, 2.63968689e+02, 1.97158905e+02,
    2.75850494e+02, 2.02654526e+02, 2.87784393e+02, 2.08126709e+02,
    2.22658737e+02, 1.92735336e+02, 2.34634445e+02, 1.98289124e+02,
    2.46606888e+02, 2.03673782e+02, 2.58444763e+02, 2.09111237e+02,
    2.70337372e+02, 2.14513580e+02, 2.82229187e+02, 2.20037247e+02,
    2.17245346e+02, 2.04641006e+02, 2.29257614e+02, 2.10150085e+02,
    2.41109375e+02, 2.15590485e+02, 2.53135880e+02, 2.21037506e+02,
    2.64875244e+02, 2.26369125e+02, 2.76741516e+02, 2.31760178e+02,
    2.12009247e+02, 2.16485428e+02, 2.23885773e+02, 2.21938904e+02,
    2.35732498e+02, 2.27311325e+02, 2.47625168e+02, 2.32734116e+02,
    2.59444946e+02, 2.38097412e+02, 2.71289215e+02, 2.43458878e+02,
    2.06714355e+02, 2.28209183e+02, 2.18562759e+02, 2.33629730e+02,
    2.30425171e+02, 2.39035812e+02, 2.42290802e+02, 2.44386093e+02,
    2.54072968e+02, 2.49773148e+02, 2.65886780e+02, 2.55143768e+02,
    2.01363693e+02, 2.40050400e+02, 2.13314346e+02, 2.45316544e+02,
    2.25149460e+02, 2.50651031e+02, 2.36929031e+02, 2.55965332e+02,
    2.48701843e+02, 2.61356018e+02, 2.60500305e+02, 2.66697113e+02,
    1.96177490e+02, 2.51651688e+02, 2.08000763e+02, 2.56982147e+02,
    2.19840179e+02, 2.62287476e+02, 2.31654587e+02, 2.67581055e+02,
    2.43327713e+02, 2.72942383e+02, 2.55139191e+02, 2.78292908e+02 ]
