%YAML:1.0
---
points: [ 8.26037231e+02, 4.02499786e+02, 8.61597046e+02, 4.18803162e+02,
    8.97109558e+02, 4.35185638e+02, 9.32341919e+02, 4.51376129e+02,
    9.67661804e+02, 4.67539001e+02, 1.00308112e+03, 4.83616455e+02,
    8.10185547e+02, 4.37918884e+02, 8.45772827e+02, 4.54146912e+02,
    8.81137329e+02, 4.70374634e+02, 9.16399292e+02, 4.86482086e+02,
    9.51592041e+02, 5.02573730e+02, 9.86797546e+02, 5.18681946e+02,
    7.94580200e+02, 4.73549469e+02, 8.30011658e+02, 4.89548615e+02,
    8.65348572e+02, 5.05663757e+02, 9.00364197e+02, 5.21679688e+02,
    9.35524475e+02, 5.37678467e+02, 9.70578796e+02, 5.53732239e+02,
    7.79027283e+02, 5.08549591e+02, 8.14326111e+02, 5.24684143e+02,
    8.49588196e+02, 5.40578247e+02, 8.84531860e+02, 5.56574829e+02,
    9.19612061e+02, 5.72534119e+02, 9.54509766e+02, 5.88488220e+02,
    7.63470642e+02, 5.43480835e+02, 7.98708679e+02, 5.59423401e+02,
    8.33752258e+02, 5.75301086e+02, 8.68708618e+02, 5.91242493e+02,
    9.03724854e+02, 6.07065430e+02, 9.38584229e+02, 6.22907288e+02,
    7.48079956e+02, 5.78192566e+02, 7.83222778e+02, 5.94169739e+02,
    8.18347290e+02, 6.09936340e+02, 8.53133911e+02, 6.25735962e+02,
    8.88105469e+02, 6.41545898e+02, 9.22779114e+02, 6.57323669e+02,
    7.32610168e+02, 6.12748596e+02, 7.67689941e+02, 6.28423889e+02,
    8.02699585e+02, 6.44267944e+02, 8.37561890e+02, 6.59844116e+02,
    8.72399048e+02, 6.75552551e+02, 9.07121521e+02, 6.91420654e+02,
    7.17273010e+02, 6.47275330e+02, 7.52327332e+02, 6.62855408e+02,
    7.87308960e+02, 6.78440552e+02, 8.21941284e+02, 6.94192688e+02,
    8.56684387e+02, 7.09751648e+02, 8.91346130e+02, 7.25486511e+02 ]
