%YAML:1.0
---
points: [ 9.68466187e+02, 2.71596741e+02, 9.70334534e+02, 3.10738129e+02,
    9.72220154e+02, 3.49581635e+02, 9.74183533e+02, 3.88159393e+02,
    9.75799500e+02, 4.26468750e+02, 9.77771240e+02, 4.64536835e+02,
    9.29860474e+02, 2.73515137e+02, 9.32084595e+02, 3.12604401e+02,
    9.33864258e+02, 3.51469147e+02, 9.35960510e+02, 3.90109985e+02,
    9.38011414e+02, 4.28422760e+02, 9.39951721e+02, 4.66392029e+02,
    8.91574280e+02, 2.75375549e+02, 8.93695740e+02, 3.14411469e+02,
    8.95899231e+02, 3.53421753e+02, 8.98059509e+02, 3.91779907e+02,
    9.00176392e+02, 4.30161835e+02, 9.02105225e+02, 4.68207764e+02,
    8.53307678e+02, 2.77197479e+02, 8.55407410e+02, 3.16311768e+02,
    8.57821350e+02, 3.55273529e+02, 8.59915283e+02, 3.93597626e+02,
    8.62288391e+02, 4.32154510e+02, 8.64450989e+02, 4.70115021e+02,
    8.14569702e+02, 2.78750092e+02, 8.17156616e+02, 3.18069702e+02,
    8.19419006e+02, 3.56847870e+02, 8.21820862e+02, 3.95548096e+02,
    8.24258118e+02, 4.33775818e+02, 8.26525757e+02, 4.71834534e+02,
    7.76180115e+02, 2.80603760e+02, 7.78740417e+02, 3.19635162e+02,
    7.81210938e+02, 3.58663147e+02, 7.83705444e+02, 3.97282623e+02,
    7.86079468e+02, 4.35542542e+02, 7.88537720e+02, 4.73620911e+02,
    7.37387390e+02, 2.82194305e+02, 7.39936829e+02, 3.21553192e+02,
    7.42618530e+02, 3.60412109e+02, 7.45181091e+02, 3.99060608e+02,
    7.47695374e+02, 4.37505890e+02, 7.50226746e+02, 4.75647430e+02,
    6.98536743e+02, 2.83802704e+02, 7.01463440e+02, 3.23162994e+02,
    7.04321533e+02, 3.62146912e+02, 7.06849304e+02, 4.00751404e+02,
    7.09523071e+02, 4.39370636e+02, 7.12212891e+02, 4.77394409e+02 ]
