%YAML:1.0
---
points: [ 1.29046509e+02, 2.20050262e+02, 1.31068695e+02, 2.07256027e+02,
    1.32953125e+02, 1.94381638e+02, 1.34929718e+02, 1.81657806e+02,
    1.36867065e+02, 1.68972229e+02, 1.38757980e+02, 1.56042313e+02,
    1.41998627e+02, 2.22004288e+02, 1.43919037e+02, 2.09183380e+02,
    1.45857315e+02, 1.96393661e+02, 1.47788818e+02, 1.83688156e+02,
    1.49773788e+02, 1.70983063e+02, 1.51648087e+02, 1.58142288e+02,
    1.54818115e+02, 2.24004623e+02, 1.56739517e+02, 2.11198364e+02,
    1.58737625e+02, 1.98437653e+02, 1.60676239e+02, 1.85728790e+02,
    1.62552032e+02, 1.73005219e+02, 1.64536804e+02, 1.60232300e+02,
    1.67640869e+02, 2.25919998e+02, 1.69600250e+02, 2.13273346e+02,
    1.71486679e+02, 2.00436859e+02, 1.73463120e+02, 1.87647873e+02,
    1.75417770e+02, 1.75036957e+02, 1.77325974e+02, 1.62258377e+02,
    1.80413635e+02, 2.27834351e+02, 1.82417969e+02, 2.15077545e+02,
    1.84373550e+02, 2.02448639e+02, 1.86270859e+02, 1.89717392e+02,
    1.88185318e+02, 1.77071671e+02, 1.90148254e+02, 1.64238068e+02,
    1.93106812e+02, 2.29818192e+02, 1.95170883e+02, 2.17138916e+02,
    1.97132965e+02, 2.04437515e+02, 1.99071503e+02, 1.91708984e+02,
    2.00986649e+02, 1.79063080e+02, 2.02895966e+02, 1.66276505e+02,
    2.05910568e+02, 2.31824615e+02, 2.07870926e+02, 2.19149826e+02,
    2.09875244e+02, 2.06450150e+02, 2.11893494e+02, 1.93731903e+02,
    2.13749283e+02, 1.81118820e+02, 2.15674454e+02, 1.68344864e+02,
    2.18659668e+02, 2.33779114e+02, 2.20492554e+02, 2.21023926e+02,
    2.22265793e+02, 2.08242249e+02, 2.24333817e+02, 1.95771774e+02,
    2.26410385e+02, 1.83074417e+02, 2.28325363e+02, 1.70333954e+02 ]
