%YAML:1.0
---
points: [ 2.15748352e+02, 1.76964584e+02, 2.28849442e+02, 1.77011826e+02,
    2.41768463e+02, 1.77017456e+02, 2.55240707e+02, 1.77057755e+02,
    2.68679749e+02, 1.77256561e+02, 2.81810394e+02, 1.77108978e+02,
    2.15805466e+02, 1.90165268e+02, 2.28951385e+02, 1.90219238e+02,
    2.42097336e+02, 1.90212921e+02, 2.55468796e+02, 1.90412003e+02,
    2.68494995e+02, 1.90321671e+02, 2.81666016e+02, 1.90363174e+02,
    2.15852127e+02, 2.03349228e+02, 2.29015671e+02, 2.03444962e+02,
    2.42189896e+02, 2.03436890e+02, 2.55274582e+02, 2.03477890e+02,
    2.68446472e+02, 2.03475708e+02, 2.81570709e+02, 2.03532288e+02,
    2.15906342e+02, 2.16544327e+02, 2.28999512e+02, 2.16554947e+02,
    2.42198456e+02, 2.16543747e+02, 2.55311081e+02, 2.16499481e+02,
    2.68315582e+02, 2.16585403e+02, 2.81378876e+02, 2.16558975e+02,
    2.16062927e+02, 2.29519897e+02, 2.29145355e+02, 2.29565247e+02,
    2.42206635e+02, 2.29522598e+02, 2.55238266e+02, 2.29571365e+02,
    2.68265228e+02, 2.29598373e+02, 2.81263794e+02, 2.29555679e+02,
    2.16182312e+02, 2.42378784e+02, 2.29246445e+02, 2.42363052e+02,
    2.42207642e+02, 2.42356293e+02, 2.55192398e+02, 2.42337082e+02,
    2.68151001e+02, 2.42386581e+02, 2.81170624e+02, 2.42373260e+02,
    2.16239548e+02, 2.55143448e+02, 2.29224060e+02, 2.55041748e+02,
    2.42167725e+02, 2.55140320e+02, 2.55075089e+02, 2.55166565e+02,
    2.68110077e+02, 2.55173096e+02, 2.81085693e+02, 2.55165436e+02,
    2.16319046e+02, 2.67959473e+02, 2.29256485e+02, 2.67972931e+02,
    2.42192444e+02, 2.67989258e+02, 2.55119919e+02, 2.67923187e+02,
    2.68015686e+02, 2.67979401e+02, 2.80932190e+02, 2.68017151e+02 ]
