%YAML:1.0
---
points: [ 1.18228149e+02, 1.90794067e+02, 1.30166428e+02, 1.85469635e+02,
    1.41992096e+02, 1.80148087e+02, 1.53857315e+02, 1.74825546e+02,
    1.65639252e+02, 1.69426880e+02, 1.77472031e+02, 1.64106049e+02,
    1.23735069e+02, 2.02629074e+02, 1.35547638e+02, 1.97222809e+02,
    1.47445877e+02, 1.91896347e+02, 1.59289322e+02, 1.86594009e+02,
    1.71111755e+02, 1.81246613e+02, 1.82895111e+02, 1.75926178e+02,
    1.29142380e+02, 2.14313202e+02, 1.40987747e+02, 2.09023483e+02,
    1.52845688e+02, 2.03632828e+02, 1.64717224e+02, 1.98247437e+02,
    1.76486832e+02, 1.92958633e+02, 1.88300003e+02, 1.87677856e+02,
    1.34513077e+02, 2.26142899e+02, 1.46415787e+02, 2.20738281e+02,
    1.58274780e+02, 2.15347717e+02, 1.70104568e+02, 2.10032455e+02,
    1.81941696e+02, 2.04673950e+02, 1.93661209e+02, 1.99379166e+02,
    1.39926620e+02, 2.37867859e+02, 1.51783310e+02, 2.32421890e+02,
    1.63615082e+02, 2.27072708e+02, 1.75445312e+02, 2.21731064e+02,
    1.87257767e+02, 2.16306458e+02, 1.99024277e+02, 2.11115494e+02,
    1.45287720e+02, 2.49613007e+02, 1.57115356e+02, 2.44212677e+02,
    1.69000504e+02, 2.38810028e+02, 1.80867218e+02, 2.33408844e+02,
    1.92649094e+02, 2.28079636e+02, 2.04334793e+02, 2.22689255e+02,
    1.50681961e+02, 2.61325867e+02, 1.62531296e+02, 2.55927338e+02,
    1.74351395e+02, 2.50504166e+02, 1.86174103e+02, 2.45159286e+02,
    1.97987137e+02, 2.39741196e+02, 2.09619843e+02, 2.34488464e+02,
    1.56060760e+02, 2.73095978e+02, 1.67883835e+02, 2.67634033e+02,
    1.79697632e+02, 2.62179962e+02, 1.91493301e+02, 2.56805359e+02,
    2.03245956e+02, 2.51418060e+02, 2.15003708e+02, 2.46008224e+02 ]
