%YAML:1.0
---
points: [ 7.73807800e+02, 4.27028351e+02, 8.12660034e+02, 4.27175293e+02,
    8.51876953e+02, 4.27212097e+02, 8.90672913e+02, 4.27355896e+02,
    9.29665710e+02, 4.27368835e+02, 9.68752625e+02, 4.27439789e+02,
    7.74212036e+02, 4.65821777e+02, 8.13085327e+02, 4.65950958e+02,
    8.52071045e+02, 4.66055328e+02, 8.90870972e+02, 4.66165405e+02,
    9.29602295e+02, 4.66306396e+02, 9.68554932e+02, 4.66320801e+02,
    7.74779480e+02, 5.04947266e+02, 8.13439209e+02, 5.04821198e+02,
    8.52349976e+02, 5.04942200e+02, 8.90933838e+02, 5.04966156e+02,
    9.29595459e+02, 5.05052673e+02, 9.68330017e+02, 5.05163879e+02,
    7.75270081e+02, 5.43473572e+02, 8.13850281e+02, 5.43537109e+02,
    8.52579346e+02, 5.43496399e+02, 8.91076294e+02, 5.43565979e+02,
    9.29531128e+02, 5.43567017e+02, 9.68205078e+02, 5.43610413e+02,
    7.75637329e+02, 5.81618896e+02, 8.14173035e+02, 5.81602173e+02,
    8.52798401e+02, 5.81657288e+02, 8.91198181e+02, 5.81643005e+02,
    9.29495117e+02, 5.81650574e+02, 9.67993164e+02, 5.81748108e+02,
    7.76216614e+02, 6.19653992e+02, 8.14480469e+02, 6.19637756e+02,
    8.52939392e+02, 6.19671692e+02, 8.91309143e+02, 6.19655640e+02,
    9.29451538e+02, 6.19686096e+02, 9.67865845e+02, 6.19695618e+02,
    7.76400818e+02, 6.57505493e+02, 8.14855225e+02, 6.57358887e+02,
    8.53100220e+02, 6.57396790e+02, 8.91383118e+02, 6.57308350e+02,
    9.29442932e+02, 6.57367371e+02, 9.67669861e+02, 6.57409607e+02,
    7.76765015e+02, 6.95248047e+02, 8.15072388e+02, 6.95071655e+02,
    8.53324036e+02, 6.94947754e+02, 8.91384155e+02, 6.94966187e+02,
    9.29402405e+02, 6.94911011e+02, 9.67499451e+02, 6.94930542e+02 ]
