%YAML:1.0
---
points: [ 9.25351013e+02, 3.17792053e+02, 9.37219116e+02, 3.54877441e+02,
    9.48768555e+02, 3.91478882e+02, 9.60543274e+02, 4.28146729e+02,
    9.72048401e+02, 4.64272400e+02, 9.83626343e+02, 5.00409149e+02,
    8.88795227e+02, 3.29565521e+02, 9.00820679e+02, 3.66460571e+02,
    9.12556458e+02, 4.03210419e+02, 9.24309570e+02, 4.39561401e+02,
    9.35906189e+02, 4.75854309e+02, 9.47655945e+02, 5.11749359e+02,
    8.52528564e+02, 3.41211945e+02, 8.64403931e+02, 3.77979767e+02,
    8.76358276e+02, 4.14702820e+02, 8.88253723e+02, 4.51132141e+02,
    9.00037231e+02, 4.87430969e+02, 9.11570312e+02, 5.23532654e+02,
    8.16001892e+02, 3.52902161e+02, 8.28171570e+02, 3.89567902e+02,
    8.40245178e+02, 4.26339355e+02, 8.52154480e+02, 4.62631927e+02,
    8.63698853e+02, 4.98873322e+02, 8.75600586e+02, 5.35103210e+02,
    7.79574097e+02, 3.64394745e+02, 7.91685364e+02, 4.01411072e+02,
    8.03658813e+02, 4.37818207e+02, 8.15716797e+02, 4.74391205e+02,
    8.27734680e+02, 5.10526917e+02, 8.39543396e+02, 5.46521057e+02,
    7.42924683e+02, 3.76237335e+02, 7.55253845e+02, 4.12690491e+02,
    7.67460266e+02, 4.49543732e+02, 7.79581482e+02, 4.85654663e+02,
    7.91607239e+02, 5.22253723e+02, 8.03470703e+02, 5.58128845e+02,
    7.06188538e+02, 3.87520630e+02, 7.18467957e+02, 4.24477234e+02,
    7.30738647e+02, 4.61120667e+02, 7.42828247e+02, 4.97564545e+02,
    7.54898132e+02, 5.33645569e+02, 7.67314392e+02, 5.69989868e+02,
    6.69281250e+02, 3.99247894e+02, 6.81731201e+02, 4.35960022e+02,
    6.94264099e+02, 4.72541992e+02, 7.06557678e+02, 5.08979858e+02,
    7.18664185e+02, 5.45306824e+02, 7.30904846e+02, 5.81336853e+02 ]
