%YAML:1.0
---
points: [ 6.64374023e+02, 3.89502228e+02, 7.08905273e+02, 3.85166138e+02,
    7.53681946e+02, 3.80804260e+02, 7.97968079e+02, 3.76381104e+02,
    8.42420410e+02, 3.71787079e+02, 8.86436218e+02, 3.67338623e+02,
    6.68872131e+02, 4.33669800e+02, 7.13545044e+02, 4.29371246e+02,
    7.58256226e+02, 4.24719666e+02, 8.02607117e+02, 4.20443359e+02,
    8.46929382e+02, 4.16037506e+02, 8.91029968e+02, 4.11527466e+02,
    6.73627319e+02, 4.78357727e+02, 7.18229004e+02, 4.73728088e+02,
    7.62874878e+02, 4.69466583e+02, 8.07163452e+02, 4.64851715e+02,
    8.51522522e+02, 4.60358734e+02, 8.95625977e+02, 4.55636841e+02,
    6.78137451e+02, 5.22632324e+02, 7.22757507e+02, 5.18155212e+02,
    7.67407837e+02, 5.13431885e+02, 8.11677612e+02, 5.08812408e+02,
    8.55838684e+02, 5.04301483e+02, 9.00261047e+02, 4.99649017e+02,
    6.82539795e+02, 5.66971619e+02, 7.27419556e+02, 5.62301392e+02,
    7.71795959e+02, 5.57713928e+02, 8.16338074e+02, 5.53074768e+02,
    8.60456970e+02, 5.48520935e+02, 9.04578918e+02, 5.43981689e+02,
    6.87151306e+02, 6.11421387e+02, 7.31789856e+02, 6.06628357e+02,
    7.76349060e+02, 6.01951172e+02, 8.20747803e+02, 5.97346558e+02,
    8.65028809e+02, 5.92571899e+02, 9.09080139e+02, 5.87959229e+02,
    6.91449219e+02, 6.55682678e+02, 7.36354492e+02, 6.50741699e+02,
    7.80762695e+02, 6.46063171e+02, 8.25207092e+02, 6.41380920e+02,
    8.69535461e+02, 6.36697021e+02, 9.13512451e+02, 6.32040039e+02,
    6.96016296e+02, 7.00423645e+02, 7.40591919e+02, 6.95502991e+02,
    7.85318481e+02, 6.90560120e+02, 8.29554565e+02, 6.85829773e+02,
    8.74119690e+02, 6.81029480e+02, 9.18166016e+02, 6.76212402e+02 ]
