%YAML:1.0
---
points: [ 9.88106262e+02, 4.07366364e+02, 9.90265686e+02, 4.44890747e+02,
    9.92316895e+02, 4.82664551e+02, 9.94423706e+02, 5.20435059e+02,
    9.96464050e+02, 5.58149109e+02, 9.98468445e+02, 5.95742554e+02,
    9.50397949e+02, 4.09280579e+02, 9.52574036e+02, 4.47027466e+02,
    9.54522095e+02, 4.84765686e+02, 9.56631897e+02, 5.22492188e+02,
    9.58797241e+02, 5.60219971e+02, 9.60779236e+02, 5.97841614e+02,
    9.12812561e+02, 4.11400574e+02, 9.15042114e+02, 4.49191742e+02,
    9.17151367e+02, 4.86770203e+02, 9.19039795e+02, 5.24447205e+02,
    9.21267151e+02, 5.62153687e+02, 9.23276306e+02, 5.99894226e+02,
    8.75236572e+02, 4.13359955e+02, 8.77334412e+02, 4.50958344e+02,
    8.79467590e+02, 4.88665649e+02, 8.81477844e+02, 5.26451721e+02,
    8.83536926e+02, 5.64342163e+02, 8.85580872e+02, 6.01851074e+02,
    8.37535034e+02, 4.15163635e+02, 8.39553162e+02, 4.53017548e+02,
    8.41661804e+02, 4.90762756e+02, 8.43748657e+02, 5.28528564e+02,
    8.45744263e+02, 5.66198425e+02, 8.48076111e+02, 6.03802429e+02,
    7.99687073e+02, 4.17187317e+02, 8.01902771e+02, 4.54902893e+02,
    8.03927917e+02, 4.92647369e+02, 8.06126831e+02, 5.30415588e+02,
    8.08029175e+02, 5.68275818e+02, 8.10339478e+02, 6.05929199e+02,
    7.61616333e+02, 4.18957458e+02, 7.63863953e+02, 4.56760773e+02,
    7.65845215e+02, 4.94620880e+02, 7.68109070e+02, 5.32544983e+02,
    7.70215637e+02, 5.70276489e+02, 7.72198730e+02, 6.08194214e+02,
    7.23713135e+02, 4.20906342e+02, 7.25899048e+02, 4.58680878e+02,
    7.28073181e+02, 4.96660919e+02, 7.30230286e+02, 5.34352417e+02,
    7.32362915e+02, 5.72352661e+02, 7.34312134e+02, 6.10098328e+02 ]
