%YAML:1.0
---
points: [ 1.81354156e+02, 1.64345917e+02, 1.96517456e+02, 1.62858093e+02,
    2.11565552e+02, 1.61342789e+02, 2.26582443e+02, 1.59888580e+02,
    2.41529282e+02, 1.58291473e+02, 2.56521057e+02, 1.56715790e+02,
    1.82981674e+02, 1.79343613e+02, 1.98078735e+02, 1.77829926e+02,
    2.13121475e+02, 1.76261887e+02, 2.28127930e+02, 1.74799973e+02,
    2.43145584e+02, 1.73326645e+02, 2.58116974e+02, 1.71774567e+02,
    1.84444946e+02, 1.94486572e+02, 1.99609222e+02, 1.92935211e+02,
    2.14699387e+02, 1.91309647e+02, 2.29725006e+02, 1.89878403e+02,
    2.44697128e+02, 1.88403214e+02, 2.59614685e+02, 1.86695435e+02,
    1.86109619e+02, 2.09458847e+02, 2.01168198e+02, 2.07977066e+02,
    2.16124664e+02, 2.06475067e+02, 2.31537521e+02, 2.05148376e+02,
    2.46300339e+02, 2.03150955e+02, 2.61103271e+02, 2.01681183e+02,
    1.87568024e+02, 2.24417862e+02, 2.02662994e+02, 2.22954788e+02,
    2.17686218e+02, 2.21290237e+02, 2.32689667e+02, 2.19585907e+02,
    2.47991531e+02, 2.18955688e+02, 2.62515961e+02, 2.16568405e+02,
    1.89110733e+02, 2.39510132e+02, 2.04223557e+02, 2.37844727e+02,
    2.19289932e+02, 2.36281326e+02, 2.34419144e+02, 2.34634094e+02,
    2.49258179e+02, 2.33224640e+02, 2.64154938e+02, 2.31575958e+02,
    1.90630707e+02, 2.54586060e+02, 2.05730240e+02, 2.52924728e+02,
    2.20817947e+02, 2.51203110e+02, 2.35742157e+02, 2.49704224e+02,
    2.50867447e+02, 2.48144897e+02, 2.65772247e+02, 2.46555588e+02,
    1.92131195e+02, 2.69610260e+02, 2.07263565e+02, 2.68069702e+02,
    2.22299103e+02, 2.66397278e+02, 2.37352341e+02, 2.64720917e+02,
    2.52296860e+02, 2.63119110e+02, 2.67283630e+02, 2.61570374e+02 ]
