%YAML:1.0
---
points: [ 1.34803253e+02, 1.68763138e+02, 1.47857010e+02, 1.68322372e+02,
    1.60886978e+02, 1.67782074e+02, 1.73884476e+02, 1.67321442e+02,
    1.86820862e+02, 1.66924103e+02, 1.99800095e+02, 1.66330261e+02,
    1.35471161e+02, 1.81739944e+02, 1.48523804e+02, 1.81218643e+02,
    1.61527283e+02, 1.80727509e+02, 1.74500031e+02, 1.80310822e+02,
    1.87431396e+02, 1.79714462e+02, 2.00392227e+02, 1.79278503e+02,
    1.35961060e+02, 1.94641479e+02, 1.48996017e+02, 1.94025208e+02,
    1.62035004e+02, 1.93664917e+02, 1.75107483e+02, 1.93017365e+02,
    1.87951691e+02, 1.92622131e+02, 2.00902588e+02, 1.91981125e+02,
    1.36595459e+02, 2.07638306e+02, 1.49672531e+02, 2.06877350e+02,
    1.62582474e+02, 2.06584137e+02, 1.75641434e+02, 2.05923538e+02,
    1.88539108e+02, 2.05474060e+02, 2.01501480e+02, 2.04807465e+02,
    1.37001572e+02, 2.20581039e+02, 1.50072418e+02, 2.19780029e+02,
    1.63146851e+02, 2.19368958e+02, 1.76182877e+02, 2.18756027e+02,
    1.89104187e+02, 2.18240982e+02, 2.02001160e+02, 2.17743805e+02,
    1.37602249e+02, 2.33336746e+02, 1.50630478e+02, 2.32741730e+02,
    1.63681168e+02, 2.32180344e+02, 1.76640289e+02, 2.31713455e+02,
    1.89603073e+02, 2.31058212e+02, 2.02495575e+02, 2.30552460e+02,
    1.38032883e+02, 2.46252304e+02, 1.51129898e+02, 2.45712204e+02,
    1.64155045e+02, 2.45062515e+02, 1.77141510e+02, 2.44575027e+02,
    1.90090851e+02, 2.43850418e+02, 2.02946274e+02, 2.43422348e+02,
    1.38665802e+02, 2.59075195e+02, 1.51654282e+02, 2.58614410e+02,
    1.64688202e+02, 2.57873383e+02, 1.77652039e+02, 2.57348175e+02,
    1.90617340e+02, 2.56793152e+02, 2.03521317e+02, 2.56155762e+02 ]
