%YAML:1.0
---
points: [ 9.74411743e+02, 4.82404510e+02, 9.76617126e+02, 5.20161865e+02,
    9.79194641e+02, 5.57725159e+02, 9.81476562e+02, 5.95506592e+02,
    9.83939270e+02, 6.33233398e+02, 9.86354065e+02, 6.70789368e+02,
    9.36760193e+02, 4.84725555e+02, 9.39184753e+02, 5.22465027e+02,
    9.41528748e+02, 5.60217041e+02, 9.43857666e+02, 5.97808777e+02,
    9.46303345e+02, 6.35457153e+02, 9.48680054e+02, 6.73256348e+02,
    8.99260986e+02, 4.87023468e+02, 9.01647217e+02, 5.24696106e+02,
    9.03866943e+02, 5.62473328e+02, 9.06397339e+02, 6.00236816e+02,
    9.08567993e+02, 6.37857788e+02, 9.11104065e+02, 6.75612488e+02,
    8.61473022e+02, 4.89462646e+02, 8.64050964e+02, 5.27184753e+02,
    8.66369812e+02, 5.64838684e+02, 8.68758240e+02, 6.02502136e+02,
    8.71034912e+02, 6.40321594e+02, 8.73454773e+02, 6.77774536e+02,
    8.23733643e+02, 4.91728882e+02, 8.26384277e+02, 5.29434509e+02,
    8.28552185e+02, 5.67145203e+02, 8.30937439e+02, 6.04762817e+02,
    8.33346130e+02, 6.42592651e+02, 8.35633545e+02, 6.80528870e+02,
    7.86091919e+02, 4.93956024e+02, 7.88534668e+02, 5.31605469e+02,
    7.90847839e+02, 5.69591309e+02, 7.93261841e+02, 6.07280029e+02,
    7.95613647e+02, 6.45100403e+02, 7.97763611e+02, 6.82671387e+02,
    7.48213135e+02, 4.96309875e+02, 7.50513794e+02, 5.34106873e+02,
    7.52868835e+02, 5.71761230e+02, 7.55155090e+02, 6.09573364e+02,
    7.57476196e+02, 6.47417725e+02, 7.59726196e+02, 6.85463196e+02,
    7.10260986e+02, 4.98478546e+02, 7.12437195e+02, 5.36419556e+02,
    7.14956238e+02, 5.74283264e+02, 7.17372131e+02, 6.12062561e+02,
    7.19525391e+02, 6.49771545e+02, 7.21867432e+02, 6.87635193e+02 ]
