%YAML:1.0
---
points: [ 6.69486145e+02, 5.06273285e+02, 6.92698425e+02, 4.68207611e+02,
    7.15884888e+02, 4.29914459e+02, 7.38908508e+02, 3.91976868e+02,
    7.61733582e+02, 3.53760986e+02, 7.84706909e+02, 3.15613556e+02,
    7.07828064e+02, 5.29294617e+02, 7.31009888e+02, 4.91077484e+02,
    7.54117615e+02, 4.53081207e+02, 7.77099548e+02, 4.14931152e+02,
    7.99952209e+02, 3.76906464e+02, 8.22842224e+02, 3.38710144e+02,
    7.46461060e+02, 5.52326660e+02, 7.69432129e+02, 5.14270203e+02,
    7.92436890e+02, 4.76109558e+02, 8.15364563e+02, 4.38172028e+02,
    8.38276611e+02, 4.00112030e+02, 8.61171387e+02, 3.62086182e+02,
    7.84536438e+02, 5.75295044e+02, 8.07539429e+02, 5.37076599e+02,
    8.30523254e+02, 4.99092346e+02, 8.53387207e+02, 4.61117645e+02,
    8.76260498e+02, 4.23053223e+02, 8.99048645e+02, 3.85042053e+02,
    8.22627625e+02, 5.98180786e+02, 8.45597351e+02, 5.60079407e+02,
    8.68538391e+02, 5.21974304e+02, 8.91430664e+02, 4.83961853e+02,
    9.14217407e+02, 4.45968781e+02, 9.36933411e+02, 4.08034607e+02,
    8.60660767e+02, 6.21005493e+02, 8.83531433e+02, 5.82911133e+02,
    9.06500427e+02, 5.44873657e+02, 9.29344666e+02, 5.06777100e+02,
    9.52083740e+02, 4.68847809e+02, 9.74909912e+02, 4.30861420e+02,
    8.98688477e+02, 6.43940063e+02, 9.21532227e+02, 6.05731140e+02,
    9.44434448e+02, 5.67690613e+02, 9.67213013e+02, 5.29661194e+02,
    9.89941895e+02, 4.91666412e+02, 1.01269818e+03, 4.53650818e+02,
    9.36687378e+02, 6.66853577e+02, 9.59517456e+02, 6.28697937e+02,
    9.82359924e+02, 5.90590881e+02, 1.00509802e+03, 5.52556274e+02,
    1.02786133e+03, 5.14595337e+02, 1.05059827e+03, 4.76609283e+02 ]
