%YAML:1.0
---
points: [ 1.83198761e+02, 2.03968521e+02, 1.91010117e+02, 1.90966248e+02,
    1.98789352e+02, 1.78064453e+02, 2.06555725e+02, 1.65197342e+02,
    2.14292694e+02, 1.52251953e+02, 2.22092926e+02, 1.39254715e+02,
    1.96123672e+02, 2.11693863e+02, 2.03957077e+02, 1.98787292e+02,
    2.11664291e+02, 1.85848145e+02, 2.19456116e+02, 1.73015121e+02,
    2.27234543e+02, 1.60039047e+02, 2.34998276e+02, 1.47131668e+02,
    2.09059067e+02, 2.19474884e+02, 2.16889160e+02, 2.06512802e+02,
    2.24681229e+02, 1.93744476e+02, 2.32483414e+02, 1.80811996e+02,
    2.40188019e+02, 1.67859360e+02, 2.47931305e+02, 1.54939804e+02,
    2.22117599e+02, 2.27271240e+02, 2.29969421e+02, 2.14640945e+02,
    2.37894577e+02, 2.01682556e+02, 2.45485504e+02, 1.88498505e+02,
    2.53092834e+02, 1.75679550e+02, 2.60775146e+02, 1.62835419e+02,
    2.34891129e+02, 2.35064697e+02, 2.42507278e+02, 2.22379929e+02,
    2.50424759e+02, 2.09328430e+02, 2.58154907e+02, 1.96326920e+02,
    2.65943787e+02, 1.83507599e+02, 2.73676819e+02, 1.70528809e+02,
    2.47668839e+02, 2.42736832e+02, 2.55342911e+02, 2.29562668e+02,
    2.63243683e+02, 2.17099945e+02, 2.71035797e+02, 2.04022629e+02,
    2.78751831e+02, 1.91172119e+02, 2.86525726e+02, 1.78273560e+02,
    2.60739899e+02, 2.50620270e+02, 2.68423401e+02, 2.37680038e+02,
    2.76128143e+02, 2.24733749e+02, 2.83864624e+02, 2.11874496e+02,
    2.91644440e+02, 1.98909683e+02, 2.99392487e+02, 1.86012970e+02,
    2.73625275e+02, 2.58416290e+02, 2.81361115e+02, 2.45453827e+02,
    2.89087189e+02, 2.32539551e+02, 2.96806122e+02, 2.19688416e+02,
    3.04592194e+02, 2.06733139e+02, 3.12292175e+02, 1.93814529e+02 ]
