%YAML:1.0
---
points: [ 2.66407715e+02, 1.72431168e+02, 2.79114960e+02, 1.70703217e+02,
    2.91786285e+02, 1.69025482e+02, 3.04491058e+02, 1.67167267e+02,
    3.17258270e+02, 1.65401749e+02, 3.30099976e+02, 1.63540955e+02,
    2.68156769e+02, 1.85197800e+02, 2.80799164e+02, 1.83400787e+02,
    2.93508270e+02, 1.81662720e+02, 3.06186768e+02, 1.79889069e+02,
    3.18966125e+02, 1.78139236e+02, 3.31742554e+02, 1.76341614e+02,
    2.69864044e+02, 1.97846161e+02, 2.82494629e+02, 1.96093506e+02,
    2.95271881e+02, 1.94322433e+02, 3.07924652e+02, 1.92630783e+02,
    3.20629639e+02, 1.90905746e+02, 3.33459564e+02, 1.89064941e+02,
    2.71561310e+02, 2.10499313e+02, 2.84259888e+02, 2.08787231e+02,
    2.96901886e+02, 2.06984680e+02, 3.09740082e+02, 2.05271606e+02,
    3.22401093e+02, 2.03535858e+02, 3.35197144e+02, 2.01767792e+02,
    2.73296021e+02, 2.23232483e+02, 2.85910522e+02, 2.21498032e+02,
    2.98628662e+02, 2.19750046e+02, 3.11379547e+02, 2.18019745e+02,
    3.24173553e+02, 2.16188156e+02, 3.36901642e+02, 2.14457138e+02,
    2.75069733e+02, 2.35943726e+02, 2.87719086e+02, 2.34137161e+02,
    3.00416046e+02, 2.32430252e+02, 3.13085846e+02, 2.30694962e+02,
    3.25840088e+02, 2.28946045e+02, 3.38667206e+02, 2.27256882e+02,
    2.76751404e+02, 2.48630295e+02, 2.89417389e+02, 2.46862869e+02,
    3.02149475e+02, 2.45195038e+02, 3.14857758e+02, 2.43422119e+02,
    3.27609192e+02, 2.41751968e+02, 3.40365295e+02, 2.39972946e+02,
    2.78434875e+02, 2.61289398e+02, 2.91187195e+02, 2.59555023e+02,
    3.03910706e+02, 2.57783417e+02, 3.16595856e+02, 2.56155273e+02,
    3.29439117e+02, 2.54437241e+02, 3.42124908e+02, 2.52672272e+02 ]
