%YAML:1.0
---
points: [ 4.40700165e+02, 5.31895325e+02, 4.70094543e+02, 5.49738708e+02,
    4.98835449e+02, 5.67502319e+02, 5.27294495e+02, 5.84686890e+02,
    5.55219727e+02, 6.01835449e+02, 5.82863892e+02, 6.18564819e+02,
    4.21564819e+02, 5.58422485e+02, 4.50840332e+02, 5.76083008e+02,
    4.79942780e+02, 5.93555664e+02, 5.08468689e+02, 6.10705872e+02,
    5.36752197e+02, 6.27503174e+02, 5.64346558e+02, 6.44318665e+02,
    4.02349640e+02, 5.84915405e+02, 4.32047699e+02, 6.02241333e+02,
    4.61042084e+02, 6.19692383e+02, 4.89699677e+02, 6.36681152e+02,
    5.18057983e+02, 6.53464233e+02, 5.46046143e+02, 6.69835632e+02,
    3.83166260e+02, 6.11516113e+02, 4.12736847e+02, 6.28775146e+02,
    4.42139618e+02, 6.45883301e+02, 4.70886017e+02, 6.62881104e+02,
    4.99409302e+02, 6.79395264e+02, 5.27389648e+02, 6.95821350e+02,
    3.63723083e+02, 6.38219543e+02, 3.93694641e+02, 6.55307251e+02,
    4.23099152e+02, 6.72461609e+02, 4.52165497e+02, 6.88962219e+02,
    4.80680725e+02, 7.05543945e+02, 5.09040924e+02, 7.21550110e+02,
    3.44562317e+02, 6.64759094e+02, 3.74486572e+02, 6.82002991e+02,
    4.04141022e+02, 6.98683044e+02, 4.33178101e+02, 7.15384521e+02,
    4.62085846e+02, 7.31557007e+02, 4.90331665e+02, 7.47596252e+02,
    3.25136475e+02, 6.91733215e+02, 3.55306732e+02, 7.08616760e+02,
    3.84850067e+02, 7.25431274e+02, 4.14305420e+02, 7.41601257e+02,
    4.43102478e+02, 7.58013977e+02, 4.71587158e+02, 7.73686401e+02,
    3.05929443e+02, 7.18485718e+02, 3.36160309e+02, 7.35429443e+02,
    3.66073792e+02, 7.51753052e+02, 3.95290741e+02, 7.68126770e+02,
    4.24469238e+02, 7.83983521e+02, 4.52808014e+02, 7.99789795e+02 ]
