%YAML:1.0
---
points: [ 2.79923889e+02, 1.59604675e+02, 2.92288910e+02, 1.63146545e+02,
    3.04676147e+02, 1.66644730e+02, 3.17025330e+02, 1.70125839e+02,
    3.29425537e+02, 1.73621155e+02, 3.41832336e+02, 1.77130463e+02,
    2.76440491e+02, 1.72036896e+02, 2.88695404e+02, 1.75521286e+02,
    3.01008209e+02, 1.79006790e+02, 3.13400024e+02, 1.82498932e+02,
    3.25756378e+02, 1.86044632e+02, 3.38248718e+02, 1.89548859e+02,
    2.72863586e+02, 1.84285980e+02, 2.85151733e+02, 1.87820084e+02,
    2.97456604e+02, 1.91334335e+02, 3.09793396e+02, 1.94819763e+02,
    3.22169617e+02, 1.98310684e+02, 3.34620636e+02, 2.01885925e+02,
    2.69335083e+02, 1.96713791e+02, 2.81590668e+02, 2.00133514e+02,
    2.93931641e+02, 2.03648376e+02, 3.06247284e+02, 2.07230255e+02,
    3.18605011e+02, 2.10744186e+02, 3.31047455e+02, 2.14217361e+02,
    2.65772736e+02, 2.08954071e+02, 2.78013306e+02, 2.12346542e+02,
    2.90330200e+02, 2.15901367e+02, 3.02693909e+02, 2.19486664e+02,
    3.15018921e+02, 2.23028336e+02, 3.27452423e+02, 2.26566162e+02,
    2.62240570e+02, 2.21111176e+02, 2.74427307e+02, 2.24753845e+02,
    2.86801636e+02, 2.28224670e+02, 2.99139709e+02, 2.31776489e+02,
    3.11516876e+02, 2.35302689e+02, 3.23892700e+02, 2.38889587e+02,
    2.58699768e+02, 2.33442596e+02, 2.70922943e+02, 2.36971329e+02,
    2.83279327e+02, 2.40628845e+02, 2.95594147e+02, 2.44154953e+02,
    3.07895630e+02, 2.47731216e+02, 3.20318787e+02, 2.51239944e+02,
    2.55137589e+02, 2.45772522e+02, 2.67400238e+02, 2.49316513e+02,
    2.79748566e+02, 2.52782257e+02, 2.92046234e+02, 2.56411133e+02,
    3.04425873e+02, 2.60008606e+02, 3.16768158e+02, 2.63572021e+02 ]
