%YAML:1.0
---
points: [ 9.15289246e+02, 3.00519806e+02, 9.39323425e+02, 3.38100250e+02,
    9.63145264e+02, 3.75516754e+02, 9.86967224e+02, 4.12780731e+02,
    1.01085822e+03, 4.50158478e+02, 1.03481348e+03, 4.87392395e+02,
    8.77867981e+02, 3.24453583e+02, 9.01786804e+02, 3.61890625e+02,
    9.25737732e+02, 3.99376587e+02, 9.49596069e+02, 4.36639771e+02,
    9.73489136e+02, 4.73913116e+02, 9.97536499e+02, 5.11240173e+02,
    8.40570679e+02, 3.48173401e+02, 8.64521301e+02, 3.85585266e+02,
    8.88528198e+02, 4.23158539e+02, 9.12404175e+02, 4.60404663e+02,
    9.36287415e+02, 4.97764221e+02, 9.60227661e+02, 5.35064209e+02,
    8.03220581e+02, 3.72009827e+02, 8.27182190e+02, 4.09398010e+02,
    8.51299438e+02, 4.46859131e+02, 8.75225159e+02, 4.84156311e+02,
    8.99095520e+02, 5.21598816e+02, 9.22889404e+02, 5.58850281e+02,
    7.65523682e+02, 3.95664673e+02, 7.89678711e+02, 4.33172638e+02,
    8.13660278e+02, 4.70626129e+02, 8.37613892e+02, 5.07927002e+02,
    8.61599243e+02, 5.45464844e+02, 8.85500977e+02, 5.82738220e+02,
    7.28025818e+02, 4.19453796e+02, 7.52140320e+02, 4.56854797e+02,
    7.76313904e+02, 4.94480286e+02, 8.00270325e+02, 5.31749817e+02,
    8.24336060e+02, 5.69312561e+02, 8.48208984e+02, 6.06574341e+02,
    6.89996277e+02, 4.43272308e+02, 7.14281799e+02, 4.80859100e+02,
    7.38380615e+02, 5.18422485e+02, 7.62414001e+02, 5.55837402e+02,
    7.86398926e+02, 5.93408264e+02, 8.10361328e+02, 6.30813110e+02,
    6.52249390e+02, 4.67187622e+02, 6.76453552e+02, 5.04618713e+02,
    7.00692444e+02, 5.42318054e+02, 7.24753418e+02, 5.79696716e+02,
    7.48800659e+02, 6.17343994e+02, 7.72769836e+02, 6.54708496e+02 ]
