%YAML:1.0
---
points: [ 2.66278503e+02, 1.34071487e+02, 2.74409180e+02, 1.46780197e+02,
    2.82546478e+02, 1.59458099e+02, 2.90610077e+02, 1.72158890e+02,
    2.98692596e+02, 1.84726883e+02, 3.06926849e+02, 1.97423401e+02,
    2.53635117e+02, 1.42193527e+02, 2.61732971e+02, 1.54881668e+02,
    2.69866241e+02, 1.67588043e+02, 2.77931702e+02, 1.80261246e+02,
    2.86051758e+02, 1.92938217e+02, 2.94236694e+02, 2.05570480e+02,
    2.40946991e+02, 1.50280014e+02, 2.49054001e+02, 1.62956680e+02,
    2.57192932e+02, 1.75668716e+02, 2.65206421e+02, 1.88343399e+02,
    2.73260864e+02, 2.01043320e+02, 2.81457672e+02, 2.13731689e+02,
    2.28254211e+02, 1.58369171e+02, 2.36406052e+02, 1.71047485e+02,
    2.44596725e+02, 1.83711823e+02, 2.52734360e+02, 1.96317352e+02,
    2.60668091e+02, 2.09183517e+02, 2.68816711e+02, 2.21695053e+02,
    2.15606628e+02, 1.66425690e+02, 2.23712296e+02, 1.79073776e+02,
    2.31845062e+02, 1.91520981e+02, 2.40055679e+02, 2.04422852e+02,
    2.49574448e+02, 2.16174744e+02, 2.56409149e+02, 2.29856964e+02,
    2.02863708e+02, 1.74515656e+02, 2.11013657e+02, 1.87138702e+02,
    2.19144516e+02, 1.99832367e+02, 2.27386948e+02, 2.12656845e+02,
    2.34390732e+02, 2.25445541e+02, 2.43521744e+02, 2.38083710e+02,
    1.90075500e+02, 1.82569061e+02, 1.98250153e+02, 1.95279877e+02,
    2.06421097e+02, 2.08061066e+02, 2.14528229e+02, 2.20683609e+02,
    2.22617203e+02, 2.33467041e+02, 2.30741074e+02, 2.46095581e+02,
    1.77271423e+02, 1.90640579e+02, 1.85534653e+02, 2.03394104e+02,
    1.93695816e+02, 2.16094986e+02, 2.01831604e+02, 2.28856705e+02,
    2.09939545e+02, 2.41407135e+02, 2.18120132e+02, 2.54233063e+02 ]
