%YAML:1.0
---
points: [ 8.06178589e+02, 3.89281708e+02, 8.47733337e+02, 4.05347931e+02,
    8.89443787e+02, 4.21508423e+02, 9.30661255e+02, 4.37463165e+02,
    9.72186157e+02, 4.53398224e+02, 1.01349969e+03, 4.69380463e+02,
    7.90232117e+02, 4.30669678e+02, 8.31860718e+02, 4.46904938e+02,
    8.73413696e+02, 4.62838470e+02, 9.14787109e+02, 4.78824493e+02,
    9.56247620e+02, 4.94827484e+02, 9.97505127e+02, 5.10622894e+02,
    7.74287964e+02, 4.72368561e+02, 8.15836670e+02, 4.88177521e+02,
    8.57474609e+02, 5.04276855e+02, 8.98939087e+02, 5.20132080e+02,
    9.40253906e+02, 5.36180603e+02, 9.81496094e+02, 5.52025757e+02,
    7.58129517e+02, 5.13643921e+02, 7.99937927e+02, 5.29666931e+02,
    8.41524963e+02, 5.45554749e+02, 8.82813293e+02, 5.61493958e+02,
    9.24411804e+02, 5.77444092e+02, 9.65566772e+02, 5.93342041e+02,
    7.42109802e+02, 5.55247803e+02, 7.83700317e+02, 5.71162720e+02,
    8.25467407e+02, 5.87100586e+02, 8.66987671e+02, 6.02796448e+02,
    9.08346619e+02, 6.18699951e+02, 9.49672058e+02, 6.34579224e+02,
    7.25803589e+02, 5.96603333e+02, 7.67687988e+02, 6.12476257e+02,
    8.09395020e+02, 6.28435425e+02, 8.50846497e+02, 6.44252930e+02,
    8.92437134e+02, 6.60208679e+02, 9.33679871e+02, 6.75786316e+02,
    7.09579834e+02, 6.38363525e+02, 7.51488098e+02, 6.54228394e+02,
    7.93263672e+02, 6.70064880e+02, 8.34830139e+02, 6.85809937e+02,
    8.76301392e+02, 7.01618835e+02, 9.17597778e+02, 7.17534790e+02,
    6.93456970e+02, 6.79904846e+02, 7.35295105e+02, 6.95602966e+02,
    7.77253601e+02, 7.11516113e+02, 8.18629517e+02, 7.27221191e+02,
    8.60298889e+02, 7.43137939e+02, 9.01593445e+02, 7.58837952e+02 ]
