%YAML:1.0
---
points: [ 1.82917664e+02, 2.64648895e+02, 1.84504974e+02, 2.51668442e+02,
    1.86069748e+02, 2.38589844e+02, 1.87619919e+02, 2.25535629e+02,
    1.89179825e+02, 2.12289413e+02, 1.90797012e+02, 1.99067078e+02,
    1.96168625e+02, 2.66158295e+02, 1.97779770e+02, 2.53239059e+02,
    1.99331665e+02, 2.40227997e+02, 2.00981735e+02, 2.27183975e+02,
    2.02627380e+02, 2.14063538e+02, 2.04215149e+02, 2.00799469e+02,
    2.09457138e+02, 2.67668091e+02, 2.11070908e+02, 2.54811920e+02,
    2.12654327e+02, 2.41813889e+02, 2.14317413e+02, 2.28817474e+02,
    2.16002777e+02, 2.15750473e+02, 2.17645142e+02, 2.02601944e+02,
    2.22552505e+02, 2.69194122e+02, 2.24225296e+02, 2.56355377e+02,
    2.25896210e+02, 2.43410202e+02, 2.27476944e+02, 2.30365875e+02,
    2.29180313e+02, 2.17434418e+02, 2.30843384e+02, 2.04331604e+02,
    2.35558823e+02, 2.70661469e+02, 2.37237946e+02, 2.57852661e+02,
    2.38926926e+02, 2.45061646e+02, 2.40655075e+02, 2.32073715e+02,
    2.42329254e+02, 2.19077469e+02, 2.44014755e+02, 2.06076218e+02,
    2.48460968e+02, 2.72278107e+02, 2.50250015e+02, 2.59366302e+02,
    2.51913162e+02, 2.46627045e+02, 2.53701859e+02, 2.33689545e+02,
    2.55352219e+02, 2.20687897e+02, 2.57121307e+02, 2.07775635e+02,
    2.61342987e+02, 2.73684906e+02, 2.63104126e+02, 2.60958282e+02,
    2.64802032e+02, 2.48141373e+02, 2.66580109e+02, 2.35325333e+02,
    2.68286896e+02, 2.22346725e+02, 2.70108398e+02, 2.09373184e+02,
    2.74261597e+02, 2.75198792e+02, 2.75942596e+02, 2.62536163e+02,
    2.77692627e+02, 2.49706955e+02, 2.79438660e+02, 2.36908997e+02,
    2.81265015e+02, 2.24035904e+02, 2.83145172e+02, 2.11042328e+02 ]
