%YAML:1.0
---
points: [ 2.38975327e+02, 4.84212189e+02, 2.74691223e+02, 4.91079712e+02,
    3.10283600e+02, 4.97958130e+02, 3.45127472e+02, 5.04400208e+02,
    3.79395325e+02, 5.11215485e+02, 4.13129517e+02, 5.17567383e+02,
    2.31313965e+02, 5.15480896e+02, 2.67200867e+02, 5.22291016e+02,
    3.02636139e+02, 5.28653076e+02, 3.37689331e+02, 5.35295288e+02,
    3.72190460e+02, 5.41422668e+02, 4.06207581e+02, 5.47814331e+02,
    2.23528091e+02, 5.47031067e+02, 2.59470886e+02, 5.53299561e+02,
    2.95301636e+02, 5.59771484e+02, 3.30224854e+02, 5.65750916e+02,
    3.64872437e+02, 5.72173157e+02, 3.99039124e+02, 5.77639954e+02,
    2.15985229e+02, 5.78558228e+02, 2.51991608e+02, 5.84746094e+02,
    2.87733154e+02, 5.90746521e+02, 3.22798859e+02, 5.96754456e+02,
    3.57481720e+02, 6.02508118e+02, 3.91617828e+02, 6.08255127e+02,
    2.08141235e+02, 6.10421936e+02, 2.44352234e+02, 6.16278564e+02,
    2.80342010e+02, 6.22144165e+02, 3.15386139e+02, 6.27684814e+02,
    3.50182709e+02, 6.33372375e+02, 3.84367828e+02, 6.38684448e+02,
    2.00519241e+02, 6.42105896e+02, 2.36780701e+02, 6.47834473e+02,
    2.72686951e+02, 6.53405212e+02, 3.07847870e+02, 6.58785889e+02,
    3.42801544e+02, 6.64114136e+02, 3.77179626e+02, 6.69281616e+02,
    1.92675644e+02, 6.74267578e+02, 2.29255341e+02, 6.79672363e+02,
    2.65130554e+02, 6.84979004e+02, 3.00475250e+02, 6.90158569e+02,
    3.35419128e+02, 6.95284119e+02, 3.70026917e+02, 6.99937256e+02,
    1.85062424e+02, 7.06301086e+02, 2.21703995e+02, 7.11519531e+02,
    2.57533234e+02, 7.16496399e+02, 2.93017944e+02, 7.21415527e+02,
    3.28146973e+02, 7.26097717e+02, 3.62595032e+02, 7.30793457e+02 ]
