%YAML:1.0
---
points: [ 2.29370300e+02, 1.64245117e+02, 2.43494965e+02, 1.69733368e+02,
    2.57547546e+02, 1.75080719e+02, 2.71614502e+02, 1.80566254e+02,
    2.85598083e+02, 1.86016586e+02, 2.99678192e+02, 1.91355164e+02,
    2.23952209e+02, 1.78385269e+02, 2.38052124e+02, 1.83718933e+02,
    2.52203949e+02, 1.89094437e+02, 2.66079071e+02, 1.94660690e+02,
    2.80184357e+02, 2.00010818e+02, 2.94250916e+02, 2.05432861e+02,
    2.18551285e+02, 1.92402893e+02, 2.32640137e+02, 1.97922791e+02,
    2.46282150e+02, 2.03706894e+02, 2.60670654e+02, 2.08650665e+02,
    2.74776825e+02, 2.14020859e+02, 2.88738892e+02, 2.19527603e+02,
    2.13126709e+02, 2.06482544e+02, 2.27370880e+02, 2.12099548e+02,
    2.41198135e+02, 2.17559647e+02, 2.55258621e+02, 2.22802170e+02,
    2.69371246e+02, 2.28080368e+02, 2.83347412e+02, 2.33515656e+02,
    2.07623383e+02, 2.20508316e+02, 2.21619003e+02, 2.25934128e+02,
    2.35868713e+02, 2.31072525e+02, 2.49922485e+02, 2.36551819e+02,
    2.63971375e+02, 2.42109848e+02, 2.77913330e+02, 2.47536331e+02,
    2.02152298e+02, 2.34669632e+02, 2.16294037e+02, 2.40013428e+02,
    2.30429688e+02, 2.45313461e+02, 2.44479095e+02, 2.50703629e+02,
    2.58505676e+02, 2.56083923e+02, 2.72570648e+02, 2.61563690e+02,
    1.96707626e+02, 2.48651016e+02, 2.10863327e+02, 2.54060074e+02,
    2.24966675e+02, 2.59524048e+02, 2.39024124e+02, 2.64878723e+02,
    2.53079407e+02, 2.70189667e+02, 2.67096649e+02, 2.75680176e+02,
    1.91263565e+02, 2.62790527e+02, 2.05405914e+02, 2.68125488e+02,
    2.19514664e+02, 2.73541351e+02, 2.33591705e+02, 2.78926361e+02,
    2.47653091e+02, 2.84250977e+02, 2.61726807e+02, 2.89695404e+02 ]
