%YAML:1.0
---
points: [ 7.52487564e+01, 4.45718170e+02, 1.17548569e+02, 4.49065186e+02,
    1.58146927e+02, 4.52015076e+02, 1.96672562e+02, 4.54949371e+02,
    2.33840469e+02, 4.57754272e+02, 2.69543671e+02, 4.60461700e+02,
    7.32123337e+01, 4.81410492e+02, 1.15574455e+02, 4.83609375e+02,
    1.56103027e+02, 4.85926147e+02, 1.95052719e+02, 4.88067993e+02,
    2.32241211e+02, 4.90256989e+02, 2.67755035e+02, 4.92186279e+02,
    7.12947769e+01, 5.17491638e+02, 1.13627800e+02, 5.18696899e+02,
    1.54382584e+02, 5.20250305e+02, 1.93131729e+02, 5.21535950e+02,
    2.30381989e+02, 5.22755920e+02, 2.66066010e+02, 5.23950378e+02,
    6.94959641e+01, 5.53215576e+02, 1.11855858e+02, 5.53734009e+02,
    1.52526352e+02, 5.54229431e+02, 1.91378540e+02, 5.54690247e+02,
    2.28602051e+02, 5.55138916e+02, 2.64371307e+02, 5.55575012e+02,
    6.76089096e+01, 5.88815002e+02, 1.10112595e+02, 5.88494568e+02,
    1.50684052e+02, 5.88193787e+02, 1.89612946e+02, 5.87858948e+02,
    2.26908371e+02, 5.87538513e+02, 2.62476562e+02, 5.87251526e+02,
    6.56833496e+01, 6.24470398e+02, 1.08389404e+02, 6.23384277e+02,
    1.49049530e+02, 6.22297363e+02, 1.87767944e+02, 6.21182617e+02,
    2.25151657e+02, 6.19974426e+02, 2.60727264e+02, 6.18797668e+02,
    6.41435242e+01, 6.60349304e+02, 1.06573151e+02, 6.58268250e+02,
    1.47362427e+02, 6.56115784e+02, 1.86024429e+02, 6.54264587e+02,
    2.23390060e+02, 6.52335327e+02, 2.59179596e+02, 6.50389343e+02,
    6.23955231e+01, 6.96059753e+02, 1.04847008e+02, 6.92977478e+02,
    1.45460098e+02, 6.90241333e+02, 1.84400192e+02, 6.87354492e+02,
    2.21630386e+02, 6.84703857e+02, 2.57320618e+02, 6.82141602e+02 ]
