%YAML:1.0
---
points: [ 1.94370789e+02, 2.77965851e+02, 1.94506180e+02, 2.65070923e+02,
    1.94638062e+02, 2.51902939e+02, 1.94739182e+02, 2.38855911e+02,
    1.94848083e+02, 2.25683289e+02, 1.94926239e+02, 2.12482666e+02,
    2.07647156e+02, 2.78122223e+02, 2.07767899e+02, 2.65151459e+02,
    2.07890518e+02, 2.52117142e+02, 2.08056870e+02, 2.38977448e+02,
    2.08266022e+02, 2.25855072e+02, 2.08378723e+02, 2.12605148e+02,
    2.20829498e+02, 2.78192291e+02, 2.21051773e+02, 2.65165985e+02,
    2.21282455e+02, 2.52194427e+02, 2.21605865e+02, 2.39207779e+02,
    2.21659790e+02, 2.25980850e+02, 2.21828812e+02, 2.12886063e+02,
    2.33939072e+02, 2.78300781e+02, 2.34213226e+02, 2.65273132e+02,
    2.34532242e+02, 2.52276367e+02, 2.34656433e+02, 2.39347549e+02,
    2.34851639e+02, 2.26191132e+02, 2.35077362e+02, 2.13117676e+02,
    2.47000427e+02, 2.78302002e+02, 2.47311600e+02, 2.65326843e+02,
    2.47652985e+02, 2.52531754e+02, 2.47817383e+02, 2.39492859e+02,
    2.48098328e+02, 2.26448502e+02, 2.48294037e+02, 2.13409256e+02,
    2.59917816e+02, 2.78347778e+02, 2.60337463e+02, 2.65398804e+02,
    2.60672943e+02, 2.52644562e+02, 2.60833466e+02, 2.39610596e+02,
    2.61168762e+02, 2.26608185e+02, 2.61522339e+02, 2.13625992e+02,
    2.72900757e+02, 2.78369019e+02, 2.73270813e+02, 2.65552155e+02,
    2.73581421e+02, 2.52782898e+02, 2.73921600e+02, 2.39844482e+02,
    2.74228088e+02, 2.26756531e+02, 2.74582367e+02, 2.13774826e+02,
    2.85885651e+02, 2.78541962e+02, 2.86140900e+02, 2.65718567e+02,
    2.86585571e+02, 2.52900955e+02, 2.86901184e+02, 2.39944122e+02,
    2.87248444e+02, 2.26991287e+02, 2.87626221e+02, 2.13993225e+02 ]
