%YAML:1.0
---
points: [ 6.73086121e+02, 5.35876160e+02, 7.11966187e+02, 5.13368469e+02,
    7.50790710e+02, 4.91206207e+02, 7.89374329e+02, 4.68713440e+02,
    8.27900024e+02, 4.46552521e+02, 8.66423767e+02, 4.24334015e+02,
    6.95678223e+02, 5.74408264e+02, 7.34542847e+02, 5.52148376e+02,
    7.73258240e+02, 5.29607605e+02, 8.11773438e+02, 5.07419434e+02,
    8.50393372e+02, 4.85134277e+02, 8.88621216e+02, 4.62856781e+02,
    7.18082336e+02, 6.12894958e+02, 7.56964111e+02, 5.90451721e+02,
    7.95569336e+02, 5.68150940e+02, 8.34007874e+02, 5.45811951e+02,
    8.72568115e+02, 5.23590393e+02, 9.10763306e+02, 5.01367096e+02,
    7.40585327e+02, 6.51281067e+02, 7.79278931e+02, 6.28929382e+02,
    8.17866943e+02, 6.06487244e+02, 8.56329712e+02, 5.84253235e+02,
    8.94695984e+02, 5.61928284e+02, 9.32956299e+02, 5.39645752e+02,
    7.62789734e+02, 6.89799622e+02, 8.01544189e+02, 6.67377502e+02,
    8.40155701e+02, 6.44953674e+02, 8.78472839e+02, 6.22533264e+02,
    9.16889282e+02, 6.00300049e+02, 9.55118042e+02, 5.77997498e+02,
    7.85077637e+02, 7.28107971e+02, 8.23691223e+02, 7.05629944e+02,
    8.62263916e+02, 6.83238281e+02, 9.00553528e+02, 6.60849365e+02,
    9.38971863e+02, 6.38542847e+02, 9.77216003e+02, 6.16296204e+02,
    8.07335205e+02, 7.66800659e+02, 8.46025635e+02, 7.44233643e+02,
    8.84439941e+02, 7.21721313e+02, 9.22874084e+02, 6.99337524e+02,
    9.61221863e+02, 6.77030396e+02, 9.99461914e+02, 6.54724670e+02,
    8.29545593e+02, 8.05291626e+02, 8.68065125e+02, 7.82593689e+02,
    9.06538391e+02, 7.60008423e+02, 9.44841858e+02, 7.37588135e+02,
    9.83193237e+02, 7.15333130e+02, 1.02139136e+03, 6.93033081e+02 ]
