%YAML:1.0
---
points: [ 1.84353851e+02, 2.13869461e+02, 1.97530838e+02, 2.06341949e+02,
    2.10564590e+02, 1.98735336e+02, 2.23765152e+02, 1.91194077e+02,
    2.36678802e+02, 1.83706497e+02, 2.49780533e+02, 1.75977341e+02,
    1.92021194e+02, 2.26983459e+02, 2.05067764e+02, 2.19370651e+02,
    2.18267120e+02, 2.11854309e+02, 2.31528229e+02, 2.04268478e+02,
    2.44093903e+02, 1.96702057e+02, 2.57299835e+02, 1.89163757e+02,
    1.99564240e+02, 2.40064484e+02, 2.12643021e+02, 2.32519791e+02,
    2.25698639e+02, 2.24875366e+02, 2.39064209e+02, 2.17624557e+02,
    2.51919769e+02, 2.09849106e+02, 2.64769745e+02, 2.02218292e+02,
    2.07154465e+02, 2.53027435e+02, 2.20270721e+02, 2.45490128e+02,
    2.33307968e+02, 2.37955276e+02, 2.46342606e+02, 2.30418961e+02,
    2.59295807e+02, 2.22845764e+02, 2.72326508e+02, 2.15190964e+02,
    2.14694275e+02, 2.66064453e+02, 2.27766968e+02, 2.58497894e+02,
    2.40797852e+02, 2.50833969e+02, 2.53794662e+02, 2.43267181e+02,
    2.66776245e+02, 2.35685471e+02, 2.79730988e+02, 2.28257111e+02,
    2.22206329e+02, 2.79135590e+02, 2.35268417e+02, 2.71517120e+02,
    2.48272156e+02, 2.63866974e+02, 2.61300873e+02, 2.56312866e+02,
    2.74331696e+02, 2.48814484e+02, 2.87322296e+02, 2.41205734e+02,
    2.29776184e+02, 2.92179260e+02, 2.42777496e+02, 2.84573120e+02,
    2.55873077e+02, 2.77009857e+02, 2.68837830e+02, 2.69445160e+02,
    2.81811768e+02, 2.61867798e+02, 2.94822205e+02, 2.54343964e+02,
    2.37268845e+02, 3.05271362e+02, 2.50288712e+02, 2.97623718e+02,
    2.63379211e+02, 2.89978668e+02, 2.76308624e+02, 2.82457153e+02,
    2.89342499e+02, 2.74864960e+02, 3.02324249e+02, 2.67337372e+02 ]
