%YAML:1.0
---
points: [ 1.86207199e+01, 6.07439636e+02, 6.07367859e+01, 5.97352478e+02,
    1.01059189e+02, 5.87680054e+02, 1.39795547e+02, 5.78588806e+02,
    1.77470047e+02, 5.69955566e+02, 2.13178009e+02, 5.61354065e+02,
    3.11136303e+01, 6.40316833e+02, 7.29536591e+01, 6.29487305e+02,
    1.13132263e+02, 6.19304993e+02, 1.51703629e+02, 6.09354736e+02,
    1.88811172e+02, 5.99845032e+02, 2.24662842e+02, 5.91042542e+02,
    4.37250061e+01, 6.73585388e+02, 8.54531250e+01, 6.61904236e+02,
    1.25286697e+02, 6.50855713e+02, 1.63628677e+02, 6.40380066e+02,
    2.00490677e+02, 6.30268982e+02, 2.36020584e+02, 6.20545593e+02,
    5.64464340e+01, 7.06525146e+02, 9.77286530e+01, 6.94311707e+02,
    1.37417374e+02, 6.82464233e+02, 1.75503174e+02, 6.71310242e+02,
    2.12307205e+02, 6.60400879e+02, 2.47328018e+02, 6.50019165e+02,
    6.90714951e+01, 7.39633179e+02, 1.10256027e+02, 7.26502380e+02,
    1.49557312e+02, 7.14131470e+02, 1.87402252e+02, 7.02139771e+02,
    2.23909103e+02, 6.90740845e+02, 2.58748932e+02, 6.79502563e+02,
    8.18586044e+01, 7.72648865e+02, 1.22615730e+02, 7.58892578e+02,
    1.61663757e+02, 7.45643127e+02, 1.99452972e+02, 7.33153320e+02,
    2.35487137e+02, 7.20766602e+02, 2.70154449e+02, 7.09062012e+02,
    9.46119232e+01, 8.05653381e+02, 1.35071869e+02, 7.91079346e+02,
    1.73775452e+02, 7.77089355e+02, 2.11249603e+02, 7.63626648e+02,
    2.47127930e+02, 7.50881287e+02, 2.81537994e+02, 7.38512329e+02,
    1.07438324e+02, 8.38621826e+02, 1.47532867e+02, 8.23416504e+02,
    1.86142715e+02, 8.08696045e+02, 2.23193008e+02, 7.94586792e+02,
    2.58748322e+02, 7.81016174e+02, 2.93085175e+02, 7.68127319e+02 ]
