%YAML:1.0
---
points: [ 7.04525940e+02, 4.84150085e+02, 7.50729675e+02, 4.84774231e+02,
    7.96962158e+02, 4.85589294e+02, 8.42896362e+02, 4.86379883e+02,
    8.88737732e+02, 4.86800659e+02, 9.34413635e+02, 4.87477448e+02,
    7.09312927e+02, 5.23423706e+02, 7.54519104e+02, 5.24075317e+02,
    7.99660522e+02, 5.24559509e+02, 8.44484619e+02, 5.25279419e+02,
    8.89420349e+02, 5.25770081e+02, 9.33915527e+02, 5.26458313e+02,
    7.13627380e+02, 5.60784851e+02, 7.58091553e+02, 5.61321411e+02,
    8.02167358e+02, 5.61821167e+02, 8.45908386e+02, 5.62511841e+02,
    8.89961792e+02, 5.63156677e+02, 9.33514343e+02, 5.63614929e+02,
    7.18173401e+02, 5.96681152e+02, 7.61290527e+02, 5.97098206e+02,
    8.04519592e+02, 5.97565918e+02, 8.47520630e+02, 5.98229980e+02,
    8.90459106e+02, 5.98539551e+02, 9.33160828e+02, 5.99161133e+02,
    7.22274353e+02, 6.30872070e+02, 7.64468811e+02, 6.31282471e+02,
    8.06702271e+02, 6.31808655e+02, 8.48760376e+02, 6.32324524e+02,
    8.90843506e+02, 6.32783813e+02, 9.32734863e+02, 6.33345215e+02,
    7.26099854e+02, 6.63927063e+02, 7.67444031e+02, 6.64250916e+02,
    8.08793518e+02, 6.64656921e+02, 8.50108521e+02, 6.65096313e+02,
    8.91365906e+02, 6.65509521e+02, 9.32398193e+02, 6.65930359e+02,
    7.29588379e+02, 6.95590271e+02, 7.70372559e+02, 6.95812256e+02,
    8.11020264e+02, 6.96273132e+02, 8.51413635e+02, 6.96606995e+02,
    8.91659058e+02, 6.97041687e+02, 9.32005371e+02, 6.97507996e+02,
    7.33271790e+02, 7.25770386e+02, 7.73095093e+02, 7.26100769e+02,
    8.12789856e+02, 7.26429077e+02, 8.52568054e+02, 7.26813049e+02,
    8.92057190e+02, 7.27298584e+02, 9.31581604e+02, 7.27704102e+02 ]
