%YAML:1.0
---
points: [ 1.94855331e+02, 2.77024902e+02, 1.94868881e+02, 2.64521576e+02,
    1.94773819e+02, 2.51690399e+02, 1.94797638e+02, 2.38863647e+02,
    1.94721313e+02, 2.25883881e+02, 1.94663254e+02, 2.12763596e+02,
    2.07852280e+02, 2.77290161e+02, 2.07881516e+02, 2.64643799e+02,
    2.07915268e+02, 2.51890671e+02, 2.07924332e+02, 2.39120880e+02,
    2.07996765e+02, 2.26157257e+02, 2.08009399e+02, 2.13042923e+02,
    2.20827057e+02, 2.77378845e+02, 2.21057434e+02, 2.64831757e+02,
    2.21067627e+02, 2.52085632e+02, 2.21249725e+02, 2.39371368e+02,
    2.21346527e+02, 2.26433960e+02, 2.21418945e+02, 2.13481277e+02,
    2.33857452e+02, 2.77712555e+02, 2.34060013e+02, 2.65123352e+02,
    2.34183731e+02, 2.52403214e+02, 2.34373871e+02, 2.39594925e+02,
    2.34559677e+02, 2.26620316e+02, 2.34692337e+02, 2.13715515e+02,
    2.46872269e+02, 2.78018738e+02, 2.47070221e+02, 2.65309814e+02,
    2.47283905e+02, 2.52688934e+02, 2.47592697e+02, 2.39784592e+02,
    2.47703674e+02, 2.26900925e+02, 2.47883896e+02, 2.13932251e+02,
    2.59793518e+02, 2.78180176e+02, 2.60045258e+02, 2.65559113e+02,
    2.60362518e+02, 2.52898773e+02, 2.60654877e+02, 2.40088181e+02,
    2.60857330e+02, 2.27207199e+02, 2.61137756e+02, 2.14199539e+02,
    2.72793915e+02, 2.78374359e+02, 2.73005280e+02, 2.65832703e+02,
    2.73368652e+02, 2.53120880e+02, 2.73749420e+02, 2.40353165e+02,
    2.74064270e+02, 2.27448074e+02, 2.74402130e+02, 2.14367096e+02,
    2.85774994e+02, 2.78684052e+02, 2.86099640e+02, 2.66177094e+02,
    2.86491028e+02, 2.53383270e+02, 2.86894928e+02, 2.40627380e+02,
    2.87281097e+02, 2.27659546e+02, 2.87689148e+02, 2.14529663e+02 ]
