%YAML:1.0
---
points: [ 1.95703522e+02, 1.96389816e+02, 2.11342941e+02, 1.96618805e+02,
    2.26927032e+02, 1.96840469e+02, 2.42399902e+02, 1.97121552e+02,
    2.58018860e+02, 1.97224838e+02, 2.73434296e+02, 1.97371262e+02,
    1.96833572e+02, 2.09669342e+02, 2.12129105e+02, 2.09856918e+02,
    2.27305649e+02, 2.10083862e+02, 2.42521835e+02, 2.10314011e+02,
    2.57642975e+02, 2.10469925e+02, 2.72867584e+02, 2.10656113e+02,
    1.97823807e+02, 2.22321472e+02, 2.12701797e+02, 2.22452682e+02,
    2.27703995e+02, 2.22617188e+02, 2.42477402e+02, 2.22906708e+02,
    2.57378235e+02, 2.23142960e+02, 2.72197540e+02, 2.23400787e+02,
    1.98793381e+02, 2.34546677e+02, 2.13421921e+02, 2.34686279e+02,
    2.28032471e+02, 2.34798981e+02, 2.42614105e+02, 2.35084457e+02,
    2.57072327e+02, 2.35266174e+02, 2.71646515e+02, 2.35388824e+02,
    1.99777573e+02, 2.46027206e+02, 2.14068756e+02, 2.46230011e+02,
    2.28308090e+02, 2.46388321e+02, 2.42629272e+02, 2.46583939e+02,
    2.56860138e+02, 2.46809525e+02, 2.71011444e+02, 2.47017212e+02,
    2.00625702e+02, 2.57278534e+02, 2.14618271e+02, 2.57379852e+02,
    2.28655121e+02, 2.57509460e+02, 2.42602493e+02, 2.57717072e+02,
    2.56599457e+02, 2.57940491e+02, 2.70466461e+02, 2.58133514e+02,
    2.01508636e+02, 2.67919312e+02, 2.15191925e+02, 2.68122437e+02,
    2.28966888e+02, 2.68348358e+02, 2.42629211e+02, 2.68430084e+02,
    2.56339539e+02, 2.68569366e+02, 2.69922058e+02, 2.68838104e+02,
    2.02277466e+02, 2.78291718e+02, 2.15803146e+02, 2.78383514e+02,
    2.29175766e+02, 2.78469025e+02, 2.42682175e+02, 2.78669861e+02,
    2.55988022e+02, 2.78894409e+02, 2.69471863e+02, 2.79070068e+02 ]
