%YAML:1.0
---
points: [ 1.92896301e+02, 2.82471375e+02, 1.92006088e+02, 2.72188507e+02,
    1.91079559e+02, 2.61397308e+02, 1.90037872e+02, 2.50243484e+02,
    1.88908661e+02, 2.38623032e+02, 1.87833939e+02, 2.26575043e+02,
    2.06305542e+02, 2.82603973e+02, 2.05546158e+02, 2.72295685e+02,
    2.04847275e+02, 2.61534302e+02, 2.04119659e+02, 2.50312241e+02,
    2.03354553e+02, 2.38791977e+02, 2.02479172e+02, 2.26681046e+02,
    2.19664230e+02, 2.82814606e+02, 2.19262466e+02, 2.72427917e+02,
    2.18795013e+02, 2.61652954e+02, 2.18329391e+02, 2.50579498e+02,
    2.17773544e+02, 2.38983856e+02, 2.17300446e+02, 2.26950241e+02,
    2.32923019e+02, 2.82922821e+02, 2.32760757e+02, 2.72613556e+02,
    2.32602219e+02, 2.61810150e+02, 2.32362564e+02, 2.50743591e+02,
    2.32169388e+02, 2.39184921e+02, 2.31875488e+02, 2.27187347e+02,
    2.46263611e+02, 2.83115356e+02, 2.46338776e+02, 2.72758698e+02,
    2.46334808e+02, 2.62085144e+02, 2.46492432e+02, 2.50912491e+02,
    2.46499908e+02, 2.39345367e+02, 2.46579529e+02, 2.27350906e+02,
    2.59627777e+02, 2.83191925e+02, 2.59814606e+02, 2.72963654e+02,
    2.60131744e+02, 2.62237000e+02, 2.60433441e+02, 2.51125534e+02,
    2.60765930e+02, 2.39511993e+02, 2.61093994e+02, 2.27579559e+02,
    2.72738556e+02, 2.83362183e+02, 2.73326874e+02, 2.73130371e+02,
    2.73876129e+02, 2.62343414e+02, 2.74412598e+02, 2.51249054e+02,
    2.75086426e+02, 2.39667267e+02, 2.75723389e+02, 2.27702713e+02,
    2.86121674e+02, 2.83601257e+02, 2.86844177e+02, 2.73246490e+02,
    2.87632904e+02, 2.62558319e+02, 2.88466614e+02, 2.51456314e+02,
    2.89409943e+02, 2.39867142e+02, 2.90213989e+02, 2.27877319e+02 ]
