%YAML:1.0
---
points: [ 7.63784256e+01, 7.10407532e+02, 1.08396248e+02, 6.90394104e+02,
    1.38977814e+02, 6.71416504e+02, 1.67868134e+02, 6.53478271e+02,
    1.95597153e+02, 6.36434937e+02, 2.21897766e+02, 6.20258728e+02,
    1.07186035e+02, 7.28306580e+02, 1.38575012e+02, 7.07763916e+02,
    1.68305939e+02, 6.88394836e+02, 1.96889481e+02, 6.69828857e+02,
    2.23878113e+02, 6.52438171e+02, 2.49626556e+02, 6.35790771e+02,
    1.38547043e+02, 7.46421936e+02, 1.69112183e+02, 7.25356995e+02,
    1.98359833e+02, 7.05437012e+02, 2.25886917e+02, 6.86486572e+02,
    2.52423752e+02, 6.68531860e+02, 2.77510742e+02, 6.51450745e+02,
    1.69763184e+02, 7.64378906e+02, 1.99775818e+02, 7.42707886e+02,
    2.27999115e+02, 7.22367249e+02, 2.54974747e+02, 7.02953186e+02,
    2.80748566e+02, 6.84547974e+02, 3.05236206e+02, 6.67159485e+02,
    2.01352386e+02, 7.82291382e+02, 2.30352188e+02, 7.60294800e+02,
    2.58004608e+02, 7.39314087e+02, 2.84268280e+02, 7.19487793e+02,
    3.09357605e+02, 7.00567871e+02, 3.33067535e+02, 6.82717834e+02,
    2.32730515e+02, 8.00309021e+02, 2.61158722e+02, 7.77619446e+02,
    2.87980347e+02, 7.56232544e+02, 3.13589050e+02, 7.35900757e+02,
    3.37820343e+02, 7.16631531e+02, 3.61063721e+02, 6.98344788e+02,
    2.64427521e+02, 8.18263123e+02, 2.91812042e+02, 7.95102356e+02,
    3.18059814e+02, 7.73078491e+02, 3.42736267e+02, 7.52450562e+02,
    3.66556610e+02, 7.32591919e+02, 3.88738892e+02, 7.14020081e+02,
    2.96178009e+02, 8.36287292e+02, 3.22828125e+02, 8.12564514e+02,
    3.48131866e+02, 7.90126831e+02, 3.72270203e+02, 7.68804993e+02,
    3.94994507e+02, 7.48649048e+02, 4.16844116e+02, 7.29497192e+02 ]
