%YAML:1.0
---
points: [ 7.30167053e+02, 5.23728394e+02, 7.72366211e+02, 5.11584381e+02,
    8.14743530e+02, 4.99515137e+02, 8.57386719e+02, 4.87423492e+02,
    9.00134155e+02, 4.75381256e+02, 9.42956421e+02, 4.62858551e+02,
    7.45559937e+02, 5.61314819e+02, 7.87333557e+02, 5.49526428e+02,
    8.28868958e+02, 5.37545715e+02, 8.70636963e+02, 5.25769653e+02,
    9.12528687e+02, 5.13836975e+02, 9.54617554e+02, 5.01972626e+02,
    7.60523254e+02, 5.97404175e+02, 8.01428406e+02, 5.85706970e+02,
    8.42387817e+02, 5.74370728e+02, 8.83395691e+02, 5.62665771e+02,
    9.24595703e+02, 5.50886108e+02, 9.65765808e+02, 5.39469849e+02,
    7.75072021e+02, 6.32241272e+02, 8.14974670e+02, 6.20841797e+02,
    8.55342102e+02, 6.09576904e+02, 8.95615417e+02, 5.98301819e+02,
    9.36246765e+02, 5.86816956e+02, 9.76751648e+02, 5.75583923e+02,
    7.88664978e+02, 6.65907898e+02, 8.28316406e+02, 6.54714233e+02,
    8.67897949e+02, 6.43842896e+02, 9.07533630e+02, 6.32652100e+02,
    9.47484924e+02, 6.21600525e+02, 9.87364319e+02, 6.10470520e+02,
    8.02232666e+02, 6.98496216e+02, 8.40972046e+02, 6.87566956e+02,
    8.80051880e+02, 6.76702820e+02, 9.19020874e+02, 6.65783875e+02,
    9.58340637e+02, 6.54916260e+02, 9.97589905e+02, 6.44210815e+02,
    8.14929138e+02, 7.29945557e+02, 8.53398010e+02, 7.19431763e+02,
    8.91688843e+02, 7.08735229e+02, 9.30209717e+02, 6.98241333e+02,
    9.68659424e+02, 6.87488586e+02, 1.00745679e+03, 6.76870300e+02,
    8.27604797e+02, 7.60606812e+02, 8.65278687e+02, 7.50081787e+02,
    9.03011047e+02, 7.39690735e+02, 9.40859558e+02, 7.29276245e+02,
    9.78850769e+02, 7.18795532e+02, 1.01690094e+03, 7.08368591e+02 ]
