%YAML:1.0
---
points: [ 2.03498718e+02, 2.09767380e+02, 2.17851440e+02, 2.05709122e+02,
    2.32282578e+02, 2.01634842e+02, 2.46672455e+02, 1.97506775e+02,
    2.61250153e+02, 1.93349838e+02, 2.75809662e+02, 1.89141571e+02,
    2.08346756e+02, 2.22597626e+02, 2.22486557e+02, 2.18574799e+02,
    2.36611969e+02, 2.14565506e+02, 2.50826324e+02, 2.10546967e+02,
    2.65054047e+02, 2.06448425e+02, 2.79429321e+02, 2.02341904e+02,
    2.12995697e+02, 2.34789948e+02, 2.26877701e+02, 2.30859772e+02,
    2.40819763e+02, 2.26921814e+02, 2.54767624e+02, 2.23069962e+02,
    2.68779053e+02, 2.19061600e+02, 2.82846466e+02, 2.15147552e+02,
    2.17591263e+02, 2.46623093e+02, 2.31191757e+02, 2.42748825e+02,
    2.44861420e+02, 2.38946457e+02, 2.58590271e+02, 2.35098007e+02,
    2.72378937e+02, 2.31251297e+02, 2.86235779e+02, 2.27433411e+02,
    2.21911652e+02, 2.57943634e+02, 2.35251480e+02, 2.54218323e+02,
    2.48745697e+02, 2.50535995e+02, 2.62272095e+02, 2.46795410e+02,
    2.75861206e+02, 2.43012665e+02, 2.89382904e+02, 2.39267258e+02,
    2.26074799e+02, 2.69034729e+02, 2.39296799e+02, 2.65414703e+02,
    2.52513992e+02, 2.61765900e+02, 2.65809357e+02, 2.58007690e+02,
    2.79166656e+02, 2.54369110e+02, 2.92589172e+02, 2.50741028e+02,
    2.30129913e+02, 2.79741333e+02, 2.43124847e+02, 2.76188995e+02,
    2.56233978e+02, 2.72620941e+02, 2.69294708e+02, 2.69089691e+02,
    2.82394684e+02, 2.65458832e+02, 2.95585907e+02, 2.61813141e+02,
    2.34072113e+02, 2.90151672e+02, 2.46891205e+02, 2.86647247e+02,
    2.59734711e+02, 2.83112366e+02, 2.72639191e+02, 2.79580566e+02,
    2.85526245e+02, 2.76078247e+02, 2.98548462e+02, 2.72589722e+02 ]
