%YAML:1.0
---
points: [ 1.76182968e+02, 7.75043030e+02, 1.94685211e+02, 7.46267761e+02,
    2.12454575e+02, 7.18709778e+02, 2.29588852e+02, 6.92570312e+02,
    2.45931061e+02, 6.67369629e+02, 2.61469788e+02, 6.43465393e+02,
    2.10898285e+02, 7.76432312e+02, 2.28725525e+02, 7.47601868e+02,
    2.45882965e+02, 7.20096802e+02, 2.62353302e+02, 6.93622742e+02,
    2.78219543e+02, 6.68574158e+02, 2.93184662e+02, 6.44539429e+02,
    2.46292480e+02, 7.77693726e+02, 2.63283722e+02, 7.48965759e+02,
    2.79652527e+02, 7.21279114e+02, 2.95432831e+02, 6.94971069e+02,
    3.10480347e+02, 6.69667053e+02, 3.25106995e+02, 6.45542297e+02,
    2.81393707e+02, 7.79140137e+02, 2.97705750e+02, 7.50186768e+02,
    3.13528503e+02, 7.22497009e+02, 3.28452881e+02, 6.96218750e+02,
    3.43063965e+02, 6.70818359e+02, 3.56768219e+02, 6.46596619e+02,
    3.16758453e+02, 7.80265625e+02, 3.32527802e+02, 7.51314209e+02,
    3.47478607e+02, 7.23517395e+02, 3.61874420e+02, 6.97164307e+02,
    3.75614166e+02, 6.71828613e+02, 3.88723663e+02, 6.47859375e+02,
    3.52395081e+02, 7.81559937e+02, 3.67282318e+02, 7.52459656e+02,
    3.81563019e+02, 7.24638123e+02, 3.95211456e+02, 6.98264709e+02,
    4.08330048e+02, 6.73039246e+02, 4.20682281e+02, 6.48706543e+02,
    3.88159332e+02, 7.82618530e+02, 4.02033630e+02, 7.53792053e+02,
    4.15491119e+02, 7.25796082e+02, 4.28491547e+02, 6.99461609e+02,
    4.40836151e+02, 6.74084595e+02, 4.52559662e+02, 6.50038391e+02,
    4.23751282e+02, 7.83985107e+02, 4.37117157e+02, 7.54659119e+02,
    4.49614624e+02, 7.27107239e+02, 4.61860474e+02, 7.00527039e+02,
    4.73488831e+02, 6.75292847e+02, 4.84601074e+02, 6.50897522e+02 ]
