%YAML:1.0
---
points: [ 2.03482468e+02, 2.09728439e+02, 2.17869370e+02, 2.05741684e+02,
    2.32269806e+02, 2.01635315e+02, 2.46668015e+02, 1.97510437e+02,
    2.61264099e+02, 1.93350052e+02, 2.75805908e+02, 1.89183258e+02,
    2.08345810e+02, 2.22636246e+02, 2.22483963e+02, 2.18579453e+02,
    2.36599838e+02, 2.14522385e+02, 2.50828217e+02, 2.10551620e+02,
    2.65066528e+02, 2.06443329e+02, 2.79435638e+02, 2.02406967e+02,
    2.13028839e+02, 2.34768173e+02, 2.26909439e+02, 2.30862457e+02,
    2.40822113e+02, 2.26930389e+02, 2.54759415e+02, 2.23086929e+02,
    2.68792694e+02, 2.19078476e+02, 2.82860168e+02, 2.15167023e+02,
    2.17571121e+02, 2.46598938e+02, 2.31183334e+02, 2.42791153e+02,
    2.44844238e+02, 2.38914337e+02, 2.58602356e+02, 2.35045029e+02,
    2.72374725e+02, 2.31285477e+02, 2.86196442e+02, 2.27449615e+02,
    2.21861526e+02, 2.58033600e+02, 2.35219559e+02, 2.54210770e+02,
    2.48739090e+02, 2.50491821e+02, 2.62250031e+02, 2.46768509e+02,
    2.75836639e+02, 2.43046875e+02, 2.89364746e+02, 2.39269470e+02,
    2.26072815e+02, 2.69030945e+02, 2.39309982e+02, 2.65389160e+02,
    2.52553436e+02, 2.61748138e+02, 2.65823425e+02, 2.58009033e+02,
    2.79146057e+02, 2.54371353e+02, 2.92606689e+02, 2.50728958e+02,
    2.30113098e+02, 2.79765625e+02, 2.43108582e+02, 2.76199097e+02,
    2.56212280e+02, 2.72595337e+02, 2.69297546e+02, 2.69081909e+02,
    2.82396332e+02, 2.65494141e+02, 2.95597839e+02, 2.61852325e+02,
    2.34063126e+02, 2.90134583e+02, 2.46888306e+02, 2.86638580e+02,
    2.59706024e+02, 2.83105225e+02, 2.72628601e+02, 2.79583649e+02,
    2.85521637e+02, 2.76129456e+02, 2.98548431e+02, 2.72630798e+02 ]
