%YAML:1.0
---
points: [ 7.30162109e+02, 5.23719482e+02, 7.72376404e+02, 5.11563782e+02,
    8.14716064e+02, 4.99518707e+02, 8.57406555e+02, 4.87406006e+02,
    9.00081787e+02, 4.75362000e+02, 9.42947693e+02, 4.62833344e+02,
    7.45568481e+02, 5.61335754e+02, 7.87323242e+02, 5.49502441e+02,
    8.28872498e+02, 5.37581665e+02, 8.70619263e+02, 5.25763550e+02,
    9.12502747e+02, 5.13825134e+02, 9.54580627e+02, 5.01933533e+02,
    7.60513794e+02, 5.97400024e+02, 8.01421448e+02, 5.85706726e+02,
    8.42385437e+02, 5.74366211e+02, 8.83392395e+02, 5.62677673e+02,
    9.24568970e+02, 5.50908447e+02, 9.65756897e+02, 5.39487793e+02,
    7.75137268e+02, 6.32229797e+02, 8.15017883e+02, 6.20843567e+02,
    8.55351257e+02, 6.09585449e+02, 8.95596252e+02, 5.98290771e+02,
    9.36242310e+02, 5.86844116e+02, 9.76730652e+02, 5.75612427e+02,
    7.88658447e+02, 6.65912842e+02, 8.28322876e+02, 6.54735474e+02,
    8.67870728e+02, 6.43830383e+02, 9.07531799e+02, 6.32666321e+02,
    9.47463745e+02, 6.21603394e+02, 9.87329041e+02, 6.10485962e+02,
    8.02205566e+02, 6.98480225e+02, 8.40996216e+02, 6.87581970e+02,
    8.80024414e+02, 6.76708374e+02, 9.18989136e+02, 6.65786987e+02,
    9.58335938e+02, 6.54928467e+02, 9.97565796e+02, 6.44222290e+02,
    8.14888367e+02, 7.30017395e+02, 8.53430969e+02, 7.19415833e+02,
    8.91660217e+02, 7.08734558e+02, 9.30218750e+02, 6.98241882e+02,
    9.68660339e+02, 6.87497192e+02, 1.00741553e+03, 6.76893066e+02,
    8.27626831e+02, 7.60596436e+02, 8.65278137e+02, 7.50031738e+02,
    9.02982544e+02, 7.39681274e+02, 9.40825623e+02, 7.29334229e+02,
    9.78823059e+02, 7.18844299e+02, 1.01688116e+03, 7.08396545e+02 ]
