%YAML:1.0
---
points: [ 2.29278625e+02, 2.25488983e+02, 2.30037354e+02, 2.37453964e+02,
    2.30719299e+02, 2.48893387e+02, 2.31481003e+02, 2.59967621e+02,
    2.32130234e+02, 2.70585754e+02, 2.32775742e+02, 2.80813446e+02,
    2.14569153e+02, 2.25849487e+02, 2.15631287e+02, 2.37821930e+02,
    2.16663284e+02, 2.49289917e+02, 2.17572556e+02, 2.60382477e+02,
    2.18527878e+02, 2.70997528e+02, 2.19393646e+02, 2.81176788e+02,
    1.99857285e+02, 2.26331161e+02, 2.01251617e+02, 2.38241638e+02,
    2.02471756e+02, 2.49698746e+02, 2.03758240e+02, 2.60874725e+02,
    2.04993622e+02, 2.71470001e+02, 2.06164597e+02, 2.81612274e+02,
    1.85107864e+02, 2.26723404e+02, 1.86764999e+02, 2.38711349e+02,
    1.88370270e+02, 2.50172302e+02, 1.89846802e+02, 2.61260712e+02,
    1.91313141e+02, 2.71871399e+02, 1.92710419e+02, 2.82064270e+02,
    1.70237335e+02, 2.27155487e+02, 1.72264099e+02, 2.39127609e+02,
    1.74065460e+02, 2.50621674e+02, 1.75927490e+02, 2.61715149e+02,
    1.77682114e+02, 2.72320435e+02, 1.79328476e+02, 2.82572174e+02,
    1.55327301e+02, 2.27695221e+02, 1.57613846e+02, 2.39660126e+02,
    1.59837723e+02, 2.51046600e+02, 1.61956131e+02, 2.62103058e+02,
    1.63905838e+02, 2.72787872e+02, 1.65862961e+02, 2.82933136e+02,
    1.40264847e+02, 2.27876511e+02, 1.42914368e+02, 2.39840118e+02,
    1.45422485e+02, 2.51617966e+02, 1.47847366e+02, 2.62709412e+02,
    1.50127716e+02, 2.73224396e+02, 1.52321075e+02, 2.83528076e+02,
    1.25344704e+02, 2.28534332e+02, 1.28304169e+02, 2.40535812e+02,
    1.31134140e+02, 2.51839310e+02, 1.33784164e+02, 2.62958923e+02,
    1.36418213e+02, 2.73700104e+02, 1.38894241e+02, 2.83850067e+02 ]
