%YAML:1.0
---
points: [ 7.67577881e+02, 5.23336731e+02, 8.04593018e+02, 5.01686249e+02,
    8.42102356e+02, 4.79999939e+02, 8.79733337e+02, 4.57926483e+02,
    9.18137146e+02, 4.35579865e+02, 9.56812988e+02, 4.12807587e+02,
    7.92406006e+02, 5.56546814e+02, 8.28887756e+02, 5.35591431e+02,
    8.65821838e+02, 5.14389160e+02, 9.03206177e+02, 4.93021820e+02,
    9.40937866e+02, 4.71222076e+02, 9.79282959e+02, 4.49117737e+02,
    8.16319397e+02, 5.88624573e+02, 8.52355469e+02, 5.68216858e+02,
    8.88724731e+02, 5.47531982e+02, 9.25554199e+02, 5.26668396e+02,
    9.62883545e+02, 5.05466583e+02, 1.00063739e+03, 4.84029022e+02,
    8.39488647e+02, 6.19673340e+02, 8.75040955e+02, 5.99723450e+02,
    9.11006165e+02, 5.79531860e+02, 9.47451355e+02, 5.59263428e+02,
    9.84271912e+02, 5.38537659e+02, 1.02152618e+03, 5.17702209e+02,
    8.61758484e+02, 6.49723022e+02, 8.96914307e+02, 6.30403137e+02,
    9.32441162e+02, 6.10619568e+02, 9.68444214e+02, 5.90780823e+02,
    1.00478925e+03, 5.70644592e+02, 1.04167480e+03, 5.50381592e+02,
    8.83462341e+02, 6.78881226e+02, 9.18190430e+02, 6.59958374e+02,
    9.53342163e+02, 6.40785889e+02, 9.88724304e+02, 6.21392883e+02,
    1.02472791e+03, 6.01702637e+02, 1.06122400e+03, 5.81902039e+02,
    9.04528870e+02, 7.07366821e+02, 9.38817200e+02, 6.88765930e+02,
    9.73586731e+02, 6.70094788e+02, 1.00867938e+03, 6.51288574e+02,
    1.04432117e+03, 6.31967468e+02, 1.08029187e+03, 6.12668091e+02,
    9.24921875e+02, 7.34799377e+02, 9.58800293e+02, 7.16628174e+02,
    9.93211243e+02, 6.98380859e+02, 1.02775073e+03, 6.79776062e+02,
    1.06305115e+03, 6.61301575e+02, 1.09855530e+03, 6.42374878e+02 ]
