%YAML:1.0
---
points: [ 1.08454475e+02, 2.75079193e+02, 1.07078094e+02, 2.63854858e+02,
    1.05587280e+02, 2.52441818e+02, 1.04096809e+02, 2.40601425e+02,
    1.02326279e+02, 2.28113388e+02, 1.00811592e+02, 2.15533035e+02,
    1.21757690e+02, 2.76035278e+02, 1.20497650e+02, 2.64922943e+02,
    1.19251495e+02, 2.53565536e+02, 1.17949203e+02, 2.41645370e+02,
    1.16596046e+02, 2.29300629e+02, 1.15281128e+02, 2.16681625e+02,
    1.35073135e+02, 2.77133759e+02, 1.34062042e+02, 2.65945496e+02,
    1.33007645e+02, 2.54560730e+02, 1.31938156e+02, 2.42707214e+02,
    1.30777191e+02, 2.30405640e+02, 1.29649292e+02, 2.17693222e+02,
    1.48360092e+02, 2.78079102e+02, 1.47614182e+02, 2.66986481e+02,
    1.46766647e+02, 2.55509109e+02, 1.45889343e+02, 2.43653442e+02,
    1.45080688e+02, 2.31467834e+02, 1.44109009e+02, 2.18743454e+02,
    1.61650330e+02, 2.79098694e+02, 1.60990768e+02, 2.67987061e+02,
    1.60477814e+02, 2.56525208e+02, 1.59912613e+02, 2.44683594e+02,
    1.59214478e+02, 2.32486572e+02, 1.58555527e+02, 2.19850708e+02,
    1.74848175e+02, 2.80013641e+02, 1.74585678e+02, 2.68984650e+02,
    1.74160034e+02, 2.57550934e+02, 1.73840805e+02, 2.45687363e+02,
    1.73372986e+02, 2.33544907e+02, 1.72976227e+02, 2.20887299e+02,
    1.88140076e+02, 2.81015503e+02, 1.87969055e+02, 2.69896790e+02,
    1.87858017e+02, 2.58493958e+02, 1.87675201e+02, 2.46765228e+02,
    1.87570740e+02, 2.34524963e+02, 1.87329544e+02, 2.21952774e+02,
    2.01549728e+02, 2.81925842e+02, 2.01601746e+02, 2.70918884e+02,
    2.01541718e+02, 2.59474915e+02, 2.01608749e+02, 2.47682800e+02,
    2.01711548e+02, 2.35575562e+02, 2.01658157e+02, 2.23051865e+02 ]
