%YAML:1.0
---
points: [ 2.16021515e+02, 2.09662888e+02, 2.28677704e+02, 2.02400391e+02,
    2.41486176e+02, 1.94986633e+02, 2.54430664e+02, 1.87498627e+02,
    2.67611603e+02, 1.79864624e+02, 2.80934753e+02, 1.72185776e+02,
    2.24106857e+02, 2.21021988e+02, 2.36575897e+02, 2.13894913e+02,
    2.49181091e+02, 2.06679611e+02, 2.61982178e+02, 1.99355835e+02,
    2.74981262e+02, 1.91982483e+02, 2.88215546e+02, 1.84411270e+02,
    2.31813950e+02, 2.31803268e+02, 2.44149918e+02, 2.24906815e+02,
    2.56584351e+02, 2.17820343e+02, 2.69272034e+02, 2.10794846e+02,
    2.82023254e+02, 2.03621521e+02, 2.95077148e+02, 1.96320251e+02,
    2.39368835e+02, 2.42396179e+02, 2.51529938e+02, 2.35624054e+02,
    2.63807495e+02, 2.28803574e+02, 2.76324707e+02, 2.21852615e+02,
    2.88966614e+02, 2.14888016e+02, 3.01826782e+02, 2.07781235e+02,
    2.46623322e+02, 2.52547958e+02, 2.58584198e+02, 2.45961914e+02,
    2.70802094e+02, 2.39358917e+02, 2.83142426e+02, 2.32629257e+02,
    2.95680298e+02, 2.25775482e+02, 3.08359406e+02, 2.18909393e+02,
    2.53661118e+02, 2.62473877e+02, 2.65576202e+02, 2.56071259e+02,
    2.77642609e+02, 2.49554077e+02, 2.89765167e+02, 2.42971558e+02,
    3.02156952e+02, 2.36358261e+02, 3.14675537e+02, 2.29647369e+02,
    2.60472931e+02, 2.72092285e+02, 2.72277466e+02, 2.65825745e+02,
    2.84194275e+02, 2.59550201e+02, 2.96261322e+02, 2.53156876e+02,
    3.08446716e+02, 2.46644226e+02, 3.20761322e+02, 2.40018188e+02,
    2.67146912e+02, 2.81499451e+02, 2.78802673e+02, 2.75302979e+02,
    2.90520477e+02, 2.69128632e+02, 3.02478027e+02, 2.62894745e+02,
    3.14484772e+02, 2.56577209e+02, 3.26779449e+02, 2.50126434e+02 ]
