%YAML:1.0
---
points: [ 2.15283478e+02, 2.66447571e+02, 2.45825699e+02, 2.90065186e+02,
    2.74828949e+02, 3.12464081e+02, 3.02616882e+02, 3.33756500e+02,
    3.29162476e+02, 3.54158356e+02, 3.54585724e+02, 3.73497406e+02,
    1.87409439e+02, 2.90888214e+02, 2.18630997e+02, 3.13872559e+02,
    2.48586960e+02, 3.35786926e+02, 2.76922058e+02, 3.56684204e+02,
    3.04175171e+02, 3.76506653e+02, 3.30086365e+02, 3.95422791e+02,
    1.58977493e+02, 3.15814880e+02, 1.91136520e+02, 3.38311249e+02,
    2.21659821e+02, 3.59601501e+02, 2.50909058e+02, 3.79921906e+02,
    2.78709808e+02, 3.99316437e+02, 3.05416351e+02, 4.17645752e+02,
    1.30839523e+02, 3.40887360e+02, 1.63501083e+02, 3.62742676e+02,
    1.94983398e+02, 3.83467560e+02, 2.24714417e+02, 4.03262115e+02,
    2.53417358e+02, 4.22061584e+02, 2.80619598e+02, 4.39891052e+02,
    1.02302048e+02, 3.66182281e+02, 1.35924759e+02, 3.87367432e+02,
    1.67829712e+02, 4.07591125e+02, 1.98510864e+02, 4.26752258e+02,
    2.27739059e+02, 4.45047363e+02, 2.55718521e+02, 4.62439606e+02,
    7.37083435e+01, 3.91515045e+02, 1.08051926e+02, 4.12179688e+02,
    1.40912048e+02, 4.31808502e+02, 1.72094543e+02, 4.50471832e+02,
    2.02161011e+02, 4.68272675e+02, 2.30620773e+02, 4.85144043e+02,
    4.47487831e+01, 4.17234283e+02, 8.00852356e+01, 4.37186371e+02,
    1.13650902e+02, 4.56311951e+02, 1.45613052e+02, 4.74316315e+02,
    1.76257462e+02, 4.91507507e+02, 2.05503830e+02, 5.07866943e+02,
    1.59397459e+01, 4.43105835e+02, 5.19134102e+01, 4.62526703e+02,
    8.63919067e+01, 4.80806885e+02, 1.18887573e+02, 4.98477692e+02,
    1.50324005e+02, 5.15144775e+02, 1.80121613e+02, 5.31067139e+02 ]
