%YAML:1.0
---
points: [ 1.59825180e+02, 2.10144287e+02, 1.61604004e+02, 2.23472931e+02,
    1.63307312e+02, 2.36745361e+02, 1.65093430e+02, 2.50138885e+02,
    1.66802109e+02, 2.63315430e+02, 1.68494614e+02, 2.76675964e+02,
    1.45987366e+02, 2.11727463e+02, 1.47781509e+02, 2.25228241e+02,
    1.49508224e+02, 2.38729797e+02, 1.51244797e+02, 2.52275436e+02,
    1.53035019e+02, 2.65774597e+02, 1.54796951e+02, 2.79295197e+02,
    1.31717697e+02, 2.13294037e+02, 1.33487183e+02, 2.27067383e+02,
    1.35296097e+02, 2.40750122e+02, 1.37081787e+02, 2.54426727e+02,
    1.38825623e+02, 2.68239899e+02, 1.40593613e+02, 2.82093536e+02,
    1.16888832e+02, 2.14921860e+02, 1.18878387e+02, 2.28833862e+02,
    1.20665596e+02, 2.42881958e+02, 1.22434624e+02, 2.56851013e+02,
    1.24203438e+02, 2.70809998e+02, 1.26074341e+02, 2.84797150e+02,
    1.01757248e+02, 2.16738907e+02, 1.03733200e+02, 2.30777191e+02,
    1.05404846e+02, 2.45080460e+02, 1.07312180e+02, 2.59284363e+02,
    1.09123558e+02, 2.73444458e+02, 1.11012032e+02, 2.87623169e+02,
    8.61543579e+01, 2.18300568e+02, 8.78570099e+01, 2.33050079e+02,
    8.94848404e+01, 2.46999573e+02, 9.16695175e+01, 2.61666565e+02,
    9.36274185e+01, 2.76140778e+02, 9.55234909e+01, 2.90609772e+02,
    6.99321899e+01, 2.19988251e+02, 7.21500931e+01, 2.35099991e+02,
    7.40037308e+01, 2.48999695e+02, 7.58332443e+01, 2.64122620e+02,
    7.76100922e+01, 2.78897034e+02, 7.96121063e+01, 2.93590698e+02,
    5.36099663e+01, 2.21721527e+02, 5.55825195e+01, 2.36882767e+02,
    5.74583473e+01, 2.51421509e+02, 5.93777084e+01, 2.66722076e+02,
    6.14186325e+01, 2.81624542e+02, 6.34243164e+01, 2.96547272e+02 ]
