%YAML:1.0
---
points: [ 7.29464050e+02, 7.48102295e+02, 7.25434509e+02, 7.20585388e+02,
    7.21171631e+02, 6.91875305e+02, 7.16502747e+02, 6.61991028e+02,
    7.11585693e+02, 6.30463501e+02, 7.06531921e+02, 5.97697693e+02,
    7.69362732e+02, 7.48473083e+02, 7.65876831e+02, 7.21034546e+02,
    7.62528687e+02, 6.92332275e+02, 7.58886902e+02, 6.62460388e+02,
    7.55134277e+02, 6.30967224e+02, 7.51102661e+02, 5.98246216e+02,
    8.08576477e+02, 7.48849792e+02, 8.06326477e+02, 7.21365295e+02,
    8.03737732e+02, 6.92664734e+02, 8.01246765e+02, 6.62878052e+02,
    7.98439148e+02, 6.31540649e+02, 7.95566589e+02, 5.98674561e+02,
    8.48151306e+02, 7.49042358e+02, 8.46581726e+02, 7.21683105e+02,
    8.44807068e+02, 6.93163635e+02, 8.43390137e+02, 6.63413330e+02,
    8.41533447e+02, 6.32153992e+02, 8.39601868e+02, 5.99397278e+02,
    8.87365601e+02, 7.49563293e+02, 8.86640076e+02, 7.22297485e+02,
    8.86127136e+02, 6.93491577e+02, 8.85364929e+02, 6.63874207e+02,
    8.84610352e+02, 6.32615540e+02, 8.83833984e+02, 5.99851990e+02,
    9.26540833e+02, 7.50066406e+02, 9.26733826e+02, 7.22718750e+02,
    9.26973145e+02, 6.94188660e+02, 9.27222595e+02, 6.64382507e+02,
    9.27499512e+02, 6.33149902e+02, 9.27665833e+02, 6.00452820e+02,
    9.65732178e+02, 7.50399109e+02, 9.66830688e+02, 7.23097168e+02,
    9.68219543e+02, 6.94561279e+02, 9.69387329e+02, 6.64811035e+02,
    9.70545898e+02, 6.33619141e+02, 9.71790955e+02, 6.00898987e+02,
    1.00500085e+03, 7.50832092e+02, 1.00678217e+03, 7.23557678e+02,
    1.00876868e+03, 6.95073975e+02, 1.01106396e+03, 6.65511719e+02,
    1.01316565e+03, 6.34205750e+02, 1.01562317e+03, 6.01517578e+02 ]
