%YAML:1.0
---
points: [ 2.77212891e+02, 5.08393433e+02, 2.98786499e+02, 5.31577209e+02,
    3.20163483e+02, 5.54570251e+02, 3.41704712e+02, 5.77641418e+02,
    3.63180115e+02, 6.00661255e+02, 3.84772003e+02, 6.23699463e+02,
    2.48072296e+02, 5.27609863e+02, 2.69548981e+02, 5.51156250e+02,
    2.91436432e+02, 5.74439270e+02, 3.12943115e+02, 5.97745789e+02,
    3.34952057e+02, 6.21296326e+02, 3.56480072e+02, 6.44440979e+02,
    2.17907059e+02, 5.47562866e+02, 2.39858353e+02, 5.71275330e+02,
    2.61642883e+02, 5.94938232e+02, 2.83601562e+02, 6.18511108e+02,
    3.05523621e+02, 6.42145752e+02, 3.27546753e+02, 6.65739441e+02,
    1.87615341e+02, 5.67886292e+02, 2.09381210e+02, 5.91837708e+02,
    2.31671906e+02, 6.15839355e+02, 2.53670288e+02, 6.39633850e+02,
    2.76013275e+02, 6.63638733e+02, 2.98060822e+02, 6.87513184e+02,
    1.56303940e+02, 5.88572144e+02, 1.78801208e+02, 6.12895996e+02,
    2.00883774e+02, 6.37108948e+02, 2.23311554e+02, 6.61347778e+02,
    2.45686478e+02, 6.85506348e+02, 2.67896973e+02, 7.09755554e+02,
    1.25056847e+02, 6.09923950e+02, 1.47233826e+02, 6.34150574e+02,
    1.69640778e+02, 6.59102722e+02, 1.92098907e+02, 6.83456726e+02,
    2.14861588e+02, 7.08101074e+02, 2.37372284e+02, 7.32513733e+02,
    9.24925919e+01, 6.31556213e+02, 1.15222237e+02, 6.56513916e+02,
    1.37740768e+02, 6.81325500e+02, 1.60684586e+02, 7.06236084e+02,
    1.83426941e+02, 7.30881836e+02, 2.06196426e+02, 7.55848450e+02,
    5.96821785e+01, 6.53963501e+02, 8.25619202e+01, 6.78968567e+02,
    1.05468544e+02, 7.04278870e+02, 1.28283127e+02, 7.29369446e+02,
    1.51410645e+02, 7.54573792e+02, 1.74304214e+02, 7.79568787e+02 ]
