%YAML:1.0
---
points: [ 2.00959641e+02, 2.85881409e+02, 1.99953033e+02, 2.76493134e+02,
    1.98925049e+02, 2.66827850e+02, 1.97819901e+02, 2.56657837e+02,
    1.96688828e+02, 2.45995300e+02, 1.95446777e+02, 2.34875183e+02,
    2.14367584e+02, 2.85992493e+02, 2.13600540e+02, 2.76635498e+02,
    2.12907227e+02, 2.66971649e+02, 2.12226959e+02, 2.56858185e+02,
    2.11351822e+02, 2.46219284e+02, 2.10568741e+02, 2.35163406e+02,
    2.27671219e+02, 2.86187897e+02, 2.27340103e+02, 2.76885132e+02,
    2.26858063e+02, 2.67135223e+02, 2.26443619e+02, 2.57012512e+02,
    2.26014267e+02, 2.46407990e+02, 2.25546616e+02, 2.35329208e+02,
    2.40918091e+02, 2.86339935e+02, 2.40835205e+02, 2.77024902e+02,
    2.40871658e+02, 2.67214294e+02, 2.40653336e+02, 2.57113861e+02,
    2.40622223e+02, 2.46594254e+02, 2.40436325e+02, 2.35433945e+02,
    2.54345184e+02, 2.86410645e+02, 2.54606812e+02, 2.77133392e+02,
    2.54696533e+02, 2.67320862e+02, 2.54980698e+02, 2.57280151e+02,
    2.55213974e+02, 2.46827713e+02, 2.55427170e+02, 2.35669785e+02,
    2.67656311e+02, 2.86548462e+02, 2.68088226e+02, 2.77289368e+02,
    2.68686371e+02, 2.67599182e+02, 2.69172882e+02, 2.57452148e+02,
    2.69730499e+02, 2.47040085e+02, 2.70218964e+02, 2.35856506e+02,
    2.80922302e+02, 2.86841156e+02, 2.81768982e+02, 2.77437988e+02,
    2.82576050e+02, 2.67822296e+02, 2.83397217e+02, 2.57710175e+02,
    2.84335510e+02, 2.47200821e+02, 2.85340179e+02, 2.36093552e+02,
    2.94188110e+02, 2.87035126e+02, 2.95322205e+02, 2.77772644e+02,
    2.96437195e+02, 2.68113464e+02, 2.97561859e+02, 2.57995483e+02,
    2.98867798e+02, 2.47360504e+02, 3.00201080e+02, 2.36273743e+02 ]
