%YAML:1.0
---
points: [ 8.71819214e+02, 4.42675140e+02, 9.03390625e+02, 4.54761047e+02,
    9.33157654e+02, 4.66259644e+02, 9.61245605e+02, 4.76780151e+02,
    9.87596191e+02, 4.86749664e+02, 1.01275317e+03, 4.96412598e+02,
    8.58397339e+02, 4.86471893e+02, 8.90449463e+02, 4.97260437e+02,
    9.20432007e+02, 5.07279175e+02, 9.48893555e+02, 5.16684387e+02,
    9.75610229e+02, 5.25686462e+02, 1.00116125e+03, 5.34282410e+02,
    8.44923645e+02, 5.29891602e+02, 8.77373840e+02, 5.39383301e+02,
    9.07638733e+02, 5.48248535e+02, 9.36586975e+02, 5.56535583e+02,
    9.63750732e+02, 5.64512451e+02, 9.89405762e+02, 5.71907959e+02,
    8.31352173e+02, 5.73582947e+02, 8.64183472e+02, 5.81599487e+02,
    8.95145813e+02, 5.89310913e+02, 9.24123962e+02, 5.96557678e+02,
    9.51578918e+02, 6.03236633e+02, 9.77760559e+02, 6.09650024e+02,
    8.17664917e+02, 6.17372070e+02, 8.51059448e+02, 6.23874329e+02,
    8.82073853e+02, 6.30363770e+02, 9.11609558e+02, 6.36391418e+02,
    9.39529907e+02, 6.42206116e+02, 9.65878784e+02, 6.47573120e+02,
    8.04221252e+02, 6.60893921e+02, 8.37712402e+02, 6.66460510e+02,
    8.69496033e+02, 6.71484924e+02, 8.99238831e+02, 6.76457703e+02,
    9.27437195e+02, 6.81089294e+02, 9.54093384e+02, 6.85493591e+02,
    7.90177734e+02, 7.04972229e+02, 8.24350281e+02, 7.09013367e+02,
    8.56305298e+02, 7.13080994e+02, 8.86597229e+02, 7.16815857e+02,
    9.15276978e+02, 7.20225647e+02, 9.42349426e+02, 7.23588257e+02,
    7.76301208e+02, 7.48938904e+02, 8.10904785e+02, 7.51606079e+02,
    8.43423279e+02, 7.54389893e+02, 8.74187317e+02, 7.56790649e+02,
    9.03094666e+02, 7.59368225e+02, 9.30410217e+02, 7.61491760e+02 ]
