%YAML:1.0
---
points: [ 2.52149734e+02, 1.82400757e+02, 2.62193237e+02, 1.86450424e+02,
    2.71640167e+02, 1.90257416e+02, 2.80643524e+02, 1.93876343e+02,
    2.89018127e+02, 1.97298126e+02, 2.97077332e+02, 2.00479950e+02,
    2.47597992e+02, 1.97119095e+02, 2.57779968e+02, 2.00859360e+02,
    2.67341034e+02, 2.04198517e+02, 2.76392059e+02, 2.07494064e+02,
    2.84942139e+02, 2.10529282e+02, 2.93094299e+02, 2.13443268e+02,
    2.43070724e+02, 2.11976074e+02, 2.53359528e+02, 2.15175766e+02,
    2.63025696e+02, 2.18148621e+02, 2.72215790e+02, 2.20952789e+02,
    2.80902924e+02, 2.23672333e+02, 2.89107605e+02, 2.26187744e+02,
    2.38485153e+02, 2.26750092e+02, 2.48942490e+02, 2.29457001e+02,
    2.58739075e+02, 2.32060349e+02, 2.68015869e+02, 2.34577957e+02,
    2.76794647e+02, 2.36785370e+02, 2.85172302e+02, 2.39034500e+02,
    2.33897034e+02, 2.41539200e+02, 2.44451477e+02, 2.43769821e+02,
    2.54312485e+02, 2.46073700e+02, 2.63792511e+02, 2.48035034e+02,
    2.72731537e+02, 2.50011017e+02, 2.81165161e+02, 2.51840836e+02,
    2.29276169e+02, 2.56365021e+02, 2.39976089e+02, 2.58231415e+02,
    2.50082367e+02, 2.59934235e+02, 2.59600281e+02, 2.61612366e+02,
    2.68675629e+02, 2.63211029e+02, 2.77149689e+02, 2.64788971e+02,
    2.24560059e+02, 2.71209381e+02, 2.35426529e+02, 2.72660400e+02,
    2.45692841e+02, 2.74058868e+02, 2.55377167e+02, 2.75268402e+02,
    2.64500000e+02, 2.76587463e+02, 2.73169739e+02, 2.77621063e+02,
    2.19935867e+02, 2.86136719e+02, 2.30958511e+02, 2.87112732e+02,
    2.41311600e+02, 2.88019226e+02, 2.51131973e+02, 2.88980927e+02,
    2.60421204e+02, 2.89690063e+02, 2.69219604e+02, 2.90507935e+02 ]
