%YAML:1.0
---
points: [ 5.52636986e+01, 1.97150482e+02, 6.27955818e+01, 1.83345825e+02,
    7.03142319e+01, 1.69532013e+02, 7.80064392e+01, 1.55844788e+02,
    8.55970383e+01, 1.42127380e+02, 9.32677231e+01, 1.28411255e+02,
    7.06732407e+01, 2.03710358e+02, 7.81031265e+01, 1.90439590e+02,
    8.56655655e+01, 1.76873901e+02, 9.30593872e+01, 1.63398514e+02,
    1.00543396e+02, 1.50090851e+02, 1.08057831e+02, 1.36522827e+02,
    8.57838440e+01, 2.10311874e+02, 9.30940170e+01, 1.97114624e+02,
    1.00345543e+02, 1.83948090e+02, 1.07788528e+02, 1.70874374e+02,
    1.15114624e+02, 1.57672745e+02, 1.22420868e+02, 1.44633682e+02,
    1.00256981e+02, 2.16448410e+02, 1.07473190e+02, 2.03604385e+02,
    1.14638336e+02, 1.90687363e+02, 1.21826012e+02, 1.77855331e+02,
    1.29029007e+02, 1.65038513e+02, 1.36191422e+02, 1.52209366e+02,
    1.14209785e+02, 2.22381348e+02, 1.21303589e+02, 2.09835754e+02,
    1.28318008e+02, 1.97193619e+02, 1.35353409e+02, 1.84662003e+02,
    1.42394943e+02, 1.72048691e+02, 1.49364655e+02, 1.59444733e+02,
    1.27564362e+02, 2.28103210e+02, 1.34579391e+02, 2.15724777e+02,
    1.41503128e+02, 2.03415375e+02, 1.48403625e+02, 1.91062134e+02,
    1.55207748e+02, 1.78840256e+02, 1.62095016e+02, 1.66464493e+02,
    1.40449341e+02, 2.33560043e+02, 1.47240387e+02, 2.21407867e+02,
    1.54054871e+02, 2.09287018e+02, 1.60726746e+02, 1.97310577e+02,
    1.67498291e+02, 1.85226685e+02, 1.74247513e+02, 1.73236511e+02,
    1.52873245e+02, 2.38857971e+02, 1.59569199e+02, 2.26960175e+02,
    1.66143982e+02, 2.15129807e+02, 1.72750015e+02, 2.03248184e+02,
    1.79330566e+02, 1.91428894e+02, 1.85915039e+02, 1.79679367e+02 ]
