%YAML:1.0
---
points: [ 2.99967407e+02, 9.41769333e+01, 3.32116211e+02, 1.11722412e+02,
    3.64520386e+02, 1.29579636e+02, 3.97117279e+02, 1.47366455e+02,
    4.29693390e+02, 1.65305954e+02, 4.62409546e+02, 1.83236725e+02,
    2.99352814e+02, 1.27318642e+02, 3.31139435e+02, 1.44743195e+02,
    3.62720093e+02, 1.62131561e+02, 3.94706635e+02, 1.79549713e+02,
    4.26713074e+02, 1.97201965e+02, 4.58967896e+02, 2.15003250e+02,
    2.99094116e+02, 1.59644104e+02, 3.29943665e+02, 1.76541382e+02,
    3.61222168e+02, 1.93629440e+02, 3.92469360e+02, 2.10808655e+02,
    4.23929535e+02, 2.28155365e+02, 4.55322815e+02, 2.45410965e+02,
    2.98596680e+02, 1.90364532e+02, 3.29168518e+02, 2.07233505e+02,
    3.59786530e+02, 2.23781433e+02, 3.90676544e+02, 2.40749451e+02,
    4.21393646e+02, 2.57547516e+02, 4.52284485e+02, 2.74520569e+02,
    2.98309967e+02, 2.20221786e+02, 3.28269440e+02, 2.36439224e+02,
    3.58450317e+02, 2.53073074e+02, 3.88457855e+02, 2.69409760e+02,
    4.18939301e+02, 2.85886627e+02, 4.49165344e+02, 3.02498108e+02,
    2.98075348e+02, 2.48469406e+02, 3.27348694e+02, 2.64546600e+02,
    3.57182953e+02, 2.80894196e+02, 3.86624390e+02, 2.96855835e+02,
    4.16514069e+02, 3.13262024e+02, 4.46226776e+02, 3.29450287e+02,
    2.97878601e+02, 2.76055542e+02, 3.26832489e+02, 2.91726624e+02,
    3.55946808e+02, 3.07748108e+02, 3.85131500e+02, 3.23467377e+02,
    4.14286804e+02, 3.39351471e+02, 4.43381378e+02, 3.55051056e+02,
    2.97631561e+02, 3.02546722e+02, 3.26219208e+02, 3.18166870e+02,
    3.54599182e+02, 3.33483551e+02, 3.83319427e+02, 3.48921967e+02,
    4.12087769e+02, 3.64482147e+02, 4.40488068e+02, 3.79918182e+02 ]
