%YAML:1.0
---
points: [ 3.10339813e+02, 2.00772476e+02, 3.15248199e+02, 2.11652298e+02,
    3.19869781e+02, 2.22123138e+02, 3.24465118e+02, 2.32228668e+02,
    3.28815796e+02, 2.41832474e+02, 3.33056549e+02, 2.51169144e+02,
    2.97503662e+02, 2.07965683e+02, 3.02563599e+02, 2.18781143e+02,
    3.07578278e+02, 2.29082169e+02, 3.12377655e+02, 2.39009964e+02,
    3.16936005e+02, 2.48496216e+02, 3.21409271e+02, 2.57689148e+02,
    2.84655945e+02, 2.15219070e+02, 2.90086060e+02, 2.25758514e+02,
    2.95283447e+02, 2.35935257e+02, 3.00266724e+02, 2.45758469e+02,
    3.05138794e+02, 2.55104141e+02, 3.09721069e+02, 2.64172363e+02,
    2.71892792e+02, 2.22434601e+02, 2.77593781e+02, 2.32820511e+02,
    2.83013611e+02, 2.42789810e+02, 2.88224518e+02, 2.52491455e+02,
    2.93310852e+02, 2.61741486e+02, 2.98203278e+02, 2.70684509e+02,
    2.59073395e+02, 2.29635712e+02, 2.65046509e+02, 2.39881729e+02,
    2.70680450e+02, 2.49726868e+02, 2.76205139e+02, 2.59250580e+02,
    2.81488983e+02, 2.68363037e+02, 2.86596558e+02, 2.77132202e+02,
    2.46407288e+02, 2.36802216e+02, 2.52576340e+02, 2.46894897e+02,
    2.58492188e+02, 2.56667145e+02, 2.64201294e+02, 2.65931793e+02,
    2.69764709e+02, 2.74927490e+02, 2.74997223e+02, 2.83644287e+02,
    2.33460251e+02, 2.43999863e+02, 2.39967453e+02, 2.53908447e+02,
    2.46147919e+02, 2.63587738e+02, 2.52105591e+02, 2.72807434e+02,
    2.57827606e+02, 2.81675110e+02, 2.63403839e+02, 2.90153320e+02,
    2.20734436e+02, 2.51148361e+02, 2.27498901e+02, 2.61006897e+02,
    2.33927139e+02, 2.70423798e+02, 2.40162933e+02, 2.79548096e+02,
    2.46079712e+02, 2.88276062e+02, 2.51776047e+02, 2.96662933e+02 ]
