%YAML:1.0
---
points: [ 9.51171188e+01, 1.11786621e+02, 1.08420341e+02, 1.02308205e+02,
    1.21717125e+02, 9.28128357e+01, 1.35073486e+02, 8.33299713e+01,
    1.48311813e+02, 7.39813080e+01, 1.61690231e+02, 6.44484711e+01,
    1.06387131e+02, 1.24595772e+02, 1.19353325e+02, 1.15332283e+02,
    1.32311249e+02, 1.06148285e+02, 1.45304871e+02, 9.70138855e+01,
    1.58307251e+02, 8.77829895e+01, 1.71267029e+02, 7.85390701e+01,
    1.17273079e+02, 1.37000992e+02, 1.29975983e+02, 1.28013657e+02,
    1.42582596e+02, 1.19016243e+02, 1.55243256e+02, 1.10114143e+02,
    1.67905655e+02, 1.01043953e+02, 1.80466690e+02, 9.21784439e+01,
    1.27657509e+02, 1.48612045e+02, 1.39986343e+02, 1.39908508e+02,
    1.52283661e+02, 1.31136444e+02, 1.64644943e+02, 1.22367599e+02,
    1.76938202e+02, 1.13744080e+02, 1.89251068e+02, 1.05024269e+02,
    1.37571396e+02, 1.59767807e+02, 1.49515167e+02, 1.51215164e+02,
    1.61638336e+02, 1.42674927e+02, 1.73587799e+02, 1.34222519e+02,
    1.85633591e+02, 1.25673180e+02, 1.97542786e+02, 1.17211716e+02,
    1.46911972e+02, 1.70278656e+02, 1.58722549e+02, 1.61987091e+02,
    1.70475861e+02, 1.53752563e+02, 1.82125656e+02, 1.45401154e+02,
    1.93808670e+02, 1.37154648e+02, 2.05455841e+02, 1.28824646e+02,
    1.55937576e+02, 1.80313919e+02, 1.67351013e+02, 1.72248260e+02,
    1.78816757e+02, 1.64154846e+02, 1.90178757e+02, 1.56097122e+02,
    2.01625778e+02, 1.47980118e+02, 2.12953430e+02, 1.39871063e+02,
    1.64470810e+02, 1.89952988e+02, 1.75674194e+02, 1.81958435e+02,
    1.86783844e+02, 1.74136063e+02, 1.97946518e+02, 1.66204819e+02,
    2.08996399e+02, 1.58315643e+02, 2.20149612e+02, 1.50410812e+02 ]
