%YAML:1.0
---
points: [ 3.30987976e+02, 1.10218727e+02, 3.63400635e+02, 1.28454987e+02,
    3.96108093e+02, 1.46846680e+02, 4.28511414e+02, 1.65146210e+02,
    4.61377533e+02, 1.83650772e+02, 4.93922424e+02, 2.02154526e+02,
    3.29305115e+02, 1.42781921e+02, 3.61312988e+02, 1.60881409e+02,
    3.93220551e+02, 1.78885773e+02, 4.25291290e+02, 1.96934937e+02,
    4.57354370e+02, 2.14881027e+02, 4.89454865e+02, 2.33216263e+02,
    3.27943298e+02, 1.74712585e+02, 3.59146942e+02, 1.92286072e+02,
    3.90644196e+02, 2.10075516e+02, 4.21791992e+02, 2.27537323e+02,
    4.53480225e+02, 2.45429825e+02, 4.84634918e+02, 2.62884064e+02,
    3.26532898e+02, 2.05056107e+02, 3.57363190e+02, 2.22347137e+02,
    3.87946991e+02, 2.39402176e+02, 4.18840088e+02, 2.56803772e+02,
    4.49538696e+02, 2.73958801e+02, 4.80537018e+02, 2.91416351e+02,
    3.25243439e+02, 2.34351746e+02, 3.55380127e+02, 2.50953400e+02,
    3.85623901e+02, 2.68143005e+02, 4.15711365e+02, 2.84959595e+02,
    4.46284943e+02, 3.01877106e+02, 4.76272583e+02, 3.18643677e+02,
    3.23735962e+02, 2.62151215e+02, 3.53527069e+02, 2.78753693e+02,
    3.83292725e+02, 2.95448303e+02, 4.12964478e+02, 3.11826782e+02,
    4.42754242e+02, 3.28575439e+02, 4.72389496e+02, 3.45086060e+02,
    3.22744141e+02, 2.89225525e+02, 3.51945190e+02, 3.05432007e+02,
    3.81130219e+02, 3.21708801e+02, 4.10389160e+02, 3.37700531e+02,
    4.39465851e+02, 3.54081146e+02, 4.68615753e+02, 3.70213959e+02,
    3.21716248e+02, 3.15328644e+02, 3.50458679e+02, 3.31295807e+02,
    3.78958832e+02, 3.47032379e+02, 4.07611694e+02, 3.62860199e+02,
    4.36348114e+02, 3.78714905e+02, 4.64970032e+02, 3.94648529e+02 ]
