%YAML:1.0
---
points: [ 1.04630042e+03, 4.97186890e+02, 1.06195752e+03, 5.29196594e+02,
    1.07701282e+03, 5.59906921e+02, 1.09154248e+03, 5.89511292e+02,
    1.10542517e+03, 6.17902893e+02, 1.11897168e+03, 6.45305481e+02,
    1.00858722e+03, 5.18479187e+02, 1.02496509e+03, 5.50114929e+02,
    1.04080542e+03, 5.80371521e+02, 1.05597998e+03, 6.09544434e+02,
    1.07055774e+03, 6.37504822e+02, 1.08471484e+03, 6.64506470e+02,
    9.70970520e+02, 5.39722290e+02, 9.88267334e+02, 5.70790466e+02,
    1.00468506e+03, 6.00650085e+02, 1.02061267e+03, 6.29491699e+02,
    1.03586548e+03, 6.57116394e+02, 1.05055969e+03, 6.83593567e+02,
    9.33331116e+02, 5.60838867e+02, 9.51285950e+02, 5.91479980e+02,
    9.68614014e+02, 6.21111145e+02, 9.85246887e+02, 6.49410400e+02,
    1.00111646e+03, 6.76497559e+02, 1.01651202e+03, 7.02790955e+02,
    8.95663635e+02, 5.82118774e+02, 9.14477905e+02, 6.12367249e+02,
    9.32389404e+02, 6.41369873e+02, 9.49702332e+02, 6.69251160e+02,
    9.66484314e+02, 6.96139404e+02, 9.82370483e+02, 7.21809265e+02,
    8.58165283e+02, 6.03396912e+02, 8.77630920e+02, 6.33116028e+02,
    8.96418335e+02, 6.61759521e+02, 9.14372375e+02, 6.89178772e+02,
    9.31637451e+02, 7.15673523e+02, 9.48360718e+02, 7.41148682e+02,
    8.20168762e+02, 6.24546997e+02, 8.40468201e+02, 6.53832764e+02,
    8.60049133e+02, 6.82238525e+02, 8.78723816e+02, 7.09341492e+02,
    8.96756592e+02, 7.35381592e+02, 9.14092041e+02, 7.60509644e+02,
    7.82385803e+02, 6.45789551e+02, 8.03559875e+02, 6.74655579e+02,
    8.23844910e+02, 7.02502014e+02, 8.43389282e+02, 7.29247803e+02,
    8.62018188e+02, 7.54948853e+02, 8.79972107e+02, 7.79600891e+02 ]
