%YAML:1.0
---
points: [ 7.92834412e+02, 5.00667419e+02, 8.28616333e+02, 5.05923676e+02,
    8.62427979e+02, 5.10724426e+02, 8.94297363e+02, 5.15348145e+02,
    9.24297302e+02, 5.19601074e+02, 9.52921326e+02, 5.23895142e+02,
    7.87006409e+02, 5.45710327e+02, 8.23065491e+02, 5.49668945e+02,
    8.56748108e+02, 5.53381042e+02, 8.88938904e+02, 5.56649353e+02,
    9.19073059e+02, 5.60022034e+02, 9.47927002e+02, 5.62993958e+02,
    7.81255127e+02, 5.90788696e+02, 8.17392883e+02, 5.93271423e+02,
    8.51349304e+02, 5.95710693e+02, 8.83525146e+02, 5.98069275e+02,
    9.13842834e+02, 6.00249512e+02, 9.42704529e+02, 6.02161011e+02,
    7.75282532e+02, 6.35815430e+02, 8.11509033e+02, 6.37145325e+02,
    8.45691040e+02, 6.38361450e+02, 8.78135376e+02, 6.39358337e+02,
    9.08493591e+02, 6.40394836e+02, 9.37723206e+02, 6.41421631e+02,
    7.69288391e+02, 6.81192200e+02, 8.05759338e+02, 6.80949524e+02,
    8.39841187e+02, 6.80896301e+02, 8.72534424e+02, 6.80735901e+02,
    9.03208435e+02, 6.80735657e+02, 9.32414246e+02, 6.80743408e+02,
    7.63326050e+02, 7.26419739e+02, 7.99942017e+02, 7.24786499e+02,
    8.34395813e+02, 7.23521118e+02, 8.66899231e+02, 7.22452698e+02,
    8.97883789e+02, 7.21150208e+02, 9.27231445e+02, 7.19883240e+02,
    7.56743835e+02, 7.71950256e+02, 7.93655396e+02, 7.69394287e+02,
    8.28536926e+02, 7.66590454e+02, 8.61419495e+02, 7.64399170e+02,
    8.92424683e+02, 7.61796387e+02, 9.22180786e+02, 7.59741699e+02,
    7.50451782e+02, 8.17727905e+02, 7.87617676e+02, 8.13465942e+02,
    8.22862976e+02, 8.09495667e+02, 8.55760376e+02, 8.05929443e+02,
    8.87077820e+02, 8.02489929e+02, 9.16718201e+02, 7.99178406e+02 ]
