%YAML:1.0
---
points: [ 2.10559845e+02, 3.79306610e+02, 2.47914459e+02, 3.89338470e+02,
    2.84724091e+02, 3.99594971e+02, 3.20815399e+02, 4.09100708e+02,
    3.56127350e+02, 4.18988373e+02, 3.90646942e+02, 4.28419678e+02,
    2.01627838e+02, 4.10710632e+02, 2.39132996e+02, 4.20651733e+02,
    2.76102264e+02, 4.30126465e+02, 3.12173706e+02, 4.39864105e+02,
    3.47416534e+02, 4.49212830e+02, 3.82083435e+02, 4.58201050e+02,
    1.92775055e+02, 4.42581879e+02, 2.30479614e+02, 4.51866608e+02,
    2.67134521e+02, 4.61300873e+02, 3.03283691e+02, 4.70469788e+02,
    3.38735046e+02, 4.79333618e+02, 3.73537323e+02, 4.87760559e+02,
    1.84134995e+02, 4.74059967e+02, 2.21711761e+02, 4.83267181e+02,
    2.58494293e+02, 4.91986053e+02, 2.94674316e+02, 5.00776337e+02,
    3.30272644e+02, 5.09097504e+02, 3.64893890e+02, 5.17658997e+02,
    1.75510025e+02, 5.05545135e+02, 2.13050690e+02, 5.13927795e+02,
    2.49765152e+02, 5.22746521e+02, 2.86001129e+02, 5.30871155e+02,
    3.21568726e+02, 5.39338989e+02, 3.56346191e+02, 5.47126038e+02,
    1.66993073e+02, 5.36683167e+02, 2.04353882e+02, 5.45076843e+02,
    2.41164505e+02, 5.53424927e+02, 2.77289032e+02, 5.61263367e+02,
    3.12835480e+02, 5.69246704e+02, 3.47717377e+02, 5.76632935e+02,
    1.58446716e+02, 5.68089417e+02, 1.95856018e+02, 5.75776367e+02,
    2.32701279e+02, 5.83777100e+02, 2.68775055e+02, 5.91358887e+02,
    3.04260773e+02, 5.98755432e+02, 3.39038971e+02, 6.06044128e+02,
    1.50106171e+02, 5.98899536e+02, 1.87272156e+02, 6.06669373e+02,
    2.24333344e+02, 6.14001953e+02, 2.60255737e+02, 6.21372803e+02,
    2.95665039e+02, 6.28476440e+02, 3.30583710e+02, 6.35344116e+02 ]
