%YAML:1.0
---
points: [ 1.44386520e+02, 7.31138458e+01, 1.60654648e+02, 6.87028961e+01,
    1.76815170e+02, 6.45021591e+01, 1.93071503e+02, 6.01951332e+01,
    2.09183289e+02, 5.59158516e+01, 2.25340027e+02, 5.17056961e+01,
    1.50608963e+02, 8.86771545e+01, 1.66362091e+02, 8.45919113e+01,
    1.82110611e+02, 8.04388733e+01, 1.97816971e+02, 7.63568039e+01,
    2.13547760e+02, 7.21589127e+01, 2.29217361e+02, 6.80073547e+01,
    1.56635040e+02, 1.03660271e+02, 1.71908386e+02, 9.97494812e+01,
    1.87180862e+02, 9.57055664e+01, 2.02369888e+02, 9.17597504e+01,
    2.17679214e+02, 8.77611237e+01, 2.32833755e+02, 8.37314453e+01,
    1.62200562e+02, 1.17820503e+02, 1.77154602e+02, 1.13947235e+02,
    1.91902374e+02, 1.10055092e+02, 2.06774979e+02, 1.06141159e+02,
    2.21445877e+02, 1.02237511e+02, 2.36297577e+02, 9.83806305e+01,
    1.67636108e+02, 1.31175125e+02, 1.82012436e+02, 1.27339760e+02,
    1.96405685e+02, 1.23665688e+02, 2.10906982e+02, 1.19942474e+02,
    2.25254639e+02, 1.16045822e+02, 2.39448959e+02, 1.12245354e+02,
    1.72555130e+02, 1.43738358e+02, 1.86727692e+02, 1.40143494e+02,
    2.00733337e+02, 1.36486328e+02, 2.14709076e+02, 1.32745224e+02,
    2.28651245e+02, 1.29066391e+02, 2.42619049e+02, 1.25386368e+02,
    1.77468430e+02, 1.55751663e+02, 1.91113297e+02, 1.52144531e+02,
    2.04753616e+02, 1.48570602e+02, 2.18314789e+02, 1.44994629e+02,
    2.31980835e+02, 1.41340942e+02, 2.45443161e+02, 1.37732101e+02,
    1.82023621e+02, 1.67110733e+02, 1.95312866e+02, 1.63568268e+02,
    2.08580475e+02, 1.60076736e+02, 2.21838577e+02, 1.56586990e+02,
    2.35022812e+02, 1.53083221e+02, 2.48291718e+02, 1.49555267e+02 ]
