%YAML:1.0
---
points: [ 2.25326645e+02, 2.02024200e+02, 2.36741364e+02, 2.03788040e+02,
    2.47544052e+02, 2.05404663e+02, 2.57814575e+02, 2.06961807e+02,
    2.67487701e+02, 2.08539719e+02, 2.76679260e+02, 2.09789917e+02,
    2.23385254e+02, 2.17301483e+02, 2.34877686e+02, 2.18580292e+02,
    2.45696060e+02, 2.19906693e+02, 2.55926315e+02, 2.21037323e+02,
    2.65709290e+02, 2.22164307e+02, 2.74900513e+02, 2.23238495e+02,
    2.21372284e+02, 2.32529297e+02, 2.32921387e+02, 2.33402039e+02,
    2.43860107e+02, 2.34236877e+02, 2.54201721e+02, 2.35118118e+02,
    2.63953094e+02, 2.35746796e+02, 2.73247559e+02, 2.36397964e+02,
    2.19342590e+02, 2.47886719e+02, 2.31009583e+02, 2.48287018e+02,
    2.41993134e+02, 2.48590759e+02, 2.52373993e+02, 2.49134186e+02,
    2.62194885e+02, 2.49336655e+02, 2.71459198e+02, 2.49788269e+02,
    2.17325470e+02, 2.63172424e+02, 2.29041656e+02, 2.63106140e+02,
    2.39993256e+02, 2.63225800e+02, 2.50520172e+02, 2.63135376e+02,
    2.60359039e+02, 2.63160767e+02, 2.69756897e+02, 2.63099640e+02,
    2.15410675e+02, 2.78481598e+02, 2.27036346e+02, 2.78157410e+02,
    2.38223877e+02, 2.77494720e+02, 2.48656616e+02, 2.77187317e+02,
    2.58611542e+02, 2.76835571e+02, 2.68056885e+02, 2.76418213e+02,
    2.13172974e+02, 2.94019287e+02, 2.25052719e+02, 2.93078064e+02,
    2.36205399e+02, 2.92301910e+02, 2.46838379e+02, 2.91338593e+02,
    2.56757111e+02, 2.90694672e+02, 2.66216675e+02, 2.89978790e+02,
    2.11137573e+02, 3.09391357e+02, 2.23080246e+02, 3.07990112e+02,
    2.34282837e+02, 3.06701965e+02, 2.44932068e+02, 3.05584137e+02,
    2.55082748e+02, 3.04336578e+02, 2.64399384e+02, 3.03436127e+02 ]
