%YAML:1.0
---
points: [ 2.09353607e+02, 2.10525726e+02, 2.21627441e+02, 2.10681213e+02,
    2.33202332e+02, 2.10973389e+02, 2.44211945e+02, 2.11152023e+02,
    2.54509674e+02, 2.11456528e+02, 2.64511993e+02, 2.11557831e+02,
    2.09297302e+02, 2.25848495e+02, 2.21453812e+02, 2.25686752e+02,
    2.33112671e+02, 2.25525543e+02, 2.44011566e+02, 2.25395004e+02,
    2.54448563e+02, 2.25199097e+02, 2.64357910e+02, 2.25056458e+02,
    2.09102264e+02, 2.41220200e+02, 2.21320267e+02, 2.40479126e+02,
    2.32907974e+02, 2.39868103e+02, 2.43841064e+02, 2.39323517e+02,
    2.54278625e+02, 2.38972672e+02, 2.64204895e+02, 2.38309753e+02,
    2.08942169e+02, 2.56418121e+02, 2.21176331e+02, 2.55299240e+02,
    2.32701111e+02, 2.54366608e+02, 2.43724945e+02, 2.53427551e+02,
    2.54103806e+02, 2.52545120e+02, 2.64039917e+02, 2.51733200e+02,
    2.08629227e+02, 2.71773102e+02, 2.20926559e+02, 2.70301300e+02,
    2.32552444e+02, 2.68900818e+02, 2.43558868e+02, 2.67531738e+02,
    2.53903214e+02, 2.66418488e+02, 2.63905670e+02, 2.65169525e+02,
    2.08470108e+02, 2.87115143e+02, 2.20732147e+02, 2.85231445e+02,
    2.32365479e+02, 2.83436401e+02, 2.43385086e+02, 2.81748932e+02,
    2.53803436e+02, 2.80160706e+02, 2.63704529e+02, 2.78727844e+02,
    2.08087494e+02, 3.02740021e+02, 2.20544373e+02, 3.00327148e+02,
    2.32093170e+02, 2.98211914e+02, 2.43146881e+02, 2.96043274e+02,
    2.53628021e+02, 2.94130737e+02, 2.63550873e+02, 2.92160339e+02,
    2.07868027e+02, 3.18165680e+02, 2.20255264e+02, 3.15409576e+02,
    2.31827850e+02, 3.12759216e+02, 2.42884140e+02, 3.10319427e+02,
    2.53462753e+02, 3.07924957e+02, 2.63308258e+02, 3.05790710e+02 ]
