%YAML:1.0
---
points: [ 7.24259094e+02, 2.42699909e+01, 7.68338623e+02, 2.40294380e+01,
    8.12230042e+02, 2.37317448e+01, 8.55909363e+02, 2.34921360e+01,
    9.00040527e+02, 2.32956657e+01, 9.43644531e+02, 2.28775883e+01,
    7.28204590e+02, 7.22164612e+01, 7.71435059e+02, 7.20089111e+01,
    8.14630798e+02, 7.17790756e+01, 8.57957275e+02, 7.15661240e+01,
    9.01075317e+02, 7.12745895e+01, 9.44017822e+02, 7.08600159e+01,
    7.32290344e+02, 1.19269966e+02, 7.74677795e+02, 1.19145004e+02,
    8.17370972e+02, 1.18855835e+02, 8.59620605e+02, 1.18574516e+02,
    9.02069885e+02, 1.18316216e+02, 9.44416138e+02, 1.17822296e+02,
    7.35875488e+02, 1.64579117e+02, 7.77735291e+02, 1.64461639e+02,
    8.19645996e+02, 1.64241104e+02, 8.61484680e+02, 1.63866318e+02,
    9.03259277e+02, 1.63480423e+02, 9.44878662e+02, 1.63058334e+02,
    7.39541626e+02, 2.08483337e+02, 7.80872986e+02, 2.08268433e+02,
    8.22168579e+02, 2.08129379e+02, 8.63331726e+02, 2.07778763e+02,
    9.04284546e+02, 2.07466415e+02, 9.45299622e+02, 2.07038101e+02,
    7.43280090e+02, 2.50938202e+02, 7.83812866e+02, 2.50707184e+02,
    8.24430969e+02, 2.50497650e+02, 8.64941223e+02, 2.50321320e+02,
    9.05395264e+02, 2.49867538e+02, 9.45633728e+02, 2.49513550e+02,
    7.46654724e+02, 2.92301392e+02, 7.86587158e+02, 2.91956787e+02,
    8.26641785e+02, 2.91669891e+02, 8.66463562e+02, 2.91394592e+02,
    9.06372131e+02, 2.90974640e+02, 9.45964844e+02, 2.90565704e+02,
    7.49897278e+02, 3.32357513e+02, 7.89487549e+02, 3.32087616e+02,
    8.28669006e+02, 3.31713806e+02, 8.68203308e+02, 3.31308563e+02,
    9.07292603e+02, 3.30840210e+02, 9.46462097e+02, 3.30434204e+02 ]
