%YAML:1.0
---
points: [ 1.60445206e+02, 4.35646210e+01, 1.77596878e+02, 4.35861740e+01,
    1.94662918e+02, 4.37380600e+01, 2.11799591e+02, 4.37969742e+01,
    2.28717316e+02, 4.39675026e+01, 2.45913773e+02, 4.41480064e+01,
    1.63262573e+02, 6.00355949e+01, 1.79785248e+02, 6.05455627e+01,
    1.96384964e+02, 6.05105324e+01, 2.12798172e+02, 6.05695801e+01,
    2.29574707e+02, 6.07268753e+01, 2.45863434e+02, 6.09769821e+01,
    1.65907715e+02, 7.62093353e+01, 1.81974045e+02, 7.62738953e+01,
    1.98012314e+02, 7.63338318e+01, 2.14007782e+02, 7.66072617e+01,
    2.30015808e+02, 7.67805481e+01, 2.45999756e+02, 7.70462036e+01,
    1.68335815e+02, 9.08950500e+01, 1.84048187e+02, 9.12866592e+01,
    1.99597198e+02, 9.14755096e+01, 2.15123688e+02, 9.16299362e+01,
    2.30668350e+02, 9.18606720e+01, 2.46081131e+02, 9.21000214e+01,
    1.70837769e+02, 1.05174774e+02, 1.85929993e+02, 1.05299911e+02,
    2.01068298e+02, 1.05443161e+02, 2.16148773e+02, 1.05763573e+02,
    2.31244446e+02, 1.05911110e+02, 2.46169174e+02, 1.06086578e+02,
    1.73082855e+02, 1.18428627e+02, 1.87845581e+02, 1.18620071e+02,
    2.02393539e+02, 1.18811203e+02, 2.17128189e+02, 1.18965294e+02,
    2.31678192e+02, 1.19200729e+02, 2.46220901e+02, 1.19330688e+02,
    1.75287704e+02, 1.30896439e+02, 1.89478683e+02, 1.31138565e+02,
    2.03827271e+02, 1.31336182e+02, 2.17948105e+02, 1.31472183e+02,
    2.32205460e+02, 1.31607956e+02, 2.46337708e+02, 1.31793213e+02,
    1.77241867e+02, 1.42880493e+02, 1.91212402e+02, 1.43048737e+02,
    2.05101273e+02, 1.43299454e+02, 2.18850082e+02, 1.43395172e+02,
    2.32670242e+02, 1.43567215e+02, 2.46414307e+02, 1.43670013e+02 ]
