%YAML:1.0
---
points: [ 7.46378235e+02, 5.25754211e+02, 7.84417542e+02, 5.26501709e+02,
    8.20371765e+02, 5.27173218e+02, 8.54343201e+02, 5.27733582e+02,
    8.86476196e+02, 5.28400391e+02, 9.17206238e+02, 5.28819031e+02,
    7.45814453e+02, 5.71021301e+02, 7.83886292e+02, 5.70443665e+02,
    8.19831482e+02, 5.69940491e+02, 8.53797546e+02, 5.69465149e+02,
    8.86117432e+02, 5.68945068e+02, 9.16681152e+02, 5.68447998e+02,
    7.45229553e+02, 6.16134338e+02, 7.83316467e+02, 6.14125122e+02,
    8.19327087e+02, 6.12506104e+02, 8.53467468e+02, 6.10837402e+02,
    8.85625610e+02, 6.09231567e+02, 9.16289124e+02, 6.07830322e+02,
    7.44548218e+02, 6.61343506e+02, 7.82552490e+02, 6.58239258e+02,
    8.18760071e+02, 6.55212708e+02, 8.52852661e+02, 6.52385925e+02,
    8.85078186e+02, 6.49745850e+02, 9.15815369e+02, 6.47330444e+02,
    7.43749390e+02, 7.06694153e+02, 7.81976562e+02, 7.02235229e+02,
    8.18066772e+02, 6.97943604e+02, 8.52212402e+02, 6.94006409e+02,
    8.84580444e+02, 6.90534668e+02, 9.15264160e+02, 6.86836853e+02,
    7.43285339e+02, 7.52124023e+02, 7.81396423e+02, 7.46260315e+02,
    8.17517090e+02, 7.40887390e+02, 8.51535156e+02, 7.35737610e+02,
    8.84082520e+02, 7.30981079e+02, 9.14566528e+02, 7.26598206e+02,
    7.42261230e+02, 7.97834839e+02, 7.80536377e+02, 7.90904236e+02,
    8.16692566e+02, 7.84291809e+02, 8.50984253e+02, 7.77946899e+02,
    8.83352661e+02, 7.72010193e+02, 9.14130554e+02, 7.66477173e+02,
    7.41258545e+02, 8.43683655e+02, 7.79681641e+02, 8.35175171e+02,
    8.15977905e+02, 8.27434814e+02, 8.50264465e+02, 8.19822388e+02,
    8.82706665e+02, 8.12929199e+02, 9.13381958e+02, 8.06504150e+02 ]
