%YAML:1.0
---
points: [ 2.15057907e+02, 2.03589218e+02, 2.24222382e+02, 2.03842102e+02,
    2.33777725e+02, 2.04018921e+02, 2.43886963e+02, 2.04243851e+02,
    2.54475113e+02, 2.04405045e+02, 2.65807190e+02, 2.04536346e+02,
    2.14661224e+02, 2.17128708e+02, 2.23690628e+02, 2.17612778e+02,
    2.33386841e+02, 2.18176071e+02, 2.43407394e+02, 2.18579651e+02,
    2.54110565e+02, 2.19275864e+02, 2.65247681e+02, 2.19840347e+02,
    2.14251602e+02, 2.30325775e+02, 2.23320511e+02, 2.31363586e+02,
    2.32917130e+02, 2.32102600e+02, 2.42958069e+02, 2.33117737e+02,
    2.53579056e+02, 2.34019623e+02, 2.64767059e+02, 2.35148819e+02,
    2.13796387e+02, 2.43801285e+02, 2.22899033e+02, 2.44887100e+02,
    2.32425522e+02, 2.46112747e+02, 2.42513397e+02, 2.47376587e+02,
    2.53157364e+02, 2.48856125e+02, 2.64299988e+02, 2.50224960e+02,
    2.13405396e+02, 2.57092010e+02, 2.22474518e+02, 2.58642792e+02,
    2.32088623e+02, 2.60204102e+02, 2.42136932e+02, 2.61893707e+02,
    2.52689316e+02, 2.63543182e+02, 2.63904938e+02, 2.65559784e+02,
    2.12930801e+02, 2.70505524e+02, 2.22022369e+02, 2.72340668e+02,
    2.31655350e+02, 2.74294312e+02, 2.41647095e+02, 2.76298767e+02,
    2.52230209e+02, 2.78518738e+02, 2.63466705e+02, 2.80744354e+02,
    2.12644562e+02, 2.83846863e+02, 2.21651093e+02, 2.86085175e+02,
    2.31156204e+02, 2.88380768e+02, 2.41225662e+02, 2.90813690e+02,
    2.51788818e+02, 2.93359894e+02, 2.62982056e+02, 2.96135925e+02,
    2.12183456e+02, 2.97343994e+02, 2.21254944e+02, 2.99722626e+02,
    2.30717880e+02, 3.02414398e+02, 2.40757645e+02, 3.05180695e+02,
    2.51353821e+02, 3.08259277e+02, 2.62609283e+02, 3.11329163e+02 ]
