%YAML:1.0
---
points: [ 7.71229492e+02, 5.05708191e+02, 7.96855957e+02, 5.06094788e+02,
    8.23573975e+02, 5.06741821e+02, 8.51839722e+02, 5.07183044e+02,
    8.81513367e+02, 5.07676147e+02, 9.12895386e+02, 5.08236755e+02,
    7.70060364e+02, 5.45247253e+02, 7.95565002e+02, 5.46523926e+02,
    8.22482361e+02, 5.48228516e+02, 8.50436584e+02, 5.49762451e+02,
    8.80204712e+02, 5.51413879e+02, 9.11564575e+02, 5.53310120e+02,
    7.68742493e+02, 5.84460083e+02, 7.94350037e+02, 5.86907043e+02,
    8.21049011e+02, 5.89493530e+02, 8.49159485e+02, 5.92256897e+02,
    8.78862061e+02, 5.95170898e+02, 9.10209045e+02, 5.98221008e+02,
    7.67690857e+02, 6.23853699e+02, 7.93114441e+02, 6.27391907e+02,
    8.19758240e+02, 6.30672913e+02, 8.47798218e+02, 6.34572815e+02,
    8.77539917e+02, 6.38756165e+02, 9.08567688e+02, 6.42988525e+02,
    7.66359314e+02, 6.63346130e+02, 7.91735779e+02, 6.67502563e+02,
    8.18546143e+02, 6.72251343e+02, 8.46632446e+02, 6.77082397e+02,
    8.76227173e+02, 6.82332153e+02, 9.07349304e+02, 6.87714294e+02,
    7.64944092e+02, 7.02580078e+02, 7.90487793e+02, 7.08066650e+02,
    8.17261536e+02, 7.13613708e+02, 8.45209839e+02, 7.19592834e+02,
    8.74926392e+02, 7.25946899e+02, 9.06094604e+02, 7.32702332e+02,
    7.63795349e+02, 7.42302063e+02, 7.89269165e+02, 7.48692444e+02,
    8.15852417e+02, 7.55475037e+02, 8.43973267e+02, 7.62495239e+02,
    8.73554077e+02, 7.70099731e+02, 9.04684875e+02, 7.77836182e+02,
    7.62639282e+02, 7.81703430e+02, 7.87777039e+02, 7.89138916e+02,
    8.14610413e+02, 7.96819641e+02, 8.42589539e+02, 8.05162231e+02,
    8.72098755e+02, 8.13589417e+02, 9.03123779e+02, 8.22883362e+02 ]
