%YAML:1.0
---
points: [ 2.21873230e+02, 7.81468750e+02, 2.35490982e+02, 7.53732605e+02,
    2.48707886e+02, 7.26652771e+02, 2.61685577e+02, 7.00392517e+02,
    2.74377014e+02, 6.74660889e+02, 2.86773438e+02, 6.49626099e+02,
    2.53243179e+02, 7.88798584e+02, 2.66508087e+02, 7.60899719e+02,
    2.79170990e+02, 7.34118225e+02, 2.91709198e+02, 7.07674194e+02,
    3.04129181e+02, 6.82198364e+02, 3.16168915e+02, 6.56960144e+02,
    2.84394501e+02, 7.95838135e+02, 2.97187927e+02, 7.68249329e+02,
    3.09632843e+02, 7.41110229e+02, 3.21673950e+02, 7.15117371e+02,
    3.33565338e+02, 6.89434631e+02, 3.45224091e+02, 6.64552002e+02,
    3.15244110e+02, 8.02772949e+02, 3.27344055e+02, 7.75333557e+02,
    3.39388275e+02, 7.48329041e+02, 3.51184784e+02, 7.22265686e+02,
    3.62630127e+02, 6.96600891e+02, 3.73779694e+02, 6.71583618e+02,
    3.45788788e+02, 8.09446533e+02, 3.57418823e+02, 7.82192261e+02,
    3.69091492e+02, 7.55179321e+02, 3.80372406e+02, 7.29288391e+02,
    3.91529205e+02, 7.03507507e+02, 4.02103912e+02, 6.79039734e+02,
    3.75603882e+02, 8.16292053e+02, 3.87278534e+02, 7.88692200e+02,
    3.98330292e+02, 7.62132935e+02, 4.09339661e+02, 7.35965637e+02,
    4.19890778e+02, 7.10739197e+02, 4.30198212e+02, 6.86144531e+02,
    4.05349304e+02, 8.22860596e+02, 4.16447998e+02, 7.95513123e+02,
    4.26989594e+02, 7.68827332e+02, 4.37585693e+02, 7.42904236e+02,
    4.47644867e+02, 7.17651184e+02, 4.57696442e+02, 6.93129761e+02,
    4.34783722e+02, 8.29389832e+02, 4.45485504e+02, 8.02146301e+02,
    4.55624390e+02, 7.75499023e+02, 4.65725098e+02, 7.49605957e+02,
    4.75542786e+02, 7.24414551e+02, 4.85065460e+02, 6.99772034e+02 ]
