%YAML:1.0
---
points: [ 2.65053009e+02, 9.45543194e+00, 2.81104309e+02, 1.62318974e+01,
    2.96853668e+02, 2.27199707e+01, 3.12899567e+02, 2.95191402e+01,
    3.28563934e+02, 3.61242142e+01, 3.44600555e+02, 4.29844246e+01,
    2.60465424e+02, 2.61385422e+01, 2.75649567e+02, 3.25001030e+01,
    2.91208740e+02, 3.90410576e+01, 3.06381653e+02, 4.55242615e+01,
    3.21971039e+02, 5.19480133e+01, 3.37129761e+02, 5.86222458e+01,
    2.55943649e+02, 4.19744034e+01, 2.70892212e+02, 4.83217430e+01,
    2.85715515e+02, 5.45956116e+01, 3.00625214e+02, 6.09723969e+01,
    3.15369293e+02, 6.72346115e+01, 3.30321014e+02, 7.35684204e+01,
    2.51801346e+02, 5.68866081e+01, 2.66236725e+02, 6.30722656e+01,
    2.80623810e+02, 6.92076797e+01, 2.94992065e+02, 7.53427505e+01,
    3.09416931e+02, 8.13718491e+01, 3.23752136e+02, 8.74733353e+01,
    2.47985840e+02, 7.10449753e+01, 2.61874023e+02, 7.69721375e+01,
    2.75842773e+02, 8.28957214e+01, 2.89720184e+02, 8.87914200e+01,
    3.03727783e+02, 9.47451477e+01, 3.17602753e+02, 1.00664742e+02,
    2.44236038e+02, 8.43220978e+01, 2.57824554e+02, 9.00814438e+01,
    2.71298370e+02, 9.58687820e+01, 2.84880157e+02, 1.01670219e+02,
    2.98312897e+02, 1.07360443e+02, 3.11776489e+02, 1.13065331e+02,
    2.40868546e+02, 9.68284149e+01, 2.53999481e+02, 1.02419899e+02,
    2.67112305e+02, 1.08064865e+02, 2.80187439e+02, 1.13591736e+02,
    2.93337341e+02, 1.19127159e+02, 3.06321228e+02, 1.24651970e+02,
    2.37558533e+02, 1.08707649e+02, 2.50403183e+02, 1.14075745e+02,
    2.63084839e+02, 1.19493347e+02, 2.75861206e+02, 1.24917511e+02,
    2.88468109e+02, 1.30274582e+02, 3.01290833e+02, 1.35655350e+02 ]
