%YAML:1.0
---
points: [ 1.89696350e+02, 2.02126099e+02, 1.97745193e+02, 2.00017578e+02,
    2.06136871e+02, 1.97744263e+02, 2.15108139e+02, 1.95340149e+02,
    2.24494308e+02, 1.92837662e+02, 2.34413742e+02, 1.90150162e+02,
    1.92398666e+02, 2.15380249e+02, 2.00551132e+02, 2.13537125e+02,
    2.09025604e+02, 2.11693329e+02, 2.17965164e+02, 2.09574432e+02,
    2.27459427e+02, 2.07480301e+02, 2.37493393e+02, 2.05189453e+02,
    1.95069199e+02, 2.28427505e+02, 2.03280823e+02, 2.27046829e+02,
    2.11883820e+02, 2.25438980e+02, 2.20857056e+02, 2.23818741e+02,
    2.30395432e+02, 2.22050232e+02, 2.40623276e+02, 2.20283005e+02,
    1.97813080e+02, 2.41632660e+02, 2.06012573e+02, 2.40444107e+02,
    2.14691986e+02, 2.39259781e+02, 2.23791595e+02, 2.37964874e+02,
    2.33484848e+02, 2.36714447e+02, 2.43619949e+02, 2.35261032e+02,
    2.00561569e+02, 2.54659454e+02, 2.08744766e+02, 2.53884094e+02,
    2.17570465e+02, 2.53026154e+02, 2.26771347e+02, 2.52236298e+02,
    2.36416473e+02, 2.51202103e+02, 2.46700821e+02, 2.50314178e+02,
    2.03183121e+02, 2.67858612e+02, 2.11544647e+02, 2.67241669e+02,
    2.20381989e+02, 2.66913513e+02, 2.29645554e+02, 2.66342834e+02,
    2.39407791e+02, 2.65879639e+02, 2.49805710e+02, 2.65227356e+02,
    2.05909637e+02, 2.80954834e+02, 2.14320862e+02, 2.80873932e+02,
    2.23203735e+02, 2.80775970e+02, 2.32565704e+02, 2.80598145e+02,
    2.42477798e+02, 2.80454956e+02, 2.52914978e+02, 2.80436279e+02,
    2.08565536e+02, 2.94076263e+02, 2.17088913e+02, 2.94207611e+02,
    2.25988266e+02, 2.94488434e+02, 2.35460556e+02, 2.94787811e+02,
    2.45390091e+02, 2.95179230e+02, 2.55950790e+02, 2.95310242e+02 ]
