%YAML:1.0
---
points: [ 6.96178955e+02, 5.01354034e+02, 7.18343323e+02, 4.94780151e+02,
    7.41709778e+02, 4.87929901e+02, 7.66273743e+02, 4.81014771e+02,
    7.92435730e+02, 4.73559357e+02, 8.19835266e+02, 4.65591339e+02,
    7.04179077e+02, 5.40070007e+02, 7.26602722e+02, 5.34613770e+02,
    7.50202332e+02, 5.29098694e+02, 7.75209106e+02, 5.23325134e+02,
    8.01471130e+02, 5.16691101e+02, 8.29183411e+02, 5.10336304e+02,
    7.12062439e+02, 5.78745972e+02, 7.34658081e+02, 5.74435120e+02,
    7.58646667e+02, 5.69933472e+02, 7.83710999e+02, 5.65071960e+02,
    8.10327881e+02, 5.59974854e+02, 8.38321411e+02, 5.54458801e+02,
    7.20341492e+02, 6.17515015e+02, 7.43126709e+02, 6.13966187e+02,
    7.66949036e+02, 6.10544067e+02, 7.92356812e+02, 6.07023987e+02,
    8.18962952e+02, 6.02851318e+02, 8.47213806e+02, 5.98658630e+02,
    7.28215027e+02, 6.56106262e+02, 7.51152588e+02, 6.53740662e+02,
    7.75553589e+02, 6.51251221e+02, 8.01176636e+02, 6.48625488e+02,
    8.27871094e+02, 6.45812561e+02, 8.56377686e+02, 6.43197327e+02,
    7.35996033e+02, 6.94725220e+02, 7.59274231e+02, 6.93443054e+02,
    7.83832275e+02, 6.91949036e+02, 8.09523621e+02, 6.90543213e+02,
    8.36742737e+02, 6.88795654e+02, 8.65434937e+02, 6.87311401e+02,
    7.44111511e+02, 7.33706116e+02, 7.67480530e+02, 7.33302551e+02,
    7.92180237e+02, 7.32918884e+02, 8.18125916e+02, 7.32652405e+02,
    8.45541321e+02, 7.32221985e+02, 8.74646118e+02, 7.31723816e+02,
    7.52078735e+02, 7.72298462e+02, 7.75516296e+02, 7.72882263e+02,
    8.00634399e+02, 7.73492493e+02, 8.26609497e+02, 7.74444824e+02,
    8.54227295e+02, 7.75161499e+02, 8.83491577e+02, 7.75960938e+02 ]
