%YAML:1.0
---
points: [ 3.24718781e+02, 4.12014389e+01, 3.37381073e+02, 5.21520424e+01,
    3.50080292e+02, 6.31524963e+01, 3.62708069e+02, 7.41653137e+01,
    3.75317688e+02, 8.50885620e+01, 3.87965820e+02, 9.60652924e+01,
    3.14864777e+02, 5.52371788e+01, 3.27124146e+02, 6.58588715e+01,
    3.39418884e+02, 7.65870743e+01, 3.51634033e+02, 8.71899109e+01,
    3.63921143e+02, 9.78444519e+01, 3.76170715e+02, 1.08477074e+02,
    3.05427032e+02, 6.85670547e+01, 3.17321106e+02, 7.90031433e+01,
    3.29273926e+02, 8.93640747e+01, 3.41130524e+02, 9.96407928e+01,
    3.53099884e+02, 1.09992523e+02, 3.64904633e+02, 1.20338921e+02,
    2.96508179e+02, 8.12735062e+01, 3.08080627e+02, 9.13324585e+01,
    3.19705139e+02, 1.01389992e+02, 3.31240326e+02, 1.11445610e+02,
    3.42804382e+02, 1.21499451e+02, 3.54359863e+02, 1.31504272e+02,
    2.88150238e+02, 9.32702179e+01, 2.99398712e+02, 1.03009758e+02,
    3.10697876e+02, 1.12808586e+02, 3.21812714e+02, 1.22637482e+02,
    3.33092072e+02, 1.32329666e+02, 3.44308563e+02, 1.41996216e+02,
    2.80255524e+02, 1.04551308e+02, 2.91196930e+02, 1.14118263e+02,
    3.02086395e+02, 1.23653687e+02, 3.13010651e+02, 1.33100525e+02,
    3.23916138e+02, 1.42536301e+02, 3.34858398e+02, 1.52003006e+02,
    2.72790039e+02, 1.15314308e+02, 2.83355316e+02, 1.24563141e+02,
    2.93993805e+02, 1.33853149e+02, 3.04611115e+02, 1.42985489e+02,
    3.15294250e+02, 1.52227798e+02, 3.25863892e+02, 1.61410095e+02,
    2.65582672e+02, 1.25461815e+02, 2.76044586e+02, 1.34585831e+02,
    2.86317963e+02, 1.43498398e+02, 2.96715088e+02, 1.52479889e+02,
    3.07017517e+02, 1.61393921e+02, 3.17412140e+02, 1.70350159e+02 ]
