%YAML:1.0
---
points: [ 4.79468658e+02, 5.81893860e+02, 5.01682068e+02, 6.01223511e+02,
    5.23246948e+02, 6.20088379e+02, 5.44381592e+02, 6.38386963e+02,
    5.64679871e+02, 6.56290955e+02, 5.84922363e+02, 6.73677307e+02,
    4.56608887e+02, 6.00736450e+02, 4.78812378e+02, 6.20054016e+02,
    5.00771759e+02, 6.38530762e+02, 5.22004089e+02, 6.56692871e+02,
    5.42906860e+02, 6.74463623e+02, 5.63236511e+02, 6.91768066e+02,
    4.33541412e+02, 6.19760986e+02, 4.56329834e+02, 6.38517151e+02,
    4.78417786e+02, 6.57075684e+02, 5.00082947e+02, 6.74949158e+02,
    5.21008484e+02, 6.92643433e+02, 5.41682007e+02, 7.09749146e+02,
    4.10572693e+02, 6.38682373e+02, 4.33468109e+02, 6.57411377e+02,
    4.56026825e+02, 6.75581421e+02, 4.77691071e+02, 6.93546631e+02,
    4.99149872e+02, 7.10820251e+02, 5.19960510e+02, 7.27803589e+02,
    3.87441345e+02, 6.57698120e+02, 4.10694305e+02, 6.76208923e+02,
    4.33335236e+02, 6.94325806e+02, 4.55618378e+02, 7.11916565e+02,
    4.77177765e+02, 7.29216492e+02, 4.98306488e+02, 7.45848999e+02,
    3.64568329e+02, 6.76713013e+02, 3.87785889e+02, 6.95080505e+02,
    4.11011169e+02, 7.12998901e+02, 4.33210541e+02, 7.30383789e+02,
    4.55299622e+02, 7.47411621e+02, 4.76510223e+02, 7.64046509e+02,
    3.41326752e+02, 6.95818604e+02, 3.65221008e+02, 7.13868591e+02,
    3.88234283e+02, 7.31655762e+02, 4.11020905e+02, 7.48901550e+02,
    4.32947906e+02, 7.65759705e+02, 4.54743103e+02, 7.82290833e+02,
    3.18550659e+02, 7.14850891e+02, 3.42311249e+02, 7.32809265e+02,
    3.65865143e+02, 7.50308228e+02, 3.88635620e+02, 7.67436462e+02,
    4.11230652e+02, 7.84037537e+02, 4.32873535e+02, 8.00349548e+02 ]
