%YAML:1.0
---
points: [ 6.20086914e+02, 4.10433044e+02, 6.58686646e+02, 4.22723114e+02,
    6.97422913e+02, 4.34835602e+02, 7.35765564e+02, 4.46804260e+02,
    7.74100159e+02, 4.59072327e+02, 8.12080811e+02, 4.71145477e+02,
    6.03042908e+02, 4.40458527e+02, 6.42474731e+02, 4.53046844e+02,
    6.81983398e+02, 4.65442657e+02, 7.21241272e+02, 4.77758575e+02,
    7.60168030e+02, 4.90202911e+02, 7.99213806e+02, 5.02287323e+02,
    5.85228516e+02, 4.72017670e+02, 6.25501892e+02, 4.84586945e+02,
    6.65893799e+02, 4.97329407e+02, 7.05971069e+02, 5.09591431e+02,
    7.45852478e+02, 5.22396973e+02, 7.85605225e+02, 5.34738220e+02,
    5.66677490e+02, 5.04617676e+02, 6.07877808e+02, 5.17677185e+02,
    6.49093079e+02, 5.30436523e+02, 6.90029785e+02, 5.43367920e+02,
    7.30903931e+02, 5.55880737e+02, 7.71477661e+02, 5.68699585e+02,
    5.46980957e+02, 5.39158203e+02, 5.89294434e+02, 5.52168640e+02,
    6.31430908e+02, 5.65409302e+02, 6.73336670e+02, 5.78325500e+02,
    7.15156982e+02, 5.91374512e+02, 7.56698425e+02, 6.04296875e+02,
    5.26439331e+02, 5.74820374e+02, 5.69678162e+02, 5.88356445e+02,
    6.12933472e+02, 6.01568604e+02, 6.55903503e+02, 6.14937317e+02,
    6.98592651e+02, 6.28273010e+02, 7.41221191e+02, 6.41501587e+02,
    5.04918915e+02, 6.12692078e+02, 5.49276672e+02, 6.26399414e+02,
    5.93432678e+02, 6.39996094e+02, 6.37326111e+02, 6.53493042e+02,
    6.81215088e+02, 6.67178223e+02, 7.24784058e+02, 6.80538330e+02,
    4.82521149e+02, 6.51955322e+02, 5.27713501e+02, 6.66008179e+02,
    5.72989868e+02, 6.79822388e+02, 6.18062622e+02, 6.93676697e+02,
    6.62910889e+02, 7.07412354e+02, 7.07620422e+02, 7.21327454e+02 ]
