%YAML:1.0
---
points: [ 4.00571686e+02, 4.64407898e+02, 4.27671783e+02, 4.71098267e+02,
    4.54635040e+02, 4.77906189e+02, 4.81102234e+02, 4.84377808e+02,
    5.07233215e+02, 4.91052002e+02, 5.33086670e+02, 4.97260132e+02,
    3.92516693e+02, 4.87668182e+02, 4.19806976e+02, 4.94568878e+02,
    4.46735016e+02, 5.01133850e+02, 4.73647247e+02, 5.07577545e+02,
    5.00001221e+02, 5.13681458e+02, 5.26155334e+02, 5.20381165e+02,
    3.84222656e+02, 5.11588257e+02, 4.11701141e+02, 5.17919861e+02,
    4.39094025e+02, 5.24616394e+02, 4.66211853e+02, 5.30640442e+02,
    4.92564148e+02, 5.37235901e+02, 5.18859680e+02, 5.43446106e+02,
    3.75780762e+02, 5.35387756e+02, 4.03458069e+02, 5.42153931e+02,
    4.31084198e+02, 5.48379333e+02, 4.58428467e+02, 5.54605286e+02,
    4.85163666e+02, 5.60643921e+02, 5.11784180e+02, 5.66871765e+02,
    3.67172119e+02, 5.60158875e+02, 3.95261810e+02, 5.66228271e+02,
    4.23139496e+02, 5.72686462e+02, 4.50513794e+02, 5.78636414e+02,
    4.77537842e+02, 5.84664307e+02, 5.04233490e+02, 5.90725220e+02,
    3.58422119e+02, 5.84735352e+02, 3.86788452e+02, 5.91077759e+02,
    4.14915710e+02, 5.97093750e+02, 4.42603638e+02, 6.03227112e+02,
    4.69816315e+02, 6.08773071e+02, 4.96761322e+02, 6.14787292e+02,
    3.49667633e+02, 6.10231140e+02, 3.78232300e+02, 6.16207275e+02,
    4.06567505e+02, 6.22263794e+02, 4.34449829e+02, 6.28065735e+02,
    4.61901947e+02, 6.33807739e+02, 4.89161774e+02, 6.39433655e+02,
    3.40951691e+02, 6.35494324e+02, 3.69717438e+02, 6.41655945e+02,
    3.98295685e+02, 6.47305481e+02, 4.26292786e+02, 6.53265259e+02,
    4.53860382e+02, 6.58751770e+02, 4.81339294e+02, 6.64318359e+02 ]
