%YAML:1.0
---
points: [ 1.64128922e+02, 1.71229965e+02, 1.77197876e+02, 1.75380753e+02,
    1.90163025e+02, 1.79638519e+02, 2.03213379e+02, 1.83760880e+02,
    2.16050568e+02, 1.87847290e+02, 2.28988403e+02, 1.91914612e+02,
    1.58764206e+02, 1.81460297e+02, 1.72035767e+02, 1.85714508e+02,
    1.85380188e+02, 1.89992584e+02, 1.98620865e+02, 1.94146210e+02,
    2.11811798e+02, 1.98292206e+02, 2.24907852e+02, 2.02509613e+02,
    1.53147827e+02, 1.92120026e+02, 1.66825211e+02, 1.96459793e+02,
    1.80377670e+02, 2.00731445e+02, 1.93845627e+02, 2.05008392e+02,
    2.07317657e+02, 2.09292328e+02, 2.20746124e+02, 2.13628784e+02,
    1.47364822e+02, 2.03258286e+02, 1.61130692e+02, 2.07607178e+02,
    1.75111145e+02, 2.11949142e+02, 1.88928833e+02, 2.16403961e+02,
    2.02703903e+02, 2.20784988e+02, 2.16366287e+02, 2.25044632e+02,
    1.41177490e+02, 2.14845276e+02, 1.55396347e+02, 2.19338852e+02,
    1.69519516e+02, 2.23786575e+02, 1.83716431e+02, 2.28240158e+02,
    1.97803101e+02, 2.32663651e+02, 2.11870132e+02, 2.37057938e+02,
    1.34791443e+02, 2.26923996e+02, 1.49286179e+02, 2.31497589e+02,
    1.63823486e+02, 2.36069626e+02, 1.78232788e+02, 2.40643356e+02,
    1.92726822e+02, 2.45144653e+02, 2.07021515e+02, 2.49716797e+02,
    1.28028366e+02, 2.39757614e+02, 1.42912704e+02, 2.44387772e+02,
    1.57781525e+02, 2.49047318e+02, 1.72578384e+02, 2.53665726e+02,
    1.87260635e+02, 2.58266754e+02, 2.01993500e+02, 2.62858734e+02,
    1.21109467e+02, 2.52995071e+02, 1.36184967e+02, 2.57775635e+02,
    1.51445496e+02, 2.62538330e+02, 1.66534561e+02, 2.67200653e+02,
    1.81720367e+02, 2.71954620e+02, 1.96711853e+02, 2.76678650e+02 ]
