%YAML:1.0
---
points: [ 3.37446869e+02, 1.24686340e+02, 3.48253876e+02, 1.37209915e+02,
    3.59189819e+02, 1.49901505e+02, 3.70088196e+02, 1.62511124e+02,
    3.81028473e+02, 1.75057495e+02, 3.92002777e+02, 1.87644073e+02,
    3.25781128e+02, 1.35124146e+02, 3.36393860e+02, 1.47355850e+02,
    3.46894714e+02, 1.59593658e+02, 3.57477081e+02, 1.71806412e+02,
    3.68117004e+02, 1.83949524e+02, 3.78709869e+02, 1.96175262e+02,
    3.14782745e+02, 1.45091125e+02, 3.25006927e+02, 1.56891693e+02,
    3.35322174e+02, 1.68766739e+02, 3.45534454e+02, 1.80582535e+02,
    3.55857941e+02, 1.92439514e+02, 3.66142792e+02, 2.04328857e+02,
    3.04470093e+02, 1.54362823e+02, 3.14440369e+02, 1.65926132e+02,
    3.24412231e+02, 1.77392868e+02, 3.34387451e+02, 1.88913559e+02,
    3.44406067e+02, 2.00411880e+02, 3.54434875e+02, 2.11917679e+02,
    2.94727020e+02, 1.63202560e+02, 3.04415009e+02, 1.74311249e+02,
    3.14185303e+02, 1.85516190e+02, 3.23805878e+02, 1.96713974e+02,
    3.33630371e+02, 2.07891968e+02, 3.43284576e+02, 2.19055038e+02,
    2.85620544e+02, 1.71459824e+02, 2.95051910e+02, 1.82336273e+02,
    3.04426483e+02, 1.93242065e+02, 3.13876434e+02, 2.04071136e+02,
    3.23359100e+02, 2.14942444e+02, 3.32822021e+02, 2.25857635e+02,
    2.76999969e+02, 1.79314941e+02, 2.86118073e+02, 1.89869095e+02,
    2.95300476e+02, 2.00472015e+02, 3.04467896e+02, 2.11059250e+02,
    3.13715424e+02, 2.21679901e+02, 3.22894409e+02, 2.32276291e+02,
    2.68725372e+02, 1.86728134e+02, 2.77719360e+02, 1.97081299e+02,
    2.86607086e+02, 2.07365173e+02, 2.95587982e+02, 2.17691742e+02,
    3.04490784e+02, 2.27960724e+02, 3.13540466e+02, 2.38357590e+02 ]
