%YAML:1.0
---
points: [ 6.10238342e+02, 3.06445679e+02, 6.44407043e+02, 3.36621185e+02,
    6.77555542e+02, 3.65953308e+02, 7.09600586e+02, 3.94320679e+02,
    7.40739075e+02, 4.21734222e+02, 7.70860657e+02, 4.48384033e+02,
    5.81619263e+02, 3.37546204e+02, 6.16508728e+02, 3.67583282e+02,
    6.50502258e+02, 3.96653503e+02, 6.83335510e+02, 4.24879120e+02,
    7.15039368e+02, 4.52179047e+02, 7.45888550e+02, 4.78594452e+02,
    5.52330078e+02, 3.69240631e+02, 5.88147278e+02, 3.99019073e+02,
    6.22758057e+02, 4.27861816e+02, 6.56429749e+02, 4.55800476e+02,
    6.88833618e+02, 4.82971893e+02, 7.20346191e+02, 5.09322815e+02,
    5.22337524e+02, 4.01593018e+02, 5.58978760e+02, 4.31279053e+02,
    5.94465088e+02, 4.59720154e+02, 6.28808411e+02, 4.87581268e+02,
    6.62163757e+02, 5.14512817e+02, 6.94307800e+02, 5.40605896e+02,
    4.91673187e+02, 4.34646912e+02, 5.29204041e+02, 4.64008728e+02,
    5.65468140e+02, 4.92525238e+02, 6.00535828e+02, 5.19999512e+02,
    6.34626221e+02, 5.46682800e+02, 6.67579712e+02, 5.72529602e+02,
    4.60409607e+02, 4.68372620e+02, 4.98645203e+02, 4.97556488e+02,
    5.35891296e+02, 5.25746216e+02, 5.71694214e+02, 5.53082092e+02,
    6.06588013e+02, 5.79477600e+02, 6.40265625e+02, 6.05157593e+02,
    4.28135803e+02, 5.03223053e+02, 4.67321198e+02, 5.31969360e+02,
    5.05295288e+02, 5.59996643e+02, 5.42147278e+02, 5.87056702e+02,
    5.77675354e+02, 6.13393616e+02, 6.12245789e+02, 6.38701660e+02,
    3.95373901e+02, 5.38387512e+02, 4.35490753e+02, 5.67076233e+02,
    4.74386414e+02, 5.94736694e+02, 5.11951172e+02, 6.21573608e+02,
    5.48402954e+02, 6.47516052e+02, 5.83676758e+02, 6.72696838e+02 ]
