%YAML:1.0
---
points: [ 1.62204773e+02, 1.36298386e+02, 1.73444809e+02, 1.46518204e+02,
    1.84304703e+02, 1.56380585e+02, 1.94851456e+02, 1.65983551e+02,
    2.05053543e+02, 1.75274323e+02, 2.15078506e+02, 1.84342651e+02,
    1.52756821e+02, 1.46841141e+02, 1.64172684e+02, 1.56974426e+02,
    1.75330276e+02, 1.66811844e+02, 1.86123291e+02, 1.76326309e+02,
    1.96602173e+02, 1.85605972e+02, 2.06716721e+02, 1.94506409e+02,
    1.43118576e+02, 1.57526733e+02, 1.54876434e+02, 1.67619949e+02,
    1.66250870e+02, 1.77415115e+02, 1.77237106e+02, 1.86862015e+02,
    1.87894516e+02, 1.96016022e+02, 1.98313873e+02, 2.04941727e+02,
    1.33255661e+02, 1.68529465e+02, 1.45209869e+02, 1.78544388e+02,
    1.56901154e+02, 1.88210266e+02, 1.68140823e+02, 1.97651672e+02,
    1.79087067e+02, 2.06688431e+02, 1.89669464e+02, 2.15580505e+02,
    1.23178047e+02, 1.79764053e+02, 1.35441345e+02, 1.89637161e+02,
    1.47267242e+02, 1.99287964e+02, 1.58877609e+02, 2.08574448e+02,
    1.69959793e+02, 2.17646179e+02, 1.80870773e+02, 2.26385437e+02,
    1.12958023e+02, 1.91174042e+02, 1.25437630e+02, 2.01039780e+02,
    1.37618988e+02, 2.10554977e+02, 1.49332825e+02, 2.19808136e+02,
    1.60791824e+02, 2.28770035e+02, 1.71834244e+02, 2.37429932e+02,
    1.02310204e+02, 2.02974365e+02, 1.15148254e+02, 2.12686035e+02,
    1.27539688e+02, 2.22165375e+02, 1.39599792e+02, 2.31276886e+02,
    1.51267441e+02, 2.40168625e+02, 1.62631470e+02, 2.48793182e+02,
    9.17091522e+01, 2.15073669e+02, 1.04711670e+02, 2.24486893e+02,
    1.17417511e+02, 2.33850998e+02, 1.29742981e+02, 2.42947815e+02,
    1.41655975e+02, 2.51755569e+02, 1.53149094e+02, 2.60261169e+02 ]
