%YAML:1.0
---
points: [ 2.54463226e+02, 4.96576050e+02, 2.57828735e+02, 4.73581604e+02,
    2.61030304e+02, 4.50735840e+02, 2.64409088e+02, 4.28508118e+02,
    2.67541107e+02, 4.06348175e+02, 2.70693817e+02, 3.84233612e+02,
    2.81488922e+02, 5.01211273e+02, 2.84683807e+02, 4.78345703e+02,
    2.87591949e+02, 4.55871643e+02, 2.90940460e+02, 4.33885986e+02,
    2.93863647e+02, 4.12034576e+02, 2.96785980e+02, 3.90355194e+02,
    3.07672333e+02, 5.05438416e+02, 3.10701385e+02, 4.83174622e+02,
    3.13522644e+02, 4.60974365e+02, 3.16617767e+02, 4.39320007e+02,
    3.19401978e+02, 4.17626465e+02, 3.22383453e+02, 3.96333252e+02,
    3.33373138e+02, 5.09664062e+02, 3.36227325e+02, 4.87621826e+02,
    3.39017426e+02, 4.65942566e+02, 3.41620850e+02, 4.44462250e+02,
    3.44330872e+02, 4.23170898e+02, 3.46927338e+02, 4.02057190e+02,
    3.58362152e+02, 5.13788879e+02, 3.60817780e+02, 4.92269287e+02,
    3.63506927e+02, 4.70739624e+02, 3.65982910e+02, 4.49530975e+02,
    3.68568665e+02, 4.28517151e+02, 3.71079010e+02, 4.07593628e+02,
    3.82371094e+02, 5.17938538e+02, 3.84892975e+02, 4.96599152e+02,
    3.87245880e+02, 4.75436890e+02, 3.89645569e+02, 4.54487000e+02,
    3.92060638e+02, 4.33591492e+02, 3.94408142e+02, 4.12992615e+02,
    4.05860840e+02, 5.21849426e+02, 4.08240479e+02, 5.00852692e+02,
    4.10639862e+02, 4.79881683e+02, 4.12939423e+02, 4.59296967e+02,
    4.15158051e+02, 4.38723938e+02, 4.17318481e+02, 4.18478363e+02,
    4.28701080e+02, 5.25609619e+02, 4.30988037e+02, 5.04723236e+02,
    4.33169708e+02, 4.84303589e+02, 4.35226166e+02, 4.63811066e+02,
    4.37361115e+02, 4.43645508e+02, 4.39345093e+02, 4.23663483e+02 ]
