%YAML:1.0
---
points: [ 3.34932495e+02, 1.72086823e+02, 3.43566620e+02, 1.86421280e+02,
    3.52355560e+02, 2.00841141e+02, 3.60988922e+02, 2.15160294e+02,
    3.69806183e+02, 2.29556778e+02, 3.78561554e+02, 2.43970490e+02,
    3.22341095e+02, 1.79351669e+02, 3.30743774e+02, 1.93241684e+02,
    3.39162659e+02, 2.07169464e+02, 3.47637329e+02, 2.21097687e+02,
    3.56098938e+02, 2.34967865e+02, 3.64612366e+02, 2.49004227e+02,
    3.10493164e+02, 1.86223755e+02, 3.18639008e+02, 1.99656036e+02,
    3.26755188e+02, 2.13183884e+02, 3.34917023e+02, 2.26658798e+02,
    3.43194580e+02, 2.40208176e+02, 3.51437531e+02, 2.53633682e+02,
    2.99382812e+02, 1.92641525e+02, 3.07298462e+02, 2.05758011e+02,
    3.15229828e+02, 2.18766006e+02, 3.23175537e+02, 2.31863022e+02,
    3.31134430e+02, 2.44935715e+02, 3.39136505e+02, 2.58068787e+02,
    2.88904297e+02, 1.98733109e+02, 2.96623993e+02, 2.11337479e+02,
    3.04411774e+02, 2.24097794e+02, 3.12007202e+02, 2.36729904e+02,
    3.19772797e+02, 2.49528290e+02, 3.27485260e+02, 2.62228760e+02,
    2.79120453e+02, 2.04375641e+02, 2.86626038e+02, 2.16763168e+02,
    2.94005066e+02, 2.29114563e+02, 3.01581390e+02, 2.41458206e+02,
    3.09026764e+02, 2.53767136e+02, 3.16574524e+02, 2.66157532e+02,
    2.69851349e+02, 2.09789658e+02, 2.77113556e+02, 2.21762192e+02,
    2.84366425e+02, 2.33779877e+02, 2.91647369e+02, 2.45753769e+02,
    2.98966095e+02, 2.57811401e+02, 3.06244293e+02, 2.69821320e+02,
    2.60987091e+02, 2.14907776e+02, 2.68126740e+02, 2.26625610e+02,
    2.75145752e+02, 2.38224884e+02, 2.82326050e+02, 2.49969421e+02,
    2.89362701e+02, 2.61619537e+02, 2.96513000e+02, 2.73460876e+02 ]
