%YAML:1.0
---
points: [ 2.20590744e+02, 1.79713699e+02, 2.32539536e+02, 1.81533371e+02,
    2.43630020e+02, 1.83263260e+02, 2.54274170e+02, 1.84892319e+02,
    2.64297699e+02, 1.86350906e+02, 2.73825867e+02, 1.87746765e+02,
    2.19467606e+02, 1.94777649e+02, 2.31327454e+02, 1.96191864e+02,
    2.42559891e+02, 1.97438980e+02, 2.53165802e+02, 1.98774994e+02,
    2.63268616e+02, 1.99927017e+02, 2.72817230e+02, 2.01135941e+02,
    2.18307114e+02, 2.10103302e+02, 2.30221237e+02, 2.10998596e+02,
    2.41405487e+02, 2.12015518e+02, 2.52121933e+02, 2.12812866e+02,
    2.62233734e+02, 2.13721024e+02, 2.71887085e+02, 2.14425064e+02,
    2.17186035e+02, 2.25258667e+02, 2.29098724e+02, 2.25786636e+02,
    2.40343521e+02, 2.26258270e+02, 2.51102646e+02, 2.26804810e+02,
    2.61210144e+02, 2.27308182e+02, 2.70770721e+02, 2.27757263e+02,
    2.16052811e+02, 2.40485123e+02, 2.27986176e+02, 2.40592377e+02,
    2.39288254e+02, 2.40720871e+02, 2.49997559e+02, 2.40839767e+02,
    2.60137238e+02, 2.40945724e+02, 2.69771210e+02, 2.41002182e+02,
    2.14800522e+02, 2.55625412e+02, 2.26834808e+02, 2.55296875e+02,
    2.38171982e+02, 2.55040405e+02, 2.48869690e+02, 2.54795532e+02,
    2.59096436e+02, 2.54530975e+02, 2.68760010e+02, 2.54397781e+02,
    2.13569580e+02, 2.70956390e+02, 2.25639450e+02, 2.70217285e+02,
    2.37040848e+02, 2.69397827e+02, 2.47787445e+02, 2.68845795e+02,
    2.58067688e+02, 2.68241821e+02, 2.67755951e+02, 2.67529968e+02,
    2.12346741e+02, 2.86255585e+02, 2.24469284e+02, 2.85068634e+02,
    2.35864227e+02, 2.84036011e+02, 2.46707184e+02, 2.82990906e+02,
    2.56935516e+02, 2.82039246e+02, 2.66782928e+02, 2.81102112e+02 ]
