%YAML:1.0
---
points: [ 2.92107880e+02, 3.09387238e+02, 3.03326599e+02, 2.87448303e+02,
    3.14575378e+02, 2.65463226e+02, 3.25791748e+02, 2.43625656e+02,
    3.36915558e+02, 2.21740265e+02, 3.48232666e+02, 1.99986801e+02,
    3.10180359e+02, 3.16845276e+02, 3.21138123e+02, 2.95452820e+02,
    3.32111481e+02, 2.74029510e+02, 3.43146210e+02, 2.52620178e+02,
    3.54073700e+02, 2.31326340e+02, 3.65056213e+02, 2.09981003e+02,
    3.27455872e+02, 3.24249237e+02, 3.38213409e+02, 3.03258087e+02,
    3.48950439e+02, 2.82223480e+02, 3.59658325e+02, 2.61347626e+02,
    3.70394958e+02, 2.40305954e+02, 3.81121368e+02, 2.19458191e+02,
    3.44133514e+02, 3.31216370e+02, 3.54621002e+02, 3.10489227e+02,
    3.65206848e+02, 2.89954712e+02, 3.75661224e+02, 2.69432281e+02,
    3.86090729e+02, 2.49067719e+02, 3.96619934e+02, 2.28479706e+02,
    3.60106232e+02, 3.37670624e+02, 3.70416229e+02, 3.17554138e+02,
    3.80669769e+02, 2.97503357e+02, 3.90945648e+02, 2.77484802e+02,
    4.01144318e+02, 2.57339569e+02, 4.11360687e+02, 2.37344315e+02,
    3.75541290e+02, 3.44251526e+02, 3.85477509e+02, 3.24504486e+02,
    3.95712830e+02, 3.04833862e+02, 4.05527527e+02, 2.84950684e+02,
    4.15704315e+02, 2.65392181e+02, 4.25614929e+02, 2.45519882e+02,
    3.90242279e+02, 3.50350555e+02, 4.00317383e+02, 3.31217529e+02,
    4.09911469e+02, 3.11538269e+02, 4.20325867e+02, 2.92554565e+02,
    4.29631256e+02, 2.73093292e+02, 4.39619537e+02, 2.53821732e+02,
    4.04395996e+02, 3.56336426e+02, 4.13912750e+02, 3.37210449e+02,
    4.24275452e+02, 3.18518890e+02, 4.33269562e+02, 2.99365295e+02,
    4.43422333e+02, 2.80643646e+02, 4.52429352e+02, 2.61486237e+02 ]
