%YAML:1.0
---
points: [ 6.44784393e+01, 1.83205704e+02, 7.50637054e+01, 1.86337387e+02,
    8.54536514e+01, 1.89511765e+02, 9.60605240e+01, 1.92627625e+02,
    1.06299919e+02, 1.95632050e+02, 1.16675529e+02, 1.98702850e+02,
    6.10999184e+01, 1.93111572e+02, 7.16508331e+01, 1.96108215e+02,
    8.21625900e+01, 1.99199722e+02, 9.26560593e+01, 2.02227020e+02,
    1.03066925e+02, 2.05329376e+02, 1.13318077e+02, 2.08260818e+02,
    5.76455345e+01, 2.02826447e+02, 6.82060318e+01, 2.05916626e+02,
    7.88325424e+01, 2.08955139e+02, 8.92886276e+01, 2.11978210e+02,
    9.97692184e+01, 2.14902084e+02, 1.10158646e+02, 2.17940674e+02,
    5.41628876e+01, 2.12784409e+02, 6.47850571e+01, 2.15767502e+02,
    7.54310532e+01, 2.18777130e+02, 8.60018616e+01, 2.21680313e+02,
    9.64217758e+01, 2.24652405e+02, 1.06899246e+02, 2.27490479e+02,
    5.07277069e+01, 2.22638336e+02, 6.13140221e+01, 2.25696289e+02,
    7.20409088e+01, 2.28641144e+02, 8.25979691e+01, 2.31613586e+02,
    9.31544571e+01, 2.34476456e+02, 1.03588737e+02, 2.37264053e+02,
    4.72401619e+01, 2.32757599e+02, 5.79627304e+01, 2.35613586e+02,
    6.86167297e+01, 2.38578323e+02, 7.91848221e+01, 2.41445236e+02,
    8.98081207e+01, 2.44280563e+02, 1.00288330e+02, 2.47076111e+02,
    4.38258972e+01, 2.42747375e+02, 5.44633408e+01, 2.45785019e+02,
    6.51609497e+01, 2.48607986e+02, 7.58237991e+01, 2.51494659e+02,
    8.64053116e+01, 2.54296783e+02, 9.69753342e+01, 2.57062500e+02,
    4.03551445e+01, 2.52963882e+02, 5.11516342e+01, 2.55741196e+02,
    6.17206650e+01, 2.58665222e+02, 7.25072021e+01, 2.61387604e+02,
    8.30874939e+01, 2.64225342e+02, 9.36363373e+01, 2.66892181e+02 ]
