%YAML:1.0
---
points: [ 3.35822906e+02, 4.44791565e+02, 3.68140991e+02, 4.54224060e+02,
    4.00320007e+02, 4.63558716e+02, 4.31820679e+02, 4.72429199e+02,
    4.63288574e+02, 4.81731659e+02, 4.94086212e+02, 4.90609344e+02,
    3.25326599e+02, 4.73743103e+02, 3.57776917e+02, 4.83175690e+02,
    3.89835846e+02, 4.92120636e+02, 4.21835144e+02, 5.01330231e+02,
    4.53270233e+02, 5.09903534e+02, 4.84504181e+02, 5.19004395e+02,
    3.14587769e+02, 5.03027374e+02, 3.47254486e+02, 5.11885284e+02,
    3.79741119e+02, 5.21269348e+02, 4.11622040e+02, 5.29636719e+02,
    4.43442566e+02, 5.38785645e+02, 4.74458588e+02, 5.47267944e+02,
    3.03961151e+02, 5.32461670e+02, 3.36845551e+02, 5.41535889e+02,
    3.69208588e+02, 5.50111694e+02, 4.01446167e+02, 5.58922852e+02,
    4.33336090e+02, 5.67343018e+02, 4.64648590e+02, 5.75972168e+02,
    2.93179718e+02, 5.62120300e+02, 3.26050049e+02, 5.70731445e+02,
    3.58816162e+02, 5.79594604e+02, 3.91241547e+02, 5.87774170e+02,
    4.23144043e+02, 5.96588684e+02, 4.54645721e+02, 6.04623718e+02,
    2.82390991e+02, 5.91845764e+02, 3.15491852e+02, 6.00526978e+02,
    3.48330811e+02, 6.08809937e+02, 3.80692169e+02, 6.17527710e+02,
    4.12906952e+02, 6.25559326e+02, 4.44542267e+02, 6.33824646e+02,
    2.71400146e+02, 6.22058960e+02, 3.04680634e+02, 6.30435669e+02,
    3.37649384e+02, 6.39050598e+02, 3.70330261e+02, 6.47108521e+02,
    4.02402649e+02, 6.55403625e+02, 4.34478241e+02, 6.63308105e+02,
    2.60631378e+02, 6.52254150e+02, 2.93844910e+02, 6.60685974e+02,
    3.26904510e+02, 6.68729309e+02, 3.59691284e+02, 6.77030090e+02,
    3.92176239e+02, 6.84903442e+02, 4.24094391e+02, 6.92818726e+02 ]
