%YAML:1.0
---
points: [ 5.46104919e+02, 5.45054077e+02, 5.44205566e+02, 5.71447998e+02,
    5.42171509e+02, 5.98374939e+02, 5.39914124e+02, 6.26064941e+02,
    5.37865479e+02, 6.53992188e+02, 5.35604858e+02, 6.82804810e+02,
    5.15535339e+02, 5.44292969e+02, 5.13348083e+02, 5.70747314e+02,
    5.10903412e+02, 5.98130981e+02, 5.08393738e+02, 6.25867798e+02,
    5.05946289e+02, 6.54181458e+02, 5.03341339e+02, 6.83114136e+02,
    4.84624695e+02, 5.43482910e+02, 4.81988892e+02, 5.70314514e+02,
    4.79397705e+02, 5.97684326e+02, 4.76492004e+02, 6.25664001e+02,
    4.73588898e+02, 6.54169922e+02, 4.70599457e+02, 6.83383179e+02,
    4.53310028e+02, 5.42686584e+02, 4.50247162e+02, 5.69708069e+02,
    4.47350952e+02, 5.97389526e+02, 4.44269897e+02, 6.25333618e+02,
    4.40824463e+02, 6.54355835e+02, 4.37636047e+02, 6.83661865e+02,
    4.21424561e+02, 5.41847290e+02, 4.18187073e+02, 5.69149475e+02,
    4.14599335e+02, 5.96989014e+02, 4.11372986e+02, 6.25267761e+02,
    4.07622192e+02, 6.54365234e+02, 4.04137970e+02, 6.84063660e+02,
    3.89331329e+02, 5.40950500e+02, 3.85557007e+02, 5.68423096e+02,
    3.81692841e+02, 5.96661316e+02, 3.78131378e+02, 6.25021179e+02,
    3.74303070e+02, 6.54420349e+02, 3.70316833e+02, 6.84095215e+02,
    3.56450165e+02, 5.40237366e+02, 3.52589050e+02, 5.67867065e+02,
    3.48454010e+02, 5.95997864e+02, 3.44321625e+02, 6.24935425e+02,
    3.39904175e+02, 6.54343811e+02, 3.35592743e+02, 6.84456848e+02,
    3.23483887e+02, 5.39400024e+02, 3.19242218e+02, 5.67212646e+02,
    3.14661072e+02, 5.95786316e+02, 3.10316376e+02, 6.24568970e+02,
    3.05730865e+02, 6.54411194e+02, 3.01181183e+02, 6.84579468e+02 ]
