%YAML:1.0
---
points: [ 2.12859894e+02, 1.74292297e+02, 2.22462219e+02, 1.76402130e+02,
    2.31219879e+02, 1.78330872e+02, 2.39387085e+02, 1.80126968e+02,
    2.47066147e+02, 1.81869919e+02, 2.54279541e+02, 1.83337570e+02,
    2.11696335e+02, 1.90209808e+02, 2.21243301e+02, 1.91751221e+02,
    2.30119370e+02, 1.93183823e+02, 2.38352646e+02, 1.94506790e+02,
    2.46092850e+02, 1.95581161e+02, 2.53255173e+02, 1.96896698e+02,
    2.10486832e+02, 2.06338989e+02, 2.20115768e+02, 2.07185425e+02,
    2.29036606e+02, 2.08142563e+02, 2.37316711e+02, 2.08769684e+02,
    2.45062576e+02, 2.09555145e+02, 2.52337921e+02, 2.10155090e+02,
    2.09343948e+02, 2.22156998e+02, 2.19003448e+02, 2.22462936e+02,
    2.27882431e+02, 2.22790543e+02, 2.36181793e+02, 2.23221069e+02,
    2.44006699e+02, 2.23458008e+02, 2.51316345e+02, 2.23764771e+02,
    2.08106979e+02, 2.38305679e+02, 2.17764404e+02, 2.37909454e+02,
    2.26727295e+02, 2.37769440e+02, 2.35186890e+02, 2.37485886e+02,
    2.42929611e+02, 2.37362976e+02, 2.50311539e+02, 2.37144775e+02,
    2.06809418e+02, 2.54201843e+02, 2.16620987e+02, 2.53314804e+02,
    2.25618195e+02, 2.52599213e+02, 2.34030518e+02, 2.51869583e+02,
    2.41893890e+02, 2.51153809e+02, 2.49259384e+02, 2.50571396e+02,
    2.05563370e+02, 2.70407043e+02, 2.15342270e+02, 2.68839508e+02,
    2.24480988e+02, 2.67470673e+02, 2.32875092e+02, 2.66239868e+02,
    2.40821701e+02, 2.65095886e+02, 2.48189957e+02, 2.64000610e+02,
    2.04293365e+02, 2.86377411e+02, 2.14141998e+02, 2.84406982e+02,
    2.23307846e+02, 2.82489075e+02, 2.31739960e+02, 2.80734558e+02,
    2.39748260e+02, 2.79024994e+02, 2.47160675e+02, 2.77573273e+02 ]
