%YAML:1.0
---
points: [ 4.76041504e+02, 2.51653351e+02, 4.81957001e+02, 2.71208221e+02,
    4.87625275e+02, 2.90600098e+02, 4.93566437e+02, 3.10205078e+02,
    4.99369812e+02, 3.29544006e+02, 5.05320038e+02, 3.49454193e+02,
    4.54242981e+02, 2.51823502e+02, 4.60065674e+02, 2.71387451e+02,
    4.65974762e+02, 2.91282837e+02, 4.71519501e+02, 3.10803589e+02,
    4.77568146e+02, 3.30701202e+02, 4.83325470e+02, 3.50558167e+02,
    4.31543793e+02, 2.51688034e+02, 4.37409607e+02, 2.71731781e+02,
    4.43408691e+02, 2.91616150e+02, 4.49196228e+02, 3.11712006e+02,
    4.54977081e+02, 3.31772858e+02, 4.60992920e+02, 3.51871887e+02,
    4.08539551e+02, 2.51882538e+02, 4.14301788e+02, 2.71914490e+02,
    4.20351593e+02, 2.92280243e+02, 4.26209229e+02, 3.12487579e+02,
    4.32140778e+02, 3.33096375e+02, 4.38167938e+02, 3.53356110e+02,
    3.84875122e+02, 2.51896515e+02, 3.90586792e+02, 2.72356995e+02,
    3.96622620e+02, 2.92738129e+02, 4.02491547e+02, 3.13473297e+02,
    4.08365784e+02, 3.34056702e+02, 4.14403046e+02, 3.54760559e+02,
    3.60585785e+02, 2.52179581e+02, 3.66315857e+02, 2.72710327e+02,
    3.72419373e+02, 2.93578033e+02, 3.78241669e+02, 3.14235657e+02,
    3.84217194e+02, 3.35398071e+02, 3.90352112e+02, 3.56229706e+02,
    3.35683716e+02, 2.52332367e+02, 3.41539948e+02, 2.73255859e+02,
    3.47567657e+02, 2.94207001e+02, 3.53392609e+02, 3.15441498e+02,
    3.59452789e+02, 3.36456696e+02, 3.65356720e+02, 3.57811584e+02,
    3.10200775e+02, 2.52605698e+02, 3.16164703e+02, 2.73686676e+02,
    3.21866516e+02, 2.95092590e+02, 3.27796356e+02, 3.16410614e+02,
    3.33739838e+02, 3.37929413e+02, 3.39662842e+02, 3.59469360e+02 ]
