%YAML:1.0
---
points: [ 5.34842339e+01, 2.63888855e+02, 5.47696953e+01, 2.53737030e+02,
    5.61188049e+01, 2.43777756e+02, 5.73726921e+01, 2.33856522e+02,
    5.86452065e+01, 2.24644791e+02, 5.98626175e+01, 2.14961700e+02,
    6.45819321e+01, 2.63828003e+02, 6.58231812e+01, 2.53792862e+02,
    6.70881042e+01, 2.43757812e+02, 6.82241821e+01, 2.34288574e+02,
    6.94173355e+01, 2.24702591e+02, 7.06897659e+01, 2.15524307e+02,
    7.58148575e+01, 2.63971313e+02, 7.69922562e+01, 2.53668289e+02,
    7.80539093e+01, 2.43999969e+02, 7.91312866e+01, 2.34444351e+02,
    8.02685776e+01, 2.24839355e+02, 8.12544174e+01, 2.15686569e+02,
    8.70444260e+01, 2.63716858e+02, 8.79725266e+01, 2.53833115e+02,
    8.89847794e+01, 2.44023209e+02, 8.99034805e+01, 2.34700470e+02,
    9.08955078e+01, 2.25041245e+02, 9.18986893e+01, 2.15818924e+02,
    9.80123215e+01, 2.63714325e+02, 9.89244385e+01, 2.53836227e+02,
    9.97595444e+01, 2.44195145e+02, 1.00715576e+02, 2.34725433e+02,
    1.01586792e+02, 2.25412857e+02, 1.02290771e+02, 2.16267822e+02,
    1.08868317e+02, 2.63774261e+02, 1.09795708e+02, 2.53856918e+02,
    1.10600212e+02, 2.44329468e+02, 1.11318359e+02, 2.34803848e+02,
    1.12012810e+02, 2.25683578e+02, 1.12857162e+02, 2.16630569e+02,
    1.19767517e+02, 2.63752380e+02, 1.20518639e+02, 2.53873703e+02,
    1.21080254e+02, 2.44461624e+02, 1.21751389e+02, 2.34902298e+02,
    1.22532600e+02, 2.25746475e+02, 1.23038208e+02, 2.16777420e+02,
    1.30526154e+02, 2.63750183e+02, 1.31048218e+02, 2.53826996e+02,
    1.31670670e+02, 2.44581619e+02, 1.32187088e+02, 2.35101913e+02,
    1.32725372e+02, 2.25908646e+02, 1.33320358e+02, 2.16944962e+02 ]
