%YAML:1.0
---
points: [ 2.79547363e+02, 2.01471970e+02, 2.86446686e+02, 2.11545593e+02,
    2.92979675e+02, 2.21151855e+02, 2.99327637e+02, 2.30357651e+02,
    3.05423645e+02, 2.39247604e+02, 3.11336456e+02, 2.47794983e+02,
    2.67930725e+02, 2.10153259e+02, 2.75001251e+02, 2.19983078e+02,
    2.81790863e+02, 2.29376343e+02, 2.88293304e+02, 2.38492996e+02,
    2.94609741e+02, 2.47255814e+02, 3.00651031e+02, 2.55714142e+02,
    2.56105927e+02, 2.18895538e+02, 2.63463287e+02, 2.28569733e+02,
    2.70471619e+02, 2.37795654e+02, 2.77241486e+02, 2.46721115e+02,
    2.83789429e+02, 2.55328415e+02, 2.90024475e+02, 2.63627533e+02,
    2.44503494e+02, 2.27516556e+02, 2.52079178e+02, 2.37072342e+02,
    2.59262268e+02, 2.46090256e+02, 2.66211700e+02, 2.54845001e+02,
    2.72977814e+02, 2.63339233e+02, 2.79389374e+02, 2.71461487e+02,
    2.32776215e+02, 2.36314041e+02, 2.40540421e+02, 2.45559448e+02,
    2.48012634e+02, 2.54433426e+02, 2.55221649e+02, 2.63062897e+02,
    2.62160889e+02, 2.71398590e+02, 2.68763428e+02, 2.79273041e+02,
    2.21071594e+02, 2.44880478e+02, 2.29098694e+02, 2.54096222e+02,
    2.36823608e+02, 2.62812836e+02, 2.44225845e+02, 2.71281433e+02,
    2.51344452e+02, 2.79383759e+02, 2.58193726e+02, 2.87238922e+02,
    2.09272766e+02, 2.53667526e+02, 2.17606110e+02, 2.62549591e+02,
    2.25501419e+02, 2.71206543e+02, 2.33166672e+02, 2.79435303e+02,
    2.40503998e+02, 2.87423553e+02, 2.47577423e+02, 2.95019257e+02,
    1.97528259e+02, 2.62380219e+02, 2.06040314e+02, 2.71170807e+02,
    2.14234497e+02, 2.79598572e+02, 2.22081238e+02, 2.87699615e+02,
    2.29636627e+02, 2.95497528e+02, 2.36874893e+02, 3.03017334e+02 ]
