%YAML:1.0
---
points: [ 2.90568909e+02, 8.58806152e+02, 2.94277405e+02, 8.87444031e+02,
    2.97933258e+02, 9.16306091e+02, 3.01595490e+02, 9.44791260e+02,
    3.05519135e+02, 9.73342773e+02, 3.09294189e+02, 1.00178125e+03,
    2.56189972e+02, 8.65051453e+02, 2.60121796e+02, 8.94179382e+02,
    2.63803925e+02, 9.23345703e+02, 2.67713257e+02, 9.52121582e+02,
    2.71782654e+02, 9.80862549e+02, 2.75627899e+02, 1.00945270e+03,
    2.21545517e+02, 8.71444092e+02, 2.25586441e+02, 9.00812012e+02,
    2.29392166e+02, 9.30292053e+02, 2.33566254e+02, 9.59271240e+02,
    2.37842407e+02, 9.88028381e+02, 2.41559891e+02, 1.01719611e+03,
    1.86133865e+02, 8.77857239e+02, 1.90317001e+02, 9.07462891e+02,
    1.94336838e+02, 9.37226013e+02, 1.98428986e+02, 9.66516296e+02,
    2.02711533e+02, 9.95761536e+02, 2.07182770e+02, 1.02461255e+03,
    1.50212738e+02, 8.84426697e+02, 1.54308502e+02, 9.14263000e+02,
    1.58658081e+02, 9.44049255e+02, 1.62801804e+02, 9.73686096e+02,
    1.67334763e+02, 1.00335901e+03, 1.71741791e+02, 1.03262878e+03,
    1.13558365e+02, 8.91080566e+02, 1.17868980e+02, 9.21212891e+02,
    1.22413727e+02, 9.51352051e+02, 1.26895088e+02, 9.81091003e+02,
    1.31502457e+02, 1.01106219e+03, 1.35722015e+02, 1.04054565e+03,
    7.63264465e+01, 8.97583923e+02, 8.07757492e+01, 9.28248901e+02,
    8.54574356e+01, 9.58363831e+02, 8.96996536e+01, 9.88700073e+02,
    9.44368210e+01, 1.01878168e+03, 9.91240540e+01, 1.04861804e+03,
    3.81909714e+01, 9.04472534e+02, 4.31236916e+01, 9.35193237e+02,
    4.75589981e+01, 9.65771423e+02, 5.22626762e+01, 9.96361511e+02,
    5.71625862e+01, 1.02667529e+03, 6.16367493e+01, 1.05683203e+03 ]
