%YAML:1.0
---
points: [ 2.68759918e+02, 6.12737244e+02, 2.84133423e+02, 5.87746643e+02,
    2.99272430e+02, 5.63217041e+02, 3.13767731e+02, 5.39510559e+02,
    3.28052551e+02, 5.16273804e+02, 3.42065521e+02, 4.93708679e+02,
    2.97464081e+02, 6.20834961e+02, 3.12412567e+02, 5.95658203e+02,
    3.27076294e+02, 5.71204529e+02, 3.41450104e+02, 5.47132568e+02,
    3.55516693e+02, 5.23888977e+02, 3.68861847e+02, 5.01323700e+02,
    3.26363831e+02, 6.28759094e+02, 3.40955292e+02, 6.03554993e+02,
    3.55369781e+02, 5.78767212e+02, 3.69326416e+02, 5.55035522e+02,
    3.82970490e+02, 5.31490967e+02, 3.96278778e+02, 5.08918732e+02,
    3.55110748e+02, 6.36750305e+02, 3.69367218e+02, 6.11490051e+02,
    3.83399139e+02, 5.86708374e+02, 3.97098114e+02, 5.62534485e+02,
    4.10344360e+02, 5.39287109e+02, 4.23139374e+02, 5.16465698e+02,
    3.83775452e+02, 6.44560425e+02, 3.97769287e+02, 6.19346069e+02,
    4.11481079e+02, 5.94383972e+02, 4.24670990e+02, 5.70372375e+02,
    4.37649719e+02, 5.46713074e+02, 4.50094238e+02, 5.24134216e+02,
    4.12586121e+02, 6.52555054e+02, 4.26153870e+02, 6.26946106e+02,
    4.39506134e+02, 6.02162903e+02, 4.52394226e+02, 5.77795593e+02,
    4.64990723e+02, 5.54575562e+02, 4.77076294e+02, 5.31529541e+02,
    4.41355835e+02, 6.60417419e+02, 4.54521637e+02, 6.34786499e+02,
    4.67489349e+02, 6.09674133e+02, 4.79822998e+02, 5.85661316e+02,
    4.92249786e+02, 5.61886536e+02, 5.03894623e+02, 5.39236206e+02,
    4.70046661e+02, 6.68316467e+02, 4.82838013e+02, 6.42521545e+02,
    4.95299805e+02, 6.17583801e+02, 5.07491302e+02, 5.93264404e+02,
    5.19353027e+02, 5.69634827e+02, 5.30791931e+02, 5.46519775e+02 ]
