%YAML:1.0
---
points: [ 4.19304085e+01, 2.39731781e+02, 4.67124405e+01, 2.31323975e+02,
    5.12877121e+01, 2.23281281e+02, 5.61180573e+01, 2.15153854e+02,
    6.04508209e+01, 2.07490479e+02, 6.48215485e+01, 1.99793320e+02,
    5.12453232e+01, 2.42389038e+02, 5.58787537e+01, 2.34112152e+02,
    6.04799995e+01, 2.25813812e+02, 6.49721527e+01, 2.17834854e+02,
    6.94323120e+01, 2.09962753e+02, 7.37497482e+01, 2.02405090e+02,
    6.05775757e+01, 2.45235336e+02, 6.52104340e+01, 2.36723709e+02,
    6.96673660e+01, 2.28524887e+02, 7.41578751e+01, 2.20338043e+02,
    7.83624496e+01, 2.12569519e+02, 8.26045990e+01, 2.04887970e+02,
    7.00907364e+01, 2.47914871e+02, 7.45308304e+01, 2.39341293e+02,
    7.89102859e+01, 2.31134399e+02, 8.33435974e+01, 2.22992615e+02,
    8.75559235e+01, 2.15152374e+02, 9.16086807e+01, 2.07577728e+02,
    7.95347061e+01, 2.50628052e+02, 8.39687958e+01, 2.42012558e+02,
    8.82621841e+01, 2.33780060e+02, 9.24121017e+01, 2.25622406e+02,
    9.65923691e+01, 2.17750351e+02, 1.00534393e+02, 2.10067215e+02,
    8.91216965e+01, 2.53227921e+02, 9.33022766e+01, 2.44702713e+02,
    9.75303955e+01, 2.36364441e+02, 1.01688179e+02, 2.28222351e+02,
    1.05669701e+02, 2.20277344e+02, 1.09585861e+02, 2.12544144e+02,
    9.86309204e+01, 2.56004211e+02, 1.02777367e+02, 2.47283325e+02,
    1.06891449e+02, 2.38947083e+02, 1.10873093e+02, 2.30792999e+02,
    1.14826454e+02, 2.22819260e+02, 1.18534439e+02, 2.15067612e+02,
    1.08218826e+02, 2.58537811e+02, 1.12241501e+02, 2.50075317e+02,
    1.16235107e+02, 2.41531631e+02, 1.20112083e+02, 2.33350784e+02,
    1.23883774e+02, 2.25358139e+02, 1.27583710e+02, 2.17640244e+02 ]
