%YAML:1.0
---
points: [ 2.74730652e+02, 5.69099915e+02, 2.88875488e+02, 5.49357788e+02,
    3.02646515e+02, 5.30106323e+02, 3.15656921e+02, 5.12005859e+02,
    3.28427734e+02, 4.94216705e+02, 3.40646149e+02, 4.77239899e+02,
    3.04321655e+02, 5.74428711e+02, 3.17756348e+02, 5.54561707e+02,
    3.31055237e+02, 5.35520752e+02, 3.43504242e+02, 5.17192627e+02,
    3.55979004e+02, 4.99470123e+02, 3.67672028e+02, 4.82286774e+02,
    3.33808563e+02, 5.79770569e+02, 3.46939301e+02, 5.59987183e+02,
    3.59667847e+02, 5.40625793e+02, 3.71628601e+02, 5.22432129e+02,
    3.83433350e+02, 5.04492645e+02, 3.94660522e+02, 4.87430450e+02,
    3.63381653e+02, 5.85117065e+02, 3.75771423e+02, 5.65236450e+02,
    3.87967285e+02, 5.46065918e+02, 3.99339172e+02, 5.27671753e+02,
    4.10704926e+02, 5.09698120e+02, 4.21450684e+02, 4.92533875e+02,
    3.92635864e+02, 5.90321655e+02, 4.04527435e+02, 5.70466858e+02,
    4.16181549e+02, 5.51045349e+02, 4.27159729e+02, 5.32734314e+02,
    4.37942169e+02, 5.14693970e+02, 4.48182556e+02, 4.97722412e+02,
    4.21844574e+02, 5.95550598e+02, 4.33223633e+02, 5.75470520e+02,
    4.44334076e+02, 5.56330750e+02, 4.54622955e+02, 5.37872375e+02,
    4.65026215e+02, 5.19986389e+02, 4.74664917e+02, 5.02652710e+02,
    4.50827850e+02, 6.00640808e+02, 4.61644592e+02, 5.80679871e+02,
    4.72190918e+02, 5.61361511e+02, 4.82131622e+02, 5.43108887e+02,
    4.91814911e+02, 5.24891357e+02, 5.01058929e+02, 5.07881836e+02,
    4.79906281e+02, 6.05786865e+02, 4.90002686e+02, 5.85834778e+02,
    5.00006134e+02, 5.66598267e+02, 5.09373260e+02, 5.48162598e+02,
    5.18645996e+02, 5.30171936e+02, 5.27383484e+02, 5.12786499e+02 ]
