%YAML:1.0
---
points: [ 4.34183159e+01, 2.25203857e+02, 4.77763901e+01, 2.18405746e+02,
    5.19952202e+01, 2.12112656e+02, 5.77690582e+01, 2.03321091e+02,
    6.13987007e+01, 1.97634583e+02, 6.13987045e+01, 1.97634567e+02,
    5.32409439e+01, 2.26807892e+02, 5.71892853e+01, 2.20236542e+02,
    6.11969337e+01, 2.13866928e+02, 6.55361328e+01, 2.07099304e+02,
    7.06578598e+01, 1.98958527e+02, 7.06578674e+01, 1.98958496e+02,
    6.26024971e+01, 2.28735703e+02, 6.66177826e+01, 2.22090729e+02,
    7.07182007e+01, 2.15425873e+02, 7.62843857e+01, 2.06284454e+02,
    7.95170212e+01, 2.01055939e+02, 7.95170441e+01, 2.01055893e+02,
    7.22941360e+01, 2.30456879e+02, 7.61177750e+01, 2.23826706e+02,
    8.00343323e+01, 2.17090302e+02, 8.51319580e+01, 2.08383423e+02,
    8.87298737e+01, 2.02120255e+02, 8.87298889e+01, 2.02120224e+02,
    8.20467453e+01, 2.32358398e+02, 8.57104797e+01, 2.25492813e+02,
    8.92759399e+01, 2.19067703e+02, 9.45806656e+01, 2.09471786e+02,
    9.74492645e+01, 2.04264114e+02, 9.74492722e+01, 2.04264099e+02,
    9.14947968e+01, 2.34140961e+02, 9.50857010e+01, 2.27295044e+02,
    9.84177933e+01, 2.20925858e+02, 1.03472572e+02, 2.11362686e+02,
    1.06612946e+02, 2.05583740e+02, 1.06612961e+02, 2.05583710e+02,
    1.01251251e+02, 2.35933075e+02, 1.04526619e+02, 2.29101685e+02,
    1.08007835e+02, 2.22245392e+02, 1.12397751e+02, 2.13505707e+02,
    1.15600311e+02, 2.07073868e+02, 1.15600327e+02, 2.07073822e+02,
    1.10835922e+02, 2.37524902e+02, 1.14082947e+02, 2.30879120e+02,
    1.18664757e+02, 2.21011719e+02, 1.21269707e+02, 2.15689194e+02,
    1.24548714e+02, 2.08547882e+02, 1.24548729e+02, 2.08547852e+02 ]
