%YAML:1.0
---
points: [ 9.78423767e+02, 4.03048584e+02, 9.79252747e+02, 4.42338898e+02,
    9.79992798e+02, 4.81136902e+02, 9.80777893e+02, 5.19443970e+02,
    9.81539307e+02, 5.57341248e+02, 9.82463806e+02, 5.95062805e+02,
    9.39206116e+02, 4.03943695e+02, 9.40335144e+02, 4.43283325e+02,
    9.41307678e+02, 4.82074036e+02, 9.42424744e+02, 5.20397522e+02,
    9.43407837e+02, 5.58466187e+02, 9.44426819e+02, 5.95978638e+02,
    9.00309143e+02, 4.04811707e+02, 9.01498352e+02, 4.44306244e+02,
    9.02560913e+02, 4.82993896e+02, 9.03839294e+02, 5.21435791e+02,
    9.05183044e+02, 5.59418274e+02, 9.06347351e+02, 5.96974426e+02,
    8.60848999e+02, 4.05818085e+02, 8.62537537e+02, 4.45125977e+02,
    8.64121277e+02, 4.83948883e+02, 8.65505615e+02, 5.22344604e+02,
    8.66794189e+02, 5.60462158e+02, 8.68296509e+02, 5.97978760e+02,
    8.21732361e+02, 4.06742371e+02, 8.23481995e+02, 4.46034180e+02,
    8.25283447e+02, 4.84887146e+02, 8.26927063e+02, 5.23423828e+02,
    8.28477295e+02, 5.61276245e+02, 8.30047119e+02, 5.98876892e+02,
    7.82443542e+02, 4.07579193e+02, 7.84534302e+02, 4.46896820e+02,
    7.86308350e+02, 4.85837158e+02, 7.88272339e+02, 5.24244263e+02,
    7.90164673e+02, 5.62317017e+02, 7.91776184e+02, 5.99886780e+02,
    7.42888000e+02, 4.08279968e+02, 7.45061035e+02, 4.47923767e+02,
    7.47307068e+02, 4.86697113e+02, 7.49253357e+02, 5.25251953e+02,
    7.51299744e+02, 5.63192200e+02, 7.53376648e+02, 6.01043335e+02,
    7.03431213e+02, 4.09224518e+02, 7.05845642e+02, 4.48763306e+02,
    7.08302856e+02, 4.87547882e+02, 7.10566833e+02, 5.26009949e+02,
    7.12727661e+02, 5.64389832e+02, 7.14883057e+02, 6.01890869e+02 ]
