%YAML:1.0
---
points: [ 1.55570297e+02, 2.35063660e+02, 1.58409958e+02, 2.27063950e+02,
    1.61250381e+02, 2.18624741e+02, 1.64373734e+02, 2.09674194e+02,
    1.67632324e+02, 2.00057510e+02, 1.71093475e+02, 1.89820404e+02,
    1.69148972e+02, 2.41260742e+02, 1.72185577e+02, 2.33540817e+02,
    1.75557846e+02, 2.25331482e+02, 1.79049225e+02, 2.16653839e+02,
    1.82810364e+02, 2.07348068e+02, 1.86718002e+02, 1.97422852e+02,
    1.82311218e+02, 2.47488663e+02, 1.85872253e+02, 2.39969833e+02,
    1.89584839e+02, 2.32019897e+02, 1.93450073e+02, 2.23512344e+02,
    1.97613068e+02, 2.14580170e+02, 2.02113190e+02, 2.04959961e+02,
    1.95478378e+02, 2.53576553e+02, 1.99315308e+02, 2.46290085e+02,
    2.03383240e+02, 2.38551483e+02, 2.07736435e+02, 2.30329132e+02,
    2.12338318e+02, 2.21679596e+02, 2.17194763e+02, 2.12291122e+02,
    2.08409698e+02, 2.59640259e+02, 2.12671783e+02, 2.52575684e+02,
    2.17137070e+02, 2.44987915e+02, 2.21872223e+02, 2.37081268e+02,
    2.26882446e+02, 2.28643661e+02, 2.32211456e+02, 2.19615189e+02,
    2.21275894e+02, 2.65655701e+02, 2.25780273e+02, 2.58769562e+02,
    2.30665024e+02, 2.51463913e+02, 2.35767395e+02, 2.43717270e+02,
    2.41238739e+02, 2.35526306e+02, 2.46985703e+02, 2.26781174e+02,
    2.33962997e+02, 2.71627411e+02, 2.38928070e+02, 2.64956116e+02,
    2.44099396e+02, 2.57815826e+02, 2.49618073e+02, 2.50342590e+02,
    2.55415344e+02, 2.42392044e+02, 2.61649109e+02, 2.33924789e+02,
    2.46614227e+02, 2.77496704e+02, 2.51795517e+02, 2.70964844e+02,
    2.57358856e+02, 2.64156677e+02, 2.63191681e+02, 2.56839905e+02,
    2.69392822e+02, 2.49236710e+02, 2.76058167e+02, 2.40912064e+02 ]
