%YAML:1.0
---
points: [ 3.39554443e+02, 4.67162292e+02, 3.47524231e+02, 4.46498840e+02,
    3.55258911e+02, 4.26232727e+02, 3.62986847e+02, 4.06575439e+02,
    3.70395447e+02, 3.86959686e+02, 3.77672729e+02, 3.67847168e+02,
    3.64138062e+02, 4.70032959e+02, 3.71764191e+02, 4.49328339e+02,
    3.79379974e+02, 4.29167603e+02, 3.86695953e+02, 4.09148224e+02,
    3.94140259e+02, 3.89702179e+02, 4.01030334e+02, 3.70610901e+02,
    3.88853607e+02, 4.72579407e+02, 3.96377594e+02, 4.52150574e+02,
    4.03628235e+02, 4.31738525e+02, 4.10749756e+02, 4.12138367e+02,
    4.17713531e+02, 3.92443298e+02, 4.24531128e+02, 3.73460907e+02,
    4.13340576e+02, 4.75490234e+02, 4.20614410e+02, 4.54665985e+02,
    4.27759460e+02, 4.34555908e+02, 4.34686371e+02, 4.14568726e+02,
    4.41445648e+02, 3.95401398e+02, 4.47891296e+02, 3.76182068e+02,
    4.38088898e+02, 4.78059052e+02, 4.44957703e+02, 4.57610413e+02,
    4.51749939e+02, 4.37279999e+02, 4.58636322e+02, 4.17563904e+02,
    4.65089478e+02, 3.97957153e+02, 4.71367645e+02, 3.79026550e+02,
    4.62577606e+02, 4.80955811e+02, 4.69243530e+02, 4.60231689e+02,
    4.75976685e+02, 4.40130066e+02, 4.82475494e+02, 4.20233337e+02,
    4.88703156e+02, 4.00828125e+02, 4.94749268e+02, 3.81650238e+02,
    4.87211029e+02, 4.83561401e+02, 4.93554688e+02, 4.63147278e+02,
    4.99777008e+02, 4.42843445e+02, 5.06248871e+02, 4.23240356e+02,
    5.12289673e+02, 4.03474518e+02, 5.18175293e+02, 3.84530090e+02,
    5.11745331e+02, 4.86478638e+02, 5.17884583e+02, 4.65703369e+02,
    5.23896973e+02, 4.45632721e+02, 5.29993530e+02, 4.25716705e+02,
    5.35713074e+02, 4.06507324e+02, 5.41499451e+02, 3.87295105e+02 ]
