%YAML:1.0
---
points: [ 6.25061455e+01, 1.90892410e+02, 6.50380249e+01, 1.83750763e+02,
    6.74451447e+01, 1.77028259e+02, 6.99658203e+01, 1.70262466e+02,
    7.32772751e+01, 1.60741776e+02, 7.32772827e+01, 1.60741730e+02,
    7.05354004e+01, 1.91619614e+02, 7.29384003e+01, 1.84817169e+02,
    7.53248367e+01, 1.77850357e+02, 7.75857773e+01, 1.71250366e+02,
    8.10390396e+01, 1.61103668e+02, 8.21593018e+01, 1.58195450e+02,
    7.86880188e+01, 1.92570557e+02, 8.10538940e+01, 1.85610535e+02,
    8.33164368e+01, 1.78823181e+02, 8.56169281e+01, 1.72094864e+02,
    8.79605255e+01, 1.65452744e+02, 9.01748581e+01, 1.59088684e+02,
    8.67696381e+01, 1.93486786e+02, 8.90700989e+01, 1.86560410e+02,
    9.13519211e+01, 1.79645401e+02, 9.35886688e+01, 1.72914398e+02,
    9.57149048e+01, 1.66367661e+02, 9.78141174e+01, 1.60074463e+02,
    9.50549774e+01, 1.94364380e+02, 9.71820221e+01, 1.87492355e+02,
    9.93144379e+01, 1.80620346e+02, 1.01513855e+02, 1.73855942e+02,
    1.03635468e+02, 1.67246445e+02, 1.05568436e+02, 1.61158554e+02,
    1.03095055e+02, 1.95331024e+02, 1.05317429e+02, 1.88327667e+02,
    1.07367470e+02, 1.81526093e+02, 1.09546150e+02, 1.74706757e+02,
    1.11374100e+02, 1.68318787e+02, 1.13388275e+02, 1.61605759e+02,
    1.11351784e+02, 1.96353455e+02, 1.13395676e+02, 1.89316986e+02,
    1.15371727e+02, 1.82415512e+02, 1.17364006e+02, 1.75714905e+02,
    1.19380562e+02, 1.69135300e+02, 1.20311264e+02, 1.66172562e+02,
    1.19562263e+02, 1.97207764e+02, 1.21559120e+02, 1.90299423e+02,
    1.23457520e+02, 1.83357895e+02, 1.25410294e+02, 1.76616318e+02,
    1.27297226e+02, 1.70048737e+02, 1.29044647e+02, 1.63131439e+02 ]
