%YAML:1.0
---
points: [ 2.02567429e+02, 2.10845016e+02, 2.11152390e+02, 2.10090805e+02,
    2.20137619e+02, 2.09086792e+02, 2.29566330e+02, 2.08277985e+02,
    2.39549835e+02, 2.07209579e+02, 2.50121048e+02, 2.06196960e+02,
    2.03765488e+02, 2.24306183e+02, 2.12367691e+02, 2.23724014e+02,
    2.21361664e+02, 2.23282928e+02, 2.30854324e+02, 2.22589828e+02,
    2.40891983e+02, 2.22090805e+02, 2.51465439e+02, 2.21493607e+02,
    2.04964249e+02, 2.37564407e+02, 2.13543213e+02, 2.37437012e+02,
    2.22648361e+02, 2.37221146e+02, 2.32146011e+02, 2.37124329e+02,
    2.42157745e+02, 2.36887985e+02, 2.52895340e+02, 2.36739838e+02,
    2.06207443e+02, 2.50903259e+02, 2.14801086e+02, 2.51053360e+02,
    2.23858231e+02, 2.51203857e+02, 2.33441620e+02, 2.51342773e+02,
    2.43535950e+02, 2.51624619e+02, 2.54223404e+02, 2.51884613e+02,
    2.07405960e+02, 2.64188202e+02, 2.16054901e+02, 2.64749207e+02,
    2.25169418e+02, 2.65230499e+02, 2.34733292e+02, 2.65945709e+02,
    2.44894867e+02, 2.66520691e+02, 2.55556808e+02, 2.67177917e+02,
    2.08503647e+02, 2.77464081e+02, 2.17266541e+02, 2.78373230e+02,
    2.26370987e+02, 2.79276794e+02, 2.36063522e+02, 2.80351257e+02,
    2.46207138e+02, 2.81271820e+02, 2.56973022e+02, 2.82437653e+02,
    2.09762207e+02, 2.90947723e+02, 2.18520172e+02, 2.92181976e+02,
    2.27687469e+02, 2.93425537e+02, 2.37347641e+02, 2.94865845e+02,
    2.47578293e+02, 2.96299286e+02, 2.58339478e+02, 2.97800385e+02,
    2.10961212e+02, 3.04337677e+02, 2.19729065e+02, 3.05784332e+02,
    2.28936600e+02, 3.07538147e+02, 2.38627869e+02, 3.09283630e+02,
    2.48855164e+02, 3.11138031e+02, 2.59784882e+02, 3.13034546e+02 ]
