%YAML:1.0
---
points: [ 8.90539856e+02, 3.82991333e+02, 9.16823242e+02, 4.12329376e+02,
    9.42827026e+02, 4.41369080e+02, 9.68591370e+02, 4.69956909e+02,
    9.93939331e+02, 4.98368378e+02, 1.01914203e+03, 5.26355591e+02,
    8.61604370e+02, 4.09477386e+02, 8.88148682e+02, 4.38534607e+02,
    9.14346619e+02, 4.67491180e+02, 9.40120544e+02, 4.95943481e+02,
    9.65656006e+02, 5.24142883e+02, 9.90922546e+02, 5.52073120e+02,
    8.32620178e+02, 4.35659668e+02, 8.59356140e+02, 4.64608734e+02,
    8.85610352e+02, 4.93458435e+02, 9.11553650e+02, 5.21742432e+02,
    9.37373047e+02, 5.49739746e+02, 9.62633545e+02, 5.77586548e+02,
    8.03787537e+02, 4.62141174e+02, 8.30527222e+02, 4.90919800e+02,
    8.57118042e+02, 5.19498413e+02, 8.83277405e+02, 5.47608337e+02,
    9.09151306e+02, 5.75522217e+02, 9.34604431e+02, 6.03238403e+02,
    7.74683167e+02, 4.88339478e+02, 8.01709778e+02, 5.17124817e+02,
    8.28403992e+02, 5.45482544e+02, 8.54661316e+02, 5.73501892e+02,
    8.80663940e+02, 6.01262207e+02, 9.06431152e+02, 6.28697876e+02,
    7.45791016e+02, 5.14575562e+02, 7.73064880e+02, 5.43224548e+02,
    7.99834351e+02, 5.71497314e+02, 8.26263855e+02, 5.99439331e+02,
    8.52449341e+02, 6.27068787e+02, 8.78332092e+02, 6.54265686e+02,
    7.16453064e+02, 5.41165405e+02, 7.43907104e+02, 5.69503845e+02,
    7.70856018e+02, 5.97660095e+02, 7.97610168e+02, 6.25394836e+02,
    8.23974548e+02, 6.52754456e+02, 8.49904297e+02, 6.80223938e+02,
    6.87404480e+02, 5.67474121e+02, 7.14873108e+02, 5.95654663e+02,
    7.42252075e+02, 6.23571533e+02, 7.69011353e+02, 6.51399597e+02,
    7.95630798e+02, 6.78578613e+02, 8.21689636e+02, 7.05645203e+02 ]
