%YAML:1.0
---
points: [ 7.61415039e+02, 4.03650177e+02, 8.00557800e+02, 4.09294464e+02,
    8.39357849e+02, 4.14949097e+02, 8.78292786e+02, 4.20524567e+02,
    9.17047668e+02, 4.26248932e+02, 9.55557800e+02, 4.31610718e+02,
    7.56629578e+02, 4.42795105e+02, 7.95619019e+02, 4.48485565e+02,
    8.34297424e+02, 4.54158356e+02, 8.73058777e+02, 4.59533936e+02,
    9.11563965e+02, 4.65076599e+02, 9.49955383e+02, 4.70462128e+02,
    7.52045227e+02, 4.81441467e+02, 7.90718628e+02, 4.86863922e+02,
    8.29287537e+02, 4.92393982e+02, 8.67827881e+02, 4.97858154e+02,
    9.06366394e+02, 5.03430573e+02, 9.44557861e+02, 5.08751465e+02,
    7.47466309e+02, 5.19668579e+02, 7.85788452e+02, 5.25237976e+02,
    8.24366333e+02, 5.30497009e+02, 8.62639465e+02, 5.36027283e+02,
    9.00991211e+02, 5.41475525e+02, 9.39188904e+02, 5.46900757e+02,
    7.42624634e+02, 5.57770752e+02, 7.80943481e+02, 5.63236816e+02,
    8.19246460e+02, 5.68586975e+02, 8.57492188e+02, 5.74062622e+02,
    8.95789001e+02, 5.79453186e+02, 9.33629089e+02, 5.84802795e+02,
    7.37809082e+02, 5.95611267e+02, 7.76160767e+02, 6.00920105e+02,
    8.14395752e+02, 6.06289612e+02, 8.52521973e+02, 6.11579224e+02,
    8.90465759e+02, 6.17073547e+02, 9.28296692e+02, 6.22281006e+02,
    7.33176331e+02, 6.33357300e+02, 7.71256226e+02, 6.38549316e+02,
    8.09303650e+02, 6.43815613e+02, 8.47371948e+02, 6.49167908e+02,
    8.85219971e+02, 6.54491577e+02, 9.23046692e+02, 6.59720886e+02,
    7.28343018e+02, 6.70447388e+02, 7.66361877e+02, 6.75568787e+02,
    8.04472961e+02, 6.80825623e+02, 8.42295837e+02, 6.86234802e+02,
    8.80023804e+02, 6.91389526e+02, 9.17632141e+02, 6.96612610e+02 ]
