%YAML:1.0
---
points: [ 1.47306351e+02, 2.33025757e+02, 1.60740631e+02, 2.24466232e+02,
    1.74469040e+02, 2.15699921e+02, 1.88410492e+02, 2.06794281e+02,
    2.02657883e+02, 1.97656982e+02, 2.17240280e+02, 1.88309631e+02,
    1.57206650e+02, 2.47310913e+02, 1.70653366e+02, 2.38949493e+02,
    1.84396698e+02, 2.30419342e+02, 1.98337830e+02, 2.21673096e+02,
    2.12638626e+02, 2.12864731e+02, 2.27217575e+02, 2.03662613e+02,
    1.66895630e+02, 2.61421570e+02, 1.80326691e+02, 2.53252609e+02,
    1.94107895e+02, 2.44859940e+02, 2.08113663e+02, 2.36469223e+02,
    2.22452576e+02, 2.27681290e+02, 2.37049789e+02, 2.18877991e+02,
    1.76519363e+02, 2.75376923e+02, 1.89982025e+02, 2.67375275e+02,
    2.03740677e+02, 2.59255646e+02, 2.17774261e+02, 2.50923294e+02,
    2.32127228e+02, 2.42457687e+02, 2.46760834e+02, 2.33829086e+02,
    1.85975189e+02, 2.89207397e+02, 1.99446609e+02, 2.81405212e+02,
    2.13242081e+02, 2.73452301e+02, 2.27323441e+02, 2.65348602e+02,
    2.41674332e+02, 2.57076385e+02, 2.56362854e+02, 2.48643005e+02,
    1.95254105e+02, 3.02889282e+02, 2.08835403e+02, 2.95332336e+02,
    2.22687592e+02, 2.87535522e+02, 2.36765289e+02, 2.79596405e+02,
    2.51140900e+02, 2.71538849e+02, 2.65850250e+02, 2.63234375e+02,
    2.04614304e+02, 3.16475922e+02, 2.18125931e+02, 3.09045624e+02,
    2.32035019e+02, 3.01530365e+02, 2.46169571e+02, 2.93821472e+02,
    2.60593353e+02, 2.85910187e+02, 2.75291962e+02, 2.77908997e+02,
    2.13763306e+02, 3.29984711e+02, 2.27326920e+02, 3.22705444e+02,
    2.41228760e+02, 3.15303253e+02, 2.55365829e+02, 3.07787750e+02,
    2.69815704e+02, 3.00110199e+02, 2.84584381e+02, 2.92239532e+02 ]
