%YAML:1.0
---
points: [ 1.38025970e+02, 1.61234497e+02, 1.38025970e+02, 1.61234528e+02,
    1.39452240e+02, 1.75188980e+02, 1.39452240e+02, 1.75188995e+02,
    1.40679031e+02, 1.87320251e+02, 1.40965622e+02, 1.91003586e+02,
    1.30246689e+02, 1.61052521e+02, 1.30247269e+02, 1.61056839e+02,
    1.31535645e+02, 1.74723328e+02, 1.31535645e+02, 1.74723358e+02,
    1.32343933e+02, 1.84691284e+02, 1.32916870e+02, 1.91647247e+02,
    1.22356529e+02, 1.60963287e+02, 1.22356529e+02, 1.60963287e+02,
    1.23515427e+02, 1.74375473e+02, 1.23700752e+02, 1.78256882e+02,
    1.23923584e+02, 1.82117096e+02, 1.24746437e+02, 1.91720551e+02,
    1.14472023e+02, 1.61291245e+02, 1.14472023e+02, 1.61291260e+02,
    1.14938553e+02, 1.71093704e+02, 1.15775162e+02, 1.81392563e+02,
    1.15910957e+02, 1.85027390e+02, 1.16599014e+02, 1.91821609e+02,
    1.06188591e+02, 1.60973129e+02, 1.06188591e+02, 1.60973129e+02,
    1.06761963e+02, 1.69501221e+02, 1.07308235e+02, 1.78733109e+02,
    1.07690399e+02, 1.85555786e+02, 1.07948013e+02, 1.92418304e+02,
    9.78614349e+01, 1.58705673e+02, 9.85166702e+01, 1.68955917e+02,
    9.85166702e+01, 1.68955948e+02, 9.87890930e+01, 1.78681564e+02,
    9.92369843e+01, 1.85751282e+02, 9.97152634e+01, 1.92712585e+02,
    8.96369629e+01, 1.58575287e+02, 8.98619919e+01, 1.68254822e+02,
    9.00444717e+01, 1.72191513e+02, 9.04579849e+01, 1.78777863e+02,
    9.06897430e+01, 1.85821655e+02, 9.08288116e+01, 1.92824203e+02,
    8.14192810e+01, 1.58539017e+02, 8.15509109e+01, 1.65823013e+02,
    8.17016678e+01, 1.72581131e+02, 8.17559509e+01, 1.79189423e+02,
    8.19227371e+01, 1.86130188e+02, 8.21771622e+01, 1.93308746e+02 ]
