%YAML:1.0
---
points: [ 5.69200562e+02, 3.72762238e+02, 5.70643494e+02, 3.91510437e+02,
    5.72363342e+02, 4.10318817e+02, 5.74119080e+02, 4.29627441e+02,
    5.75696777e+02, 4.49182465e+02, 5.77439148e+02, 4.68813110e+02,
    5.45634460e+02, 3.72770477e+02, 5.47349670e+02, 3.91551056e+02,
    5.48657593e+02, 4.10784485e+02, 5.50271790e+02, 4.29951904e+02,
    5.51661438e+02, 4.49718567e+02, 5.53382385e+02, 4.69632935e+02,
    5.22144958e+02, 3.72704590e+02, 5.23408691e+02, 3.91631439e+02,
    5.24570190e+02, 4.11014374e+02, 5.26131409e+02, 4.30396973e+02,
    5.27422485e+02, 4.50222504e+02, 5.28694946e+02, 4.70501434e+02,
    4.97956726e+02, 3.72734131e+02, 4.99168457e+02, 3.91791931e+02,
    5.00299866e+02, 4.11326874e+02, 5.01443207e+02, 4.30951172e+02,
    5.02565918e+02, 4.51114258e+02, 5.03710449e+02, 4.71227448e+02,
    4.73555115e+02, 3.72692322e+02, 4.74587524e+02, 3.91908295e+02,
    4.75456635e+02, 4.11586426e+02, 4.76554352e+02, 4.31455139e+02,
    4.77449829e+02, 4.51616638e+02, 4.78487885e+02, 4.72142883e+02,
    4.48694214e+02, 3.72660797e+02, 4.49556122e+02, 3.92147949e+02,
    4.50350647e+02, 4.11912292e+02, 4.51189331e+02, 4.31851196e+02,
    4.51836334e+02, 4.52238525e+02, 4.52741394e+02, 4.72867065e+02,
    4.23493195e+02, 3.72797760e+02, 4.24167267e+02, 3.92271790e+02,
    4.24681305e+02, 4.12284332e+02, 4.25292114e+02, 4.32519806e+02,
    4.25922028e+02, 4.53011902e+02, 4.26588654e+02, 4.73827393e+02,
    3.98070099e+02, 3.72794952e+02, 3.98502869e+02, 3.92543610e+02,
    3.98972076e+02, 4.12660065e+02, 3.99292297e+02, 4.33034729e+02,
    3.99690826e+02, 4.53684052e+02, 4.00101044e+02, 4.74706512e+02 ]
