%YAML:1.0
---
points: [ 1.34500900e+02, 2.35840347e+02, 1.50133377e+02, 2.25386642e+02,
    1.66059753e+02, 2.14816528e+02, 1.82109787e+02, 2.04010513e+02,
    1.98433533e+02, 1.93123642e+02, 2.15005585e+02, 1.82026382e+02,
    1.44682434e+02, 2.52646286e+02, 1.60469681e+02, 2.42298172e+02,
    1.76528854e+02, 2.31809952e+02, 1.92715149e+02, 2.21141388e+02,
    2.09129547e+02, 2.10343796e+02, 2.25813309e+02, 1.99349670e+02,
    1.54897064e+02, 2.69439789e+02, 1.70800354e+02, 2.59189728e+02,
    1.86881241e+02, 2.48783508e+02, 2.03274872e+02, 2.38261780e+02,
    2.19806976e+02, 2.27567062e+02, 2.36628418e+02, 2.16719299e+02,
    1.65162308e+02, 2.86387329e+02, 1.81210892e+02, 2.76222565e+02,
    1.97452957e+02, 2.65872101e+02, 2.13855255e+02, 2.55509109e+02,
    2.30598221e+02, 2.44871155e+02, 2.47486130e+02, 2.34163284e+02,
    1.75429337e+02, 3.03544159e+02, 1.91582687e+02, 2.93431824e+02,
    2.08004471e+02, 2.83232727e+02, 2.24595612e+02, 2.72890869e+02,
    2.41357239e+02, 2.62275635e+02, 2.58440857e+02, 2.51719284e+02,
    1.85756912e+02, 3.20712097e+02, 2.02052994e+02, 3.10700317e+02,
    2.18605667e+02, 3.00599030e+02, 2.35273117e+02, 2.90321991e+02,
    2.52242020e+02, 2.79898010e+02, 2.69492249e+02, 2.69282959e+02,
    1.96229111e+02, 3.38052368e+02, 2.12656876e+02, 3.28257111e+02,
    2.29275742e+02, 3.18218140e+02, 2.46144470e+02, 3.08104614e+02,
    2.63241180e+02, 2.97789520e+02, 2.80711243e+02, 2.87355621e+02,
    2.06741364e+02, 3.55559631e+02, 2.23209198e+02, 3.45806458e+02,
    2.40060684e+02, 3.35915649e+02, 2.56993988e+02, 3.25890228e+02,
    2.74326385e+02, 3.15718506e+02, 2.91856934e+02, 3.05404846e+02 ]
