%YAML:1.0
---
points: [ 6.74564392e+02, 3.83424866e+02, 7.14081360e+02, 3.85670135e+02,
    7.53619141e+02, 3.87886780e+02, 7.92805298e+02, 3.90345490e+02,
    8.32352112e+02, 3.92488892e+02, 8.71459473e+02, 3.94625702e+02,
    6.73591919e+02, 4.23172424e+02, 7.12887390e+02, 4.25321289e+02,
    7.52311096e+02, 4.27651245e+02, 7.91444519e+02, 4.29814484e+02,
    8.30598511e+02, 4.32075531e+02, 8.69588257e+02, 4.34157532e+02,
    6.72523560e+02, 4.62263580e+02, 7.11827209e+02, 4.64526672e+02,
    7.50934448e+02, 4.66673615e+02, 7.90017883e+02, 4.68806427e+02,
    8.28928040e+02, 4.71190582e+02, 8.67760315e+02, 4.73214996e+02,
    6.71546814e+02, 5.01271271e+02, 7.10650024e+02, 5.03301208e+02,
    7.49560242e+02, 5.05409271e+02, 7.88452393e+02, 5.07588959e+02,
    8.27387939e+02, 5.09703217e+02, 8.65831482e+02, 5.11987793e+02,
    6.70405457e+02, 5.39749268e+02, 7.09311768e+02, 5.41777344e+02,
    7.48326172e+02, 5.44131592e+02, 7.86852539e+02, 5.46097168e+02,
    8.25617798e+02, 5.48310974e+02, 8.64307556e+02, 5.50383179e+02,
    6.69321716e+02, 5.77884399e+02, 7.08245850e+02, 5.80159607e+02,
    7.46909607e+02, 5.82187012e+02, 7.85465759e+02, 5.84348206e+02,
    8.23868591e+02, 5.86411865e+02, 8.62375122e+02, 5.88340698e+02,
    6.68194275e+02, 6.16336487e+02, 7.06915588e+02, 6.18349060e+02,
    7.45327454e+02, 6.20255981e+02, 7.83889099e+02, 6.22363770e+02,
    8.22374329e+02, 6.24391541e+02, 8.60477966e+02, 6.26443481e+02,
    6.66991394e+02, 6.53670349e+02, 7.05590088e+02, 6.55716064e+02,
    7.44028809e+02, 6.57640381e+02, 7.82237000e+02, 6.59812500e+02,
    8.20486267e+02, 6.61647156e+02, 8.58603394e+02, 6.63784973e+02 ]
