%YAML:1.0
---
points: [ 5.20726562e+02, 3.45659332e+02, 5.27489136e+02, 3.64697266e+02,
    5.34215454e+02, 3.83513153e+02, 5.41177246e+02, 4.02706055e+02,
    5.47791077e+02, 4.21707916e+02, 5.54644653e+02, 4.41257874e+02,
    4.98183136e+02, 3.50454651e+02, 5.04646057e+02, 3.69401917e+02,
    5.11288879e+02, 3.88445374e+02, 5.18083557e+02, 4.07638092e+02,
    5.24940491e+02, 4.27419830e+02, 5.31684143e+02, 4.46687927e+02,
    4.75093323e+02, 3.55131836e+02, 4.81691132e+02, 3.74439301e+02,
    4.88238556e+02, 3.93548492e+02, 4.94799896e+02, 4.13057343e+02,
    5.01583893e+02, 4.32451782e+02, 5.08433105e+02, 4.52379761e+02,
    4.51695221e+02, 3.60069733e+02, 4.58290222e+02, 3.79279877e+02,
    4.64621979e+02, 3.98717926e+02, 4.71259430e+02, 4.18360138e+02,
    4.78113007e+02, 4.38358917e+02, 4.84775818e+02, 4.57888245e+02,
    4.27878967e+02, 3.64827484e+02, 4.34396637e+02, 3.84434662e+02,
    4.40696838e+02, 4.04085785e+02, 4.47330719e+02, 4.23929779e+02,
    4.54034760e+02, 4.43670715e+02, 4.60734680e+02, 4.64165588e+02,
    4.04004578e+02, 3.70172882e+02, 4.10253662e+02, 3.89484619e+02,
    4.16487885e+02, 4.09377472e+02, 4.23009308e+02, 4.29366028e+02,
    4.29691437e+02, 4.49718445e+02, 4.36177094e+02, 4.69765472e+02,
    3.79366119e+02, 3.75054932e+02, 3.85497101e+02, 3.94920441e+02,
    3.91748444e+02, 4.14835907e+02, 3.98303925e+02, 4.34967010e+02,
    4.04649658e+02, 4.55445099e+02, 4.11225525e+02, 4.76140015e+02,
    3.54489349e+02, 3.80450012e+02, 3.60594635e+02, 4.00331604e+02,
    3.66981995e+02, 4.20507385e+02, 3.73285278e+02, 4.40717621e+02,
    3.79524811e+02, 4.61338928e+02, 3.85983429e+02, 4.82096954e+02 ]
