%YAML:1.0
---
points: [ 1.22876762e+02, 1.53138672e+02, 1.24040421e+02, 1.56439484e+02,
    1.26246758e+02, 1.62456711e+02, 1.28310638e+02, 1.68565018e+02,
    1.30843826e+02, 1.75261002e+02, 1.33132477e+02, 1.82049698e+02,
    1.15155350e+02, 1.54196640e+02, 1.16124466e+02, 1.57000717e+02,
    1.18574005e+02, 1.64107376e+02, 1.20901802e+02, 1.70409500e+02,
    1.23218925e+02, 1.77248795e+02, 1.25471642e+02, 1.83465759e+02,
    1.06689011e+02, 1.53412720e+02, 1.08622841e+02, 1.59162842e+02,
    1.11065002e+02, 1.66231339e+02, 1.13157227e+02, 1.72262436e+02,
    1.15337830e+02, 1.78901611e+02, 1.17748840e+02, 1.85624924e+02,
    9.88023453e+01, 1.54390640e+02, 1.01046829e+02, 1.61348831e+02,
    1.03177940e+02, 1.67490646e+02, 1.05359268e+02, 1.74226364e+02,
    1.07642570e+02, 1.81013535e+02, 1.09963371e+02, 1.87413803e+02,
    9.11373444e+01, 1.56705170e+02, 9.30649948e+01, 1.62739243e+02,
    9.52764053e+01, 1.69331314e+02, 9.73845444e+01, 1.76099869e+02,
    9.96714249e+01, 1.82766510e+02, 1.01986275e+02, 1.89567902e+02,
    8.30628128e+01, 1.58225571e+02, 8.51548691e+01, 1.64455063e+02,
    8.72715912e+01, 1.71223083e+02, 8.94097748e+01, 1.78087875e+02,
    9.16632767e+01, 1.84640671e+02, 9.39797363e+01, 1.91485428e+02,
    7.51373367e+01, 1.60148804e+02, 7.70951996e+01, 1.66385986e+02,
    7.91758499e+01, 1.73253662e+02, 8.12711716e+01, 1.79924438e+02,
    8.33684769e+01, 1.86773895e+02, 8.56581879e+01, 1.93661331e+02,
    6.70037537e+01, 1.61489868e+02, 6.90753784e+01, 1.68404770e+02,
    7.10604477e+01, 1.75090286e+02, 7.31956711e+01, 1.82053757e+02,
    7.52288818e+01, 1.88742233e+02, 7.73736801e+01, 1.95693573e+02 ]
