%YAML:1.0
---
points: [ 1.10392166e+02, 1.10469673e+02, 1.16854095e+02, 1.13713356e+02,
    1.23301163e+02, 1.18249550e+02, 1.30092453e+02, 1.21240021e+02,
    1.36370377e+02, 1.25847160e+02, 1.42822037e+02, 1.28839157e+02,
    1.06858910e+02, 1.15614616e+02, 1.13433800e+02, 1.19315849e+02,
    1.20160896e+02, 1.23062584e+02, 1.26561798e+02, 1.27080132e+02,
    1.33316589e+02, 1.30763275e+02, 1.39354065e+02, 1.34781525e+02,
    1.03031326e+02, 1.21208923e+02, 1.09719040e+02, 1.24972382e+02,
    1.16436142e+02, 1.28804337e+02, 1.22964134e+02, 1.32505478e+02,
    1.29401276e+02, 1.36519714e+02, 1.35874023e+02, 1.40193054e+02,
    9.92644882e+01, 1.27017952e+02, 1.06012901e+02, 1.30685822e+02,
    1.12452614e+02, 1.34687042e+02, 1.19269966e+02, 1.38471939e+02,
    1.25922371e+02, 1.42193176e+02, 1.32372452e+02, 1.46000504e+02,
    9.52532425e+01, 1.32846298e+02, 1.01909378e+02, 1.36761246e+02,
    1.08879539e+02, 1.40432159e+02, 1.15312057e+02, 1.44410934e+02,
    1.22341675e+02, 1.47939774e+02, 1.28504044e+02, 1.51861862e+02,
    9.13003616e+01, 1.38806686e+02, 9.81097183e+01, 1.42542801e+02,
    1.04941704e+02, 1.46371933e+02, 1.11537071e+02, 1.50176880e+02,
    1.18308922e+02, 1.53907135e+02, 1.25257988e+02, 1.57485382e+02,
    8.72129059e+01, 1.44726654e+02, 9.40868225e+01, 1.48584732e+02,
    1.01066696e+02, 1.52380341e+02, 1.07807610e+02, 1.56149002e+02,
    1.14404541e+02, 1.60029907e+02, 1.21069511e+02, 1.63703369e+02,
    8.33552322e+01, 1.50836227e+02, 9.02667084e+01, 1.54422943e+02,
    9.70662613e+01, 1.58332550e+02, 1.04041992e+02, 1.61974014e+02,
    1.10779999e+02, 1.65907288e+02, 1.17520050e+02, 1.69492050e+02 ]
