%YAML:1.0
---
points: [ 1.76380569e+02, 1.99166550e+02, 1.83026672e+02, 2.16425171e+02,
    1.89458710e+02, 2.33286285e+02, 1.95758957e+02, 2.49758957e+02,
    2.01817902e+02, 2.65773285e+02, 2.07751511e+02, 2.81472046e+02,
    1.58679611e+02, 2.04640671e+02, 1.65564987e+02, 2.21825684e+02,
    1.72154739e+02, 2.38608124e+02, 1.78583908e+02, 2.54902832e+02,
    1.84848801e+02, 2.70913055e+02, 1.90940308e+02, 2.86448242e+02,
    1.40685532e+02, 2.10141525e+02, 1.47824005e+02, 2.27277191e+02,
    1.54742813e+02, 2.43927353e+02, 1.61349854e+02, 2.60205963e+02,
    1.67888733e+02, 2.76076569e+02, 1.74155350e+02, 2.91521606e+02,
    1.23086281e+02, 2.15561859e+02, 1.30373535e+02, 2.32623672e+02,
    1.37469894e+02, 2.49238953e+02, 1.44307587e+02, 2.65310028e+02,
    1.51053665e+02, 2.81155609e+02, 1.57551285e+02, 2.96454590e+02,
    1.05461510e+02, 2.21075089e+02, 1.13021996e+02, 2.37969986e+02,
    1.20281898e+02, 2.54430344e+02, 1.27299187e+02, 2.70483826e+02,
    1.34275558e+02, 2.86115112e+02, 1.40937744e+02, 3.01400238e+02,
    8.82477646e+01, 2.26376297e+02, 9.57819748e+01, 2.43286652e+02,
    1.03250793e+02, 2.59668854e+02, 1.10555000e+02, 2.75586853e+02,
    1.17622147e+02, 2.91171631e+02, 1.24506226e+02, 3.06287750e+02,
    7.10705109e+01, 2.31910202e+02, 7.88744507e+01, 2.48351852e+02,
    8.64575729e+01, 2.64743317e+02, 9.39378357e+01, 2.80576111e+02,
    1.01197952e+02, 2.95975708e+02, 1.08304657e+02, 3.11127441e+02,
    5.42605934e+01, 2.36948105e+02, 6.22681923e+01, 2.53751328e+02,
    6.99258423e+01, 2.69917938e+02, 7.75076675e+01, 2.85543213e+02,
    8.50669098e+01, 3.00941162e+02, 9.23212128e+01, 3.15816345e+02 ]
