%YAML:1.0
---
points: [ 4.87795258e+02, 2.27768158e+02, 5.07734131e+02, 2.39346741e+02,
    5.27666565e+02, 2.51068817e+02, 5.47279846e+02, 2.62396362e+02,
    5.67012207e+02, 2.73728790e+02, 5.86344055e+02, 2.84792450e+02,
    4.76230255e+02, 2.44540482e+02, 4.96430664e+02, 2.56310822e+02,
    5.16498108e+02, 2.67665558e+02, 5.36475830e+02, 2.79261444e+02,
    5.56102295e+02, 2.90351105e+02, 5.75638855e+02, 3.01646606e+02,
    4.64758972e+02, 2.61582642e+02, 4.85114288e+02, 2.73027039e+02,
    5.05367218e+02, 2.84656342e+02, 5.25263306e+02, 2.95822754e+02,
    5.45167358e+02, 3.07373077e+02, 5.64737183e+02, 3.18445404e+02,
    4.52932434e+02, 2.78671112e+02, 4.73499908e+02, 2.90302734e+02,
    4.93974060e+02, 3.01556610e+02, 5.14096436e+02, 3.13150482e+02,
    5.34060486e+02, 3.24362610e+02, 5.53903137e+02, 3.35493561e+02,
    4.41301147e+02, 2.96096802e+02, 4.61799896e+02, 3.07509949e+02,
    4.82447021e+02, 3.19036804e+02, 5.02611633e+02, 3.30356262e+02,
    5.22925110e+02, 3.41639069e+02, 5.42830811e+02, 3.52624573e+02,
    4.29321686e+02, 3.13395569e+02, 4.50144348e+02, 3.25107849e+02,
    4.70694244e+02, 3.36356964e+02, 4.91336182e+02, 3.47763885e+02,
    5.11563110e+02, 3.58814880e+02, 5.31708496e+02, 3.70090912e+02,
    4.17254211e+02, 3.31352661e+02, 4.38113983e+02, 3.42573669e+02,
    4.58900452e+02, 3.54220734e+02, 4.79476898e+02, 3.65410370e+02,
    5.00108215e+02, 3.76709442e+02, 5.20354248e+02, 3.87586487e+02,
    4.04926025e+02, 3.49036743e+02, 4.26109863e+02, 3.60512482e+02,
    4.47078339e+02, 3.71804138e+02, 4.67875183e+02, 3.83243073e+02,
    4.88485809e+02, 3.94224640e+02, 5.08889771e+02, 4.05388092e+02 ]
