%YAML:1.0
---
points: [ 7.20362549e+02, 3.88785492e+02, 7.57635376e+02, 3.88383759e+02,
    7.95209595e+02, 3.88294067e+02, 8.32766174e+02, 3.87897797e+02,
    8.70717834e+02, 3.87546021e+02, 9.09159302e+02, 3.87280914e+02,
    7.20206970e+02, 4.27113861e+02, 7.57366638e+02, 4.27138947e+02,
    7.94838623e+02, 4.27054565e+02, 8.32525513e+02, 4.26914154e+02,
    8.70515747e+02, 4.26732147e+02, 9.08732300e+02, 4.26503876e+02,
    7.19961548e+02, 4.65453400e+02, 7.56949829e+02, 4.65468567e+02,
    7.94606873e+02, 4.65542542e+02, 8.32290344e+02, 4.65469330e+02,
    8.70356995e+02, 4.65597504e+02, 9.08467224e+02, 4.65591125e+02,
    7.19709290e+02, 5.03472260e+02, 7.56921997e+02, 5.03779816e+02,
    7.94195984e+02, 5.04030548e+02, 8.31908813e+02, 5.04182709e+02,
    8.69857056e+02, 5.04392761e+02, 9.08199951e+02, 5.04476227e+02,
    7.19322571e+02, 5.42003845e+02, 7.56405212e+02, 5.42084900e+02,
    7.93895813e+02, 5.42539978e+02, 8.31624939e+02, 5.42814636e+02,
    8.69594299e+02, 5.43239319e+02, 9.07849731e+02, 5.43669067e+02,
    7.18960754e+02, 5.79878906e+02, 7.56173828e+02, 5.80602112e+02,
    7.93639038e+02, 5.80823669e+02, 8.31288025e+02, 5.81503967e+02,
    8.69252625e+02, 5.82019287e+02, 9.07459351e+02, 5.82519226e+02,
    7.18551086e+02, 6.18367188e+02, 7.55826111e+02, 6.18882935e+02,
    7.93157898e+02, 6.19632690e+02, 8.30994751e+02, 6.20231934e+02,
    8.68849365e+02, 6.21000427e+02, 9.07195190e+02, 6.21785461e+02,
    7.18237244e+02, 6.56353821e+02, 7.55382202e+02, 6.57184265e+02,
    7.92832703e+02, 6.57854492e+02, 8.30462769e+02, 6.58992004e+02,
    8.68531921e+02, 6.59632629e+02, 9.06651062e+02, 6.60598083e+02 ]
