%YAML:1.0
---
points: [ 6.95724976e+02, 5.14364685e+02, 7.34388977e+02, 5.11183197e+02,
    7.70900024e+02, 5.07969635e+02, 8.05552612e+02, 5.04944702e+02,
    8.37983948e+02, 5.02302704e+02, 8.68831604e+02, 4.99482788e+02,
    7.01643433e+02, 5.59592712e+02, 7.40155151e+02, 5.54930359e+02,
    7.76419739e+02, 5.50541626e+02, 8.10821838e+02, 5.46371887e+02,
    8.43239502e+02, 5.42512146e+02, 8.73853760e+02, 5.38764954e+02,
    7.07404114e+02, 6.04618164e+02, 7.45674194e+02, 5.98595276e+02,
    7.81795044e+02, 5.92976196e+02, 8.16213379e+02, 5.87606812e+02,
    8.48391724e+02, 5.82611145e+02, 8.78761047e+02, 5.77802795e+02,
    7.12979004e+02, 6.49937012e+02, 7.51295471e+02, 6.42589050e+02,
    7.87297852e+02, 6.35579224e+02, 8.21435608e+02, 6.29072632e+02,
    8.53466064e+02, 6.23033997e+02, 8.83833557e+02, 6.17312622e+02,
    7.18641479e+02, 6.95328003e+02, 7.56824280e+02, 6.86520813e+02,
    7.92502014e+02, 6.78322144e+02, 8.26557434e+02, 6.70554749e+02,
    8.58532654e+02, 6.63304688e+02, 8.88708008e+02, 6.56329224e+02,
    7.24319885e+02, 7.40559753e+02, 7.62295654e+02, 7.30403870e+02,
    7.97990601e+02, 7.20977234e+02, 8.31677551e+02, 7.12258240e+02,
    8.63617676e+02, 7.03512207e+02, 8.93651428e+02, 6.95788330e+02,
    7.29644775e+02, 7.86451416e+02, 7.67628967e+02, 7.74800537e+02,
    8.03253418e+02, 7.64271118e+02, 8.36877930e+02, 7.53906311e+02,
    8.68566833e+02, 7.44410767e+02, 8.98577820e+02, 7.35388123e+02,
    7.35192261e+02, 8.32001343e+02, 7.72854736e+02, 8.19028381e+02,
    8.08395203e+02, 8.07046814e+02, 8.41944397e+02, 7.95690552e+02,
    8.73639160e+02, 7.84871826e+02, 9.03370056e+02, 7.74887756e+02 ]
