%YAML:1.0
---
points: [ 6.65991028e+02, 5.76183899e+02, 6.67990906e+02, 5.38360962e+02,
    6.69819397e+02, 4.99536499e+02, 6.71517517e+02, 4.60363556e+02,
    6.73439758e+02, 4.20189240e+02, 6.75259094e+02, 3.79420898e+02,
    7.06352905e+02, 5.79855469e+02, 7.08443176e+02, 5.42077759e+02,
    7.10622681e+02, 5.03524414e+02, 7.12708923e+02, 4.64540009e+02,
    7.14972778e+02, 4.24535736e+02, 7.17125732e+02, 3.83746246e+02,
    7.45640198e+02, 5.83406860e+02, 7.48457214e+02, 5.45736938e+02,
    7.50748657e+02, 5.07511688e+02, 7.53516052e+02, 4.68599548e+02,
    7.56173462e+02, 4.28752625e+02, 7.58692200e+02, 3.88385712e+02,
    7.85249695e+02, 5.86867432e+02, 7.87980652e+02, 5.49544312e+02,
    7.90859680e+02, 5.11493500e+02, 7.93912354e+02, 4.72587494e+02,
    7.96836853e+02, 4.33262329e+02, 7.99771912e+02, 3.92774200e+02,
    8.24238586e+02, 5.90535095e+02, 8.27490051e+02, 5.53387024e+02,
    8.30638062e+02, 5.15221130e+02, 8.33882874e+02, 4.76659180e+02,
    8.37351318e+02, 4.37421753e+02, 8.40610291e+02, 3.97294556e+02,
    8.62885071e+02, 5.94188293e+02, 8.66459717e+02, 5.56798401e+02,
    8.70127014e+02, 5.19124023e+02, 8.73703003e+02, 4.80732330e+02,
    8.77416138e+02, 4.41472046e+02, 8.81067932e+02, 4.01634766e+02,
    9.01578918e+02, 5.97595154e+02, 9.05496582e+02, 5.60608521e+02,
    9.09384338e+02, 5.23077454e+02, 9.13301758e+02, 4.84618774e+02,
    9.17451050e+02, 4.45548615e+02, 9.21649414e+02, 4.05848541e+02,
    9.39639343e+02, 6.01256897e+02, 9.43953552e+02, 5.64340942e+02,
    9.48311340e+02, 5.26680481e+02, 9.52529663e+02, 4.88572540e+02,
    9.56889526e+02, 4.49694794e+02, 9.61414307e+02, 4.10068024e+02 ]
