%YAML:1.0
---
points: [ 1.42849899e+02, 1.59072342e+02, 1.56132812e+02, 1.78080276e+02,
    1.69287460e+02, 1.96910172e+02, 1.82212387e+02, 2.15325012e+02,
    1.94796143e+02, 2.33559601e+02, 2.07301941e+02, 2.51496231e+02,
    1.23812599e+02, 1.71454514e+02, 1.37275269e+02, 1.90464661e+02,
    1.50539352e+02, 2.09191650e+02, 1.63551834e+02, 2.27658707e+02,
    1.76408875e+02, 2.45817062e+02, 1.88958099e+02, 2.63700806e+02,
    1.04608940e+02, 1.84130188e+02, 1.18164337e+02, 2.03027359e+02,
    1.31552261e+02, 2.21682892e+02, 1.44701080e+02, 2.40068680e+02,
    1.57721954e+02, 2.58202484e+02, 1.70474289e+02, 2.76030365e+02,
    8.56517715e+01, 1.96714111e+02, 9.92404709e+01, 2.15542435e+02,
    1.12692360e+02, 2.34133270e+02, 1.25973907e+02, 2.52412247e+02,
    1.39085297e+02, 2.70512299e+02, 1.51970001e+02, 2.88353577e+02,
    6.66840286e+01, 2.09355453e+02, 8.02627182e+01, 2.28024796e+02,
    9.38194809e+01, 2.46639465e+02, 1.07182907e+02, 2.64947968e+02,
    1.20387924e+02, 2.82919800e+02, 1.33442642e+02, 3.00726807e+02,
    4.81110687e+01, 2.21799179e+02, 6.15544205e+01, 2.40641830e+02,
    7.51003189e+01, 2.59184082e+02, 8.85691986e+01, 2.77290771e+02,
    1.01935585e+02, 2.95316315e+02, 1.15002998e+02, 3.13038300e+02,
    2.99666519e+01, 2.34447235e+02, 4.32653542e+01, 2.52900665e+02,
    5.68522606e+01, 2.71397186e+02, 7.02616119e+01, 2.89543121e+02,
    8.36539764e+01, 3.07399200e+02, 9.68848648e+01, 3.25170013e+02,
    1.23495560e+01, 2.46822449e+02, 2.56806488e+01, 2.65317139e+02,
    3.88845863e+01, 2.83539215e+02, 5.22919884e+01, 3.01595184e+02,
    6.56644211e+01, 3.19343597e+02, 7.89665833e+01, 3.37095032e+02 ]
