%YAML:1.0
---
points: [ 1.79010971e+02, 2.27255249e+02, 1.79738586e+02, 2.14477539e+02,
    1.80433121e+02, 2.01429077e+02, 1.81214050e+02, 1.88214706e+02,
    1.81883560e+02, 1.74670120e+02, 1.82560226e+02, 1.60772003e+02,
    1.92390625e+02, 2.28451172e+02, 1.93311676e+02, 2.15725266e+02,
    1.94152679e+02, 2.02797318e+02, 1.94976913e+02, 1.89500702e+02,
    1.95860657e+02, 1.76034882e+02, 1.96699051e+02, 1.62292282e+02,
    2.05699188e+02, 2.29744614e+02, 2.06716827e+02, 2.17020691e+02,
    2.07624237e+02, 2.04170242e+02, 2.08622604e+02, 1.91031219e+02,
    2.09580429e+02, 1.77533691e+02, 2.10671051e+02, 1.63803375e+02,
    2.18947235e+02, 2.30930298e+02, 2.20081924e+02, 2.18300293e+02,
    2.21221680e+02, 2.05360504e+02, 2.22283447e+02, 1.92335861e+02,
    2.23386642e+02, 1.78961548e+02, 2.24521606e+02, 1.65317917e+02,
    2.32097519e+02, 2.32172974e+02, 2.33266388e+02, 2.19604584e+02,
    2.34467255e+02, 2.06703842e+02, 2.35826416e+02, 1.93622940e+02,
    2.37070114e+02, 1.80270752e+02, 2.38343521e+02, 1.66761780e+02,
    2.45175323e+02, 2.33467438e+02, 2.46440186e+02, 2.20788895e+02,
    2.47842346e+02, 2.08096191e+02, 2.49191849e+02, 1.95085037e+02,
    2.50591995e+02, 1.81717178e+02, 2.52056717e+02, 1.68153275e+02,
    2.58152802e+02, 2.34519852e+02, 2.59603790e+02, 2.22133057e+02,
    2.61146881e+02, 2.09243011e+02, 2.62621002e+02, 1.96412292e+02,
    2.64178833e+02, 1.83158768e+02, 2.65746460e+02, 1.69621384e+02,
    2.71174530e+02, 2.35750931e+02, 2.72623383e+02, 2.23301910e+02,
    2.74259216e+02, 2.10528687e+02, 2.75869965e+02, 1.97578354e+02,
    2.77545258e+02, 1.84510727e+02, 2.79229095e+02, 1.71045044e+02 ]
