%YAML:1.0
---
points: [ 2.79573608e+02, 6.46939621e+01, 2.79310760e+02, 7.58299942e+01,
    2.79024536e+02, 8.61302490e+01, 2.78898376e+02, 9.54398270e+01,
    2.78706116e+02, 1.04186523e+02, 2.78727020e+02, 1.12170799e+02,
    2.62490448e+02, 6.51127853e+01, 2.62938995e+02, 7.61534271e+01,
    2.63529144e+02, 8.62507477e+01, 2.63913147e+02, 9.56907578e+01,
    2.64393951e+02, 1.04296410e+02, 2.64663483e+02, 1.12328094e+02,
    2.45340698e+02, 6.52637558e+01, 2.46684021e+02, 7.64132614e+01,
    2.47820816e+02, 8.65197601e+01, 2.48929047e+02, 9.60210953e+01,
    2.49861069e+02, 1.04483444e+02, 2.50850952e+02, 1.12570679e+02,
    2.28470596e+02, 6.57183914e+01, 2.30410721e+02, 7.66607285e+01,
    2.32375809e+02, 8.67832413e+01, 2.33983109e+02, 9.61185226e+01,
    2.35641525e+02, 1.04670052e+02, 2.37023254e+02, 1.12690483e+02,
    2.11599716e+02, 6.61421967e+01, 2.14380463e+02, 7.68644257e+01,
    2.16840271e+02, 8.71250153e+01, 2.19185715e+02, 9.63735962e+01,
    2.21227692e+02, 1.04873001e+02, 2.23279495e+02, 1.12694038e+02,
    1.94972443e+02, 6.63650436e+01, 1.98262207e+02, 7.72684860e+01,
    2.01456497e+02, 8.72135773e+01, 2.04336761e+02, 9.64803925e+01,
    2.07049606e+02, 1.05013138e+02, 2.09452011e+02, 1.12863289e+02,
    1.78263412e+02, 6.66473312e+01, 1.82367142e+02, 7.74774094e+01,
    1.86129318e+02, 8.73376541e+01, 1.89632278e+02, 9.65355606e+01,
    1.92808243e+02, 1.05095047e+02, 1.95972443e+02, 1.12999695e+02,
    1.61611206e+02, 6.69065628e+01, 1.66360626e+02, 7.76066055e+01,
    1.70886307e+02, 8.75956421e+01, 1.74954056e+02, 9.67420273e+01,
    1.78723923e+02, 1.05096840e+02, 1.82137390e+02, 1.13054237e+02 ]
