%YAML:1.0
---
points: [ 9.36098999e+02, 4.10371399e+02, 9.34816040e+02, 4.50726471e+02,
    9.33749695e+02, 4.90710266e+02, 9.32592957e+02, 5.29702820e+02,
    9.31655029e+02, 5.68637390e+02, 9.30480774e+02, 6.06893921e+02,
    8.97250061e+02, 4.09857727e+02, 8.96341187e+02, 4.50752289e+02,
    8.95505005e+02, 4.91215454e+02, 8.94602478e+02, 5.30717224e+02,
    8.93572998e+02, 5.70140076e+02, 8.92710266e+02, 6.08630554e+02,
    8.56838928e+02, 4.09385071e+02, 8.56342285e+02, 4.50804993e+02,
    8.55694275e+02, 4.91650879e+02, 8.55147095e+02, 5.31806274e+02,
    8.54512329e+02, 5.71526978e+02, 8.53862488e+02, 6.10672302e+02,
    8.15895142e+02, 4.08856232e+02, 8.15654907e+02, 4.50859192e+02,
    8.15408691e+02, 4.92302673e+02, 8.15152039e+02, 5.32855530e+02,
    8.14634399e+02, 5.73119202e+02, 8.14283386e+02, 6.12573669e+02,
    7.73725037e+02, 4.08436096e+02, 7.73789734e+02, 4.50857697e+02,
    7.73862793e+02, 4.92701538e+02, 7.73764587e+02, 5.33823059e+02,
    7.73777344e+02, 5.74578735e+02, 7.73626282e+02, 6.14445801e+02,
    7.30390869e+02, 4.07843933e+02, 7.30895020e+02, 4.50751343e+02,
    7.31231628e+02, 4.93343689e+02, 7.31479065e+02, 5.34900574e+02,
    7.31707153e+02, 5.76288330e+02, 7.31949402e+02, 6.16791199e+02,
    6.85726379e+02, 4.07357300e+02, 6.86532288e+02, 4.50867584e+02,
    6.87357666e+02, 4.93783813e+02, 6.87853638e+02, 5.36145630e+02,
    6.88483154e+02, 5.77697632e+02, 6.88975769e+02, 6.18818542e+02,
    6.39754150e+02, 4.06634125e+02, 6.41040222e+02, 4.50769409e+02,
    6.42160950e+02, 4.94397552e+02, 6.43217529e+02, 5.37247986e+02,
    6.43974304e+02, 5.79561157e+02, 6.44738037e+02, 6.21092529e+02 ]
