%YAML:1.0
---
points: [ 2.71322906e+02, 1.71395111e+02, 2.70927399e+02, 1.85148010e+02,
    2.70312256e+02, 1.98581772e+02, 2.69801971e+02, 2.11884750e+02,
    2.69312012e+02, 2.25081757e+02, 2.68844116e+02, 2.38079971e+02,
    2.58284821e+02, 1.71318924e+02, 2.57908722e+02, 1.85152542e+02,
    2.57561096e+02, 1.98730545e+02, 2.57059509e+02, 2.12267731e+02,
    2.56654114e+02, 2.25537521e+02, 2.56229095e+02, 2.38623596e+02,
    2.44910233e+02, 1.71122589e+02, 2.44627029e+02, 1.85205460e+02,
    2.44282684e+02, 1.98917923e+02, 2.43942032e+02, 2.12586258e+02,
    2.43629898e+02, 2.26045013e+02, 2.43286194e+02, 2.39324051e+02,
    2.31290680e+02, 1.70939194e+02, 2.31111420e+02, 1.85198608e+02,
    2.30840271e+02, 1.99178329e+02, 2.30579758e+02, 2.12869171e+02,
    2.30337677e+02, 2.26492050e+02, 2.30084732e+02, 2.39879639e+02,
    2.17255722e+02, 1.70707413e+02, 2.17234055e+02, 1.85242508e+02,
    2.17049271e+02, 1.99286621e+02, 2.16928970e+02, 2.13334183e+02,
    2.16702576e+02, 2.27098557e+02, 2.16632416e+02, 2.40643295e+02,
    2.02921600e+02, 1.70583908e+02, 2.02812805e+02, 1.85197037e+02,
    2.02853363e+02, 1.99505692e+02, 2.02816544e+02, 2.13653793e+02,
    2.02767990e+02, 2.27630798e+02, 2.02728622e+02, 2.41321075e+02,
    1.88160858e+02, 1.70377472e+02, 1.88321884e+02, 1.85195999e+02,
    1.88375595e+02, 1.99693344e+02, 1.88381897e+02, 2.14082764e+02,
    1.88453506e+02, 2.28143433e+02, 1.88481735e+02, 2.42069992e+02,
    1.72979736e+02, 1.70261230e+02, 1.73088348e+02, 1.85164185e+02,
    1.73320770e+02, 1.99959686e+02, 1.73428101e+02, 2.14458603e+02,
    1.73689392e+02, 2.28680786e+02, 1.73826828e+02, 2.42801224e+02 ]
