%YAML:1.0
---
points: [ 6.31124268e+02, 5.39161133e+02, 6.69918579e+02, 5.29264648e+02,
    7.06409241e+02, 5.20037903e+02, 7.40696472e+02, 5.11435242e+02,
    7.73063721e+02, 5.03215942e+02, 8.03572998e+02, 4.95540070e+02,
    6.45791931e+02, 5.82613525e+02, 6.84261108e+02, 5.71471375e+02,
    7.20336365e+02, 5.60947876e+02, 7.54243652e+02, 5.51109924e+02,
    7.86115234e+02, 5.41914917e+02, 8.16315796e+02, 5.33158020e+02,
    6.60632568e+02, 6.26208252e+02, 6.98472595e+02, 6.13624390e+02,
    7.34157898e+02, 6.01873169e+02, 7.67605164e+02, 5.90743164e+02,
    7.99275452e+02, 5.80455872e+02, 8.28766724e+02, 5.70670410e+02,
    6.75322449e+02, 6.69641296e+02, 7.12536987e+02, 6.55801208e+02,
    7.47881226e+02, 6.42739990e+02, 7.80876221e+02, 6.30556335e+02,
    8.11960449e+02, 6.19188843e+02, 8.41506592e+02, 6.08209656e+02,
    6.89618103e+02, 7.13500427e+02, 7.26790894e+02, 6.98175476e+02,
    7.61429993e+02, 6.83825439e+02, 7.94207458e+02, 6.70382996e+02,
    8.24964355e+02, 6.57641113e+02, 8.53908081e+02, 6.45779114e+02,
    7.04374451e+02, 7.57184326e+02, 7.40784912e+02, 7.40533264e+02,
    7.75282532e+02, 7.24859192e+02, 8.07361145e+02, 7.10333984e+02,
    8.37897949e+02, 6.96323547e+02, 8.66526794e+02, 6.83451599e+02,
    7.18620544e+02, 8.01329834e+02, 7.54776062e+02, 7.83303101e+02,
    7.88716370e+02, 7.66380310e+02, 8.20704529e+02, 7.50419189e+02,
    8.50704773e+02, 7.35485168e+02, 8.79243042e+02, 7.21200745e+02,
    7.33140076e+02, 8.45203857e+02, 7.68654236e+02, 8.25761719e+02,
    8.02347412e+02, 8.07500671e+02, 8.33751587e+02, 7.90362366e+02,
    8.63579102e+02, 7.74154907e+02, 8.91520752e+02, 7.59116882e+02 ]
