%YAML:1.0
---
points: [ 5.29433105e+02, 7.06490295e+02, 5.59498657e+02, 6.82043579e+02,
    5.87500000e+02, 6.59309387e+02, 6.13329773e+02, 6.38224609e+02,
    6.37405823e+02, 6.18558960e+02, 6.59835632e+02, 6.00273865e+02,
    5.67764954e+02, 7.35953613e+02, 5.96475403e+02, 7.10294617e+02,
    6.22982483e+02, 6.86563660e+02, 6.47548340e+02, 6.64429749e+02,
    6.70488892e+02, 6.43994446e+02, 6.91815979e+02, 6.24724976e+02,
    6.06081055e+02, 7.65270508e+02, 6.33247131e+02, 7.38492676e+02,
    6.58429871e+02, 7.13629822e+02, 6.81709229e+02, 6.90573975e+02,
    7.03464233e+02, 6.69222107e+02, 7.23645813e+02, 6.49376221e+02,
    6.44271667e+02, 7.94650940e+02, 6.69906494e+02, 7.66779541e+02,
    6.93639465e+02, 7.40790894e+02, 7.15677063e+02, 7.16907410e+02,
    7.36248413e+02, 6.94641357e+02, 7.55417480e+02, 6.73759155e+02,
    6.82377930e+02, 8.24208008e+02, 7.06496094e+02, 7.95110535e+02,
    7.28869812e+02, 7.68328369e+02, 7.49644470e+02, 7.43376343e+02,
    7.69039001e+02, 7.20072144e+02, 7.86994873e+02, 6.98480103e+02,
    7.20317505e+02, 8.53541809e+02, 7.43037354e+02, 8.23455811e+02,
    7.64091309e+02, 7.95487244e+02, 7.83494385e+02, 7.69642883e+02,
    8.01715454e+02, 7.45512573e+02, 8.18588806e+02, 7.23119629e+02,
    7.58326782e+02, 8.83553406e+02, 7.79551208e+02, 8.52257446e+02,
    7.99326233e+02, 8.23170532e+02, 8.17547546e+02, 7.96247070e+02,
    8.34515503e+02, 7.71230164e+02, 8.50400818e+02, 7.47854736e+02,
    7.96119080e+02, 9.13213806e+02, 8.15870850e+02, 8.80663513e+02,
    8.34263916e+02, 8.50598999e+02, 8.51323608e+02, 8.22659668e+02,
    8.67094910e+02, 7.96654846e+02, 8.81750244e+02, 7.72558533e+02 ]
