%YAML:1.0
---
points: [ 2.73368042e+02, 1.72135590e+02, 2.73048950e+02, 1.85397537e+02,
    2.72724243e+02, 1.98532806e+02, 2.72336700e+02, 2.11713516e+02,
    2.72073608e+02, 2.24856216e+02, 2.71770874e+02, 2.38129227e+02,
    2.61083099e+02, 1.71409882e+02, 2.60779968e+02, 1.84596191e+02,
    2.60438049e+02, 1.98037216e+02, 2.60194946e+02, 2.11280289e+02,
    2.59757446e+02, 2.24751785e+02, 2.59436859e+02, 2.38045334e+02,
    2.48497360e+02, 1.70358459e+02, 2.48144272e+02, 1.83947571e+02,
    2.47828796e+02, 1.97453232e+02, 2.47501770e+02, 2.10958740e+02,
    2.47164764e+02, 2.24465469e+02, 2.46807999e+02, 2.38055237e+02,
    2.35514847e+02, 1.69552567e+02, 2.35225449e+02, 1.83261429e+02,
    2.34890305e+02, 1.96952698e+02, 2.34549683e+02, 2.10605453e+02,
    2.34213913e+02, 2.24328522e+02, 2.33876846e+02, 2.38022461e+02,
    2.22236542e+02, 1.68456680e+02, 2.21942902e+02, 1.82458237e+02,
    2.21572479e+02, 1.96395187e+02, 2.21249710e+02, 2.10277542e+02,
    2.20941391e+02, 2.24108871e+02, 2.20601318e+02, 2.38024429e+02,
    2.08547211e+02, 1.67652679e+02, 2.08268814e+02, 1.81623245e+02,
    2.07871048e+02, 1.95770645e+02, 2.07562119e+02, 2.09832092e+02,
    2.07257507e+02, 2.23941574e+02, 2.06871552e+02, 2.37970978e+02,
    1.94496918e+02, 1.66513367e+02, 1.94228348e+02, 1.80950882e+02,
    1.93922058e+02, 1.95174286e+02, 1.93509872e+02, 2.09577438e+02,
    1.93260925e+02, 2.23774017e+02, 1.92821732e+02, 2.38026657e+02,
    1.79888397e+02, 1.65515839e+02, 1.79607086e+02, 1.80062851e+02,
    1.79339951e+02, 1.94626373e+02, 1.79060883e+02, 2.09004608e+02,
    1.78570450e+02, 2.23662338e+02, 1.78279800e+02, 2.38020294e+02 ]
