%YAML:1.0
---
points: [ 6.57800293e+02, 6.06945923e+02, 6.58927856e+02, 5.64182190e+02,
    6.59992004e+02, 5.21332642e+02, 6.60957825e+02, 4.78464478e+02,
    6.61789551e+02, 4.35516205e+02, 6.62734375e+02, 3.92616638e+02,
    7.01620728e+02, 6.06955017e+02, 7.02776001e+02, 5.64704346e+02,
    7.03783325e+02, 5.22577454e+02, 7.04997559e+02, 4.80423798e+02,
    7.05871155e+02, 4.38248199e+02, 7.06759155e+02, 3.95850616e+02,
    7.44208618e+02, 6.06895325e+02, 7.45191406e+02, 5.65317932e+02,
    7.46291931e+02, 5.23596924e+02, 7.47408630e+02, 4.82168518e+02,
    7.48367004e+02, 4.40429474e+02, 7.49318359e+02, 3.98849426e+02,
    7.85481384e+02, 6.06768799e+02, 7.86405762e+02, 5.65782715e+02,
    7.87423462e+02, 5.24784851e+02, 7.88511597e+02, 4.83828827e+02,
    7.89548462e+02, 4.42902802e+02, 7.90475220e+02, 4.01915436e+02,
    8.25535095e+02, 6.06850159e+02, 8.26567810e+02, 5.66468079e+02,
    8.27610474e+02, 5.26017212e+02, 8.28517944e+02, 4.85632629e+02,
    8.29445740e+02, 4.45217438e+02, 8.30462341e+02, 4.04600494e+02,
    8.64496033e+02, 6.06896729e+02, 8.65458069e+02, 5.66919373e+02,
    8.66441833e+02, 5.27093262e+02, 8.67420410e+02, 4.87336853e+02,
    8.68487732e+02, 4.47431519e+02, 8.69360413e+02, 4.07427521e+02,
    9.02413696e+02, 6.06942627e+02, 9.03423889e+02, 5.67530945e+02,
    9.04520569e+02, 5.28270996e+02, 9.05574280e+02, 4.88716431e+02,
    9.06494446e+02, 4.49527130e+02, 9.07444275e+02, 4.10031433e+02,
    9.39360840e+02, 6.07045166e+02, 9.40251099e+02, 5.68113464e+02,
    9.41363220e+02, 5.29256226e+02, 9.42307007e+02, 4.90538666e+02,
    9.43348572e+02, 4.51530151e+02, 9.44251099e+02, 4.12660461e+02 ]
