%YAML:1.0
---
points: [ 2.21931412e+02, 8.73760605e+01, 2.21931412e+02, 8.73760223e+01,
    2.22945007e+02, 7.89059677e+01, 2.23914368e+02, 7.07790909e+01,
    2.24911255e+02, 6.25118523e+01, 2.25994415e+02, 5.35339928e+01,
    2.35339249e+02, 9.35914078e+01, 2.35339249e+02, 9.35913773e+01,
    2.37237396e+02, 8.46484299e+01, 2.38861237e+02, 7.66831207e+01,
    2.40564011e+02, 6.86738586e+01, 2.42317825e+02, 6.00329018e+01,
    2.48930405e+02, 9.81115189e+01, 2.48930420e+02, 9.81114807e+01,
    2.51252075e+02, 9.01947937e+01, 2.53647766e+02, 8.26262131e+01,
    2.55945755e+02, 7.48574829e+01, 2.58428833e+02, 6.64017334e+01,
    2.62816010e+02, 1.01688522e+02, 2.62816132e+02, 1.01688232e+02,
    2.65153656e+02, 9.61233215e+01, 2.68224060e+02, 8.82699051e+01,
    2.71264557e+02, 8.09021454e+01, 2.74450226e+02, 7.27647629e+01,
    2.74864471e+02, 1.09712982e+02, 2.74864502e+02, 1.09712944e+02,
    2.79392487e+02, 1.00571007e+02, 2.82824768e+02, 9.40470581e+01,
    2.86364899e+02, 8.68409195e+01, 2.90347870e+02, 7.90719910e+01,
    2.88776276e+02, 1.13231094e+02, 2.88776306e+02, 1.13231056e+02,
    2.93041443e+02, 1.06286148e+02, 2.97188477e+02, 9.96148300e+01,
    3.01481415e+02, 9.27074585e+01, 3.05999359e+02, 8.51732101e+01,
    3.01629456e+02, 1.18743988e+02, 3.01629486e+02, 1.18743958e+02,
    3.06795685e+02, 1.11508789e+02, 3.11487823e+02, 1.05131599e+02,
    3.16369659e+02, 9.85736465e+01, 3.21665375e+02, 9.14158096e+01,
    3.14333618e+02, 1.23783310e+02, 3.14333649e+02, 1.23783279e+02,
    3.18672363e+02, 1.18879471e+02, 3.25548737e+02, 1.10690292e+02,
    3.31131287e+02, 1.04328384e+02, 3.36957611e+02, 9.74716492e+01 ]
