%YAML:1.0
---
points: [ 6.37250122e+02, 5.47749207e+02, 6.47829834e+02, 5.09698181e+02,
    6.57898376e+02, 4.72479492e+02, 6.67636658e+02, 4.36571625e+02,
    6.77077026e+02, 4.01554718e+02, 6.86273315e+02, 3.67220154e+02,
    6.78795349e+02, 5.54522827e+02, 6.88548096e+02, 5.16431091e+02,
    6.98164429e+02, 4.79363495e+02, 7.07396729e+02, 4.43341827e+02,
    7.16465210e+02, 4.08143799e+02, 7.25081970e+02, 3.73698151e+02,
    7.20098511e+02, 5.60973145e+02, 7.29180969e+02, 5.23057373e+02,
    7.38228638e+02, 4.85939362e+02, 7.46997986e+02, 4.49791992e+02,
    7.55523438e+02, 4.14376740e+02, 7.63643555e+02, 3.80435547e+02,
    7.61032959e+02, 5.67630493e+02, 7.69779053e+02, 5.29570801e+02,
    7.78260620e+02, 4.92436188e+02, 7.86428162e+02, 4.56194672e+02,
    7.94391235e+02, 4.21195160e+02, 8.02035767e+02, 3.86655792e+02,
    8.02051819e+02, 5.74586365e+02, 8.10335266e+02, 5.36316040e+02,
    8.18104126e+02, 4.99088959e+02, 8.25761475e+02, 4.62899811e+02,
    8.33082825e+02, 4.27655182e+02, 8.40302673e+02, 3.93097626e+02,
    8.42991760e+02, 5.81261353e+02, 8.50499878e+02, 5.42960815e+02,
    8.57858765e+02, 5.05581207e+02, 8.64843201e+02, 4.69499847e+02,
    8.71721130e+02, 4.33932770e+02, 8.78537781e+02, 3.99551544e+02,
    8.83932434e+02, 5.87898438e+02, 8.90856689e+02, 5.49625854e+02,
    8.97583069e+02, 5.12300537e+02, 9.04280273e+02, 4.75962433e+02,
    9.10707764e+02, 4.40480255e+02, 9.17034546e+02, 4.05976196e+02,
    9.24475159e+02, 5.94633728e+02, 9.30952515e+02, 5.56209351e+02,
    9.37295044e+02, 5.18723755e+02, 9.43365967e+02, 4.82370331e+02,
    9.49177307e+02, 4.46881134e+02, 9.54800781e+02, 4.12389038e+02 ]
