%YAML:1.0
---
points: [ 2.13954372e+01, 2.31312012e+02, 2.78136520e+01, 2.20371078e+02,
    3.41852913e+01, 2.09494781e+02, 4.07583618e+01, 1.98512451e+02,
    4.72626419e+01, 1.87713516e+02, 5.40498276e+01, 1.76581375e+02,
    3.31611595e+01, 2.37849197e+02, 3.93851280e+01, 2.27183121e+02,
    4.59997406e+01, 2.16217148e+02, 5.24777260e+01, 2.05336578e+02,
    5.92263565e+01, 1.94412262e+02, 6.57921371e+01, 1.83499023e+02,
    4.46809921e+01, 2.44315125e+02, 5.12255974e+01, 2.33534058e+02,
    5.76809883e+01, 2.22845490e+02, 6.42656937e+01, 2.12116745e+02,
    7.09765244e+01, 2.01245895e+02, 7.76606903e+01, 1.90398178e+02,
    5.64339066e+01, 2.50715118e+02, 6.28625412e+01, 2.40107681e+02,
    6.93662643e+01, 2.29418167e+02, 7.60597382e+01, 2.18627182e+02,
    8.27602539e+01, 2.07950089e+02, 8.93858032e+01, 1.97199661e+02,
    6.80162659e+01, 2.57086700e+02, 7.44594955e+01, 2.46446777e+02,
    8.11014862e+01, 2.35867050e+02, 8.77295990e+01, 2.25181564e+02,
    9.43585587e+01, 2.14539078e+02, 1.01055740e+02, 2.03898865e+02,
    7.93865585e+01, 2.63290009e+02, 8.60184479e+01, 2.52748123e+02,
    9.26508789e+01, 2.42188980e+02, 9.92472229e+01, 2.31580444e+02,
    1.05980545e+02, 2.21070358e+02, 1.12610809e+02, 2.10527328e+02,
    9.09786530e+01, 2.69293060e+02, 9.74412231e+01, 2.58940979e+02,
    1.04138893e+02, 2.48451538e+02, 1.10761086e+02, 2.37995392e+02,
    1.17386665e+02, 2.27442291e+02, 1.24032951e+02, 2.17023804e+02,
    1.02298454e+02, 2.75304871e+02, 1.08852287e+02, 2.64953156e+02,
    1.15361267e+02, 2.54612396e+02, 1.22006523e+02, 2.44198288e+02,
    1.28569229e+02, 2.33771805e+02, 1.35194595e+02, 2.23326508e+02 ]
