%YAML:1.0
---
points: [ 1.70874649e+02, 2.18005203e+02, 1.74037521e+02, 2.05035934e+02,
    1.77190155e+02, 1.92552765e+02, 1.80209106e+02, 1.80309662e+02,
    1.83170898e+02, 1.68459503e+02, 1.86028061e+02, 1.56780426e+02,
    1.84835098e+02, 2.20246109e+02, 1.87827499e+02, 2.07381805e+02,
    1.90786179e+02, 1.94823532e+02, 1.93645020e+02, 1.82604614e+02,
    1.96372253e+02, 1.70677536e+02, 1.99117020e+02, 1.59019089e+02,
    1.98730026e+02, 2.22483078e+02, 2.01551697e+02, 2.09645096e+02,
    2.04370743e+02, 1.97055740e+02, 2.06985825e+02, 1.84815933e+02,
    2.09619858e+02, 1.72818695e+02, 2.12111069e+02, 1.61205429e+02,
    2.12601334e+02, 2.24795197e+02, 2.15274353e+02, 2.11843948e+02,
    2.17802185e+02, 1.99241806e+02, 2.20366745e+02, 1.87087402e+02,
    2.22809799e+02, 1.75077026e+02, 2.25129852e+02, 1.63396774e+02,
    2.26495178e+02, 2.27086945e+02, 2.28879517e+02, 2.14146027e+02,
    2.31348068e+02, 2.01455368e+02, 2.33668777e+02, 1.89233383e+02,
    2.35903793e+02, 1.77217758e+02, 2.38035660e+02, 1.65577911e+02,
    2.40266785e+02, 2.29349121e+02, 2.42616592e+02, 2.16348038e+02,
    2.44764526e+02, 2.03677979e+02, 2.46892746e+02, 1.91421875e+02,
    2.49021805e+02, 1.79412979e+02, 2.51054504e+02, 1.67765930e+02,
    2.54131790e+02, 2.31692139e+02, 2.56233978e+02, 2.18647903e+02,
    2.58250519e+02, 2.05922699e+02, 2.60289642e+02, 1.93600632e+02,
    2.62211670e+02, 1.81633621e+02, 2.64096710e+02, 1.69813705e+02,
    2.67917755e+02, 2.33904465e+02, 2.69847351e+02, 2.20850479e+02,
    2.71665131e+02, 2.08200653e+02, 2.73491180e+02, 1.95816986e+02,
    2.75300507e+02, 1.83749908e+02, 2.77002045e+02, 1.71985519e+02 ]
