%YAML:1.0
---
points: [ 7.43716248e+02, 5.12112610e+02, 7.68251343e+02, 5.10231750e+02,
    7.93787231e+02, 5.08198975e+02, 8.20855408e+02, 5.06068268e+02,
    8.49492493e+02, 5.03680969e+02, 8.79590881e+02, 5.01524872e+02,
    7.45814331e+02, 5.51423462e+02, 7.70359009e+02, 5.50541931e+02,
    7.96345581e+02, 5.49695374e+02, 8.23239197e+02, 5.48774109e+02,
    8.51928894e+02, 5.47627808e+02, 8.81892151e+02, 5.46440125e+02,
    7.48086792e+02, 5.90877014e+02, 7.72608826e+02, 5.90942444e+02,
    7.98483093e+02, 5.91089294e+02, 8.25550842e+02, 5.91192566e+02,
    8.54296509e+02, 5.91438171e+02, 8.84583679e+02, 5.91548096e+02,
    7.50357605e+02, 6.30277100e+02, 7.74922607e+02, 6.31436707e+02,
    8.00697327e+02, 6.32563110e+02, 8.27866943e+02, 6.33719971e+02,
    8.56651611e+02, 6.35062256e+02, 8.86746033e+02, 6.36474731e+02,
    7.52491943e+02, 6.69707275e+02, 7.77015259e+02, 6.71621887e+02,
    8.03083984e+02, 6.73910889e+02, 8.30372314e+02, 6.76230164e+02,
    8.59106445e+02, 6.78650574e+02, 8.89549194e+02, 6.81371765e+02,
    7.54474304e+02, 7.08951416e+02, 7.79314941e+02, 7.12250610e+02,
    8.05368225e+02, 7.15351257e+02, 8.32597229e+02, 7.18695740e+02,
    8.61434082e+02, 7.22513550e+02, 8.91807068e+02, 7.26309448e+02,
    7.56639771e+02, 7.48637146e+02, 7.81476990e+02, 7.52666199e+02,
    8.07496094e+02, 7.57112915e+02, 8.34831299e+02, 7.61562683e+02,
    8.63898376e+02, 7.66531982e+02, 8.94488037e+02, 7.71575684e+02,
    7.58819092e+02, 7.88020569e+02, 7.83548523e+02, 7.93165649e+02,
    8.09751831e+02, 7.98412415e+02, 8.37280334e+02, 8.04332886e+02,
    8.66202454e+02, 8.10228577e+02, 8.96828613e+02, 8.16595764e+02 ]
