%YAML:1.0
---
points: [ 6.20399780e+02, 5.57523010e+02, 6.29572998e+02, 5.15785583e+02,
    6.38815002e+02, 4.74122894e+02, 6.48184570e+02, 4.32477783e+02,
    6.57099304e+02, 3.90691895e+02, 6.66043213e+02, 3.48753357e+02,
    6.64055786e+02, 5.65891785e+02, 6.73150330e+02, 5.24633057e+02,
    6.82102295e+02, 4.83505524e+02, 6.91209167e+02, 4.42532257e+02,
    7.00270264e+02, 4.01471222e+02, 7.08886536e+02, 3.60175598e+02,
    7.06098450e+02, 5.73826355e+02, 7.15019287e+02, 5.33402161e+02,
    7.23900208e+02, 4.92588562e+02, 7.32988892e+02, 4.52400879e+02,
    7.41697510e+02, 4.11662628e+02, 7.50443726e+02, 3.71182129e+02,
    7.47112793e+02, 5.81571106e+02, 7.55752869e+02, 5.41545654e+02,
    7.64617615e+02, 5.01656769e+02, 7.73481567e+02, 4.61586151e+02,
    7.82005493e+02, 4.21667908e+02, 7.90844543e+02, 3.81742188e+02,
    7.86661865e+02, 5.89151184e+02, 7.95556213e+02, 5.49818970e+02,
    8.04243896e+02, 5.10336365e+02, 8.12676147e+02, 4.70908905e+02,
    8.21479004e+02, 4.31490540e+02, 8.29941650e+02, 3.91992462e+02,
    8.25357971e+02, 5.96630188e+02, 8.33868774e+02, 5.57600952e+02,
    8.42641052e+02, 5.18730225e+02, 8.51058044e+02, 4.79924347e+02,
    8.59587952e+02, 4.40865448e+02, 8.68070618e+02, 4.02188293e+02,
    8.63237427e+02, 6.03708679e+02, 8.71495056e+02, 5.65444519e+02,
    8.80098999e+02, 5.27072937e+02, 8.88548096e+02, 4.88566833e+02,
    8.96885925e+02, 4.50263184e+02, 9.05496765e+02, 4.11762756e+02,
    8.99765015e+02, 6.10898376e+02, 9.07984863e+02, 5.72798767e+02,
    9.16501587e+02, 5.34908752e+02, 9.24620972e+02, 4.97201721e+02,
    9.33002319e+02, 4.59274506e+02, 9.41426758e+02, 4.21322235e+02 ]
