%YAML:1.0
---
points: [ 7.03761719e+02, 5.09507263e+02, 7.26399963e+02, 5.03906311e+02,
    7.49644409e+02, 4.98199860e+02, 7.74569885e+02, 4.92029449e+02,
    8.00785339e+02, 4.85664795e+02, 8.28346802e+02, 4.78604401e+02,
    7.11257141e+02, 5.48563965e+02, 7.33607239e+02, 5.44276184e+02,
    7.57465820e+02, 5.39305908e+02, 7.82347961e+02, 5.34341187e+02,
    8.08555054e+02, 5.29006592e+02, 8.36580688e+02, 5.23453918e+02,
    7.18197693e+02, 5.87472656e+02, 7.40902954e+02, 5.83881653e+02,
    7.64858887e+02, 5.80376221e+02, 7.90170532e+02, 5.76315918e+02,
    8.16645142e+02, 5.72202332e+02, 8.44718018e+02, 5.67887268e+02,
    7.25612793e+02, 6.26355713e+02, 7.48445618e+02, 6.23747314e+02,
    7.72399048e+02, 6.21301453e+02, 7.97642761e+02, 6.18465759e+02,
    8.24550781e+02, 6.15504822e+02, 8.52840454e+02, 6.12527771e+02,
    7.32631165e+02, 6.65355164e+02, 7.55565613e+02, 6.63602112e+02,
    7.80239746e+02, 6.62158020e+02, 8.05677429e+02, 6.60398438e+02,
    8.32532471e+02, 6.58701050e+02, 8.61004578e+02, 6.56771179e+02,
    7.39520203e+02, 7.03887085e+02, 7.62898193e+02, 7.03434692e+02,
    7.87347351e+02, 7.02880432e+02, 8.13256409e+02, 7.02469910e+02,
    8.40446289e+02, 7.01881104e+02, 8.69359436e+02, 7.01392090e+02,
    7.46972656e+02, 7.42980408e+02, 7.70370422e+02, 7.43488464e+02,
    7.95048889e+02, 7.44133545e+02, 8.21140198e+02, 7.44625916e+02,
    8.48512085e+02, 7.45354858e+02, 8.77406311e+02, 7.46150085e+02,
    7.54209351e+02, 7.81710876e+02, 7.77529236e+02, 7.83342590e+02,
    8.02469971e+02, 7.85112427e+02, 8.28512756e+02, 7.86804321e+02,
    8.56161865e+02, 7.88490112e+02, 8.85558105e+02, 7.90603027e+02 ]
