%YAML:1.0
---
points: [ 3.84154015e+01, 1.50236847e+02, 5.01241264e+01, 1.44690903e+02,
    6.16627769e+01, 1.39115097e+02, 7.33304367e+01, 1.33657776e+02,
    8.49991074e+01, 1.28212967e+02, 9.66398087e+01, 1.22774948e+02,
    4.43714027e+01, 1.61773087e+02, 5.58898277e+01, 1.56188446e+02,
    6.75573273e+01, 1.50653870e+02, 7.92610703e+01, 1.45131821e+02,
    9.09844971e+01, 1.39738235e+02, 1.02611702e+02, 1.34266388e+02,
    5.02675819e+01, 1.73174652e+02, 6.19810638e+01, 1.67638046e+02,
    7.34914932e+01, 1.62082748e+02, 8.52445602e+01, 1.56622925e+02,
    9.69658966e+01, 1.51234756e+02, 1.08539955e+02, 1.45842514e+02,
    5.63618622e+01, 1.84606079e+02, 6.79335022e+01, 1.79079636e+02,
    7.95492401e+01, 1.73500900e+02, 9.12196960e+01, 1.68039185e+02,
    1.02940964e+02, 1.62622391e+02, 1.14522224e+02, 1.57229874e+02,
    6.23148537e+01, 1.95916946e+02, 7.39715500e+01, 1.90430008e+02,
    8.55893631e+01, 1.84871796e+02, 9.72503128e+01, 1.79380432e+02,
    1.08890610e+02, 1.73991898e+02, 1.20413216e+02, 1.68506073e+02,
    6.83389816e+01, 2.07272598e+02, 7.99800873e+01, 2.01674271e+02,
    9.16555099e+01, 1.96125473e+02, 1.03269844e+02, 1.90684296e+02,
    1.14858292e+02, 1.85224304e+02, 1.26377861e+02, 1.79824539e+02,
    7.43723907e+01, 2.18432541e+02, 8.60807800e+01, 2.13037079e+02,
    9.77119141e+01, 2.07398026e+02, 1.09214249e+02, 2.01923874e+02,
    1.20859039e+02, 1.96408173e+02, 1.32272049e+02, 1.91099808e+02,
    8.04072113e+01, 2.29611862e+02, 9.20272369e+01, 2.23983200e+02,
    1.03602608e+02, 2.18519775e+02, 1.15166542e+02, 2.13020935e+02,
    1.26620010e+02, 2.07498535e+02, 1.38039337e+02, 2.02129440e+02 ]
