%YAML:1.0
---
points: [ 1.65596283e+02, 2.21240723e+02, 1.68671829e+02, 2.07147797e+02,
    1.71799835e+02, 1.92938507e+02, 1.74881531e+02, 1.78962341e+02,
    1.77930222e+02, 1.64743393e+02, 1.80977890e+02, 1.50609192e+02,
    1.80033127e+02, 2.24033539e+02, 1.83109085e+02, 2.10115555e+02,
    1.86123642e+02, 1.96231964e+02, 1.89207458e+02, 1.82273575e+02,
    1.92192917e+02, 1.68338074e+02, 1.95215454e+02, 1.54331345e+02,
    1.93932617e+02, 2.26709869e+02, 1.96956024e+02, 2.13089432e+02,
    1.99963364e+02, 1.99284836e+02, 2.02995575e+02, 1.85675430e+02,
    2.05996765e+02, 1.71830246e+02, 2.08967529e+02, 1.58138229e+02,
    2.07537140e+02, 2.29380341e+02, 2.10515411e+02, 2.15855591e+02,
    2.13443878e+02, 2.02274933e+02, 2.16434540e+02, 1.88810852e+02,
    2.19379349e+02, 1.75244461e+02, 2.22331985e+02, 1.61687454e+02,
    2.20708405e+02, 2.31999527e+02, 2.23653137e+02, 2.18688614e+02,
    2.26558975e+02, 2.05274643e+02, 2.29485214e+02, 1.91978973e+02,
    2.32488693e+02, 1.78597046e+02, 2.35370422e+02, 1.65156174e+02,
    2.33533264e+02, 2.34477509e+02, 2.36481689e+02, 2.21287949e+02,
    2.39338593e+02, 2.08133713e+02, 2.42271240e+02, 1.94947723e+02,
    2.45135361e+02, 1.81761902e+02, 2.48036606e+02, 1.68558502e+02,
    2.46039642e+02, 2.36890549e+02, 2.48912674e+02, 2.23908554e+02,
    2.51874008e+02, 2.10944672e+02, 2.54653503e+02, 1.97929611e+02,
    2.57537018e+02, 1.84862564e+02, 2.60379822e+02, 1.71846054e+02,
    2.58230225e+02, 2.39408997e+02, 2.61113831e+02, 2.26438889e+02,
    2.63886414e+02, 2.13650131e+02, 2.66757111e+02, 2.00792267e+02,
    2.69597443e+02, 1.87921463e+02, 2.72422424e+02, 1.75028534e+02 ]
