%YAML:1.0
---
points: [ 6.24205933e+02, 5.51930603e+02, 6.30959900e+02, 5.14809570e+02,
    6.37720337e+02, 4.77445831e+02, 6.44295471e+02, 4.39953979e+02,
    6.50998901e+02, 4.02426208e+02, 6.57771667e+02, 3.64490479e+02,
    6.56573486e+02, 5.60233582e+02, 6.63505127e+02, 5.22767700e+02,
    6.70317688e+02, 4.84804993e+02, 6.77340576e+02, 4.47060089e+02,
    6.84436768e+02, 4.09093048e+02, 6.91011719e+02, 3.70747253e+02,
    6.89677490e+02, 5.68417664e+02, 6.96696594e+02, 5.30587769e+02,
    7.03807617e+02, 4.92465179e+02, 7.10890869e+02, 4.54409149e+02,
    7.17906189e+02, 4.15812256e+02, 7.24901978e+02, 3.77329132e+02,
    7.23464050e+02, 5.76639221e+02, 7.30687012e+02, 5.38685486e+02,
    7.37838013e+02, 5.00306610e+02, 7.45076477e+02, 4.61545074e+02,
    7.52421143e+02, 4.23058197e+02, 7.59452881e+02, 3.83805115e+02,
    7.57931091e+02, 5.85536316e+02, 7.65309875e+02, 5.46907776e+02,
    7.72698364e+02, 5.08065918e+02, 7.80183228e+02, 4.69275970e+02,
    7.87388794e+02, 4.29885925e+02, 7.94896179e+02, 3.90704163e+02,
    7.92933533e+02, 5.94298157e+02, 8.00559875e+02, 5.55247559e+02,
    8.07898560e+02, 5.15993591e+02, 8.15690491e+02, 4.76767853e+02,
    8.23178894e+02, 4.37292755e+02, 8.30608643e+02, 3.97573303e+02,
    8.29077698e+02, 6.03179749e+02, 8.36843140e+02, 5.64035217e+02,
    8.44451904e+02, 5.24351868e+02, 8.52172974e+02, 4.84526184e+02,
    8.59820435e+02, 4.44720398e+02, 8.67649109e+02, 4.04525818e+02,
    8.65527893e+02, 6.12453430e+02, 8.73462219e+02, 5.72597107e+02,
    8.81102539e+02, 5.32593262e+02, 8.89256042e+02, 4.92553772e+02,
    8.97028381e+02, 4.52273163e+02, 9.04872314e+02, 4.11871582e+02 ]
