%YAML:1.0
---
points: [ 8.38683411e+02, 5.24559631e+02, 8.63153564e+02, 5.30986816e+02,
    8.88604309e+02, 5.37812134e+02, 9.15580688e+02, 5.45138611e+02,
    9.44326599e+02, 5.52575867e+02, 9.74609314e+02, 5.60712280e+02,
    8.29648926e+02, 5.62991455e+02, 8.53606567e+02, 5.70512085e+02,
    8.78901123e+02, 5.78457153e+02, 9.05716492e+02, 5.86939453e+02,
    9.33894043e+02, 5.95812256e+02, 9.64276917e+02, 6.05241089e+02,
    8.20476013e+02, 6.01319336e+02, 8.44316467e+02, 6.09789551e+02,
    8.69439087e+02, 6.19100098e+02, 8.95629028e+02, 6.28507751e+02,
    9.23729248e+02, 6.38546326e+02, 9.53613037e+02, 6.49467407e+02,
    8.11461487e+02, 6.39819031e+02, 8.34723877e+02, 6.49307922e+02,
    8.59592834e+02, 6.59455811e+02, 8.85750916e+02, 6.70215027e+02,
    9.13646118e+02, 6.81569519e+02, 9.43147766e+02, 6.93800049e+02,
    8.02140015e+02, 6.78214111e+02, 8.25465088e+02, 6.88774780e+02,
    8.50003357e+02, 7.00108276e+02, 8.76003479e+02, 7.12085754e+02,
    9.03336609e+02, 7.24622620e+02, 9.32586060e+02, 7.38216125e+02,
    7.92835876e+02, 7.16541504e+02, 8.16072815e+02, 7.28436218e+02,
    8.40399353e+02, 7.40718689e+02, 8.65940063e+02, 7.53685547e+02,
    8.93371643e+02, 7.67694153e+02, 9.22283936e+02, 7.82714233e+02,
    7.83833740e+02, 7.55485352e+02, 8.06526672e+02, 7.68081970e+02,
    8.30618469e+02, 7.81733704e+02, 8.56135742e+02, 7.95996643e+02,
    8.82863037e+02, 8.11292419e+02, 9.11614136e+02, 8.27402100e+02,
    7.74698425e+02, 7.93951721e+02, 7.97058655e+02, 8.07674683e+02,
    8.21100403e+02, 8.22456177e+02, 8.46086304e+02, 8.37940369e+02,
    8.72732117e+02, 8.54440552e+02, 9.01272827e+02, 8.72157593e+02 ]
