%YAML:1.0
---
points: [ 9.15415344e+01, 1.14738197e+02, 1.00838661e+02, 1.25952400e+02,
    1.10079056e+02, 1.36935593e+02, 1.19078896e+02, 1.47435379e+02,
    1.27767784e+02, 1.57783096e+02, 1.36251465e+02, 1.67748703e+02,
    8.04304733e+01, 1.22657845e+02, 9.00090561e+01, 1.33758926e+02,
    9.93477249e+01, 1.44488342e+02, 1.08475189e+02, 1.55076813e+02,
    1.17362244e+02, 1.65227585e+02, 1.25985321e+02, 1.75147263e+02,
    6.93570251e+01, 1.30700943e+02, 7.90199814e+01, 1.41593307e+02,
    8.85639725e+01, 1.52315826e+02, 9.77928314e+01, 1.62686996e+02,
    1.06822884e+02, 1.72787094e+02, 1.15649002e+02, 1.82513550e+02,
    5.82692528e+01, 1.38736099e+02, 6.81083374e+01, 1.49579758e+02,
    7.77017899e+01, 1.60133224e+02, 8.72191010e+01, 1.70369324e+02,
    9.63882217e+01, 1.80283401e+02, 1.05299591e+02, 1.89988358e+02,
    4.73576775e+01, 1.46832825e+02, 5.71801643e+01, 1.57490570e+02,
    6.69567719e+01, 1.67924820e+02, 7.64110031e+01, 1.78088440e+02,
    8.58439255e+01, 1.87922119e+02, 9.49700851e+01, 1.97378647e+02,
    3.63754959e+01, 1.54885651e+02, 4.63840714e+01, 1.65513733e+02,
    5.61798935e+01, 1.75745819e+02, 6.58922653e+01, 1.85798584e+02,
    7.53018723e+01, 1.95536530e+02, 8.46096115e+01, 2.04968445e+02,
    2.57609577e+01, 1.63117447e+02, 3.56687813e+01, 1.73435410e+02,
    4.55878220e+01, 1.83651352e+02, 5.52478485e+01, 1.93431244e+02,
    6.48860092e+01, 2.03190765e+02, 7.42061844e+01, 2.12474472e+02,
    1.49823809e+01, 1.71288376e+02, 2.51602669e+01, 1.81543961e+02,
    3.50202179e+01, 1.91579773e+02, 4.48223000e+01, 2.01334610e+02,
    5.43801498e+01, 2.10865387e+02, 6.39012108e+01, 2.20102158e+02 ]
