%YAML:1.0
---
points: [ 1.64514023e+02, 2.19449631e+02, 1.66869827e+02, 2.06817398e+02,
    1.69124374e+02, 1.94153244e+02, 1.71467987e+02, 1.81478958e+02,
    1.73757248e+02, 1.68718536e+02, 1.76052444e+02, 1.55806915e+02,
    1.75694748e+02, 2.22164230e+02, 1.78074982e+02, 2.09378632e+02,
    1.80395782e+02, 1.96681015e+02, 1.82789581e+02, 1.83890793e+02,
    1.85139160e+02, 1.70978485e+02, 1.87518326e+02, 1.57951141e+02,
    1.87056473e+02, 2.24951920e+02, 1.89531448e+02, 2.12162582e+02,
    1.91890686e+02, 1.99214325e+02, 1.94259888e+02, 1.86298920e+02,
    1.96764572e+02, 1.73260437e+02, 1.99164551e+02, 1.60124817e+02,
    1.98696381e+02, 2.27760040e+02, 2.01142227e+02, 2.14859009e+02,
    2.03670563e+02, 2.01861465e+02, 2.06123245e+02, 1.88812836e+02,
    2.08624435e+02, 1.75674835e+02, 2.11074326e+02, 1.62395065e+02,
    2.10515656e+02, 2.30674362e+02, 2.13007324e+02, 2.17686218e+02,
    2.15604889e+02, 2.04543427e+02, 2.18114075e+02, 1.91320557e+02,
    2.20649811e+02, 1.78032089e+02, 2.23176361e+02, 1.64656372e+02,
    2.22585220e+02, 2.33699631e+02, 2.25174072e+02, 2.20557510e+02,
    2.27833847e+02, 2.07215973e+02, 2.30379822e+02, 1.93898712e+02,
    2.32997269e+02, 1.80454193e+02, 2.35627045e+02, 1.66958847e+02,
    2.35034195e+02, 2.36745209e+02, 2.37638931e+02, 2.23395111e+02,
    2.40307495e+02, 2.09995102e+02, 2.42910568e+02, 1.96572815e+02,
    2.45641541e+02, 1.83015320e+02, 2.48288727e+02, 1.69423096e+02,
    2.47616669e+02, 2.39888611e+02, 2.50277390e+02, 2.26412918e+02,
    2.53021759e+02, 2.12914291e+02, 2.55665512e+02, 1.99229004e+02,
    2.58461304e+02, 1.85587494e+02, 2.61213074e+02, 1.71822052e+02 ]
