%YAML:1.0
---
points: [ 9.52153870e+02, 5.24232849e+02, 9.53358215e+02, 5.60069580e+02,
    9.54506775e+02, 5.94240173e+02, 9.55583130e+02, 6.27240234e+02,
    9.56716736e+02, 6.58701538e+02, 9.57906250e+02, 6.89170837e+02,
    9.09127380e+02, 5.26046204e+02, 9.11326965e+02, 5.61677917e+02,
    9.13290588e+02, 5.96165833e+02, 9.15291016e+02, 6.28894409e+02,
    9.17222290e+02, 6.60514709e+02, 9.18875183e+02, 6.90957825e+02,
    8.65596313e+02, 5.27998718e+02, 8.68730652e+02, 5.63676331e+02,
    8.71618042e+02, 5.97889709e+02, 8.74558838e+02, 6.30635315e+02,
    8.77157043e+02, 6.62402710e+02, 8.79701843e+02, 6.92689453e+02,
    8.22392517e+02, 5.29649048e+02, 8.26464417e+02, 5.65545471e+02,
    8.30201172e+02, 5.99732300e+02, 8.33775208e+02, 6.32521484e+02,
    8.37452332e+02, 6.64336182e+02, 8.40641235e+02, 6.94490784e+02,
    7.78898926e+02, 5.31748840e+02, 7.83724976e+02, 5.67377380e+02,
    7.88485657e+02, 6.01687988e+02, 7.92916626e+02, 6.34501343e+02,
    7.97343689e+02, 6.65925110e+02, 8.01561340e+02, 6.96324341e+02,
    7.35099548e+02, 5.33560181e+02, 7.41192749e+02, 5.69360657e+02,
    7.46658813e+02, 6.03515686e+02, 7.52239868e+02, 6.36334839e+02,
    7.57299744e+02, 6.67746277e+02, 7.62236084e+02, 6.98176270e+02,
    6.91264099e+02, 5.35368469e+02, 6.98275696e+02, 5.71266846e+02,
    7.04921997e+02, 6.05377136e+02, 7.11226501e+02, 6.38309326e+02,
    7.17192139e+02, 6.69720581e+02, 7.22809998e+02, 7.00170227e+02,
    6.47152588e+02, 5.37324402e+02, 6.54967346e+02, 5.72886353e+02,
    6.62609863e+02, 6.07412720e+02, 6.69816895e+02, 6.39981201e+02,
    6.76535461e+02, 6.71520325e+02, 6.83183533e+02, 7.01941162e+02 ]
