%YAML:1.0
---
points: [ 6.23314575e+02, 5.51910034e+02, 6.28578247e+02, 5.14830139e+02,
    6.33949768e+02, 4.77350464e+02, 6.39176025e+02, 4.39645996e+02,
    6.44471313e+02, 4.01747101e+02, 6.49778442e+02, 3.63261261e+02,
    6.48954895e+02, 5.60422546e+02, 6.54463562e+02, 5.22663208e+02,
    6.60085449e+02, 4.84447357e+02, 6.65477234e+02, 4.45886292e+02,
    6.71065002e+02, 4.07381073e+02, 6.76523926e+02, 3.68139862e+02,
    6.75400146e+02, 5.68988403e+02, 6.81077576e+02, 5.30443542e+02,
    6.86787842e+02, 4.91620728e+02, 6.92543213e+02, 4.52589264e+02,
    6.98534180e+02, 4.13152344e+02, 7.04407471e+02, 3.73427368e+02,
    7.02785889e+02, 5.77710266e+02, 7.09064880e+02, 5.38732544e+02,
    7.14993408e+02, 4.99359009e+02, 7.20899597e+02, 4.59475037e+02,
    7.27248779e+02, 4.19276978e+02, 7.32929443e+02, 3.78632294e+02,
    7.31706116e+02, 5.87082764e+02, 7.38068665e+02, 5.47399475e+02,
    7.44299500e+02, 5.07186584e+02, 7.50439453e+02, 4.66488220e+02,
    7.56691589e+02, 4.25466034e+02, 7.63234741e+02, 3.84324432e+02,
    7.61211853e+02, 5.96646729e+02, 7.67789734e+02, 5.56042725e+02,
    7.74469543e+02, 5.15180054e+02, 7.81051392e+02, 4.73786530e+02,
    7.87472168e+02, 4.32068970e+02, 7.94218811e+02, 3.90164978e+02,
    7.92542969e+02, 6.06921875e+02, 7.99431274e+02, 5.65484436e+02,
    8.06275024e+02, 5.23684937e+02, 8.12862488e+02, 4.81447998e+02,
    8.19781494e+02, 4.39054413e+02, 8.26827209e+02, 3.96135651e+02,
    8.24619263e+02, 6.17291870e+02, 8.31693481e+02, 5.75232422e+02,
    8.38805298e+02, 5.32346497e+02, 8.46165405e+02, 4.89499603e+02,
    8.53322815e+02, 4.46101776e+02, 8.60416138e+02, 4.02406769e+02 ]
