%YAML:1.0
---
points: [ 1.64165192e+02, 2.19407043e+02, 1.66155945e+02, 2.06755569e+02,
    1.67952271e+02, 1.94159821e+02, 1.69794815e+02, 1.81336868e+02,
    1.71709564e+02, 1.68493393e+02, 1.73582870e+02, 1.55446777e+02,
    1.73234756e+02, 2.22189880e+02, 1.75173233e+02, 2.09369812e+02,
    1.77131088e+02, 1.96474579e+02, 1.79002655e+02, 1.83463898e+02,
    1.81004929e+02, 1.70381607e+02, 1.82931152e+02, 1.57148956e+02,
    1.82482056e+02, 2.25089981e+02, 1.84625717e+02, 2.12108124e+02,
    1.86607468e+02, 1.98977570e+02, 1.88630173e+02, 1.85756989e+02,
    1.90654037e+02, 1.72365402e+02, 1.92676956e+02, 1.58913208e+02,
    1.92206482e+02, 2.28092133e+02, 1.94365158e+02, 2.14931366e+02,
    1.96434753e+02, 2.01547684e+02, 1.98626160e+02, 1.88034256e+02,
    2.00784607e+02, 1.74415421e+02, 2.02811035e+02, 1.60662903e+02,
    2.02338394e+02, 2.31240417e+02, 2.04533585e+02, 2.17792923e+02,
    2.06741440e+02, 2.04207291e+02, 2.08981384e+02, 1.90398758e+02,
    2.11137177e+02, 1.76589600e+02, 2.13399078e+02, 1.62578690e+02,
    2.12796188e+02, 2.34576187e+02, 2.15113968e+02, 2.20833481e+02,
    2.17414337e+02, 2.06896210e+02, 2.19750427e+02, 1.92970352e+02,
    2.22065765e+02, 1.78797852e+02, 2.24421127e+02, 1.64496399e+02,
    2.23789825e+02, 2.37983719e+02, 2.26155258e+02, 2.23952515e+02,
    2.28603699e+02, 2.09736801e+02, 2.30989655e+02, 1.95510834e+02,
    2.33375595e+02, 1.81108658e+02, 2.35865341e+02, 1.66552307e+02,
    2.35141403e+02, 2.41570831e+02, 2.37602814e+02, 2.27231430e+02,
    2.40160370e+02, 2.12793808e+02, 2.42673843e+02, 1.98233688e+02,
    2.45143143e+02, 1.83461563e+02, 2.47753769e+02, 1.68675095e+02 ]
