%YAML:1.0
---
points: [ 1.23841103e+02, 9.36809921e+01, 1.30454025e+02, 1.03128204e+02,
    1.37355865e+02, 1.12322929e+02, 1.44046921e+02, 1.21274246e+02,
    1.50605499e+02, 1.30167419e+02, 1.57045517e+02, 1.38748917e+02,
    1.14881111e+02, 9.96475754e+01, 1.21932472e+02, 1.08939507e+02,
    1.28727203e+02, 1.18098724e+02, 1.35470474e+02, 1.27043343e+02,
    1.42136902e+02, 1.35756180e+02, 1.48638901e+02, 1.44356430e+02,
    1.06059425e+02, 1.05675919e+02, 1.13116951e+02, 1.14840355e+02,
    1.20069885e+02, 1.23977890e+02, 1.26902672e+02, 1.32771088e+02,
    1.33609421e+02, 1.41441574e+02, 1.40187408e+02, 1.49980560e+02,
    9.72570038e+01, 1.11599319e+02, 1.04344078e+02, 1.20751892e+02,
    1.11409073e+02, 1.29751755e+02, 1.18325348e+02, 1.38510193e+02,
    1.25153412e+02, 1.47148819e+02, 1.31842804e+02, 1.55534500e+02,
    8.84336014e+01, 1.17616737e+02, 9.55776596e+01, 1.26661331e+02,
    1.02788322e+02, 1.35557373e+02, 1.09746986e+02, 1.44230301e+02,
    1.16678162e+02, 1.52849426e+02, 1.23353004e+02, 1.61094925e+02,
    7.96755981e+01, 1.23637886e+02, 8.70184174e+01, 1.32612335e+02,
    9.41553497e+01, 1.41361374e+02, 1.01224968e+02, 1.50092209e+02,
    1.08197891e+02, 1.58442581e+02, 1.15047867e+02, 1.66818024e+02,
    7.10947952e+01, 1.29664169e+02, 7.83070450e+01, 1.38478561e+02,
    8.55931015e+01, 1.47232376e+02, 9.26861649e+01, 1.55752167e+02,
    9.97515182e+01, 1.64175980e+02, 1.06631699e+02, 1.72327759e+02,
    6.22448082e+01, 1.35641449e+02, 6.98066940e+01, 1.44471115e+02,
    7.69454803e+01, 1.53088135e+02, 8.42268372e+01, 1.61512756e+02,
    9.12828217e+01, 1.69824875e+02, 9.82650223e+01, 1.78023148e+02 ]
