%YAML:1.0
---
points: [ 2.82598175e+02, 1.67439423e+02, 2.83881561e+02, 1.83263016e+02,
    2.85036926e+02, 1.98628036e+02, 2.86188690e+02, 2.13783020e+02,
    2.87270874e+02, 2.28595917e+02, 2.88458466e+02, 2.43345398e+02,
    2.67006104e+02, 1.68909500e+02, 2.68266663e+02, 1.84541107e+02,
    2.69620178e+02, 1.99965942e+02, 2.70889252e+02, 2.15084824e+02,
    2.72135437e+02, 2.29978653e+02, 2.73384766e+02, 2.44501709e+02,
    2.51142059e+02, 1.70270462e+02, 2.52632904e+02, 1.86001740e+02,
    2.54083954e+02, 2.01299835e+02, 2.55487030e+02, 2.16361343e+02,
    2.56980133e+02, 2.31327698e+02, 2.58300293e+02, 2.45807739e+02,
    2.35472000e+02, 1.71776535e+02, 2.37146149e+02, 1.87411575e+02,
    2.38738937e+02, 2.02704300e+02, 2.40262161e+02, 2.17749756e+02,
    2.41820374e+02, 2.32580826e+02, 2.43306061e+02, 2.47174820e+02,
    2.19881119e+02, 1.73202805e+02, 2.21623260e+02, 1.88817139e+02,
    2.23367798e+02, 2.04109253e+02, 2.25024948e+02, 2.19121521e+02,
    2.26717667e+02, 2.33880951e+02, 2.28303528e+02, 2.48437134e+02,
    2.04283859e+02, 1.74494217e+02, 2.06085373e+02, 1.90152313e+02,
    2.08011887e+02, 2.05377884e+02, 2.09791687e+02, 2.20408340e+02,
    2.11610474e+02, 2.35310394e+02, 2.13325150e+02, 2.49674393e+02,
    1.88530182e+02, 1.75901367e+02, 1.90623032e+02, 1.91388611e+02,
    1.92547028e+02, 2.06714890e+02, 1.94638916e+02, 2.21752426e+02,
    1.96540497e+02, 2.36468552e+02, 1.98363022e+02, 2.51073074e+02,
    1.72801178e+02, 1.77276489e+02, 1.75070648e+02, 1.92854599e+02,
    1.77234192e+02, 2.08247406e+02, 1.79299026e+02, 2.23059235e+02,
    1.81398270e+02, 2.37798615e+02, 1.83351044e+02, 2.52348419e+02 ]
