%YAML:1.0
---
points: [ 5.99184387e+02, 5.53172668e+02, 5.98486267e+02, 5.18203003e+02,
    5.97771606e+02, 4.82003387e+02, 5.96879517e+02, 4.45139496e+02,
    5.96106384e+02, 4.06827026e+02, 5.95089661e+02, 3.67495361e+02,
    6.23183533e+02, 5.66369934e+02, 6.22940796e+02, 5.30875732e+02,
    6.22580383e+02, 4.94451141e+02, 6.22087646e+02, 4.56702606e+02,
    6.21713013e+02, 4.18020325e+02, 6.21106384e+02, 3.77963928e+02,
    6.48035156e+02, 5.79862366e+02, 6.48036072e+02, 5.44004456e+02,
    6.48195312e+02, 5.07050079e+02, 6.48077820e+02, 4.68934937e+02,
    6.48159424e+02, 4.29621185e+02, 6.48070374e+02, 3.89053345e+02,
    6.73786011e+02, 5.94132080e+02, 6.74431580e+02, 5.57613831e+02,
    6.74671692e+02, 5.20203125e+02, 6.75197510e+02, 4.81426056e+02,
    6.75654297e+02, 4.41562042e+02, 6.75963074e+02, 4.00369751e+02,
    7.00666809e+02, 6.08691406e+02, 7.01537354e+02, 5.71845032e+02,
    7.02601990e+02, 5.33651001e+02, 7.03497742e+02, 4.94565826e+02,
    7.04327759e+02, 4.53937012e+02, 7.05318420e+02, 4.12087860e+02,
    7.28396606e+02, 6.23985291e+02, 7.29745483e+02, 5.86435913e+02,
    7.31379150e+02, 5.47920044e+02, 7.32904602e+02, 5.08244476e+02,
    7.34274475e+02, 4.67144684e+02, 7.35615173e+02, 4.24384735e+02,
    7.57618469e+02, 6.39747070e+02, 7.59565613e+02, 6.01797607e+02,
    7.61538574e+02, 5.62701660e+02, 7.63638062e+02, 5.22375061e+02,
    7.65648560e+02, 4.80585480e+02, 7.67690247e+02, 4.37354462e+02,
    7.87723511e+02, 6.56370544e+02, 7.90316711e+02, 6.17947937e+02,
    7.92747620e+02, 5.78110901e+02, 7.95429810e+02, 5.37168884e+02,
    7.98032043e+02, 4.94676910e+02, 8.00845520e+02, 4.50726990e+02 ]
