%YAML:1.0
---
points: [ 6.24379089e+02, 4.61935913e+02, 6.70379639e+02, 4.61814453e+02,
    7.16314453e+02, 4.61796112e+02, 7.61655273e+02, 4.61632874e+02,
    8.07112000e+02, 4.61548492e+02, 8.52480896e+02, 4.61425446e+02,
    6.30605225e+02, 5.02294556e+02, 6.75713318e+02, 5.02143616e+02,
    7.20736084e+02, 5.02030914e+02, 7.65342224e+02, 5.01888611e+02,
    8.09840698e+02, 5.01642792e+02, 8.54079590e+02, 5.01594086e+02,
    6.36862793e+02, 5.41295837e+02, 6.80968201e+02, 5.41019348e+02,
    7.24950562e+02, 5.40925537e+02, 7.68676941e+02, 5.40637817e+02,
    8.12328735e+02, 5.40475708e+02, 8.55571045e+02, 5.40338684e+02,
    6.42648071e+02, 5.78614929e+02, 6.85816772e+02, 5.78305359e+02,
    7.28987183e+02, 5.77957336e+02, 7.71882568e+02, 5.77681946e+02,
    8.14693298e+02, 5.77349854e+02, 8.57419128e+02, 5.77168396e+02,
    6.48241760e+02, 6.14554565e+02, 6.90615723e+02, 6.14088867e+02,
    7.32925232e+02, 6.13879150e+02, 7.75157959e+02, 6.13534912e+02,
    8.17102417e+02, 6.13192200e+02, 8.58771912e+02, 6.12894043e+02,
    6.53567444e+02, 6.49073975e+02, 6.95211853e+02, 6.48688538e+02,
    7.36736511e+02, 6.48402222e+02, 7.78033813e+02, 6.47918945e+02,
    8.19250732e+02, 6.47571106e+02, 8.60234253e+02, 6.47304626e+02,
    6.58561035e+02, 6.82443237e+02, 6.99523499e+02, 6.81873779e+02,
    7.40262146e+02, 6.81554993e+02, 7.80809509e+02, 6.80988403e+02,
    8.21415283e+02, 6.80669556e+02, 8.61545532e+02, 6.80309326e+02,
    6.63493347e+02, 7.14648499e+02, 7.03600952e+02, 7.14220947e+02,
    7.43660095e+02, 7.13645691e+02, 7.83542542e+02, 7.13230408e+02,
    8.23366699e+02, 7.12732178e+02, 8.62939087e+02, 7.12385010e+02 ]
