%YAML:1.0
---
points: [ 1.56137115e+02, 2.19784241e+02, 1.56267334e+02, 2.08001923e+02,
    1.56292435e+02, 1.95730820e+02, 1.56305939e+02, 1.83190033e+02,
    1.56284790e+02, 1.70241211e+02, 1.56275284e+02, 1.56956299e+02,
    1.64707947e+02, 2.24225525e+02, 1.64792969e+02, 2.12152756e+02,
    1.65059784e+02, 1.99871521e+02, 1.65123749e+02, 1.87148972e+02,
    1.65326843e+02, 1.73988647e+02, 1.65415054e+02, 1.60434036e+02,
    1.73387360e+02, 2.28826187e+02, 1.73713181e+02, 2.16637207e+02,
    1.74077118e+02, 2.04176712e+02, 1.74280823e+02, 1.91189377e+02,
    1.74613129e+02, 1.77933517e+02, 1.74926468e+02, 1.64162720e+02,
    1.82554794e+02, 2.33486862e+02, 1.83017303e+02, 2.21359543e+02,
    1.83478317e+02, 2.08603180e+02, 1.83934967e+02, 1.95487839e+02,
    1.84442139e+02, 1.82004135e+02, 1.84776993e+02, 1.68034103e+02,
    1.92006760e+02, 2.38597641e+02, 1.92584076e+02, 2.26139572e+02,
    1.93249084e+02, 2.13192734e+02, 1.93971069e+02, 1.99901581e+02,
    1.94402374e+02, 1.86118546e+02, 1.95203842e+02, 1.72067581e+02,
    2.01826218e+02, 2.43733231e+02, 2.02592148e+02, 2.31106094e+02,
    2.03355774e+02, 2.17994766e+02, 2.04290512e+02, 2.04536255e+02,
    2.05158081e+02, 1.90582474e+02, 2.05975464e+02, 1.76151611e+02,
    2.12114380e+02, 2.49139206e+02, 2.13129303e+02, 2.36300217e+02,
    2.14115509e+02, 2.23011429e+02, 2.15183578e+02, 2.09390564e+02,
    2.16238815e+02, 1.95150345e+02, 2.17311050e+02, 1.80562241e+02,
    2.22764160e+02, 2.54722504e+02, 2.23951981e+02, 2.41726273e+02,
    2.25174438e+02, 2.28241577e+02, 2.26357880e+02, 2.14396667e+02,
    2.27669891e+02, 1.99913818e+02, 2.29043304e+02, 1.85062851e+02 ]
