%YAML:1.0
---
points: [ 7.00524231e+02, 5.27180237e+02, 7.43693420e+02, 5.14793030e+02,
    7.86905823e+02, 5.02556458e+02, 8.29952698e+02, 4.90348846e+02,
    8.72893738e+02, 4.78067352e+02, 9.15959351e+02, 4.65653656e+02,
    7.16075806e+02, 5.64485535e+02, 7.58326172e+02, 5.52448120e+02,
    8.00752441e+02, 5.40452698e+02, 8.42922058e+02, 5.28481445e+02,
    8.85221619e+02, 5.16359497e+02, 9.27225220e+02, 5.04245300e+02,
    7.31210876e+02, 6.00973816e+02, 7.72594238e+02, 5.89028870e+02,
    8.14145813e+02, 5.77006775e+02, 8.55425049e+02, 5.65450684e+02,
    8.96970520e+02, 5.53579224e+02, 9.38390198e+02, 5.41730774e+02,
    7.45410522e+02, 6.35604858e+02, 7.86126221e+02, 6.23893494e+02,
    8.27008972e+02, 6.12228210e+02, 8.67564148e+02, 6.00638733e+02,
    9.08163513e+02, 5.89155396e+02, 9.48729614e+02, 5.77390869e+02,
    7.59292603e+02, 6.69435059e+02, 7.99286133e+02, 6.57634460e+02,
    8.39308350e+02, 6.46264160e+02, 8.79236938e+02, 6.34746826e+02,
    9.19174866e+02, 6.23350281e+02, 9.58906067e+02, 6.11975403e+02,
    7.72523743e+02, 7.01545227e+02, 8.11782227e+02, 6.90408875e+02,
    8.51222900e+02, 6.79017578e+02, 8.90336975e+02, 6.67628967e+02,
    9.29534180e+02, 6.56485168e+02, 9.68692871e+02, 6.45272888e+02,
    7.85295715e+02, 7.32979248e+02, 8.24065430e+02, 7.21607483e+02,
    8.62519714e+02, 7.10627319e+02, 9.01204407e+02, 6.99337952e+02,
    9.39568237e+02, 6.88396240e+02, 9.78254333e+02, 6.77307800e+02,
    7.97721619e+02, 7.63403259e+02, 8.35654114e+02, 7.52251465e+02,
    8.73777527e+02, 7.41250427e+02, 9.11489014e+02, 7.30220886e+02,
    9.49458923e+02, 7.19340454e+02, 9.87371643e+02, 7.08459900e+02 ]
