%YAML:1.0
---
points: [ 2.81794647e+02, 1.65387482e+02, 2.83115143e+02, 1.80350525e+02,
    2.84460480e+02, 1.95327499e+02, 2.85838593e+02, 2.10363937e+02,
    2.87233521e+02, 2.25305023e+02, 2.88656250e+02, 2.40302597e+02,
    2.66858582e+02, 1.66630997e+02, 2.68224579e+02, 1.81640900e+02,
    2.69539490e+02, 1.96698914e+02, 2.70941010e+02, 2.11494003e+02,
    2.72276215e+02, 2.26624268e+02, 2.73691101e+02, 2.41573715e+02,
    2.51833252e+02, 1.68050766e+02, 2.53181412e+02, 1.83080994e+02,
    2.54496933e+02, 1.98105148e+02, 2.55990494e+02, 2.13219177e+02,
    2.57195557e+02, 2.28060242e+02, 2.58695831e+02, 2.43098038e+02,
    2.36802795e+02, 1.69376968e+02, 2.38206345e+02, 1.84264893e+02,
    2.39230423e+02, 1.99039062e+02, 2.38944916e+02, 2.15677429e+02,
    2.42101578e+02, 2.29285538e+02, 2.43804642e+02, 2.44302078e+02,
    2.21806442e+02, 1.70597992e+02, 2.23211334e+02, 1.85693985e+02,
    2.24502548e+02, 2.00685364e+02, 2.25274902e+02, 2.16104385e+02,
    2.27360397e+02, 2.30893845e+02, 2.28727173e+02, 2.45624573e+02,
    2.06754150e+02, 1.71929337e+02, 2.08239075e+02, 1.87088882e+02,
    2.09722290e+02, 2.02038071e+02, 2.11238586e+02, 2.17159592e+02,
    2.12428558e+02, 2.32047638e+02, 2.13684555e+02, 2.47131363e+02,
    1.91635605e+02, 1.73331680e+02, 1.93156723e+02, 1.88306564e+02,
    1.94520706e+02, 2.03293716e+02, 1.95908432e+02, 2.18382828e+02,
    1.97232224e+02, 2.33522858e+02, 1.98597733e+02, 2.48560318e+02,
    1.76470200e+02, 1.74584274e+02, 1.77945465e+02, 1.89622665e+02,
    1.79366638e+02, 2.04723572e+02, 1.80747711e+02, 2.19802383e+02,
    1.82151962e+02, 2.34864075e+02, 1.83455795e+02, 2.49949326e+02 ]
