%YAML:1.0
---
points: [ 1.43590515e+02, 2.46768539e+02, 1.48894653e+02, 2.38031891e+02,
    1.54461151e+02, 2.28875336e+02, 1.60322662e+02, 2.19240952e+02,
    1.66586548e+02, 2.08858612e+02, 1.73202164e+02, 1.98008163e+02,
    1.59105484e+02, 2.50128876e+02, 1.64657242e+02, 2.41677872e+02,
    1.70537720e+02, 2.32833908e+02, 1.76738892e+02, 2.23442062e+02,
    1.83330887e+02, 2.13504913e+02, 1.90239502e+02, 2.03082077e+02,
    1.73796753e+02, 2.53376358e+02, 1.79628845e+02, 2.45274078e+02,
    1.85865555e+02, 2.36583588e+02, 1.92386765e+02, 2.27587753e+02,
    1.99269089e+02, 2.17970642e+02, 2.06524658e+02, 2.07831055e+02,
    1.88123535e+02, 2.56518982e+02, 1.94189560e+02, 2.48512802e+02,
    2.00642654e+02, 2.40248947e+02, 2.07341263e+02, 2.31450714e+02,
    2.14459625e+02, 2.22205963e+02, 2.22002853e+02, 2.12351944e+02,
    2.01761276e+02, 2.59484467e+02, 2.08050110e+02, 2.51843109e+02,
    2.14747650e+02, 2.43691269e+02, 2.21722488e+02, 2.35166641e+02,
    2.29067871e+02, 2.26233109e+02, 2.36816132e+02, 2.16784485e+02,
    2.14934753e+02, 2.62433228e+02, 2.21386795e+02, 2.54916519e+02,
    2.28190735e+02, 2.47092529e+02, 2.35411301e+02, 2.38776688e+02,
    2.43050446e+02, 2.30103134e+02, 2.51028275e+02, 2.20902252e+02,
    2.27575363e+02, 2.65150909e+02, 2.34340500e+02, 2.57926910e+02,
    2.41383499e+02, 2.50257919e+02, 2.48784561e+02, 2.42231216e+02,
    2.56568939e+02, 2.33757141e+02, 2.64694763e+02, 2.24949814e+02,
    2.39788208e+02, 2.67931091e+02, 2.46687408e+02, 2.60782043e+02,
    2.53906433e+02, 2.53348679e+02, 2.61475098e+02, 2.45590240e+02,
    2.69365082e+02, 2.37485535e+02, 2.77832489e+02, 2.28754272e+02 ]
