%YAML:1.0
---
points: [ 5.48991638e+02, 6.32544250e+02, 5.63004272e+02, 6.06784973e+02,
    5.77504883e+02, 5.79759583e+02, 5.92996338e+02, 5.51319519e+02,
    6.09260498e+02, 5.20785278e+02, 6.26348145e+02, 4.88750061e+02,
    5.96348694e+02, 6.42595703e+02, 6.11189697e+02, 6.17673157e+02,
    6.26727539e+02, 5.91496887e+02, 6.43178955e+02, 5.63977966e+02,
    6.60502197e+02, 5.34592896e+02, 6.78877808e+02, 5.03497192e+02,
    6.41527771e+02, 6.52198120e+02, 6.57156006e+02, 6.28155090e+02,
    6.73672363e+02, 6.02553772e+02, 6.90948120e+02, 5.76050354e+02,
    7.09311707e+02, 5.47685303e+02, 7.28662964e+02, 5.17722351e+02,
    6.85039490e+02, 6.61336060e+02, 7.01381104e+02, 6.37972412e+02,
    7.18615662e+02, 6.13452820e+02, 7.36768372e+02, 5.87521973e+02,
    7.55804565e+02, 5.60183350e+02, 7.76169128e+02, 5.31415222e+02,
    7.26498291e+02, 6.70381042e+02, 7.43616455e+02, 6.47568909e+02,
    7.61769409e+02, 6.23538330e+02, 7.80631653e+02, 5.98579834e+02,
    8.00578430e+02, 5.72085205e+02, 8.21576660e+02, 5.44216614e+02,
    7.66531616e+02, 6.78863342e+02, 7.84428223e+02, 6.56661377e+02,
    8.02999207e+02, 6.33566528e+02, 8.22703735e+02, 6.09151489e+02,
    8.43278809e+02, 5.83573181e+02, 8.65008362e+02, 5.56440857e+02,
    8.05270203e+02, 6.87091553e+02, 8.23519714e+02, 6.65606445e+02,
    8.42869873e+02, 6.43212524e+02, 8.63187927e+02, 6.19494568e+02,
    8.84416870e+02, 5.94522278e+02, 9.06754272e+02, 5.68453735e+02,
    8.42274048e+02, 6.95114136e+02, 8.61144897e+02, 6.74242615e+02,
    8.81023071e+02, 6.52262390e+02, 9.01823486e+02, 6.29310181e+02,
    9.23606018e+02, 6.05215149e+02, 9.46591614e+02, 5.79710083e+02 ]
