%YAML:1.0
---
points: [ 1.55488510e+02, 1.94871017e+02, 1.68422775e+02, 1.86865143e+02,
    1.81304977e+02, 1.78760620e+02, 1.94209976e+02, 1.70758591e+02,
    2.07015610e+02, 1.62800812e+02, 2.19809387e+02, 1.54689072e+02,
    1.63630981e+02, 2.07740082e+02, 1.76528870e+02, 1.99712051e+02,
    1.89455124e+02, 1.91674515e+02, 2.02296570e+02, 1.83645508e+02,
    2.15102753e+02, 1.75638947e+02, 2.27834229e+02, 1.67605438e+02,
    1.71744995e+02, 2.20593109e+02, 1.84654495e+02, 2.12560822e+02,
    1.97501495e+02, 2.04504456e+02, 2.10376282e+02, 1.96445724e+02,
    2.23161972e+02, 1.88690216e+02, 2.36006927e+02, 1.80526642e+02,
    1.79898911e+02, 2.33327728e+02, 1.92698151e+02, 2.25234436e+02,
    2.05546265e+02, 2.17216003e+02, 2.18364120e+02, 2.09220276e+02,
    2.31146179e+02, 2.01191055e+02, 2.43904999e+02, 1.93269485e+02,
    1.87869644e+02, 2.46141693e+02, 2.00717392e+02, 2.38063492e+02,
    2.13420059e+02, 2.30026596e+02, 2.26433563e+02, 2.21947739e+02,
    2.38825211e+02, 2.13540161e+02, 2.51688416e+02, 2.05853455e+02,
    1.95921661e+02, 2.58848297e+02, 2.08739410e+02, 2.50851151e+02,
    2.21588318e+02, 2.42721527e+02, 2.34370346e+02, 2.34716385e+02,
    2.47151474e+02, 2.27191696e+02, 2.59814819e+02, 2.18755951e+02,
    2.03907806e+02, 2.71731201e+02, 2.16735901e+02, 2.63647888e+02,
    2.29571075e+02, 2.55546539e+02, 2.42324890e+02, 2.47661346e+02,
    2.55154831e+02, 2.39559586e+02, 2.67817841e+02, 2.31592545e+02,
    2.11853119e+02, 2.84565430e+02, 2.24755630e+02, 2.76340912e+02,
    2.37574448e+02, 2.68313507e+02, 2.50285782e+02, 2.60281311e+02,
    2.62992004e+02, 2.52276093e+02, 2.75752808e+02, 2.44233734e+02 ]
