%YAML:1.0
---
points: [ 6.21708435e+02, 3.44644440e+02, 6.61170715e+02, 3.22935028e+02,
    7.00437378e+02, 3.01446625e+02, 7.39527405e+02, 2.79839020e+02,
    7.78728760e+02, 2.58258972e+02, 8.17739136e+02, 2.36465668e+02,
    6.43726929e+02, 3.83940369e+02, 6.83228210e+02, 3.62462128e+02,
    7.22430237e+02, 3.40730743e+02, 7.61500732e+02, 3.19352173e+02,
    8.00607422e+02, 2.97675751e+02, 8.39648132e+02, 2.76146637e+02,
    6.66179443e+02, 4.23550690e+02, 7.05309448e+02, 4.01929199e+02,
    7.44540100e+02, 3.80534210e+02, 7.83477661e+02, 3.58845093e+02,
    8.22481323e+02, 3.37387115e+02, 8.61417236e+02, 3.15685059e+02,
    6.88130249e+02, 4.62654144e+02, 7.27303406e+02, 4.41152954e+02,
    7.66371155e+02, 4.19571808e+02, 8.05271301e+02, 3.98135925e+02,
    8.44229614e+02, 3.76580200e+02, 8.83125916e+02, 3.55026306e+02,
    7.09952209e+02, 5.01652924e+02, 7.49091980e+02, 4.80191315e+02,
    7.88151489e+02, 4.58692932e+02, 8.26897705e+02, 4.37228729e+02,
    8.65746521e+02, 4.15722504e+02, 9.04496948e+02, 3.94257477e+02,
    7.31677246e+02, 5.40665405e+02, 7.70712524e+02, 5.19196228e+02,
    8.09628113e+02, 4.97592651e+02, 8.48570007e+02, 4.76237091e+02,
    8.87368713e+02, 4.54608032e+02, 9.26063354e+02, 4.33106049e+02,
    7.53411682e+02, 5.79471680e+02, 7.92395142e+02, 5.57828918e+02,
    8.31275085e+02, 5.36429810e+02, 8.69899170e+02, 5.14923218e+02,
    9.08697327e+02, 4.93444641e+02, 9.47427368e+02, 4.71907135e+02,
    7.75111450e+02, 6.18288940e+02, 8.13970398e+02, 5.96692627e+02,
    8.52750000e+02, 5.75165710e+02, 8.91444397e+02, 5.53651062e+02,
    9.30150574e+02, 5.32258423e+02, 9.68806091e+02, 5.10723816e+02 ]
