%YAML:1.0
---
points: [ 1.38462692e+02, 1.24602348e+02, 1.50736938e+02, 1.19487778e+02,
    1.62337860e+02, 1.14645973e+02, 1.73233246e+02, 1.10047966e+02,
    1.83636139e+02, 1.05742828e+02, 1.93433441e+02, 1.01577568e+02,
    1.49707748e+02, 1.33933685e+02, 1.61765137e+02, 1.28545471e+02,
    1.73106812e+02, 1.23437614e+02, 1.83875488e+02, 1.18638153e+02,
    1.94112823e+02, 1.14025253e+02, 2.03774429e+02, 1.09710045e+02,
    1.61141068e+02, 1.43484360e+02, 1.72937119e+02, 1.37797058e+02,
    1.84117889e+02, 1.32391708e+02, 1.94583832e+02, 1.27287430e+02,
    2.04607849e+02, 1.22519028e+02, 2.13993454e+02, 1.17794502e+02,
    1.72666718e+02, 1.53181580e+02, 1.84310135e+02, 1.47214264e+02,
    1.95158722e+02, 1.41437134e+02, 2.05471298e+02, 1.36133377e+02,
    2.15289734e+02, 1.30971436e+02, 2.24522552e+02, 1.26110870e+02,
    1.84603714e+02, 1.63080688e+02, 1.95855820e+02, 1.56746918e+02,
    2.06509659e+02, 1.50783615e+02, 2.16583176e+02, 1.45098999e+02,
    2.26136719e+02, 1.39714737e+02, 2.35118073e+02, 1.34569824e+02,
    1.96527603e+02, 1.73046158e+02, 2.07567352e+02, 1.66435715e+02,
    2.18005707e+02, 1.60109634e+02, 2.27785965e+02, 1.54179062e+02,
    2.37068512e+02, 1.48490494e+02, 2.45891647e+02, 1.43187881e+02,
    2.08756561e+02, 1.83444290e+02, 2.19489792e+02, 1.76365662e+02,
    2.29660416e+02, 1.69665497e+02, 2.39165344e+02, 1.63405823e+02,
    2.48281708e+02, 1.57462357e+02, 2.56789978e+02, 1.51797974e+02,
    2.20989548e+02, 1.93701797e+02, 2.31517441e+02, 1.86280533e+02,
    2.41292435e+02, 1.79316620e+02, 2.50696198e+02, 1.72717270e+02,
    2.59478058e+02, 1.66472443e+02, 2.67851959e+02, 1.60639236e+02 ]
