%YAML:1.0
---
points: [ 5.32958435e+02, 2.71465302e+02, 5.71335815e+02, 2.56557526e+02,
    6.07629822e+02, 2.42408676e+02, 6.41707092e+02, 2.28919159e+02,
    6.74298889e+02, 2.16332153e+02, 7.05026306e+02, 2.04231232e+02,
    5.65876099e+02, 2.99442535e+02, 6.03656555e+02, 2.83569061e+02,
    6.39190796e+02, 2.68575989e+02, 6.72850037e+02, 2.54365646e+02,
    7.04645264e+02, 2.40943878e+02, 7.34891479e+02, 2.28157028e+02,
    5.99273682e+02, 3.27615448e+02, 6.36181091e+02, 3.10857269e+02,
    6.71342590e+02, 2.95119537e+02, 7.04203979e+02, 2.80022522e+02,
    7.35538452e+02, 2.65833588e+02, 7.64958618e+02, 2.52467407e+02,
    6.33159851e+02, 3.56460602e+02, 6.69482056e+02, 3.38782104e+02,
    7.03709106e+02, 3.21938904e+02, 7.36010376e+02, 3.06288940e+02,
    7.66558167e+02, 2.91269287e+02, 7.95498291e+02, 2.76957611e+02,
    6.67626465e+02, 3.85666443e+02, 7.03234985e+02, 3.67103485e+02,
    7.36529846e+02, 3.49508362e+02, 7.68166748e+02, 3.32740723e+02,
    7.98120972e+02, 3.16836578e+02, 8.26347229e+02, 3.01894684e+02,
    7.02433594e+02, 4.15272095e+02, 7.37200562e+02, 3.95580566e+02,
    7.69903625e+02, 3.77156189e+02, 8.00758301e+02, 3.59621704e+02,
    8.29917419e+02, 3.42851532e+02, 8.57567749e+02, 3.27235931e+02,
    7.37864807e+02, 4.45660583e+02, 7.71817444e+02, 4.25025024e+02,
    8.03906738e+02, 4.05388977e+02, 8.33948914e+02, 3.86877380e+02,
    8.62450134e+02, 3.69468262e+02, 8.89425110e+02, 3.52816315e+02,
    7.73646484e+02, 4.76246216e+02, 8.06771790e+02, 4.54463928e+02,
    8.37918640e+02, 4.33781464e+02, 8.67425354e+02, 4.14462372e+02,
    8.95176270e+02, 3.96048798e+02, 9.21435730e+02, 3.78706024e+02 ]
