%YAML:1.0
---
points: [ 1.79262375e+02, 1.42208664e+02, 1.83106949e+02, 1.26855095e+02,
    1.86918152e+02, 1.11817566e+02, 1.90503479e+02, 9.73875275e+01,
    1.94120636e+02, 8.33625183e+01, 1.97547882e+02, 6.97788391e+01,
    1.93921005e+02, 1.50766510e+02, 1.97399353e+02, 1.35641037e+02,
    2.00801132e+02, 1.20996109e+02, 2.04167480e+02, 1.06779594e+02,
    2.07311234e+02, 9.30633621e+01, 2.10460022e+02, 7.96517334e+01,
    2.07577271e+02, 1.58671570e+02, 2.10708878e+02, 1.43925873e+02,
    2.13845337e+02, 1.29541748e+02, 2.16910828e+02, 1.15695190e+02,
    2.19824554e+02, 1.02144318e+02, 2.22735748e+02, 8.90738754e+01,
    2.20495087e+02, 1.66125336e+02, 2.23252045e+02, 1.51638794e+02,
    2.26033737e+02, 1.37716553e+02, 2.28834930e+02, 1.23951225e+02,
    2.31616241e+02, 1.10803459e+02, 2.34199005e+02, 9.79153442e+01,
    2.32350555e+02, 1.73059265e+02, 2.35012985e+02, 1.59067810e+02,
    2.37716476e+02, 1.45346375e+02, 2.40178513e+02, 1.31962555e+02,
    2.42675964e+02, 1.18860054e+02, 2.45012772e+02, 1.06333160e+02,
    2.43769897e+02, 1.79791962e+02, 2.46200394e+02, 1.65904099e+02,
    2.48613907e+02, 1.52523010e+02, 2.50878693e+02, 1.39424896e+02,
    2.53155060e+02, 1.26686195e+02, 2.55374268e+02, 1.14246475e+02,
    2.54567841e+02, 1.86060501e+02, 2.56728088e+02, 1.72610107e+02,
    2.58991058e+02, 1.59337921e+02, 2.61097351e+02, 1.46559891e+02,
    2.63169769e+02, 1.34026993e+02, 2.65119812e+02, 1.21829170e+02,
    2.64760529e+02, 1.91948822e+02, 2.66747650e+02, 1.78709915e+02,
    2.68752777e+02, 1.65800613e+02, 2.70661133e+02, 1.53115616e+02,
    2.72484863e+02, 1.40859451e+02, 2.74382721e+02, 1.28916748e+02 ]
