%YAML:1.0
---
points: [ 6.21905518e+02, 4.91805084e+02, 6.34294983e+02, 4.48965393e+02,
    6.46553284e+02, 4.06035950e+02, 6.59007629e+02, 3.63143494e+02,
    6.71147949e+02, 3.19547333e+02, 6.83305481e+02, 2.76467285e+02,
    6.65215515e+02, 5.04548462e+02, 6.77547241e+02, 4.61496277e+02,
    6.89983337e+02, 4.18861084e+02, 7.02100281e+02, 3.75838745e+02,
    7.14279297e+02, 3.32637054e+02, 7.26503296e+02, 2.89398926e+02,
    7.08510193e+02, 5.17173218e+02, 7.20890137e+02, 4.74439667e+02,
    7.33171509e+02, 4.31502991e+02, 7.45376282e+02, 3.88631073e+02,
    7.57723267e+02, 3.45509613e+02, 7.69902710e+02, 3.02449890e+02,
    7.51462158e+02, 5.29527588e+02, 7.63699341e+02, 4.86781097e+02,
    7.75965759e+02, 4.44145447e+02, 7.88316040e+02, 4.01493378e+02,
    8.00665161e+02, 3.58442932e+02, 8.12804565e+02, 3.15334442e+02,
    7.94291931e+02, 5.41904053e+02, 8.06596313e+02, 4.99541473e+02,
    8.18909729e+02, 4.56548340e+02, 8.31288025e+02, 4.14140900e+02,
    8.43485657e+02, 3.71216156e+02, 8.55568542e+02, 3.28156342e+02,
    8.36894470e+02, 5.54460266e+02, 8.49073364e+02, 5.12139465e+02,
    8.61466064e+02, 4.69324463e+02, 8.73859741e+02, 4.26628204e+02,
    8.86201782e+02, 3.83825500e+02, 8.98580933e+02, 3.40748199e+02,
    8.79444641e+02, 5.66754700e+02, 8.91553345e+02, 5.24392883e+02,
    9.03995911e+02, 4.81776764e+02, 9.16434631e+02, 4.39279968e+02,
    9.28639160e+02, 3.96495667e+02, 9.41128479e+02, 3.53513153e+02,
    9.22014893e+02, 5.79411255e+02, 9.34222229e+02, 5.36800110e+02,
    9.46554688e+02, 4.94335876e+02, 9.58880859e+02, 4.51638367e+02,
    9.71336365e+02, 4.08946350e+02, 9.83688477e+02, 3.66169556e+02 ]
