%YAML:1.0
---
points: [ 6.44513367e+02, 3.23983582e+02, 6.57413635e+02, 2.78488098e+02,
    6.69606384e+02, 2.34233261e+02, 6.81566101e+02, 1.91382111e+02,
    6.93077393e+02, 1.49775177e+02, 7.04305725e+02, 1.09630005e+02,
    6.90458191e+02, 3.49226410e+02, 7.01973938e+02, 3.04572510e+02,
    7.13141174e+02, 2.61428253e+02, 7.24174194e+02, 2.19464874e+02,
    7.34489319e+02, 1.78777313e+02, 7.44641602e+02, 1.39235596e+02,
    7.33140442e+02, 3.72635193e+02, 7.43642395e+02, 3.29166138e+02,
    7.53933899e+02, 2.86801910e+02, 7.64084473e+02, 2.45913849e+02,
    7.73511108e+02, 2.05904678e+02, 7.82758606e+02, 1.67271820e+02,
    7.73432861e+02, 3.94684875e+02, 7.82781067e+02, 3.52227112e+02,
    7.92189331e+02, 3.10634003e+02, 8.01454163e+02, 2.70639740e+02,
    8.10289429e+02, 2.31681335e+02, 8.18728149e+02, 1.93441376e+02,
    8.11025940e+02, 4.15529541e+02, 8.19716248e+02, 3.73859100e+02,
    8.28378967e+02, 3.33548889e+02, 8.36683777e+02, 2.94231628e+02,
    8.44699280e+02, 2.55646332e+02, 8.52666199e+02, 2.18528656e+02,
    8.46505798e+02, 4.35037262e+02, 8.54511658e+02, 3.94323303e+02,
    8.62543457e+02, 3.54772858e+02, 8.70038635e+02, 3.16253784e+02,
    8.77480957e+02, 2.78518951e+02, 8.84677795e+02, 2.42074738e+02,
    8.80034851e+02, 4.53628815e+02, 8.87402893e+02, 4.13680115e+02,
    8.94844788e+02, 3.75075928e+02, 9.01765503e+02, 3.37213989e+02,
    9.08564880e+02, 3.00377167e+02, 9.15404053e+02, 2.64495453e+02,
    9.11720093e+02, 4.71162781e+02, 9.18482849e+02, 4.31929016e+02,
    9.25208923e+02, 3.93923004e+02, 9.31670654e+02, 3.57011383e+02,
    9.37979187e+02, 3.20738312e+02, 9.44017334e+02, 2.85619476e+02 ]
