%YAML:1.0
---
points: [ 1.57906769e+02, 1.66853989e+02, 1.72949554e+02, 1.64491669e+02,
    1.88022202e+02, 1.62054474e+02, 2.03004868e+02, 1.59716125e+02,
    2.17976425e+02, 1.57411392e+02, 2.32920288e+02, 1.54917740e+02,
    1.60420639e+02, 1.81858231e+02, 1.75490280e+02, 1.79420319e+02,
    1.90542801e+02, 1.77072556e+02, 2.05461182e+02, 1.74748489e+02,
    2.20418686e+02, 1.72303787e+02, 2.35297226e+02, 1.69883041e+02,
    1.62847931e+02, 1.96777222e+02, 1.77858429e+02, 1.94382889e+02,
    1.92889603e+02, 1.91976135e+02, 2.07915955e+02, 1.89619736e+02,
    2.22795883e+02, 1.87299133e+02, 2.37820114e+02, 1.85089066e+02,
    1.65250656e+02, 2.11777634e+02, 1.80374786e+02, 2.09276352e+02,
    1.95291046e+02, 2.06892120e+02, 2.10351410e+02, 2.04515976e+02,
    2.25300552e+02, 2.02050781e+02, 2.39979034e+02, 1.99669052e+02,
    1.67745667e+02, 2.26674332e+02, 1.82758133e+02, 2.24231262e+02,
    1.97756760e+02, 2.21753220e+02, 2.12749390e+02, 2.19369995e+02,
    2.27448380e+02, 2.16772583e+02, 2.36500000e+02, 2.17500000e+02,
    1.70130310e+02, 2.41651245e+02, 1.85183945e+02, 2.39169891e+02,
    2.00153549e+02, 2.36730423e+02, 2.15134842e+02, 2.34232437e+02,
    2.29924240e+02, 2.31918472e+02, 2.44956436e+02, 2.29202820e+02,
    1.72543152e+02, 2.56587372e+02, 1.87583633e+02, 2.54068314e+02,
    2.02620651e+02, 2.51561737e+02, 2.17540268e+02, 2.49227234e+02,
    2.32457108e+02, 2.46808456e+02, 2.47231659e+02, 2.44310928e+02,
    1.74869400e+02, 2.71521027e+02, 1.89928741e+02, 2.68994598e+02,
    2.04944382e+02, 2.66505310e+02, 2.19905502e+02, 2.63992493e+02,
    2.34639694e+02, 2.61573792e+02, 2.49653305e+02, 2.59120667e+02 ]
