%YAML:1.0
---
points: [ 6.03755379e+01, 8.43904419e+01, 7.14241333e+01, 8.05474777e+01,
    8.24060898e+01, 7.66819611e+01, 9.35714569e+01, 7.29294586e+01,
    1.04645027e+02, 6.92563095e+01, 1.15942123e+02, 6.55302048e+01,
    6.60055542e+01, 9.57102356e+01, 7.67535629e+01, 9.19743118e+01,
    8.77974243e+01, 8.81916885e+01, 9.86982880e+01, 8.44302902e+01,
    1.09804405e+02, 8.08114471e+01, 1.20781860e+02, 7.72287827e+01,
    7.12797546e+01, 1.06559692e+02, 8.21626892e+01, 1.02950233e+02,
    9.29823608e+01, 9.92725449e+01, 1.03856506e+02, 9.56793747e+01,
    1.14729820e+02, 9.21145477e+01, 1.25688812e+02, 8.85708771e+01,
    7.67478790e+01, 1.17376564e+02, 8.73673019e+01, 1.13752228e+02,
    9.81506882e+01, 1.10199043e+02, 1.08895897e+02, 1.06701263e+02,
    1.19685318e+02, 1.03195869e+02, 1.30425217e+02, 9.96315536e+01,
    8.20002441e+01, 1.27898262e+02, 9.25825577e+01, 1.24344627e+02,
    1.03259438e+02, 1.20858261e+02, 1.13890907e+02, 1.17407173e+02,
    1.24483200e+02, 1.13905510e+02, 1.35098572e+02, 1.10527565e+02,
    8.72233124e+01, 1.38197479e+02, 9.77063446e+01, 1.34600479e+02,
    1.08162354e+02, 1.31194473e+02, 1.18721321e+02, 1.27766747e+02,
    1.29175049e+02, 1.24364532e+02, 1.39620148e+02, 1.20972710e+02,
    9.23315887e+01, 1.48115219e+02, 1.02715515e+02, 1.44752686e+02,
    1.13135292e+02, 1.41298248e+02, 1.23452156e+02, 1.37983597e+02,
    1.33824005e+02, 1.34608063e+02, 1.44076950e+02, 1.31254440e+02,
    9.73461990e+01, 1.57872238e+02, 1.07559471e+02, 1.54374451e+02,
    1.17877213e+02, 1.51135605e+02, 1.28119110e+02, 1.47776260e+02,
    1.38240997e+02, 1.44438583e+02, 1.48493378e+02, 1.41199799e+02 ]
