%YAML:1.0
---
points: [ 3.12557098e+02, 1.47451752e+02, 3.46517883e+02, 1.36673630e+02,
    3.80495819e+02, 1.26020874e+02, 4.14424469e+02, 1.15475433e+02,
    4.48168213e+02, 1.04812393e+02, 4.81844849e+02, 9.44319611e+01,
    3.31055023e+02, 1.82092667e+02, 3.64630188e+02, 1.71513016e+02,
    3.98192596e+02, 1.60951981e+02, 4.31510834e+02, 1.50592957e+02,
    4.64822754e+02, 1.40292160e+02, 4.98153320e+02, 1.29775909e+02,
    3.49287445e+02, 2.15691208e+02, 3.82311951e+02, 2.05253281e+02,
    4.15381042e+02, 1.94847763e+02, 4.48204590e+02, 1.84565689e+02,
    4.81199097e+02, 1.74475494e+02, 5.13709167e+02, 1.64282440e+02,
    3.67019745e+02, 2.48318207e+02, 3.99715088e+02, 2.38249100e+02,
    4.31996490e+02, 2.27639648e+02, 4.64614044e+02, 2.17745575e+02,
    4.96768707e+02, 2.07584106e+02, 5.29126221e+02, 1.97532150e+02,
    3.84323578e+02, 2.80150421e+02, 4.16236359e+02, 2.69716125e+02,
    4.48597260e+02, 2.60014191e+02, 4.80353729e+02, 2.49616623e+02,
    5.12324890e+02, 2.39744156e+02, 5.43823547e+02, 2.29805450e+02,
    4.00850494e+02, 3.10689087e+02, 4.32703064e+02, 3.00916290e+02,
    4.64317596e+02, 2.90611603e+02, 4.95875305e+02, 2.81140320e+02,
    5.27048218e+02, 2.70882202e+02, 5.58354858e+02, 2.61246918e+02,
    4.17370178e+02, 3.40697968e+02, 4.48530090e+02, 3.30830353e+02,
    4.79814423e+02, 3.21096924e+02, 5.10752228e+02, 3.11166992e+02,
    5.41790894e+02, 3.01545502e+02, 5.72406799e+02, 2.91620056e+02,
    4.33297729e+02, 3.69530304e+02, 4.64232178e+02, 3.59829132e+02,
    4.94630096e+02, 3.49979736e+02, 5.25290833e+02, 3.40320557e+02,
    5.55627258e+02, 3.30736237e+02, 5.86141602e+02, 3.21185486e+02 ]
