%YAML:1.0
---
points: [ 8.06938599e+02, 2.24980972e+02, 8.39373535e+02, 2.56591431e+02,
    8.71516174e+02, 2.88264435e+02, 9.03564758e+02, 3.19418701e+02,
    9.35539490e+02, 3.50726868e+02, 9.67447815e+02, 3.81759552e+02,
    7.75826965e+02, 2.57141144e+02, 8.08202698e+02, 2.88759247e+02,
    8.40504883e+02, 3.20247284e+02, 8.72551208e+02, 3.51560547e+02,
    9.04560669e+02, 3.82765381e+02, 9.36473572e+02, 4.13748383e+02,
    7.44813965e+02, 2.89317291e+02, 7.77362000e+02, 3.20726593e+02,
    8.09526001e+02, 3.52271637e+02, 8.41699829e+02, 3.83432465e+02,
    8.73601257e+02, 4.14633301e+02, 9.05576233e+02, 4.45541870e+02,
    7.13830750e+02, 3.21419647e+02, 7.46302856e+02, 3.52827728e+02,
    7.78637146e+02, 3.84143433e+02, 8.10636719e+02, 4.15327209e+02,
    8.42883728e+02, 4.46492188e+02, 8.74667480e+02, 4.77369812e+02,
    6.82617798e+02, 3.53331207e+02, 7.15207825e+02, 3.84606720e+02,
    7.47486755e+02, 4.16103760e+02, 7.79792175e+02, 4.47260529e+02,
    8.11842041e+02, 4.78231049e+02, 8.43856689e+02, 5.09287811e+02,
    6.51499268e+02, 3.85299835e+02, 6.84073181e+02, 4.16696014e+02,
    7.16566650e+02, 4.47888733e+02, 7.48750549e+02, 4.78838196e+02,
    7.80999329e+02, 5.10069763e+02, 8.12912964e+02, 5.40824158e+02,
    6.20186401e+02, 4.17362915e+02, 6.52790222e+02, 4.48646729e+02,
    6.85328857e+02, 4.79969757e+02, 7.17607056e+02, 5.11051453e+02,
    7.49747375e+02, 5.41888977e+02, 7.81918762e+02, 5.72908997e+02,
    5.88830994e+02, 4.49338348e+02, 6.21469299e+02, 4.80544495e+02,
    6.54313477e+02, 5.11568939e+02, 6.86584229e+02, 5.42656372e+02,
    7.18885986e+02, 5.73683167e+02, 7.50843018e+02, 6.04540344e+02 ]
