%YAML:1.0
---
points: [ 1.97909607e+02, 1.47152954e+02, 2.12458130e+02, 1.51707428e+02,
    2.26980667e+02, 1.56183975e+02, 2.41382812e+02, 1.60685501e+02,
    2.55769211e+02, 1.65044907e+02, 2.70248962e+02, 1.69428909e+02,
    1.93513992e+02, 1.61681671e+02, 2.08082565e+02, 1.66101974e+02,
    2.22600906e+02, 1.70676498e+02, 2.36984924e+02, 1.75100021e+02,
    2.51408218e+02, 1.79434097e+02, 2.65780548e+02, 1.83853760e+02,
    1.89128784e+02, 1.76162537e+02, 2.03661591e+02, 1.80606125e+02,
    2.18143707e+02, 1.85037491e+02, 2.32602158e+02, 1.89556778e+02,
    2.46710602e+02, 1.94143188e+02, 2.61283539e+02, 1.98428421e+02,
    1.84695969e+02, 1.90483948e+02, 1.99217697e+02, 1.94945435e+02,
    2.13754822e+02, 1.99412811e+02, 2.28173920e+02, 2.03858582e+02,
    2.42895599e+02, 2.08326111e+02, 2.57002716e+02, 2.12742065e+02,
    1.80252213e+02, 2.04981583e+02, 1.94750046e+02, 2.09366760e+02,
    2.09267685e+02, 2.13719452e+02, 2.23815674e+02, 2.18040955e+02,
    2.38540543e+02, 2.22283035e+02, 2.52533432e+02, 2.26797516e+02,
    1.75777359e+02, 2.19394302e+02, 1.90256088e+02, 2.23819794e+02,
    2.04812256e+02, 2.28209778e+02, 2.19282562e+02, 2.32566757e+02,
    2.33659973e+02, 2.37075775e+02, 2.48133759e+02, 2.41390961e+02,
    1.71297729e+02, 2.33932861e+02, 1.85834839e+02, 2.38320190e+02,
    2.00453201e+02, 2.42659027e+02, 2.14803879e+02, 2.47105194e+02,
    2.29266602e+02, 2.51503799e+02, 2.43669678e+02, 2.55818802e+02,
    1.66799622e+02, 2.48377838e+02, 1.81379211e+02, 2.52726578e+02,
    1.95921982e+02, 2.57097565e+02, 2.10375275e+02, 2.61505188e+02,
    2.24749741e+02, 2.65790741e+02, 2.39253448e+02, 2.70199402e+02 ]
