%YAML:1.0
---
points: [ 5.88626709e+02, 2.95081512e+02, 6.30613525e+02, 2.78737244e+02,
    6.72709229e+02, 2.62675171e+02, 7.14516235e+02, 2.46547546e+02,
    7.56426941e+02, 2.30341858e+02, 7.97963623e+02, 2.14176117e+02,
    6.05461731e+02, 3.37040405e+02, 6.47451843e+02, 3.21107605e+02,
    6.89421387e+02, 3.04881897e+02, 7.31252136e+02, 2.88700317e+02,
    7.72907410e+02, 2.72650818e+02, 8.14593140e+02, 2.56394958e+02,
    6.22179749e+02, 3.79165283e+02, 6.64159119e+02, 3.62807953e+02,
    7.06106201e+02, 3.46807404e+02, 7.47760864e+02, 3.30678650e+02,
    7.89396790e+02, 3.14560150e+02, 8.30890930e+02, 2.98508972e+02,
    6.38823669e+02, 4.20768280e+02, 6.80787292e+02, 4.04766541e+02,
    7.22638000e+02, 3.88648529e+02, 7.64261230e+02, 3.72545593e+02,
    8.05842407e+02, 3.56485352e+02, 8.47288940e+02, 3.40293732e+02,
    6.55506165e+02, 4.62558594e+02, 6.97343384e+02, 4.46523376e+02,
    7.39062988e+02, 4.30413605e+02, 7.80661377e+02, 4.14243500e+02,
    8.22196045e+02, 3.98101105e+02, 8.63581177e+02, 3.81917145e+02,
    6.71791809e+02, 5.04217163e+02, 7.13732056e+02, 4.88092285e+02,
    7.55434875e+02, 4.71831604e+02, 7.96964233e+02, 4.55679138e+02,
    8.38412720e+02, 4.39553558e+02, 8.79647766e+02, 4.23545105e+02,
    6.88412354e+02, 5.45842957e+02, 7.30225159e+02, 5.29592468e+02,
    7.71861877e+02, 5.13463257e+02, 8.13278076e+02, 4.97378937e+02,
    8.54682251e+02, 4.81306335e+02, 8.96045837e+02, 4.64973419e+02,
    7.04686646e+02, 5.87242249e+02, 7.46416504e+02, 5.70983459e+02,
    7.87869995e+02, 5.54612244e+02, 8.29490112e+02, 5.38580200e+02,
    8.70644897e+02, 5.22406372e+02, 9.12002563e+02, 5.06359894e+02 ]
