%YAML:1.0
---
points: [ 1.04317833e+02, 1.50279053e+02, 1.12919212e+02, 1.49776581e+02,
    1.21642960e+02, 1.49271698e+02, 1.30444748e+02, 1.48771164e+02,
    1.39313141e+02, 1.48217896e+02, 1.48235519e+02, 1.47716003e+02,
    1.05295052e+02, 1.59744705e+02, 1.13834846e+02, 1.59177673e+02,
    1.22645149e+02, 1.58729340e+02, 1.31367798e+02, 1.58286804e+02,
    1.40236084e+02, 1.57767609e+02, 1.49159058e+02, 1.57360046e+02,
    1.06244492e+02, 1.68850128e+02, 1.14792587e+02, 1.68632584e+02,
    1.23543678e+02, 1.68034714e+02, 1.32287033e+02, 1.67705231e+02,
    1.41111145e+02, 1.67252090e+02, 1.49989670e+02, 1.66765762e+02,
    1.07259178e+02, 1.78227615e+02, 1.15770691e+02, 1.77778259e+02,
    1.24516975e+02, 1.77520386e+02, 1.33227997e+02, 1.76952469e+02,
    1.42028381e+02, 1.76692505e+02, 1.50855743e+02, 1.76243530e+02,
    1.08201935e+02, 1.87416794e+02, 1.16722786e+02, 1.86893326e+02,
    1.25449226e+02, 1.86728012e+02, 1.34132767e+02, 1.86385635e+02,
    1.42929840e+02, 1.85838928e+02, 1.51722855e+02, 1.85685074e+02,
    1.09176758e+02, 1.96621368e+02, 1.17745270e+02, 1.96092026e+02,
    1.26333771e+02, 1.95791718e+02, 1.35087860e+02, 1.95659363e+02,
    1.43800674e+02, 1.95202728e+02, 1.52627518e+02, 1.94799271e+02,
    1.10180389e+02, 2.05662231e+02, 1.18684654e+02, 2.05277496e+02,
    1.27325531e+02, 2.04897064e+02, 1.35929611e+02, 2.04736603e+02,
    1.44691681e+02, 2.04539642e+02, 1.53477249e+02, 2.04071671e+02,
    1.11147980e+02, 2.14668839e+02, 1.19708031e+02, 2.14297714e+02,
    1.28156693e+02, 2.13856934e+02, 1.36846008e+02, 2.13719757e+02,
    1.45519623e+02, 2.13630081e+02, 1.54308029e+02, 2.13295578e+02 ]
