%YAML:1.0
---
points: [ 2.43809494e+02, 1.52417099e+02, 2.52767822e+02, 1.64632111e+02,
    2.61630920e+02, 1.76806381e+02, 2.70599976e+02, 1.88973236e+02,
    2.79423889e+02, 2.01056732e+02, 2.88398926e+02, 2.13232452e+02,
    2.31638077e+02, 1.61372589e+02, 2.40593628e+02, 1.73532516e+02,
    2.49586823e+02, 1.85723190e+02, 2.58370087e+02, 1.97936615e+02,
    2.67422241e+02, 2.10022003e+02, 2.76212036e+02, 2.22143158e+02,
    2.19505371e+02, 1.70200760e+02, 2.28386185e+02, 1.82449982e+02,
    2.37292191e+02, 1.94604691e+02, 2.46793976e+02, 2.06702728e+02,
    2.54957565e+02, 2.19234131e+02, 2.64041046e+02, 2.30977768e+02,
    2.07325851e+02, 1.79088242e+02, 2.16340851e+02, 1.91370346e+02,
    2.25161758e+02, 2.03681686e+02, 2.33897125e+02, 2.15651779e+02,
    2.43140656e+02, 2.27824860e+02, 2.51974869e+02, 2.39870743e+02,
    1.95081223e+02, 1.88032990e+02, 2.04093842e+02, 2.00151718e+02,
    2.13131805e+02, 2.12308182e+02, 2.22135071e+02, 2.24368561e+02,
    2.31122055e+02, 2.36695938e+02, 2.39862320e+02, 2.48724640e+02,
    1.82851440e+02, 1.96826721e+02, 1.91897766e+02, 2.09144943e+02,
    2.00887970e+02, 2.21236237e+02, 2.09839111e+02, 2.33398056e+02,
    2.18765701e+02, 2.45543259e+02, 2.27686264e+02, 2.57735474e+02,
    1.70573792e+02, 2.05808395e+02, 1.79570282e+02, 2.18005417e+02,
    1.88632584e+02, 2.30213348e+02, 1.97569992e+02, 2.42397491e+02,
    2.06516693e+02, 2.54527740e+02, 2.15434967e+02, 2.66664551e+02,
    1.58235764e+02, 2.14764206e+02, 1.67346298e+02, 2.26958191e+02,
    1.76348465e+02, 2.39178467e+02, 1.85336563e+02, 2.51298828e+02,
    1.94311569e+02, 2.63472107e+02, 2.03248520e+02, 2.75615051e+02 ]
