%YAML:1.0
---
points: [ 4.61229187e+02, 3.47839447e+02, 4.87023132e+02, 3.46437103e+02,
    5.12923279e+02, 3.45406189e+02, 5.39124023e+02, 3.43957703e+02,
    5.65294739e+02, 3.42565521e+02, 5.91605713e+02, 3.41156219e+02,
    4.64362457e+02, 3.75769470e+02, 4.90113739e+02, 3.74645599e+02,
    5.15895813e+02, 3.73309723e+02, 5.41747864e+02, 3.72131958e+02,
    5.68175049e+02, 3.70875000e+02, 5.94426514e+02, 3.69657776e+02,
    4.67393860e+02, 4.03355286e+02, 4.92768188e+02, 4.02010193e+02,
    5.18621887e+02, 4.01073730e+02, 5.44501404e+02, 3.99722046e+02,
    5.70627502e+02, 3.98633423e+02, 5.97130005e+02, 3.97647003e+02,
    4.70337708e+02, 4.30543854e+02, 4.95919922e+02, 4.29590851e+02,
    5.21643311e+02, 4.28511230e+02, 5.47509155e+02, 4.27699677e+02,
    5.73546265e+02, 4.26520203e+02, 5.99648621e+02, 4.25389771e+02,
    4.73377136e+02, 4.57862762e+02, 4.98673615e+02, 4.56624512e+02,
    5.24462585e+02, 4.55798157e+02, 5.50289490e+02, 4.54977753e+02,
    5.76288208e+02, 4.53886139e+02, 6.02379761e+02, 4.53163849e+02,
    4.76344604e+02, 4.84503479e+02, 5.01614502e+02, 4.83860352e+02,
    5.27397522e+02, 4.82731659e+02, 5.53066711e+02, 4.82124908e+02,
    5.78885254e+02, 4.81189789e+02, 6.04904480e+02, 4.80419312e+02,
    4.79300140e+02, 5.11644135e+02, 5.04560638e+02, 5.10465576e+02,
    5.30124817e+02, 5.10120178e+02, 5.55689575e+02, 5.09143646e+02,
    5.81504395e+02, 5.08528381e+02, 6.07467041e+02, 5.07638428e+02,
    4.82229218e+02, 5.38164429e+02, 5.07401581e+02, 5.37401367e+02,
    5.32830322e+02, 5.36497559e+02, 5.58411377e+02, 5.35925781e+02,
    5.84190430e+02, 5.35166992e+02, 6.10055908e+02, 5.34554504e+02 ]
