%YAML:1.0
---
points: [ 1.01171669e+02, 1.48928070e+02, 1.09273148e+02, 1.49837692e+02,
    1.17546982e+02, 1.50776077e+02, 1.25946938e+02, 1.51709381e+02,
    1.34367615e+02, 1.52645523e+02, 1.42924606e+02, 1.53636398e+02,
    9.96077271e+01, 1.57931229e+02, 1.07729553e+02, 1.58820358e+02,
    1.16063675e+02, 1.59842773e+02, 1.24361092e+02, 1.60788803e+02,
    1.32847336e+02, 1.61794220e+02, 1.41393784e+02, 1.62781235e+02,
    9.80886002e+01, 1.66863571e+02, 1.06221901e+02, 1.67854691e+02,
    1.14432243e+02, 1.68848038e+02, 1.22903435e+02, 1.69896896e+02,
    1.31323578e+02, 1.70961594e+02, 1.39873215e+02, 1.72053192e+02,
    9.64871140e+01, 1.75841080e+02, 1.04708946e+02, 1.76878174e+02,
    1.12991516e+02, 1.77973495e+02, 1.21375511e+02, 1.79063782e+02,
    1.29854828e+02, 1.80153473e+02, 1.38442657e+02, 1.81178406e+02,
    9.50482635e+01, 1.84850021e+02, 1.03118759e+02, 1.86019089e+02,
    1.11414948e+02, 1.87076782e+02, 1.19840675e+02, 1.88237625e+02,
    1.28316238e+02, 1.89265228e+02, 1.36919449e+02, 1.90456421e+02,
    9.33376236e+01, 1.94006653e+02, 1.01616325e+02, 1.95062653e+02,
    1.09987236e+02, 1.96241455e+02, 1.18336815e+02, 1.97318619e+02,
    1.26789452e+02, 1.98532501e+02, 1.35359390e+02, 1.99712387e+02,
    9.18854752e+01, 2.02932953e+02, 1.00123947e+02, 2.04243683e+02,
    1.08368172e+02, 2.05393585e+02, 1.16715042e+02, 2.06635590e+02,
    1.25276924e+02, 2.07832718e+02, 1.33832581e+02, 2.09089615e+02,
    9.02893219e+01, 2.12174652e+02, 9.84984741e+01, 2.13339050e+02,
    1.06827454e+02, 2.14542648e+02, 1.15224808e+02, 2.15775604e+02,
    1.23778580e+02, 2.17176315e+02, 1.32277893e+02, 2.18338058e+02 ]
