%YAML:1.0
---
points: [ 6.29318298e+02, 4.17210632e+02, 6.50571960e+02, 3.77880310e+02,
    6.71768555e+02, 3.38407074e+02, 6.92973999e+02, 2.99199921e+02,
    7.14060913e+02, 2.59454773e+02, 7.35227295e+02, 2.19791931e+02,
    6.69076965e+02, 4.38770416e+02, 6.90369873e+02, 3.99576447e+02,
    7.11518799e+02, 3.60235016e+02, 7.32600525e+02, 3.20804108e+02,
    7.53839417e+02, 2.81434601e+02, 7.74855225e+02, 2.41676407e+02,
    7.08595154e+02, 4.60152252e+02, 7.29845764e+02, 4.21115662e+02,
    7.50989807e+02, 3.81718109e+02, 7.72041382e+02, 3.42443024e+02,
    7.93249207e+02, 3.03155762e+02, 8.14420044e+02, 2.63673462e+02,
    7.48127258e+02, 4.81543488e+02, 7.69234619e+02, 4.42450836e+02,
    7.90363281e+02, 4.03332031e+02, 8.11429382e+02, 3.64030884e+02,
    8.32616638e+02, 3.24773956e+02, 8.53590759e+02, 2.85364380e+02,
    7.87359802e+02, 5.02811707e+02, 8.08404175e+02, 4.63744934e+02,
    8.29568420e+02, 4.24729889e+02, 8.50639404e+02, 3.85542999e+02,
    8.71753296e+02, 3.46406067e+02, 8.92895020e+02, 3.07037750e+02,
    8.26317139e+02, 5.24162964e+02, 8.47493835e+02, 4.85031311e+02,
    8.68606750e+02, 4.46024475e+02, 8.89651367e+02, 4.06864532e+02,
    9.10799133e+02, 3.67738586e+02, 9.31818848e+02, 3.28513184e+02,
    8.65497437e+02, 5.45385742e+02, 8.86577820e+02, 5.06350159e+02,
    9.07668335e+02, 4.67379608e+02, 9.28779541e+02, 4.28383270e+02,
    9.49951538e+02, 3.89291016e+02, 9.71215271e+02, 3.50082794e+02,
    9.04309875e+02, 5.66496033e+02, 9.25411743e+02, 5.27506409e+02,
    9.46487000e+02, 4.88504822e+02, 9.67603088e+02, 4.49552643e+02,
    9.88700989e+02, 4.10461060e+02, 1.00981970e+03, 3.71406342e+02 ]
