%YAML:1.0
---
points: [ 2.86867950e+02, 1.68893021e+02, 2.87401276e+02, 1.84002579e+02,
    2.88034943e+02, 1.99105576e+02, 2.88789459e+02, 2.14162109e+02,
    2.89320892e+02, 2.29096146e+02, 2.90077484e+02, 2.44187439e+02,
    2.71845154e+02, 1.69522079e+02, 2.72477570e+02, 1.84462097e+02,
    2.73132782e+02, 1.99600800e+02, 2.73639587e+02, 2.14469177e+02,
    2.74307526e+02, 2.29766968e+02, 2.75061066e+02, 2.44793228e+02,
    2.56839417e+02, 1.70198013e+02, 2.57395172e+02, 1.85233810e+02,
    2.57791168e+02, 2.00244522e+02, 2.58746155e+02, 2.15301727e+02,
    2.59209198e+02, 2.30228241e+02, 2.60013123e+02, 2.45347809e+02,
    2.41774704e+02, 1.70643082e+02, 2.42462708e+02, 1.85706924e+02,
    2.43034332e+02, 2.00800186e+02, 2.43642303e+02, 2.15957169e+02,
    2.44374313e+02, 2.30955429e+02, 2.44937912e+02, 2.45992584e+02,
    2.26753738e+02, 1.71353775e+02, 2.27331436e+02, 1.86344467e+02,
    2.28348801e+02, 2.01303497e+02, 2.28986267e+02, 2.16411942e+02,
    2.29395401e+02, 2.31662048e+02, 2.29983246e+02, 2.46631332e+02,
    2.11596008e+02, 1.71853500e+02, 2.12351532e+02, 1.87009796e+02,
    2.13176376e+02, 2.02010651e+02, 2.13648666e+02, 2.17146790e+02,
    2.14302368e+02, 2.32178741e+02, 2.14838837e+02, 2.47239822e+02,
    1.96443939e+02, 1.72369278e+02, 1.97194778e+02, 1.87496323e+02,
    1.97817398e+02, 2.02685654e+02, 1.98376160e+02, 2.17743546e+02,
    1.99132736e+02, 2.32837219e+02, 1.99682770e+02, 2.47829330e+02,
    1.81288773e+02, 1.72979416e+02, 1.82023209e+02, 1.88168839e+02,
    1.82613388e+02, 2.03230698e+02, 1.83322250e+02, 2.18379898e+02,
    1.83999664e+02, 2.33421936e+02, 1.84533051e+02, 2.48519974e+02 ]
