%YAML:1.0
---
points: [ 4.51484314e+02, 3.43632477e+02, 4.75888397e+02, 3.46321289e+02,
    5.00522095e+02, 3.49385010e+02, 5.25296570e+02, 3.52096252e+02,
    5.50176575e+02, 3.55050110e+02, 5.75506592e+02, 3.57863129e+02,
    4.47172943e+02, 3.70193726e+02, 4.71073364e+02, 3.73081635e+02,
    4.96026581e+02, 3.75996185e+02, 5.20674438e+02, 3.79196960e+02,
    5.45777588e+02, 3.82225220e+02, 5.70951843e+02, 3.85291168e+02,
    4.42473724e+02, 3.96821777e+02, 4.66632721e+02, 3.99685944e+02,
    4.91448730e+02, 4.02982422e+02, 5.16276062e+02, 4.06003265e+02,
    5.41296082e+02, 4.09253998e+02, 5.66553833e+02, 4.12367462e+02,
    4.37813110e+02, 4.23372131e+02, 4.62180573e+02, 4.26523651e+02,
    4.86739319e+02, 4.29554382e+02, 5.11663086e+02, 4.33018829e+02,
    5.36797913e+02, 4.36107483e+02, 5.61950684e+02, 4.39579498e+02,
    4.33271332e+02, 4.50201324e+02, 4.57455750e+02, 4.53378296e+02,
    4.82224335e+02, 4.56596924e+02, 5.07112335e+02, 4.60035034e+02,
    5.32323181e+02, 4.63461884e+02, 5.57597778e+02, 4.66713715e+02,
    4.28418243e+02, 4.76677551e+02, 4.52940521e+02, 4.80316193e+02,
    4.77604034e+02, 4.83577271e+02, 5.02377106e+02, 4.87139191e+02,
    5.27573242e+02, 4.90615692e+02, 5.53203918e+02, 4.94392700e+02,
    4.23732574e+02, 5.03684387e+02, 4.48215607e+02, 5.07300568e+02,
    4.72987366e+02, 5.11019012e+02, 4.97873474e+02, 5.14269104e+02,
    5.22818298e+02, 5.18198853e+02, 5.48282043e+02, 5.21786194e+02,
    4.19196014e+02, 5.30473877e+02, 4.43554688e+02, 5.34394897e+02,
    4.68379669e+02, 5.37852539e+02, 4.93138733e+02, 5.41634888e+02,
    5.18306458e+02, 5.45308533e+02, 5.43607544e+02, 5.49304626e+02 ]
