%YAML:1.0
---
points: [ 9.63537476e+02, 4.04629181e+02, 9.64303528e+02, 4.35690674e+02,
    9.65098938e+02, 4.68336029e+02, 9.65810059e+02, 5.02251923e+02,
    9.66662781e+02, 5.37440796e+02, 9.67858521e+02, 5.74181274e+02,
    9.24402710e+02, 4.04875214e+02, 9.24465393e+02, 4.36125061e+02,
    9.24470886e+02, 4.68702698e+02, 9.24487793e+02, 5.02524475e+02,
    9.24471008e+02, 5.37779419e+02, 9.24437927e+02, 5.74635620e+02,
    8.85145386e+02, 4.05328400e+02, 8.84447083e+02, 4.36457550e+02,
    8.83545654e+02, 4.69159210e+02, 8.82645752e+02, 5.02693481e+02,
    8.81780029e+02, 5.38201965e+02, 8.80798279e+02, 5.74902100e+02,
    8.45785767e+02, 4.05615906e+02, 8.44398804e+02, 4.36896698e+02,
    8.42800110e+02, 4.69529785e+02, 8.41201111e+02, 5.03326996e+02,
    8.39389832e+02, 5.38564087e+02, 8.37551697e+02, 5.75467163e+02,
    8.06538208e+02, 4.05842194e+02, 8.04323364e+02, 4.37318604e+02,
    8.01905029e+02, 4.69734222e+02, 7.99413696e+02, 5.03528625e+02,
    7.96736816e+02, 5.39195679e+02, 7.93960022e+02, 5.75781189e+02,
    7.67143311e+02, 4.06372833e+02, 7.64270508e+02, 4.37495056e+02,
    7.60808044e+02, 4.70176727e+02, 7.57530518e+02, 5.04141907e+02,
    7.54100037e+02, 5.39532532e+02, 7.50358521e+02, 5.76371399e+02,
    7.27665344e+02, 4.06463104e+02, 7.23796692e+02, 4.37887177e+02,
    7.19763916e+02, 4.70533630e+02, 7.15744019e+02, 5.04508118e+02,
    7.11279480e+02, 5.40019165e+02, 7.06584595e+02, 5.76898499e+02,
    6.87828796e+02, 4.06781769e+02, 6.83483643e+02, 4.38184387e+02,
    6.78599182e+02, 4.70939514e+02, 6.73570190e+02, 5.04907684e+02,
    6.68335571e+02, 5.40530457e+02, 6.62537537e+02, 5.77505554e+02 ]
