%YAML:1.0
---
points: [ 9.01682205e+01, 1.61803070e+02, 9.87068253e+01, 1.60781311e+02,
    1.07250351e+02, 1.59834229e+02, 1.15957649e+02, 1.58913483e+02,
    1.24685364e+02, 1.57886551e+02, 1.33444397e+02, 1.56955429e+02,
    9.37782593e+01, 1.69917816e+02, 1.02215134e+02, 1.68952408e+02,
    1.10716057e+02, 1.68044281e+02, 1.19307571e+02, 1.67168289e+02,
    1.27950371e+02, 1.66283279e+02, 1.36634521e+02, 1.65288116e+02,
    9.73378296e+01, 1.77735428e+02, 1.05592590e+02, 1.76851837e+02,
    1.14073502e+02, 1.76023087e+02, 1.22494621e+02, 1.75154282e+02,
    1.31099152e+02, 1.74278015e+02, 1.39663239e+02, 1.73441101e+02,
    1.00766869e+02, 1.85544861e+02, 1.08988464e+02, 1.84584763e+02,
    1.17286438e+02, 1.83752869e+02, 1.25651382e+02, 1.82898575e+02,
    1.34144943e+02, 1.82125977e+02, 1.42605103e+02, 1.81257034e+02,
    1.04199844e+02, 1.92843826e+02, 1.12243340e+02, 1.92052414e+02,
    1.20486565e+02, 1.91317276e+02, 1.28769577e+02, 1.90559845e+02,
    1.37098618e+02, 1.89734848e+02, 1.45480179e+02, 1.88878616e+02,
    1.07351822e+02, 2.00151093e+02, 1.15391640e+02, 1.99384216e+02,
    1.23553894e+02, 1.98644882e+02, 1.31718567e+02, 1.97811569e+02,
    1.39981461e+02, 1.97079895e+02, 1.48311447e+02, 1.96314972e+02,
    1.10734787e+02, 2.07187012e+02, 1.18537331e+02, 2.06589920e+02,
    1.26638382e+02, 2.05791397e+02, 1.34627625e+02, 2.05021347e+02,
    1.42907059e+02, 2.04352463e+02, 1.51043701e+02, 2.03618286e+02,
    1.13494743e+02, 2.14085251e+02, 1.21683655e+02, 2.13437241e+02,
    1.29478958e+02, 2.12733704e+02, 1.37450562e+02, 2.11915298e+02,
    1.45572647e+02, 2.11322968e+02, 1.53611877e+02, 2.10617004e+02 ]
