%YAML:1.0
---
points: [ 4.18807983e+02, 3.82034637e+02, 4.44231567e+02, 3.79137787e+02,
    4.69651978e+02, 3.76473633e+02, 4.95406128e+02, 3.73599426e+02,
    5.21308044e+02, 3.71011383e+02, 5.47433716e+02, 3.68185242e+02,
    4.30358185e+02, 4.06003143e+02, 4.55465240e+02, 4.03427399e+02,
    4.80660583e+02, 4.00704254e+02, 5.06034729e+02, 3.98274719e+02,
    5.31673279e+02, 3.95472809e+02, 5.57434204e+02, 3.92862518e+02,
    4.41513062e+02, 4.29384674e+02, 4.66202545e+02, 4.26650604e+02,
    4.91312897e+02, 4.24416443e+02, 5.16355164e+02, 4.21697083e+02,
    5.41626587e+02, 4.19361298e+02, 5.67019836e+02, 4.16605774e+02,
    4.52375580e+02, 4.51883972e+02, 4.77007812e+02, 4.49636353e+02,
    5.01604126e+02, 4.47232574e+02, 5.26315796e+02, 4.44801300e+02,
    5.51354614e+02, 4.42356262e+02, 5.76442078e+02, 4.39888123e+02,
    4.63148102e+02, 4.74248199e+02, 4.87181763e+02, 4.71646484e+02,
    5.11641327e+02, 4.69557526e+02, 5.36179626e+02, 4.66985260e+02,
    5.60884399e+02, 4.64866577e+02, 5.85555298e+02, 4.62343506e+02,
    4.73362732e+02, 4.95516571e+02, 4.97317200e+02, 4.93343018e+02,
    5.21464661e+02, 4.91051392e+02, 5.45557678e+02, 4.88747986e+02,
    5.69918457e+02, 4.86478546e+02, 5.94387146e+02, 4.84344788e+02,
    4.83475403e+02, 5.16480286e+02, 5.06960175e+02, 5.14121704e+02,
    5.31002625e+02, 5.12404236e+02, 5.54843018e+02, 5.10041229e+02,
    5.78782104e+02, 5.07873352e+02, 6.02958984e+02, 5.05554474e+02,
    4.93256134e+02, 5.36583557e+02, 5.16563538e+02, 5.34604736e+02,
    5.40192993e+02, 5.32513062e+02, 5.63594910e+02, 5.30530457e+02,
    5.87457764e+02, 5.28435913e+02, 6.11275696e+02, 5.26374023e+02 ]
