%YAML:1.0
---
points: [ 1.71269974e+02, 1.87520050e+02, 1.82752563e+02, 1.77750305e+02,
    1.94347672e+02, 1.67936874e+02, 2.05833023e+02, 1.58125778e+02,
    2.17290771e+02, 1.48355881e+02, 2.28735672e+02, 1.38476624e+02,
    1.81178818e+02, 1.99056732e+02, 1.92704208e+02, 1.89253906e+02,
    2.04188538e+02, 1.79418747e+02, 2.15669800e+02, 1.69624573e+02,
    2.27152725e+02, 1.59853424e+02, 2.38587021e+02, 1.50052444e+02,
    1.91127411e+02, 2.10659958e+02, 2.02614655e+02, 2.00734940e+02,
    2.14100754e+02, 1.91003586e+02, 2.25637390e+02, 1.81151520e+02,
    2.36997925e+02, 1.71363541e+02, 2.48398132e+02, 1.61527191e+02,
    2.00966797e+02, 2.22077087e+02, 2.12445953e+02, 2.12365814e+02,
    2.24138992e+02, 2.02574173e+02, 2.35488190e+02, 1.92737946e+02,
    2.46770828e+02, 1.82775192e+02, 2.58209839e+02, 1.72982025e+02,
    2.10785995e+02, 2.33493851e+02, 2.22220535e+02, 2.23760483e+02,
    2.33705994e+02, 2.13655045e+02, 2.44964737e+02, 2.04165665e+02,
    2.56607300e+02, 1.94302490e+02, 2.67935791e+02, 1.84488861e+02,
    2.20594193e+02, 2.44938416e+02, 2.31806305e+02, 2.34872635e+02,
    2.43514053e+02, 2.25602737e+02, 2.54857422e+02, 2.15172836e+02,
    2.66296234e+02, 2.05610428e+02, 2.77700287e+02, 1.95921295e+02,
    2.30372574e+02, 2.56369598e+02, 2.41817978e+02, 2.46573593e+02,
    2.53233292e+02, 2.36647263e+02, 2.64625641e+02, 2.26963837e+02,
    2.76107941e+02, 2.17162628e+02, 2.87406128e+02, 2.07329330e+02,
    2.40187775e+02, 2.67922180e+02, 2.51646454e+02, 2.57939697e+02,
    2.62988586e+02, 2.48155258e+02, 2.74426086e+02, 2.38372864e+02,
    2.85863190e+02, 2.28535187e+02, 2.97218842e+02, 2.18732224e+02 ]
