%YAML:1.0
---
points: [ 7.67467224e+02, 3.43601593e+02, 8.00112061e+02, 3.61540802e+02,
    8.33223999e+02, 3.79713135e+02, 8.66649780e+02, 3.98237915e+02,
    9.00771118e+02, 4.16776245e+02, 9.35324890e+02, 4.35735779e+02,
    7.43916260e+02, 3.71944824e+02, 7.76907654e+02, 3.90336639e+02,
    8.10231384e+02, 4.09018951e+02, 8.44134277e+02, 4.27838470e+02,
    8.78374512e+02, 4.47137207e+02, 9.13215942e+02, 4.66529022e+02,
    7.19544739e+02, 4.01374878e+02, 7.52773376e+02, 4.20199738e+02,
    7.86426025e+02, 4.39308350e+02, 8.20580200e+02, 4.58513367e+02,
    8.55241089e+02, 4.78307526e+02, 8.90348572e+02, 4.98247589e+02,
    6.94650818e+02, 4.31330597e+02, 7.28260193e+02, 4.50613922e+02,
    7.62218872e+02, 4.70230438e+02, 7.96633606e+02, 4.90130524e+02,
    8.31448486e+02, 5.10274506e+02, 8.67036987e+02, 5.30661926e+02,
    6.68887512e+02, 4.62123444e+02, 7.02918640e+02, 4.81834229e+02,
    7.37075317e+02, 5.02072174e+02, 7.71811890e+02, 5.22418884e+02,
    8.07137817e+02, 5.43277527e+02, 8.42860229e+02, 5.64172913e+02,
    6.42524170e+02, 4.93803406e+02, 6.76577942e+02, 5.14097351e+02,
    7.11248657e+02, 5.34796936e+02, 7.46320679e+02, 5.55752197e+02,
    7.81866028e+02, 5.77202148e+02, 8.17989746e+02, 5.98678833e+02,
    6.15166321e+02, 5.26542847e+02, 6.49645752e+02, 5.47418152e+02,
    6.84577759e+02, 5.68627625e+02, 7.20040405e+02, 5.90133240e+02,
    7.55896179e+02, 6.12065735e+02, 7.92460083e+02, 6.34356079e+02,
    5.87041931e+02, 5.60291077e+02, 6.21665833e+02, 5.81714722e+02,
    6.57097717e+02, 6.03506653e+02, 6.92746765e+02, 6.25640076e+02,
    7.29142151e+02, 6.48186096e+02, 7.65776855e+02, 6.71152954e+02 ]
