%YAML:1.0
---
points: [ 3.17317333e+01, 1.62693466e+02, 4.19055786e+01, 1.62891617e+02,
    5.17537918e+01, 1.63089859e+02, 6.17612991e+01, 1.63462509e+02,
    7.16646805e+01, 1.63658051e+02, 8.12939072e+01, 1.63816269e+02,
    3.18652782e+01, 1.71996353e+02, 4.18794975e+01, 1.71926010e+02,
    5.18273354e+01, 1.72183716e+02, 6.17987862e+01, 1.72344589e+02,
    7.17443542e+01, 1.72648331e+02, 8.15146027e+01, 1.72708023e+02,
    3.19337959e+01, 1.81060516e+02, 4.20740929e+01, 1.81241013e+02,
    5.19790573e+01, 1.81233139e+02, 6.18661804e+01, 1.81326385e+02,
    7.17682648e+01, 1.81426941e+02, 8.17234726e+01, 1.81731277e+02,
    3.22521286e+01, 1.90440689e+02, 4.22573891e+01, 1.90341171e+02,
    5.22440414e+01, 1.90487488e+02, 6.20829048e+01, 1.90350143e+02,
    7.18752213e+01, 1.90497009e+02, 8.17531433e+01, 1.90581161e+02,
    3.24354897e+01, 1.99545029e+02, 4.24183502e+01, 1.99560394e+02,
    5.23985291e+01, 1.99321396e+02, 6.23271942e+01, 1.99433701e+02,
    7.20852203e+01, 1.98997070e+02, 8.18460007e+01, 1.99251221e+02,
    3.26057320e+01, 2.08682526e+02, 4.26165123e+01, 2.08552887e+02,
    5.26919937e+01, 2.08580887e+02, 6.26497803e+01, 2.08379440e+02,
    7.23325348e+01, 2.08356537e+02, 8.19165955e+01, 2.07855530e+02,
    3.26597862e+01, 2.17683380e+02, 4.27542915e+01, 2.17685623e+02,
    5.27724380e+01, 2.17485031e+02, 6.27395172e+01, 2.17365219e+02,
    7.26240997e+01, 2.16936005e+02, 8.23453903e+01, 2.16925720e+02,
    3.28592110e+01, 2.26908142e+02, 4.27962837e+01, 2.26610016e+02,
    5.28384895e+01, 2.26534683e+02, 6.27974663e+01, 2.26154190e+02,
    7.27269135e+01, 2.25969025e+02, 8.25779953e+01, 2.25765839e+02 ]
