%YAML:1.0
---
points: [ 5.43922958e+01, 1.67689285e+02, 5.40381851e+01, 1.59809143e+02,
    5.37853737e+01, 1.52103806e+02, 5.36408806e+01, 1.44428452e+02,
    5.33194923e+01, 1.36583359e+02, 5.29222946e+01, 1.28854980e+02,
    6.26987152e+01, 1.67953629e+02, 6.23096352e+01, 1.60454178e+02,
    6.18845215e+01, 1.52641922e+02, 6.17332573e+01, 1.45108414e+02,
    6.15464134e+01, 1.37464310e+02, 6.11573906e+01, 1.29799088e+02,
    7.07513962e+01, 1.68545273e+02, 7.04916000e+01, 1.60823837e+02,
    7.00007477e+01, 1.53303192e+02, 6.97338867e+01, 1.45728622e+02,
    6.95950623e+01, 1.38244934e+02, 6.91727600e+01, 1.30640747e+02,
    7.86777115e+01, 1.68772614e+02, 7.82674942e+01, 1.61463409e+02,
    7.78177032e+01, 1.53766464e+02, 7.76763000e+01, 1.46463928e+02,
    7.73374786e+01, 1.38949554e+02, 7.69040146e+01, 1.31527588e+02,
    8.63794556e+01, 1.69190781e+02, 8.58316574e+01, 1.61820114e+02,
    8.56752396e+01, 1.54590378e+02, 8.53068542e+01, 1.47090607e+02,
    8.48564682e+01, 1.39744522e+02, 8.47129669e+01, 1.32405350e+02,
    9.37884216e+01, 1.69644089e+02, 9.36110229e+01, 1.62418182e+02,
    9.30848770e+01, 1.55018936e+02, 9.27537537e+01, 1.47731079e+02,
    9.25823517e+01, 1.40626694e+02, 9.20349045e+01, 1.33258759e+02,
    1.01087715e+02, 1.69840912e+02, 1.00722908e+02, 1.62785950e+02,
    1.00563164e+02, 1.55668396e+02, 1.00033348e+02, 1.48537262e+02,
    9.97371826e+01, 1.41274948e+02, 9.95693054e+01, 1.34138657e+02,
    1.08400734e+02, 1.70442200e+02, 1.07864624e+02, 1.63323364e+02,
    1.07662575e+02, 1.56226990e+02, 1.07276764e+02, 1.49106430e+02,
    1.06768883e+02, 1.41868591e+02, 1.06629158e+02, 1.35030365e+02 ]
