%YAML:1.0
---
points: [ 2.39160202e+02, 3.83209076e+02, 2.70899780e+02, 3.84003265e+02,
    3.02163177e+02, 3.85080627e+02, 3.33020630e+02, 3.85869934e+02,
    3.63463135e+02, 3.86686371e+02, 3.93147339e+02, 3.87493561e+02,
    2.39845734e+02, 4.10794983e+02, 2.71605316e+02, 4.11540131e+02,
    3.02786316e+02, 4.12063843e+02, 3.33711914e+02, 4.12717773e+02,
    3.64105164e+02, 4.13242401e+02, 3.93828186e+02, 4.13898010e+02,
    2.40355072e+02, 4.38333313e+02, 2.72001801e+02, 4.38471405e+02,
    3.03489471e+02, 4.39054138e+02, 3.34169708e+02, 4.39388245e+02,
    3.64661041e+02, 4.39897095e+02, 3.94505829e+02, 4.40126740e+02,
    2.41163910e+02, 4.65709991e+02, 2.72761658e+02, 4.65800781e+02,
    3.04061920e+02, 4.65863678e+02, 3.34756439e+02, 4.66085297e+02,
    3.65266785e+02, 4.66253143e+02, 3.95081543e+02, 4.66413300e+02,
    2.41701233e+02, 4.93140442e+02, 2.73421967e+02, 4.92912018e+02,
    3.04712524e+02, 4.92946960e+02, 3.35497559e+02, 4.92705933e+02,
    3.65865753e+02, 4.92719482e+02, 3.95730835e+02, 4.92555145e+02,
    2.42440582e+02, 5.20498291e+02, 2.74262878e+02, 5.20235352e+02,
    3.05419891e+02, 5.19745605e+02, 3.36112030e+02, 5.19390198e+02,
    3.66393921e+02, 5.19040344e+02, 3.96337616e+02, 5.18721863e+02,
    2.43192368e+02, 5.48085510e+02, 2.74956635e+02, 5.47417603e+02,
    3.05995148e+02, 5.46894897e+02, 3.36862915e+02, 5.46096497e+02,
    3.67046783e+02, 5.45556580e+02, 3.96856110e+02, 5.44980713e+02,
    2.43739258e+02, 5.75218262e+02, 2.75458618e+02, 5.74429932e+02,
    3.06641357e+02, 5.73493835e+02, 3.37440216e+02, 5.72645813e+02,
    3.67585144e+02, 5.71795227e+02, 3.97389984e+02, 5.70944519e+02 ]
