%YAML:1.0
---
points: [ 7.50049866e+02, 3.40355225e+02, 7.85681396e+02, 3.53624817e+02,
    8.21819336e+02, 3.67261627e+02, 8.58141785e+02, 3.80764832e+02,
    8.94953308e+02, 3.94456268e+02, 9.31847595e+02, 4.08270172e+02,
    7.31626038e+02, 3.70966400e+02, 7.67957458e+02, 3.84676880e+02,
    8.04499512e+02, 3.98522034e+02, 8.41263367e+02, 4.12467316e+02,
    8.78390686e+02, 4.26654083e+02, 9.15839783e+02, 4.40784607e+02,
    7.12687134e+02, 4.03021912e+02, 7.49360413e+02, 4.17035126e+02,
    7.86371948e+02, 4.31324768e+02, 8.23633850e+02, 4.45433044e+02,
    8.61297668e+02, 4.59809692e+02, 8.99173523e+02, 4.74482910e+02,
    6.93331116e+02, 4.35548523e+02, 7.30420166e+02, 4.50141907e+02,
    7.67721863e+02, 4.64586243e+02, 8.05597351e+02, 4.79311920e+02,
    8.43613953e+02, 4.94037292e+02, 8.82129211e+02, 5.09090088e+02,
    6.73154602e+02, 4.69276672e+02, 7.10685120e+02, 4.84075165e+02,
    7.48648438e+02, 4.99002747e+02, 7.86865112e+02, 5.13993408e+02,
    8.25568970e+02, 5.29338196e+02, 8.64493164e+02, 5.44578857e+02,
    6.52548645e+02, 5.03801056e+02, 6.90338074e+02, 5.19213562e+02,
    7.28900391e+02, 5.34491089e+02, 7.67565552e+02, 5.50078613e+02,
    8.06732788e+02, 5.65653137e+02, 8.46314697e+02, 5.81466125e+02,
    6.30823242e+02, 5.39825317e+02, 6.69501465e+02, 5.55379761e+02,
    7.08539612e+02, 5.71184021e+02, 7.47682495e+02, 5.87074890e+02,
    7.87458618e+02, 6.03202576e+02, 8.27476990e+02, 6.19435120e+02,
    6.08669128e+02, 5.76773987e+02, 6.47722168e+02, 5.92980957e+02,
    6.87369507e+02, 6.08962952e+02, 7.27110352e+02, 6.25509033e+02,
    7.67353455e+02, 6.42140442e+02, 8.07951660e+02, 6.58641907e+02 ]
