%YAML:1.0
---
points: [ 3.62399445e+02, 5.21139343e+02, 3.89149536e+02, 5.20851196e+02,
    4.15849152e+02, 5.20937988e+02, 4.42392303e+02, 5.20469482e+02,
    4.69024658e+02, 5.20371887e+02, 4.95397461e+02, 5.19992249e+02,
    3.55773895e+02, 5.43414978e+02, 3.82616180e+02, 5.43114441e+02,
    4.09811340e+02, 5.42787903e+02, 4.36694458e+02, 5.42721436e+02,
    4.63549438e+02, 5.42411865e+02, 4.90491333e+02, 5.42151184e+02,
    3.49017029e+02, 5.66057556e+02, 3.76301086e+02, 5.65780762e+02,
    4.03491882e+02, 5.65549622e+02, 4.30865540e+02, 5.65141541e+02,
    4.58256561e+02, 5.65089111e+02, 4.85276031e+02, 5.64690735e+02,
    3.41928619e+02, 5.89319031e+02, 3.69692230e+02, 5.89130859e+02,
    3.97404846e+02, 5.88564087e+02, 4.24806000e+02, 5.88268677e+02,
    4.52540771e+02, 5.88015259e+02, 4.80208008e+02, 5.87808716e+02,
    3.34688629e+02, 6.13247681e+02, 3.62775604e+02, 6.12843506e+02,
    3.90985199e+02, 6.12789062e+02, 4.18928802e+02, 6.12273254e+02,
    4.46822662e+02, 6.12110474e+02, 4.74617828e+02, 6.11500122e+02,
    3.27503906e+02, 6.37698059e+02, 3.55709381e+02, 6.37435364e+02,
    3.84298523e+02, 6.36965149e+02, 4.12534637e+02, 6.36885071e+02,
    4.41128235e+02, 6.36291138e+02, 4.69355804e+02, 6.35959839e+02,
    3.19890259e+02, 6.63218445e+02, 3.48690369e+02, 6.62630493e+02,
    3.77401001e+02, 6.62317871e+02, 4.06181854e+02, 6.61760742e+02,
    4.34727661e+02, 6.61509277e+02, 4.63461914e+02, 6.60951233e+02,
    3.12408875e+02, 6.88879211e+02, 3.41408936e+02, 6.88583435e+02,
    3.70629639e+02, 6.88029724e+02, 3.99586456e+02, 6.87681152e+02,
    4.28607666e+02, 6.87099854e+02, 4.57654694e+02, 6.86893127e+02 ]
