%YAML:1.0
---
points: [ 7.05689468e+01, 2.08811905e+02, 7.93825912e+01, 2.08858276e+02,
    8.82491226e+01, 2.08744293e+02, 9.71245193e+01, 2.08767776e+02,
    1.05920731e+02, 2.08719177e+02, 1.14820938e+02, 2.08687943e+02,
    6.84891129e+01, 2.16551987e+02, 7.74514160e+01, 2.16299164e+02,
    8.64813538e+01, 2.16201126e+02, 9.54619446e+01, 2.15948898e+02,
    1.04395126e+02, 2.15852097e+02, 1.13409912e+02, 2.15768799e+02,
    6.65869980e+01, 2.23822342e+02, 7.55788193e+01, 2.23870941e+02,
    8.46349487e+01, 2.23749756e+02, 9.37232742e+01, 2.23705399e+02,
    1.02800804e+02, 2.23715042e+02, 1.11873123e+02, 2.23685410e+02,
    6.45531158e+01, 2.31869064e+02, 7.35954666e+01, 2.31780960e+02,
    8.27525024e+01, 2.31754623e+02, 9.18608780e+01, 2.31688004e+02,
    1.01122185e+02, 2.31669418e+02, 1.10332924e+02, 2.31341217e+02,
    6.23527107e+01, 2.39761719e+02, 7.15657272e+01, 2.39822754e+02,
    8.08428802e+01, 2.39719788e+02, 9.01518173e+01, 2.39750046e+02,
    9.93802185e+01, 2.39629044e+02, 1.08766457e+02, 2.39488098e+02,
    6.02302704e+01, 2.47974152e+02, 6.96157608e+01, 2.47850052e+02,
    7.89533920e+01, 2.47858536e+02, 8.83211136e+01, 2.47785049e+02,
    9.77357407e+01, 2.47782852e+02, 1.07166466e+02, 2.47701401e+02,
    5.81066856e+01, 2.56526825e+02, 6.74650192e+01, 2.56590820e+02,
    7.69463654e+01, 2.56510468e+02, 8.64009781e+01, 2.56370026e+02,
    9.60408020e+01, 2.56165375e+02, 1.05535645e+02, 2.55926575e+02,
    5.58271065e+01, 2.65278992e+02, 6.53597870e+01, 2.65010864e+02,
    7.49150009e+01, 2.64948761e+02, 8.45693512e+01, 2.64827454e+02,
    9.41731033e+01, 2.64808105e+02, 1.03784607e+02, 2.64770905e+02 ]
