%YAML:1.0
---
points: [ 6.47555466e+01, 1.54160889e+02, 6.60756836e+01, 1.46661743e+02,
    6.73100128e+01, 1.39338959e+02, 6.85972366e+01, 1.31963257e+02,
    7.00445709e+01, 1.24581932e+02, 7.12954636e+01, 1.17197411e+02,
    7.28125381e+01, 1.55653992e+02, 7.40686798e+01, 1.48454025e+02,
    7.53064194e+01, 1.41079285e+02, 7.66184921e+01, 1.33763519e+02,
    7.79687195e+01, 1.26414986e+02, 7.92883911e+01, 1.19220787e+02,
    8.08294220e+01, 1.57382004e+02, 8.20641174e+01, 1.50151962e+02,
    8.33047943e+01, 1.42792221e+02, 8.45981445e+01, 1.35560165e+02,
    8.59551773e+01, 1.28398651e+02, 8.72195358e+01, 1.21179443e+02,
    8.87060242e+01, 1.58957367e+02, 8.99925690e+01, 1.51804749e+02,
    9.11957245e+01, 1.44485092e+02, 9.24092178e+01, 1.37381226e+02,
    9.37173615e+01, 1.30140167e+02, 9.49713058e+01, 1.23099945e+02,
    9.64798431e+01, 1.60576050e+02, 9.75962372e+01, 1.53422714e+02,
    9.89268723e+01, 1.46309067e+02, 1.00165215e+02, 1.39175400e+02,
    1.01360893e+02, 1.32125275e+02, 1.02636772e+02, 1.25092949e+02,
    1.04137680e+02, 1.62110809e+02, 1.05332329e+02, 1.55080338e+02,
    1.06536667e+02, 1.48067520e+02, 1.07774269e+02, 1.41023972e+02,
    1.09025665e+02, 1.33902908e+02, 1.10211708e+02, 1.26845161e+02,
    1.11648880e+02, 1.63508530e+02, 1.12785873e+02, 1.56627518e+02,
    1.14029114e+02, 1.49601395e+02, 1.15246750e+02, 1.42600967e+02,
    1.16399353e+02, 1.35671234e+02, 1.17589470e+02, 1.28902420e+02,
    1.19146820e+02, 1.65208206e+02, 1.20212906e+02, 1.58255753e+02,
    1.21413033e+02, 1.51279739e+02, 1.22535408e+02, 1.44379074e+02,
    1.23787720e+02, 1.37282257e+02, 1.24975357e+02, 1.30341614e+02 ]
