%YAML:1.0
---
points: [ 7.59114761e+01, 1.21861603e+02, 8.55501175e+01, 1.22465988e+02,
    9.51709442e+01, 1.22778633e+02, 1.04868645e+02, 1.23381592e+02,
    1.14485405e+02, 1.23724304e+02, 1.24169075e+02, 1.24364975e+02,
    7.79104767e+01, 1.30774261e+02, 8.74084015e+01, 1.31154907e+02,
    9.69447021e+01, 1.31687714e+02, 1.06476646e+02, 1.32089249e+02,
    1.16049225e+02, 1.32659348e+02, 1.25500305e+02, 1.33115906e+02,
    7.98640976e+01, 1.39367508e+02, 8.92388077e+01, 1.39764709e+02,
    9.86415482e+01, 1.40195282e+02, 1.08090851e+02, 1.40732315e+02,
    1.17411644e+02, 1.41129898e+02, 1.26901649e+02, 1.41719620e+02,
    8.18069229e+01, 1.47752762e+02, 9.10228195e+01, 1.48014374e+02,
    1.00312599e+02, 1.48600845e+02, 1.09583405e+02, 1.48928604e+02,
    1.18939171e+02, 1.49593521e+02, 1.28177673e+02, 1.49879471e+02,
    8.37105026e+01, 1.55712860e+02, 9.28044815e+01, 1.56188507e+02,
    1.02029541e+02, 1.56697098e+02, 1.11105019e+02, 1.57016891e+02,
    1.20299171e+02, 1.57644653e+02, 1.29343735e+02, 1.57911438e+02,
    8.55727081e+01, 1.63709610e+02, 9.44842300e+01, 1.63941360e+02,
    1.03572845e+02, 1.64589783e+02, 1.12596573e+02, 1.64839386e+02,
    1.21686096e+02, 1.65491547e+02, 1.30679291e+02, 1.65785553e+02,
    8.73133163e+01, 1.71236832e+02, 9.61887283e+01, 1.71668106e+02,
    1.05164719e+02, 1.72048767e+02, 1.14101929e+02, 1.72659286e+02,
    1.23040077e+02, 1.72863922e+02, 1.31889954e+02, 1.73527451e+02,
    8.90974731e+01, 1.78754227e+02, 9.79470291e+01, 1.79063904e+02,
    1.06686424e+02, 1.79609314e+02, 1.15436607e+02, 1.79850327e+02,
    1.24262169e+02, 1.80429459e+02, 1.33084549e+02, 1.80761322e+02 ]
