%YAML:1.0
---
points: [ 7.69248718e+02, 3.83083984e+02, 8.08487305e+02, 3.86416107e+02,
    8.48110352e+02, 3.89631409e+02, 8.87146179e+02, 3.92933136e+02,
    9.26531982e+02, 3.96335114e+02, 9.65581360e+02, 3.99308807e+02,
    7.63481995e+02, 4.15947571e+02, 8.03529297e+02, 4.19359100e+02,
    8.43651001e+02, 4.22694794e+02, 8.83634460e+02, 4.25823303e+02,
    9.23494690e+02, 4.29231018e+02, 9.63350342e+02, 4.32572388e+02,
    7.57591858e+02, 4.50371643e+02, 7.98407288e+02, 4.53751373e+02,
    8.39162415e+02, 4.56817932e+02, 8.79779236e+02, 4.60304321e+02,
    9.20434143e+02, 4.63600433e+02, 9.60689270e+02, 4.66846191e+02,
    7.51458679e+02, 4.85702545e+02, 7.93067078e+02, 4.88877563e+02,
    8.34500916e+02, 4.92372314e+02, 8.75906067e+02, 4.95699280e+02,
    9.17260132e+02, 4.99089355e+02, 9.58424988e+02, 5.02355194e+02,
    7.45028564e+02, 5.22325928e+02, 7.87464233e+02, 5.25548157e+02,
    8.29599548e+02, 5.28960083e+02, 8.71675110e+02, 5.32427979e+02,
    9.13811829e+02, 5.35630066e+02, 9.55592224e+02, 5.39007629e+02,
    7.38532104e+02, 5.60225708e+02, 7.81535095e+02, 5.63608276e+02,
    8.24675171e+02, 5.66812622e+02, 8.67579285e+02, 5.70527588e+02,
    9.10466980e+02, 5.73798706e+02, 9.53190430e+02, 5.77149841e+02,
    7.31717346e+02, 5.99578613e+02, 7.75616577e+02, 6.03091797e+02,
    8.19414856e+02, 6.06438477e+02, 8.63359741e+02, 6.09910400e+02,
    9.06753662e+02, 6.13318909e+02, 9.50237488e+02, 6.16878296e+02,
    7.24440308e+02, 6.40676086e+02, 7.69378052e+02, 6.44314514e+02,
    8.14091797e+02, 6.47475342e+02, 8.58675781e+02, 6.50822815e+02,
    9.03040955e+02, 6.54388611e+02, 9.47516541e+02, 6.57833191e+02 ]
