%YAML:1.0
---
points: [ 1.30421280e+02, 1.01991859e+02, 1.31749603e+02, 1.08819786e+02,
    1.33263168e+02, 1.15805214e+02, 1.34545242e+02, 1.22728203e+02,
    1.36052582e+02, 1.29686630e+02, 1.37362976e+02, 1.36577347e+02,
    1.23198586e+02, 1.02400841e+02, 1.24573334e+02, 1.09390038e+02,
    1.25947411e+02, 1.16201942e+02, 1.27351936e+02, 1.23191986e+02,
    1.28724228e+02, 1.30085281e+02, 1.30176544e+02, 1.36951309e+02,
    1.15870979e+02, 1.02740967e+02, 1.17210701e+02, 1.09692627e+02,
    1.18650963e+02, 1.16720940e+02, 1.20089478e+02, 1.23691788e+02,
    1.21356461e+02, 1.30678726e+02, 1.22866493e+02, 1.37685364e+02,
    1.08361015e+02, 1.02954781e+02, 1.09714302e+02, 1.09965309e+02,
    1.11136292e+02, 1.17038963e+02, 1.12464363e+02, 1.24084816e+02,
    1.13928871e+02, 1.31190491e+02, 1.15322952e+02, 1.38231064e+02,
    1.00816833e+02, 1.03472359e+02, 1.02162766e+02, 1.10512329e+02,
    1.03502930e+02, 1.17584679e+02, 1.04917023e+02, 1.24653404e+02,
    1.06315842e+02, 1.31762466e+02, 1.07765358e+02, 1.38837906e+02,
    9.31291046e+01, 1.03683571e+02, 9.44065933e+01, 1.10821198e+02,
    9.58305435e+01, 1.17933060e+02, 9.72169266e+01, 1.25149597e+02,
    9.86245422e+01, 1.32378937e+02, 1.00059364e+02, 1.39536301e+02,
    8.52978287e+01, 1.04215134e+02, 8.66550980e+01, 1.11362877e+02,
    8.80760880e+01, 1.18617676e+02, 8.92801437e+01, 1.25685249e+02,
    9.07904282e+01, 1.32893387e+02, 9.21822052e+01, 1.40170898e+02,
    7.74058838e+01, 1.04618835e+02, 7.88004684e+01, 1.11811661e+02,
    8.01044083e+01, 1.19078072e+02, 8.14154663e+01, 1.26330299e+02,
    8.28716507e+01, 1.33588348e+02, 8.42496185e+01, 1.40842712e+02 ]
