%YAML:1.0
---
points: [ 3.72906586e+02, 2.62485992e+02, 4.02218536e+02, 2.64085114e+02,
    4.31521027e+02, 2.65916534e+02, 4.60581238e+02, 2.67569061e+02,
    4.89945984e+02, 2.69625519e+02, 5.18741760e+02, 2.71317810e+02,
    3.79835144e+02, 2.88813019e+02, 4.08752472e+02, 2.90660858e+02,
    4.37657135e+02, 2.92336151e+02, 4.66355927e+02, 2.94052277e+02,
    4.95208160e+02, 2.95735626e+02, 5.23558411e+02, 2.97535797e+02,
    3.86478943e+02, 3.14591797e+02, 4.14877045e+02, 3.16084778e+02,
    4.43466003e+02, 3.17867950e+02, 4.71537537e+02, 3.19447266e+02,
    5.00170715e+02, 3.21308807e+02, 5.28259949e+02, 3.22869995e+02,
    3.93048615e+02, 3.39464447e+02, 4.21177795e+02, 3.41047729e+02,
    4.49122955e+02, 3.42575256e+02, 4.77125824e+02, 3.44362854e+02,
    5.05077118e+02, 3.45653748e+02, 5.32697388e+02, 3.47492920e+02,
    3.99404663e+02, 3.63619354e+02, 4.27200165e+02, 3.65191162e+02,
    4.54663849e+02, 3.66686432e+02, 4.82157013e+02, 3.68165283e+02,
    5.09741455e+02, 3.69775177e+02, 5.37200623e+02, 3.71322815e+02,
    4.05682983e+02, 3.87156769e+02, 4.32795166e+02, 3.88564606e+02,
    4.60174438e+02, 3.89845795e+02, 4.87270874e+02, 3.91441437e+02,
    5.14276428e+02, 3.92703644e+02, 5.41328674e+02, 3.94404816e+02,
    4.11542572e+02, 4.09740906e+02, 4.38516113e+02, 4.11131653e+02,
    4.65416260e+02, 4.12693207e+02, 4.92129242e+02, 4.14008240e+02,
    5.18806763e+02, 4.15501129e+02, 5.45252625e+02, 4.16729828e+02,
    4.17502289e+02, 4.31845978e+02, 4.44069733e+02, 4.33377960e+02,
    4.70432343e+02, 4.34412231e+02, 4.96691193e+02, 4.35730652e+02,
    5.23084839e+02, 4.37188721e+02, 5.49275330e+02, 4.38459229e+02 ]
