%YAML:1.0
---
points: [ 7.12335632e+02, 4.21970978e+02, 7.50682373e+02, 4.06629181e+02,
    7.88486145e+02, 3.91816650e+02, 8.25605896e+02, 3.77356964e+02,
    8.62088806e+02, 3.62675934e+02, 8.97956970e+02, 3.48469849e+02,
    7.27872253e+02, 4.55352356e+02, 7.66672668e+02, 4.39687653e+02,
    8.04745117e+02, 4.24447205e+02, 8.42181091e+02, 4.09319061e+02,
    8.78871338e+02, 3.94546722e+02, 9.15179504e+02, 3.79832581e+02,
    7.44193115e+02, 4.89836151e+02, 7.83213928e+02, 4.73671478e+02,
    8.21517334e+02, 4.57850800e+02, 8.59218445e+02, 4.42328918e+02,
    8.96445190e+02, 4.27095490e+02, 9.32575623e+02, 4.11781433e+02,
    7.60612366e+02, 5.25072144e+02, 7.99912842e+02, 5.08371735e+02,
    8.38600830e+02, 4.92047424e+02, 8.76630554e+02, 4.76071686e+02,
    9.13951538e+02, 4.60272186e+02, 9.50568787e+02, 4.44681427e+02,
    7.77488892e+02, 5.60882690e+02, 8.17201782e+02, 5.43758240e+02,
    8.56216003e+02, 5.26956909e+02, 8.94360596e+02, 5.10493134e+02,
    9.31946960e+02, 4.94301453e+02, 9.68890808e+02, 4.78339935e+02,
    7.94623169e+02, 5.97877502e+02, 8.34737854e+02, 5.80256958e+02,
    8.73970581e+02, 5.62772766e+02, 9.12558533e+02, 5.45828369e+02,
    9.50526428e+02, 5.29135193e+02, 9.87773743e+02, 5.12576965e+02,
    8.12255127e+02, 6.35797668e+02, 8.52620178e+02, 6.17495178e+02,
    8.92382751e+02, 5.99524658e+02, 9.31226501e+02, 5.82023071e+02,
    9.69447754e+02, 5.64676270e+02, 1.00697937e+03, 5.47671387e+02,
    8.30438416e+02, 6.74715881e+02, 8.71271790e+02, 6.55861145e+02,
    9.11123413e+02, 6.37328735e+02, 9.50409119e+02, 6.19325867e+02,
    9.88846069e+02, 6.01382324e+02, 1.02669202e+03, 5.83920227e+02 ]
