%YAML:1.0
---
points: [ 5.05508148e+02, 2.41764084e+02, 5.21587219e+02, 2.67452881e+02,
    5.37362305e+02, 2.92489105e+02, 5.52973938e+02, 3.17397125e+02,
    5.68251099e+02, 3.41630951e+02, 5.83462463e+02, 3.65876495e+02,
    4.81320953e+02, 2.55061340e+02, 4.97384735e+02, 2.80301025e+02,
    5.13395020e+02, 3.05529053e+02, 5.29014160e+02, 3.30123352e+02,
    5.44535828e+02, 3.54498474e+02, 5.59836243e+02, 3.78370697e+02,
    4.56964600e+02, 2.67864380e+02, 4.73366486e+02, 2.93339325e+02,
    4.89385315e+02, 3.18138489e+02, 5.05252594e+02, 3.42800873e+02,
    5.20687561e+02, 3.67098206e+02, 5.36426453e+02, 3.90922424e+02,
    4.32878235e+02, 2.81288818e+02, 4.49265839e+02, 3.06205261e+02,
    4.65626892e+02, 3.31184723e+02, 4.81555328e+02, 3.55416168e+02,
    4.97281311e+02, 3.79640717e+02, 5.12707886e+02, 4.03370575e+02,
    4.08571350e+02, 2.94165527e+02, 4.25386047e+02, 3.19244019e+02,
    4.41549408e+02, 3.43704773e+02, 4.57735046e+02, 3.68316956e+02,
    4.73514008e+02, 3.92158478e+02, 4.89544708e+02, 4.15907196e+02,
    3.84704285e+02, 3.07327179e+02, 4.01338654e+02, 3.31887604e+02,
    4.17887512e+02, 3.56821289e+02, 4.33979523e+02, 3.80681824e+02,
    4.50277069e+02, 4.04888397e+02, 4.66023926e+02, 4.28220612e+02,
    3.60391479e+02, 3.20250183e+02, 3.77346893e+02, 3.45032288e+02,
    3.93838806e+02, 3.69350098e+02, 4.10296783e+02, 3.93663055e+02,
    4.26370941e+02, 4.17300201e+02, 4.42583710e+02, 4.40941620e+02,
    3.36589996e+02, 3.33398529e+02, 3.53382721e+02, 3.57767029e+02,
    3.70307495e+02, 3.82360382e+02, 3.86633759e+02, 4.06046051e+02,
    4.03280731e+02, 4.30125397e+02, 4.18943268e+02, 4.53171906e+02 ]
