%YAML:1.0
---
points: [ 1.19450523e+02, 1.14443863e+02, 1.24607140e+02, 1.22955925e+02,
    1.29826767e+02, 1.31453033e+02, 1.34971115e+02, 1.39789429e+02,
    1.40020035e+02, 1.48052139e+02, 1.45012680e+02, 1.56195541e+02,
    1.11297928e+02, 1.18980301e+02, 1.16524391e+02, 1.27405701e+02,
    1.21759964e+02, 1.35896484e+02, 1.26893013e+02, 1.44171555e+02,
    1.32068954e+02, 1.52329147e+02, 1.37125443e+02, 1.60402939e+02,
    1.03243401e+02, 1.23431717e+02, 1.08497292e+02, 1.31901779e+02,
    1.13756439e+02, 1.40244476e+02, 1.18973732e+02, 1.48471466e+02,
    1.24127777e+02, 1.56641739e+02, 1.29198532e+02, 1.64668747e+02,
    9.51673126e+01, 1.27931389e+02, 1.00424072e+02, 1.36311142e+02,
    1.05728790e+02, 1.44608170e+02, 1.11018318e+02, 1.52881866e+02,
    1.16138603e+02, 1.60978760e+02, 1.21244896e+02, 1.68958267e+02,
    8.71809998e+01, 1.32405289e+02, 9.24469833e+01, 1.40712555e+02,
    9.77377396e+01, 1.49036880e+02, 1.03036766e+02, 1.57195969e+02,
    1.08250183e+02, 1.65242264e+02, 1.13400902e+02, 1.73169632e+02,
    7.91314087e+01, 1.36923248e+02, 8.44600220e+01, 1.45150406e+02,
    8.98090057e+01, 1.53366898e+02, 9.51598129e+01, 1.61474243e+02,
    1.00345779e+02, 1.69490143e+02, 1.05510864e+02, 1.77415894e+02,
    7.12882919e+01, 1.41329498e+02, 7.65362473e+01, 1.49531570e+02,
    8.19159927e+01, 1.57852249e+02, 8.71720963e+01, 1.65823593e+02,
    9.24701843e+01, 1.73853943e+02, 9.77336273e+01, 1.81689987e+02,
    6.32994270e+01, 1.45761246e+02, 6.88038254e+01, 1.54070297e+02,
    7.41001358e+01, 1.62091339e+02, 7.93892975e+01, 1.70177917e+02,
    8.46737595e+01, 1.78036102e+02, 9.00252457e+01, 1.86011078e+02 ]
