%YAML:1.0
---
points: [ 1.38377380e+02, 1.06356216e+02, 1.40600800e+02, 1.11828476e+02,
    1.44212906e+02, 1.18096092e+02, 1.46873917e+02, 1.24024612e+02,
    1.50619034e+02, 1.30395386e+02, 1.53031128e+02, 1.36569214e+02,
    1.31898132e+02, 1.08663033e+02, 1.34817963e+02, 1.14705124e+02,
    1.38085770e+02, 1.21095833e+02, 1.41073318e+02, 1.27157410e+02,
    1.44258255e+02, 1.33177826e+02, 1.47363495e+02, 1.38922592e+02,
    1.25285423e+02, 1.12039452e+02, 1.28441742e+02, 1.17776154e+02,
    1.31695419e+02, 1.23826324e+02, 1.34790558e+02, 1.30051987e+02,
    1.38189880e+02, 1.36363739e+02, 1.40970383e+02, 1.42455246e+02,
    1.19277245e+02, 1.14702133e+02, 1.22559074e+02, 1.20619728e+02,
    1.25201241e+02, 1.26798065e+02, 1.28356018e+02, 1.32907761e+02,
    1.31478165e+02, 1.39222198e+02, 1.34978470e+02, 1.44727356e+02,
    1.12471840e+02, 1.17894608e+02, 1.15908653e+02, 1.23554543e+02,
    1.19123482e+02, 1.30023743e+02, 1.22022583e+02, 1.36097107e+02,
    1.25506180e+02, 1.42445892e+02, 1.28099518e+02, 1.48227371e+02,
    1.06461418e+02, 1.20146515e+02, 1.09428543e+02, 1.26705917e+02,
    1.12363426e+02, 1.32535294e+02, 1.15538979e+02, 1.38849960e+02,
    1.19015602e+02, 1.45064774e+02, 1.22311447e+02, 1.50757492e+02,
    9.98470993e+01, 1.23696419e+02, 1.03335464e+02, 1.29577744e+02,
    1.06251190e+02, 1.35724670e+02, 1.09239113e+02, 1.42111374e+02,
    1.12207443e+02, 1.47958649e+02, 1.15194199e+02, 1.54127182e+02,
    9.39914551e+01, 1.26111481e+02, 9.65627670e+01, 1.32376648e+02,
    1.00154739e+02, 1.38819092e+02, 1.03039909e+02, 1.44989761e+02,
    1.06575737e+02, 1.51065323e+02, 1.09451508e+02, 1.56773941e+02 ]
