%YAML:1.0
---
points: [ 6.18549561e+02, 5.27286255e+02, 6.27503418e+02, 4.90686249e+02,
    6.35814087e+02, 4.55482483e+02, 6.43851807e+02, 4.21817047e+02,
    6.51524414e+02, 3.89217224e+02, 6.59125427e+02, 3.57848755e+02,
    6.61927368e+02, 5.29831482e+02, 6.69769470e+02, 4.93383545e+02,
    6.77298523e+02, 4.58471863e+02, 6.84635498e+02, 4.24494843e+02,
    6.91492859e+02, 3.92082764e+02, 6.98261230e+02, 3.60488800e+02,
    7.05475586e+02, 5.32671753e+02, 7.12336121e+02, 4.96331299e+02,
    7.19101624e+02, 4.61017609e+02, 7.25538757e+02, 4.27418274e+02,
    7.31801880e+02, 3.94638275e+02, 7.37675415e+02, 3.63242493e+02,
    7.48521179e+02, 5.35429565e+02, 7.54593079e+02, 4.98827698e+02,
    7.60422791e+02, 4.63698547e+02, 7.66134155e+02, 4.30059570e+02,
    7.71493469e+02, 3.97414581e+02, 7.76668274e+02, 3.65852509e+02,
    7.91373352e+02, 5.38168701e+02, 7.96666626e+02, 5.01726959e+02,
    8.01787292e+02, 4.66355042e+02, 8.06720520e+02, 4.32663635e+02,
    8.11440796e+02, 4.00208710e+02, 8.15950806e+02, 3.68597961e+02,
    8.34190247e+02, 5.40730103e+02, 8.38678101e+02, 5.04292450e+02,
    8.43176758e+02, 4.69254364e+02, 8.47219666e+02, 4.35364288e+02,
    8.51044373e+02, 4.02703766e+02, 8.54692810e+02, 3.71190521e+02,
    8.76919800e+02, 5.43633362e+02, 8.80646912e+02, 5.07171631e+02,
    8.84128662e+02, 4.71840271e+02, 8.87366577e+02, 4.38206726e+02,
    8.90622131e+02, 4.05392517e+02, 8.93694092e+02, 3.73726746e+02,
    9.19739990e+02, 5.46374512e+02, 9.22545105e+02, 5.09718750e+02,
    9.25187195e+02, 4.74608917e+02, 9.27715271e+02, 4.40696259e+02,
    9.30199524e+02, 4.07954803e+02, 9.32598938e+02, 3.76478882e+02 ]
