%YAML:1.0
---
points: [ 9.11415100e+01, 2.04937119e+02, 9.13231049e+01, 1.96846893e+02,
    9.15538330e+01, 1.89110458e+02, 9.16290817e+01, 1.81011734e+02,
    9.17003708e+01, 1.73160980e+02, 9.17519379e+01, 1.65131531e+02,
    9.98114929e+01, 2.05118134e+02, 9.98496094e+01, 1.97294098e+02,
    9.98620453e+01, 1.89367004e+02, 9.99451218e+01, 1.81625580e+02,
    1.00079811e+02, 1.73576721e+02, 1.00253143e+02, 1.65626419e+02,
    1.08320419e+02, 2.05506302e+02, 1.08466507e+02, 1.97582199e+02,
    1.08620735e+02, 1.89712112e+02, 1.08728615e+02, 1.81725052e+02,
    1.08772087e+02, 1.73779404e+02, 1.08711098e+02, 1.65852020e+02,
    1.16765755e+02, 2.05710510e+02, 1.16803978e+02, 1.97718109e+02,
    1.16801445e+02, 1.89751038e+02, 1.16888435e+02, 1.81947937e+02,
    1.16913574e+02, 1.74065582e+02, 1.17145401e+02, 1.66422012e+02,
    1.24764420e+02, 2.05791168e+02, 1.25042488e+02, 1.97797165e+02,
    1.25233612e+02, 1.90061462e+02, 1.25389526e+02, 1.82435989e+02,
    1.25533463e+02, 1.74643021e+02, 1.25590881e+02, 1.66741608e+02,
    1.33152969e+02, 2.05795242e+02, 1.33430588e+02, 1.97986221e+02,
    1.33414520e+02, 1.90480545e+02, 1.33698227e+02, 1.82692154e+02,
    1.33661377e+02, 1.74811066e+02, 1.33747986e+02, 1.67088943e+02,
    1.41478973e+02, 2.06133133e+02, 1.41474731e+02, 1.98244827e+02,
    1.41756073e+02, 1.90750214e+02, 1.41695312e+02, 1.82811539e+02,
    1.41746674e+02, 1.75235016e+02, 1.41804474e+02, 1.67560715e+02,
    1.49890152e+02, 2.06178055e+02, 1.49656860e+02, 1.98707199e+02,
    1.49717758e+02, 1.90824326e+02, 1.49756622e+02, 1.83181213e+02,
    1.49814819e+02, 1.75648773e+02, 1.49841064e+02, 1.67864929e+02 ]
