%YAML:1.0
---
points: [ 4.27230438e+02, 5.09450348e+02, 4.27498474e+02, 4.85884705e+02,
    4.27801758e+02, 4.62271484e+02, 4.28131104e+02, 4.38742798e+02,
    4.28195801e+02, 4.14986298e+02, 4.28338043e+02, 3.91432953e+02,
    4.53206512e+02, 5.10057587e+02, 4.53421051e+02, 4.86598999e+02,
    4.53569672e+02, 4.63168427e+02, 4.53770660e+02, 4.39604675e+02,
    4.54199097e+02, 4.16283508e+02, 4.54403259e+02, 3.92584839e+02,
    4.78874969e+02, 5.10546814e+02, 4.79138489e+02, 4.87304474e+02,
    4.79464630e+02, 4.63842316e+02, 4.79772552e+02, 4.40628998e+02,
    4.80092834e+02, 4.17418427e+02, 4.80197357e+02, 3.93915894e+02,
    5.04086945e+02, 5.11055084e+02, 5.04500000e+02, 4.87774567e+02,
    5.04755402e+02, 4.64859924e+02, 5.05029205e+02, 4.41522552e+02,
    5.05206421e+02, 4.18395660e+02, 5.05406433e+02, 3.95351196e+02,
    5.29143066e+02, 5.11569061e+02, 5.29356140e+02, 4.88496155e+02,
    5.29715027e+02, 4.65489929e+02, 5.30175720e+02, 4.42608002e+02,
    5.30223389e+02, 4.19401581e+02, 5.30382446e+02, 3.96487762e+02,
    5.54051270e+02, 5.12094666e+02, 5.54206848e+02, 4.89111755e+02,
    5.54437683e+02, 4.66343231e+02, 5.54639526e+02, 4.43524994e+02,
    5.54920105e+02, 4.20540222e+02, 5.55129639e+02, 3.97567078e+02,
    5.78331970e+02, 5.12522034e+02, 5.78577515e+02, 4.89801971e+02,
    5.78827820e+02, 4.67102631e+02, 5.79162964e+02, 4.44490692e+02,
    5.79361755e+02, 4.21583832e+02, 5.79476318e+02, 3.98826324e+02,
    6.02503113e+02, 5.12969177e+02, 6.02774658e+02, 4.90411194e+02,
    6.02975403e+02, 4.67870392e+02, 6.03084167e+02, 4.45325867e+02,
    6.03328491e+02, 4.22803528e+02, 6.03531738e+02, 4.00125366e+02 ]
