%YAML:1.0
---
points: [ 1.04846123e+02, 1.34608200e+02, 1.10176407e+02, 1.37325546e+02,
    1.16471809e+02, 1.41719589e+02, 1.22153084e+02, 1.44546295e+02,
    1.28369049e+02, 1.48779587e+02, 1.33585556e+02, 1.51906982e+02,
    1.00982788e+02, 1.39636368e+02, 1.06596947e+02, 1.43044006e+02,
    1.12543335e+02, 1.46588303e+02, 1.18393433e+02, 1.50263367e+02,
    1.24523781e+02, 1.53929764e+02, 1.30515472e+02, 1.57233551e+02,
    9.65364304e+01, 1.45143524e+02, 1.02551346e+02, 1.48572922e+02,
    1.08553925e+02, 1.52188324e+02, 1.14452438e+02, 1.55817886e+02,
    1.20470070e+02, 1.59639404e+02, 1.25968391e+02, 1.63212570e+02,
    9.32307510e+01, 1.50811462e+02, 9.84699936e+01, 1.54388397e+02,
    1.04416153e+02, 1.58023621e+02, 1.10530457e+02, 1.61656113e+02,
    1.16346237e+02, 1.65245834e+02, 1.22604843e+02, 1.68523270e+02,
    8.85318375e+01, 1.56460388e+02, 9.42049179e+01, 1.60161240e+02,
    1.00414734e+02, 1.63794189e+02, 1.06539856e+02, 1.67413223e+02,
    1.12511993e+02, 1.71067078e+02, 1.17959129e+02, 1.74697662e+02,
    8.48017120e+01, 1.62248611e+02, 9.05641479e+01, 1.65712051e+02,
    9.63424301e+01, 1.69503036e+02, 1.02450417e+02, 1.73131073e+02,
    1.08542328e+02, 1.76802887e+02, 1.14536186e+02, 1.80359863e+02,
    8.02853928e+01, 1.68188934e+02, 8.62070999e+01, 1.71766937e+02,
    9.22731552e+01, 1.75368515e+02, 9.82350159e+01, 1.79067230e+02,
    1.04454559e+02, 1.82713760e+02, 110., 1.86466629e+02, 7.69152603e+01,
    1.73927765e+02, 8.21203613e+01, 1.77208328e+02, 8.84039993e+01,
    1.81237534e+02, 9.43421478e+01, 1.84513382e+02, 1.00444809e+02,
    1.88535889e+02, 1.06558060e+02, 1.91873306e+02 ]
