%YAML:1.0
---
points: [ 2.69462395e+01, 1.44556290e+02, 3.67052498e+01, 1.42714005e+02,
    4.64676857e+01, 1.40618332e+02, 5.67102127e+01, 1.38642242e+02,
    6.69750519e+01, 1.36472595e+02, 7.74353943e+01, 1.34545135e+02,
    3.29979897e+01, 1.54759445e+02, 4.23468399e+01, 1.52656174e+02,
    5.23044472e+01, 1.50909622e+02, 6.22647095e+01, 1.48991852e+02,
    7.25875549e+01, 1.47105759e+02, 8.30416870e+01, 1.45141312e+02,
    3.85274086e+01, 1.64320694e+02, 4.81796188e+01, 1.62690994e+02,
    5.79043541e+01, 1.60857849e+02, 6.78035660e+01, 1.59053802e+02,
    7.80781403e+01, 1.57301376e+02, 8.83412628e+01, 1.55495544e+02,
    4.41979103e+01, 1.73849442e+02, 5.37043953e+01, 1.72129944e+02,
    6.33084297e+01, 1.70384384e+02, 7.32488174e+01, 1.68692108e+02,
    8.32931671e+01, 1.67097900e+02, 9.34839172e+01, 1.65325455e+02,
    4.96329193e+01, 1.82818054e+02, 5.91634598e+01, 1.81341278e+02,
    6.87399368e+01, 1.79745697e+02, 7.85733109e+01, 1.78196915e+02,
    8.85378036e+01, 1.76549088e+02, 9.85610199e+01, 1.74969666e+02,
    5.51772652e+01, 1.91862045e+02, 6.44060898e+01, 1.90217331e+02,
    7.40592804e+01, 1.88827499e+02, 8.37011108e+01, 1.87248077e+02,
    9.35182571e+01, 1.85707840e+02, 1.03489006e+02, 1.84191254e+02,
    6.03707161e+01, 2.00241608e+02, 6.96822815e+01, 1.98910019e+02,
    7.91095581e+01, 1.97418518e+02, 8.87242432e+01, 1.96063980e+02,
    9.83572769e+01, 1.94437363e+02, 1.08213882e+02, 1.93125809e+02,
    6.54998245e+01, 2.08678040e+02, 7.48064194e+01, 2.07216263e+02,
    8.40942383e+01, 2.05989761e+02, 9.35527039e+01, 2.04450729e+02,
    1.03097565e+02, 2.03138168e+02, 1.12869873e+02, 2.01693649e+02 ]
