%YAML:1.0
---
points: [ 2.12569733e+02, 3.28155365e+02, 2.42512787e+02, 3.22455597e+02,
    2.73304321e+02, 3.16995117e+02, 3.04246521e+02, 3.11248962e+02,
    3.35670776e+02, 3.05648743e+02, 3.67468811e+02, 2.99883728e+02,
    2.32213211e+02, 3.58347351e+02, 2.62127258e+02, 3.53241699e+02,
    2.92304871e+02, 3.47681854e+02, 3.23031097e+02, 3.42577850e+02,
    3.54023468e+02, 3.36961914e+02, 3.85376282e+02, 3.31771423e+02,
    2.51612244e+02, 3.87808990e+02, 2.80894104e+02, 3.82781860e+02,
    3.10831085e+02, 3.77685699e+02, 3.41001373e+02, 3.72693115e+02,
    3.71691437e+02, 3.67647583e+02, 4.02625885e+02, 3.62536438e+02,
    2.70327087e+02, 4.16240021e+02, 2.99485138e+02, 4.11513672e+02,
    3.28828644e+02, 4.06534027e+02, 3.58853577e+02, 4.01921997e+02,
    3.88842621e+02, 3.96865601e+02, 4.19544128e+02, 3.92111877e+02,
    2.88479614e+02, 4.43719208e+02, 3.17171570e+02, 4.38929321e+02,
    3.46306396e+02, 4.34451294e+02, 3.75580231e+02, 4.29706116e+02,
    4.05459015e+02, 4.25157074e+02, 4.35579376e+02, 4.20437866e+02,
    3.05917816e+02, 4.69955078e+02, 3.34288269e+02, 4.65561096e+02,
    3.63147064e+02, 4.61190399e+02, 3.92119690e+02, 4.56690704e+02,
    4.21643036e+02, 4.52423279e+02, 4.51207306e+02, 4.47955933e+02,
    3.22959717e+02, 4.95607269e+02, 3.51136444e+02, 4.91294220e+02,
    3.79319916e+02, 4.87118439e+02, 4.07957458e+02, 4.82615662e+02,
    4.36949097e+02, 4.78490662e+02, 4.66346130e+02, 4.74237183e+02,
    3.39453705e+02, 5.20236877e+02, 3.67290466e+02, 5.16286133e+02,
    3.95309143e+02, 5.12143433e+02, 4.23476166e+02, 5.08094330e+02,
    4.51907715e+02, 5.03671051e+02, 4.80675049e+02, 4.99716705e+02 ]
