%YAML:1.0
---
points: [ 5.11334076e+02, 3.70670685e+02, 5.55063965e+02, 3.54414001e+02,
    5.98073608e+02, 3.38663330e+02, 6.39913818e+02, 3.23202698e+02,
    6.81419067e+02, 3.07949615e+02, 7.21582581e+02, 2.92818756e+02,
    5.27419495e+02, 4.08273285e+02, 5.71495911e+02, 3.91697754e+02,
    6.14545227e+02, 3.75314941e+02, 6.56891052e+02, 3.59554016e+02,
    6.98239563e+02, 3.43689911e+02, 7.38846802e+02, 3.28448425e+02,
    5.44093628e+02, 4.47073212e+02, 5.88264526e+02, 4.29820801e+02,
    6.31640686e+02, 4.13245361e+02, 6.73893555e+02, 3.96471893e+02,
    7.15558289e+02, 3.80490173e+02, 7.56412415e+02, 3.64364563e+02,
    5.60621521e+02, 4.86075165e+02, 6.05136902e+02, 4.68446655e+02,
    6.48738525e+02, 4.51233368e+02, 6.91377136e+02, 4.34201874e+02,
    7.33190063e+02, 4.17394745e+02, 7.74039673e+02, 4.01159088e+02,
    5.77695007e+02, 5.25897034e+02, 6.22380859e+02, 5.07534729e+02,
    6.66246460e+02, 4.89800293e+02, 7.08989929e+02, 4.72394653e+02,
    7.51061890e+02, 4.55241211e+02, 7.91921204e+02, 4.38302094e+02,
    5.94951233e+02, 5.66342102e+02, 6.39828308e+02, 5.47666992e+02,
    6.83824768e+02, 5.29114136e+02, 7.26829895e+02, 5.11353638e+02,
    7.68936218e+02, 4.93534149e+02, 8.10227234e+02, 4.76139313e+02,
    6.12387329e+02, 6.07664490e+02, 6.57617981e+02, 5.88295898e+02,
    7.01726440e+02, 5.69309692e+02, 7.44854736e+02, 5.50679565e+02,
    7.87367676e+02, 5.32424805e+02, 8.28655396e+02, 5.14572693e+02,
    6.30234192e+02, 6.49726257e+02, 6.75550049e+02, 6.29713745e+02,
    7.20011230e+02, 6.10123047e+02, 7.63334839e+02, 5.90991943e+02,
    8.05892029e+02, 5.72266602e+02, 8.47496887e+02, 5.53708130e+02 ]
