%YAML:1.0
---
points: [ 5.02920647e+01, 1.35831909e+02, 5.73086586e+01, 1.39642181e+02,
    6.41725922e+01, 1.43876343e+02, 7.13038712e+01, 1.47336838e+02,
    7.80612946e+01, 1.51502853e+02, 8.41968613e+01, 1.54839554e+02,
    4.63942261e+01, 1.42136505e+02, 5.35118484e+01, 1.45921204e+02,
    6.04653053e+01, 1.49794540e+02, 6.73169479e+01, 1.53652023e+02,
    7.42668152e+01, 1.57268616e+02, 8.10996628e+01, 1.60784424e+02,
    4.25824127e+01, 1.48203995e+02, 4.96623688e+01, 1.52032013e+02,
    5.69250908e+01, 1.55808701e+02, 6.36123962e+01, 1.59787262e+02,
    7.05305481e+01, 1.63253937e+02, 7.69156570e+01, 1.66951431e+02,
    3.86322746e+01, 1.54898407e+02, 4.57998619e+01, 1.58629395e+02,
    5.27187538e+01, 1.62290421e+02, 5.98956985e+01, 1.65893677e+02,
    6.67115402e+01, 1.69550064e+02, 7.37295761e+01, 1.72819336e+02,
    3.48227921e+01, 1.61086365e+02, 4.18967361e+01, 1.64908585e+02,
    4.90551605e+01, 1.68510071e+02, 5.61517868e+01, 1.72151947e+02,
    6.30970039e+01, 1.75602020e+02, 6.92962189e+01, 1.79188248e+02,
    3.07954731e+01, 1.67635254e+02, 3.81796761e+01, 1.71147308e+02,
    4.51452675e+01, 1.74885864e+02, 5.22871552e+01, 1.78348328e+02,
    5.93348579e+01, 1.81715149e+02, 6.62063751e+01, 1.85040497e+02,
    2.69791927e+01, 1.74104446e+02, 3.41252327e+01, 1.77679718e+02,
    4.13318977e+01, 1.81234192e+02, 4.83885956e+01, 1.84691116e+02,
    5.55341721e+01, 1.88043274e+02, 6.18620529e+01, 1.91287491e+02,
    2.30476532e+01, 1.80604767e+02, 3.03981819e+01, 1.83998276e+02,
    3.76831703e+01, 1.87480957e+02, 4.49469528e+01, 1.90678650e+02,
    5.17168922e+01, 1.94123260e+02, 5.90012169e+01, 1.97021408e+02 ]
