%YAML:1.0
---
points: [ 5.06667480e+01, 1.41406952e+02, 5.78440895e+01, 1.44115372e+02,
    6.46130981e+01, 1.46683899e+02, 7.02960052e+01, 1.48745880e+02,
    8.15389557e+01, 1.52801254e+02, 8.15389481e+01, 1.52801270e+02,
    4.81530190e+01, 1.48352951e+02, 5.53868866e+01, 1.50997482e+02,
    6.19004478e+01, 1.53353256e+02, 6.83553391e+01, 1.55735901e+02,
    7.40558167e+01, 1.57598465e+02, 8.03379059e+01, 1.59278046e+02,
    4.51971436e+01, 1.55410141e+02, 5.23667946e+01, 1.57914215e+02,
    5.91784821e+01, 1.60164322e+02, 6.63753357e+01, 1.62300217e+02,
    7.52784805e+01, 1.66110535e+02, 7.52813873e+01, 1.66111984e+02,
    4.25338135e+01, 1.62809235e+02, 4.96829491e+01, 1.65055145e+02,
    5.59936943e+01, 1.67044846e+02, 6.31066895e+01, 1.69268356e+02,
    6.88053207e+01, 1.71144135e+02, 7.55641937e+01, 1.72024857e+02,
    3.98606071e+01, 1.69800964e+02, 4.63646011e+01, 1.71912003e+02,
    5.33034096e+01, 1.73744339e+02, 6.03740807e+01, 1.76069214e+02,
    7.02723007e+01, 1.79060776e+02, 7.05173264e+01, 1.79063019e+02,
    3.71548615e+01, 1.77123230e+02, 4.41217384e+01, 1.79036301e+02,
    5.09359894e+01, 1.80900131e+02, 5.72529030e+01, 1.82369919e+02,
    6.59831390e+01, 1.85147446e+02, 7.05524063e+01, 1.85081741e+02,
    3.43144302e+01, 1.84183823e+02, 4.15562668e+01, 1.86120163e+02,
    4.78727570e+01, 1.87731476e+02, 5.53299789e+01, 1.89863708e+02,
    6.60326233e+01, 1.92485794e+02, 6.60326385e+01, 1.92485825e+02,
    3.17063580e+01, 1.91376785e+02, 3.88490486e+01, 1.93052658e+02,
    4.62512245e+01, 1.95002518e+02, 5.22493629e+01, 1.96453629e+02,
    6.25760460e+01, 1.98923355e+02, 6.53665085e+01, 1.98325790e+02 ]
