%YAML:1.0
---
points: [ 8.66194305e+01, 8.83674164e+01, 9.42782440e+01, 9.46032410e+01,
    1.02182961e+02, 1.00844215e+02, 1.10156639e+02, 1.07153427e+02,
    1.18235352e+02, 1.13555832e+02, 1.26397919e+02, 1.20104111e+02,
    7.77759857e+01, 9.30653152e+01, 8.55842972e+01, 9.92483444e+01,
    9.35815811e+01, 1.05625488e+02, 1.01672119e+02, 1.12082924e+02,
    1.09807861e+02, 1.18588356e+02, 1.18159966e+02, 1.25176659e+02,
    6.89847260e+01, 9.77604752e+01, 7.67054291e+01, 1.04148140e+02,
    8.47031021e+01, 1.10544670e+02, 9.28433380e+01, 1.17155251e+02,
    1.01070274e+02, 1.23753677e+02, 1.09489349e+02, 1.30532425e+02,
    5.96197777e+01, 1.02791237e+02, 6.75122833e+01, 1.09176949e+02,
    7.55480194e+01, 1.15763451e+02, 8.37878189e+01, 1.22385933e+02,
    9.21398697e+01, 1.29193100e+02, 1.00628014e+02, 1.35999741e+02,
    5.03198738e+01, 1.07903694e+02, 5.79956894e+01, 1.14400932e+02,
    6.61665649e+01, 1.21121513e+02, 7.43786697e+01, 1.27936012e+02,
    8.28612900e+01, 1.34746796e+02, 9.13227234e+01, 1.41760376e+02,
    4.03010292e+01, 1.13264374e+02, 4.84166145e+01, 1.19898018e+02,
    5.64067116e+01, 1.26665688e+02, 6.47781143e+01, 1.33609924e+02,
    7.32127075e+01, 1.40605164e+02, 8.19992599e+01, 1.47698303e+02,
    3.05428886e+01, 1.18833183e+02, 3.82820473e+01, 1.25632782e+02,
    4.64976425e+01, 1.32528244e+02, 5.47290916e+01, 1.39555496e+02,
    6.32549858e+01, 1.46737595e+02, 7.20608597e+01, 1.54028549e+02,
    2.02074604e+01, 1.24678413e+02, 2.82777157e+01, 1.31500275e+02,
    3.62061081e+01, 1.38604401e+02, 4.46521835e+01, 1.45707779e+02,
    5.31401749e+01, 1.52995331e+02, 6.18773842e+01, 1.60320786e+02 ]
