%YAML:1.0
---
points: [ 5.09348572e+02, 3.71403564e+02, 5.53641052e+02, 3.61655975e+02,
    5.96814453e+02, 3.52567505e+02, 6.38894775e+02, 3.43528442e+02,
    6.79907776e+02, 3.34658875e+02, 7.19854431e+02, 3.26067444e+02,
    5.18437561e+02, 4.03334503e+02, 5.63494385e+02, 3.93119934e+02,
    6.07479126e+02, 3.83319855e+02, 6.50236755e+02, 3.73699493e+02,
    6.91750122e+02, 3.64463135e+02, 7.32331543e+02, 3.55388367e+02,
    5.28347412e+02, 4.36612915e+02, 5.74141296e+02, 4.25701080e+02,
    6.18566956e+02, 4.15451050e+02, 6.61750977e+02, 4.05238281e+02,
    7.04174500e+02, 3.95379608e+02, 7.44965454e+02, 3.85533356e+02,
    5.38415955e+02, 4.70858521e+02, 5.84756958e+02, 4.59633148e+02,
    6.30066040e+02, 4.48422668e+02, 6.73915283e+02, 4.37757874e+02,
    7.16598633e+02, 4.27110565e+02, 7.58167175e+02, 4.16963043e+02,
    5.48665344e+02, 5.06647797e+02, 5.96008423e+02, 4.94402252e+02,
    6.41658325e+02, 4.82606476e+02, 6.86339844e+02, 4.71301880e+02,
    7.29746155e+02, 4.60247437e+02, 7.71592896e+02, 4.49264587e+02,
    5.59567322e+02, 5.43631653e+02, 6.07347290e+02, 5.30680847e+02,
    6.54132812e+02, 5.18196045e+02, 6.99318726e+02, 5.06296997e+02,
    7.43134033e+02, 4.94277039e+02, 7.85595093e+02, 4.82608002e+02,
    5.70473267e+02, 5.82249451e+02, 6.19285461e+02, 5.68517212e+02,
    6.66617859e+02, 5.55177429e+02, 7.12441467e+02, 5.42357056e+02,
    7.56960938e+02, 5.29603516e+02, 8.00281006e+02, 5.17421814e+02,
    5.82075378e+02, 6.22513855e+02, 6.31668030e+02, 6.07927368e+02,
    6.79716309e+02, 5.93597168e+02, 7.26300964e+02, 5.80067566e+02,
    7.71379700e+02, 5.66598511e+02, 8.15143982e+02, 5.53555725e+02 ]
