%YAML:1.0
---
points: [ 3.97347168e+02, 1.61736710e+02, 4.21147736e+02, 1.80679001e+02,
    4.45225128e+02, 1.99760147e+02, 4.69524139e+02, 2.19008789e+02,
    4.93814453e+02, 2.38333344e+02, 5.18490662e+02, 2.57788177e+02,
    3.70185272e+02, 1.75205200e+02, 3.94211853e+02, 1.94429398e+02,
    4.18812286e+02, 2.14022018e+02, 4.43156921e+02, 2.33386353e+02,
    4.67932922e+02, 2.53218918e+02, 4.92707733e+02, 2.72851135e+02,
    3.41849182e+02, 1.89034515e+02, 3.66432587e+02, 2.08619766e+02,
    3.91056763e+02, 2.28429520e+02, 4.16034393e+02, 2.48348297e+02,
    4.40897980e+02, 2.68370239e+02, 4.66358032e+02, 2.88566010e+02,
    3.13067871e+02, 2.03485672e+02, 3.37475220e+02, 2.23434113e+02,
    3.62561890e+02, 2.43518280e+02, 3.87726379e+02, 2.63788025e+02,
    4.13259125e+02, 2.84400696e+02, 4.38736176e+02, 3.04848419e+02,
    2.82691742e+02, 2.18436630e+02, 3.07745972e+02, 2.38729385e+02,
    3.33043488e+02, 2.59409271e+02, 3.58555573e+02, 2.80075012e+02,
    3.84304321e+02, 3.00753876e+02, 4.10359009e+02, 3.21832764e+02,
    2.51680908e+02, 2.33920135e+02, 2.76874329e+02, 2.54615372e+02,
    3.02727905e+02, 2.75644623e+02, 3.28282135e+02, 2.96693024e+02,
    3.54526947e+02, 3.18017517e+02, 3.80716583e+02, 3.39399628e+02,
    2.19321106e+02, 2.50276947e+02, 2.45140152e+02, 2.71474213e+02,
    2.70660217e+02, 2.92714996e+02, 2.97031311e+02, 3.14321625e+02,
    3.23253448e+02, 3.35908020e+02, 3.50039734e+02, 3.57726807e+02,
    1.86148636e+02, 2.67121490e+02, 2.11819565e+02, 2.88589966e+02,
    2.38242401e+02, 3.10413513e+02, 2.64456055e+02, 3.32343781e+02,
    2.91365509e+02, 3.54430786e+02, 3.18292236e+02, 3.76715515e+02 ]
