%YAML:1.0
---
points: [ 2.60994034e+01, 1.40265717e+02, 3.40924759e+01, 1.40682373e+02,
    4.19575729e+01, 1.40868652e+02, 4.97627754e+01, 1.41452866e+02,
    5.75522614e+01, 1.41737381e+02, 6.49772110e+01, 1.42130432e+02,
    2.65828114e+01, 1.47656372e+02, 3.45274696e+01, 1.47880402e+02,
    4.24947243e+01, 1.48211319e+02, 5.01761971e+01, 1.48589722e+02,
    5.77931137e+01, 1.48764618e+02, 6.54985886e+01, 1.49082520e+02,
    2.67580261e+01, 1.54774261e+02, 3.47486992e+01, 1.55069962e+02,
    4.27974014e+01, 1.55285187e+02, 5.06257858e+01, 1.55685699e+02,
    5.82942429e+01, 1.55796341e+02, 6.57617188e+01, 1.55934067e+02,
    2.72017746e+01, 1.62253815e+02, 3.51847687e+01, 1.62352844e+02,
    4.31887016e+01, 1.62594772e+02, 5.08988533e+01, 1.62638474e+02,
    5.86972008e+01, 1.62886749e+02, 6.62420578e+01, 1.62809052e+02,
    2.76444435e+01, 1.69587860e+02, 3.56258278e+01, 1.69661682e+02,
    4.36599998e+01, 1.69669266e+02, 5.15045509e+01, 1.69737473e+02,
    5.91202660e+01, 1.69728912e+02, 6.66932526e+01, 1.69939255e+02,
    2.79001751e+01, 1.76916260e+02, 3.59196358e+01, 1.76815247e+02,
    4.39510231e+01, 1.76924210e+02, 5.17505493e+01, 1.76830643e+02,
    5.96879807e+01, 1.76880142e+02, 6.70650635e+01, 1.76750504e+02,
    2.85013275e+01, 1.84270538e+02, 3.64692535e+01, 1.84262024e+02,
    4.44784813e+01, 1.84171402e+02, 5.22674332e+01, 1.84066269e+02,
    6.00497818e+01, 1.83925812e+02, 6.77146988e+01, 1.83906662e+02,
    2.88836861e+01, 1.91733719e+02, 3.68312912e+01, 1.91466278e+02,
    4.48419952e+01, 1.91439651e+02, 5.26817970e+01, 1.91224060e+02,
    6.06193123e+01, 1.91133881e+02, 6.81010818e+01, 1.90784012e+02 ]
