%YAML:1.0
---
points: [ 3.28544495e+02, 2.91317139e+02, 3.80795990e+02, 3.03688416e+02,
    4.29526031e+02, 3.15569336e+02, 4.75313049e+02, 3.26742828e+02,
    5.18195007e+02, 3.37188141e+02, 5.58421143e+02, 3.46838013e+02,
    3.22080261e+02, 3.40883911e+02, 3.74383209e+02, 3.51791382e+02,
    4.23365356e+02, 3.61845367e+02, 4.69402985e+02, 3.71574158e+02,
    5.12347351e+02, 3.80656372e+02, 5.52738831e+02, 3.88977356e+02,
    3.15079559e+02, 3.91339355e+02, 3.67730743e+02, 4.00311218e+02,
    4.17219849e+02, 4.08652618e+02, 4.63353821e+02, 4.16813202e+02,
    5.06577209e+02, 4.24279449e+02, 5.47186829e+02, 4.31239044e+02,
    3.08345490e+02, 4.40967712e+02, 3.61191650e+02, 4.48508240e+02,
    4.10805023e+02, 4.55132935e+02, 4.57121613e+02, 4.61500610e+02,
    5.00651947e+02, 4.67517822e+02, 5.41364502e+02, 4.73302643e+02,
    3.01696960e+02, 4.91137421e+02, 3.54610718e+02, 4.96514221e+02,
    4.04428345e+02, 5.01762329e+02, 4.50815216e+02, 5.06583466e+02,
    4.94586914e+02, 5.11008026e+02, 5.35405273e+02, 5.15202393e+02,
    2.94782684e+02, 5.40793274e+02, 3.48159027e+02, 5.44632446e+02,
    3.97938599e+02, 5.48285889e+02, 4.44660828e+02, 5.51340088e+02,
    4.88472748e+02, 5.54498962e+02, 5.29572021e+02, 5.57314270e+02,
    2.87860931e+02, 5.90826294e+02, 3.41458771e+02, 5.92599121e+02,
    3.91598450e+02, 5.94554993e+02, 4.38388489e+02, 5.96347778e+02,
    4.82280060e+02, 5.97810242e+02, 5.23540894e+02, 5.99199524e+02,
    2.81105621e+02, 6.40680237e+02, 3.34608307e+02, 6.40860413e+02,
    3.85110718e+02, 6.41027222e+02, 4.32144897e+02, 6.41135742e+02,
    4.76227417e+02, 6.41245422e+02, 5.17684143e+02, 6.41339478e+02 ]
