%YAML:1.0
---
points: [ 4.38367798e+02, 1.30091507e+02, 4.39497467e+02, 1.42338821e+02,
    4.40694916e+02, 1.54041382e+02, 4.41847412e+02, 1.65746277e+02,
    4.42826569e+02, 1.77195709e+02, 4.44034851e+02, 1.88599289e+02,
    4.25470490e+02, 1.32027496e+02, 4.26755280e+02, 1.43736542e+02,
    4.28037903e+02, 1.55407806e+02, 4.29137604e+02, 1.66852982e+02,
    4.30308167e+02, 1.78308807e+02, 4.31359863e+02, 1.89331741e+02,
    4.12827484e+02, 1.33733810e+02, 4.14182770e+02, 1.45360260e+02,
    4.15397858e+02, 1.56808655e+02, 4.16618469e+02, 1.68132187e+02,
    4.17888367e+02, 1.79177322e+02, 4.19085266e+02, 1.90061783e+02,
    4.00661896e+02, 1.35501541e+02, 4.01993652e+02, 1.46850952e+02,
    4.03405060e+02, 1.58219727e+02, 4.04553772e+02, 1.69141983e+02,
    4.05883423e+02, 1.80154419e+02, 4.07100433e+02, 1.90653412e+02,
    3.88707855e+02, 1.37280426e+02, 3.90203644e+02, 1.48397247e+02,
    3.91575256e+02, 1.59438660e+02, 3.92970734e+02, 1.70237518e+02,
    3.94279541e+02, 1.80958130e+02, 3.95678589e+02, 1.91405884e+02,
    3.77307526e+02, 1.38915085e+02, 3.78783417e+02, 1.49958847e+02,
    3.80192230e+02, 1.60763748e+02, 3.81629700e+02, 1.71411789e+02,
    3.83061981e+02, 1.81884689e+02, 3.84486816e+02, 1.92217285e+02,
    3.66156830e+02, 1.40675903e+02, 3.67738556e+02, 1.51357147e+02,
    3.69212158e+02, 1.62029236e+02, 3.70714539e+02, 1.72371155e+02,
    3.72110199e+02, 1.82767090e+02, 3.73705200e+02, 1.92838303e+02,
    3.55459686e+02, 1.42146011e+02, 3.57074280e+02, 1.52880524e+02,
    3.58612732e+02, 1.63192261e+02, 3.60093201e+02, 1.73443802e+02,
    3.61676544e+02, 1.83541046e+02, 3.63107971e+02, 1.93549454e+02 ]
