%YAML:1.0
---
points: [ 1.43756653e+03, 2.88531311e+02, 1.44095911e+03, 3.24498657e+02,
    1.44435254e+03, 3.59804352e+02, 1.44796436e+03, 3.94373779e+02,
    1.45118701e+03, 4.28538025e+02, 1.45449707e+03, 4.61782593e+02,
    1.39920703e+03, 2.94398560e+02, 1.40271057e+03, 3.29586975e+02,
    1.40651099e+03, 3.64240662e+02, 1.41018884e+03, 3.98066437e+02,
    1.41368054e+03, 4.31429443e+02, 1.41729053e+03, 4.64396240e+02,
    1.36171790e+03, 3.00224487e+02, 1.36563989e+03, 3.34511993e+02,
    1.36966968e+03, 3.68462280e+02, 1.37350586e+03, 4.01673584e+02,
    1.37719934e+03, 4.34468475e+02, 1.38109802e+03, 4.66498260e+02,
    1.32614734e+03, 3.05555359e+02, 1.33011475e+03, 3.39405762e+02,
    1.33427795e+03, 3.72404266e+02, 1.33838135e+03, 4.05128418e+02,
    1.34254688e+03, 4.37275116e+02, 1.34645740e+03, 4.68632874e+02,
    1.29151855e+03, 3.10858765e+02, 1.29594678e+03, 3.43917511e+02,
    1.30029639e+03, 3.76517670e+02, 1.30443262e+03, 4.08307434e+02,
    1.30861243e+03, 4.39844116e+02, 1.31283862e+03, 4.70664551e+02,
    1.25862524e+03, 3.15918274e+02, 1.26315723e+03, 3.48434296e+02,
    1.26754553e+03, 3.80399353e+02, 1.27188708e+03, 4.11673401e+02,
    1.27632922e+03, 4.42497314e+02, 1.28067371e+03, 4.72736115e+02,
    1.22660608e+03, 3.20746155e+02, 1.23145947e+03, 3.52577393e+02,
    1.23592859e+03, 3.83876648e+02, 1.24053406e+03, 4.14481110e+02,
    1.24503137e+03, 4.45012268e+02, 1.24961584e+03, 4.74734222e+02,
    1.19571912e+03, 3.25408966e+02, 1.20072937e+03, 3.56601105e+02,
    1.20560547e+03, 3.87345551e+02, 1.21044604e+03, 4.17642456e+02,
    1.21504993e+03, 4.47298828e+02, 1.21968945e+03, 4.76612366e+02 ]
