%YAML:1.0
---
points: [ 1.42620544e+03, 2.69992615e+02, 1.42870203e+03, 3.04604095e+02,
    1.43156775e+03, 3.39438904e+02, 1.43441870e+03, 3.73719849e+02,
    1.43734558e+03, 4.08040527e+02, 1.44004236e+03, 4.42230499e+02,
    1.39219849e+03, 2.77005585e+02, 1.39511536e+03, 3.11104401e+02,
    1.39765515e+03, 3.44868835e+02, 1.40055884e+03, 3.78537598e+02,
    1.40338257e+03, 4.12005646e+02, 1.40608411e+03, 4.45329956e+02,
    1.35953467e+03, 2.84234467e+02, 1.36248425e+03, 3.17324249e+02,
    1.36519751e+03, 3.50264435e+02, 1.36779138e+03, 3.82831451e+02,
    1.37053149e+03, 4.15747162e+02, 1.37351074e+03, 4.48367645e+02,
    1.32867285e+03, 2.90729584e+02, 1.33148999e+03, 3.23204987e+02,
    1.33414990e+03, 3.55359772e+02, 1.33689868e+03, 3.87391235e+02,
    1.33964294e+03, 4.19289032e+02, 1.34251636e+03, 4.51101288e+02,
    1.29889636e+03, 2.97192566e+02, 1.30179651e+03, 3.28702667e+02,
    1.30454114e+03, 3.60270081e+02, 1.30727380e+03, 3.91545746e+02,
    1.31015015e+03, 4.22815796e+02, 1.31273169e+03, 4.53866364e+02,
    1.27067041e+03, 3.03073303e+02, 1.27354663e+03, 3.34073914e+02,
    1.27616296e+03, 3.64982849e+02, 1.27899158e+03, 3.95577698e+02,
    1.28167627e+03, 4.26013763e+02, 1.28461902e+03, 4.56385986e+02,
    1.24363916e+03, 3.08788757e+02, 1.24649683e+03, 3.39193970e+02,
    1.24915137e+03, 3.69450989e+02, 1.25202771e+03, 3.99167389e+02,
    1.25469385e+03, 4.29278503e+02, 1.25760181e+03, 4.58874329e+02,
    1.21762976e+03, 3.14337769e+02, 1.22056372e+03, 3.44208160e+02,
    1.22320056e+03, 3.73540222e+02, 1.22606653e+03, 4.02928467e+02,
    1.22874463e+03, 4.32274933e+02, 1.23164465e+03, 4.61271729e+02 ]
