%YAML:1.0
---
points: [ 7.85579834e+01, 2.15179779e+02, 8.22074738e+01, 2.23883728e+02,
    8.60455704e+01, 2.32727676e+02, 8.97103958e+01, 2.41392349e+02,
    9.34496231e+01, 2.50342102e+02, 9.72788239e+01, 2.59360779e+02,
    6.87522659e+01, 2.18907394e+02, 7.26217804e+01, 2.27760254e+02,
    7.62095032e+01, 2.36648682e+02, 7.99502869e+01, 2.45550140e+02,
    8.36714630e+01, 2.54391479e+02, 8.75373306e+01, 2.63444000e+02,
    5.91477432e+01, 2.22827026e+02, 6.26640968e+01, 2.31699814e+02,
    6.64223709e+01, 2.40575958e+02, 7.01570816e+01, 2.49522125e+02,
    7.39370880e+01, 2.58603790e+02, 7.76567841e+01, 2.67575928e+02,
    4.92104073e+01, 2.26714920e+02, 5.30021896e+01, 2.35703339e+02,
    5.65233192e+01, 2.44537750e+02, 6.02923584e+01, 2.53685165e+02,
    6.40439606e+01, 2.62683105e+02, 6.77246704e+01, 2.71909973e+02,
    3.96144371e+01, 2.30664902e+02, 4.30891228e+01, 2.39556732e+02,
    4.67126236e+01, 2.48771194e+02, 5.03785172e+01, 2.57681244e+02,
    5.41529274e+01, 2.66936829e+02, 5.79190140e+01, 2.76053650e+02,
    2.97050781e+01, 2.34472107e+02, 3.33822289e+01, 2.43616577e+02,
    3.69024010e+01, 2.52644806e+02, 4.06315231e+01, 2.61916046e+02,
    4.42034531e+01, 2.71103363e+02, 4.80005989e+01, 2.80314545e+02,
    2.01508141e+01, 2.38618622e+02, 2.34587765e+01, 2.47576950e+02,
    2.71473274e+01, 2.56927795e+02, 3.06403618e+01, 2.66042114e+02,
    3.43764496e+01, 2.75381805e+02, 3.81504669e+01, 2.84465698e+02,
    1.02749290e+01, 2.42521988e+02, 1.39593830e+01, 2.51750671e+02,
    1.73761978e+01, 2.60863739e+02, 2.10959206e+01, 2.70241211e+02,
    2.46342010e+01, 2.79328186e+02, 2.83076935e+01, 2.88834106e+02 ]
