%YAML:1.0
---
points: [ 4.34727081e+02, 1.23507675e+02, 4.35845398e+02, 1.35241562e+02,
    4.36907257e+02, 1.46809967e+02, 4.37929626e+02, 1.58453766e+02,
    4.38988861e+02, 1.69880249e+02, 4.40115295e+02, 1.81464294e+02,
    4.23143219e+02, 1.25852562e+02, 4.24300995e+02, 1.37144852e+02,
    4.25372711e+02, 1.48611771e+02, 4.26473816e+02, 1.59933853e+02,
    4.27487274e+02, 1.71256302e+02, 4.28507233e+02, 1.82501846e+02,
    4.12037506e+02, 1.28047043e+02, 4.13211456e+02, 1.39244797e+02,
    4.14203522e+02, 1.50357071e+02, 4.15253204e+02, 1.61504440e+02,
    4.16327179e+02, 1.72563553e+02, 4.17311768e+02, 1.83542877e+02,
    4.01384460e+02, 1.30129120e+02, 4.02419769e+02, 1.41127075e+02,
    4.03516235e+02, 1.52053207e+02, 4.04529388e+02, 1.62855042e+02,
    4.05557129e+02, 1.73707504e+02, 4.06531586e+02, 1.84421402e+02,
    3.91112671e+02, 1.32325699e+02, 3.92205994e+02, 1.43039825e+02,
    3.93204468e+02, 1.53715088e+02, 3.94249664e+02, 1.64249344e+02,
    3.95298126e+02, 1.74939041e+02, 3.96331543e+02, 1.85332611e+02,
    3.81248932e+02, 1.34278168e+02, 3.82264587e+02, 1.44823257e+02,
    3.83315247e+02, 1.55218109e+02, 3.84329987e+02, 1.65659836e+02,
    3.85386658e+02, 1.76019745e+02, 3.86414459e+02, 1.86311523e+02,
    3.71860962e+02, 1.36311005e+02, 3.72835602e+02, 1.46593491e+02,
    3.73877686e+02, 1.56844833e+02, 3.74905762e+02, 1.66852570e+02,
    3.75922607e+02, 1.77103348e+02, 3.76922821e+02, 1.87157990e+02,
    3.62710083e+02, 1.38166153e+02, 3.63733215e+02, 1.48232590e+02,
    3.64719269e+02, 1.58203873e+02, 3.65773895e+02, 1.68241608e+02,
    3.66793030e+02, 1.78089279e+02, 3.67742706e+02, 1.87963623e+02 ]
