%YAML:1.0
---
points: [ 5.43131592e+02, 3.24130951e+02, 5.91806580e+02, 3.40742462e+02,
    6.38877563e+02, 3.57386597e+02, 6.84369507e+02, 3.73072296e+02,
    7.28104370e+02, 3.88369171e+02, 7.70296692e+02, 4.02937866e+02,
    5.30475037e+02, 3.63412781e+02, 5.80547729e+02, 3.80048035e+02,
    6.28577759e+02, 3.95916412e+02, 6.75137390e+02, 4.11344818e+02,
    7.19679138e+02, 4.26164154e+02, 7.62904663e+02, 4.40495850e+02,
    5.17425476e+02, 4.04829773e+02, 5.68507629e+02, 4.20720154e+02,
    6.17786926e+02, 4.36351807e+02, 6.65356750e+02, 4.51181732e+02,
    7.11241821e+02, 4.65585205e+02, 7.55196228e+02, 4.79411499e+02,
    5.03633423e+02, 4.47523407e+02, 5.56167236e+02, 4.63065460e+02,
    6.06734070e+02, 4.77926392e+02, 6.55240417e+02, 4.92497742e+02,
    7.01920105e+02, 5.06436584e+02, 7.47217651e+02, 5.19722534e+02,
    4.89455078e+02, 4.92058777e+02, 5.43118347e+02, 5.07183960e+02,
    5.95095764e+02, 5.21587036e+02, 6.44657532e+02, 5.35287781e+02,
    6.92461426e+02, 5.48768066e+02, 7.38515076e+02, 5.61436279e+02,
    4.74316162e+02, 5.38599548e+02, 5.29409973e+02, 5.52829590e+02,
    5.82750671e+02, 5.66613342e+02, 6.33634644e+02, 5.80205139e+02,
    6.82674500e+02, 5.92735718e+02, 7.29695496e+02, 6.05164795e+02,
    4.58640930e+02, 5.87320435e+02, 5.15356689e+02, 6.00826355e+02,
    5.69819946e+02, 6.13914612e+02, 6.21942749e+02, 6.26588989e+02,
    6.72266235e+02, 6.38758667e+02, 7.20578735e+02, 6.50406860e+02,
    4.41959686e+02, 6.38205933e+02, 5.00380768e+02, 6.51021973e+02,
    5.56228210e+02, 6.63423828e+02, 6.09783325e+02, 6.75391418e+02,
    6.61406677e+02, 6.86737305e+02, 7.10946350e+02, 6.97716370e+02 ]
