%YAML:1.0
---
points: [ 1.13061572e+03, 6.91197083e+02, 1.13092969e+03, 6.59371460e+02,
    1.13135413e+03, 6.27809509e+02, 1.13159277e+03, 5.96250061e+02,
    1.13204822e+03, 5.64793945e+02, 1.13247241e+03, 5.33250061e+02,
    1.16020984e+03, 6.94051514e+02, 1.16045679e+03, 6.61909912e+02,
    1.16073828e+03, 6.29573425e+02, 1.16112085e+03, 5.97640198e+02,
    1.16151025e+03, 5.65548706e+02, 1.16185901e+03, 5.33539978e+02,
    1.19072266e+03, 6.97456116e+02, 1.19095007e+03, 6.64667175e+02,
    1.19138611e+03, 6.31934631e+02, 1.19160657e+03, 5.98978882e+02,
    1.19214612e+03, 5.66517639e+02, 1.19244592e+03, 5.33690552e+02,
    1.22257654e+03, 7.00668091e+02, 1.22278088e+03, 6.67373535e+02,
    1.22307556e+03, 6.34015442e+02, 1.22338892e+03, 6.00687195e+02,
    1.22381812e+03, 5.67263977e+02, 1.22427087e+03, 5.34251831e+02,
    1.25565601e+03, 7.04288574e+02, 1.25586108e+03, 6.70255005e+02,
    1.25617065e+03, 6.36266052e+02, 1.25660925e+03, 6.02303467e+02,
    1.25695544e+03, 5.68362183e+02, 1.25743054e+03, 5.34402039e+02,
    1.28983984e+03, 7.07872009e+02, 1.29023376e+03, 6.73308167e+02,
    1.29054895e+03, 6.38497498e+02, 1.29086902e+03, 6.04008789e+02,
    1.29139087e+03, 5.69455261e+02, 1.29167017e+03, 5.34723694e+02,
    1.32591882e+03, 7.11839355e+02, 1.32625195e+03, 6.76379639e+02,
    1.32655188e+03, 6.40953125e+02, 1.32682483e+03, 6.05702454e+02,
    1.32734009e+03, 5.70529968e+02, 1.32768311e+03, 5.35183411e+02,
    1.36296973e+03, 7.15658203e+02, 1.36328076e+03, 6.79671936e+02,
    1.36366931e+03, 6.43542908e+02, 1.36387085e+03, 6.07598389e+02,
    1.36435876e+03, 5.71507385e+02, 1.36468542e+03, 5.35573669e+02 ]
