%YAML:1.0
---
points: [ 7.14395475e+00, 2.85477173e+02, 9.79337692e+00, 2.75444214e+02,
    1.22486115e+01, 2.65894470e+02, 1.50075026e+01, 2.55987823e+02,
    1.76242962e+01, 2.46494629e+02, 2.03528423e+01, 2.36810562e+02,
    1.65882435e+01, 2.87447235e+02, 1.90327930e+01, 2.77759155e+02,
    2.17298489e+01, 2.67798737e+02, 2.43375130e+01, 2.58210388e+02,
    2.70737591e+01, 2.48335831e+02, 2.97926331e+01, 2.38889084e+02,
    2.60967731e+01, 2.89652313e+02, 2.87591934e+01, 2.79639252e+02,
    3.13554306e+01, 2.69939850e+02, 3.40365601e+01, 2.60091827e+02,
    3.67431107e+01, 2.50490128e+02, 3.94094353e+01, 2.40803696e+02,
    3.58561211e+01, 2.91544830e+02, 3.83868866e+01, 2.81832001e+02,
    4.10768127e+01, 2.71862091e+02, 4.37030945e+01, 2.62191833e+02,
    4.64083862e+01, 2.52405350e+02, 4.91411896e+01, 2.42896530e+02,
    4.55475502e+01, 2.93695251e+02, 4.81934586e+01, 2.83758057e+02,
    5.08298683e+01, 2.74004333e+02, 5.34979286e+01, 2.64131409e+02,
    5.61525192e+01, 2.54360855e+02, 5.88008728e+01, 2.44735260e+02,
    5.54398041e+01, 2.95565063e+02, 5.80972557e+01, 2.85784760e+02,
    6.07057991e+01, 2.75849152e+02, 6.33709641e+01, 2.66102600e+02,
    6.60450134e+01, 2.56329956e+02, 6.86516418e+01, 2.46746841e+02,
    6.53904190e+01, 2.97628113e+02, 6.80052490e+01, 2.87577148e+02,
    7.06532135e+01, 2.77794128e+02, 7.33301544e+01, 2.67869629e+02,
    7.59029922e+01, 2.58212372e+02, 7.84811401e+01, 2.48648300e+02,
    7.53856277e+01, 2.99491821e+02, 7.79804153e+01, 2.89581482e+02,
    8.05921555e+01, 2.79602417e+02, 8.32338333e+01, 2.69947632e+02,
    8.58178177e+01, 2.60107025e+02, 8.84317398e+01, 2.50574524e+02 ]
