%YAML:1.0
---
points: [ 6.24374451e+02, 8.05853729e+01, 6.76372009e+02, 7.92484283e+01,
    7.28508667e+02, 7.78412704e+01, 7.80654236e+02, 7.66490860e+01,
    8.32658508e+02, 7.53546982e+01, 8.84762207e+02, 7.37245712e+01,
    6.31638428e+02, 1.36150818e+02, 6.82724487e+02, 1.35071808e+02,
    7.33873962e+02, 1.33866592e+02, 7.85189636e+02, 1.32624283e+02,
    8.36244446e+02, 1.31331894e+02, 8.87199646e+02, 1.29967468e+02,
    6.38682312e+02, 1.90630569e+02, 6.89111511e+02, 1.89418320e+02,
    7.39311035e+02, 1.88325394e+02, 7.89535156e+02, 1.87154510e+02,
    8.39561584e+02, 1.85867737e+02, 8.89764526e+02, 1.84554977e+02,
    6.45518127e+02, 2.42604141e+02, 6.95159851e+02, 2.41522614e+02,
    7.44476196e+02, 2.40324493e+02, 7.93773621e+02, 2.39343597e+02,
    8.43029114e+02, 2.38162781e+02, 8.92104919e+02, 2.36654434e+02,
    6.52249023e+02, 2.92735687e+02, 7.00944275e+02, 2.91749786e+02,
    7.49362671e+02, 2.90651672e+02, 7.97749512e+02, 2.89536591e+02,
    8.46258911e+02, 2.88299103e+02, 8.94507812e+02, 2.87004028e+02,
    6.58805603e+02, 3.41196594e+02, 7.06525452e+02, 3.40293762e+02,
    7.54212036e+02, 3.39195099e+02, 8.01713745e+02, 3.38098328e+02,
    8.49251526e+02, 3.36799805e+02, 8.96678711e+02, 3.35475128e+02,
    6.64768677e+02, 3.88207458e+02, 7.11743835e+02, 3.86979248e+02,
    7.58687195e+02, 3.85784485e+02, 8.05509949e+02, 3.84685944e+02,
    8.52332092e+02, 3.83460297e+02, 8.98749878e+02, 3.82237976e+02,
    6.70614319e+02, 4.33445221e+02, 7.17054932e+02, 4.32365723e+02,
    7.63222778e+02, 4.30940979e+02, 8.08940430e+02, 4.29770477e+02,
    8.54930847e+02, 4.28730469e+02, 9.01033203e+02, 4.27569214e+02 ]
