%YAML:1.0
---
points: [ 3.33200623e+02, 2.66665314e+02, 3.33273071e+02, 2.55965302e+02,
    3.33402618e+02, 2.45149338e+02, 3.33553802e+02, 2.34456436e+02,
    3.33713257e+02, 2.23753555e+02, 3.33878571e+02, 2.13012756e+02,
    3.43602814e+02, 2.67739899e+02, 3.43747803e+02, 2.56811890e+02,
    3.43883301e+02, 2.45844223e+02, 3.43979797e+02, 2.34929581e+02,
    3.44116760e+02, 2.24037323e+02, 3.44201050e+02, 2.13164612e+02,
    3.54272614e+02, 2.68967072e+02, 3.54342529e+02, 2.57721802e+02,
    3.54495697e+02, 2.46575500e+02, 3.54591278e+02, 2.35501495e+02,
    3.54797729e+02, 2.24378998e+02, 3.54982544e+02, 2.13272064e+02,
    3.65358337e+02, 2.69873352e+02, 3.65504852e+02, 2.58701202e+02,
    3.65674835e+02, 2.47281540e+02, 3.65833191e+02, 2.36002838e+02,
    3.66023224e+02, 2.24622940e+02, 3.66105560e+02, 2.13400528e+02,
    3.77050201e+02, 2.71244843e+02, 3.77197601e+02, 2.59591034e+02,
    3.77230438e+02, 2.48152954e+02, 3.77389709e+02, 2.36525925e+02,
    3.77395142e+02, 2.24915970e+02, 3.77570343e+02, 2.13566193e+02,
    3.88892090e+02, 2.72464172e+02, 3.89093201e+02, 2.60610779e+02,
    3.89169647e+02, 2.48873062e+02, 3.89274109e+02, 2.37039810e+02,
    3.89386658e+02, 2.25373062e+02, 3.89512268e+02, 2.13647568e+02,
    4.01332733e+02, 2.73604034e+02, 4.01389404e+02, 2.61666962e+02,
    4.01613373e+02, 2.49688751e+02, 4.01710876e+02, 2.37668350e+02,
    4.01871124e+02, 2.25731613e+02, 4.02083923e+02, 2.13713745e+02,
    4.14120911e+02, 2.74836578e+02, 4.14250183e+02, 2.62754852e+02,
    4.14317535e+02, 2.50533020e+02, 4.14534729e+02, 2.38286026e+02,
    4.14708557e+02, 2.25996384e+02, 4.14885559e+02, 2.13790253e+02 ]
