%YAML:1.0
---
points: [ 3.38319061e+02, 2.41048279e+02, 3.38975555e+02, 2.28480286e+02,
    3.39590302e+02, 2.15904129e+02, 3.40335083e+02, 2.03391846e+02,
    3.41112946e+02, 1.90874847e+02, 3.41797272e+02, 1.78319763e+02,
    3.49396729e+02, 2.41607788e+02, 3.50149628e+02, 2.29148895e+02,
    3.50727997e+02, 2.16659058e+02, 3.51486969e+02, 2.04270920e+02,
    3.52201904e+02, 1.91865280e+02, 3.52856995e+02, 1.79375641e+02,
    3.60365326e+02, 2.42101135e+02, 3.61031403e+02, 2.29772934e+02,
    3.61703735e+02, 2.17467117e+02, 3.62346466e+02, 2.05240097e+02,
    3.63105347e+02, 1.92836243e+02, 3.63770325e+02, 1.80578979e+02,
    3.71244690e+02, 2.42592804e+02, 3.71815674e+02, 2.30387665e+02,
    3.72354706e+02, 2.18212311e+02, 3.73088257e+02, 2.06018326e+02,
    3.73729950e+02, 1.93716782e+02, 3.74380493e+02, 1.81607956e+02,
    3.81623169e+02, 2.43113983e+02, 3.82251251e+02, 2.30957947e+02,
    3.82965637e+02, 2.18904663e+02, 3.83570251e+02, 2.06899384e+02,
    3.84291779e+02, 1.94705780e+02, 3.84933319e+02, 1.82650223e+02,
    3.92105103e+02, 2.43579575e+02, 3.92584045e+02, 2.31640244e+02,
    3.93263641e+02, 2.19687393e+02, 3.93877350e+02, 2.07569534e+02,
    3.94430115e+02, 1.95643448e+02, 3.95250641e+02, 1.83710907e+02,
    4.02187042e+02, 2.44032349e+02, 4.02725067e+02, 2.32339890e+02,
    4.03445770e+02, 2.20335327e+02, 4.04053894e+02, 2.08513840e+02,
    4.04555603e+02, 1.96606491e+02, 4.05297363e+02, 1.84697662e+02,
    4.12104553e+02, 2.44659470e+02, 4.12562775e+02, 2.32820343e+02,
    4.13305084e+02, 2.20924713e+02, 4.13887238e+02, 2.09262360e+02,
    4.14464630e+02, 1.97455673e+02, 4.15176208e+02, 1.85763367e+02 ]
