%YAML:1.0
---
points: [ 1.81391411e+01, 2.19986313e+02, 2.52887325e+01, 2.07719513e+02,
    3.20471344e+01, 1.96146790e+02, 3.88346672e+01, 1.84587296e+02,
    4.53227310e+01, 1.73586105e+02, 5.18197632e+01, 1.62695511e+02,
    3.19862175e+01, 2.25634766e+02, 3.86050720e+01, 2.13765686e+02,
    4.53657417e+01, 2.01906952e+02, 5.19847298e+01, 1.90517838e+02,
    5.84697876e+01, 1.79472809e+02, 6.46577606e+01, 1.68791504e+02,
    4.57078972e+01, 2.31419342e+02, 5.23227806e+01, 2.19308121e+02,
    5.87510910e+01, 2.07644958e+02, 6.50857849e+01, 1.96462082e+02,
    7.13423996e+01, 1.85330872e+02, 7.73744583e+01, 1.74548401e+02,
    5.93258781e+01, 2.36951736e+02, 6.57340927e+01, 2.25030518e+02,
    7.20948181e+01, 2.13335983e+02, 7.82483444e+01, 2.02046371e+02,
    8.42580185e+01, 1.91051208e+02, 8.99894485e+01, 1.80421402e+02,
    7.27147598e+01, 2.42288666e+02, 7.89536438e+01, 2.30458847e+02,
    8.50859985e+01, 2.18860382e+02, 9.10634155e+01, 2.07589554e+02,
    9.67662354e+01, 1.96654602e+02, 1.02327576e+02, 1.86034073e+02,
    8.59966812e+01, 2.47593536e+02, 9.20457153e+01, 2.35835663e+02,
    9.78419800e+01, 2.24272766e+02, 1.03540794e+02, 2.13113220e+02,
    1.09148010e+02, 2.02162292e+02, 1.14490959e+02, 1.91637070e+02,
    9.90284653e+01, 2.52780518e+02, 1.04839722e+02, 2.41031082e+02,
    1.10403824e+02, 2.29481262e+02, 1.15870224e+02, 2.18369003e+02,
    1.21215324e+02, 2.07636124e+02, 1.26364426e+02, 1.97084244e+02,
    1.11749710e+02, 2.57820953e+02, 1.17324272e+02, 2.46105957e+02,
    1.22713242e+02, 2.34685883e+02, 1.28020889e+02, 2.23631836e+02,
    1.33178680e+02, 2.12896759e+02, 1.38128067e+02, 2.02387817e+02 ]
