%YAML:1.0
---
points: [ 1.13751733e+03, 6.15477783e+02, 1.13946912e+03, 5.78506836e+02,
    1.14153088e+03, 5.41643005e+02, 1.14357886e+03, 5.04743927e+02,
    1.14557849e+03, 4.67946259e+02, 1.14781775e+03, 4.31300751e+02,
    1.17062329e+03, 6.17173218e+02, 1.17264478e+03, 5.80511780e+02,
    1.17464929e+03, 5.43936951e+02, 1.17665613e+03, 5.07434143e+02,
    1.17883228e+03, 4.70972931e+02, 1.18083936e+03, 4.34470062e+02,
    1.20335522e+03, 6.18596741e+02, 1.20523645e+03, 5.82347046e+02,
    1.20723926e+03, 5.46095215e+02, 1.20926562e+03, 5.09910767e+02,
    1.21138013e+03, 4.73856995e+02, 1.21324194e+03, 4.37759033e+02,
    1.23543225e+03, 6.20103455e+02, 1.23728894e+03, 5.84171509e+02,
    1.23915149e+03, 5.48411743e+02, 1.24123950e+03, 5.12516968e+02,
    1.24316382e+03, 4.76587860e+02, 1.24523987e+03, 4.40731323e+02,
    1.26685217e+03, 6.21724426e+02, 1.26876050e+03, 5.86177124e+02,
    1.27052808e+03, 5.50409119e+02, 1.27252905e+03, 5.14779114e+02,
    1.27453503e+03, 4.79370697e+02, 1.27643347e+03, 4.43868073e+02,
    1.29782910e+03, 6.23153748e+02, 1.29974182e+03, 5.87770752e+02,
    1.30155566e+03, 5.52471619e+02, 1.30339319e+03, 5.17364563e+02,
    1.30540186e+03, 4.81939514e+02, 1.30731702e+03, 4.46772980e+02,
    1.32847107e+03, 6.24548401e+02, 1.33023206e+03, 5.89545532e+02,
    1.33221985e+03, 5.54610840e+02, 1.33380249e+03, 5.19554504e+02,
    1.33571252e+03, 4.84686462e+02, 1.33773352e+03, 4.49770203e+02,
    1.35836816e+03, 6.26090881e+02, 1.36006799e+03, 5.91404419e+02,
    1.36178882e+03, 5.56509583e+02, 1.36367041e+03, 5.22089783e+02,
    1.36545178e+03, 4.87336304e+02, 1.36737952e+03, 4.52748260e+02 ]
