%YAML:1.0
---
points: [ 3.87660889e+02, 2.00498871e+02, 4.36495361e+02, 1.76843750e+02,
    4.85591797e+02, 1.53178345e+02, 5.34666626e+02, 1.29394836e+02,
    5.83923523e+02, 1.05559227e+02, 6.33243164e+02, 8.15362625e+01,
    4.22547180e+02, 2.48845413e+02, 4.70384735e+02, 2.26142151e+02,
    5.18162292e+02, 2.03247910e+02, 5.65910645e+02, 1.80338028e+02,
    6.13840027e+02, 1.57364532e+02, 6.61807739e+02, 1.34227859e+02,
    4.56361328e+02, 2.95340057e+02, 5.02684204e+02, 2.73277496e+02,
    5.49292480e+02, 2.51025681e+02, 5.95727173e+02, 2.28756653e+02,
    6.42393188e+02, 2.06502075e+02, 6.88998108e+02, 1.84270432e+02,
    4.87950134e+02, 3.38761963e+02, 5.33309875e+02, 3.17437775e+02,
    5.78587463e+02, 2.95692352e+02, 6.23901001e+02, 2.74340942e+02,
    6.69178955e+02, 2.52683472e+02, 7.14502563e+02, 2.31227112e+02,
    5.18223633e+02, 3.80224701e+02, 5.62248718e+02, 3.59245758e+02,
    6.06453979e+02, 3.38439636e+02, 6.50556335e+02, 3.17450256e+02,
    6.94609863e+02, 2.96493378e+02, 7.38637451e+02, 2.75468384e+02,
    5.46684387e+02, 4.19245697e+02, 5.89687073e+02, 3.99020477e+02,
    6.32730347e+02, 3.78685760e+02, 6.75732117e+02, 3.58371033e+02,
    7.18617249e+02, 3.37740936e+02, 7.61547913e+02, 3.17478302e+02,
    5.73782532e+02, 4.56320251e+02, 6.15709778e+02, 4.36445282e+02,
    6.57729370e+02, 4.16692017e+02, 6.99474854e+02, 3.96763885e+02,
    7.41433044e+02, 3.77154785e+02, 7.83202271e+02, 3.57181366e+02,
    5.99556213e+02, 4.91468872e+02, 6.40487244e+02, 4.72255035e+02,
    6.81346252e+02, 4.52817871e+02, 7.22253296e+02, 4.33557465e+02,
    7.62895691e+02, 4.14242065e+02, 8.03706604e+02, 3.94848114e+02 ]
