%YAML:1.0
---
points: [ 6.87096252e+02, 4.52034637e+02, 7.26394104e+02, 4.66585388e+02,
    7.65612427e+02, 4.81449524e+02, 8.04695251e+02, 4.96442322e+02,
    8.44288025e+02, 5.11081879e+02, 8.83540100e+02, 5.26030762e+02,
    6.67555054e+02, 4.83510376e+02, 7.07713989e+02, 4.98747772e+02,
    7.47846069e+02, 5.13813782e+02, 7.88001648e+02, 5.29074036e+02,
    8.28157776e+02, 5.44417480e+02, 8.68413086e+02, 5.59523438e+02,
    6.47019287e+02, 5.17091248e+02, 6.88072083e+02, 5.32442688e+02,
    7.29198914e+02, 5.48001038e+02, 7.70172241e+02, 5.63503662e+02,
    8.11319153e+02, 5.79085754e+02, 8.52349731e+02, 5.94666870e+02,
    6.25711121e+02, 5.51627686e+02, 6.67592957e+02, 5.67624268e+02,
    7.09633545e+02, 5.83480591e+02, 7.51564758e+02, 5.99463440e+02,
    7.93599915e+02, 6.15398376e+02, 8.35645996e+02, 6.31406006e+02,
    6.03329407e+02, 5.88127319e+02, 6.46192444e+02, 6.04367188e+02,
    6.89114624e+02, 6.20704224e+02, 7.32061401e+02, 6.36996460e+02,
    7.75117004e+02, 6.53389465e+02, 8.18167480e+02, 6.69804077e+02,
    5.79610718e+02, 6.26300659e+02, 6.23483765e+02, 6.42989014e+02,
    6.67542480e+02, 6.59666809e+02, 7.11460449e+02, 6.76555847e+02,
    7.55624817e+02, 6.93390686e+02, 7.99615295e+02, 7.10361816e+02,
    5.54703247e+02, 6.66547607e+02, 5.99820129e+02, 6.83569031e+02,
    6.44917542e+02, 7.00688293e+02, 6.89977295e+02, 7.17935913e+02,
    7.35154907e+02, 7.35527344e+02, 7.80342163e+02, 7.52756958e+02,
    5.28596985e+02, 7.08860657e+02, 5.74671875e+02, 7.26495483e+02,
    6.20913086e+02, 7.44068237e+02, 6.67118958e+02, 7.62089539e+02,
    7.13529358e+02, 7.79720886e+02, 7.59729919e+02, 7.97662659e+02 ]
