%YAML:1.0
---
points: [ 4.84428520e+01, 2.19503372e+02, 5.33037453e+01, 2.09312592e+02,
    5.80862541e+01, 1.99447006e+02, 6.27435875e+01, 1.89751419e+02,
    6.73406830e+01, 1.80378922e+02, 7.19208374e+01, 1.71119919e+02,
    6.01773453e+01, 2.23241531e+02, 6.47508240e+01, 2.13354553e+02,
    6.93817749e+01, 2.03293304e+02, 7.40347290e+01, 1.93717117e+02,
    7.84224930e+01, 1.84251907e+02, 8.28242722e+01, 1.75154434e+02,
    7.17418594e+01, 2.27193710e+02, 7.62835083e+01, 2.17054504e+02,
    8.07544022e+01, 2.07261612e+02, 8.52024689e+01, 1.97524689e+02,
    8.95345459e+01, 1.88214050e+02, 9.37233963e+01, 1.78995895e+02,
    8.32889252e+01, 2.30997086e+02, 8.77405243e+01, 2.20787613e+02,
    9.20941010e+01, 2.10936630e+02, 9.62355957e+01, 2.01376007e+02,
    1.00414070e+02, 1.92014938e+02, 1.04416306e+02, 1.82937225e+02,
    9.46265717e+01, 2.34579163e+02, 9.89530563e+01, 2.24413956e+02,
    1.03179771e+02, 2.14697922e+02, 1.07229088e+02, 2.05185593e+02,
    1.11269264e+02, 1.95912247e+02, 1.15023544e+02, 1.86752625e+02,
    1.05915222e+02, 2.38094147e+02, 1.10061234e+02, 2.28139816e+02,
    1.14080528e+02, 2.18344696e+02, 1.18087540e+02, 2.08854248e+02,
    1.21777336e+02, 1.99562592e+02, 1.25574333e+02, 1.90462662e+02,
    1.17051743e+02, 2.41674789e+02, 1.20958855e+02, 2.31677490e+02,
    1.24843971e+02, 2.21969421e+02, 1.28630035e+02, 2.12528320e+02,
    1.32302902e+02, 2.03236053e+02, 1.35891266e+02, 1.94222336e+02,
    1.27968201e+02, 2.45098938e+02, 1.31773636e+02, 2.35229187e+02,
    1.35470062e+02, 2.25547775e+02, 1.39113800e+02, 2.16099365e+02,
    1.42667160e+02, 2.06903198e+02, 1.46123779e+02, 1.97906464e+02 ]
