%YAML:1.0
---
points: [ 1.44997412e+03, 4.25173187e+02, 1.44775171e+03, 4.71207916e+02,
    1.44553748e+03, 5.16292847e+02, 1.44351892e+03, 5.60186096e+02,
    1.44159253e+03, 6.03223389e+02, 1.43959631e+03, 6.45338745e+02,
    1.39869092e+03, 4.25589996e+02, 1.39712903e+03, 4.70854004e+02,
    1.39555872e+03, 5.15061646e+02, 1.39416541e+03, 5.58419434e+02,
    1.39253162e+03, 6.00689575e+02, 1.39128662e+03, 6.42267700e+02,
    1.34870996e+03, 4.26245148e+02, 1.34761279e+03, 4.70588409e+02,
    1.34663489e+03, 5.14176025e+02, 1.34558911e+03, 5.56539124e+02,
    1.34470349e+03, 5.98381042e+02, 1.34395239e+03, 6.39263733e+02,
    1.30063367e+03, 4.26676636e+02, 1.30011304e+03, 4.70443024e+02,
    1.29960840e+03, 5.13176453e+02, 1.29914563e+03, 5.54908020e+02,
    1.29871863e+03, 5.96128296e+02, 1.29849329e+03, 6.36149475e+02,
    1.25420667e+03, 4.27344910e+02, 1.25409534e+03, 4.70196625e+02,
    1.25405627e+03, 5.12368713e+02, 1.25408313e+03, 5.53423035e+02,
    1.25425366e+03, 5.93565979e+02, 1.25435095e+03, 6.33327698e+02,
    1.20924963e+03, 4.27671326e+02, 1.20969019e+03, 4.69800873e+02,
    1.21008264e+03, 5.11365601e+02, 1.21054749e+03, 5.51659851e+02,
    1.21096057e+03, 5.91542603e+02, 1.21153101e+03, 6.30506470e+02,
    1.16558655e+03, 4.28164612e+02, 1.16658374e+03, 4.69681946e+02,
    1.16749829e+03, 5.10433746e+02, 1.16842773e+03, 5.50314758e+02,
    1.16941614e+03, 5.89445557e+02, 1.17023718e+03, 6.27842590e+02,
    1.12357837e+03, 4.28509186e+02, 1.12479517e+03, 4.69470459e+02,
    1.12624316e+03, 5.09401367e+02, 1.12755420e+03, 5.48744080e+02,
    1.12877014e+03, 5.87399780e+02, 1.12991443e+03, 6.25260254e+02 ]
