%YAML:1.0
---
points: [ 4.48864044e+02, 1.77659363e+02, 4.47853088e+02, 1.93075836e+02,
    4.46696472e+02, 2.08022461e+02, 4.45765594e+02, 2.22788010e+02,
    4.44707794e+02, 2.37145325e+02, 4.43608063e+02, 2.51367950e+02,
    4.31522644e+02, 1.77748459e+02, 4.30876007e+02, 1.92755219e+02,
    4.29975006e+02, 2.07687500e+02, 4.29171448e+02, 2.22260101e+02,
    4.28288910e+02, 2.36503189e+02, 4.27458069e+02, 2.50384186e+02,
    4.14652802e+02, 1.77605911e+02, 4.14038239e+02, 1.92582626e+02,
    4.13344055e+02, 2.07381516e+02, 4.12645966e+02, 2.21734116e+02,
    4.12066895e+02, 2.35594345e+02, 4.11374847e+02, 2.49397110e+02,
    3.98132721e+02, 1.77706818e+02, 3.97613129e+02, 1.92557999e+02,
    3.97200531e+02, 2.06955597e+02, 3.96628143e+02, 2.21013123e+02,
    3.96258301e+02, 2.34826706e+02, 3.95780334e+02, 2.48328842e+02,
    3.81863525e+02, 1.77774948e+02, 3.81550720e+02, 1.92452087e+02,
    3.81296509e+02, 2.06604248e+02, 3.81091492e+02, 2.20556946e+02,
    3.80769897e+02, 2.34111313e+02, 3.80517212e+02, 2.47366486e+02,
    3.66300049e+02, 1.77834686e+02, 3.66138641e+02, 1.92269424e+02,
    3.66034729e+02, 2.06243683e+02, 3.65861542e+02, 2.19989746e+02,
    3.65805145e+02, 2.33405762e+02, 3.65621765e+02, 2.46434540e+02,
    3.50997406e+02, 1.77948441e+02, 3.51095825e+02, 1.92117142e+02,
    3.51108215e+02, 2.05865952e+02, 3.51201172e+02, 2.19367325e+02,
    3.51206879e+02, 2.32608841e+02, 3.51312347e+02, 2.45586349e+02,
    3.36209167e+02, 1.78088226e+02, 3.36342865e+02, 1.92037140e+02,
    3.36574554e+02, 2.05612518e+02, 3.36780182e+02, 2.18826584e+02,
    3.37136322e+02, 2.31897385e+02, 3.37264160e+02, 2.44655914e+02 ]
