%YAML:1.0
---
points: [ 1.12836572e+03, 6.88795227e+02, 1.12967358e+03, 6.49778809e+02,
    1.13127991e+03, 6.10505493e+02, 1.13262769e+03, 5.70594238e+02,
    1.13426257e+03, 5.30111938e+02, 1.13577063e+03, 4.89339203e+02,
    1.16640076e+03, 6.96506470e+02, 1.16809314e+03, 6.56603455e+02,
    1.16967822e+03, 6.16421692e+02, 1.17142188e+03, 5.75662537e+02,
    1.17341602e+03, 5.34406616e+02, 1.17526917e+03, 4.92561157e+02,
    1.20616858e+03, 7.04416931e+02, 1.20798901e+03, 6.63761780e+02,
    1.21007935e+03, 6.22686340e+02, 1.21204761e+03, 5.81097534e+02,
    1.21439917e+03, 5.38765808e+02, 1.21651562e+03, 4.96201904e+02,
    1.24769177e+03, 7.12771851e+02, 1.24991357e+03, 6.71193420e+02,
    1.25237048e+03, 6.29260376e+02, 1.25459595e+03, 5.86657349e+02,
    1.25728394e+03, 5.43543701e+02, 1.25971130e+03, 4.99704224e+02,
    1.29136414e+03, 7.21679077e+02, 1.29384875e+03, 6.79045288e+02,
    1.29660962e+03, 6.35854309e+02, 1.29946106e+03, 5.92497620e+02,
    1.30213513e+03, 5.48461060e+02, 1.30534717e+03, 5.03467102e+02,
    1.33703479e+03, 7.30670776e+02, 1.33993970e+03, 6.87306396e+02,
    1.34310706e+03, 6.43371704e+02, 1.34632458e+03, 5.98557739e+02,
    1.34955542e+03, 5.53452881e+02, 1.35299609e+03, 5.07551788e+02,
    1.38539050e+03, 7.40369995e+02, 1.38869751e+03, 6.95912476e+02,
    1.39226587e+03, 6.50689453e+02, 1.39582031e+03, 6.05168762e+02,
    1.39965112e+03, 5.58767517e+02, 1.40345947e+03, 5.11746368e+02,
    1.43549463e+03, 7.50402527e+02, 1.43939905e+03, 7.04828735e+02,
    1.44341223e+03, 6.58681824e+02, 1.44753625e+03, 6.12053711e+02,
    1.45170959e+03, 5.64460999e+02, 1.45599255e+03, 5.16295898e+02 ]
