%YAML:1.0
---
points: [ 4.87106209e+01, 1.67051361e+02, 6.06310577e+01, 1.68777710e+02,
    7.22102661e+01, 1.70286636e+02, 8.37130432e+01, 1.72127945e+02,
    9.48783112e+01, 1.73660599e+02, 1.05865860e+02, 1.75253967e+02,
    4.74557343e+01, 1.77845413e+02, 5.93009491e+01, 1.79211288e+02,
    7.11003647e+01, 1.80867462e+02, 8.24230118e+01, 1.82332169e+02,
    9.36913147e+01, 1.83949402e+02, 1.04708908e+02, 1.85348755e+02,
    4.60963974e+01, 1.88519806e+02, 5.79381828e+01, 1.89930725e+02,
    6.96505585e+01, 1.91431870e+02, 8.12427063e+01, 1.92731415e+02,
    9.25652618e+01, 1.94138184e+02, 1.03532051e+02, 1.95425705e+02,
    4.49341316e+01, 1.99638199e+02, 5.66527786e+01, 2.00353699e+02,
    6.85462570e+01, 2.01724991e+02, 7.99689255e+01, 2.03070175e+02,
    9.13242950e+01, 2.04358536e+02, 1.02397171e+02, 2.05613159e+02,
    4.38524055e+01, 2.09911530e+02, 5.51679764e+01, 2.11400589e+02,
    6.69165649e+01, 2.12408676e+02, 7.86442871e+01, 2.13506424e+02,
    9.00748825e+01, 2.14584717e+02, 1.01181213e+02, 2.15655853e+02,
    4.21978874e+01, 2.21227203e+02, 5.40572815e+01, 2.21834091e+02,
    6.58230133e+01, 2.22937531e+02, 7.73578949e+01, 2.23749023e+02,
    8.87895966e+01, 2.24894135e+02, 9.98948288e+01, 2.25817795e+02,
    4.09701729e+01, 2.31652237e+02, 5.27585564e+01, 2.32655289e+02,
    6.46063080e+01, 2.33553116e+02, 7.61850281e+01, 2.34467819e+02,
    8.75916214e+01, 2.35317902e+02, 9.87274170e+01, 2.35993591e+02,
    3.95562935e+01, 2.42616257e+02, 5.16237984e+01, 2.43330338e+02,
    6.33342552e+01, 2.44182526e+02, 7.49758987e+01, 2.44799469e+02,
    8.63879623e+01, 2.45568924e+02, 9.74006348e+01, 2.46212234e+02 ]
