%YAML:1.0
---
points: [ 7.96411804e+02, 5.97996887e+02, 8.27563232e+02, 5.73220398e+02,
    8.59260376e+02, 5.48135986e+02, 8.91266174e+02, 5.22676392e+02,
    9.23750671e+02, 4.96839142e+02, 9.56788208e+02, 4.70592316e+02,
    8.06034973e+02, 6.26822510e+02, 8.38194824e+02, 6.01599060e+02,
    8.70781067e+02, 5.75986511e+02, 9.03778564e+02, 5.50082214e+02,
    9.37430908e+02, 5.23717896e+02, 9.71529419e+02, 4.97048615e+02,
    8.16344116e+02, 6.57705627e+02, 8.49494324e+02, 6.31896545e+02,
    8.83257996e+02, 6.05737244e+02, 9.17277710e+02, 5.79261719e+02,
    9.51847229e+02, 5.52351807e+02, 9.87118225e+02, 5.25060608e+02,
    8.27322266e+02, 6.90043274e+02, 8.61455933e+02, 6.63790405e+02,
    8.96333496e+02, 6.37083313e+02, 9.31443848e+02, 6.10097778e+02,
    9.67305054e+02, 5.82650635e+02, 1.00363202e+03, 5.54704285e+02,
    8.38581665e+02, 7.24559631e+02, 8.74210327e+02, 6.97643738e+02,
    9.09885010e+02, 6.70502197e+02, 9.46515015e+02, 6.42794922e+02,
    9.83557129e+02, 6.14839966e+02, 1.02122156e+03, 5.86320129e+02,
    8.51002625e+02, 7.61347717e+02, 8.87529114e+02, 7.33861572e+02,
    9.24781799e+02, 7.05987549e+02, 9.62507751e+02, 6.77767212e+02,
    1.00094019e+03, 6.49131897e+02, 1.04001050e+03, 6.19967163e+02,
    8.63899780e+02, 8.00559570e+02, 9.02021667e+02, 7.72413147e+02,
    9.40509338e+02, 7.43732605e+02, 9.79678467e+02, 7.15190247e+02,
    1.01960809e+03, 6.85733032e+02, 1.06023279e+03, 6.55877380e+02,
    8.77973145e+02, 8.42483521e+02, 9.17388367e+02, 8.13718628e+02,
    9.57432739e+02, 7.84527100e+02, 9.98176514e+02, 7.54915466e+02,
    1.03960229e+03, 7.25094055e+02, 1.08169971e+03, 6.94519104e+02 ]
