%YAML:1.0
---
points: [ 3.36703857e+02, 2.66032837e+02, 3.37279968e+02, 2.52792862e+02,
    3.38028625e+02, 2.39440216e+02, 3.38518707e+02, 2.25788895e+02,
    3.39220184e+02, 2.12078430e+02, 3.39858490e+02, 1.98129578e+02,
    3.50199768e+02, 2.68633698e+02, 3.50857117e+02, 2.55063492e+02,
    3.51530518e+02, 2.41414917e+02, 3.52260529e+02, 2.27597168e+02,
    3.53088501e+02, 2.13543243e+02, 3.53789001e+02, 1.99282715e+02,
    3.64167450e+02, 2.71376495e+02, 3.64943268e+02, 2.57490112e+02,
    3.65666443e+02, 2.43517426e+02, 3.66530914e+02, 2.29405121e+02,
    3.67462036e+02, 2.15112152e+02, 3.68366974e+02, 2.00440552e+02,
    3.78677002e+02, 2.74185150e+02, 3.79571320e+02, 2.60031372e+02,
    3.80529938e+02, 2.45730942e+02, 3.81487823e+02, 2.31216995e+02,
    3.82527832e+02, 2.16565628e+02, 3.83553589e+02, 2.01640839e+02,
    3.93950287e+02, 2.77193542e+02, 3.94931824e+02, 2.62658722e+02,
    3.96110474e+02, 2.48067322e+02, 3.97274384e+02, 2.33258301e+02,
    3.98325378e+02, 2.18229996e+02, 3.99486359e+02, 2.03095520e+02,
    4.09709351e+02, 2.80248810e+02, 4.10995728e+02, 2.65400635e+02,
    4.12209320e+02, 2.50437622e+02, 4.13497681e+02, 2.35341705e+02,
    4.14810516e+02, 2.20055328e+02, 4.16195282e+02, 2.04500488e+02,
    4.26328674e+02, 2.83320618e+02, 4.27661133e+02, 2.68338776e+02,
    4.29156799e+02, 2.53100723e+02, 4.30637268e+02, 2.37615585e+02,
    4.31974121e+02, 2.21800552e+02, 4.33476074e+02, 2.05878357e+02,
    4.43271484e+02, 2.86502655e+02, 4.44948486e+02, 2.71167236e+02,
    4.46506348e+02, 2.55626465e+02, 4.48052368e+02, 2.39725677e+02,
    4.49721893e+02, 2.23830536e+02, 4.51303558e+02, 2.07391098e+02 ]
