%YAML:1.0
---
points: [ 3.57732208e+02, 1.77838608e+02, 3.66010223e+02, 1.86554962e+02,
    3.74612549e+02, 1.95635284e+02, 3.83726898e+02, 2.05106674e+02,
    3.93152435e+02, 2.15056046e+02, 4.03072449e+02, 2.25323593e+02,
    3.46435272e+02, 1.84456650e+02, 3.54604919e+02, 1.93271194e+02,
    3.62994080e+02, 2.02487381e+02, 3.71770721e+02, 2.12187469e+02,
    3.81013306e+02, 2.22378860e+02, 3.90642700e+02, 2.32865265e+02,
    3.35110687e+02, 1.91031540e+02, 3.42915924e+02, 2.00041641e+02,
    3.51231354e+02, 2.09519714e+02, 3.59719543e+02, 2.19354385e+02,
    3.68759979e+02, 2.29572449e+02, 3.78166260e+02, 2.40274948e+02,
    3.23682617e+02, 1.97684845e+02, 3.31286255e+02, 2.06846512e+02,
    3.39320770e+02, 2.16487213e+02, 3.47791626e+02, 2.26458969e+02,
    3.56457062e+02, 2.36952164e+02, 3.65641510e+02, 2.47813248e+02,
    3.12418121e+02, 2.04313766e+02, 3.19752014e+02, 2.13656143e+02,
    3.27483704e+02, 2.23418747e+02, 3.35605774e+02, 2.33627609e+02,
    3.44179230e+02, 2.44226730e+02, 3.53089294e+02, 2.55369720e+02,
    3.00900635e+02, 2.11070633e+02, 3.08160767e+02, 2.20549103e+02,
    3.15611328e+02, 2.30451904e+02, 3.23529724e+02, 2.40803757e+02,
    3.31737946e+02, 2.51647461e+02, 3.40393585e+02, 2.62975189e+02,
    2.89526428e+02, 2.17707779e+02, 2.96469269e+02, 2.27402740e+02,
    3.03775299e+02, 2.37463577e+02, 3.11363342e+02, 2.48033386e+02,
    3.19381470e+02, 2.59025696e+02, 3.27720886e+02, 2.70640198e+02,
    2.77945984e+02, 2.24505539e+02, 2.84767242e+02, 2.34339523e+02,
    2.91761047e+02, 2.44593933e+02, 2.99225250e+02, 2.55316956e+02,
    3.06849548e+02, 2.66520752e+02, 3.15041351e+02, 2.78351624e+02 ]
