%YAML:1.0
---
points: [ 6.75616089e+02, 5.15788513e+02, 7.19952637e+02, 4.90014221e+02,
    7.64078369e+02, 4.64380615e+02, 8.07631653e+02, 4.39056396e+02,
    8.51005554e+02, 4.13695984e+02, 8.93900635e+02, 3.88531219e+02,
    6.98599121e+02, 5.57709106e+02, 7.43387207e+02, 5.31591675e+02,
    7.87717957e+02, 5.05516357e+02, 8.31660156e+02, 4.79747833e+02,
    8.75508118e+02, 4.54138702e+02, 9.18933960e+02, 4.28619904e+02,
    7.22231018e+02, 6.01122009e+02, 7.67428528e+02, 5.74420349e+02,
    8.12208069e+02, 5.47932983e+02, 8.56532166e+02, 5.21705078e+02,
    9.00656799e+02, 4.95526428e+02, 9.44557617e+02, 4.69617706e+02,
    7.46259399e+02, 6.45232910e+02, 7.91702209e+02, 6.18192993e+02,
    8.37086365e+02, 5.91182129e+02, 8.81823914e+02, 5.64434875e+02,
    9.26384766e+02, 5.37827271e+02, 9.70581177e+02, 5.11499512e+02,
    7.70649536e+02, 6.90509644e+02, 8.16657349e+02, 6.62748047e+02,
    8.62381714e+02, 6.35351501e+02, 9.07676392e+02, 6.08208923e+02,
    9.52623108e+02, 5.81233276e+02, 9.97350159e+02, 5.54375916e+02,
    7.95703430e+02, 7.36837952e+02, 8.42221924e+02, 7.08659485e+02,
    8.88480042e+02, 6.80613342e+02, 9.34179077e+02, 6.52927429e+02,
    9.79565308e+02, 6.25533691e+02, 1.02470984e+03, 5.98349670e+02,
    8.21381836e+02, 7.84609436e+02, 8.68380798e+02, 7.55680298e+02,
    9.15044739e+02, 7.27192627e+02, 9.61297363e+02, 6.98903931e+02,
    1.00717615e+03, 6.70918640e+02, 1.05276672e+03, 6.43272461e+02,
    8.47719299e+02, 8.33697327e+02, 8.95280884e+02, 8.04230286e+02,
    9.42403015e+02, 7.75037354e+02, 9.89086121e+02, 7.46329041e+02,
    1.03559399e+03, 7.17731934e+02, 1.08166980e+03, 6.89572388e+02 ]
