%YAML:1.0
---
points: [ 1.19139331e+03, 4.29943542e+02, 1.21463000e+03, 4.55496490e+02,
    1.23884998e+03, 4.82306763e+02, 1.26420728e+03, 5.10132446e+02,
    1.29082056e+03, 5.39344482e+02, 1.31865979e+03, 5.69664795e+02,
    1.15829382e+03, 4.49113220e+02, 1.18090869e+03, 4.75291840e+02,
    1.20450073e+03, 5.02397430e+02, 1.22912463e+03, 5.30753174e+02,
    1.25487305e+03, 5.60468994e+02, 1.28198120e+03, 5.91592712e+02,
    1.12480408e+03, 4.68607605e+02, 1.14671228e+03, 4.95149353e+02,
    1.16964417e+03, 5.22837524e+02, 1.19356519e+03, 5.51672302e+02,
    1.21862585e+03, 5.81909668e+02, 1.24487451e+03, 6.13470459e+02,
    1.09155652e+03, 4.88144257e+02, 1.11280579e+03, 5.15112488e+02,
    1.13512463e+03, 5.43283997e+02, 1.15833484e+03, 5.72644958e+02,
    1.18259985e+03, 6.03388000e+02, 1.20804199e+03, 6.35579956e+02,
    1.05807141e+03, 5.07479889e+02, 1.07861438e+03, 5.35121399e+02,
    1.10024622e+03, 5.63674438e+02, 1.12260718e+03, 5.93653625e+02,
    1.14629297e+03, 6.25018677e+02, 1.17081885e+03, 6.57646118e+02,
    1.02443774e+03, 5.27297180e+02, 1.04440295e+03, 5.55126221e+02,
    1.06528503e+03, 5.84392029e+02, 1.08699609e+03, 6.14823181e+02,
    1.10974426e+03, 6.46720886e+02, 1.13373181e+03, 6.80114197e+02,
    9.90641052e+02, 5.47025513e+02, 1.00994995e+03, 5.75474304e+02,
    1.03021399e+03, 6.05125916e+02, 1.05123901e+03, 6.36191589e+02,
    1.07329480e+03, 6.68607605e+02, 1.09640320e+03, 7.02518860e+02,
    9.56613220e+02, 5.67097290e+02, 9.75371643e+02, 5.95906311e+02,
    9.94787415e+02, 6.26138367e+02, 1.01522992e+03, 6.57646851e+02,
    1.03647925e+03, 6.90700256e+02, 1.05875671e+03, 7.25348328e+02 ]
