%YAML:1.0
---
points: [ 5.64764977e+01, 9.34693832e+01, 6.83258972e+01, 9.32441635e+01,
    8.00855331e+01, 9.30287781e+01, 9.17069702e+01, 9.30025406e+01,
    1.03164948e+02, 9.29235840e+01, 1.14503258e+02, 9.28841858e+01,
    5.77460136e+01, 1.04905449e+02, 6.97766190e+01, 1.04788780e+02,
    8.12974396e+01, 1.04545166e+02, 9.28993454e+01, 1.04181442e+02,
    1.04309990e+02, 1.04062065e+02, 1.15534325e+02, 1.03929634e+02,
    5.91905518e+01, 1.16146515e+02, 7.10901947e+01, 1.15840927e+02,
    8.27170715e+01, 1.15613182e+02, 9.41788864e+01, 1.15364250e+02,
    1.05446716e+02, 1.14905327e+02, 1.16557968e+02, 1.14783012e+02,
    6.06871605e+01, 1.27376190e+02, 7.24611282e+01, 1.26726585e+02,
    8.40059280e+01, 1.26540192e+02, 9.53932037e+01, 1.25980652e+02,
    1.06582016e+02, 1.25763367e+02, 1.17640388e+02, 1.25565567e+02,
    6.21427383e+01, 1.38208786e+02, 7.38179474e+01, 1.37703964e+02,
    8.52707520e+01, 1.37080490e+02, 9.65932846e+01, 1.36757706e+02,
    1.07772179e+02, 1.36294601e+02, 1.18637390e+02, 1.35817047e+02,
    6.34929428e+01, 1.48853180e+02, 7.51560059e+01, 1.48326263e+02,
    8.65922852e+01, 1.47704300e+02, 9.78263321e+01, 1.47169083e+02,
    1.08818100e+02, 1.46714478e+02, 1.19712883e+02, 1.46065735e+02,
    6.51451569e+01, 1.59505341e+02, 7.65241547e+01, 1.58769775e+02,
    8.78889694e+01, 1.58110886e+02, 9.90240631e+01, 1.57583252e+02,
    1.09987000e+02, 1.56797668e+02, 1.20688164e+02, 1.56228424e+02,
    6.64354477e+01, 1.69916580e+02, 7.79541931e+01, 1.68942001e+02,
    8.92246170e+01, 1.68329620e+02, 1.00295464e+02, 1.67579956e+02,
    1.11049484e+02, 1.66788803e+02, 1.21696854e+02, 1.66114929e+02 ]
