%YAML:1.0
---
points: [ 2.23680145e+02, 7.22135544e+01, 2.39047913e+02, 7.25516586e+01,
    2.54530533e+02, 7.29820480e+01, 2.69851410e+02, 7.33883896e+01,
    2.85248505e+02, 7.34000702e+01, 3.00688660e+02, 7.37951965e+01,
    2.23944412e+02, 8.83221970e+01, 2.39172226e+02, 8.86682816e+01,
    2.54146362e+02, 8.91134644e+01, 2.69287140e+02, 8.93621750e+01,
    2.84320709e+02, 8.95318451e+01, 2.99393494e+02, 8.99234161e+01,
    2.24502350e+02, 1.03858223e+02, 2.39165100e+02, 1.04138084e+02,
    2.53880020e+02, 1.04400162e+02, 2.68686127e+02, 1.04797729e+02,
    2.83448486e+02, 1.05088066e+02, 2.98172852e+02, 1.05269188e+02,
    2.24720444e+02, 1.18802902e+02, 2.39326813e+02, 1.19093735e+02,
    2.53657700e+02, 1.19270752e+02, 2.68181763e+02, 1.19492455e+02,
    2.82580872e+02, 1.19956062e+02, 2.97059326e+02, 1.20172691e+02,
    2.25079208e+02, 1.33118393e+02, 2.39231995e+02, 1.33341873e+02,
    2.53448318e+02, 1.33574890e+02, 2.67590668e+02, 1.33841797e+02,
    2.81790161e+02, 1.34168213e+02, 2.95905426e+02, 1.34395737e+02,
    2.25452423e+02, 1.46656448e+02, 2.39396881e+02, 1.46991608e+02,
    2.53200958e+02, 1.47284332e+02, 2.67078247e+02, 1.47531479e+02,
    2.80917969e+02, 1.47790665e+02, 2.94856720e+02, 1.48043945e+02,
    2.25757645e+02, 1.59835205e+02, 2.39357864e+02, 1.60164322e+02,
    2.52950500e+02, 1.60370697e+02, 2.66607635e+02, 1.60675720e+02,
    2.80216309e+02, 1.60971085e+02, 2.93757172e+02, 1.61253052e+02,
    2.26000397e+02, 1.72482635e+02, 2.39450546e+02, 1.72760651e+02,
    2.52767014e+02, 1.73137054e+02, 2.66110352e+02, 1.73390152e+02,
    2.79407318e+02, 1.73555542e+02, 2.92833252e+02, 1.73727722e+02 ]
