%YAML:1.0
---
points: [ 7.87637146e+02, 1.17602898e+02, 8.33359192e+02, 1.18679459e+02,
    8.78794800e+02, 1.19753014e+02, 9.24111572e+02, 1.20688515e+02,
    9.69556641e+02, 1.21778381e+02, 1.01483179e+03, 1.22583961e+02,
    7.90441711e+02, 1.65545242e+02, 8.34770386e+02, 1.66565689e+02,
    8.79482056e+02, 1.67559692e+02, 9.23677002e+02, 1.68709503e+02,
    9.68293091e+02, 1.69596161e+02, 1.01252899e+03, 1.70405075e+02,
    7.92740662e+02, 2.11385956e+02, 8.36502686e+02, 2.12458176e+02,
    8.80050415e+02, 2.13358429e+02, 9.23452209e+02, 2.14374222e+02,
    9.66898315e+02, 2.15230011e+02, 1.01039496e+03, 2.16141602e+02,
    7.95398926e+02, 2.55324158e+02, 8.37962891e+02, 2.56193726e+02,
    8.80541748e+02, 2.57210999e+02, 9.23230835e+02, 2.58143677e+02,
    9.65664551e+02, 2.59125671e+02, 1.00822913e+03, 2.59876495e+02,
    7.97524109e+02, 2.97294586e+02, 8.39334229e+02, 2.98313507e+02,
    8.81130798e+02, 2.99188110e+02, 9.22829834e+02, 3.00047791e+02,
    9.64540161e+02, 3.00997986e+02, 1.00624323e+03, 3.01670135e+02,
    7.99700684e+02, 3.37643982e+02, 8.40678467e+02, 3.38632019e+02,
    8.81592285e+02, 3.39490784e+02, 9.22557129e+02, 3.40246979e+02,
    9.63463867e+02, 3.41086609e+02, 1.00422339e+03, 3.41806915e+02,
    8.01713440e+02, 3.76619965e+02, 8.42027527e+02, 3.77429688e+02,
    8.82157104e+02, 3.78332001e+02, 9.22290710e+02, 3.79149139e+02,
    9.62395447e+02, 3.80074158e+02, 1.00238464e+03, 3.80673920e+02,
    8.03596680e+02, 4.13647339e+02, 8.43221802e+02, 4.14578674e+02,
    8.82523010e+02, 4.15433960e+02, 9.21985352e+02, 4.16233490e+02,
    9.61208801e+02, 4.17051971e+02, 1.00055835e+03, 4.17702576e+02 ]
