%YAML:1.0
---
points: [ 6.13926315e+01, 1.34148836e+01, 7.44101105e+01, 1.16471291e+01,
    8.67026443e+01, 1.04406624e+01, 9.98760986e+01, 9.20112324e+00,
    1.12100838e+02, 7.96869659e+00, 1.25507759e+02, 7.12646341e+00,
    6.46607742e+01, 2.60812702e+01, 7.67350693e+01, 2.47130642e+01,
    8.97130890e+01, 2.35114212e+01, 1.01959717e+02, 2.24045277e+01,
    1.14902618e+02, 2.13741875e+01, 1.27212296e+02, 2.04319744e+01,
    6.72442169e+01, 3.86314278e+01, 7.98703232e+01, 3.73898888e+01,
    9.20115204e+01, 3.62255249e+01, 1.04709648e+02, 3.51637573e+01,
    1.17068863e+02, 3.42383347e+01, 1.29635803e+02, 3.33916550e+01,
    7.04392166e+01, 5.11301575e+01, 8.24270477e+01, 4.97680931e+01,
    9.50131607e+01, 4.88020287e+01, 1.07143600e+02, 4.77963982e+01,
    1.19686089e+02, 4.69335327e+01, 1.31765701e+02, 4.61812210e+01,
    7.32999725e+01, 6.31488266e+01, 8.55393372e+01, 6.21291122e+01,
    9.76202774e+01, 6.11092262e+01, 1.09944008e+02, 6.02055588e+01,
    1.21908730e+02, 5.93497887e+01, 1.34203903e+02, 5.85298843e+01,
    7.64997864e+01, 7.51329041e+01, 8.83306656e+01, 7.40580673e+01,
    1.00561707e+02, 7.30635223e+01, 1.12414719e+02, 7.21348190e+01,
    1.24466713e+02, 7.13360062e+01, 1.36304794e+02, 7.05190201e+01,
    7.95225449e+01, 8.66939926e+01, 9.13531723e+01, 8.57386627e+01,
    1.03250710e+02, 8.48292542e+01, 1.15075912e+02, 8.38479004e+01,
    1.26850555e+02, 8.29673767e+01, 1.38526550e+02, 8.21844177e+01,
    8.25826187e+01, 9.80134125e+01, 9.43118591e+01, 9.69774704e+01,
    1.06005707e+02, 9.60466995e+01, 1.17609680e+02, 9.52027054e+01,
    1.29194412e+02, 9.43374252e+01, 1.40731964e+02, 9.34542236e+01 ]
