%YAML:1.0
---
points: [ 9.98289001e+02, 3.96121277e+02, 1.04277612e+03, 3.96998596e+02,
    1.08944800e+03, 3.97807556e+02, 1.13815027e+03, 3.98691376e+02,
    1.18919775e+03, 3.99529175e+02, 1.24293286e+03, 4.00497070e+02,
    9.94535095e+02, 4.44398132e+02, 1.03906873e+03, 4.46019806e+02,
    1.08540967e+03, 4.48208496e+02, 1.13387207e+03, 4.50067291e+02,
    1.18486511e+03, 4.52295471e+02, 1.23836743e+03, 4.54427521e+02,
    9.91374146e+02, 4.92453613e+02, 1.03538770e+03, 4.95489746e+02,
    1.08151331e+03, 4.98504395e+02, 1.12971875e+03, 5.01738892e+02,
    1.18057727e+03, 5.05040924e+02, 1.23368616e+03, 5.08457275e+02,
    9.87717896e+02, 5.40235718e+02, 1.03186584e+03, 5.44339783e+02,
    1.07784924e+03, 5.48482178e+02, 1.12623108e+03, 5.52635132e+02,
    1.17637512e+03, 5.57101624e+02, 1.22940393e+03, 5.61889954e+02,
    9.84485718e+02, 5.87819397e+02, 1.02828662e+03, 5.92871216e+02,
    1.07416980e+03, 5.98084229e+02, 1.12216138e+03, 6.03545166e+02,
    1.17243555e+03, 6.09334656e+02, 1.22533020e+03, 6.15425842e+02,
    9.81100159e+02, 6.35427490e+02, 1.02467102e+03, 6.41406555e+02,
    1.07045471e+03, 6.47767944e+02, 1.11828735e+03, 6.54434204e+02,
    1.16856592e+03, 6.61262695e+02, 1.22125989e+03, 6.68615845e+02,
    9.77698975e+02, 6.82857361e+02, 1.02143036e+03, 6.89935425e+02,
    1.06691162e+03, 6.97240417e+02, 1.11467163e+03, 7.04828064e+02,
    1.16462183e+03, 7.13098938e+02, 1.21728772e+03, 7.21718323e+02,
    9.74420471e+02, 7.30356079e+02, 1.01801208e+03, 7.38476440e+02,
    1.06354199e+03, 7.46705444e+02, 1.11114648e+03, 7.55583801e+02,
    1.16087805e+03, 7.65102600e+02, 1.21334753e+03, 7.74845032e+02 ]
