%YAML:1.0
---
points: [ 9.43858582e+02, 3.29818726e+02, 9.85989380e+02, 3.18133820e+02,
    1.03020422e+03, 3.05947662e+02, 1.07582214e+03, 2.93109589e+02,
    1.12347974e+03, 2.79698395e+02, 1.17335095e+03, 2.65529053e+02,
    9.52548523e+02, 3.75688324e+02, 9.95196960e+02, 3.64917908e+02,
    1.03903186e+03, 3.53570251e+02, 1.08491760e+03, 3.41522919e+02,
    1.13277686e+03, 3.29370087e+02, 1.18250317e+03, 3.16411530e+02,
    9.61458069e+02, 4.21847717e+02, 1.00380280e+03, 4.11683624e+02,
    1.04825623e+03, 4.01459503e+02, 1.09398401e+03, 3.90633240e+02,
    1.14197095e+03, 3.79272919e+02, 1.19160706e+03, 3.67416840e+02,
    9.70188843e+02, 4.67384644e+02, 1.01269531e+03, 4.58328400e+02,
    1.05722668e+03, 4.48657074e+02, 1.10329004e+03, 4.38836578e+02,
    1.15102112e+03, 4.28567719e+02, 1.20131140e+03, 4.17657013e+02,
    9.78907227e+02, 5.12907104e+02, 1.02168726e+03, 5.04501343e+02,
    1.06614319e+03, 4.96179260e+02, 1.11228369e+03, 4.87004028e+02,
    1.16044226e+03, 4.77620148e+02, 1.21071155e+03, 4.67852081e+02,
    9.87623657e+02, 5.58396606e+02, 1.03049390e+03, 5.50727356e+02,
    1.07515674e+03, 5.43262329e+02, 1.12150989e+03, 5.35034851e+02,
    1.16977197e+03, 5.26712952e+02, 1.22018359e+03, 5.18140808e+02,
    9.96452637e+02, 6.03627563e+02, 1.03945557e+03, 5.97198181e+02,
    1.08430396e+03, 5.90292053e+02, 1.13076184e+03, 5.82957703e+02,
    1.17926404e+03, 5.75690002e+02, 1.22957971e+03, 5.68132935e+02,
    1.00541602e+03, 6.49216858e+02, 1.04851440e+03, 6.43430481e+02,
    1.09337769e+03, 6.37428284e+02, 1.13991699e+03, 6.30951050e+02,
    1.18865051e+03, 6.24635986e+02, 1.23937878e+03, 6.18175537e+02 ]
