%YAML:1.0
---
points: [ 3.61300568e+02, 1.20492165e+02, 3.69435425e+02, 1.16061493e+02,
    3.77322083e+02, 1.11804077e+02, 3.84923035e+02, 1.07651611e+02,
    3.92176025e+02, 1.03753395e+02, 3.99152313e+02, 9.99282379e+01,
    3.68754883e+02, 1.32239136e+02, 3.76792999e+02, 1.27586403e+02,
    3.84524261e+02, 1.23093140e+02, 3.91988983e+02, 1.18772682e+02,
    3.99135895e+02, 1.14635620e+02, 4.05863129e+02, 1.10762924e+02,
    3.76184265e+02, 1.43943405e+02, 3.84099701e+02, 1.39050781e+02,
    3.91767700e+02, 1.34327774e+02, 3.99092438e+02, 1.29823227e+02,
    4.06125977e+02, 1.25523750e+02, 4.12733582e+02, 1.21295715e+02,
    3.83739105e+02, 1.55774445e+02, 3.91529144e+02, 1.50589966e+02,
    3.98893463e+02, 1.45676849e+02, 4.06174622e+02, 1.40965103e+02,
    4.13022736e+02, 1.36360611e+02, 4.19619537e+02, 1.32118118e+02,
    3.91133728e+02, 1.67395279e+02, 3.98801727e+02, 1.62126816e+02,
    4.06131348e+02, 1.57068665e+02, 4.13139465e+02, 1.52120087e+02,
    4.20055481e+02, 1.47325760e+02, 4.26458923e+02, 1.42838226e+02,
    3.98758636e+02, 1.79196640e+02, 4.06222473e+02, 1.73770981e+02,
    4.13337006e+02, 1.68344025e+02, 4.20303101e+02, 1.63210556e+02,
    4.26920013e+02, 1.58258331e+02, 4.33243134e+02, 1.53585281e+02,
    4.06182861e+02, 1.91067200e+02, 4.13530823e+02, 1.85331848e+02,
    4.20671844e+02, 1.79869812e+02, 4.27401489e+02, 1.74455963e+02,
    4.33915070e+02, 1.69340576e+02, 4.40111115e+02, 1.64393463e+02,
    4.13676666e+02, 2.02917435e+02, 4.20889160e+02, 1.96938599e+02,
    4.27763824e+02, 1.91175369e+02, 4.34532928e+02, 1.85623459e+02,
    4.40688507e+02, 1.80276932e+02, 4.46865845e+02, 1.75183929e+02 ]
