%YAML:1.0
---
points: [ 1.19893091e+03, 2.61764038e+02, 1.22396692e+03, 2.48315811e+02,
    1.24823767e+03, 2.35297791e+02, 1.27153577e+03, 2.22600388e+02,
    1.29405896e+03, 2.10523361e+02, 1.31572241e+03, 1.98787399e+02,
    1.22091553e+03, 2.96221710e+02, 1.24567126e+03, 2.82118408e+02,
    1.26943848e+03, 2.68461517e+02, 1.29257886e+03, 2.55312103e+02,
    1.31467786e+03, 2.42621719e+02, 1.33622375e+03, 2.30315552e+02,
    1.24302515e+03, 3.30531891e+02, 1.26727832e+03, 3.15774078e+02,
    1.29082373e+03, 3.01575562e+02, 1.31354688e+03, 2.87906372e+02,
    1.33546704e+03, 2.74598969e+02, 1.35647485e+03, 2.61879639e+02,
    1.26512158e+03, 3.65070984e+02, 1.28905737e+03, 3.49646210e+02,
    1.31222205e+03, 3.34802856e+02, 1.33460571e+03, 3.20576263e+02,
    1.35611926e+03, 3.06764313e+02, 1.37699316e+03, 2.93415192e+02,
    1.28737708e+03, 3.99536499e+02, 1.31079810e+03, 3.83563538e+02,
    1.33363696e+03, 3.68257782e+02, 1.35557837e+03, 3.53396057e+02,
    1.37688086e+03, 3.38918335e+02, 1.39733240e+03, 3.25142151e+02,
    1.30958887e+03, 4.33864655e+02, 1.33278296e+03, 4.17387177e+02,
    1.35522498e+03, 4.01417725e+02, 1.37680701e+03, 3.86001282e+02,
    1.39759973e+03, 3.71108307e+02, 1.41770398e+03, 3.56689484e+02,
    1.33187415e+03, 4.68665771e+02, 1.35466760e+03, 4.51599731e+02,
    1.37681299e+03, 4.34931427e+02, 1.39809607e+03, 4.19035187e+02,
    1.41858215e+03, 4.03491302e+02, 1.43837708e+03, 3.88537231e+02,
    1.35430701e+03, 5.03449005e+02, 1.37673523e+03, 4.85480103e+02,
    1.39839099e+03, 4.68365814e+02, 1.41929639e+03, 4.51669006e+02,
    1.43941919e+03, 4.35665375e+02, 1.45873535e+03, 4.20225861e+02 ]
