%YAML:1.0
---
points: [ 5.25434685e+00, 3.42128601e+01, 1.68903103e+01, 2.87746964e+01,
    2.67640209e+01, 2.35593491e+01, 3.78085136e+01, 1.79576988e+01,
    4.80223694e+01, 1.32401924e+01, 5.93353920e+01, 7.53956270e+00,
    1.24017239e+01, 4.50669861e+01, 2.20846081e+01, 3.98450317e+01,
    3.29530334e+01, 3.44884071e+01, 4.31561012e+01, 2.95516701e+01,
    5.43006210e+01, 2.41106529e+01, 6.46166077e+01, 1.94125366e+01,
    1.78762550e+01, 5.58811073e+01, 2.85371113e+01, 5.06527328e+01,
    3.84828568e+01, 4.56354561e+01, 4.94966393e+01, 4.04770699e+01,
    5.98509750e+01, 3.57406960e+01, 7.09678116e+01, 3.06352062e+01,
    2.43700485e+01, 6.64731064e+01, 3.43124008e+01, 6.15541458e+01,
    4.49963036e+01, 5.65933571e+01, 5.53042564e+01, 5.17252045e+01,
    6.61523209e+01, 4.68927536e+01, 7.66886978e+01, 4.22050896e+01,
    3.03970776e+01, 7.70861206e+01, 4.07963638e+01, 7.22767410e+01,
    5.10151329e+01, 6.75595322e+01, 6.16213646e+01, 6.27875710e+01,
    7.20330505e+01, 5.82379532e+01, 8.29103622e+01, 5.35248909e+01,
    3.68558197e+01, 8.76710358e+01, 4.69378471e+01, 8.29769363e+01,
    5.73746147e+01, 7.83238068e+01, 6.76884995e+01, 7.38086929e+01,
    7.82907486e+01, 6.92175140e+01, 8.87341614e+01, 6.47521744e+01,
    4.31266327e+01, 9.80141830e+01, 5.34107742e+01, 9.35697479e+01,
    6.35991898e+01, 8.90569305e+01, 7.39988022e+01, 8.45848541e+01,
    8.43408813e+01, 8.00840683e+01, 9.47833405e+01, 7.56992493e+01,
    4.95246773e+01, 1.08221191e+02, 5.95882874e+01, 1.03794472e+02,
    6.97821655e+01, 9.94157791e+01, 8.00719452e+01, 9.50899658e+01,
    9.03457413e+01, 9.07662354e+01, 1.00655739e+02, 8.64706268e+01 ]
