%YAML:1.0
---
points: [ 1.25622949e+03, 4.32224792e+02, 1.29422266e+03, 4.37142365e+02,
    1.33182141e+03, 4.41765167e+02, 1.36890259e+03, 4.46566864e+02,
    1.40553540e+03, 4.51294495e+02, 1.44164404e+03, 4.55801025e+02,
    1.24643738e+03, 4.71625580e+02, 1.28387500e+03, 4.76304688e+02,
    1.32118579e+03, 4.80865723e+02, 1.35788013e+03, 4.85403107e+02,
    1.39428955e+03, 4.89728394e+02, 1.43010828e+03, 4.93965790e+02,
    1.23683069e+03, 5.10317261e+02, 1.27406506e+03, 5.14511658e+02,
    1.31087732e+03, 5.18728088e+02, 1.34735571e+03, 5.23196777e+02,
    1.38333948e+03, 5.27355774e+02, 1.41877063e+03, 5.31321838e+02,
    1.22739746e+03, 5.48152588e+02, 1.26420532e+03, 5.51872070e+02,
    1.30079309e+03, 5.55943176e+02, 1.33684741e+03, 5.59981995e+02,
    1.37253552e+03, 5.63989868e+02, 1.40771594e+03, 5.67709167e+02,
    1.21806689e+03, 5.84760376e+02, 1.25473889e+03, 5.88572449e+02,
    1.29081641e+03, 5.92434265e+02, 1.32659302e+03, 5.96250183e+02,
    1.36210474e+03, 5.99756226e+02, 1.39709204e+03, 6.03435791e+02,
    1.20946948e+03, 6.20889099e+02, 1.24542627e+03, 6.24468445e+02,
    1.28143054e+03, 6.28144287e+02, 1.31672888e+03, 6.31504211e+02,
    1.35189136e+03, 6.34920410e+02, 1.38639209e+03, 6.38419983e+02,
    1.20056934e+03, 6.56405701e+02, 1.23639575e+03, 6.59811096e+02,
    1.27176990e+03, 6.63116577e+02, 1.30720703e+03, 6.66440125e+02,
    1.34174817e+03, 6.69737976e+02, 1.37638049e+03, 6.72743164e+02,
    1.19196655e+03, 6.91140747e+02, 1.22760144e+03, 6.94180176e+02,
    1.26279163e+03, 6.97210266e+02, 1.29745837e+03, 7.00351990e+02,
    1.33217590e+03, 7.03334473e+02, 1.36586987e+03, 7.06353088e+02 ]
