%YAML:1.0
---
points: [ 5.43063011e+01, 4.13097000e+01, 6.41854172e+01, 4.85152473e+01,
    7.38867264e+01, 5.50942383e+01, 8.35271378e+01, 6.20721359e+01,
    9.29636612e+01, 6.85787201e+01, 1.02279793e+02, 7.52933502e+01,
    4.83444176e+01, 5.07982864e+01, 5.82452202e+01, 5.72757416e+01,
    6.81698456e+01, 6.42774582e+01, 7.78827057e+01, 7.07750854e+01,
    8.74553375e+01, 7.74135513e+01, 9.69279480e+01, 8.38253403e+01,
    4.23622856e+01, 5.98062515e+01, 5.24454231e+01, 6.66896973e+01,
    6.24114990e+01, 7.31610031e+01, 7.22884827e+01, 7.97659988e+01,
    8.20911560e+01, 8.62444611e+01, 9.15260391e+01, 9.26420746e+01,
    3.63971901e+01, 6.93688965e+01, 4.66233482e+01, 7.57132416e+01,
    5.67141075e+01, 8.23896790e+01, 6.67041855e+01, 8.87991638e+01,
    7.65492783e+01, 9.51849518e+01, 8.62356720e+01, 1.01315147e+02,
    3.04410934e+01, 7.86407700e+01, 4.07316780e+01, 8.52077332e+01,
    5.09848480e+01, 9.15283966e+01, 6.11415825e+01, 9.78789062e+01,
    7.11680222e+01, 1.04107231e+02, 8.07305450e+01, 1.10215263e+02,
    2.44370861e+01, 8.82704544e+01, 3.49760590e+01, 9.44920273e+01,
    4.52407303e+01, 1.00825722e+02, 5.55013008e+01, 1.07048080e+02,
    6.54962234e+01, 1.13165962e+02, 7.54109116e+01, 1.19105904e+02,
    1.85915623e+01, 9.77993469e+01, 2.90774460e+01, 1.04024292e+02,
    3.95370216e+01, 1.10203430e+02, 4.98212967e+01, 1.16265472e+02,
    5.99954185e+01, 1.22216087e+02, 6.99762726e+01, 1.28067627e+02,
    1.27528553e+01, 1.07414429e+02, 2.33841190e+01, 1.13476974e+02,
    3.38048630e+01, 1.19499527e+02, 4.42712021e+01, 1.25409431e+02,
    5.44197578e+01, 1.31330826e+02, 6.44615097e+01, 1.37061249e+02 ]
