%YAML:1.0
---
points: [ 3.80966400e+02, 1.78393875e+02, 3.93652222e+02, 1.80079086e+02,
    4.06205078e+02, 1.81832855e+02, 4.18574707e+02, 1.83453690e+02,
    4.30580658e+02, 1.85151688e+02, 4.42336609e+02, 1.86715775e+02,
    3.77324524e+02, 1.91801910e+02, 3.89946411e+02, 1.93452881e+02,
    4.02393402e+02, 1.94969757e+02, 4.14591980e+02, 1.96586197e+02,
    4.26640717e+02, 1.98169342e+02, 4.38283051e+02, 1.99774597e+02,
    3.73830750e+02, 2.04944366e+02, 3.86303162e+02, 2.06389832e+02,
    3.98715210e+02, 2.07915070e+02, 4.10851257e+02, 2.09405548e+02,
    4.22685638e+02, 2.10887527e+02, 4.34383820e+02, 2.12151382e+02,
    3.70411194e+02, 2.17839081e+02, 3.82765411e+02, 2.19278625e+02,
    3.94993866e+02, 2.20554047e+02, 4.06983551e+02, 2.22124603e+02,
    4.18914551e+02, 2.23252472e+02, 4.30572571e+02, 2.24687729e+02,
    3.67009308e+02, 2.30366074e+02, 3.79286621e+02, 2.31717255e+02,
    3.91467651e+02, 2.32963806e+02, 4.03428040e+02, 2.34316483e+02,
    4.15202454e+02, 2.35499557e+02, 4.26745605e+02, 2.36716782e+02,
    3.63770844e+02, 2.42629272e+02, 3.75926483e+02, 2.43930725e+02,
    3.87996307e+02, 2.45161606e+02, 3.99826050e+02, 2.46286850e+02,
    4.11515961e+02, 2.47611084e+02, 4.22921783e+02, 2.48682510e+02,
    3.60524109e+02, 2.54699432e+02, 3.72579041e+02, 2.55829147e+02,
    3.84523834e+02, 2.57096710e+02, 3.96311279e+02, 2.58209412e+02,
    4.07834045e+02, 2.59277588e+02, 4.19232819e+02, 2.60269043e+02,
    3.57443909e+02, 2.66532684e+02, 3.69406555e+02, 2.67601135e+02,
    3.81223694e+02, 2.68598877e+02, 3.92879791e+02, 2.69695099e+02,
    4.04395691e+02, 2.70675262e+02, 4.15578827e+02, 2.71749847e+02 ]
