%YAML:1.0
---
points: [ 9.08751404e+02, 1.97393326e+02, 9.37461609e+02, 1.66292847e+02,
    9.68078552e+02, 1.33175827e+02, 1.00038123e+03, 9.81652756e+01,
    1.03485583e+03, 6.08958206e+01, 1.07146484e+03, 2.13905487e+01,
    9.35019043e+02, 2.35392136e+02, 9.64570190e+02, 2.05252777e+02,
    9.95845398e+02, 1.73331894e+02, 1.02913782e+03, 1.39477768e+02,
    1.06449927e+03, 1.03538345e+02, 1.10216174e+03, 6.51897430e+01,
    9.61593262e+02, 2.73364838e+02, 9.91748779e+02, 2.44489258e+02,
    1.02390649e+03, 2.13639755e+02, 1.05791321e+03, 1.81188797e+02,
    1.09429321e+03, 1.46362366e+02, 1.13280554e+03, 1.09503487e+02,
    9.87925964e+02, 3.11198364e+02, 1.01891919e+03, 2.83335022e+02,
    1.05185986e+03, 2.53667633e+02, 1.08684985e+03, 2.22218643e+02,
    1.12389355e+03, 1.89012497e+02, 1.16351501e+03, 1.53165283e+02,
    1.01434229e+03, 3.48701935e+02, 1.04605603e+03, 3.22087494e+02,
    1.07969202e+03, 2.93617523e+02, 1.11554468e+03, 2.63506989e+02,
    1.15367456e+03, 2.31320602e+02, 1.19423145e+03, 1.97017868e+02,
    1.04079077e+03, 3.86396698e+02, 1.07318311e+03, 3.60661316e+02,
    1.10770300e+03, 3.33522736e+02, 1.14444299e+03, 3.04552094e+02,
    1.18349377e+03, 2.73628510e+02, 1.22491357e+03, 2.40756439e+02,
    1.06724146e+03, 4.23892639e+02, 1.10052063e+03, 3.99309357e+02,
    1.13572412e+03, 3.73178986e+02, 1.17325842e+03, 3.45458679e+02,
    1.21330188e+03, 3.15811157e+02, 1.25577039e+03, 2.84477020e+02,
    1.09375085e+03, 4.61512543e+02, 1.12782825e+03, 4.37862518e+02,
    1.16380029e+03, 4.12952393e+02, 1.20239160e+03, 3.86364563e+02,
    1.24322021e+03, 3.58231049e+02, 1.28685156e+03, 3.28071869e+02 ]
