%YAML:1.0
---
points: [ 9.24469727e+02, 1.31487183e+02, 9.66457397e+02, 1.13153275e+02,
    1.00969153e+03, 9.41995773e+01, 1.05421875e+03, 7.45275650e+01,
    1.10013696e+03, 5.44318352e+01, 1.14740222e+03, 3.36453972e+01,
    9.39168640e+02, 1.76896591e+02, 9.81282288e+02, 1.59292480e+02,
    1.02432190e+03, 1.41198547e+02, 1.06874438e+03, 1.22347885e+02,
    1.11459949e+03, 1.02902977e+02, 1.16176758e+03, 8.30680542e+01,
    9.54129089e+02, 2.22100815e+02, 9.95817322e+02, 2.05240952e+02,
    1.03909412e+03, 1.87760345e+02, 1.08325745e+03, 1.69660309e+02,
    1.12914368e+03, 1.51193436e+02, 1.17599963e+03, 1.32104874e+02,
    9.68581726e+02, 2.66368866e+02, 1.01030255e+03, 2.50222076e+02,
    1.05334741e+03, 2.33380951e+02, 1.09756116e+03, 2.16233307e+02,
    1.14318958e+03, 1.98460281e+02, 1.19017651e+03, 1.80068375e+02,
    9.82796997e+02, 3.09991974e+02, 1.02443542e+03, 2.94507019e+02,
    1.06746924e+03, 2.78505646e+02, 1.11156787e+03, 2.62149841e+02,
    1.15717603e+03, 2.45052872e+02, 1.20389648e+03, 2.27482681e+02,
    9.96942871e+02, 3.52926697e+02, 1.03865503e+03, 3.38295166e+02,
    1.08131030e+03, 3.23045471e+02, 1.12554309e+03, 3.07348022e+02,
    1.17081458e+03, 2.90987091e+02, 1.21776709e+03, 2.74277496e+02,
    1.01093866e+03, 3.95506958e+02, 1.05253943e+03, 3.81249939e+02,
    1.09525012e+03, 3.66642090e+02, 1.13922498e+03, 3.51726105e+02,
    1.18458997e+03, 3.36220245e+02, 1.23146704e+03, 3.20240662e+02,
    1.02471436e+03, 4.37430023e+02, 1.06646814e+03, 4.23844147e+02,
    1.10887476e+03, 4.10108276e+02, 1.15287500e+03, 3.95702026e+02,
    1.19798730e+03, 3.81023621e+02, 1.24479138e+03, 3.65680145e+02 ]
