%YAML:1.0
---
points: [ 6.76219635e+01, 1.51496750e+02, 7.79195786e+01, 1.50925858e+02,
    8.81482925e+01, 1.50216553e+02, 9.83740005e+01, 1.49800995e+02,
    1.08712708e+02, 1.48895493e+02, 1.18803802e+02, 1.48705750e+02,
    6.57682419e+01, 1.58726913e+02, 7.62259064e+01, 1.57755066e+02,
    8.66950836e+01, 1.57304703e+02, 9.70786514e+01, 1.56677032e+02,
    1.07568077e+02, 1.55864624e+02, 1.17839363e+02, 1.55551819e+02,
    6.38902969e+01, 1.65726501e+02, 7.45095520e+01, 1.65082825e+02,
    8.51100464e+01, 1.64513107e+02, 9.57378311e+01, 1.63741592e+02,
    1.06282249e+02, 1.63166855e+02, 1.16836266e+02, 1.62655853e+02,
    6.20274353e+01, 1.73303055e+02, 7.27312698e+01, 1.72629578e+02,
    8.35862045e+01, 1.71825317e+02, 9.43150024e+01, 1.71242264e+02,
    1.05161377e+02, 1.70683365e+02, 1.15857430e+02, 1.69852356e+02,
    6.00788841e+01, 1.80880417e+02, 7.08938141e+01, 1.80451279e+02,
    8.18904266e+01, 1.79636841e+02, 9.29594574e+01, 1.78897354e+02,
    1.03914917e+02, 1.78182266e+02, 1.14786583e+02, 1.77642349e+02,
    5.79090271e+01, 1.89149033e+02, 6.91166000e+01, 1.88324249e+02,
    8.01879883e+01, 1.87642944e+02, 9.14108200e+01, 1.86808762e+02,
    1.02519302e+02, 1.86123245e+02, 1.13686836e+02, 1.85529984e+02,
    5.58172035e+01, 1.97552124e+02, 6.71452179e+01, 1.96706207e+02,
    7.84936447e+01, 1.95934738e+02, 8.99939346e+01, 1.95143204e+02,
    1.01233871e+02, 1.94466187e+02, 1.12591438e+02, 1.93711975e+02,
    5.35992966e+01, 2.06269028e+02, 6.51539307e+01, 2.05315277e+02,
    7.67341537e+01, 2.04553421e+02, 8.82655334e+01, 2.03659470e+02,
    9.99360046e+01, 2.02835938e+02, 1.11323708e+02, 2.02050842e+02 ]
