%YAML:1.0
---
points: [ 3.98883789e+02, 2.09075760e+02, 4.09317352e+02, 2.17670380e+02,
    4.19995239e+02, 2.26447708e+02, 4.30964325e+02, 2.35469528e+02,
    4.41969574e+02, 2.44672760e+02, 4.53264130e+02, 2.54053955e+02,
    3.91475555e+02, 2.17636444e+02, 4.01602234e+02, 2.26090607e+02,
    4.12007874e+02, 2.34793381e+02, 4.22520477e+02, 2.43721298e+02,
    4.33371002e+02, 2.52854538e+02, 4.44165924e+02, 2.62206757e+02,
    3.84405090e+02, 2.25769226e+02, 3.94224487e+02, 2.34142349e+02,
    4.04310242e+02, 2.42811737e+02, 4.14566803e+02, 2.51519196e+02,
    4.25039917e+02, 2.60597626e+02, 4.35606018e+02, 2.69822540e+02,
    3.77588898e+02, 2.33618271e+02, 3.87217804e+02, 2.41925079e+02,
    3.96963165e+02, 2.50341644e+02, 4.06948639e+02, 2.59148315e+02,
    4.17104065e+02, 2.68055115e+02, 4.27319855e+02, 2.77101532e+02,
    3.71235809e+02, 2.41046631e+02, 3.80485443e+02, 2.49230728e+02,
    3.89957672e+02, 2.57668274e+02, 3.99668427e+02, 2.66308197e+02,
    4.09519226e+02, 2.75131042e+02, 4.19536835e+02, 2.84064545e+02,
    3.64997955e+02, 2.48211853e+02, 3.74023865e+02, 2.56287811e+02,
    3.83263489e+02, 2.64660889e+02, 3.92644623e+02, 2.73145447e+02,
    4.02274231e+02, 2.81784241e+02, 4.11925232e+02, 2.90672333e+02,
    3.59106293e+02, 2.55050049e+02, 3.67827301e+02, 2.63118958e+02,
    3.76854431e+02, 2.71360565e+02, 3.85881622e+02, 2.79725464e+02,
    3.95246704e+02, 2.88338745e+02, 4.04727997e+02, 2.97102142e+02,
    3.53405487e+02, 2.61599304e+02, 3.61936005e+02, 2.69577515e+02,
    3.70676697e+02, 2.77690826e+02, 3.79590820e+02, 2.86032379e+02,
    3.88637329e+02, 2.94479706e+02, 3.97805695e+02, 3.03084503e+02 ]
