%YAML:1.0
---
points: [ 1.31513220e+03, 5.21447632e+02, 1.34546472e+03, 5.46662659e+02,
    1.37665686e+03, 5.72703308e+02, 1.40856104e+03, 5.99415894e+02,
    1.44150989e+03, 6.26711975e+02, 1.47524402e+03, 6.54880310e+02,
    1.29436462e+03, 5.46671143e+02, 1.32382190e+03, 5.71640564e+02,
    1.35393628e+03, 5.97362549e+02, 1.38487476e+03, 6.23665100e+02,
    1.41667615e+03, 6.50790588e+02, 1.44948328e+03, 6.78603516e+02,
    1.27473792e+03, 5.70577209e+02, 1.30330347e+03, 5.95272400e+02,
    1.33242444e+03, 6.20680542e+02, 1.36232080e+03, 6.46834778e+02,
    1.39317371e+03, 6.73558899e+02, 1.42464380e+03, 7.01064331e+02,
    1.25599634e+03, 5.93596008e+02, 1.28353845e+03, 6.17890320e+02,
    1.31179980e+03, 6.43182251e+02, 1.34083459e+03, 6.68709961e+02,
    1.37076355e+03, 6.95316833e+02, 1.40129297e+03, 7.22324158e+02,
    1.23812878e+03, 6.15434631e+02, 1.26477417e+03, 6.39579163e+02,
    1.29241040e+03, 6.64364258e+02, 1.32044678e+03, 6.89865967e+02,
    1.34944482e+03, 7.15975647e+02, 1.37887073e+03, 7.42694458e+02,
    1.22091650e+03, 6.36408691e+02, 1.24690454e+03, 6.60351440e+02,
    1.27358740e+03, 6.84864990e+02, 1.30096924e+03, 7.09842773e+02,
    1.32892175e+03, 7.35781189e+02, 1.35769958e+03, 7.62312622e+02,
    1.20455847e+03, 6.56487915e+02, 1.22975427e+03, 6.80193787e+02,
    1.25569080e+03, 7.04448914e+02, 1.28214160e+03, 7.29389893e+02,
    1.30945483e+03, 7.54819519e+02, 1.33712415e+03, 7.80921692e+02,
    1.18883618e+03, 6.75674561e+02, 1.21346814e+03, 6.99111389e+02,
    1.23868689e+03, 7.23156128e+02, 1.26439978e+03, 7.47668579e+02,
    1.29065674e+03, 7.72874451e+02, 1.31789111e+03, 7.98673340e+02 ]
