%YAML:1.0
---
points: [ 4.35025146e+02, 2.52209335e+02, 4.39402527e+02, 2.65686035e+02,
    4.43745239e+02, 2.79159760e+02, 4.48225983e+02, 2.93186615e+02,
    4.52501892e+02, 3.07273865e+02, 4.57170563e+02, 3.21973328e+02,
    4.21187286e+02, 2.54818146e+02, 4.25310394e+02, 2.67998627e+02,
    4.29594513e+02, 2.81688873e+02, 4.33876892e+02, 2.95580475e+02,
    4.38232086e+02, 3.09963898e+02, 4.42520325e+02, 3.24413727e+02,
    4.07313324e+02, 2.57092010e+02, 4.11350952e+02, 2.70407074e+02,
    4.15367035e+02, 2.84066406e+02, 4.19601807e+02, 2.98039398e+02,
    4.23685974e+02, 3.12302155e+02, 4.27899567e+02, 3.26988892e+02,
    3.93425873e+02, 2.59609528e+02, 3.97281006e+02, 2.72753387e+02,
    4.01253143e+02, 2.86540558e+02, 4.05209808e+02, 3.00337677e+02,
    4.09282440e+02, 3.14753662e+02, 4.13415375e+02, 3.29469360e+02,
    3.79737732e+02, 2.61875977e+02, 3.83341644e+02, 2.75079468e+02,
    3.87127655e+02, 2.88661102e+02, 3.90929199e+02, 3.02690582e+02,
    3.94842804e+02, 3.17056213e+02, 3.98849884e+02, 3.31752960e+02,
    3.66043304e+02, 2.64131439e+02, 3.69652039e+02, 2.77422424e+02,
    3.73137970e+02, 2.91026550e+02, 3.76753967e+02, 3.04972015e+02,
    3.80491180e+02, 3.19320984e+02, 3.84242645e+02, 3.34070160e+02,
    3.52540375e+02, 2.66487030e+02, 3.55791473e+02, 2.79650787e+02,
    3.59161774e+02, 2.93252686e+02, 3.62580627e+02, 3.07252563e+02,
    3.66152771e+02, 3.21535736e+02, 3.69723572e+02, 3.36282074e+02,
    3.39148163e+02, 2.68692871e+02, 3.42181946e+02, 2.81844391e+02,
    3.45413910e+02, 2.95469330e+02, 3.48690643e+02, 3.09379211e+02,
    3.51992981e+02, 3.23781494e+02, 3.55315613e+02, 3.38433228e+02 ]
