%YAML:1.0
---
points: [ 1.05038647e+03, 3.59947876e+02, 1.07952441e+03, 3.56279175e+02,
    1.11058655e+03, 3.52262024e+02, 1.14351538e+03, 3.48202667e+02,
    1.17875439e+03, 3.43634827e+02, 1.21644910e+03, 3.38720886e+02,
    1.04842883e+03, 3.99653839e+02, 1.07747522e+03, 3.97279327e+02,
    1.10832349e+03, 3.94589813e+02, 1.14128345e+03, 3.91734650e+02,
    1.17627527e+03, 3.88644012e+02, 1.21373425e+03, 3.85528595e+02,
    1.04651416e+03, 4.39598907e+02, 1.07530396e+03, 4.38458374e+02,
    1.10634998e+03, 4.37161835e+02, 1.13889124e+03, 4.35483246e+02,
    1.17381506e+03, 4.34004181e+02, 1.21122266e+03, 4.32400391e+02,
    1.04455151e+03, 4.79465485e+02, 1.07342151e+03, 4.79361755e+02,
    1.10419873e+03, 4.79140228e+02, 1.13680835e+03, 4.79021942e+02,
    1.17150244e+03, 4.79037048e+02, 1.20875830e+03, 4.78744476e+02,
    1.04250854e+03, 5.19064819e+02, 1.07139172e+03, 5.20161133e+02,
    1.10189038e+03, 5.21376953e+02, 1.13450122e+03, 5.22623291e+02,
    1.16952881e+03, 5.23852051e+02, 1.20652246e+03, 5.25192139e+02,
    1.04061462e+03, 5.58711609e+02, 1.06941028e+03, 5.60884766e+02,
    1.10005200e+03, 5.63456909e+02, 1.13253979e+03, 5.65906433e+02,
    1.16733337e+03, 5.68614685e+02, 1.20435693e+03, 5.71485718e+02,
    1.03869336e+03, 5.98214783e+02, 1.06752710e+03, 6.01790955e+02,
    1.09786108e+03, 6.05347595e+02, 1.13053259e+03, 6.09129578e+02,
    1.16516284e+03, 6.13362976e+02, 1.20223633e+03, 6.17842834e+02,
    1.03701526e+03, 6.38182373e+02, 1.06555359e+03, 6.42572876e+02,
    1.09602234e+03, 6.47449341e+02, 1.12853210e+03, 6.52612244e+02,
    1.16325537e+03, 6.58369385e+02, 1.20017432e+03, 6.64366089e+02 ]
