%YAML:1.0
---
points: [ 1.41954858e+03, 6.49225952e+02, 1.43191467e+03, 6.88373047e+02,
    1.44494189e+03, 7.29244080e+02, 1.45842297e+03, 7.70747925e+02,
    1.47208337e+03, 8.13835510e+02, 1.48623120e+03, 8.58022156e+02,
    1.37778174e+03, 6.55949280e+02, 1.38996667e+03, 6.95499023e+02,
    1.40215039e+03, 7.35785095e+02, 1.41490259e+03, 7.77628601e+02,
    1.42790198e+03, 8.20482788e+02, 1.44151904e+03, 8.64805115e+02,
    1.33668628e+03, 6.63127258e+02, 1.34811682e+03, 7.02311523e+02,
    1.35967920e+03, 7.42731201e+02, 1.37185217e+03, 7.84330933e+02,
    1.38435144e+03, 8.27399841e+02, 1.39700256e+03, 8.71276245e+02,
    1.29594312e+03, 6.70108887e+02, 1.30663074e+03, 7.09075256e+02,
    1.31776208e+03, 7.49440674e+02, 1.32922412e+03, 7.91093140e+02,
    1.34088623e+03, 8.33792725e+02, 1.35314832e+03, 8.77794434e+02,
    1.25535571e+03, 6.76690063e+02, 1.26559229e+03, 7.15754639e+02,
    1.27593640e+03, 7.56148071e+02, 1.28679114e+03, 7.97478210e+02,
    1.29787732e+03, 8.40335205e+02, 1.30945032e+03, 8.84302979e+02,
    1.21558838e+03, 6.83391846e+02, 1.22525598e+03, 7.22505798e+02,
    1.23490808e+03, 7.62555054e+02, 1.24499341e+03, 8.04003479e+02,
    1.25552551e+03, 8.46596375e+02, 1.26628833e+03, 8.90668518e+02,
    1.17579883e+03, 6.90336243e+02, 1.18484937e+03, 7.29066895e+02,
    1.19420056e+03, 7.69303711e+02, 1.20345569e+03, 8.10490112e+02,
    1.21315283e+03, 8.53247498e+02, 1.22335339e+03, 8.96902405e+02,
    1.13705457e+03, 6.96799988e+02, 1.14511902e+03, 7.35654480e+02,
    1.15380396e+03, 7.75661011e+02, 1.16274109e+03, 8.16866882e+02,
    1.17178857e+03, 8.59456970e+02, 1.18123792e+03, 9.03211609e+02 ]
