%YAML:1.0
---
points: [ 1.90385284e+01, 1.56905853e+02, 3.00957718e+01, 1.52960266e+02,
    4.07922630e+01, 1.49097916e+02, 5.15645447e+01, 1.45306015e+02,
    6.20587654e+01, 1.41716583e+02, 7.24866943e+01, 1.38145142e+02,
    2.35557747e+01, 1.66086945e+02, 3.44217339e+01, 1.61985947e+02,
    4.53640709e+01, 1.58004486e+02, 5.61542130e+01, 1.54099716e+02,
    6.67277527e+01, 1.50444992e+02, 7.71019363e+01, 1.46861115e+02,
    2.80804596e+01, 1.75251877e+02, 3.91251564e+01, 1.71171173e+02,
    5.00297699e+01, 1.67052261e+02, 6.07914543e+01, 1.63102493e+02,
    7.13901367e+01, 1.59250183e+02, 8.18049698e+01, 1.55545746e+02,
    3.26712456e+01, 1.84629868e+02, 4.37659111e+01, 1.80325043e+02,
    5.47875023e+01, 1.76214310e+02, 6.55627365e+01, 1.72116302e+02,
    7.62521973e+01, 1.68181671e+02, 8.66010590e+01, 1.64214645e+02,
    3.73669472e+01, 1.94012085e+02, 4.85688744e+01, 1.89636597e+02,
    5.95827103e+01, 1.85345886e+02, 7.03738022e+01, 1.81239777e+02,
    8.10679245e+01, 1.77151138e+02, 9.15030441e+01, 1.73214172e+02,
    4.22483597e+01, 2.03529526e+02, 5.34034996e+01, 1.99027313e+02,
    6.43436508e+01, 1.94640793e+02, 7.53158722e+01, 1.90312424e+02,
    8.61205597e+01, 1.86266571e+02, 9.63284683e+01, 1.82156204e+02,
    4.71550102e+01, 2.13128647e+02, 5.83079948e+01, 2.08466553e+02,
    6.93421021e+01, 2.03902740e+02, 8.02755432e+01, 1.99514557e+02,
    9.09124527e+01, 1.95278549e+02, 1.01292572e+02, 1.91106552e+02,
    5.21468849e+01, 2.22820343e+02, 6.33080521e+01, 2.18024567e+02,
    7.44603424e+01, 2.13365616e+02, 8.52619781e+01, 2.08759583e+02,
    9.59152603e+01, 2.04339447e+02, 1.06199432e+02, 2.00115021e+02 ]
