%YAML:1.0
---
points: [ 3.39222626e+02, 3.33853729e+02, 3.38851196e+02, 3.20102936e+02,
    3.38330139e+02, 3.06515656e+02, 3.37896210e+02, 2.92804352e+02,
    3.37314392e+02, 2.79116760e+02, 3.36789795e+02, 2.65469604e+02,
    3.51856812e+02, 3.36665924e+02, 3.51342743e+02, 3.22732574e+02,
    3.50843262e+02, 3.08692474e+02, 3.50245422e+02, 2.94634766e+02,
    3.49882385e+02, 2.80639313e+02, 3.49340881e+02, 2.66621033e+02,
    3.65111603e+02, 3.39715118e+02, 3.64590057e+02, 3.25308411e+02,
    3.64125885e+02, 3.10901672e+02, 3.63566467e+02, 2.96602478e+02,
    3.63097870e+02, 2.82227234e+02, 3.62409149e+02, 2.67764587e+02,
    3.78933777e+02, 3.42755096e+02, 3.78426697e+02, 3.28046326e+02,
    3.78020416e+02, 3.13409637e+02, 3.77443970e+02, 2.98563293e+02,
    3.77068848e+02, 2.83824554e+02, 3.76434753e+02, 2.69109283e+02,
    3.93364624e+02, 3.46028107e+02, 3.93088440e+02, 3.31013031e+02,
    3.92641998e+02, 3.15822876e+02, 3.92236633e+02, 3.00771729e+02,
    3.91676758e+02, 2.85621307e+02, 3.91211304e+02, 2.70546021e+02,
    4.08734100e+02, 3.49286774e+02, 4.08405487e+02, 3.33969330e+02,
    4.07991547e+02, 3.18471497e+02, 4.07554443e+02, 3.02948242e+02,
    4.07146759e+02, 2.87387665e+02, 4.06658417e+02, 2.71807037e+02,
    4.24491333e+02, 3.52624542e+02, 4.24377441e+02, 3.36999878e+02,
    4.24147003e+02, 3.21063293e+02, 4.23771484e+02, 3.05169037e+02,
    4.23383789e+02, 2.89119781e+02, 4.23045471e+02, 2.73161133e+02,
    4.41284668e+02, 3.56010712e+02, 4.41211670e+02, 3.39952087e+02,
    4.41082001e+02, 3.23744751e+02, 4.40739044e+02, 3.07335663e+02,
    4.40544922e+02, 2.91005096e+02, 4.40188568e+02, 2.74494232e+02 ]
