%YAML:1.0
---
points: [ 1.08144739e+03, 2.90631226e+02, 1.11978503e+03, 3.09720795e+02,
    1.16010266e+03, 3.29363007e+02, 1.20188721e+03, 3.49990936e+02,
    1.24610718e+03, 3.71277374e+02, 1.29217993e+03, 3.93589081e+02,
    1.06245447e+03, 3.34970428e+02, 1.09999023e+03, 3.54382111e+02,
    1.13908313e+03, 3.74739349e+02, 1.17983569e+03, 3.95714600e+02,
    1.22256287e+03, 4.17734253e+02, 1.26730823e+03, 4.40745453e+02,
    1.04431445e+03, 3.78068420e+02, 1.08057886e+03, 3.97961304e+02,
    1.11864465e+03, 4.18694244e+02, 1.15820532e+03, 4.40442078e+02,
    1.19969861e+03, 4.62992950e+02, 1.24312036e+03, 4.86604004e+02,
    1.02647571e+03, 4.19347656e+02, 1.06214026e+03, 4.39795624e+02,
    1.09902258e+03, 4.61183777e+02, 1.13767749e+03, 4.83260468e+02,
    1.17796350e+03, 5.06387024e+02, 1.22018457e+03, 5.30480713e+02,
    1.00939825e+03, 4.59325073e+02, 1.04410168e+03, 4.80321259e+02,
    1.08011865e+03, 5.02052521e+02, 1.11766138e+03, 5.24728333e+02,
    1.15712354e+03, 5.48357483e+02, 1.19793970e+03, 5.73130005e+02,
    9.92949402e+02, 4.98299957e+02, 1.02658606e+03, 5.19469299e+02,
    1.06181213e+03, 5.41772583e+02, 1.09848706e+03, 5.64787781e+02,
    1.13676160e+03, 5.88907227e+02, 1.17661511e+03, 6.14099670e+02,
    9.76755127e+02, 5.35698730e+02, 1.00982086e+03, 5.57516785e+02,
    1.04426587e+03, 5.80214111e+02, 1.07996692e+03, 6.03650024e+02,
    1.11722998e+03, 6.28229248e+02, 1.15616016e+03, 6.53778931e+02,
    9.61296326e+02, 5.72580322e+02, 9.93519836e+02, 5.94624512e+02,
    1.02691943e+03, 6.17656799e+02, 1.06190845e+03, 6.41458252e+02,
    1.09836401e+03, 6.66426697e+02, 1.13617407e+03, 6.92372803e+02 ]
