%YAML:1.0
---
points: [ 1.13652136e+03, 8.89151672e+02, 1.13465637e+03, 8.48574524e+02,
    1.13328394e+03, 8.08250183e+02, 1.13164856e+03, 7.67744141e+02,
    1.13012366e+03, 7.27641968e+02, 1.12853894e+03, 6.87403015e+02,
    1.17164258e+03, 8.97761353e+02, 1.17016260e+03, 8.56231384e+02,
    1.16847351e+03, 8.14622498e+02, 1.16672827e+03, 7.73310425e+02,
    1.16516785e+03, 7.31864197e+02, 1.16370288e+03, 6.90814697e+02,
    1.20949451e+03, 9.07182922e+02, 1.20766565e+03, 8.64373901e+02,
    1.20607727e+03, 8.21748169e+02, 1.20429773e+03, 7.79216919e+02,
    1.20253979e+03, 7.36604980e+02, 1.20103979e+03, 6.94330078e+02,
    1.24904407e+03, 9.16671387e+02, 1.24736450e+03, 8.72759521e+02,
    1.24539294e+03, 8.28883057e+02, 1.24359949e+03, 7.85348572e+02,
    1.24207935e+03, 7.41536865e+02, 1.24034192e+03, 6.97843384e+02,
    1.29060010e+03, 9.26958374e+02, 1.28908777e+03, 8.81755005e+02,
    1.28721753e+03, 8.36725281e+02, 1.28536511e+03, 7.91701538e+02,
    1.28368250e+03, 7.46619568e+02, 1.28182800e+03, 7.01934448e+02,
    1.33502490e+03, 9.37468018e+02, 1.33322388e+03, 8.91519104e+02,
    1.33157239e+03, 8.44814941e+02, 1.32973779e+03, 7.98479126e+02,
    1.32794275e+03, 7.52328979e+02, 1.32623804e+03, 7.06275757e+02,
    1.38189868e+03, 9.48952454e+02, 1.38027966e+03, 9.01247498e+02,
    1.37845129e+03, 8.53601868e+02, 1.37653271e+03, 8.05726013e+02,
    1.37476660e+03, 7.58233521e+02, 1.37314941e+03, 7.10563232e+02,
    1.43180127e+03, 9.60626038e+02, 1.42991333e+03, 9.11741455e+02,
    1.42824841e+03, 8.62472046e+02, 1.42662952e+03, 8.13463135e+02,
    1.42476941e+03, 7.64393799e+02, 1.42285266e+03, 7.15210815e+02 ]
