%YAML:1.0
---
points: [ 2.81266384e+01, 1.97369263e+02, 3.90586472e+01, 1.94913666e+02,
    5.00159721e+01, 1.92022736e+02, 6.08776436e+01, 1.89816208e+02,
    7.17013321e+01, 1.86987305e+02, 8.30824814e+01, 1.88486313e+02,
    2.88392658e+01, 2.04507172e+02, 3.99331207e+01, 2.01409424e+02,
    5.12242508e+01, 1.99876999e+02, 6.21092949e+01, 1.96219711e+02,
    7.28515320e+01, 1.92782028e+02, 8.36802292e+01, 1.91214188e+02,
    2.96976357e+01, 2.11471313e+02, 4.10330696e+01, 2.08934479e+02,
    5.22604790e+01, 2.05592758e+02, 6.33130531e+01, 2.02953781e+02,
    7.45199966e+01, 2.00124710e+02, 8.53121719e+01, 1.96962082e+02,
    3.05191116e+01, 2.18826569e+02, 4.20493851e+01, 2.15800568e+02,
    5.35069237e+01, 2.12870499e+02, 6.48447723e+01, 2.09840698e+02,
    7.61478806e+01, 2.07049149e+02, 8.71671143e+01, 2.03981018e+02,
    3.14164658e+01, 2.26638702e+02, 4.31919632e+01, 2.23512390e+02,
    5.47397156e+01, 2.20228134e+02, 6.63399429e+01, 2.17267639e+02,
    7.77691040e+01, 2.14243942e+02, 8.91427917e+01, 2.11228790e+02,
    3.23747711e+01, 2.34577896e+02, 4.42549934e+01, 2.31129486e+02,
    5.61884880e+01, 2.28047043e+02, 6.79503784e+01, 2.24763138e+02,
    7.95647812e+01, 2.21545929e+02, 9.10747681e+01, 2.18420547e+02,
    3.33328781e+01, 2.42705185e+02, 4.54124985e+01, 2.39334167e+02,
    5.75378761e+01, 2.35848129e+02, 6.95204697e+01, 2.32596085e+02,
    8.13803482e+01, 2.29290070e+02, 9.31292648e+01, 2.26037048e+02,
    3.44118958e+01, 2.51281906e+02, 4.67364655e+01, 2.47714111e+02,
    5.91206017e+01, 2.44166687e+02, 7.12427216e+01, 2.40478851e+02,
    8.32837524e+01, 2.37189911e+02, 9.51851883e+01, 2.33852280e+02 ]
