%YAML:1.0
---
points: [ 5.69982605e+02, 6.28266479e+02, 6.16396851e+02, 6.01406433e+02,
    6.61767578e+02, 5.75359314e+02, 7.06356873e+02, 5.49566467e+02,
    7.49830200e+02, 5.24468262e+02, 7.92585632e+02, 4.99618347e+02,
    5.88920166e+02, 6.67306091e+02, 6.36163025e+02, 6.39617432e+02,
    6.82432617e+02, 6.12390686e+02, 7.27600891e+02, 5.85811096e+02,
    7.72033691e+02, 5.59795532e+02, 8.15465454e+02, 5.34184998e+02,
    6.08819885e+02, 7.08610718e+02, 6.57005798e+02, 6.79582703e+02,
    7.04048218e+02, 6.51571716e+02, 7.50047546e+02, 6.23930847e+02,
    7.95166931e+02, 5.96828613e+02, 8.39330383e+02, 5.70431580e+02,
    6.29567749e+02, 7.51531677e+02, 6.78502808e+02, 7.21589233e+02,
    7.26495544e+02, 6.92301270e+02, 7.73326416e+02, 6.63619690e+02,
    8.19326904e+02, 6.35591248e+02, 8.64222595e+02, 6.08171753e+02,
    6.51132996e+02, 7.96612183e+02, 7.01171204e+02, 7.65477783e+02,
    7.49877380e+02, 7.35057800e+02, 7.97722534e+02, 7.05304443e+02,
    8.44465698e+02, 6.76258972e+02, 8.90136841e+02, 6.47680054e+02,
    6.73879700e+02, 8.44128601e+02, 7.24750000e+02, 8.11877136e+02,
    7.74620300e+02, 7.79876648e+02, 8.23328064e+02, 7.49100342e+02,
    8.70842896e+02, 7.18768188e+02, 9.17439575e+02, 6.89264221e+02,
    6.97691040e+02, 8.94356140e+02, 7.49649902e+02, 8.60457825e+02,
    8.00352112e+02, 8.27283142e+02, 8.50001892e+02, 7.94984253e+02,
    8.98511047e+02, 7.63607727e+02, 9.45974243e+02, 7.32756775e+02,
    7.22824402e+02, 9.47284790e+02, 7.75795715e+02, 9.11872192e+02,
    8.27610840e+02, 8.77351013e+02, 8.78161255e+02, 8.43693848e+02,
    9.27600952e+02, 8.10907349e+02, 9.75948975e+02, 7.78745728e+02 ]
