%YAML:1.0
---
points: [ 1.12026009e+02, 2.46450455e+02, 1.29210968e+02, 2.50130234e+02,
    1.46231064e+02, 2.53538376e+02, 1.63316971e+02, 2.57055023e+02,
    1.80180618e+02, 2.60560425e+02, 1.97228760e+02, 2.64035767e+02,
    1.04283920e+02, 2.55470856e+02, 1.21983032e+02, 2.59217041e+02,
    1.39997025e+02, 2.62867188e+02, 1.57765289e+02, 2.66444702e+02,
    1.75574066e+02, 2.70148163e+02, 1.93195587e+02, 2.73735046e+02,
    9.58446121e+01, 2.65218109e+02, 1.14390251e+02, 2.69182770e+02,
    1.33085892e+02, 2.72944672e+02, 1.51798080e+02, 2.76726562e+02,
    1.70313156e+02, 2.80533905e+02, 1.88873001e+02, 2.84359802e+02,
    8.66507721e+01, 2.75976624e+02, 1.05966370e+02, 2.80105835e+02,
    1.25603569e+02, 2.84044220e+02, 1.45101181e+02, 2.88121490e+02,
    1.64649597e+02, 2.92119812e+02, 1.84081909e+02, 2.95971924e+02,
    7.65078354e+01, 2.87719421e+02, 9.67641449e+01, 2.92282928e+02,
    1.17252464e+02, 2.96436432e+02, 1.37848953e+02, 3.00707977e+02,
    1.58269791e+02, 3.04820831e+02, 1.78771286e+02, 3.08945862e+02,
    6.55180740e+01, 3.00701752e+02, 8.67006302e+01, 3.05380768e+02,
    1.08312737e+02, 3.09924988e+02, 1.29727875e+02, 3.14554077e+02,
    1.51362656e+02, 3.18937958e+02, 1.72897827e+02, 3.23378387e+02,
    5.35820427e+01, 3.15120605e+02, 7.56925125e+01, 3.20234253e+02,
    9.81940918e+01, 3.25138367e+02, 1.20867149e+02, 3.29986572e+02,
    1.43563553e+02, 3.34768860e+02, 1.66344055e+02, 3.39463654e+02,
    4.06453171e+01, 3.30816223e+02, 6.36587563e+01, 3.36359131e+02,
    8.71984634e+01, 3.41832275e+02, 1.10995583e+02, 3.47038971e+02,
    1.35099960e+02, 3.52104279e+02, 1.59130432e+02, 3.57265259e+02 ]
