%YAML:1.0
---
points: [ 1.44977271e+03, 5.99043152e+02, 1.46338000e+03, 6.38114563e+02,
    1.47757776e+03, 6.79431885e+02, 1.49274475e+03, 7.22955444e+02,
    1.50862939e+03, 7.69477905e+02, 1.52554309e+03, 8.18434326e+02,
    1.40188635e+03, 6.12360352e+02, 1.41370349e+03, 6.51005005e+02,
    1.42655786e+03, 6.91831848e+02, 1.43978760e+03, 7.35205444e+02,
    1.45418347e+03, 7.80902771e+02, 1.46927185e+03, 8.29500183e+02,
    1.35551733e+03, 6.25047119e+02, 1.36636646e+03, 6.63375122e+02,
    1.37746228e+03, 7.03766296e+02, 1.38931775e+03, 7.46419556e+02,
    1.40175623e+03, 7.92002686e+02, 1.41497253e+03, 8.39710327e+02,
    1.31120325e+03, 6.37505554e+02, 1.32048291e+03, 6.75386047e+02,
    1.33026770e+03, 7.15333801e+02, 1.34049133e+03, 7.57630493e+02,
    1.35152478e+03, 8.02461853e+02, 1.36316113e+03, 8.49717041e+02,
    1.26838159e+03, 6.49330505e+02, 1.27626184e+03, 6.86824280e+02,
    1.28476099e+03, 7.26555176e+02, 1.29363257e+03, 7.68354797e+02,
    1.30312195e+03, 8.12614868e+02, 1.31326892e+03, 8.59389282e+02,
    1.22694824e+03, 6.60660217e+02, 1.23372498e+03, 6.98132751e+02,
    1.24103748e+03, 7.37297607e+02, 1.24871301e+03, 7.78585266e+02,
    1.25669287e+03, 8.22405884e+02, 1.26531897e+03, 8.68486389e+02,
    1.18692786e+03, 6.72103394e+02, 1.19253503e+03, 7.08734863e+02,
    1.19869019e+03, 7.47653137e+02, 1.20509656e+03, 7.88417053e+02,
    1.21190601e+03, 8.31686096e+02, 1.21889648e+03, 8.77260864e+02,
    1.14860474e+03, 6.82655762e+02, 1.15339050e+03, 7.19327881e+02,
    1.15837036e+03, 7.57632751e+02, 1.16356042e+03, 7.97994934e+02,
    1.16905493e+03, 8.40544800e+02, 1.17484314e+03, 8.85908997e+02 ]
