%YAML:1.0
---
points: [ 4.47896545e+02, 2.35262512e+02, 4.52888031e+02, 2.48592926e+02,
    4.57867218e+02, 2.62297943e+02, 4.63254944e+02, 2.76964203e+02,
    4.68705841e+02, 2.92221466e+02, 4.74477936e+02, 3.08440613e+02,
    4.31674500e+02, 2.39949890e+02, 4.36102783e+02, 2.52934830e+02,
    4.40911133e+02, 2.66681488e+02, 4.45745331e+02, 2.81175568e+02,
    4.50786194e+02, 2.96464142e+02, 4.55860291e+02, 3.12406860e+02,
    4.15845459e+02, 2.44208939e+02, 4.20012451e+02, 2.57213623e+02,
    4.24164093e+02, 2.70792175e+02, 4.28606720e+02, 2.85305817e+02,
    4.33219147e+02, 3.00265472e+02, 4.37911102e+02, 3.16380493e+02,
    4.00519409e+02, 2.48658844e+02, 4.04231781e+02, 2.61326569e+02,
    4.08053162e+02, 2.74924500e+02, 4.11888428e+02, 2.89111023e+02,
    4.16103210e+02, 3.04187225e+02, 4.20332672e+02, 3.19848785e+02,
    3.85698303e+02, 2.52536575e+02, 3.88942108e+02, 2.65301025e+02,
    3.92259857e+02, 2.78768799e+02, 3.95764587e+02, 2.92829651e+02,
    3.99465485e+02, 3.07700256e+02, 4.03299744e+02, 3.23315002e+02,
    3.71283722e+02, 2.56454651e+02, 3.74137451e+02, 2.69110046e+02,
    3.77037354e+02, 2.82417877e+02, 3.80188110e+02, 2.96401642e+02,
    3.83421661e+02, 3.11106140e+02, 3.86751953e+02, 3.26637756e+02,
    3.57439941e+02, 2.60251923e+02, 3.59785675e+02, 2.72780121e+02,
    3.62360687e+02, 2.85954346e+02, 3.64958252e+02, 2.99783203e+02,
    3.67790039e+02, 3.14403229e+02, 3.70716614e+02, 3.29704346e+02,
    3.43841095e+02, 2.63964691e+02, 3.46009125e+02, 2.76350952e+02,
    3.48209045e+02, 2.89345734e+02, 3.50489197e+02, 3.03038330e+02,
    3.52820465e+02, 3.17466156e+02, 3.55414032e+02, 3.32706268e+02 ]
