%YAML:1.0
---
points: [ 1.11074146e+03, 3.22675568e+02, 1.14095581e+03, 2.94033264e+02,
    1.17142139e+03, 2.64972321e+02, 1.20205042e+03, 2.35916840e+02,
    1.23306934e+03, 2.06334305e+02, 1.26427502e+03, 1.76679810e+02,
    1.13769543e+03, 3.52659821e+02, 1.16778662e+03, 3.24165894e+02,
    1.19828271e+03, 2.95356903e+02, 1.22901270e+03, 2.66383667e+02,
    1.25986987e+03, 2.37257431e+02, 1.29113586e+03, 2.07702576e+02,
    1.16479370e+03, 3.82367279e+02, 1.19482019e+03, 3.54105804e+02,
    1.22526721e+03, 3.25650543e+02, 1.25585339e+03, 2.96961334e+02,
    1.28689563e+03, 2.67943634e+02, 1.31810608e+03, 2.38765198e+02,
    1.19150024e+03, 4.11629913e+02, 1.22144751e+03, 3.83694946e+02,
    1.25187683e+03, 3.55378815e+02, 1.28241895e+03, 3.26950775e+02,
    1.31344995e+03, 2.98244263e+02, 1.34459802e+03, 2.69261414e+02,
    1.21808667e+03, 4.40745850e+02, 1.24805200e+03, 4.12893524e+02,
    1.27844507e+03, 3.84880981e+02, 1.30912585e+03, 3.56731995e+02,
    1.33983618e+03, 3.28171112e+02, 1.37098718e+03, 2.99618927e+02,
    1.24449390e+03, 4.69513306e+02, 1.27444153e+03, 4.41938660e+02,
    1.30485815e+03, 4.14194122e+02, 1.33532666e+03, 3.86193085e+02,
    1.36621167e+03, 3.57920959e+02, 1.39725085e+03, 3.29570801e+02,
    1.27075903e+03, 4.98226776e+02, 1.30069055e+03, 4.70706787e+02,
    1.33087366e+03, 4.43207062e+02, 1.36144836e+03, 4.15450439e+02,
    1.39228699e+03, 3.87371002e+02, 1.42322131e+03, 3.59143524e+02,
    1.29695093e+03, 5.26590149e+02, 1.32695496e+03, 4.99406616e+02,
    1.35703357e+03, 4.72164764e+02, 1.38745203e+03, 4.44505707e+02,
    1.41816479e+03, 4.16631592e+02, 1.44894275e+03, 3.88724701e+02 ]
