%YAML:1.0
---
points: [ 1.85504410e+02, 2.70621338e+02, 2.01684113e+02, 2.63470612e+02,
    2.17438675e+02, 2.56384033e+02, 2.33064316e+02, 2.49336929e+02,
    2.48542053e+02, 2.42492386e+02, 2.63912079e+02, 2.35600647e+02,
    1.88311844e+02, 2.82312836e+02, 2.04865005e+02, 2.74873627e+02,
    2.21428192e+02, 2.67393860e+02, 2.37645172e+02, 2.60020630e+02,
    2.53757507e+02, 2.52786591e+02, 2.69581421e+02, 2.45690247e+02,
    1.91240158e+02, 2.94836243e+02, 2.08608276e+02, 2.87007812e+02,
    2.25619797e+02, 2.79281738e+02, 2.42510056e+02, 2.71536072e+02,
    2.59216370e+02, 2.63944000e+02, 2.75753235e+02, 2.56497528e+02,
    1.94540100e+02, 3.08624420e+02, 2.12484253e+02, 3.00322998e+02,
    2.30300217e+02, 2.92120941e+02, 2.47891098e+02, 2.84042664e+02,
    2.65305695e+02, 2.76049988e+02, 2.82393158e+02, 2.68248566e+02,
    1.98061539e+02, 3.23584961e+02, 2.16935257e+02, 3.14860626e+02,
    2.35342758e+02, 3.06276733e+02, 2.53727524e+02, 2.97770538e+02,
    2.71774536e+02, 2.89343140e+02, 2.89738220e+02, 2.81060150e+02,
    2.02020767e+02, 3.39877045e+02, 2.21455948e+02, 3.30707672e+02,
    2.40907196e+02, 3.21570984e+02, 2.60047333e+02, 3.12705780e+02,
    2.78940887e+02, 3.03771027e+02, 2.97662109e+02, 2.95088837e+02,
    2.06172943e+02, 3.57974457e+02, 2.26746887e+02, 3.48304779e+02,
    2.47019058e+02, 3.38572174e+02, 2.67100861e+02, 3.29132294e+02,
    2.86803680e+02, 3.19839600e+02, 3.06488403e+02, 3.10638702e+02,
    2.10836975e+02, 3.77645691e+02, 2.32429718e+02, 3.67380798e+02,
    2.53733292e+02, 3.57174133e+02, 2.74711456e+02, 3.47176819e+02,
    2.95446533e+02, 3.37198608e+02, 3.16006714e+02, 3.27539154e+02 ]
