%YAML:1.0
---
points: [ 3.39827911e+02, 1.33783203e+02, 3.50450226e+02, 1.23815361e+02,
    3.61033051e+02, 1.13805687e+02, 3.71648621e+02, 1.03781837e+02,
    3.82327362e+02, 9.37538757e+01, 3.92787415e+02, 8.37194748e+01,
    3.48890533e+02, 1.44250656e+02, 3.59384033e+02, 1.34329773e+02,
    3.69984558e+02, 1.24428185e+02, 3.80611572e+02, 1.14506371e+02,
    3.91185242e+02, 1.04545280e+02, 4.01746979e+02, 9.46153259e+01,
    3.57849640e+02, 1.54684967e+02, 3.68344604e+02, 1.44857803e+02,
    3.78918396e+02, 1.34962189e+02, 3.89461639e+02, 1.25157272e+02,
    4.00049805e+02, 1.15318375e+02, 4.10452515e+02, 1.05480927e+02,
    3.66722351e+02, 1.64884872e+02, 3.77226746e+02, 1.55160156e+02,
    3.87669495e+02, 1.45445862e+02, 3.98217804e+02, 1.35661652e+02,
    4.08666351e+02, 1.25876076e+02, 4.19100281e+02, 1.16194443e+02,
    3.75572174e+02, 1.74998138e+02, 3.85881927e+02, 1.65362640e+02,
    3.96371674e+02, 1.55728851e+02, 4.06713959e+02, 1.46109665e+02,
    4.17231903e+02, 1.36372208e+02, 4.27498596e+02, 1.26713730e+02,
    3.84143188e+02, 1.84950974e+02, 3.94597534e+02, 1.75427628e+02,
    4.04891418e+02, 1.65860611e+02, 4.15314911e+02, 1.56291946e+02,
    4.25581299e+02, 1.46732712e+02, 4.35897949e+02, 1.37164627e+02,
    3.92742798e+02, 1.94776917e+02, 4.02966614e+02, 1.85369644e+02,
    4.13358307e+02, 1.75933807e+02, 4.23560211e+02, 1.66407852e+02,
    4.33908112e+02, 1.56908783e+02, 4.43969421e+02, 1.47399490e+02,
    4.01190063e+02, 2.04587631e+02, 4.11486115e+02, 1.95188202e+02,
    4.21651611e+02, 1.85875244e+02, 4.31911865e+02, 1.76405869e+02,
    4.41910217e+02, 1.67035461e+02, 4.52163849e+02, 1.57594513e+02 ]
