%YAML:1.0
---
points: [ 5.54507568e+02, 6.75422729e+02, 5.98214294e+02, 6.47646179e+02,
    6.42642151e+02, 6.19411926e+02, 6.87599487e+02, 5.90664124e+02,
    7.33126892e+02, 5.61602295e+02, 7.79317139e+02, 5.32048645e+02,
    5.93181458e+02, 7.05772583e+02, 6.36005981e+02, 6.78832397e+02,
    6.79378723e+02, 6.51610413e+02, 7.23245422e+02, 6.24180420e+02,
    7.67643982e+02, 5.96168030e+02, 8.12728088e+02, 5.67693848e+02,
    6.30193481e+02, 7.34606812e+02, 6.71786621e+02, 7.08699829e+02,
    7.14242310e+02, 6.82400024e+02, 7.56975769e+02, 6.55851257e+02,
    8.00499451e+02, 6.28983765e+02, 8.44532043e+02, 6.01653625e+02,
    6.64591919e+02, 7.61771545e+02, 7.05546936e+02, 7.36736206e+02,
    7.46894043e+02, 7.11241455e+02, 7.88762024e+02, 6.85532227e+02,
    8.31143982e+02, 6.59606934e+02, 8.74153992e+02, 6.33316406e+02,
    6.97534363e+02, 7.87599365e+02, 7.37349426e+02, 7.63282837e+02,
    7.77925049e+02, 7.38751404e+02, 8.18813110e+02, 7.13937927e+02,
    8.60254639e+02, 6.88703796e+02, 9.02334595e+02, 6.63436890e+02,
    7.28500916e+02, 8.11829224e+02, 7.67487122e+02, 7.88445557e+02,
    8.07242310e+02, 7.64677917e+02, 8.47285400e+02, 7.40624146e+02,
    8.87829285e+02, 7.16362915e+02, 9.28842285e+02, 6.91840637e+02,
    7.57923157e+02, 8.35046814e+02, 7.96241638e+02, 8.12306396e+02,
    8.34988892e+02, 7.89366394e+02, 8.74139099e+02, 7.65957764e+02,
    9.13860840e+02, 7.42502380e+02, 9.54092224e+02, 7.18711182e+02,
    7.85925781e+02, 8.57317993e+02, 8.23554565e+02, 8.35122314e+02,
    8.61410645e+02, 8.12789673e+02, 8.99684631e+02, 7.90212524e+02,
    9.38716431e+02, 7.67501526e+02, 9.78095215e+02, 7.44490723e+02 ]
