%YAML:1.0
---
points: [ 1.04569299e+03, 2.68066833e+02, 1.08050488e+03, 2.47463562e+02,
    1.11574231e+03, 2.26607391e+02, 1.15123926e+03, 2.05578674e+02,
    1.18741479e+03, 1.84283737e+02, 1.22355078e+03, 1.62795059e+02,
    1.06448608e+03, 3.03086456e+02, 1.09929565e+03, 2.82608582e+02,
    1.13445337e+03, 2.62102844e+02, 1.17012744e+03, 2.41344208e+02,
    1.20586560e+03, 2.20349136e+02, 1.24229175e+03, 1.98971069e+02,
    1.08350183e+03, 3.37862152e+02, 1.11820154e+03, 3.17736145e+02,
    1.15331909e+03, 2.97400696e+02, 1.18860303e+03, 2.77011597e+02,
    1.22475342e+03, 2.56160431e+02, 1.26092310e+03, 2.35233963e+02,
    1.10202783e+03, 3.72306885e+02, 1.13669409e+03, 3.52428650e+02,
    1.17177710e+03, 3.32381836e+02, 1.20739111e+03, 3.11946533e+02,
    1.24313611e+03, 2.91481323e+02, 1.27945874e+03, 2.70659973e+02,
    1.12061438e+03, 4.06312622e+02, 1.15534326e+03, 3.86750732e+02,
    1.19035864e+03, 3.66902527e+02, 1.22567297e+03, 3.47058258e+02,
    1.26161804e+03, 3.26579681e+02, 1.29777393e+03, 3.06297272e+02,
    1.13914758e+03, 4.40143066e+02, 1.17359204e+03, 4.20771545e+02,
    1.20876099e+03, 4.01316406e+02, 1.24421973e+03, 3.81424896e+02,
    1.27992041e+03, 3.61492157e+02, 1.31610156e+03, 3.41222412e+02,
    1.15744287e+03, 4.73715515e+02, 1.19195386e+03, 4.54614471e+02,
    1.22694922e+03, 4.35239746e+02, 1.26222412e+03, 4.15716492e+02,
    1.29816614e+03, 3.95847687e+02, 1.33429565e+03, 3.76015411e+02,
    1.17568640e+03, 5.07190399e+02, 1.21034204e+03, 4.88178345e+02,
    1.24520935e+03, 4.69103119e+02, 1.28053918e+03, 4.49733459e+02,
    1.31627283e+03, 4.30269257e+02, 1.35243176e+03, 4.10485229e+02 ]
