%YAML:1.0
---
points: [ 6.86024414e+02, 2.27226349e+02, 7.32345886e+02, 2.22704086e+02,
    7.77704529e+02, 2.18372055e+02, 8.22566284e+02, 2.14111252e+02,
    8.66665283e+02, 2.09630737e+02, 9.10436768e+02, 2.05382812e+02,
    6.90580566e+02, 2.62459503e+02, 7.37637756e+02, 2.57894562e+02,
    7.83930908e+02, 2.53277405e+02, 8.29445801e+02, 2.48641968e+02,
    8.74519653e+02, 2.44112473e+02, 9.18563721e+02, 2.39456650e+02,
    6.95573792e+02, 2.99582520e+02, 7.43366394e+02, 2.94488708e+02,
    7.90450073e+02, 2.89568970e+02, 8.36694275e+02, 2.84551697e+02,
    8.82246338e+02, 2.79572540e+02, 9.27340088e+02, 2.74554047e+02,
    7.00655273e+02, 3.37760254e+02, 7.49229553e+02, 3.32457458e+02,
    7.97007324e+02, 3.27095123e+02, 8.44138000e+02, 3.21702942e+02,
    8.90540710e+02, 3.16361145e+02, 9.36194641e+02, 3.10988068e+02,
    7.05687256e+02, 3.77206360e+02, 7.55137878e+02, 3.71464050e+02,
    8.03832886e+02, 3.65639954e+02, 8.51662842e+02, 3.60047333e+02,
    8.98955627e+02, 3.54543884e+02, 9.45215027e+02, 3.48693237e+02,
    7.11200195e+02, 4.18428192e+02, 7.61359558e+02, 4.12261475e+02,
    8.11169189e+02, 4.05961060e+02, 8.59593140e+02, 3.99878174e+02,
    9.07497559e+02, 3.93737305e+02, 9.54709961e+02, 3.87634338e+02,
    7.16589478e+02, 4.61179382e+02, 7.67978638e+02, 4.54475830e+02,
    8.18269958e+02, 4.47629272e+02, 8.67881226e+02, 4.41195282e+02,
    9.16657166e+02, 4.34584595e+02, 9.64750732e+02, 4.28372406e+02,
    7.22333679e+02, 5.05638672e+02, 7.74558655e+02, 4.98393311e+02,
    8.26128723e+02, 4.91281158e+02, 8.76399780e+02, 4.84155121e+02,
    9.26141235e+02, 4.77233551e+02, 9.74935730e+02, 4.70415344e+02 ]
