%YAML:1.0
---
points: [ 2.45644791e+02, 4.36001892e+01, 2.62142548e+02, 4.57008400e+01,
    2.78097961e+02, 4.78243179e+01, 2.94436371e+02, 4.99376869e+01,
    3.10575439e+02, 5.19661865e+01, 3.26801910e+02, 5.41110878e+01,
    2.43898041e+02, 6.06838799e+01, 2.59865265e+02, 6.27674103e+01,
    2.76022461e+02, 6.47641602e+01, 2.92035370e+02, 6.69936447e+01,
    3.08114532e+02, 6.90598526e+01, 3.24125549e+02, 7.11912003e+01,
    2.41832108e+02, 7.77560883e+01, 2.57824005e+02, 7.98480530e+01,
    2.73785431e+02, 8.19643707e+01, 2.89693146e+02, 8.39976654e+01,
    3.05627899e+02, 8.59498215e+01, 3.21575409e+02, 8.79902115e+01,
    2.40007523e+02, 9.46087570e+01, 2.55810562e+02, 9.66193390e+01,
    2.71535461e+02, 9.86269226e+01, 2.87373627e+02, 1.00653343e+02,
    3.03221954e+02, 1.02619461e+02, 3.18943665e+02, 1.04599899e+02,
    2.38155533e+02, 1.11007080e+02, 2.53872696e+02, 1.12962273e+02,
    2.69417450e+02, 1.14932167e+02, 2.85080231e+02, 1.16974396e+02,
    3.00713593e+02, 1.18992531e+02, 3.16361816e+02, 1.20939003e+02,
    2.36432983e+02, 1.27007820e+02, 2.51622177e+02, 1.28994400e+02,
    2.67351044e+02, 1.31240356e+02, 2.82819824e+02, 1.33207092e+02,
    2.98363190e+02, 1.35113800e+02, 3.13830658e+02, 1.37035995e+02,
    2.34573212e+02, 1.42891998e+02, 2.49717850e+02, 1.44968826e+02,
    2.65208435e+02, 1.46963699e+02, 2.80621857e+02, 1.49016647e+02,
    2.95981598e+02, 1.50979660e+02, 3.11386841e+02, 1.52765488e+02,
    2.32695343e+02, 1.58753830e+02, 2.48071014e+02, 1.60690704e+02,
    2.63214813e+02, 1.62588913e+02, 2.78546204e+02, 1.64549484e+02,
    2.93698273e+02, 1.66463425e+02, 3.08925110e+02, 1.68387192e+02 ]
