%YAML:1.0
---
points: [ 3.07923462e+02, 1.23007553e+02, 3.19856476e+02, 1.15991196e+02,
    3.31894135e+02, 1.08894608e+02, 3.43999329e+02, 1.01874702e+02,
    3.56263458e+02, 9.46866531e+01, 3.68526642e+02, 8.75077515e+01,
    3.14291382e+02, 1.34813583e+02, 3.26194672e+02, 1.27945480e+02,
    3.38238739e+02, 1.20929649e+02, 3.50386749e+02, 1.13875458e+02,
    3.62623169e+02, 1.06834641e+02, 3.74879547e+02, 9.97375107e+01,
    3.20683258e+02, 1.46705017e+02, 3.32606842e+02, 1.39892654e+02,
    3.44591461e+02, 1.32939056e+02, 3.56711670e+02, 1.25993340e+02,
    3.68939758e+02, 1.18933044e+02, 3.81241425e+02, 1.11908493e+02,
    3.26940338e+02, 1.58361191e+02, 3.38797302e+02, 1.51611038e+02,
    3.50823822e+02, 1.44771576e+02, 3.62957916e+02, 1.37865601e+02,
    3.75190704e+02, 1.30941086e+02, 3.87455963e+02, 1.23994965e+02,
    3.33242157e+02, 1.70014236e+02, 3.45120148e+02, 1.63231537e+02,
    3.57117157e+02, 1.56492752e+02, 3.69156281e+02, 1.49739975e+02,
    3.81436462e+02, 1.42845337e+02, 3.93603363e+02, 1.35948471e+02,
    3.39418182e+02, 1.81464737e+02, 3.51328094e+02, 1.74834274e+02,
    3.63354919e+02, 1.68181183e+02, 3.75484253e+02, 1.61383026e+02,
    3.87555328e+02, 1.54633514e+02, 3.99801971e+02, 1.47890244e+02,
    3.45652161e+02, 1.92841675e+02, 3.57571014e+02, 1.86352417e+02,
    3.69520264e+02, 1.79727646e+02, 3.81556580e+02, 1.73129730e+02,
    3.93757507e+02, 1.66342331e+02, 4.05813049e+02, 1.59534470e+02,
    3.51861359e+02, 2.04217285e+02, 3.63727661e+02, 1.97754059e+02,
    3.75622162e+02, 1.91244736e+02, 3.87735260e+02, 1.84609406e+02,
    3.99783386e+02, 1.78012436e+02, 4.12024872e+02, 1.71390457e+02 ]
