%YAML:1.0
---
points: [ 3.66632111e+02, 1.86321548e+02, 3.68816498e+02, 1.73706635e+02,
    3.71130402e+02, 1.60797531e+02, 3.73553253e+02, 1.47589203e+02,
    3.75844604e+02, 1.34044586e+02, 3.78359924e+02, 1.20228661e+02,
    3.79390869e+02, 1.88849518e+02, 3.81723999e+02, 1.76074753e+02,
    3.84226471e+02, 1.62947281e+02, 3.86715302e+02, 1.49484238e+02,
    3.89450439e+02, 1.35711578e+02, 3.91978638e+02, 1.21613251e+02,
    3.92629120e+02, 1.91661865e+02, 3.95291504e+02, 1.78580063e+02,
    3.97918671e+02, 1.65121292e+02, 4.00596436e+02, 1.51503510e+02,
    4.03371063e+02, 1.37518097e+02, 4.06194153e+02, 1.23311211e+02,
    4.06434021e+02, 1.94449615e+02, 4.09255249e+02, 1.81115921e+02,
    4.12026855e+02, 1.67477997e+02, 4.14988007e+02, 1.53591095e+02,
    4.17922302e+02, 1.39312119e+02, 4.20887970e+02, 1.24841125e+02,
    4.20716583e+02, 1.97224380e+02, 4.23631378e+02, 1.83843536e+02,
    4.26817596e+02, 1.70030472e+02, 4.29892914e+02, 1.55809967e+02,
    4.32868134e+02, 1.41290695e+02, 4.36008240e+02, 1.26636841e+02,
    4.35476196e+02, 2.00460068e+02, 4.38719971e+02, 1.86660385e+02,
    4.41918915e+02, 1.72583160e+02, 4.45191223e+02, 1.58120392e+02,
    4.48507935e+02, 1.43409622e+02, 4.51775085e+02, 1.28322144e+02,
    4.50796417e+02, 2.03628311e+02, 4.54144775e+02, 1.89677826e+02,
    4.57572906e+02, 1.75239456e+02, 4.60993713e+02, 1.60698318e+02,
    4.64432343e+02, 1.45592590e+02, 4.67780914e+02, 1.30483658e+02,
    4.66496155e+02, 2.07108368e+02, 4.70003235e+02, 1.92693604e+02,
    4.73611115e+02, 1.78209152e+02, 4.77343231e+02, 1.63262039e+02,
    4.80859619e+02, 1.48147217e+02, 4.84326477e+02, 1.32477417e+02 ]
