%YAML:1.0
---
points: [ 1.22245398e+03, 4.49954803e+02, 1.22873169e+03, 4.12673065e+02,
    1.23538196e+03, 3.74812531e+02, 1.24224939e+03, 3.35630127e+02,
    1.24892725e+03, 2.95887390e+02, 1.25605603e+03, 2.54832016e+02,
    1.25882092e+03, 4.57555817e+02, 1.26562708e+03, 4.19726532e+02,
    1.27274963e+03, 3.81147247e+02, 1.28022168e+03, 3.41348755e+02,
    1.28753931e+03, 3.00596436e+02, 1.29543481e+03, 2.59060303e+02,
    1.29693506e+03, 4.65711487e+02, 1.30452332e+03, 4.27228485e+02,
    1.31222180e+03, 3.87546692e+02, 1.32010852e+03, 3.47250580e+02,
    1.32824780e+03, 3.05785583e+02, 1.33669141e+03, 2.63259216e+02,
    1.33666113e+03, 4.74077972e+02, 1.34466724e+03, 4.34793732e+02,
    1.35324548e+03, 3.94447479e+02, 1.36155298e+03, 3.53429199e+02,
    1.37042871e+03, 3.10917267e+02, 1.37954114e+03, 2.67535675e+02,
    1.37815894e+03, 4.82689026e+02, 1.38663989e+03, 4.42657410e+02,
    1.39573145e+03, 4.01908264e+02, 1.40506165e+03, 3.59611023e+02,
    1.41449194e+03, 3.16558319e+02, 1.42417224e+03, 2.72222809e+02,
    1.42143665e+03, 4.91906860e+02, 1.43058777e+03, 4.51154083e+02,
    1.44042603e+03, 4.09179321e+02, 1.45043518e+03, 3.66371796e+02,
    1.46048206e+03, 3.22372345e+02, 1.47112683e+03, 2.77216034e+02,
    1.46641296e+03, 5.01634613e+02, 1.47645715e+03, 4.59761475e+02,
    1.48682910e+03, 4.17296783e+02, 1.49754150e+03, 3.73347687e+02,
    1.50861694e+03, 3.28520752e+02, 1.51984534e+03, 2.82344971e+02,
    1.51349719e+03, 5.11450378e+02, 1.52446814e+03, 4.69126923e+02,
    1.53566516e+03, 4.25368073e+02, 1.54717334e+03, 3.80891754e+02,
    1.55888696e+03, 3.34849762e+02, 1.57099329e+03, 2.87764801e+02 ]
