%YAML:1.0
---
points: [ 2.98244812e+02, 7.77487335e+01, 3.11856079e+02, 8.59534073e+01,
    3.25437622e+02, 9.41819916e+01, 3.39036072e+02, 1.02492226e+02,
    3.52652893e+02, 1.10664429e+02, 3.66295288e+02, 1.18808815e+02,
    2.89884705e+02, 9.18782578e+01, 3.03381195e+02, 1.00092651e+02,
    3.16890503e+02, 1.08276665e+02, 3.30479095e+02, 1.16438400e+02,
    3.43901794e+02, 1.24644188e+02, 3.57508453e+02, 1.32829605e+02,
    2.81512085e+02, 1.05994545e+02, 2.94965210e+02, 1.14179741e+02,
    3.08417694e+02, 1.22367470e+02, 3.21822937e+02, 1.30452042e+02,
    3.35298889e+02, 1.38570724e+02, 3.48763397e+02, 1.46661987e+02,
    2.73321381e+02, 1.19927734e+02, 2.86622742e+02, 1.28048996e+02,
    2.99965698e+02, 1.36162567e+02, 3.13352203e+02, 1.44260040e+02,
    3.26715759e+02, 1.52278580e+02, 3.40113434e+02, 1.60311325e+02,
    2.65184784e+02, 1.33760468e+02, 2.78480835e+02, 1.41808655e+02,
    2.91769318e+02, 1.49819687e+02, 3.05010101e+02, 1.57775467e+02,
    3.18283813e+02, 1.65815491e+02, 3.31607941e+02, 1.73803467e+02,
    2.57222504e+02, 1.47227341e+02, 2.70278839e+02, 1.55144302e+02,
    2.83457153e+02, 1.63486069e+02, 2.96670959e+02, 1.71256607e+02,
    3.09945465e+02, 1.79201752e+02, 3.23191010e+02, 1.87165558e+02,
    2.49318588e+02, 1.60594788e+02, 2.62281799e+02, 1.68836792e+02,
    2.75606995e+02, 1.76437668e+02, 2.88693542e+02, 1.84400742e+02,
    3.01749634e+02, 1.92395462e+02, 3.14874329e+02, 2.00286392e+02,
    2.41352936e+02, 1.73949631e+02, 2.54720459e+02, 1.81848999e+02,
    2.67479645e+02, 1.89745880e+02, 2.80624481e+02, 1.97656662e+02,
    2.93616333e+02, 2.05502441e+02, 3.06727142e+02, 2.13410233e+02 ]
