%YAML:1.0
---
points: [ 6.48361206e+02, 1.48236542e+02, 6.94543152e+02, 1.51813858e+02,
    7.38049927e+02, 1.55486679e+02, 7.79078613e+02, 1.58809280e+02,
    8.17627991e+02, 1.61687332e+02, 8.54295898e+02, 1.64755066e+02,
    6.59564819e+02, 1.97892212e+02, 7.05421753e+02, 2.00311981e+02,
    7.48610901e+02, 2.02453857e+02, 7.89299011e+02, 2.04418869e+02,
    8.27678650e+02, 2.06391632e+02, 8.64023193e+02, 2.07980484e+02,
    6.70786804e+02, 2.48334244e+02, 7.16474243e+02, 2.49158264e+02,
    7.59222290e+02, 2.49767654e+02, 7.99529602e+02, 2.50378815e+02,
    8.37690430e+02, 2.51024887e+02, 8.73805786e+02, 2.51445953e+02,
    6.82058838e+02, 2.98168121e+02, 7.27407654e+02, 2.97465240e+02,
    7.69752991e+02, 2.96708160e+02, 8.09616577e+02, 2.96169586e+02,
    8.47607910e+02, 2.95416016e+02, 8.83249817e+02, 2.94632111e+02,
    6.93488647e+02, 3.47956512e+02, 7.38097290e+02, 3.45620453e+02,
    7.80398315e+02, 3.43667480e+02, 8.19811829e+02, 3.41556458e+02,
    8.57294067e+02, 3.39663483e+02, 8.92612305e+02, 3.37792145e+02,
    7.04523865e+02, 3.97572235e+02, 7.48818909e+02, 3.93792267e+02,
    7.90768677e+02, 3.90389252e+02, 8.29838867e+02, 3.87026520e+02,
    8.67068665e+02, 3.83789093e+02, 9.02269287e+02, 3.80842224e+02,
    7.15555603e+02, 4.47252045e+02, 7.59516907e+02, 4.41838379e+02,
    8.01149353e+02, 4.37013336e+02, 8.39792725e+02, 4.32443909e+02,
    8.76722473e+02, 4.28054047e+02, 9.11665405e+02, 4.23706940e+02,
    7.26614563e+02, 4.96972290e+02, 7.70228333e+02, 4.90252686e+02,
    8.11361755e+02, 4.83588928e+02, 8.49829163e+02, 4.77704346e+02,
    8.86354370e+02, 4.72075226e+02, 9.21207703e+02, 4.66663818e+02 ]
