%YAML:1.0
---
points: [ 7.07356384e+02, 2.07654297e+02, 7.56382629e+02, 2.09264679e+02,
    8.02501221e+02, 2.10612991e+02, 8.46093811e+02, 2.11915253e+02,
    8.87324585e+02, 2.13081802e+02, 9.26578308e+02, 2.14111496e+02,
    7.08132324e+02, 2.62929260e+02, 7.56165955e+02, 2.62924133e+02,
    8.01616028e+02, 2.62856323e+02, 8.44452087e+02, 2.62703278e+02,
    8.85231506e+02, 2.62531891e+02, 9.23697632e+02, 2.62383301e+02,
    7.08743835e+02, 3.16824066e+02, 7.55976990e+02, 3.15233337e+02,
    8.00660095e+02, 3.13695892e+02, 8.42875977e+02, 3.12400299e+02,
    8.83009216e+02, 3.11011353e+02, 9.21191650e+02, 3.09504669e+02,
    7.09404236e+02, 3.68480194e+02, 7.55743896e+02, 3.65550659e+02,
    7.99809692e+02, 3.62562958e+02, 8.41255371e+02, 3.60083710e+02,
    8.80727173e+02, 3.57384674e+02, 9.18204041e+02, 3.55018372e+02,
    7.09981873e+02, 4.18380219e+02, 7.55453003e+02, 4.13918304e+02,
    7.98702026e+02, 4.09927185e+02, 8.39638000e+02, 4.06303009e+02,
    8.78529602e+02, 4.02436737e+02, 9.15587891e+02, 3.98766296e+02,
    7.10269531e+02, 4.66440277e+02, 7.55163818e+02, 4.60951904e+02,
    7.97776245e+02, 4.55673859e+02, 8.38176697e+02, 4.50753174e+02,
    8.76448669e+02, 4.45948761e+02, 9.12919373e+02, 4.41490723e+02,
    7.10635376e+02, 5.13160278e+02, 7.54829712e+02, 5.06496490e+02,
    7.96717651e+02, 5.00187561e+02, 8.36515015e+02, 4.93975769e+02,
    8.74460144e+02, 4.88275208e+02, 9.10472961e+02, 4.82686035e+02,
    7.10813965e+02, 5.58430420e+02, 7.54420837e+02, 5.50537109e+02,
    7.95732361e+02, 5.43289490e+02, 8.34851807e+02, 5.36153748e+02,
    8.72341614e+02, 5.29470093e+02, 9.07806641e+02, 5.23319092e+02 ]
