%YAML:1.0
---
points: [ 2.97328491e+02, 2.21788254e+02, 3.02760468e+02, 2.03339935e+02,
    3.08206909e+02, 1.84738998e+02, 3.13807098e+02, 1.65918930e+02,
    3.19474945e+02, 1.46887939e+02, 3.25121674e+02, 1.27663269e+02,
    3.08534607e+02, 2.23971603e+02, 3.13682800e+02, 2.06277283e+02,
    3.19016754e+02, 1.88364380e+02, 3.24446777e+02, 1.70159363e+02,
    3.29960602e+02, 1.51884079e+02, 3.35520233e+02, 1.33372589e+02,
    3.18833954e+02, 2.26104019e+02, 3.23892059e+02, 2.09039108e+02,
    3.29242798e+02, 1.91700943e+02, 3.34504822e+02, 1.74271057e+02,
    3.39857452e+02, 1.56549393e+02, 3.45288055e+02, 1.38724487e+02,
    3.28607605e+02, 2.28104706e+02, 3.33669250e+02, 2.11516327e+02,
    3.38595215e+02, 1.94812469e+02, 3.43769897e+02, 1.77934250e+02,
    3.48942505e+02, 1.60804077e+02, 3.54246918e+02, 1.43720215e+02,
    3.37797516e+02, 2.29933533e+02, 3.42519135e+02, 2.13912369e+02,
    3.47434174e+02, 1.97733475e+02, 3.52454620e+02, 1.81429657e+02,
    3.57453339e+02, 1.64878006e+02, 3.62607635e+02, 1.48458206e+02,
    3.46131592e+02, 2.31722961e+02, 3.50869995e+02, 2.16088242e+02,
    3.55692413e+02, 2.00487152e+02, 3.60572357e+02, 1.84630234e+02,
    3.65498444e+02, 1.68724854e+02, 3.70459656e+02, 1.52659622e+02,
    3.54219543e+02, 2.33269135e+02, 3.58715729e+02, 2.18265884e+02,
    3.63482880e+02, 2.02944199e+02, 3.68114563e+02, 1.87794586e+02,
    3.72900787e+02, 1.72187332e+02, 3.77688507e+02, 1.56736603e+02,
    3.61645599e+02, 2.34804794e+02, 3.66033783e+02, 2.20115341e+02,
    3.70816254e+02, 2.05411560e+02, 3.75219330e+02, 1.90490387e+02,
    3.79888275e+02, 1.75708038e+02, 3.84570404e+02, 1.60500000e+02 ]
