%YAML:1.0
---
points: [ 1.88133514e+02, 7.72834167e+01, 2.03369308e+02, 7.17239456e+01,
    2.18453735e+02, 6.61015625e+01, 2.33681290e+02, 6.05972595e+01,
    2.48760971e+02, 5.49265442e+01, 2.64032867e+02, 4.93536873e+01,
    1.94096817e+02, 9.31065750e+01, 2.09181992e+02, 8.75809937e+01,
    2.24175125e+02, 8.20442352e+01, 2.39195908e+02, 7.64851227e+01,
    2.54309006e+02, 7.08501129e+01, 2.69321198e+02, 6.53153610e+01,
    1.99944122e+02, 1.08890091e+02, 2.14940216e+02, 1.03431183e+02,
    2.29858932e+02, 9.78554916e+01, 2.44745773e+02, 9.22889328e+01,
    2.59736420e+02, 8.67689133e+01, 2.74692017e+02, 8.12381287e+01,
    2.05911118e+02, 1.24373405e+02, 2.20659836e+02, 1.18925255e+02,
    2.35413147e+02, 1.13450554e+02, 2.50268661e+02, 1.07893387e+02,
    2.65084351e+02, 1.02397484e+02, 2.79834534e+02, 9.68467026e+01,
    2.11424240e+02, 1.39387726e+02, 2.26329575e+02, 1.34219254e+02,
    2.40910904e+02, 1.28707718e+02, 2.55560181e+02, 1.23251961e+02,
    2.70301239e+02, 1.17769157e+02, 2.85011261e+02, 1.12310501e+02,
    2.17333817e+02, 1.54516113e+02, 2.31641861e+02, 1.49130096e+02,
    2.46358627e+02, 1.43851944e+02, 2.60919464e+02, 1.38512436e+02,
    2.75469849e+02, 1.32948837e+02, 2.90059998e+02, 1.27528458e+02,
    2.22819351e+02, 1.69107803e+02, 2.37171432e+02, 1.64006790e+02,
    2.51647308e+02, 1.58678070e+02, 2.66091370e+02, 1.53185913e+02,
    2.80600830e+02, 1.47870987e+02, 2.94967804e+02, 1.42452911e+02,
    2.28108093e+02, 1.83931076e+02, 2.42645782e+02, 1.78566483e+02,
    2.56833069e+02, 1.73199326e+02, 2.71253296e+02, 1.67915909e+02,
    2.85579437e+02, 1.62606842e+02, 3.00060913e+02, 1.57172363e+02 ]
