%YAML:1.0
---
points: [ 9.82546631e+02, 5.62250366e+02, 9.96833008e+02, 5.07363922e+02,
    1.01132489e+03, 4.51649811e+02, 1.02562964e+03, 3.95685150e+02,
    1.04024341e+03, 3.39028320e+02, 1.05487732e+03, 2.81555328e+02,
    1.01854919e+03, 5.67890808e+02, 1.03245312e+03, 5.14855591e+02,
    1.04637952e+03, 4.61488525e+02, 1.06041150e+03, 4.07577637e+02,
    1.07464026e+03, 3.52989716e+02, 1.08907861e+03, 2.97909332e+02,
    1.05229236e+03, 5.73234924e+02, 1.06562085e+03, 5.22270813e+02,
    1.07929895e+03, 4.70639282e+02, 1.09305359e+03, 4.18629730e+02,
    1.10690894e+03, 3.66192047e+02, 1.12123157e+03, 3.13104797e+02,
    1.08353345e+03, 5.78180847e+02, 1.09661584e+03, 5.28830017e+02,
    1.10973438e+03, 4.79029755e+02, 1.12305139e+03, 4.28851013e+02,
    1.13677124e+03, 3.78334534e+02, 1.15036011e+03, 3.27157318e+02,
    1.11281506e+03, 5.82680603e+02, 1.12545032e+03, 5.34939392e+02,
    1.13842505e+03, 4.86925995e+02, 1.15146912e+03, 4.38488678e+02,
    1.16450745e+03, 3.89485382e+02, 1.17806201e+03, 3.40251892e+02,
    1.13992847e+03, 5.86972839e+02, 1.15254834e+03, 5.40702454e+02,
    1.16508655e+03, 4.94263092e+02, 1.17764905e+03, 4.47423737e+02,
    1.19051208e+03, 4.00095093e+02, 1.20365527e+03, 3.52370331e+02,
    1.16562317e+03, 5.91182251e+02, 1.17773267e+03, 5.46258606e+02,
    1.19006299e+03, 5.01335175e+02, 1.20226929e+03, 4.55589203e+02,
    1.21485034e+03, 4.09852600e+02, 1.22763208e+03, 3.63607605e+02,
    1.18984924e+03, 5.94781799e+02, 1.20161304e+03, 5.51295593e+02,
    1.21346326e+03, 5.07560730e+02, 1.22560205e+03, 4.63605408e+02,
    1.23777979e+03, 4.19177368e+02, 1.25031799e+03, 3.74408844e+02 ]
