%YAML:1.0
---
points: [ 1.37413684e+03, 4.89093018e+02, 1.39676379e+03, 5.17711060e+02,
    1.41964697e+03, 5.47047485e+02, 1.44287817e+03, 5.76430359e+02,
    1.46647766e+03, 6.06380920e+02, 1.49028333e+03, 6.36598999e+02,
    1.34367957e+03, 5.09457550e+02, 1.36609424e+03, 5.38325073e+02,
    1.38870874e+03, 5.67451904e+02, 1.41176819e+03, 5.96997131e+02,
    1.43501514e+03, 6.26833069e+02, 1.45869299e+03, 6.57295593e+02,
    1.31360962e+03, 5.29672363e+02, 1.33566663e+03, 5.58462952e+02,
    1.35820386e+03, 5.87699707e+02, 1.38094092e+03, 6.17276245e+02,
    1.40401514e+03, 6.47426147e+02, 1.42733228e+03, 6.77655151e+02,
    1.28370837e+03, 5.49766541e+02, 1.30557898e+03, 5.78595032e+02,
    1.32780579e+03, 6.07818909e+02, 1.35035791e+03, 6.37542175e+02,
    1.37308411e+03, 6.67554199e+02, 1.39626770e+03, 6.98042480e+02,
    1.25403491e+03, 5.69805847e+02, 1.27565967e+03, 5.98586060e+02,
    1.29760352e+03, 6.27890869e+02, 1.31968921e+03, 6.57553223e+02,
    1.34236853e+03, 6.87700256e+02, 1.36522485e+03, 7.18183533e+02,
    1.22470911e+03, 5.89556213e+02, 1.24606421e+03, 6.18530884e+02,
    1.26762903e+03, 6.47760925e+02, 1.28954602e+03, 6.77503296e+02,
    1.31182971e+03, 7.07663818e+02, 1.33447424e+03, 7.38335632e+02,
    1.19535193e+03, 6.09366760e+02, 1.21638416e+03, 6.38280823e+02,
    1.23780945e+03, 6.67677612e+02, 1.25940662e+03, 6.97376831e+02,
    1.28146753e+03, 7.27677795e+02, 1.30379211e+03, 7.58367249e+02,
    1.16641016e+03, 6.28782593e+02, 1.18725586e+03, 6.57826294e+02,
    1.20836658e+03, 6.87247620e+02, 1.22977063e+03, 7.17138306e+02,
    1.25147388e+03, 7.47319763e+02, 1.27351318e+03, 7.78079163e+02 ]
