%YAML:1.0
---
points: [ 1.80933014e+02, 1.89254700e+02, 1.83409744e+02, 1.74105026e+02,
    1.85825623e+02, 1.58853485e+02, 1.88416061e+02, 1.43338043e+02,
    1.90883316e+02, 1.27450500e+02, 1.93481903e+02, 1.11454941e+02,
    1.96003922e+02, 1.92321503e+02, 1.98552765e+02, 1.77243179e+02,
    2.01125076e+02, 1.61919952e+02, 2.03747665e+02, 1.46457306e+02,
    2.06366501e+02, 1.30682877e+02, 2.09037750e+02, 1.14583626e+02,
    2.11049149e+02, 1.95286346e+02, 2.13797348e+02, 1.80333633e+02,
    2.16445786e+02, 1.65028275e+02, 2.19244705e+02, 1.49652786e+02,
    2.21859161e+02, 1.33822174e+02, 2.24692917e+02, 1.17799103e+02,
    2.26074295e+02, 1.98303650e+02, 2.28874435e+02, 1.83387985e+02,
    2.31812210e+02, 1.68087082e+02, 2.34834671e+02, 1.52751740e+02,
    2.37278168e+02, 1.36910538e+02, 2.40231339e+02, 1.21035896e+02,
    2.41025406e+02, 2.01279678e+02, 2.43918793e+02, 1.86398132e+02,
    2.46697342e+02, 1.71217072e+02, 2.49217453e+02, 1.55713531e+02,
    2.52777893e+02, 1.40217300e+02, 2.55749374e+02, 1.24279434e+02,
    2.55982483e+02, 2.04280914e+02, 2.58834229e+02, 1.89428299e+02,
    2.61911041e+02, 1.74279175e+02, 2.64272064e+02, 1.58378525e+02,
    2.68055450e+02, 1.43164642e+02, 2.71224976e+02, 1.27260406e+02,
    2.70878632e+02, 2.07391800e+02, 2.73894531e+02, 1.92364578e+02,
    2.76937073e+02, 1.77224228e+02, 2.80240845e+02, 1.61934967e+02,
    2.83431641e+02, 1.46224274e+02, 2.86673157e+02, 1.30474747e+02,
    2.85826660e+02, 2.10210434e+02, 2.88919159e+02, 1.95318817e+02,
    2.92160217e+02, 1.80275620e+02, 2.95388367e+02, 1.64935822e+02,
    2.98766754e+02, 1.49378204e+02, 3.02171448e+02, 1.33525116e+02 ]
