%YAML:1.0
---
points: [ 2.93519135e+02, 1.93459183e+02, 2.91580902e+02, 1.79807541e+02,
    2.89805542e+02, 1.66916321e+02, 2.88019653e+02, 1.54604675e+02,
    2.86489899e+02, 1.42926315e+02, 2.84814270e+02, 1.31733047e+02,
    3.10173737e+02, 1.95401505e+02, 3.07762115e+02, 1.81840851e+02,
    3.05516083e+02, 1.69030457e+02, 3.03523682e+02, 1.56817627e+02,
    3.01431549e+02, 1.45042297e+02, 2.99545990e+02, 1.34014267e+02,
    3.26711792e+02, 1.97347717e+02, 3.23874481e+02, 1.83863846e+02,
    3.21206665e+02, 1.71018204e+02, 3.18761719e+02, 1.58834686e+02,
    3.16365295e+02, 1.47248428e+02, 3.14092316e+02, 1.36208511e+02,
    3.42737000e+02, 1.99191177e+02, 3.39519348e+02, 1.85748367e+02,
    3.36532471e+02, 1.73017059e+02, 3.33707123e+02, 1.60954742e+02,
    3.30882904e+02, 1.49357941e+02, 3.28398499e+02, 1.38494385e+02,
    3.58647156e+02, 2.01031631e+02, 3.54894684e+02, 1.87595703e+02,
    3.51554413e+02, 1.74991547e+02, 3.48318146e+02, 1.62953430e+02,
    3.45249908e+02, 1.51524338e+02, 3.42340881e+02, 1.40692764e+02,
    3.74008453e+02, 2.02826248e+02, 3.70010559e+02, 1.89411041e+02,
    3.66339569e+02, 1.76925583e+02, 3.62704865e+02, 1.64936905e+02,
    3.59277618e+02, 1.53551361e+02, 3.56135742e+02, 1.42692886e+02,
    3.89285370e+02, 2.04570450e+02, 3.84865570e+02, 1.91343658e+02,
    3.80796875e+02, 1.78813431e+02, 3.76888824e+02, 1.67012329e+02,
    3.73175446e+02, 1.55608749e+02, 3.69648499e+02, 1.44752899e+02,
    4.04216095e+02, 2.06424438e+02, 3.99334595e+02, 1.93166351e+02,
    3.95011627e+02, 1.80826950e+02, 3.90723694e+02, 1.68952469e+02,
    3.86718292e+02, 1.57647888e+02, 3.82903534e+02, 1.46828323e+02 ]
