%YAML:1.0
---
points: [ 9.83692200e+02, 4.79481201e+02, 9.80136414e+02, 4.38915283e+02,
    9.76456604e+02, 4.00521912e+02, 9.73247925e+02, 3.64113678e+02,
    9.69967102e+02, 3.29223206e+02, 9.66933655e+02, 2.96060211e+02,
    1.03331274e+03, 4.84832703e+02, 1.02832458e+03, 4.44675201e+02,
    1.02354016e+03, 4.06540039e+02, 1.01914740e+03, 3.70269470e+02,
    1.01482135e+03, 3.35483307e+02, 1.01093109e+03, 3.02611542e+02,
    1.08224182e+03, 4.90211395e+02, 1.07606177e+03, 4.50271698e+02,
    1.07009998e+03, 4.12403320e+02, 1.06469043e+03, 3.76315399e+02,
    1.05943530e+03, 3.41695496e+02, 1.05433740e+03, 3.08755829e+02,
    1.13011267e+03, 4.95416168e+02, 1.12263708e+03, 4.55637604e+02,
    1.11569250e+03, 4.18096680e+02, 1.10893726e+03, 3.82272461e+02,
    1.10260046e+03, 3.47799927e+02, 1.09658118e+03, 3.15186707e+02,
    1.17701160e+03, 5.00382874e+02, 1.16850793e+03, 4.61161163e+02,
    1.16031812e+03, 4.23579559e+02, 1.15269641e+03, 3.87750854e+02,
    1.14522974e+03, 3.54036743e+02, 1.13855017e+03, 3.21429230e+02,
    1.22308459e+03, 5.05477356e+02, 1.21324463e+03, 4.66311798e+02,
    1.20440735e+03, 4.29122406e+02, 1.19555408e+03, 3.93519714e+02,
    1.18731445e+03, 3.59682709e+02, 1.17957214e+03, 3.27463104e+02,
    1.26846790e+03, 5.10477753e+02, 1.25756775e+03, 4.71502228e+02,
    1.24746704e+03, 4.34445801e+02, 1.23758606e+03, 3.99246887e+02,
    1.22841284e+03, 3.65523071e+02, 1.21966138e+03, 3.33401306e+02,
    1.31300122e+03, 5.15337036e+02, 1.30107166e+03, 4.76631653e+02,
    1.28978992e+03, 4.39704590e+02, 1.27925208e+03, 4.04638641e+02,
    1.26905615e+03, 3.71232178e+02, 1.25947119e+03, 3.39151306e+02 ]
