%YAML:1.0
---
points: [ 2.78807648e+02, 2.39535767e+02, 2.81485504e+02, 2.27138809e+02,
    2.84246033e+02, 2.13795563e+02, 2.87284485e+02, 1.99694946e+02,
    2.90358490e+02, 1.84927643e+02, 2.93784576e+02, 1.69188812e+02,
    2.94382690e+02, 2.39760513e+02, 2.97408691e+02, 2.27335709e+02,
    3.00710907e+02, 2.14220230e+02, 3.04079773e+02, 2.00274033e+02,
    3.07756348e+02, 1.85445328e+02, 3.11583801e+02, 1.69854538e+02,
    3.09827820e+02, 2.40048050e+02, 3.13308472e+02, 2.27614822e+02,
    3.16897491e+02, 2.14485916e+02, 3.20791870e+02, 2.00763718e+02,
    3.24937164e+02, 1.86224823e+02, 3.29394958e+02, 1.70613571e+02,
    3.25182129e+02, 2.40215683e+02, 3.28941589e+02, 2.27970993e+02,
    3.32931641e+02, 2.14994644e+02, 3.37199707e+02, 2.01270935e+02,
    3.41795624e+02, 1.86739334e+02, 3.46645935e+02, 1.71332901e+02,
    3.40193359e+02, 2.40436249e+02, 3.44365417e+02, 2.28231339e+02,
    3.48769806e+02, 2.15366592e+02, 3.53589722e+02, 2.01668701e+02,
    3.58520416e+02, 1.87312531e+02, 3.63841614e+02, 1.72141907e+02,
    3.55109863e+02, 2.40614944e+02, 3.59581879e+02, 2.28486893e+02,
    3.64422028e+02, 2.15737259e+02, 3.69524658e+02, 2.02173157e+02,
    3.74875916e+02, 1.87865494e+02, 3.80637573e+02, 1.72731339e+02,
    3.69624939e+02, 2.40724731e+02, 3.74681793e+02, 2.28666168e+02,
    3.79846680e+02, 2.15931030e+02, 3.85203827e+02, 2.02672165e+02,
    3.91035065e+02, 1.88416031e+02, 3.97185425e+02, 1.73422836e+02,
    3.84287140e+02, 2.40968185e+02, 3.89444489e+02, 2.28867111e+02,
    3.94944183e+02, 2.16378448e+02, 4.00730072e+02, 2.03082458e+02,
    4.06893402e+02, 1.88977676e+02, 4.13355469e+02, 1.74174622e+02 ]
