%YAML:1.0
---
points: [ 1.92708237e+02, 2.03289581e+02, 1.94245987e+02, 1.88808762e+02,
    1.95868851e+02, 1.74560287e+02, 1.97349182e+02, 1.60566452e+02,
    1.98792923e+02, 1.46897614e+02, 2.00185974e+02, 1.33462128e+02,
    2.08142273e+02, 2.04487045e+02, 2.09579788e+02, 1.89812210e+02,
    2.10952942e+02, 1.75652939e+02, 2.12308197e+02, 1.61721268e+02,
    2.13561172e+02, 1.48027298e+02, 2.14892029e+02, 1.34602509e+02,
    2.23660217e+02, 2.05475296e+02, 2.24941910e+02, 1.91098282e+02,
    2.26140839e+02, 1.76770981e+02, 2.27319580e+02, 1.62789612e+02,
    2.28439270e+02, 1.49209488e+02, 2.29566544e+02, 1.35793686e+02,
    2.39125000e+02, 2.06586441e+02, 2.40176605e+02, 1.92103363e+02,
    2.41181625e+02, 1.77818787e+02, 2.42203598e+02, 1.64005356e+02,
    2.43211487e+02, 1.50249649e+02, 2.44153961e+02, 1.36871078e+02,
    2.54406189e+02, 2.07679794e+02, 2.55292435e+02, 1.93205048e+02,
    2.56151184e+02, 1.78974762e+02, 2.57044647e+02, 1.65068817e+02,
    2.57832581e+02, 1.51382263e+02, 2.58667053e+02, 1.38015045e+02,
    2.69645294e+02, 2.08720596e+02, 2.70378784e+02, 1.94245834e+02,
    2.71128632e+02, 1.80019287e+02, 2.71852142e+02, 1.66168549e+02,
    2.72450470e+02, 1.52309723e+02, 2.73213715e+02, 1.39137787e+02,
    2.85080505e+02, 2.09805862e+02, 2.85446960e+02, 1.95301285e+02,
    2.86039368e+02, 1.81154449e+02, 2.86522583e+02, 1.67265915e+02,
    2.87108276e+02, 1.53461319e+02, 2.87611542e+02, 1.40181900e+02,
    3.00257629e+02, 2.10892349e+02, 3.00643219e+02, 1.96366409e+02,
    3.01075470e+02, 1.82136505e+02, 3.01379974e+02, 1.68286255e+02,
    3.01814362e+02, 1.54566162e+02, 3.02167847e+02, 1.41216568e+02 ]
