%YAML:1.0
---
points: [ 1.33279041e+03, 4.15614349e+02, 1.31594897e+03, 4.59348236e+02,
    1.29985999e+03, 5.00602386e+02, 1.28507227e+03, 5.39532471e+02,
    1.27090747e+03, 5.76436707e+02, 1.25758667e+03, 6.11607910e+02,
    1.28459021e+03, 4.14700684e+02, 1.26884387e+03, 4.58745300e+02,
    1.25418396e+03, 5.00333710e+02, 1.24042090e+03, 5.39573669e+02,
    1.22725952e+03, 5.76609192e+02, 1.21473792e+03, 6.12138367e+02,
    1.23571387e+03, 4.13814819e+02, 1.22135876e+03, 4.58200470e+02,
    1.20791931e+03, 4.99950531e+02, 1.19527979e+03, 5.39535461e+02,
    1.18320740e+03, 5.76844055e+02, 1.17165320e+03, 6.12401855e+02,
    1.18613855e+03, 4.12930908e+02, 1.17291443e+03, 4.57478851e+02,
    1.16074243e+03, 4.99678436e+02, 1.14935828e+03, 5.39522461e+02,
    1.13840479e+03, 5.76965088e+02, 1.12822021e+03, 6.13029114e+02,
    1.13551843e+03, 4.11985199e+02, 1.12385364e+03, 4.56827026e+02,
    1.11299573e+03, 4.99269928e+02, 1.10253821e+03, 5.39329468e+02,
    1.09304907e+03, 5.77257385e+02, 1.08381030e+03, 6.13285950e+02,
    1.08448303e+03, 4.10875031e+02, 1.07427100e+03, 4.56146820e+02,
    1.06459607e+03, 4.98950348e+02, 1.05543872e+03, 5.39259460e+02,
    1.04700549e+03, 5.77442322e+02, 1.03875122e+03, 6.13656128e+02,
    1.03199463e+03, 4.09424255e+02, 1.02309766e+03, 4.55291229e+02,
    1.01503552e+03, 4.98458954e+02, 1.00723529e+03, 5.39235718e+02,
    9.99840637e+02, 5.77529968e+02, 9.92827087e+02, 6.14110474e+02,
    9.78928955e+02, 4.08261810e+02, 9.71592346e+02, 4.54519043e+02,
    9.64930237e+02, 4.97978394e+02, 9.58551331e+02, 5.39085083e+02,
    9.52576111e+02, 5.77769531e+02, 9.46651367e+02, 6.14457886e+02 ]
