%YAML:1.0
---
points: [ 1.30444250e+03, 4.96563538e+02, 1.32583765e+03, 5.16244690e+02,
    1.34831299e+03, 5.36569580e+02, 1.37143945e+03, 5.57684814e+02,
    1.39568176e+03, 5.79737366e+02, 1.42089990e+03, 6.02805359e+02,
    1.28018042e+03, 5.18826050e+02, 1.30099927e+03, 5.38608826e+02,
    1.32262524e+03, 5.59354858e+02, 1.34529309e+03, 5.80726501e+02,
    1.36864697e+03, 6.03259155e+02, 1.39340393e+03, 6.26601868e+02,
    1.25642200e+03, 5.40631409e+02, 1.27658215e+03, 5.60674866e+02,
    1.29763367e+03, 5.81708008e+02, 1.31943042e+03, 6.03486694e+02,
    1.34232678e+03, 6.26292603e+02, 1.36620032e+03, 6.50052795e+02,
    1.23279211e+03, 5.62270264e+02, 1.25244836e+03, 5.82548401e+02,
    1.27271851e+03, 6.03794922e+02, 1.29416541e+03, 6.25918762e+02,
    1.31625525e+03, 6.49020874e+02, 1.33944617e+03, 6.73114441e+02,
    1.20967322e+03, 5.83383728e+02, 1.22868018e+03, 6.04080627e+02,
    1.24854871e+03, 6.25682800e+02, 1.26906409e+03, 6.48076172e+02,
    1.29062292e+03, 6.71542297e+02, 1.31299438e+03, 6.95760254e+02,
    1.18681458e+03, 6.04343201e+02, 1.20540210e+03, 6.25443054e+02,
    1.22450720e+03, 6.47216797e+02, 1.24451904e+03, 6.69903687e+02,
    1.26534778e+03, 6.93577209e+02, 1.28721460e+03, 7.18319336e+02,
    1.16431982e+03, 6.25161621e+02, 1.18223962e+03, 6.46465332e+02,
    1.20075830e+03, 6.68586731e+02, 1.22007922e+03, 6.91541077e+02,
    1.24043311e+03, 7.15554321e+02, 1.26142334e+03, 7.40554688e+02,
    1.14202612e+03, 6.45652344e+02, 1.15949829e+03, 6.67185852e+02,
    1.17753601e+03, 6.89512573e+02, 1.19631934e+03, 7.12732483e+02,
    1.21577332e+03, 7.37030029e+02, 1.23642834e+03, 7.62415771e+02 ]
