%YAML:1.0
---
points: [ 1.99588272e+02, 1.90878143e+02, 2.01078857e+02, 1.78869171e+02,
    2.02694656e+02, 1.67343658e+02, 2.04150223e+02, 1.56222809e+02,
    2.05526627e+02, 1.45610474e+02, 2.06850296e+02, 1.35366074e+02,
    2.14599045e+02, 1.92186295e+02, 2.15935410e+02, 1.80140045e+02,
    2.17128128e+02, 1.68605469e+02, 2.18264633e+02, 1.57637512e+02,
    2.19359787e+02, 1.47014084e+02, 2.20469559e+02, 1.36808777e+02,
    2.29635635e+02, 1.93453384e+02, 2.30572601e+02, 1.81522034e+02,
    2.31505630e+02, 1.69993378e+02, 2.32391739e+02, 1.58938446e+02,
    2.33262680e+02, 1.48279083e+02, 2.34079575e+02, 1.38076553e+02,
    2.44526794e+02, 1.94736771e+02, 2.45193115e+02, 1.82740540e+02,
    2.45746094e+02, 1.71375565e+02, 2.46373489e+02, 1.60271179e+02,
    2.46951263e+02, 1.49607101e+02, 2.47491104e+02, 1.39450897e+02,
    2.59350464e+02, 1.95995422e+02, 2.59627960e+02, 1.84008423e+02,
    2.59914825e+02, 1.72446335e+02, 2.60267059e+02, 1.61568665e+02,
    2.60568787e+02, 1.50979492e+02, 2.60834534e+02, 1.40741440e+02,
    2.73937408e+02, 1.97216812e+02, 2.73981506e+02, 1.85232132e+02,
    2.74025757e+02, 1.73833344e+02, 2.74045288e+02, 1.62800613e+02,
    2.74060425e+02, 1.52214752e+02, 2.74140045e+02, 1.42048981e+02,
    2.88636230e+02, 1.98519241e+02, 2.88263947e+02, 1.86552582e+02,
    2.88094482e+02, 1.75189163e+02, 2.87797272e+02, 1.64138351e+02,
    2.87489563e+02, 1.53482834e+02, 2.87279968e+02, 1.43314941e+02,
    3.03172943e+02, 1.99748581e+02, 3.02565308e+02, 1.87794220e+02,
    3.02027924e+02, 1.76364410e+02, 3.01415833e+02, 1.65369919e+02,
    3.01025146e+02, 1.54819443e+02, 3.00497925e+02, 1.44522018e+02 ]
