%YAML:1.0
---
points: [ 1.25913745e+03, 4.93876007e+02, 1.28749365e+03, 5.25979919e+02,
    1.31663037e+03, 5.58962830e+02, 1.34649243e+03, 5.92589661e+02,
    1.37713013e+03, 6.27030334e+02, 1.40830127e+03, 6.62231079e+02,
    1.23704626e+03, 5.15418030e+02, 1.26440674e+03, 5.46828003e+02,
    1.29239819e+03, 5.78790527e+02, 1.32090857e+03, 6.11716919e+02,
    1.35034399e+03, 6.45174561e+02, 1.38031726e+03, 6.79453674e+02,
    1.21648596e+03, 5.35646973e+02, 1.24281262e+03, 5.66150635e+02,
    1.26965308e+03, 5.97538696e+02, 1.29703052e+03, 6.29478027e+02,
    1.32531995e+03, 6.62250671e+02, 1.35407092e+03, 6.95456848e+02,
    1.19723779e+03, 5.54666077e+02, 1.22253516e+03, 5.84559326e+02,
    1.24834753e+03, 6.15143311e+02, 1.27475745e+03, 6.46340271e+02,
    1.30178833e+03, 6.77994751e+02, 1.32950647e+03, 7.10649048e+02,
    1.17902734e+03, 5.72644287e+02, 1.20344019e+03, 6.01628723e+02,
    1.22842920e+03, 6.31552307e+02, 1.25373022e+03, 6.61905823e+02,
    1.27994385e+03, 6.93135254e+02, 1.30641992e+03, 7.24677429e+02,
    1.16185327e+03, 5.89553284e+02, 1.18544177e+03, 6.18041931e+02,
    1.20949500e+03, 6.47183655e+02, 1.23406482e+03, 6.76739319e+02,
    1.25914465e+03, 7.07153992e+02, 1.28485645e+03, 7.38064392e+02,
    1.14566077e+03, 6.05450256e+02, 1.16843909e+03, 6.33327271e+02,
    1.19163281e+03, 6.61947876e+02, 1.21523523e+03, 6.90801941e+02,
    1.23952417e+03, 7.20527161e+02, 1.26420129e+03, 7.50646912e+02,
    1.13031946e+03, 6.20508911e+02, 1.15241321e+03, 6.47875183e+02,
    1.17478577e+03, 6.75666626e+02, 1.19770984e+03, 7.04144592e+02,
    1.22098865e+03, 7.32993774e+02, 1.24506335e+03, 7.62535400e+02 ]
