%YAML:1.0
---
points: [ 2.94169891e+02, 2.77818909e+02, 2.96251129e+02, 2.62216919e+02,
    2.98397156e+02, 2.46593262e+02, 3.00544586e+02, 2.30535141e+02,
    3.02726501e+02, 2.14428757e+02, 3.05032928e+02, 1.97819733e+02,
    3.08295929e+02, 2.82797455e+02, 3.10461639e+02, 2.66832123e+02,
    3.12752777e+02, 2.50695984e+02, 3.15090057e+02, 2.34363052e+02,
    3.17428558e+02, 2.17676300e+02, 3.19930054e+02, 2.00791199e+02,
    3.23282654e+02, 2.88170532e+02, 3.25715607e+02, 2.71675262e+02,
    3.28068665e+02, 2.55089966e+02, 3.30629242e+02, 2.38315857e+02,
    3.33192139e+02, 2.21224609e+02, 3.35842010e+02, 2.03787567e+02,
    3.39181000e+02, 2.93732849e+02, 3.41701172e+02, 2.76916138e+02,
    3.44338318e+02, 2.59815063e+02, 3.47099335e+02, 2.42481064e+02,
    3.49930542e+02, 2.24910736e+02, 3.52780426e+02, 2.07114136e+02,
    3.55932892e+02, 2.99703186e+02, 3.58760254e+02, 2.82400543e+02,
    3.61720093e+02, 2.64872314e+02, 3.64702972e+02, 2.46982635e+02,
    3.67679718e+02, 2.28893051e+02, 3.70744843e+02, 2.10436920e+02,
    3.73802429e+02, 3.05880219e+02, 3.76862457e+02, 2.88215759e+02,
    3.79993134e+02, 2.70173401e+02, 3.83288940e+02, 2.51760696e+02,
    3.86591064e+02, 2.33085678e+02, 3.89939911e+02, 2.14090576e+02,
    3.92650665e+02, 3.12555634e+02, 3.96083801e+02, 2.94294769e+02,
    3.99486908e+02, 2.75720490e+02, 4.02937775e+02, 2.56839478e+02,
    4.06658081e+02, 2.37474655e+02, 4.10286591e+02, 2.18041916e+02,
    4.12659821e+02, 3.19358368e+02, 4.16403168e+02, 3.00661194e+02,
    4.20139923e+02, 2.81682190e+02, 4.24043884e+02, 2.62186218e+02,
    4.27954468e+02, 2.42292709e+02, 4.32033051e+02, 2.22148682e+02 ]
