%YAML:1.0
---
points: [ 9.91473328e+02, 7.23505615e+02, 9.97238525e+02, 6.77675964e+02,
    1.00317749e+03, 6.31241028e+02, 1.00915155e+03, 5.84294800e+02,
    1.01544409e+03, 5.36506836e+02, 1.02165973e+03, 4.88107483e+02,
    1.03089624e+03, 7.38224121e+02, 1.03727454e+03, 6.91333374e+02,
    1.04355273e+03, 6.43472046e+02, 1.04978284e+03, 5.95307922e+02,
    1.05665137e+03, 5.46290955e+02, 1.06345325e+03, 4.96644775e+02,
    1.07312891e+03, 7.53797302e+02, 1.07967712e+03, 7.05474365e+02,
    1.08652686e+03, 6.56390137e+02, 1.09344116e+03, 6.06921692e+02,
    1.10059497e+03, 5.56533020e+02, 1.10774097e+03, 5.05476044e+02,
    1.11740906e+03, 7.70243469e+02, 1.12454565e+03, 7.20535034e+02,
    1.13199536e+03, 6.70269592e+02, 1.13947363e+03, 6.19192017e+02,
    1.14719727e+03, 5.67521606e+02, 1.15495374e+03, 5.14827637e+02,
    1.16451086e+03, 7.87729248e+02, 1.17226245e+03, 7.36649963e+02,
    1.18026953e+03, 6.85063171e+02, 1.18826843e+03, 6.32497620e+02,
    1.19659949e+03, 5.79152527e+02, 1.20524976e+03, 5.25008179e+02,
    1.21474451e+03, 8.06340515e+02, 1.22307507e+03, 7.54024048e+02,
    1.23180798e+03, 7.00566956e+02, 1.24056543e+03, 6.46451782e+02,
    1.24953613e+03, 5.91512146e+02, 1.25897058e+03, 5.35612732e+02,
    1.26839832e+03, 8.26397217e+02, 1.27736450e+03, 7.72211243e+02,
    1.28650024e+03, 7.17314453e+02, 1.29627234e+03, 6.61476074e+02,
    1.30624609e+03, 6.04717590e+02, 1.31631177e+03, 5.47214478e+02,
    1.32566064e+03, 8.47537415e+02, 1.33551794e+03, 7.91740906e+02,
    1.34553052e+03, 7.35079834e+02, 1.35605908e+03, 6.77455200e+02,
    1.36669421e+03, 6.18913696e+02, 1.37781909e+03, 5.59483704e+02 ]
