%YAML:1.0
---
points: [ 1.80454926e+02, 1.73906815e+02, 1.81950958e+02, 1.60191696e+02,
    1.83315826e+02, 1.47111969e+02, 1.84515182e+02, 1.34375641e+02,
    1.85778229e+02, 1.22276611e+02, 1.87035675e+02, 1.10668221e+02,
    1.96866409e+02, 1.77773254e+02, 1.97928864e+02, 1.64263794e+02,
    1.98941772e+02, 1.51270050e+02, 1.99884415e+02, 1.38798233e+02,
    2.00728119e+02, 1.26743782e+02, 2.01692383e+02, 1.15164726e+02,
    2.12699310e+02, 1.81676605e+02, 2.13389954e+02, 1.68257263e+02,
    2.14142136e+02, 1.55383667e+02, 2.14751678e+02, 1.43005386e+02,
    2.15383026e+02, 1.31059784e+02, 2.15990967e+02, 1.19574272e+02,
    2.28033630e+02, 1.85262863e+02, 2.28397003e+02, 1.72050629e+02,
    2.28691696e+02, 1.59336502e+02, 2.29072769e+02, 1.47059296e+02,
    2.29459213e+02, 1.35275772e+02, 2.29724731e+02, 1.23867180e+02,
    2.42741882e+02, 1.88759109e+02, 2.42750092e+02, 1.75716736e+02,
    2.42849670e+02, 1.63079514e+02, 2.42890701e+02, 1.51043304e+02,
    2.43052231e+02, 1.39189835e+02, 2.43145996e+02, 1.28003906e+02,
    2.56855164e+02, 1.92201477e+02, 2.56709473e+02, 1.79159851e+02,
    2.56592804e+02, 1.66804642e+02, 2.56461700e+02, 1.54790558e+02,
    2.56284180e+02, 1.43171036e+02, 2.56101562e+02, 1.31968765e+02,
    2.70758209e+02, 1.95506653e+02, 2.70253815e+02, 1.82628876e+02,
    2.69850067e+02, 1.70301880e+02, 2.69410492e+02, 1.58431610e+02,
    2.69031433e+02, 1.46944138e+02, 2.68612274e+02, 1.35942398e+02,
    2.84149353e+02, 1.98649216e+02, 2.83363159e+02, 1.85991257e+02,
    2.82781891e+02, 1.73758072e+02, 2.82121948e+02, 1.62005356e+02,
    2.81515717e+02, 1.50649963e+02, 2.80957336e+02, 1.39679962e+02 ]
