%YAML:1.0
---
points: [ 9.50272705e+02, 6.70664307e+02, 9.58642517e+02, 6.21334778e+02,
    9.66531738e+02, 5.73383301e+02, 9.74348267e+02, 5.27209351e+02,
    9.81671448e+02, 4.82076721e+02, 9.89226929e+02, 4.38622803e+02,
    1.00033685e+03, 6.80620667e+02, 1.00758276e+03, 6.31130310e+02,
    1.01491327e+03, 5.83360229e+02, 1.02184369e+03, 5.37175476e+02,
    1.02856763e+03, 4.92184570e+02, 1.03525208e+03, 4.48675812e+02,
    1.05028418e+03, 6.90655518e+02, 1.05694385e+03, 6.41158936e+02,
    1.06340344e+03, 5.93349121e+02, 1.06954138e+03, 5.47153564e+02,
    1.07548267e+03, 5.02227875e+02, 1.08139319e+03, 4.58474945e+02,
    1.09985242e+03, 7.00512451e+02, 1.10569373e+03, 6.50932983e+02,
    1.11122034e+03, 6.03241211e+02, 1.11659814e+03, 5.56904175e+02,
    1.12181482e+03, 5.12082397e+02, 1.12716052e+03, 4.68454803e+02,
    1.14923450e+03, 7.10362732e+02, 1.15396008e+03, 6.60904480e+02,
    1.15883948e+03, 6.13128784e+02, 1.16355811e+03, 5.66714600e+02,
    1.16805859e+03, 5.21975159e+02, 1.17259326e+03, 4.78274323e+02,
    1.19812671e+03, 7.20251953e+02, 1.20226428e+03, 6.70852783e+02,
    1.20638428e+03, 6.22973572e+02, 1.21032141e+03, 5.76577271e+02,
    1.21382117e+03, 5.31549438e+02, 1.21776880e+03, 4.87812225e+02,
    1.24727979e+03, 7.30174988e+02, 1.25017126e+03, 6.80702271e+02,
    1.25348315e+03, 6.32858887e+02, 1.25659131e+03, 5.86454224e+02,
    1.25971143e+03, 5.41338135e+02, 1.26286621e+03, 4.97629028e+02,
    1.29578870e+03, 7.40140564e+02, 1.29820569e+03, 6.90673523e+02,
    1.30062708e+03, 6.42607483e+02, 1.30289905e+03, 5.96359070e+02,
    1.30550647e+03, 5.51062744e+02, 1.30780286e+03, 5.07410461e+02 ]
