%YAML:1.0
---
points: [ 2.80283539e+02, 2.58628113e+02, 2.82839142e+02, 2.41875275e+02,
    2.85317841e+02, 2.25777863e+02, 2.87697693e+02, 2.09983170e+02,
    2.90009247e+02, 1.94801773e+02, 2.92263977e+02, 1.79976654e+02,
    2.97154327e+02, 2.61949005e+02, 2.99414429e+02, 2.45326279e+02,
    3.01624695e+02, 2.29117355e+02, 3.03728241e+02, 2.13481842e+02,
    3.05792877e+02, 1.98156387e+02, 3.07871521e+02, 1.83261566e+02,
    3.14131836e+02, 2.65572479e+02, 3.15977783e+02, 2.48748062e+02,
    3.17965393e+02, 2.32583817e+02, 3.19812531e+02, 2.16799225e+02,
    3.21766724e+02, 2.01562088e+02, 3.23605927e+02, 1.86660263e+02,
    3.30797760e+02, 2.68875061e+02, 3.32567810e+02, 2.52142914e+02,
    3.34189331e+02, 2.35904617e+02, 3.35949432e+02, 2.20150177e+02,
    3.37544098e+02, 2.04854019e+02, 3.39142090e+02, 1.89987503e+02,
    3.47668396e+02, 2.72314240e+02, 3.49032257e+02, 2.55556213e+02,
    3.50443237e+02, 2.39234009e+02, 3.51874420e+02, 2.23534012e+02,
    3.53282196e+02, 2.08154160e+02, 3.54705231e+02, 1.93240906e+02,
    3.64231903e+02, 2.75781586e+02, 3.65487335e+02, 2.58939575e+02,
    3.66584717e+02, 2.42644470e+02, 3.67803650e+02, 2.26811356e+02,
    3.69028259e+02, 2.11436707e+02, 3.70148529e+02, 1.96590576e+02,
    3.80811096e+02, 2.79062225e+02, 3.81757050e+02, 2.62251251e+02,
    3.82668610e+02, 2.45981781e+02, 3.83600067e+02, 2.30209961e+02,
    3.84502594e+02, 2.14760986e+02, 3.85450684e+02, 1.99870575e+02,
    3.97272369e+02, 2.82365784e+02, 3.97964874e+02, 2.65483978e+02,
    3.98701447e+02, 2.49386719e+02, 3.99404266e+02, 2.33451355e+02,
    4.00123627e+02, 2.18175354e+02, 4.00781891e+02, 2.03132690e+02 ]
