%YAML:1.0
---
points: [ 1.23026697e+03, 2.45344666e+02, 1.26731812e+03, 2.63605743e+02,
    1.30564575e+03, 2.82466064e+02, 1.34522632e+03, 3.01890503e+02,
    1.38622620e+03, 3.21762024e+02, 1.42845264e+03, 3.42570526e+02,
    1.21443530e+03, 2.83617401e+02, 1.25047229e+03, 3.01811676e+02,
    1.28749585e+03, 3.20846313e+02, 1.32571167e+03, 3.40296692e+02,
    1.36540527e+03, 3.60401031e+02, 1.40628699e+03, 3.81055542e+02,
    1.19958264e+03, 3.19770752e+02, 1.23448010e+03, 3.38181427e+02,
    1.27038684e+03, 3.57143494e+02, 1.30740381e+03, 3.76716461e+02,
    1.34568408e+03, 3.96726135e+02, 1.38513953e+03, 4.17550964e+02,
    1.18545422e+03, 3.54368835e+02, 1.21924561e+03, 3.72686066e+02,
    1.25396924e+03, 3.91689392e+02, 1.28977539e+03, 4.11175812e+02,
    1.32694800e+03, 4.31409058e+02, 1.36520557e+03, 4.52114471e+02,
    1.17196606e+03, 3.87006989e+02, 1.20461963e+03, 4.05480377e+02,
    1.23853552e+03, 4.24506378e+02, 1.27330566e+03, 4.44104797e+02,
    1.30928662e+03, 4.64151764e+02, 1.34640857e+03, 4.84890747e+02,
    1.15916992e+03, 4.18411957e+02, 1.19098315e+03, 4.36717560e+02,
    1.22382202e+03, 4.55849731e+02, 1.25755688e+03, 4.75251648e+02,
    1.29251721e+03, 4.95455780e+02, 1.32850793e+03, 5.15990540e+02,
    1.14697412e+03, 4.48288147e+02, 1.17789258e+03, 4.66741333e+02,
    1.20971387e+03, 4.85596252e+02, 1.24243274e+03, 5.05314514e+02,
    1.27643103e+03, 5.25297852e+02, 1.31126624e+03, 5.46070007e+02,
    1.13542102e+03, 4.76766144e+02, 1.16548059e+03, 4.95165161e+02,
    1.19647876e+03, 5.14193848e+02, 1.22839746e+03, 5.33490051e+02,
    1.26125769e+03, 5.53570312e+02, 1.29506433e+03, 5.74038513e+02 ]
