%YAML:1.0
---
points: [ 2.10777878e+02, 1.77800034e+02, 2.09249207e+02, 1.62712357e+02,
    2.07693893e+02, 1.48171280e+02, 2.06260254e+02, 1.34295624e+02,
    2.04857132e+02, 1.20982399e+02, 2.03467636e+02, 1.08188423e+02,
    2.26127869e+02, 1.82078217e+02, 2.24274902e+02, 1.67236816e+02,
    2.22558594e+02, 1.53150635e+02, 2.20834473e+02, 1.39522690e+02,
    2.19151810e+02, 1.26432907e+02, 2.17547180e+02, 1.13844543e+02,
    2.40780273e+02, 1.86268173e+02, 2.38588120e+02, 1.71766388e+02,
    2.36648224e+02, 1.57849289e+02, 2.34786911e+02, 1.44556015e+02,
    2.32879562e+02, 1.31694229e+02, 2.31045410e+02, 1.19340973e+02,
    2.54499802e+02, 1.89965759e+02, 2.52214386e+02, 1.75902466e+02,
    2.49899139e+02, 1.62275146e+02, 2.47775879e+02, 1.49214462e+02,
    2.45697876e+02, 1.36642929e+02, 2.43741196e+02, 1.24590546e+02,
    2.67531433e+02, 1.93559158e+02, 2.64893341e+02, 1.79790833e+02,
    2.62493805e+02, 1.66513336e+02, 2.60170471e+02, 1.53708725e+02,
    2.57907593e+02, 1.41305603e+02, 2.55785553e+02, 1.29573196e+02,
    2.79688812e+02, 1.97026321e+02, 2.77036835e+02, 1.83422180e+02,
    2.74531891e+02, 1.70496719e+02, 2.72010712e+02, 1.57927338e+02,
    2.69559509e+02, 1.45823090e+02, 2.67298737e+02, 1.34160156e+02,
    2.91423767e+02, 2.00248062e+02, 2.88565063e+02, 1.87093521e+02,
    2.85833008e+02, 1.74220856e+02, 2.83152100e+02, 1.61965240e+02,
    2.80626282e+02, 1.50013947e+02, 2.78147339e+02, 1.38565186e+02,
    3.02537689e+02, 2.03384140e+02, 2.99601715e+02, 1.90373337e+02,
    2.96633789e+02, 1.77820114e+02, 2.93786041e+02, 1.65667984e+02,
    2.91220215e+02, 1.54113724e+02, 2.88656281e+02, 1.42748260e+02 ]
