%YAML:1.0
---
points: [ 1.30675549e+03, 2.67926666e+02, 1.33355383e+03, 2.84037567e+02,
    1.36138330e+03, 3.00342316e+02, 1.38963049e+03, 3.17181305e+02,
    1.41925391e+03, 3.34511658e+02, 1.44942786e+03, 3.52406372e+02,
    1.28460144e+03, 2.92551117e+02, 1.31130823e+03, 3.08823914e+02,
    1.33859045e+03, 3.25629242e+02, 1.36681836e+03, 3.42660126e+02,
    1.39569031e+03, 3.60430359e+02, 1.42570703e+03, 3.78575378e+02,
    1.26275745e+03, 3.16920105e+02, 1.28887183e+03, 3.33597778e+02,
    1.31604370e+03, 3.50639709e+02, 1.34375098e+03, 3.68155365e+02,
    1.37250134e+03, 3.86187286e+02, 1.40195874e+03, 4.04772888e+02,
    1.24085645e+03, 3.41451721e+02, 1.26676245e+03, 3.58339020e+02,
    1.29353223e+03, 3.75675537e+02, 1.32096399e+03, 3.93481812e+02,
    1.34918127e+03, 4.11951508e+02, 1.37847168e+03, 4.30753754e+02,
    1.21918567e+03, 3.65836975e+02, 1.24460852e+03, 3.83068268e+02,
    1.27104675e+03, 4.00684875e+02, 1.29804553e+03, 4.18865265e+02,
    1.32610181e+03, 4.37544159e+02, 1.35478723e+03, 4.56835938e+02,
    1.19737000e+03, 3.90006165e+02, 1.22267139e+03, 4.07566193e+02,
    1.24859094e+03, 4.25643738e+02, 1.27539221e+03, 4.44118652e+02,
    1.30289587e+03, 4.63190247e+02, 1.33143652e+03, 4.82699860e+02,
    1.17570117e+03, 4.14381104e+02, 1.20043884e+03, 4.32243439e+02,
    1.22626355e+03, 4.50544220e+02, 1.25248669e+03, 4.69410461e+02,
    1.27978406e+03, 4.88770630e+02, 1.30785571e+03, 5.08783752e+02,
    1.15404993e+03, 4.38489044e+02, 1.17870898e+03, 4.56529938e+02,
    1.20399951e+03, 4.75344604e+02, 1.23012451e+03, 4.94374603e+02,
    1.25678906e+03, 5.14163269e+02, 1.28454980e+03, 5.34524048e+02 ]
