%YAML:1.0
---
points: [ 1.21587292e+03, 3.34475250e+02, 1.21335254e+03, 3.88776398e+02,
    1.21104504e+03, 4.43359863e+02, 1.20848755e+03, 4.97557526e+02,
    1.20640454e+03, 5.51787048e+02, 1.20426538e+03, 6.06541199e+02,
    1.16654468e+03, 3.39697632e+02, 1.16429175e+03, 3.92365875e+02,
    1.16177954e+03, 4.44853638e+02, 1.15950403e+03, 4.97491516e+02,
    1.15744653e+03, 5.50104553e+02, 1.15526917e+03, 6.02719727e+02,
    1.12066858e+03, 3.44542969e+02, 1.11839197e+03, 3.95568298e+02,
    1.11627612e+03, 4.46398376e+02, 1.11380579e+03, 4.97370483e+02,
    1.11163513e+03, 5.48505066e+02, 1.10945911e+03, 5.99290894e+02,
    1.07750964e+03, 3.49245697e+02, 1.07530164e+03, 3.98480225e+02,
    1.07318896e+03, 4.47794250e+02, 1.07078113e+03, 4.97285797e+02,
    1.06882812e+03, 5.46567688e+02, 1.06655884e+03, 5.96166931e+02,
    1.03713306e+03, 3.53363800e+02, 1.03479150e+03, 4.01330566e+02,
    1.03275439e+03, 4.49257111e+02, 1.03059106e+03, 4.97102448e+02,
    1.02845532e+03, 5.45171326e+02, 1.02652478e+03, 5.93072876e+02,
    9.98703247e+02, 3.57145538e+02, 9.96704468e+02, 4.03744202e+02,
    9.94650330e+02, 4.50457092e+02, 9.92617493e+02, 4.96929108e+02,
    9.90561340e+02, 5.43644104e+02, 9.88518005e+02, 5.90382141e+02,
    9.62586548e+02, 3.60876740e+02, 9.60513306e+02, 4.06365448e+02,
    9.58561829e+02, 4.51507904e+02, 9.56446716e+02, 4.96817963e+02,
    9.54399963e+02, 5.42240173e+02, 9.52516968e+02, 5.87586914e+02,
    9.28494995e+02, 3.64472565e+02, 9.26580750e+02, 4.08439850e+02,
    9.24526123e+02, 4.52598633e+02, 9.22544556e+02, 4.96685089e+02,
    9.20611389e+02, 5.40780945e+02, 9.18589478e+02, 5.85210510e+02 ]
