%YAML:1.0
---
points: [ 3.73799957e+02, 1.45490417e+02, 3.72972900e+02, 1.63927032e+02,
    3.72177094e+02, 1.82492950e+02, 3.71375885e+02, 2.00936432e+02,
    3.70667389e+02, 2.19531387e+02, 3.70060272e+02, 2.38056046e+02,
    3.56140198e+02, 1.47183304e+02, 3.55346985e+02, 1.65187302e+02,
    3.54585052e+02, 1.83076691e+02, 3.53781647e+02, 2.00941269e+02,
    3.53133392e+02, 2.18850677e+02, 3.52337646e+02, 2.36758682e+02,
    3.39665131e+02, 1.48901062e+02, 3.38983612e+02, 1.66244110e+02,
    3.38152924e+02, 1.83579132e+02, 3.37349731e+02, 2.00841400e+02,
    3.36698578e+02, 2.18250687e+02, 3.35938141e+02, 2.35583786e+02,
    3.24087494e+02, 1.50543488e+02, 3.23362427e+02, 1.67335175e+02,
    3.22689056e+02, 1.84110397e+02, 3.22074188e+02, 2.00864380e+02,
    3.21191406e+02, 2.17633057e+02, 3.20462677e+02, 2.34525772e+02,
    3.09688599e+02, 1.51993973e+02, 3.09009491e+02, 1.68183517e+02,
    3.08207184e+02, 1.84492599e+02, 3.07422791e+02, 2.00735306e+02,
    3.06893524e+02, 2.17225067e+02, 3.06161560e+02, 2.33422623e+02,
    2.95977020e+02, 1.53327286e+02, 2.95183197e+02, 1.69191177e+02,
    2.94481384e+02, 1.85046707e+02, 2.93853546e+02, 2.00709000e+02,
    2.93100067e+02, 2.16599976e+02, 2.92479736e+02, 2.32455322e+02,
    2.83124176e+02, 1.54611084e+02, 2.82348236e+02, 1.69912277e+02,
    2.81629761e+02, 1.85415543e+02, 2.81007202e+02, 2.00721039e+02,
    2.80330902e+02, 2.16211868e+02, 2.79656006e+02, 2.31596130e+02,
    2.70818665e+02, 1.55774628e+02, 2.70202972e+02, 1.70809189e+02,
    2.69520782e+02, 1.85656067e+02, 2.68894287e+02, 2.00717789e+02,
    2.68201202e+02, 2.15671356e+02, 2.67606384e+02, 2.30794785e+02 ]
