%YAML:1.0
---
points: [ 3.36926544e+02, 1.47069977e+02, 3.53076782e+02, 1.38937683e+02,
    3.69490936e+02, 1.30799286e+02, 3.85861877e+02, 1.22532913e+02,
    4.02559814e+02, 1.14295090e+02, 4.19038940e+02, 1.05999588e+02,
    3.43791595e+02, 1.62587585e+02, 3.59870605e+02, 1.54680756e+02,
    3.76083038e+02, 1.46634888e+02, 3.92501221e+02, 1.38630249e+02,
    4.09002563e+02, 1.30450485e+02, 4.25450958e+02, 1.22457970e+02,
    3.50640259e+02, 1.77878403e+02, 3.66580933e+02, 1.70139648e+02,
    3.82726288e+02, 1.62275421e+02, 3.98983826e+02, 1.54437805e+02,
    4.15407471e+02, 1.46468338e+02, 4.31701691e+02, 1.38539734e+02,
    3.57334564e+02, 1.92739456e+02, 3.73130768e+02, 1.85219345e+02,
    3.89091644e+02, 1.77468613e+02, 4.05297577e+02, 1.69858521e+02,
    4.21506195e+02, 1.62055588e+02, 4.37693665e+02, 1.54316162e+02,
    3.63891815e+02, 2.07398758e+02, 3.79583405e+02, 2.00072861e+02,
    3.95496796e+02, 1.92471695e+02, 4.11499817e+02, 1.85064987e+02,
    4.27601318e+02, 1.77323608e+02, 4.43500824e+02, 1.69778748e+02,
    3.70255981e+02, 2.21702530e+02, 3.86015045e+02, 2.14495316e+02,
    4.01672821e+02, 2.07200806e+02, 4.17530090e+02, 1.99819214e+02,
    4.33414154e+02, 1.92356583e+02, 4.49333832e+02, 1.84881027e+02,
    3.76697723e+02, 2.35804108e+02, 3.92131592e+02, 2.28785736e+02,
    4.07785767e+02, 2.21629669e+02, 4.23333649e+02, 2.14319275e+02,
    4.39130554e+02, 2.07113876e+02, 4.54784637e+02, 1.99650208e+02,
    3.82908722e+02, 2.49731964e+02, 3.98305359e+02, 2.42762939e+02,
    4.13668304e+02, 2.35841675e+02, 4.29200378e+02, 2.28710129e+02,
    4.44754364e+02, 2.21481873e+02, 4.60342285e+02, 2.14354095e+02 ]
