%YAML:1.0
---
points: [ 2.86436859e+02, 7.92501907e+01, 2.83316406e+02, 9.42203293e+01,
    2.80212524e+02, 1.09722748e+02, 2.77018127e+02, 1.25324883e+02,
    2.73800537e+02, 1.41654556e+02, 2.70474823e+02, 1.58065353e+02,
    2.73070099e+02, 8.42747650e+01, 2.70036102e+02, 9.89139328e+01,
    2.66877716e+02, 1.13821510e+02, 2.63593170e+02, 1.29133636e+02,
    2.60290710e+02, 1.44812042e+02, 2.56905365e+02, 1.60751251e+02,
    2.60694519e+02, 8.89475250e+01, 2.57598419e+02, 1.03121704e+02,
    2.54413940e+02, 1.17713669e+02, 2.51080963e+02, 1.32561417e+02,
    2.47874268e+02, 1.47689117e+02, 2.44336319e+02, 1.63244644e+02,
    2.48942474e+02, 9.34680176e+01, 2.45870926e+02, 1.07169151e+02,
    2.42633392e+02, 1.21356216e+02, 2.39422943e+02, 1.35829941e+02,
    2.36007248e+02, 1.50526840e+02, 2.32597702e+02, 1.65575912e+02,
    2.38051804e+02, 9.76508713e+01, 2.35023193e+02, 1.10936378e+02,
    2.31701935e+02, 1.24824791e+02, 2.28318085e+02, 1.38832932e+02,
    2.25000641e+02, 1.53187393e+02, 2.21602829e+02, 1.67661591e+02,
    2.27671371e+02, 1.01414436e+02, 2.24483047e+02, 1.14625282e+02,
    2.21337631e+02, 1.27937599e+02, 2.18007782e+02, 1.41674225e+02,
    2.14582199e+02, 1.55566193e+02, 2.11151932e+02, 1.69805161e+02,
    2.17884995e+02, 1.05188217e+02, 2.14767868e+02, 1.17919167e+02,
    2.11394974e+02, 1.31032440e+02, 2.08146149e+02, 1.44318481e+02,
    2.04801743e+02, 1.57945999e+02, 2.01361023e+02, 1.71638657e+02,
    2.07541245e+02, 1.08775093e+02, 2.04824356e+02, 1.21038849e+02,
    2.02274780e+02, 1.33858170e+02, 1.98895126e+02, 1.46883743e+02,
    1.95506439e+02, 1.59991241e+02, 1.92019104e+02, 1.73553787e+02 ]
