%YAML:1.0
---
points: [ 1.11351294e+03, 3.39461456e+02, 1.16048938e+03, 3.15603455e+02,
    1.20843091e+03, 2.91214294e+02, 1.25665552e+03, 2.66577576e+02,
    1.30604834e+03, 2.41468002e+02, 1.35571753e+03, 2.16148117e+02,
    1.13435022e+03, 3.85267120e+02, 1.18106799e+03, 3.61747284e+02,
    1.22846460e+03, 3.38103363e+02, 1.27661047e+03, 3.13935913e+02,
    1.32547083e+03, 2.89498535e+02, 1.37496777e+03, 2.64610535e+02,
    1.15524048e+03, 4.30244781e+02, 1.20137964e+03, 4.07449219e+02,
    1.24848865e+03, 3.84221893e+02, 1.29626831e+03, 3.60697998e+02,
    1.34479163e+03, 3.36806030e+02, 1.39385217e+03, 3.12687408e+02,
    1.17537219e+03, 4.74065094e+02, 1.22128650e+03, 4.51755249e+02,
    1.26799121e+03, 4.29197205e+02, 1.31535999e+03, 4.06080475e+02,
    1.36355237e+03, 3.82902313e+02, 1.41235364e+03, 3.59225311e+02,
    1.19529712e+03, 5.16933105e+02, 1.24079016e+03, 4.95278961e+02,
    1.28742090e+03, 4.73176056e+02, 1.33437634e+03, 4.50776886e+02,
    1.38211658e+03, 4.27860626e+02, 1.43045862e+03, 4.04993988e+02,
    1.21484351e+03, 5.59033203e+02, 1.26033447e+03, 5.37713013e+02,
    1.30640063e+03, 5.16277405e+02, 1.35291931e+03, 4.94367493e+02,
    1.40036719e+03, 4.72198608e+02, 1.44833667e+03, 4.49602295e+02,
    1.23433057e+03, 6.00402161e+02, 1.27925562e+03, 5.79467346e+02,
    1.32504187e+03, 5.58417358e+02, 1.37129150e+03, 5.37075928e+02,
    1.41839868e+03, 5.15378662e+02, 1.46567847e+03, 4.93522430e+02,
    1.25332092e+03, 6.41216858e+02, 1.29804980e+03, 6.20642029e+02,
    1.34340002e+03, 6.00002136e+02, 1.38929211e+03, 5.79059570e+02,
    1.43580591e+03, 5.57859558e+02, 1.48301428e+03, 5.36397766e+02 ]
