%YAML:1.0
---
points: [ 1.32029346e+03, 2.77994507e+02, 1.34746765e+03, 2.98061981e+02,
    1.37441724e+03, 3.17821014e+02, 1.40085486e+03, 3.37466217e+02,
    1.42715601e+03, 3.56657837e+02, 1.45284644e+03, 3.75679962e+02,
    1.29461621e+03, 3.07406555e+02, 1.32173828e+03, 3.26976166e+02,
    1.34848022e+03, 3.46363068e+02, 1.37482336e+03, 3.65373230e+02,
    1.40073376e+03, 3.84211945e+02, 1.42657434e+03, 4.02643036e+02,
    1.27006567e+03, 3.35994629e+02, 1.29679016e+03, 3.55005859e+02,
    1.32339648e+03, 3.73801971e+02, 1.34952502e+03, 3.92443359e+02,
    1.37540088e+03, 4.10693665e+02, 1.40072424e+03, 4.28760620e+02,
    1.24607043e+03, 3.63632782e+02, 1.27260144e+03, 3.82278687e+02,
    1.29892249e+03, 4.00640381e+02, 1.32486133e+03, 4.18651154e+02,
    1.35051611e+03, 4.36600739e+02, 1.37582581e+03, 4.54273102e+02,
    1.22277332e+03, 3.90449585e+02, 1.24923633e+03, 4.08608765e+02,
    1.27513245e+03, 4.26561584e+02, 1.30081848e+03, 4.44308289e+02,
    1.32641455e+03, 4.61643646e+02, 1.35151147e+03, 4.78928772e+02,
    1.20025769e+03, 4.16551483e+02, 1.22637610e+03, 4.34297150e+02,
    1.25217188e+03, 4.51759216e+02, 1.27770129e+03, 4.69018005e+02,
    1.30289624e+03, 4.86140808e+02, 1.32791150e+03, 5.02892517e+02,
    1.17830530e+03, 4.41854858e+02, 1.20404626e+03, 4.59211792e+02,
    1.22969690e+03, 4.76440704e+02, 1.25507886e+03, 4.93325439e+02,
    1.28008777e+03, 5.09906250e+02, 1.30472803e+03, 5.26459045e+02,
    1.15694141e+03, 4.66493927e+02, 1.18269983e+03, 4.83384796e+02,
    1.20816980e+03, 5.00147491e+02, 1.23315515e+03, 5.16602661e+02,
    1.25784119e+03, 5.32864746e+02, 1.28245374e+03, 5.48967224e+02 ]
