%YAML:1.0
---
points: [ 9.22048706e+02, 2.65574890e+02, 9.71402283e+02, 2.71015808e+02,
    1.02123480e+03, 2.76419464e+02, 1.07068201e+03, 2.81664062e+02,
    1.12087354e+03, 2.86865265e+02, 1.17073840e+03, 2.92020416e+02,
    9.16665710e+02, 3.16107208e+02, 9.65782837e+02, 3.21445465e+02,
    1.01523914e+03, 3.26858521e+02, 1.06461292e+03, 3.32256653e+02,
    1.11425903e+03, 3.37506683e+02, 1.16415381e+03, 3.42657623e+02,
    9.11429932e+02, 3.66263947e+02, 9.60294006e+02, 3.71647003e+02,
    1.00930884e+03, 3.77062256e+02, 1.05846179e+03, 3.82349426e+02,
    1.10773730e+03, 3.87648010e+02, 1.15737244e+03, 3.93041656e+02,
    9.06270325e+02, 4.15571228e+02, 9.54712280e+02, 4.21056213e+02,
    1.00351630e+03, 4.26323517e+02, 1.05251453e+03, 4.31627197e+02,
    1.10145471e+03, 4.37221191e+02, 1.15057056e+03, 4.42409332e+02,
    9.01171021e+02, 4.64466187e+02, 9.49342896e+02, 4.69756256e+02,
    9.97750305e+02, 4.75320953e+02, 1.04642480e+03, 4.80674286e+02,
    1.09531213e+03, 4.85992310e+02, 1.14411414e+03, 4.91426941e+02,
    8.95923218e+02, 5.12648621e+02, 9.43900146e+02, 5.17995667e+02,
    9.92303040e+02, 5.23500366e+02, 1.04054895e+03, 5.28867310e+02,
    1.08925830e+03, 5.34350769e+02, 1.13789880e+03, 5.39755615e+02,
    8.90827271e+02, 5.60524048e+02, 9.38696228e+02, 5.65772156e+02,
    9.86648071e+02, 5.71203491e+02, 1.03469189e+03, 5.76599426e+02,
    1.08314600e+03, 5.82172424e+02, 1.13169165e+03, 5.87623352e+02,
    8.85674805e+02, 6.07982056e+02, 9.33400269e+02, 6.13294800e+02,
    9.81215881e+02, 6.18708191e+02, 1.02901013e+03, 6.24164795e+02,
    1.07720789e+03, 6.29623962e+02, 1.12550745e+03, 6.35221741e+02 ]
