%YAML:1.0
---
points: [ 1.30162671e+03, 4.49100311e+02, 1.32300195e+03, 4.69170471e+02,
    1.34412842e+03, 4.88938263e+02, 1.36486536e+03, 5.08494720e+02,
    1.38548425e+03, 5.27826172e+02, 1.40582861e+03, 5.46936768e+02,
    1.27981653e+03, 4.73273529e+02, 1.30132239e+03, 4.93044403e+02,
    1.32244958e+03, 5.12569214e+02, 1.34340125e+03, 5.31921509e+02,
    1.36401648e+03, 5.51173889e+02, 1.38452954e+03, 5.69989563e+02,
    1.25831726e+03, 4.97062256e+02, 1.27975354e+03, 5.16577515e+02,
    1.30105872e+03, 5.36209900e+02, 1.32208411e+03, 5.55294128e+02,
    1.34273669e+03, 5.74237183e+02, 1.36327295e+03, 5.92880432e+02,
    1.23673401e+03, 5.20804749e+02, 1.25839307e+03, 5.40319702e+02,
    1.27978113e+03, 5.59435425e+02, 1.30083032e+03, 5.78382507e+02,
    1.32158691e+03, 5.97149292e+02, 1.34228174e+03, 6.15650757e+02,
    1.21553625e+03, 5.44444763e+02, 1.23715503e+03, 5.63626343e+02,
    1.25850586e+03, 5.82618896e+02, 1.27968909e+03, 6.01404663e+02,
    1.30058984e+03, 6.19863464e+02, 1.32128735e+03, 6.38246338e+02,
    1.19446399e+03, 5.67805481e+02, 1.21615833e+03, 5.86740356e+02,
    1.23754919e+03, 6.05564331e+02, 1.25875854e+03, 6.24198792e+02,
    1.27980786e+03, 6.42514893e+02, 1.30051624e+03, 6.60641052e+02,
    1.17342908e+03, 5.91190735e+02, 1.19512854e+03, 6.09953247e+02,
    1.21660596e+03, 6.28546143e+02, 1.23785181e+03, 6.47028870e+02,
    1.25888770e+03, 6.65159729e+02, 1.27976343e+03, 6.83182068e+02,
    1.15265625e+03, 6.14345764e+02, 1.17445544e+03, 6.32822937e+02,
    1.19606580e+03, 6.51363586e+02, 1.21733911e+03, 6.69462158e+02,
    1.23848364e+03, 6.87561584e+02, 1.25932922e+03, 7.05313110e+02 ]
