%YAML:1.0
---
points: [ 2.71379517e+02, 1.22630531e+02, 2.88283905e+02, 1.24396233e+02,
    3.05188721e+02, 1.26132156e+02, 3.22016418e+02, 1.27920654e+02,
    3.39121033e+02, 1.29691666e+02, 3.56208832e+02, 1.31444931e+02,
    2.69487915e+02, 1.39644379e+02, 2.86132812e+02, 1.41459885e+02,
    3.02907898e+02, 1.43232071e+02, 3.19749359e+02, 1.45059006e+02,
    3.36743469e+02, 1.46861420e+02, 3.53730408e+02, 1.48672821e+02,
    2.67371246e+02, 1.56673752e+02, 2.84020416e+02, 1.58486740e+02,
    3.00704742e+02, 1.60351364e+02, 3.17441956e+02, 1.62158890e+02,
    3.34342865e+02, 1.63945999e+02, 3.51306793e+02, 1.65737213e+02,
    2.65483215e+02, 1.73299744e+02, 2.82073212e+02, 1.75305649e+02,
    2.98628571e+02, 1.77121368e+02, 3.15241791e+02, 1.78905029e+02,
    3.32026123e+02, 1.80761993e+02, 3.48842712e+02, 1.82561050e+02,
    2.63516876e+02, 1.89883133e+02, 2.80000671e+02, 1.91763123e+02,
    2.96495453e+02, 1.93628342e+02, 3.13105682e+02, 1.95545151e+02,
    3.29759521e+02, 1.97315430e+02, 3.46447021e+02, 1.99177170e+02,
    2.61606323e+02, 2.06216782e+02, 2.78146393e+02, 2.08198761e+02,
    2.94469727e+02, 2.09953140e+02, 3.10931976e+02, 2.11921799e+02,
    3.27525970e+02, 2.13801422e+02, 3.44109711e+02, 2.15676712e+02,
    2.59925446e+02, 2.22434479e+02, 2.76094482e+02, 2.24267303e+02,
    2.92475494e+02, 2.26217224e+02, 3.08825775e+02, 2.28092194e+02,
    3.25355957e+02, 2.29999802e+02, 3.41871338e+02, 2.31981003e+02,
    2.58004669e+02, 2.38520950e+02, 2.74234436e+02, 2.40364487e+02,
    2.90465515e+02, 2.42288406e+02, 3.06737183e+02, 2.44183838e+02,
    3.23205353e+02, 2.46185120e+02, 3.39676270e+02, 2.48068634e+02 ]
