%YAML:1.0
---
points: [ 1.81223969e+02, 1.77855042e+02, 1.86622482e+02, 1.65318756e+02,
    1.91834473e+02, 1.53224731e+02, 1.97077957e+02, 1.41253296e+02,
    2.02092728e+02, 1.29472488e+02, 2.06865692e+02, 1.18207100e+02,
    1.93636642e+02, 1.80158966e+02, 1.98894028e+02, 1.67532059e+02,
    2.04107773e+02, 1.55093384e+02, 2.09133743e+02, 1.43001419e+02,
    2.14205902e+02, 1.31187042e+02, 2.19031403e+02, 1.19553062e+02,
    2.06407639e+02, 1.82691284e+02, 2.11641479e+02, 1.69770020e+02,
    2.16807220e+02, 1.57180191e+02, 2.21737762e+02, 1.44797333e+02,
    2.26572250e+02, 1.32729294e+02, 2.31287445e+02, 1.21040764e+02,
    2.19580505e+02, 1.85091171e+02, 2.24702011e+02, 1.71989441e+02,
    2.29748459e+02, 1.59176880e+02, 2.34701279e+02, 1.46694199e+02,
    2.39440933e+02, 1.34365997e+02, 2.44097244e+02, 1.22539291e+02,
    2.33051453e+02, 1.87630676e+02, 2.38137589e+02, 1.74246460e+02,
    2.43061203e+02, 1.61256821e+02, 2.47840698e+02, 1.48535156e+02,
    2.52548431e+02, 1.36115402e+02, 2.57086182e+02, 1.23914200e+02,
    2.46977631e+02, 1.90227081e+02, 2.51971130e+02, 1.76673279e+02,
    2.56732574e+02, 1.63484894e+02, 2.61480621e+02, 1.50495392e+02,
    2.66121460e+02, 1.37826904e+02, 2.70601990e+02, 1.25468552e+02,
    2.61356506e+02, 1.93002228e+02, 2.66180145e+02, 1.79175323e+02,
    2.70865723e+02, 1.65701767e+02, 2.75464294e+02, 1.52539124e+02,
    2.80027618e+02, 1.39616257e+02, 2.84364319e+02, 1.27044029e+02,
    2.76239685e+02, 1.95721848e+02, 2.80919037e+02, 1.81688904e+02,
    2.85570587e+02, 1.67829407e+02, 2.90006927e+02, 1.54593933e+02,
    2.94425934e+02, 1.41389481e+02, 2.98757965e+02, 1.28611603e+02 ]
