%YAML:1.0
---
points: [ 2.12672729e+02, 1.92990265e+02, 2.12892258e+02, 1.79504639e+02,
    2.13199768e+02, 1.65783249e+02, 2.13463669e+02, 1.51815796e+02,
    2.13624405e+02, 1.37559891e+02, 2.13834320e+02, 1.23147041e+02,
    2.24272415e+02, 1.94520874e+02, 2.24629028e+02, 1.80837967e+02,
    2.24962311e+02, 1.66882263e+02, 2.25277100e+02, 1.52765945e+02,
    2.25695694e+02, 1.38260406e+02, 2.26016953e+02, 1.23535568e+02,
    2.36296265e+02, 1.96104858e+02, 2.36735611e+02, 1.82111328e+02,
    2.37194443e+02, 1.68127121e+02, 2.37680557e+02, 1.53735367e+02,
    2.38066910e+02, 1.39095963e+02, 2.38563141e+02, 1.24113220e+02,
    2.48649063e+02, 1.97631744e+02, 2.49178513e+02, 1.83679504e+02,
    2.49736267e+02, 1.69274338e+02, 2.50395508e+02, 1.54676041e+02,
    2.50959747e+02, 1.39742813e+02, 2.51606262e+02, 1.24524475e+02,
    2.61274689e+02, 1.99321289e+02, 2.62018066e+02, 1.85146286e+02,
    2.62732239e+02, 1.70505081e+02, 2.63510071e+02, 1.55658844e+02,
    2.64253662e+02, 1.40483047e+02, 2.64899963e+02, 1.25157455e+02,
    2.74502899e+02, 2.01078217e+02, 2.75296082e+02, 1.86668900e+02,
    2.76217682e+02, 1.71756744e+02, 2.77113525e+02, 1.56662704e+02,
    2.78007721e+02, 1.41319244e+02, 2.78880157e+02, 1.25389977e+02,
    2.88208618e+02, 2.02971191e+02, 2.89152802e+02, 1.88181961e+02,
    2.90128754e+02, 1.73118317e+02, 2.91169739e+02, 1.57679993e+02,
    2.92193359e+02, 1.42104874e+02, 2.93324158e+02, 1.26100098e+02,
    3.02416351e+02, 2.04801498e+02, 3.03520386e+02, 1.89763336e+02,
    3.04668274e+02, 1.74434219e+02, 3.05860321e+02, 1.58809814e+02,
    3.07131104e+02, 1.42740112e+02, 3.08342163e+02, 1.26426025e+02 ]
