%YAML:1.0
---
points: [ 1.04223669e+03, 4.19615997e+02, 1.05832104e+03, 4.69463379e+02,
    1.07490833e+03, 5.20369812e+02, 1.09191089e+03, 5.71758789e+02,
    1.10925403e+03, 6.24524048e+02, 1.12691443e+03, 6.78030151e+02,
    9.97698242e+02, 4.39635559e+02, 1.01325085e+03, 4.88655365e+02,
    1.02918018e+03, 5.38280090e+02, 1.04507153e+03, 5.88825623e+02,
    1.06163416e+03, 6.40192261e+02, 1.07850854e+03, 6.92728516e+02,
    9.54992249e+02, 4.59126709e+02, 9.69879089e+02, 5.06867188e+02,
    9.85126953e+02, 5.55605408e+02, 1.00030481e+03, 6.04948914e+02,
    1.01617529e+03, 6.55350891e+02, 1.03186841e+03, 7.06838867e+02,
    9.14642883e+02, 4.77479095e+02, 9.28695007e+02, 5.24446960e+02,
    9.43416016e+02, 5.72073059e+02, 9.58106567e+02, 6.20421387e+02,
    9.72848145e+02, 6.69839783e+02, 9.88073853e+02, 7.20199097e+02,
    8.75805359e+02, 4.95011383e+02, 8.89498535e+02, 5.40872314e+02,
    9.03182129e+02, 5.87829407e+02, 9.17332703e+02, 6.35225464e+02,
    9.31684875e+02, 6.83559509e+02, 9.46160583e+02, 7.32847900e+02,
    8.38955627e+02, 5.11742889e+02, 8.52159973e+02, 5.56806946e+02,
    8.65153931e+02, 6.02748108e+02, 8.78605469e+02, 6.49332947e+02,
    8.92235291e+02, 6.96757202e+02, 9.06076965e+02, 7.45208435e+02,
    8.03360840e+02, 5.27778931e+02, 8.16012268e+02, 5.72200134e+02,
    8.28540894e+02, 6.17226379e+02, 8.41510010e+02, 6.62839050e+02,
    8.54466614e+02, 7.09556030e+02, 8.67636414e+02, 7.56789062e+02,
    7.69268677e+02, 5.43323730e+02, 7.81307251e+02, 5.86836731e+02,
    7.93446167e+02, 6.31116699e+02, 8.05872437e+02, 6.75809143e+02,
    8.18308472e+02, 7.21714111e+02, 8.30880066e+02, 7.68232971e+02 ]
