%YAML:1.0
---
points: [ 3.13811096e+02, 1.74425247e+02, 3.19565125e+02, 1.91403015e+02,
    3.25501190e+02, 2.08686920e+02, 3.31562469e+02, 2.26206879e+02,
    3.37769958e+02, 2.44063843e+02, 3.43983276e+02, 2.62330261e+02,
    2.98062805e+02, 1.81298370e+02, 3.03662140e+02, 1.97869202e+02,
    3.09213318e+02, 2.14793228e+02, 3.14908905e+02, 2.31866837e+02,
    3.20827393e+02, 2.49406601e+02, 3.26837036e+02, 2.67262451e+02,
    2.83045715e+02, 1.87861496e+02, 2.88211731e+02, 2.04146729e+02,
    2.93638733e+02, 2.20653244e+02, 2.99029114e+02, 2.37352386e+02,
    3.04655701e+02, 2.54612732e+02, 3.10309692e+02, 2.71978577e+02,
    2.68752930e+02, 1.94080597e+02, 2.73731506e+02, 2.10029907e+02,
    2.78844086e+02, 2.26244827e+02, 2.84053955e+02, 2.42656693e+02,
    2.89326294e+02, 2.59428955e+02, 2.94735901e+02, 2.76466827e+02,
    2.55125702e+02, 2.00115036e+02, 2.59876709e+02, 2.15670166e+02,
    2.64761047e+02, 2.31519836e+02, 2.69685669e+02, 2.47692841e+02,
    2.74833008e+02, 2.64084106e+02, 2.79915253e+02, 2.80723816e+02,
    2.42064377e+02, 2.05786453e+02, 2.46675354e+02, 2.21118683e+02,
    2.51282104e+02, 2.36655594e+02, 2.56090881e+02, 2.52464966e+02,
    2.60913055e+02, 2.68512543e+02, 2.65823456e+02, 2.84946930e+02,
    2.29543488e+02, 2.11263702e+02, 2.33975189e+02, 2.26232681e+02,
    2.38437134e+02, 2.41588409e+02, 2.42966003e+02, 2.57018311e+02,
    2.47643814e+02, 2.72839935e+02, 2.52313339e+02, 2.88821869e+02,
    2.17460663e+02, 2.16496582e+02, 2.21802032e+02, 2.31270615e+02,
    2.25991882e+02, 2.46278137e+02, 2.30463181e+02, 2.61461823e+02,
    2.34810013e+02, 2.76957214e+02, 2.39336014e+02, 2.92785797e+02 ]
