%YAML:1.0
---
points: [ 1.28111926e+03, 4.67684875e+02, 1.30009851e+03, 4.69210419e+02,
    1.32002490e+03, 4.70384735e+02, 1.34106067e+03, 4.71741364e+02,
    1.36332715e+03, 4.73273132e+02, 1.38667200e+03, 4.74822510e+02,
    1.27216028e+03, 4.94444092e+02, 1.29071375e+03, 4.96388733e+02,
    1.31056335e+03, 4.98379120e+02, 1.33140649e+03, 5.00479309e+02,
    1.35330920e+03, 5.02715118e+02, 1.37642505e+03, 5.04957245e+02,
    1.26312500e+03, 5.20754395e+02, 1.28166797e+03, 5.23525757e+02,
    1.30117822e+03, 5.26188416e+02, 1.32160791e+03, 5.29117859e+02,
    1.34331873e+03, 5.32242676e+02, 1.36639905e+03, 5.35272583e+02,
    1.25425488e+03, 5.47506775e+02, 1.27255908e+03, 5.50603455e+02,
    1.29174805e+03, 5.54227966e+02, 1.31207581e+03, 5.57618164e+02,
    1.33364380e+03, 5.61516479e+02, 1.35617834e+03, 5.65548523e+02,
    1.24525977e+03, 574., 1.26339551e+03, 5.77835999e+02, 1.28258325e+03,
    5.82015320e+02, 1.30261169e+03, 5.86562866e+02, 1.32366101e+03,
    5.91067200e+02, 1.34616577e+03, 5.96165222e+02, 1.23637488e+03,
    6.00542358e+02, 1.25430103e+03, 6.05055908e+02, 1.27321924e+03,
    6.10093079e+02, 1.29304553e+03, 6.15098999e+02, 1.31409521e+03,
    6.20596313e+02, 1.33626013e+03, 6.26339050e+02, 1.22765918e+03,
    6.27273926e+02, 1.24534900e+03, 6.32637634e+02, 1.26389941e+03,
    6.38147339e+02, 1.28347827e+03, 6.44252563e+02, 1.30431409e+03,
    6.50292908e+02, 1.32618958e+03, 6.56771362e+02, 1.21882971e+03,
    6.53819214e+02, 1.23636389e+03, 6.59706238e+02, 1.25474829e+03,
    6.66218018e+02, 1.27409106e+03, 6.72688843e+02, 1.29445398e+03,
    6.79815552e+02, 1.31618762e+03, 6.87254456e+02 ]
