%YAML:1.0
---
points: [ 2.01864532e+02, 2.15487045e+02, 2.02158203e+02, 2.03609222e+02,
    2.02425919e+02, 1.91260864e+02, 2.02682388e+02, 1.78422607e+02,
    2.02842743e+02, 1.65230453e+02, 2.03237350e+02, 1.51498154e+02,
    2.15069519e+02, 2.16726227e+02, 2.15494339e+02, 2.04874451e+02,
    2.16089523e+02, 1.92545929e+02, 2.16495682e+02, 1.79798950e+02,
    2.17117813e+02, 1.66453949e+02, 2.17567337e+02, 1.52833145e+02,
    2.28256424e+02, 2.18103500e+02, 2.28996109e+02, 2.06212845e+02,
    2.29640533e+02, 1.93778534e+02, 2.30433365e+02, 1.81210709e+02,
    2.31234909e+02, 1.67994400e+02, 2.31964706e+02, 1.54284821e+02,
    2.41361176e+02, 2.19342941e+02, 2.42314438e+02, 2.07329880e+02,
    2.43256851e+02, 1.95200089e+02, 2.44237885e+02, 1.82331238e+02,
    2.45274841e+02, 1.69319366e+02, 2.46344421e+02, 1.55698013e+02,
    2.54498642e+02, 2.20429520e+02, 2.55658920e+02, 2.08658295e+02,
    2.56846222e+02, 1.96419937e+02, 2.58129883e+02, 1.83733032e+02,
    2.59288696e+02, 1.70515915e+02, 2.60616272e+02, 1.57072296e+02,
    2.67679016e+02, 2.21786179e+02, 2.69029755e+02, 2.09908554e+02,
    2.70438171e+02, 1.97626541e+02, 2.71843719e+02, 1.85094467e+02,
    2.73375580e+02, 1.71905670e+02, 2.74949890e+02, 1.58300751e+02,
    2.80751953e+02, 2.22968887e+02, 2.82305237e+02, 2.11117325e+02,
    2.83947632e+02, 1.98952118e+02, 2.85672699e+02, 1.86285400e+02,
    2.87420074e+02, 1.73284439e+02, 2.89227661e+02, 1.59687225e+02,
    2.93941895e+02, 2.24212204e+02, 2.95685425e+02, 2.12349319e+02,
    2.97606506e+02, 2.00247879e+02, 2.99476257e+02, 1.87572723e+02,
    3.01453247e+02, 1.74585464e+02, 3.03593445e+02, 1.61031448e+02 ]
