%YAML:1.0
---
points: [ 6.86578857e+02, 4.74273499e+02, 6.96268066e+02, 4.33601959e+02,
    7.05237671e+02, 3.94853943e+02, 7.13526917e+02, 3.57707153e+02,
    7.21718750e+02, 3.22490234e+02, 7.29408569e+02, 2.88467560e+02,
    7.37445801e+02, 4.76765472e+02, 7.45537781e+02, 4.35900177e+02,
    7.53544067e+02, 3.97316132e+02, 7.60637573e+02, 3.60180908e+02,
    7.68036987e+02, 3.24659119e+02, 7.74574341e+02, 2.90680634e+02,
    7.87711670e+02, 4.79344727e+02, 7.94967102e+02, 4.38552551e+02,
    8.01551758e+02, 3.99525146e+02, 8.07747803e+02, 3.62344360e+02,
    8.13781921e+02, 3.26790497e+02, 8.19580933e+02, 2.92807678e+02,
    8.38478210e+02, 4.81733948e+02, 8.44332703e+02, 4.40945221e+02,
    8.49658264e+02, 4.02036255e+02, 8.54794312e+02, 3.64722076e+02,
    8.60020447e+02, 3.29199371e+02, 8.64755615e+02, 2.94816132e+02,
    8.89183350e+02, 4.84471161e+02, 8.93754089e+02, 4.43502197e+02,
    8.98120300e+02, 4.04362610e+02, 9.02266479e+02, 3.66975525e+02,
    9.06297302e+02, 3.31330353e+02, 9.10037170e+02, 2.97134216e+02,
    9.39798462e+02, 4.86794983e+02, 9.43350403e+02, 4.45831482e+02,
    9.46505920e+02, 4.06655060e+02, 9.49466492e+02, 3.69420166e+02,
    9.52541504e+02, 3.33468933e+02, 9.55294861e+02, 2.99173859e+02,
    9.91192078e+02, 4.89671448e+02, 9.93327271e+02, 4.48517334e+02,
    9.95435791e+02, 4.09032318e+02, 9.97316345e+02, 3.71535339e+02,
    9.99252014e+02, 3.35463898e+02, 1.00104968e+03, 3.01272095e+02,
    1.04237952e+03, 4.92362701e+02, 1.04321326e+03, 4.50759979e+02,
    1.04396667e+03, 4.11445007e+02, 1.04487463e+03, 3.73677887e+02,
    1.04557922e+03, 3.37565613e+02, 1.04650024e+03, 3.03257141e+02 ]
