%YAML:1.0
---
points: [ 1.92457581e+02, 1.94004211e+02, 1.94892532e+02, 1.80181396e+02,
    1.97272385e+02, 1.67014816e+02, 1.99523895e+02, 1.54287415e+02,
    2.01682037e+02, 1.42303848e+02, 2.03646454e+02, 1.30690399e+02,
    2.09666931e+02, 1.94857117e+02, 2.11746490e+02, 1.81043167e+02,
    2.13720993e+02, 1.67760590e+02, 2.15606400e+02, 1.55156021e+02,
    2.17337738e+02, 1.43090271e+02, 2.19086487e+02, 1.31422623e+02,
    2.26871994e+02, 1.95520584e+02, 2.28516739e+02, 1.81714127e+02,
    2.30114044e+02, 1.68446686e+02, 2.31590240e+02, 1.55862686e+02,
    2.33078537e+02, 1.43738831e+02, 2.34404434e+02, 1.32112518e+02,
    2.44084244e+02, 1.96453186e+02, 2.45295380e+02, 1.82439255e+02,
    2.46442307e+02, 1.69252991e+02, 2.47662384e+02, 1.56471573e+02,
    2.48743042e+02, 1.44313385e+02, 2.49715469e+02, 1.32739029e+02,
    2.61313721e+02, 1.97279037e+02, 2.62159424e+02, 1.83372345e+02,
    2.63023499e+02, 1.70099518e+02, 2.63731720e+02, 1.57363770e+02,
    2.64436859e+02, 1.45219803e+02, 2.65158325e+02, 1.33377396e+02,
    2.78640350e+02, 1.98077698e+02, 2.79110016e+02, 1.84114716e+02,
    2.79410156e+02, 1.70586029e+02, 2.79860779e+02, 1.58026474e+02,
    2.80227936e+02, 1.45693253e+02, 2.80623474e+02, 1.34121475e+02,
    2.96163055e+02, 1.99020248e+02, 2.96113739e+02, 1.84923492e+02,
    2.96180542e+02, 1.71440521e+02, 2.96167999e+02, 1.58640060e+02,
    2.96149536e+02, 1.46426224e+02, 2.96158569e+02, 1.34702255e+02,
    3.13517578e+02, 1.99695129e+02, 3.13199982e+02, 1.85604904e+02,
    3.12750519e+02, 1.72290115e+02, 3.12335297e+02, 1.59348770e+02,
    3.12128967e+02, 1.47122574e+02, 3.11837677e+02, 1.35373474e+02 ]
