%YAML:1.0
---
points: [ 1.25038330e+03, 4.10707764e+02, 1.27032593e+03, 4.16757599e+02,
    1.29048535e+03, 4.22624542e+02, 1.31062427e+03, 4.28696472e+02,
    1.33132690e+03, 4.34557312e+02, 1.35182520e+03, 4.40594818e+02,
    1.24372815e+03, 4.30014893e+02, 1.26369348e+03, 4.35932159e+02,
    1.28376978e+03, 4.42020905e+02, 1.30419666e+03, 4.47876984e+02,
    1.32450073e+03, 4.54206238e+02, 1.34500757e+03, 4.60055481e+02,
    1.23726343e+03, 4.49144775e+02, 1.25713708e+03, 4.55137817e+02,
    1.27729065e+03, 4.61169556e+02, 1.29757507e+03, 4.67293182e+02,
    1.31780603e+03, 4.73349487e+02, 1.33842810e+03, 4.79672394e+02,
    1.23071289e+03, 4.68263855e+02, 1.25058984e+03, 4.74277435e+02,
    1.27066919e+03, 4.80482971e+02, 1.29083228e+03, 4.86467621e+02,
    1.31126868e+03, 4.92855682e+02, 1.33185583e+03, 4.99133942e+02,
    1.22421167e+03, 4.87294067e+02, 1.24419714e+03, 4.93400116e+02,
    1.26417188e+03, 4.99646759e+02, 1.28426855e+03, 5.05965149e+02,
    1.30469788e+03, 5.12190430e+02, 1.32522375e+03, 5.18541077e+02,
    1.21762183e+03, 5.06364441e+02, 1.23755164e+03, 5.12513306e+02,
    1.25757227e+03, 5.18840149e+02, 1.27766748e+03, 5.25204529e+02,
    1.29814612e+03, 5.31514099e+02, 1.31848474e+03, 5.37809387e+02,
    1.21132056e+03, 5.25500977e+02, 1.23110986e+03, 5.31739807e+02,
    1.25099182e+03, 5.38051636e+02, 1.27127148e+03, 5.44557739e+02,
    1.29144470e+03, 5.50863770e+02, 1.31187805e+03, 5.57374695e+02,
    1.20478955e+03, 5.44504639e+02, 1.22456018e+03, 5.50689941e+02,
    1.24457910e+03, 5.57164612e+02, 1.26457581e+03, 5.63587463e+02,
    1.28486365e+03, 5.70273010e+02, 1.30536267e+03, 5.76687317e+02 ]
