%YAML:1.0
---
points: [ 7.35025024e+02, 4.39680786e+02, 7.44797852e+02, 3.93604340e+02,
    7.54333191e+02, 3.49551025e+02, 7.63366577e+02, 3.07272308e+02,
    7.71644104e+02, 2.66425323e+02, 7.80024780e+02, 2.27455475e+02,
    7.89763245e+02, 4.53686798e+02, 7.98254578e+02, 4.07834564e+02,
    8.06407288e+02, 3.64222015e+02, 8.13939087e+02, 3.22126556e+02,
    8.21560486e+02, 2.81636292e+02, 8.28426697e+02, 2.42667328e+02,
    8.42632812e+02, 4.67145142e+02, 8.49769470e+02, 4.21705872e+02,
    8.56624268e+02, 3.78173553e+02, 8.63444763e+02, 3.36434875e+02,
    8.69663635e+02, 2.96292908e+02, 8.75758423e+02, 2.57666534e+02,
    8.94204346e+02, 4.80370178e+02, 9.00263977e+02, 4.35318909e+02,
    9.05908691e+02, 3.91853333e+02, 9.11464111e+02, 3.50451050e+02,
    9.16684753e+02, 3.10555054e+02, 9.21934692e+02, 2.71954254e+02,
    9.44245667e+02, 4.93136261e+02, 9.49093567e+02, 4.48459381e+02,
    9.53692688e+02, 4.05524231e+02, 9.58333435e+02, 3.64266510e+02,
    9.62532288e+02, 3.24312927e+02, 9.66607239e+02, 2.86156189e+02,
    9.92963562e+02, 5.05508423e+02, 9.96744507e+02, 4.61006287e+02,
    1.00046179e+03, 4.18349670e+02, 1.00384821e+03, 3.77356354e+02,
    1.00725104e+03, 3.37737000e+02, 1.01057837e+03, 2.99837189e+02,
    1.04065210e+03, 5.18000244e+02, 1.04361072e+03, 4.73658813e+02,
    1.04630469e+03, 4.31185089e+02, 1.04880347e+03, 3.90381470e+02,
    1.05131897e+03, 3.51099792e+02, 1.05376013e+03, 3.13293610e+02,
    1.08730139e+03, 5.29786865e+02, 1.08910925e+03, 4.85942261e+02,
    1.09069006e+03, 4.43528625e+02, 1.09237793e+03, 4.02998688e+02,
    1.09411438e+03, 3.63936859e+02, 1.09552209e+03, 3.26289825e+02 ]
