%YAML:1.0
---
points: [ 2.10844025e+02, 1.81248184e+02, 2.13632828e+02, 1.65691208e+02,
    2.16196503e+02, 1.50722198e+02, 2.18703125e+02, 1.36349686e+02,
    2.21059464e+02, 1.22628624e+02, 2.23313385e+02, 1.09395836e+02,
    2.28945251e+02, 1.86000336e+02, 2.31245468e+02, 1.70532883e+02,
    2.33474060e+02, 1.55657043e+02, 2.35589294e+02, 1.41336700e+02,
    2.37545349e+02, 1.27673393e+02, 2.39516479e+02, 1.14433418e+02,
    2.46505676e+02, 1.90535263e+02, 2.48334274e+02, 1.75175751e+02,
    2.50182358e+02, 1.60382385e+02, 2.51902679e+02, 1.46226425e+02,
    2.53614441e+02, 1.32598068e+02, 2.55177292e+02, 1.19487717e+02,
    2.63621063e+02, 1.94973801e+02, 2.65065002e+02, 1.79712677e+02,
    2.66430695e+02, 1.65045441e+02, 2.67847260e+02, 1.50871719e+02,
    2.69285431e+02, 1.37368805e+02, 2.70539368e+02, 1.24316582e+02,
    2.80265137e+02, 1.99339005e+02, 2.81303589e+02, 1.84153473e+02,
    2.82416260e+02, 1.69586639e+02, 2.83494507e+02, 1.55596344e+02,
    2.84530853e+02, 1.42026184e+02, 2.85449493e+02, 1.29064209e+02,
    2.96465698e+02, 2.03532333e+02, 2.97274628e+02, 1.88416077e+02,
    2.98052582e+02, 1.73925613e+02, 2.98752563e+02, 1.59989395e+02,
    2.99461121e+02, 1.46568527e+02, 3.00169861e+02, 1.33646744e+02,
    3.12304291e+02, 2.07747116e+02, 3.12906647e+02, 1.92735413e+02,
    3.13326508e+02, 1.78212006e+02, 3.13778839e+02, 1.64391663e+02,
    3.14175751e+02, 1.51048279e+02, 3.14584412e+02, 1.38155411e+02,
    3.28096863e+02, 2.11869537e+02, 3.28114227e+02, 1.96826538e+02,
    3.28179047e+02, 1.82519363e+02, 3.28329956e+02, 1.68649506e+02,
    3.28387115e+02, 1.55374863e+02, 3.28586090e+02, 1.42608444e+02 ]
