%YAML:1.0
---
points: [ 2.02556427e+02, 2.05219345e+02, 2.02623474e+02, 1.95787720e+02,
    2.02442413e+02, 1.85767761e+02, 2.02490219e+02, 1.75198837e+02,
    2.02418304e+02, 1.63894424e+02, 2.02418121e+02, 1.51820496e+02,
    2.16034164e+02, 2.07177505e+02, 2.16238739e+02, 1.97823105e+02,
    2.16673691e+02, 1.87902008e+02, 2.17042938e+02, 1.77388321e+02,
    2.17424744e+02, 1.66088135e+02, 2.17873779e+02, 1.54156235e+02,
    2.29316422e+02, 2.09098785e+02, 2.30133347e+02, 1.99902390e+02,
    2.30855896e+02, 1.90004990e+02, 2.31639755e+02, 1.79616882e+02,
    2.32527283e+02, 1.68475220e+02, 2.33446213e+02, 1.56625229e+02,
    2.42714813e+02, 2.11130203e+02, 2.43776688e+02, 2.01887497e+02,
    2.44937943e+02, 1.92117874e+02, 2.46131378e+02, 1.81656036e+02,
    2.47469818e+02, 1.70717850e+02, 2.48840790e+02, 1.58890198e+02,
    2.55944366e+02, 2.13170822e+02, 2.57421631e+02, 2.03942337e+02,
    2.58958405e+02, 1.94172928e+02, 2.60758362e+02, 1.83867661e+02,
    2.62427948e+02, 1.72881760e+02, 2.64334137e+02, 1.61202576e+02,
    2.69291382e+02, 2.15079300e+02, 2.71094635e+02, 2.05952682e+02,
    2.73096741e+02, 1.96258621e+02, 2.75154175e+02, 1.85978729e+02,
    2.77377136e+02, 1.75119400e+02, 2.79660889e+02, 1.63550217e+02,
    2.82592102e+02, 2.17080566e+02, 2.84818848e+02, 2.07929565e+02,
    2.87126831e+02, 1.98298401e+02, 2.89644775e+02, 1.88097321e+02,
    2.92279816e+02, 1.77287003e+02, 2.95156860e+02, 1.65751022e+02,
    2.95880493e+02, 2.19015182e+02, 2.98395355e+02, 2.09879761e+02,
    3.01195923e+02, 2.00402405e+02, 3.04125061e+02, 1.90233490e+02,
    3.07269135e+02, 1.79412994e+02, 3.10550201e+02, 1.67933792e+02 ]
