%YAML:1.0
---
points: [ 1.25385010e+03, 5.40009460e+02, 1.27189771e+03, 5.50974304e+02,
    1.29030981e+03, 5.61799377e+02, 1.30881555e+03, 5.72962463e+02,
    1.32759521e+03, 5.84157532e+02, 1.34664392e+03, 5.95596069e+02,
    1.24248816e+03, 5.56879822e+02, 1.26049597e+03, 5.67681580e+02,
    1.27875195e+03, 5.78860291e+02, 1.29723059e+03, 5.90075684e+02,
    1.31591626e+03, 6.01480225e+02, 1.33480945e+03, 6.12793030e+02,
    1.23124792e+03, 5.73568542e+02, 1.24911438e+03, 5.84610291e+02,
    1.26725818e+03, 5.95757080e+02, 1.28564172e+03, 6.07149475e+02,
    1.30433093e+03, 6.18559448e+02, 1.32316296e+03, 6.30280518e+02,
    1.21982837e+03, 5.90446106e+02, 1.23765808e+03, 6.01419617e+02,
    1.25589966e+03, 6.12733154e+02, 1.27414990e+03, 6.24209900e+02,
    1.29274194e+03, 6.35841309e+02, 1.31149524e+03, 6.47469788e+02,
    1.20860571e+03, 6.07107422e+02, 1.22638013e+03, 6.18431396e+02,
    1.24436060e+03, 6.29643921e+02, 1.26257495e+03, 6.41373413e+02,
    1.28115479e+03, 6.52856689e+02, 1.29985266e+03, 6.64864807e+02,
    1.19742566e+03, 6.23855164e+02, 1.21506409e+03, 6.35162537e+02,
    1.23304822e+03, 6.46738220e+02, 1.25109802e+03, 6.58247375e+02,
    1.26952917e+03, 6.70163208e+02, 1.28821326e+03, 6.81988892e+02,
    1.18616577e+03, 6.40627136e+02, 1.20365808e+03, 6.52118347e+02,
    1.22152698e+03, 6.63724548e+02, 1.23956213e+03, 6.75488586e+02,
    1.25793018e+03, 6.87428345e+02, 1.27653369e+03, 6.99456482e+02,
    1.17482861e+03, 6.57444031e+02, 1.19243311e+03, 6.68901001e+02,
    1.21020312e+03, 6.80689697e+02, 1.22820264e+03, 6.92487305e+02,
    1.24647534e+03, 7.04508972e+02, 1.26482068e+03, 7.16596069e+02 ]
