%YAML:1.0
---
points: [ 1.14784998e+03, 3.79481842e+02, 1.14620789e+03, 4.27710022e+02,
    1.14442285e+03, 4.76261139e+02, 1.14303308e+03, 5.24514771e+02,
    1.14151501e+03, 5.73255981e+02, 1.14013708e+03, 6.21772095e+02,
    1.10119751e+03, 3.81486359e+02, 1.09955310e+03, 4.28803009e+02,
    1.09767285e+03, 4.76323517e+02, 1.09633777e+03, 5.23620728e+02,
    1.09469104e+03, 5.71304993e+02, 1.09330383e+03, 6.18908081e+02,
    1.05570422e+03, 3.83297791e+02, 1.05423218e+03, 4.29715240e+02,
    1.05265027e+03, 4.76444214e+02, 1.05092017e+03, 5.22903992e+02,
    1.04941577e+03, 5.69650146e+02, 1.04782129e+03, 6.16420044e+02,
    1.01254553e+03, 3.85288330e+02, 1.01098785e+03, 4.30657013e+02,
    1.00946649e+03, 4.76501404e+02, 1.00779285e+03, 5.22221069e+02,
    1.00638641e+03, 5.67916992e+02, 1.00464966e+03, 6.13778259e+02,
    9.70682312e+02, 3.86868317e+02, 9.69357605e+02, 4.31590485e+02,
    9.67559326e+02, 4.76497955e+02, 9.65885010e+02, 5.21354004e+02,
    9.64486511e+02, 5.66424072e+02, 9.62782349e+02, 6.11499451e+02,
    9.30516418e+02, 3.88490814e+02, 9.29027466e+02, 4.32461182e+02,
    9.27390259e+02, 4.76557068e+02, 9.25762878e+02, 5.20596558e+02,
    9.24303894e+02, 5.64896912e+02, 9.22536865e+02, 6.09096375e+02,
    8.91521606e+02, 3.90149597e+02, 8.90287292e+02, 4.33406891e+02,
    8.88479980e+02, 4.76604553e+02, 8.86930359e+02, 5.19858276e+02,
    8.85405334e+02, 5.63456116e+02, 8.83713745e+02, 6.06972534e+02,
    8.53833801e+02, 3.91569977e+02, 8.52546143e+02, 4.34152649e+02,
    8.50783386e+02, 4.76632202e+02, 8.49412354e+02, 5.19324463e+02,
    8.47796387e+02, 5.61927002e+02, 8.46159180e+02, 6.04704651e+02 ]
