%YAML:1.0
---
points: [ 1.24543970e+03, 5.29660828e+02, 1.26168311e+03, 5.41508423e+02,
    1.27852856e+03, 5.53385498e+02, 1.29554602e+03, 5.65665894e+02,
    1.31318201e+03, 5.78080688e+02, 1.33089563e+03, 5.90831787e+02,
    1.23174658e+03, 5.45091309e+02, 1.24806091e+03, 5.56868713e+02,
    1.26457776e+03, 5.69160095e+02, 1.28168042e+03, 5.81375977e+02,
    1.29887268e+03, 5.94135315e+02, 1.31660706e+03, 6.06819824e+02,
    1.21831116e+03, 5.60228027e+02, 1.23446680e+03, 5.72381897e+02,
    1.25086206e+03, 5.84530273e+02, 1.26756421e+03, 5.97141418e+02,
    1.28478333e+03, 6.09889648e+02, 1.30233923e+03, 6.22971619e+02,
    1.20476599e+03, 5.75550354e+02, 1.22073865e+03, 5.87657349e+02,
    1.23711536e+03, 6.00200623e+02, 1.25374475e+03, 6.12775146e+02,
    1.27067761e+03, 6.25798096e+02, 1.28818567e+03, 6.38968262e+02,
    1.19140186e+03, 5.90719727e+02, 1.20723669e+03, 6.03147522e+02,
    1.22332727e+03, 6.15627136e+02, 1.23975659e+03, 6.28554077e+02,
    1.25673218e+03, 6.41627441e+02, 1.27376111e+03, 6.55063721e+02,
    1.17792371e+03, 6.06010010e+02, 1.19359216e+03, 6.18463379e+02,
    1.20961169e+03, 6.31283508e+02, 1.22596069e+03, 6.44258545e+02,
    1.24259106e+03, 6.57473877e+02, 1.25975354e+03, 6.71061096e+02,
    1.16452563e+03, 6.21285400e+02, 1.17997388e+03, 6.33912903e+02,
    1.19580505e+03, 6.46795044e+02, 1.21200806e+03, 6.60032166e+02,
    1.22865088e+03, 6.73436035e+02, 1.24549182e+03, 6.87271057e+02,
    1.15109900e+03, 6.36513367e+02, 1.16646912e+03, 6.49267761e+02,
    1.18232373e+03, 6.62354309e+02, 1.19830969e+03, 6.75552124e+02,
    1.21456567e+03, 6.89296875e+02, 1.23140881e+03, 7.03129150e+02 ]
