%YAML:1.0
---
points: [ 2.04132904e+02, 1.88109985e+02, 2.03677734e+02, 1.80373917e+02,
    2.03112610e+02, 1.72041885e+02, 2.02536865e+02, 1.63171692e+02,
    2.01858871e+02, 1.53576767e+02, 2.01244812e+02, 1.43097198e+02,
    2.17697296e+02, 1.90201523e+02, 2.17485794e+02, 1.82540665e+02,
    2.17522003e+02, 1.74258255e+02, 2.17485535e+02, 1.65638779e+02,
    2.17376678e+02, 1.55933472e+02, 2.17264816e+02, 1.45720078e+02,
    2.31093124e+02, 1.92381500e+02, 2.31537643e+02, 1.84772217e+02,
    2.31954544e+02, 1.76603775e+02, 2.32379562e+02, 1.67909805e+02,
    2.32840012e+02, 1.58412262e+02, 2.33432037e+02, 1.48328186e+02,
    2.44599548e+02, 1.94446793e+02, 2.45325867e+02, 1.86978104e+02,
    2.46293182e+02, 1.78807953e+02, 2.47247986e+02, 1.70127335e+02,
    2.48314987e+02, 1.60855545e+02, 2.49366791e+02, 1.50788757e+02,
    2.57900177e+02, 1.96580124e+02, 2.59260406e+02, 1.89092377e+02,
    2.60559937e+02, 1.81069168e+02, 2.62116913e+02, 1.72546097e+02,
    2.63663361e+02, 1.63294373e+02, 2.65426270e+02, 1.53335327e+02,
    2.71299164e+02, 1.98609650e+02, 2.73062592e+02, 1.91220840e+02,
    2.74934113e+02, 1.83283386e+02, 2.76893311e+02, 1.74811371e+02,
    2.79113525e+02, 1.65687469e+02, 2.81351654e+02, 1.55778366e+02,
    2.84636383e+02, 2.00638947e+02, 2.86912903e+02, 1.93296219e+02,
    2.89127991e+02, 1.85396667e+02, 2.91731842e+02, 1.77036392e+02,
    2.94390350e+02, 1.67974670e+02, 2.97444031e+02, 1.58195297e+02,
    2.98136810e+02, 2.02693542e+02, 3.00684784e+02, 1.95366272e+02,
    3.03589966e+02, 1.87630341e+02, 3.06574677e+02, 1.79233322e+02,
    3.09917267e+02, 1.70300400e+02, 3.13362335e+02, 1.60636124e+02 ]
