%YAML:1.0
---
points: [ 3.46928864e+02, 1.60660202e+02, 3.46296051e+02, 1.77139084e+02,
    3.45766113e+02, 1.93537415e+02, 3.45205933e+02, 2.10000153e+02,
    3.44695099e+02, 2.26538635e+02, 3.44237427e+02, 2.43088425e+02,
    3.30390106e+02, 1.61362335e+02, 3.29982666e+02, 1.77450562e+02,
    3.29276367e+02, 1.93541229e+02, 3.28866180e+02, 2.09627182e+02,
    3.28303040e+02, 2.25899887e+02, 3.27824646e+02, 2.42139618e+02,
    3.14634338e+02, 1.62008301e+02, 3.14077118e+02, 1.77755127e+02,
    3.13485840e+02, 1.93553436e+02, 3.13007355e+02, 2.09337814e+02,
    3.12374603e+02, 2.25275848e+02, 3.11971802e+02, 2.41147125e+02,
    2.99408630e+02, 1.62599289e+02, 2.98981415e+02, 1.78153214e+02,
    2.98354767e+02, 1.93456848e+02, 2.97906433e+02, 2.09144547e+02,
    2.97293854e+02, 2.24660263e+02, 2.96765686e+02, 2.40221588e+02,
    2.84931091e+02, 1.63290253e+02, 2.84324188e+02, 1.78355621e+02,
    2.83857727e+02, 1.93544006e+02, 2.83271301e+02, 2.08755737e+02,
    2.82773193e+02, 2.24200485e+02, 2.82187653e+02, 2.39351654e+02,
    2.70855438e+02, 1.63727493e+02, 2.70303040e+02, 1.78626389e+02,
    2.69770966e+02, 1.93529999e+02, 2.69207458e+02, 2.08617264e+02,
    2.68694641e+02, 2.23564240e+02, 2.68154694e+02, 2.38576630e+02,
    2.57285889e+02, 1.64223343e+02, 2.56777954e+02, 1.78878510e+02,
    2.56259613e+02, 1.93540253e+02, 2.55697662e+02, 2.08356750e+02,
    2.55174637e+02, 2.23082901e+02, 2.54631851e+02, 2.37718674e+02,
    2.44198730e+02, 1.64617615e+02, 2.43655716e+02, 1.79257355e+02,
    2.43168243e+02, 1.93534271e+02, 2.42604385e+02, 2.08153473e+02,
    2.42088196e+02, 2.22440125e+02, 2.41566162e+02, 2.37128845e+02 ]
