%YAML:1.0
---
points: [ 1.32403394e+03, 3.78444580e+02, 1.33613818e+03, 3.98235748e+02,
    1.34836584e+03, 4.18194092e+02, 1.36039526e+03, 4.38040039e+02,
    1.37257788e+03, 4.57943817e+02, 1.38474951e+03, 4.77874664e+02,
    1.30541077e+03, 3.88104645e+02, 1.31732568e+03, 4.07613342e+02,
    1.32937732e+03, 4.27232147e+02, 1.34120667e+03, 4.46886536e+02,
    1.35322119e+03, 4.66363251e+02, 1.36520044e+03, 4.85954742e+02,
    1.28745129e+03, 3.97571625e+02, 1.29925427e+03, 4.16604584e+02,
    1.31089917e+03, 4.36065155e+02, 1.32271729e+03, 4.55225403e+02,
    1.33451050e+03, 4.74442108e+02, 1.34628845e+03, 4.93602325e+02,
    1.27016638e+03, 4.06519806e+02, 1.28174683e+03, 4.25627716e+02,
    1.29328088e+03, 4.44384613e+02, 1.30474976e+03, 4.63328979e+02,
    1.31637158e+03, 4.82190948e+02, 1.32798096e+03, 5.01136566e+02,
    1.25354468e+03, 4.15439362e+02, 1.26475281e+03, 4.33824371e+02,
    1.27627112e+03, 4.52579987e+02, 1.28750110e+03, 4.71183594e+02,
    1.29889648e+03, 4.89706818e+02, 1.31032251e+03, 5.08226196e+02,
    1.23726562e+03, 4.23829529e+02, 1.24848938e+03, 4.42157501e+02,
    1.25965320e+03, 4.60424866e+02, 1.27080762e+03, 4.78693451e+02,
    1.28199414e+03, 4.96890259e+02, 1.29323022e+03, 5.15331543e+02,
    1.22164160e+03, 4.32032471e+02, 1.23263074e+03, 4.50015015e+02,
    1.24356250e+03, 4.68132904e+02, 1.25460132e+03, 4.85968353e+02,
    1.26563293e+03, 5.04071777e+02, 1.27664368e+03, 5.21965271e+02,
    1.20659167e+03, 4.39969116e+02, 1.21734375e+03, 4.57681458e+02,
    1.22828162e+03, 4.75368103e+02, 1.23896667e+03, 4.93157349e+02,
    1.24983069e+03, 5.10725281e+02, 1.26066431e+03, 5.28460938e+02 ]
