%YAML:1.0
---
points: [ 1.10819995e+03, 3.47058990e+02, 1.11158240e+03, 3.93056976e+02,
    1.11477527e+03, 4.39868469e+02, 1.11796240e+03, 4.86827087e+02,
    1.12161584e+03, 5.34975586e+02, 1.12515149e+03, 5.83433533e+02,
    1.06244971e+03, 3.53800873e+02, 1.06522742e+03, 3.99916901e+02,
    1.06823376e+03, 4.45451904e+02, 1.07128394e+03, 4.92132782e+02,
    1.07450940e+03, 5.39351379e+02, 1.07760657e+03, 5.86762817e+02,
    1.01757697e+03, 3.61058044e+02, 1.02032324e+03, 4.05908447e+02,
    1.02286456e+03, 4.51497253e+02, 1.02556995e+03, 4.96862854e+02,
    1.02846948e+03, 5.43581543e+02, 1.03140466e+03, 5.90042664e+02,
    9.74636047e+02, 3.67582031e+02, 9.76781982e+02, 4.11952362e+02,
    9.79506592e+02, 4.56586945e+02, 9.82030273e+02, 5.01697540e+02,
    9.84556396e+02, 5.47401245e+02, 9.87154236e+02, 5.93466736e+02,
    9.32698120e+02, 3.74297485e+02, 9.35109436e+02, 4.17844269e+02,
    9.37318787e+02, 4.62008789e+02, 9.39415100e+02, 5.06295288e+02,
    9.41982422e+02, 5.51205200e+02, 9.44152893e+02, 5.96663879e+02,
    8.92390564e+02, 3.80572327e+02, 8.94535950e+02, 4.23601868e+02,
    8.96419800e+02, 4.66842102e+02, 8.98483826e+02, 5.10661926e+02,
    9.00663940e+02, 5.54971436e+02, 9.02499695e+02, 5.99776062e+02,
    8.53299133e+02, 3.86558807e+02, 8.54931519e+02, 4.29067413e+02,
    8.56763794e+02, 4.71963470e+02, 8.58757996e+02, 5.14924194e+02,
    8.60431458e+02, 5.58753113e+02, 8.62318848e+02, 6.02579407e+02,
    8.15080872e+02, 3.92543579e+02, 8.16652588e+02, 4.34431213e+02,
    8.18238770e+02, 4.76495056e+02, 8.19974792e+02, 5.19170837e+02,
    8.21727112e+02, 5.62149414e+02, 8.23185120e+02, 6.05695251e+02 ]
