%YAML:1.0
---
points: [ 1.88627823e+02, 1.69779312e+02, 1.93259705e+02, 1.59679306e+02,
    1.97642487e+02, 1.50216629e+02, 2.01703491e+02, 1.41237701e+02,
    2.05525513e+02, 1.32681152e+02, 2.09153427e+02, 1.24588921e+02,
    2.04583023e+02, 1.72223068e+02, 2.08692520e+02, 1.62142578e+02,
    2.12547714e+02, 1.52535095e+02, 2.16238983e+02, 1.43514816e+02,
    2.19730957e+02, 1.34791229e+02, 2.23059113e+02, 1.26695168e+02,
    2.20508362e+02, 1.74789871e+02, 2.24168365e+02, 1.64570374e+02,
    2.27728195e+02, 1.54839188e+02, 2.31001373e+02, 1.45661194e+02,
    2.34128143e+02, 1.36959763e+02, 2.37011475e+02, 1.28672318e+02,
    2.36557526e+02, 1.77384140e+02, 2.39805679e+02, 1.66923828e+02,
    2.42836395e+02, 1.57129578e+02, 2.45678528e+02, 1.47922058e+02,
    2.48364319e+02, 1.39114670e+02, 2.51061966e+02, 1.30786591e+02,
    2.52673172e+02, 1.79835983e+02, 2.55372879e+02, 1.69353760e+02,
    2.58011292e+02, 1.59493515e+02, 2.60453827e+02, 1.50121826e+02,
    2.62861938e+02, 1.41274231e+02, 2.65056610e+02, 1.32853989e+02,
    2.68835602e+02, 1.82371414e+02, 2.71189026e+02, 1.71809250e+02,
    2.73348816e+02, 1.61796555e+02, 2.75416992e+02, 1.52338013e+02,
    2.77339874e+02, 1.43358856e+02, 2.79280548e+02, 1.34924118e+02,
    2.85189972e+02, 1.84900589e+02, 2.87017822e+02, 1.74213165e+02,
    2.88775726e+02, 1.64071152e+02, 2.90409943e+02, 1.54606369e+02,
    2.91927551e+02, 1.45531403e+02, 2.93356567e+02, 1.36957947e+02,
    3.01716919e+02, 1.87518112e+02, 3.03086823e+02, 1.76715363e+02,
    3.04310944e+02, 1.66494720e+02, 3.05506653e+02, 1.56842789e+02,
    3.06754761e+02, 1.47672302e+02, 3.07818939e+02, 1.39006195e+02 ]
