%YAML:1.0
---
points: [ 3.35695221e+02, 1.44483261e+02, 3.36921783e+02, 1.60371460e+02,
    3.38180450e+02, 1.76605560e+02, 3.39482880e+02, 1.92856491e+02,
    3.40841431e+02, 2.09339401e+02, 3.42189209e+02, 2.25982681e+02,
    3.19493164e+02, 1.47210510e+02, 3.20632172e+02, 1.62978928e+02,
    3.21776428e+02, 1.78731506e+02, 3.22987244e+02, 1.94817642e+02,
    3.24152802e+02, 2.11009277e+02, 3.25394379e+02, 2.27390808e+02,
    3.03758698e+02, 1.49904602e+02, 3.04781860e+02, 1.65337738e+02,
    3.05885925e+02, 1.80936188e+02, 3.06875427e+02, 1.96629807e+02,
    3.08035583e+02, 2.12617508e+02, 3.09152069e+02, 2.28540695e+02,
    2.88649384e+02, 1.52528412e+02, 2.89516296e+02, 1.67657623e+02,
    2.90559296e+02, 1.82999924e+02, 2.91563873e+02, 1.98461182e+02,
    2.92529114e+02, 2.14131744e+02, 2.93517914e+02, 2.29900116e+02,
    2.74082977e+02, 1.55089935e+02, 2.74936646e+02, 1.69854034e+02,
    2.75807281e+02, 1.84985474e+02, 2.76671082e+02, 2.00152771e+02,
    2.77573364e+02, 2.15576233e+02, 2.78415863e+02, 2.31157318e+02,
    2.59962189e+02, 1.57353180e+02, 2.60751556e+02, 1.72023270e+02,
    2.61516815e+02, 1.86880157e+02, 2.62306702e+02, 2.01847900e+02,
    2.63131348e+02, 2.17001205e+02, 2.63998260e+02, 2.32253586e+02,
    2.46306900e+02, 1.59648834e+02, 2.47045563e+02, 1.74056488e+02,
    2.47738297e+02, 1.88771271e+02, 2.48439011e+02, 2.03415024e+02,
    2.49205185e+02, 2.18397964e+02, 2.49975479e+02, 2.33448318e+02,
    2.33028442e+02, 1.61822403e+02, 2.33685120e+02, 1.76135773e+02,
    2.34313812e+02, 1.90499374e+02, 2.35038116e+02, 2.05011215e+02,
    2.35641830e+02, 2.19793381e+02, 2.36305511e+02, 2.34619904e+02 ]
