%YAML:1.0
---
points: [ 2.76903076e+02, 1.54427704e+02, 2.76558716e+02, 1.68391663e+02,
    2.76280701e+02, 1.82073471e+02, 2.76009064e+02, 1.96052002e+02,
    2.75700470e+02, 2.09708237e+02, 2.75434723e+02, 2.23707336e+02,
    2.69381470e+02, 1.52358322e+02, 2.69069336e+02, 1.66615692e+02,
    2.68718353e+02, 1.80980225e+02, 2.68515442e+02, 1.95170654e+02,
    2.68154663e+02, 2.09407669e+02, 2.67869202e+02, 2.23677505e+02,
    2.61374329e+02, 1.50098465e+02, 2.61021118e+02, 1.64830688e+02,
    2.60702240e+02, 1.79633957e+02, 2.60331696e+02, 1.94389938e+02,
    2.59992828e+02, 2.08988419e+02, 2.59746002e+02, 2.23859711e+02,
    2.52762833e+02, 1.47775711e+02, 2.52429031e+02, 1.62938599e+02,
    2.52070755e+02, 1.78249420e+02, 2.51737076e+02, 1.93414062e+02,
    2.51315704e+02, 2.08699280e+02, 2.51126541e+02, 2.23885544e+02,
    2.43574432e+02, 1.45085007e+02, 2.43163330e+02, 1.60879776e+02,
    2.42811432e+02, 1.76655838e+02, 2.42420242e+02, 1.92500015e+02,
    2.42174240e+02, 2.08299866e+02, 2.41780029e+02, 2.24035141e+02,
    2.33638885e+02, 1.42350815e+02, 2.33292801e+02, 1.58704773e+02,
    2.32942963e+02, 1.75126572e+02, 2.32447784e+02, 1.91379044e+02,
    2.32183640e+02, 2.07800308e+02, 2.31717148e+02, 2.24137238e+02,
    2.22825058e+02, 1.39213776e+02, 2.22462570e+02, 1.56377396e+02,
    2.22178223e+02, 1.73366608e+02, 2.21702469e+02, 1.90370453e+02,
    2.21309494e+02, 2.07327667e+02, 2.21029663e+02, 2.24228470e+02,
    2.11355316e+02, 1.36069839e+02, 2.10907425e+02, 1.53702866e+02,
    2.10517731e+02, 1.71555847e+02, 2.10219376e+02, 1.89133621e+02,
    2.09823898e+02, 2.06752197e+02, 2.09335175e+02, 2.24284393e+02 ]
