%YAML:1.0
---
points: [ 3.39749512e+02, 8.45045547e+01, 3.40679871e+02, 9.70093460e+01,
    3.41678284e+02, 1.10190735e+02, 3.42631958e+02, 1.23885887e+02,
    3.43757874e+02, 1.38238464e+02, 3.44823303e+02, 1.53145584e+02,
    3.23091644e+02, 8.84710693e+01, 3.23769104e+02, 1.00912804e+02,
    3.24293671e+02, 1.13949783e+02, 3.25051453e+02, 1.27532913e+02,
    3.25608978e+02, 1.41736664e+02, 3.26322388e+02, 1.56492035e+02,
    3.06961212e+02, 9.23242111e+01, 3.07154175e+02, 1.04661346e+02,
    3.07379822e+02, 1.17608940e+02, 3.07758423e+02, 1.30948242e+02,
    3.08014008e+02, 1.44990707e+02, 3.08249695e+02, 1.59538971e+02,
    2.91278412e+02, 9.59886780e+01, 2.91202881e+02, 1.08365646e+02,
    2.91213928e+02, 1.21135193e+02, 2.91135254e+02, 1.34569229e+02,
    2.91135254e+02, 1.48257675e+02, 2.91099609e+02, 1.62627670e+02,
    2.76104767e+02, 9.96571121e+01, 2.75829346e+02, 1.11839470e+02,
    2.75513184e+02, 1.24623055e+02, 2.75128815e+02, 1.37695374e+02,
    2.74823883e+02, 1.51378601e+02, 2.74376648e+02, 1.65655365e+02,
    2.61427856e+02, 1.03162842e+02, 2.60829956e+02, 1.15248100e+02,
    2.60256836e+02, 1.27803627e+02, 2.59631195e+02, 1.40864807e+02,
    2.59017548e+02, 1.54336502e+02, 2.58336823e+02, 1.68369812e+02,
    2.47119675e+02, 1.06610382e+02, 2.46287659e+02, 1.18654541e+02,
    2.45433762e+02, 1.31028870e+02, 2.44565933e+02, 1.43895020e+02,
    2.43631165e+02, 1.57271423e+02, 2.42749115e+02, 1.71059250e+02,
    2.33196350e+02, 1.09917007e+02, 2.32226074e+02, 1.21792984e+02,
    2.31153046e+02, 1.33984375e+02, 2.30002609e+02, 1.46804916e+02,
    2.28781235e+02, 1.60048965e+02, 2.27576859e+02, 1.73742615e+02 ]
