%YAML:1.0
---
points: [ 1.33761377e+03, 3.63515533e+02, 1.34999683e+03, 3.82689270e+02,
    1.36225830e+03, 4.02009583e+02, 1.37455933e+03, 4.21168701e+02,
    1.38682520e+03, 4.40455170e+02, 1.39930811e+03, 4.59472717e+02,
    1.31770691e+03, 3.74730865e+02, 1.32988672e+03, 3.93795197e+02,
    1.34208069e+03, 4.12581421e+02, 1.35420532e+03, 4.31633301e+02,
    1.36634717e+03, 4.50514893e+02, 1.37850745e+03, 4.69425537e+02,
    1.29858960e+03, 3.85725891e+02, 1.31055884e+03, 4.04377991e+02,
    1.32252234e+03, 4.23094849e+02, 1.33440881e+03, 4.41689362e+02,
    1.34651501e+03, 4.60334076e+02, 1.35845911e+03, 4.78916687e+02,
    1.28001184e+03, 3.96350281e+02, 1.29170923e+03, 4.14780487e+02,
    1.30357568e+03, 4.33060730e+02, 1.31531213e+03, 4.51530243e+02,
    1.32715869e+03, 4.69783386e+02, 1.33900806e+03, 4.88341370e+02,
    1.26188025e+03, 4.06668060e+02, 1.27354846e+03, 4.24769714e+02,
    1.28501782e+03, 4.42819153e+02, 1.29666956e+03, 4.61022064e+02,
    1.30842200e+03, 4.79183350e+02, 1.32004004e+03, 4.97249451e+02,
    1.24433569e+03, 4.16651459e+02, 1.25572656e+03, 4.34577148e+02,
    1.26715125e+03, 4.52420441e+02, 1.27864050e+03, 4.70218475e+02,
    1.29017444e+03, 4.88115479e+02, 1.30162708e+03, 5.05951111e+02,
    1.22724670e+03, 4.26410461e+02, 1.23843176e+03, 4.44070923e+02,
    1.24973315e+03, 4.61716217e+02, 1.26098694e+03, 4.79306854e+02,
    1.27233936e+03, 4.96830780e+02, 1.28362292e+03, 5.14504944e+02,
    1.21054919e+03, 4.35879578e+02, 1.22167249e+03, 4.53295441e+02,
    1.23280518e+03, 4.70563293e+02, 1.24405347e+03, 4.88029510e+02,
    1.25508289e+03, 5.05361420e+02, 1.26632727e+03, 5.22672546e+02 ]
