%YAML:1.0
---
points: [ 1.12239490e+03, 1.53238785e+02, 1.12386536e+03, 1.90961731e+02,
    1.12547034e+03, 2.29924545e+02, 1.12723523e+03, 2.70701599e+02,
    1.12869678e+03, 3.13079254e+02, 1.13064844e+03, 3.57052887e+02,
    1.07468848e+03, 1.65186661e+02, 1.07520703e+03, 2.02437561e+02,
    1.07569836e+03, 2.41080475e+02, 1.07637524e+03, 2.81473175e+02,
    1.07705750e+03, 3.23390533e+02, 1.07767700e+03, 3.66629486e+02,
    1.02783887e+03, 1.76709229e+02, 1.02768555e+03, 2.13637238e+02,
    1.02736304e+03, 2.52017029e+02, 1.02712085e+03, 2.91698914e+02,
    1.02669873e+03, 3.33189575e+02, 1.02633679e+03, 3.75985474e+02,
    9.83031616e+02, 1.87798889e+02, 9.81724548e+02, 2.24466827e+02,
    9.80707153e+02, 2.62424072e+02, 9.79591003e+02, 3.01857056e+02,
    9.78413818e+02, 3.42581085e+02, 9.76870850e+02, 3.85007874e+02,
    9.39295288e+02, 1.98539474e+02, 9.37570007e+02, 2.34920914e+02,
    9.35482971e+02, 2.72386353e+02, 9.33510315e+02, 3.11438568e+02,
    9.31508728e+02, 3.51710297e+02, 9.29178101e+02, 3.93493561e+02,
    8.97031128e+02, 2.09124573e+02, 8.94465210e+02, 2.44808945e+02,
    8.91591492e+02, 2.82173828e+02, 8.88784607e+02, 3.20580933e+02,
    8.85970947e+02, 3.60573547e+02, 8.82781616e+02, 4.02104431e+02,
    8.55659424e+02, 2.19176819e+02, 8.52655762e+02, 2.54773849e+02,
    8.49168457e+02, 2.91509979e+02, 8.45615601e+02, 3.29585114e+02,
    8.41832031e+02, 3.69251587e+02, 8.38123169e+02, 4.10003082e+02,
    8.15677246e+02, 2.28989563e+02, 8.11655762e+02, 2.64255951e+02,
    8.07590942e+02, 3.00670471e+02, 8.03413391e+02, 3.38430847e+02,
    7.99098572e+02, 3.77403503e+02, 7.94463684e+02, 4.17892059e+02 ]
