%YAML:1.0
---
points: [ 1.77244492e+02, 2.23123886e+02, 1.77523041e+02, 2.07233459e+02,
    1.77924057e+02, 1.91074539e+02, 1.78224045e+02, 1.75189178e+02,
    1.78479477e+02, 1.59102631e+02, 1.78772934e+02, 1.42998932e+02,
    1.91889664e+02, 2.23229050e+02, 1.92185165e+02, 2.07614380e+02,
    1.92436249e+02, 1.91948624e+02, 1.92860886e+02, 1.76419968e+02,
    1.93159103e+02, 1.60810623e+02, 1.93377090e+02, 1.45095963e+02,
    2.05772232e+02, 2.23306061e+02, 2.06071854e+02, 2.08195816e+02,
    2.06431732e+02, 1.92915802e+02, 2.06797409e+02, 1.77710541e+02,
    2.07130753e+02, 1.62321701e+02, 2.07416321e+02, 1.47199265e+02,
    2.19102264e+02, 2.23361816e+02, 2.19398148e+02, 2.08564117e+02,
    2.19642410e+02, 1.93585403e+02, 2.19913330e+02, 1.78783234e+02,
    2.20277771e+02, 1.63939240e+02, 2.20611145e+02, 1.49079880e+02,
    2.31606949e+02, 2.23380936e+02, 2.31873840e+02, 2.08786453e+02,
    2.32224487e+02, 1.94456436e+02, 2.32566452e+02, 1.79888367e+02,
    2.32788315e+02, 1.65392654e+02, 2.33107986e+02, 1.50813171e+02,
    2.43568527e+02, 2.23424759e+02, 2.43873352e+02, 2.09180939e+02,
    2.44186768e+02, 1.95187546e+02, 2.44510162e+02, 1.81000748e+02,
    2.44729340e+02, 1.66792313e+02, 2.45003662e+02, 1.52569733e+02,
    2.54997025e+02, 2.23381531e+02, 2.55298569e+02, 2.09565872e+02,
    2.55628235e+02, 1.95670410e+02, 2.55848480e+02, 1.81960632e+02,
    2.56125793e+02, 1.68036438e+02, 2.56487213e+02, 1.54184250e+02,
    2.66029327e+02, 2.23505508e+02, 2.66212036e+02, 2.09862213e+02,
    2.66588867e+02, 1.96383179e+02, 2.66820160e+02, 1.82957672e+02,
    2.67113586e+02, 1.69375259e+02, 2.67360260e+02, 1.55743973e+02 ]
