%YAML:1.0
---
points: [ 3.24843933e+02, 2.09876816e+02, 3.30238312e+02, 2.26719055e+02,
    3.35579742e+02, 2.43196945e+02, 3.40725769e+02, 2.59138397e+02,
    3.45872162e+02, 2.74907562e+02, 3.50821106e+02, 2.90183899e+02,
    3.08283813e+02, 2.12415695e+02, 3.13730682e+02, 2.28759842e+02,
    3.19057251e+02, 2.44623596e+02, 3.24277618e+02, 2.60118042e+02,
    3.29446228e+02, 2.75379120e+02, 3.34504547e+02, 2.90284393e+02,
    2.92496948e+02, 2.14794800e+02, 2.97981445e+02, 2.30624161e+02,
    3.03494446e+02, 2.46079636e+02, 3.08630188e+02, 2.61106567e+02,
    3.13818939e+02, 2.75899292e+02, 3.18796265e+02, 2.90243805e+02,
    2.77780060e+02, 2.17107132e+02, 2.83358459e+02, 2.32376862e+02,
    2.88751953e+02, 2.47330521e+02, 2.93997833e+02, 2.62036041e+02,
    2.99232422e+02, 2.76303253e+02, 3.04253815e+02, 2.90406433e+02,
    2.63954590e+02, 2.19294312e+02, 2.69456360e+02, 2.34011383e+02,
    2.74898773e+02, 2.48639160e+02, 2.80133209e+02, 2.62889221e+02,
    2.85354340e+02, 2.76956451e+02, 2.90310394e+02, 2.90362244e+02,
    2.50821533e+02, 2.21224091e+02, 2.56309235e+02, 2.35738663e+02,
    2.61643005e+02, 2.49828217e+02, 2.66974304e+02, 2.63739532e+02,
    2.72179535e+02, 2.77238556e+02, 2.77205627e+02, 2.90618988e+02,
    2.38378418e+02, 2.23201111e+02, 2.43843353e+02, 2.37222961e+02,
    2.49189362e+02, 2.51055298e+02, 2.54534561e+02, 2.64430115e+02,
    2.59674347e+02, 2.77780457e+02, 2.64760956e+02, 2.90810303e+02,
    2.26388763e+02, 2.24914383e+02, 2.31946579e+02, 2.38745132e+02,
    2.37345779e+02, 2.52098679e+02, 2.42564758e+02, 2.65242889e+02,
    2.47767715e+02, 2.78253021e+02, 2.52845871e+02, 2.90987579e+02 ]
