%YAML:1.0
---
points: [ 1.07258057e+03, 5.23516785e+02, 1.08932141e+03, 5.72925415e+02,
    1.10596594e+03, 6.21363647e+02, 1.12190479e+03, 6.68354553e+02,
    1.13779517e+03, 7.14509949e+02, 1.15335913e+03, 7.59784851e+02,
    1.02620276e+03, 5.30804321e+02, 1.04330493e+03, 5.78801025e+02,
    1.05960828e+03, 6.25601440e+02, 1.07569348e+03, 6.71429810e+02,
    1.09175366e+03, 7.16278687e+02, 1.10724695e+03, 7.60175476e+02,
    9.82281250e+02, 5.38219788e+02, 9.99225098e+02, 5.84633789e+02,
    1.01572943e+03, 6.29900940e+02, 1.03180493e+03, 6.74404724e+02,
    1.04779382e+03, 7.18082092e+02, 1.06340808e+03, 7.60762939e+02,
    9.40901062e+02, 5.44810913e+02, 9.57857666e+02, 5.89875366e+02,
    9.74459595e+02, 6.33993225e+02, 9.90747192e+02, 6.77157898e+02,
    1.00653204e+03, 7.19462585e+02, 1.02224939e+03, 7.61150635e+02,
    9.01646423e+02, 5.51262634e+02, 9.18854736e+02, 5.95098999e+02,
    9.35353882e+02, 6.38153503e+02, 9.51524963e+02, 6.79904724e+02,
    9.67606323e+02, 7.21179688e+02, 9.82879700e+02, 7.61426575e+02,
    8.64688293e+02, 5.57129578e+02, 8.81616089e+02, 5.99713501e+02,
    8.98305542e+02, 6.41652100e+02, 9.14465515e+02, 6.82457703e+02,
    9.30421936e+02, 7.22616699e+02, 9.45834534e+02, 7.61941711e+02,
    8.29370117e+02, 5.62813416e+02, 8.46474609e+02, 6.04304321e+02,
    8.62989929e+02, 6.45122009e+02, 8.79270386e+02, 6.84890564e+02,
    8.95199768e+02, 7.24100342e+02, 9.10507996e+02, 7.62433228e+02,
    7.95816833e+02, 5.68395203e+02, 8.12744263e+02, 6.08661133e+02,
    8.29519409e+02, 6.48504272e+02, 8.45554504e+02, 6.87218811e+02,
    8.61460205e+02, 7.25329224e+02, 8.76894897e+02, 7.62895569e+02 ]
