%YAML:1.0
---
points: [ 1.40370447e+03, 2.19830887e+02, 1.42205408e+03, 2.44795609e+02,
    1.43999695e+03, 2.69528595e+02, 1.45762708e+03, 2.93808411e+02,
    1.47531653e+03, 3.17829254e+02, 1.49263660e+03, 3.41413696e+02,
    1.37729883e+03, 2.31834976e+02, 1.39526257e+03, 2.56263275e+02,
    1.41319458e+03, 2.80137970e+02, 1.43047534e+03, 3.03746460e+02,
    1.44781860e+03, 3.26962097e+02, 1.46480481e+03, 3.49984253e+02,
    1.35223877e+03, 2.43189835e+02, 1.36990991e+03, 2.66663177e+02,
    1.38730432e+03, 2.90041626e+02, 1.40451624e+03, 3.12930939e+02,
    1.42174146e+03, 3.35629913e+02, 1.43848438e+03, 3.57809387e+02,
    1.32839221e+03, 2.54022980e+02, 1.34581494e+03, 2.76954956e+02,
    1.36292578e+03, 2.99520721e+02, 1.37996960e+03, 3.21774506e+02,
    1.39688159e+03, 3.43785797e+02, 1.41335620e+03, 3.65494629e+02,
    1.30571240e+03, 2.64201508e+02, 1.32294214e+03, 2.86451599e+02,
    1.33971692e+03, 3.08575562e+02, 1.35646851e+03, 3.30166321e+02,
    1.37304114e+03, 3.51624756e+02, 1.38931885e+03, 3.72544952e+02,
    1.28416565e+03, 2.74035461e+02, 1.30098975e+03, 2.95591797e+02,
    1.31778711e+03, 3.17174957e+02, 1.33416956e+03, 3.38139435e+02,
    1.35062036e+03, 3.59026123e+02, 1.36663367e+03, 3.79597076e+02,
    1.26364038e+03, 2.83364746e+02, 1.28029980e+03, 3.04427795e+02,
    1.29655286e+03, 3.25398743e+02, 1.31266760e+03, 3.45782471e+02,
    1.32881323e+03, 3.66176727e+02, 1.34477637e+03, 3.86166443e+02,
    1.24401331e+03, 2.92094330e+02, 1.26037390e+03, 3.12603973e+02,
    1.27658130e+03, 3.32974152e+02, 1.29253979e+03, 3.53075409e+02,
    1.30823572e+03, 3.72751068e+02, 1.32394055e+03, 3.92355591e+02 ]
