%YAML:1.0
---
points: [ 6.84168335e+02, 5.80021423e+02, 7.23269531e+02, 5.48515198e+02,
    7.63520142e+02, 5.16117737e+02, 8.04899841e+02, 4.82732788e+02,
    8.47718079e+02, 4.48184570e+02, 8.91689026e+02, 4.12462708e+02,
    7.25339355e+02, 6.11683960e+02, 7.63974854e+02, 5.81523376e+02,
    8.03886292e+02, 5.50459778e+02, 8.44923096e+02, 5.18540710e+02,
    8.87105408e+02, 4.85349884e+02, 9.30645264e+02, 4.51305298e+02,
    7.64360657e+02, 6.41985352e+02, 8.02710205e+02, 6.12797119e+02,
    8.42111023e+02, 5.82917297e+02, 8.82642822e+02, 5.52349670e+02,
    9.24383179e+02, 5.20591675e+02, 9.67520142e+02, 4.87840668e+02,
    8.01712585e+02, 6.70666199e+02, 8.39568237e+02, 6.42711060e+02,
    8.78519348e+02, 6.14091064e+02, 9.18628967e+02, 5.84512085e+02,
    9.60033264e+02, 5.53969727e+02, 1.00266571e+03, 5.22758789e+02,
    8.37185242e+02, 6.98198181e+02, 8.74579407e+02, 6.71321960e+02,
    9.13318115e+02, 6.43577576e+02, 9.52803589e+02, 6.15193726e+02,
    9.93825684e+02, 5.85835266e+02, 1.03591479e+03, 5.55656799e+02,
    8.71056091e+02, 7.24576904e+02, 9.08247009e+02, 6.98510071e+02,
    9.46414368e+02, 6.71759644e+02, 9.85594543e+02, 6.44442993e+02,
    1.02609961e+03, 6.16295410e+02, 1.06766589e+03, 5.87291382e+02,
    9.03613159e+02, 7.49741028e+02, 9.40442383e+02, 7.24631775e+02,
    9.78243286e+02, 6.98920776e+02, 1.01712329e+03, 6.72585327e+02,
    1.05704492e+03, 6.45459045e+02, 1.09836975e+03, 6.17596008e+02,
    9.34670471e+02, 7.73925354e+02, 9.71165771e+02, 7.49672119e+02,
    1.00851477e+03, 7.24751160e+02, 1.04689307e+03, 6.99377075e+02,
    1.08653674e+03, 6.73264587e+02, 1.12720728e+03, 6.46360291e+02 ]
