%YAML:1.0
---
points: [ 2.58986481e+02, 1.40626862e+02, 2.59733734e+02, 1.58706070e+02,
    2.60493774e+02, 1.76806885e+02, 2.61230865e+02, 1.94680405e+02,
    2.62050568e+02, 2.12425751e+02, 2.62797211e+02, 2.30081345e+02,
    2.49235962e+02, 1.42962372e+02, 2.50033798e+02, 1.60460938e+02,
    2.50828888e+02, 1.77756271e+02, 2.51547699e+02, 1.95036911e+02,
    2.52331146e+02, 2.12114883e+02, 2.53173172e+02, 2.29069275e+02,
    2.40292679e+02, 1.45271683e+02, 2.41098099e+02, 1.61999893e+02,
    2.41912247e+02, 1.78649796e+02, 2.42580032e+02, 1.95216034e+02,
    2.43532013e+02, 2.11664459e+02, 2.44229614e+02, 2.27895584e+02,
    2.31889236e+02, 1.47285507e+02, 2.32816895e+02, 1.63542648e+02,
    2.33585342e+02, 1.79505112e+02, 2.34340210e+02, 1.95394043e+02,
    2.35167175e+02, 2.11225754e+02, 2.35859512e+02, 2.27034286e+02,
    2.24326950e+02, 1.49273727e+02, 2.25187180e+02, 1.64710693e+02,
    2.25901260e+02, 1.80311996e+02, 2.26682831e+02, 1.95506927e+02,
    2.27408234e+02, 2.10892853e+02, 2.28236221e+02, 2.26088943e+02,
    2.17068314e+02, 1.51004089e+02, 2.17868835e+02, 1.66075241e+02,
    2.18542999e+02, 1.81005142e+02, 2.19523239e+02, 1.95831879e+02,
    2.20208969e+02, 2.10554169e+02, 2.21026657e+02, 2.25412216e+02,
    2.07838715e+02, 1.53321365e+02, 2.08500412e+02, 1.67632019e+02,
    2.09250641e+02, 1.81968048e+02, 2.09979843e+02, 1.96123383e+02,
    2.10890259e+02, 2.10242523e+02, 2.11819168e+02, 2.24148727e+02,
    2.07838699e+02, 1.53321365e+02, 2.08500351e+02, 1.67632034e+02,
    2.09250626e+02, 1.81968063e+02, 2.09979813e+02, 1.96123383e+02,
    2.10890228e+02, 2.10242523e+02, 2.11819153e+02, 2.24148727e+02 ]
