%YAML:1.0
---
points: [ 1.16667419e+03, 2.80295380e+02, 1.17691577e+03, 2.42341476e+02,
    1.18733569e+03, 2.03795212e+02, 1.19761475e+03, 1.64670425e+02,
    1.20843896e+03, 1.24687927e+02, 1.21918848e+03, 8.42205658e+01,
    1.20099683e+03, 2.88158020e+02, 1.21135852e+03, 2.50601791e+02,
    1.22180347e+03, 2.12547256e+02, 1.23256604e+03, 1.73652664e+02,
    1.24344885e+03, 1.34188828e+02, 1.25449939e+03, 9.39021530e+01,
    1.23484680e+03, 2.96245758e+02, 1.24543970e+03, 2.58891418e+02,
    1.25624841e+03, 2.21133087e+02, 1.26728284e+03, 1.82542633e+02,
    1.27836084e+03, 1.43479019e+02, 1.28973376e+03, 1.03545143e+02,
    1.26846460e+03, 3.03814514e+02, 1.27922375e+03, 2.67045990e+02,
    1.29022620e+03, 2.29459961e+02, 1.30124878e+03, 1.91435852e+02,
    1.31254346e+03, 1.52374054e+02, 1.32401917e+03, 1.13139687e+02,
    1.30148474e+03, 3.11645996e+02, 1.31243225e+03, 2.74899231e+02,
    1.32363513e+03, 2.37816864e+02, 1.33499854e+03, 1.99839249e+02,
    1.34647461e+03, 1.61421951e+02, 1.35826428e+03, 1.22408478e+02,
    1.33414673e+03, 3.19033966e+02, 1.34543567e+03, 2.82770660e+02,
    1.35679333e+03, 2.45825974e+02, 1.36825525e+03, 2.08460602e+02,
    1.37997314e+03, 1.70283401e+02, 1.39170312e+03, 1.31568954e+02,
    1.36654028e+03, 3.26653137e+02, 1.37785376e+03, 2.90563995e+02,
    1.38934534e+03, 2.54241684e+02, 1.40113855e+03, 2.16883514e+02,
    1.41283447e+03, 1.79115509e+02, 1.42481689e+03, 1.40686646e+02,
    1.39858057e+03, 3.34051422e+02, 1.40999280e+03, 2.98358795e+02,
    1.42174829e+03, 2.62073608e+02, 1.43352478e+03, 2.25233475e+02,
    1.44545422e+03, 1.87690994e+02, 1.45750696e+03, 1.49750854e+02 ]
