%YAML:1.0
---
points: [ 1.93546585e+02, 2.28795105e+02, 2.07168640e+02, 2.18174881e+02,
    2.21166946e+02, 2.07103638e+02, 2.35678802e+02, 1.95885178e+02,
    2.50564911e+02, 1.84085266e+02, 2.66045105e+02, 1.72015015e+02,
    2.06817368e+02, 2.39585037e+02, 2.20258499e+02, 2.29291443e+02,
    2.34150909e+02, 2.18823288e+02, 2.48447311e+02, 2.07900116e+02,
    2.63264343e+02, 1.96753601e+02, 2.78476776e+02, 1.85060257e+02,
    2.19350037e+02, 2.49742783e+02, 2.32662109e+02, 2.39923523e+02,
    2.46410660e+02, 2.29806351e+02, 2.60546570e+02, 2.19448990e+02,
    2.75081787e+02, 2.08618195e+02, 2.90268341e+02, 1.97619675e+02,
    2.31373260e+02, 2.59580261e+02, 2.44550842e+02, 2.50029144e+02,
    2.58142456e+02, 2.40372849e+02, 2.72079773e+02, 2.30341736e+02,
    2.86580139e+02, 2.20047729e+02, 3.01439331e+02, 2.09356003e+02,
    2.42819275e+02, 2.68874786e+02, 2.55832184e+02, 2.59766724e+02,
    2.69271729e+02, 2.50373260e+02, 2.83156952e+02, 2.40793564e+02,
    2.97453461e+02, 2.30888840e+02, 3.12104706e+02, 2.20642944e+02,
    2.53797470e+02, 2.77819122e+02, 2.66686707e+02, 2.69051270e+02,
    2.80001984e+02, 2.60036560e+02, 2.93651581e+02, 2.50694046e+02,
    3.07819855e+02, 2.41211960e+02, 3.22411804e+02, 2.31394547e+02,
    2.64263123e+02, 2.86389648e+02, 2.77127136e+02, 2.77924011e+02,
    2.90305878e+02, 2.69281586e+02, 3.03856445e+02, 2.60348175e+02,
    3.17778107e+02, 2.51062561e+02, 3.32215210e+02, 2.41686203e+02,
    2.74386505e+02, 2.94742767e+02, 2.86997040e+02, 2.86492432e+02,
    3.00104401e+02, 2.78065125e+02, 3.13490997e+02, 2.69468964e+02,
    3.27291840e+02, 2.60651794e+02, 3.41530670e+02, 2.51486664e+02 ]
