%YAML:1.0
---
points: [ 3.20255829e+02, 1.67335724e+02, 3.18858429e+02, 1.85771759e+02,
    3.17463287e+02, 2.04339401e+02, 3.16117859e+02, 2.22751297e+02,
    3.14806915e+02, 2.41141922e+02, 3.13464081e+02, 2.59384247e+02,
    3.06088531e+02, 1.67731812e+02, 3.04694397e+02, 1.85604813e+02,
    3.03359528e+02, 2.03425171e+02, 3.02128235e+02, 2.21196747e+02,
    3.00880157e+02, 2.38882172e+02, 2.99552948e+02, 2.56565582e+02,
    2.92716644e+02, 1.68321457e+02, 2.91449646e+02, 1.85390854e+02,
    2.90243378e+02, 2.02705704e+02, 2.88965393e+02, 2.19800858e+02,
    2.87818329e+02, 2.36868271e+02, 2.86602020e+02, 2.53792770e+02,
    2.80361420e+02, 1.68676163e+02, 2.79160645e+02, 1.85340652e+02,
    2.78090759e+02, 2.01953491e+02, 2.76974243e+02, 2.18488831e+02,
    2.75788940e+02, 2.34902283e+02, 2.74576843e+02, 2.51338547e+02,
    2.68899994e+02, 1.69241058e+02, 2.67842468e+02, 1.85229645e+02,
    2.66691650e+02, 2.01248215e+02, 2.65559113e+02, 2.17201950e+02,
    2.64500885e+02, 2.33244705e+02, 2.63416382e+02, 2.49000168e+02,
    2.58162598e+02, 1.69511551e+02, 2.57108978e+02, 1.85247864e+02,
    2.56068237e+02, 2.00595078e+02, 2.54979843e+02, 2.16174484e+02,
    2.53987579e+02, 2.31534851e+02, 2.52915955e+02, 2.46973389e+02,
    2.48129074e+02, 1.69886200e+02, 2.47125626e+02, 1.84946747e+02,
    2.46059387e+02, 1.99987137e+02, 2.45145447e+02, 2.14925323e+02,
    2.44138367e+02, 2.29985199e+02, 2.43099258e+02, 2.44873260e+02,
    2.38531601e+02, 1.70180313e+02, 2.37648163e+02, 1.84893967e+02,
    2.36683731e+02, 1.99320908e+02, 2.35747131e+02, 2.14142838e+02,
    2.34836609e+02, 2.28385010e+02, 2.33833313e+02, 2.43068405e+02 ]
