%YAML:1.0
---
points: [ 1.05921191e+03, 3.98257874e+02, 1.05510950e+03, 4.52846405e+02,
    1.05127722e+03, 5.07321198e+02, 1.04742822e+03, 5.61316406e+02,
    1.04351477e+03, 6.15487671e+02, 1.03969800e+03, 6.69489746e+02,
    1.02034198e+03, 3.99627350e+02, 1.01652484e+03, 4.52357971e+02,
    1.01267365e+03, 5.04618103e+02, 1.00916064e+03, 5.56737915e+02,
    1.00552710e+03, 6.09029968e+02, 1.00173376e+03, 6.61010864e+02,
    9.83747864e+02, 4.01249969e+02, 9.80371216e+02, 4.51837311e+02,
    9.76671753e+02, 5.02499176e+02, 9.73352844e+02, 5.52638489e+02,
    9.69701477e+02, 6.03025696e+02, 9.66169861e+02, 6.53305847e+02,
    9.49961792e+02, 4.02488342e+02, 9.46669312e+02, 4.51359833e+02,
    9.43517212e+02, 5.00342194e+02, 9.40207336e+02, 5.48967285e+02,
    9.36781311e+02, 5.97531738e+02, 9.33486328e+02, 6.45899780e+02,
    9.18467285e+02, 4.03606293e+02, 9.15475647e+02, 4.50913300e+02,
    9.12180664e+02, 4.98212982e+02, 9.08982239e+02, 5.45384094e+02,
    9.06055481e+02, 5.92384705e+02, 9.02561890e+02, 6.39264709e+02,
    8.89266785e+02, 4.04637970e+02, 8.86140137e+02, 4.50484985e+02,
    8.82854736e+02, 4.96460602e+02, 8.80150085e+02, 5.41833313e+02,
    8.76917480e+02, 5.87479797e+02, 8.73895264e+02, 6.33060181e+02,
    8.61419983e+02, 4.05723114e+02, 8.58614746e+02, 4.50273590e+02,
    8.55528076e+02, 4.94528900e+02, 8.52879456e+02, 5.38784729e+02,
    8.49889648e+02, 5.82805115e+02, 8.47214233e+02, 6.27128967e+02,
    8.35345764e+02, 4.06668091e+02, 8.32674438e+02, 4.49808136e+02,
    8.29822327e+02, 4.92801910e+02, 8.27351135e+02, 5.35726685e+02,
    8.24384094e+02, 5.78610901e+02, 8.21569519e+02, 6.21563660e+02 ]
