%YAML:1.0
---
points: [ 1.20158154e+03, 2.82703156e+02, 1.21124927e+03, 2.50860931e+02,
    1.22065063e+03, 2.18433441e+02, 1.23054822e+03, 1.85382538e+02,
    1.24055554e+03, 1.51524673e+02, 1.25062231e+03, 1.17344742e+02,
    1.23167200e+03, 2.89848328e+02, 1.24130261e+03, 2.58278931e+02,
    1.25130701e+03, 2.25698502e+02, 1.26140051e+03, 1.92771118e+02,
    1.27153870e+03, 1.59307983e+02, 1.28217419e+03, 1.25083893e+02,
    1.26168433e+03, 2.97264771e+02, 1.27170789e+03, 2.65380096e+02,
    1.28194238e+03, 2.33374619e+02, 1.29231531e+03, 2.00375305e+02,
    1.30285620e+03, 1.66889832e+02, 1.31350415e+03, 1.32955231e+02,
    1.29174182e+03, 3.04114502e+02, 1.30223474e+03, 2.72548401e+02,
    1.31240686e+03, 2.40407211e+02, 1.32298987e+03, 2.07948120e+02,
    1.33368311e+03, 1.74450180e+02, 1.34468311e+03, 1.40678925e+02,
    1.32176196e+03, 3.11305817e+02, 1.33233948e+03, 2.79771790e+02,
    1.34282861e+03, 2.47866257e+02, 1.35375342e+03, 2.15336426e+02,
    1.36460242e+03, 1.82189926e+02, 1.37574634e+03, 1.48470352e+02,
    1.35160449e+03, 3.18233734e+02, 1.36227527e+03, 2.86947723e+02,
    1.37332080e+03, 2.55075394e+02, 1.38409204e+03, 2.22755051e+02,
    1.39547644e+03, 1.89687317e+02, 1.40667151e+03, 1.56260803e+02,
    1.38153601e+03, 3.25270660e+02, 1.39225171e+03, 2.93947113e+02,
    1.40344775e+03, 2.62322906e+02, 1.41453259e+03, 2.30020065e+02,
    1.42582532e+03, 1.97337250e+02, 1.43748145e+03, 1.63943314e+02,
    1.41120850e+03, 3.32328552e+02, 1.42216992e+03, 3.01351074e+02,
    1.43341626e+03, 2.69528595e+02, 1.44477014e+03, 2.37588348e+02,
    1.45639978e+03, 2.04757019e+02, 1.46819409e+03, 1.71585480e+02 ]
