%YAML:1.0
---
points: [ 2.82866669e+02, 1.40975861e+02, 2.83475037e+02, 1.57666565e+02,
    2.84180084e+02, 1.74296173e+02, 2.84815887e+02, 1.90868256e+02,
    2.85551910e+02, 2.07432022e+02, 2.86281677e+02, 2.23959015e+02,
    2.70206970e+02, 1.43592133e+02, 2.70934814e+02, 1.59821609e+02,
    2.71536682e+02, 1.75830215e+02, 2.72221375e+02, 1.91943207e+02,
    2.73074768e+02, 2.08025757e+02, 2.73618164e+02, 2.24107239e+02,
    2.58346741e+02, 1.46046753e+02, 2.59102173e+02, 1.61752029e+02,
    2.59771179e+02, 1.77382751e+02, 2.60388275e+02, 1.92936752e+02,
    2.61190094e+02, 2.08537048e+02, 2.61802551e+02, 2.24020203e+02,
    2.47228546e+02, 1.48259995e+02, 2.47960876e+02, 1.63676437e+02,
    2.48636612e+02, 1.78724609e+02, 2.49293152e+02, 1.93900726e+02,
    2.49943802e+02, 2.08898453e+02, 2.50592010e+02, 2.24213486e+02,
    2.36806702e+02, 1.50430557e+02, 2.37500290e+02, 1.65232025e+02,
    2.38158173e+02, 1.80066299e+02, 2.38776993e+02, 1.94771103e+02,
    2.39350922e+02, 2.09436691e+02, 2.40069000e+02, 2.24127640e+02,
    2.26754562e+02, 1.52524048e+02, 2.27459091e+02, 1.66870956e+02,
    2.28175491e+02, 1.81298553e+02, 2.28766296e+02, 1.95499496e+02,
    2.29419937e+02, 2.09871002e+02, 2.30057602e+02, 2.24196335e+02,
    2.17438675e+02, 1.54428268e+02, 2.18101013e+02, 1.68331146e+02,
    2.18664673e+02, 1.82413513e+02, 2.19325241e+02, 1.96375229e+02,
    2.19988510e+02, 2.10381454e+02, 2.20632263e+02, 2.24202942e+02,
    2.08445557e+02, 1.56145569e+02, 2.09153427e+02, 1.69918808e+02,
    2.09760757e+02, 1.83482697e+02, 2.10397522e+02, 1.97164246e+02,
    2.11029938e+02, 2.10634903e+02, 2.11591965e+02, 2.24303345e+02 ]
