%YAML:1.0
---
points: [ 2.59426971e+02, 1.08910385e+02, 2.70010986e+02, 1.21654251e+02,
    2.80689514e+02, 1.34425201e+02, 2.91198303e+02, 1.47046768e+02,
    3.01861572e+02, 1.59715195e+02, 3.12381165e+02, 1.72206589e+02,
    2.50016510e+02, 1.19637115e+02, 2.60372925e+02, 1.32047745e+02,
    2.70655548e+02, 1.44341217e+02, 2.80910522e+02, 1.56696945e+02,
    2.91211609e+02, 1.68819077e+02, 3.01493805e+02, 1.81060486e+02,
    2.41234268e+02, 1.29744904e+02, 2.51260590e+02, 1.41677811e+02,
    2.61295837e+02, 1.53679123e+02, 2.71257446e+02, 1.65575928e+02,
    2.81302612e+02, 1.77452057e+02, 2.91236603e+02, 1.89304947e+02,
    2.32839355e+02, 1.39197540e+02, 2.42706024e+02, 1.50932693e+02,
    2.52405746e+02, 1.62466064e+02, 2.62205261e+02, 1.74027634e+02,
    2.71855957e+02, 1.85583038e+02, 2.81630768e+02, 1.97075958e+02,
    2.25091064e+02, 1.48154114e+02, 2.34623260e+02, 1.59439896e+02,
    2.44176926e+02, 1.70825424e+02, 2.53583328e+02, 1.81978226e+02,
    2.63087921e+02, 1.93224472e+02, 2.72441101e+02, 2.04323822e+02,
    2.17566284e+02, 1.56662170e+02, 2.26945282e+02, 1.67677353e+02,
    2.36188751e+02, 1.78580078e+02, 2.45430466e+02, 1.89551163e+02,
    2.54634613e+02, 2.00418579e+02, 2.63889160e+02, 2.11307800e+02,
    2.10642944e+02, 1.64644211e+02, 2.19656631e+02, 1.75387070e+02,
    2.28681274e+02, 1.86125931e+02, 2.37706711e+02, 1.96743240e+02,
    2.46705368e+02, 2.07348450e+02, 2.55629395e+02, 2.17901062e+02,
    2.03890686e+02, 1.72291977e+02, 2.12780640e+02, 1.82755035e+02,
    2.21599625e+02, 1.93133759e+02, 2.30398865e+02, 2.03511185e+02,
    2.39154587e+02, 2.13832840e+02, 2.47901169e+02, 2.24203751e+02 ]
