%YAML:1.0
---
points: [ 5.98740601e+02, 5.83309692e+02, 6.20035156e+02, 5.33768433e+02,
    6.41349243e+02, 4.84105957e+02, 6.62711731e+02, 4.34319031e+02,
    6.83917786e+02, 3.84121124e+02, 7.05255310e+02, 3.33627777e+02,
    6.43709167e+02, 5.93662231e+02, 6.64356323e+02, 5.46005188e+02,
    6.84976501e+02, 4.98403564e+02, 7.05558167e+02, 4.50467255e+02,
    7.26082520e+02, 4.02235626e+02, 7.46602844e+02, 3.53669769e+02,
    6.85284546e+02, 6.03238464e+02, 7.05240845e+02, 5.57392944e+02,
    7.25045410e+02, 5.11382446e+02, 7.45094116e+02, 4.65331024e+02,
    7.64929260e+02, 4.18775024e+02, 7.84860657e+02, 3.72431946e+02,
    7.23955872e+02, 6.12118164e+02, 7.43076172e+02, 5.67784363e+02,
    7.62377014e+02, 5.23518066e+02, 7.81727478e+02, 4.79064941e+02,
    8.01071106e+02, 4.34348907e+02, 8.20304077e+02, 3.89415955e+02,
    7.59678162e+02, 6.20357361e+02, 7.78421021e+02, 5.77626343e+02,
    7.97189392e+02, 5.34733154e+02, 8.15737671e+02, 4.91823822e+02,
    8.34547729e+02, 4.48629944e+02, 8.53168457e+02, 4.05375366e+02,
    7.93212158e+02, 6.28260803e+02, 8.11324097e+02, 5.86822144e+02,
    8.29469421e+02, 5.45407043e+02, 8.47526550e+02, 5.03767151e+02,
    8.65725830e+02, 4.62111633e+02, 8.83831055e+02, 4.20245026e+02,
    8.24654907e+02, 6.35333801e+02, 8.42158630e+02, 5.95433899e+02,
    8.59828796e+02, 5.55278687e+02, 8.77510986e+02, 5.15156128e+02,
    8.95062317e+02, 4.74642670e+02, 9.12727905e+02, 4.34134674e+02,
    8.53762024e+02, 6.42247253e+02, 8.71050964e+02, 6.03332825e+02,
    8.88034668e+02, 5.64522522e+02, 9.05233032e+02, 5.25578430e+02,
    9.22440186e+02, 4.86528870e+02, 9.39606934e+02, 4.47267609e+02 ]
