%YAML:1.0
---
points: [ 1.17404309e+03, 2.62839417e+02, 1.18513635e+03, 2.39368652e+02,
    1.19613892e+03, 2.15459351e+02, 1.20752771e+03, 1.91082748e+02,
    1.21890234e+03, 1.66529968e+02, 1.23055017e+03, 1.41485382e+02,
    1.19641553e+03, 2.72449188e+02, 1.20760461e+03, 2.48936829e+02,
    1.21882227e+03, 2.25093307e+02, 1.23032275e+03, 2.00848328e+02,
    1.24212952e+03, 1.76189743e+02, 1.25378467e+03, 1.51209213e+02,
    1.21902039e+03, 2.82223694e+02, 1.23044385e+03, 2.58557098e+02,
    1.24173499e+03, 2.34799850e+02, 1.25353040e+03, 2.10569016e+02,
    1.26539136e+03, 1.86061584e+02, 1.27754138e+03, 1.61114105e+02,
    1.24161304e+03, 2.91542389e+02, 1.25310181e+03, 2.68378296e+02,
    1.26476636e+03, 2.44400345e+02, 1.27670349e+03, 2.20361923e+02,
    1.28874207e+03, 1.95624832e+02, 1.30082690e+03, 1.70894913e+02,
    1.26425671e+03, 3.01427460e+02, 1.27594470e+03, 2.77926636e+02,
    1.28780176e+03, 2.54327835e+02, 1.30001782e+03, 2.30162811e+02,
    1.31211951e+03, 2.05672150e+02, 1.32466711e+03, 1.80731476e+02,
    1.28699829e+03, 3.10910736e+02, 1.29894495e+03, 2.87662537e+02,
    1.31108435e+03, 2.63878693e+02, 1.32330725e+03, 2.39911774e+02,
    1.33570056e+03, 2.15519897e+02, 1.34823755e+03, 1.90735535e+02,
    1.30984302e+03, 3.20697021e+02, 1.32190637e+03, 2.97300964e+02,
    1.33425586e+03, 2.73718018e+02, 1.34659827e+03, 2.49623215e+02,
    1.35923059e+03, 2.25438660e+02, 1.37205310e+03, 2.00569656e+02,
    1.33279810e+03, 3.30330505e+02, 1.34510034e+03, 3.07229797e+02,
    1.35747363e+03, 2.83518158e+02, 1.37002441e+03, 2.59688080e+02,
    1.38284668e+03, 2.35329300e+02, 1.39583398e+03, 2.10589691e+02 ]
