%YAML:1.0
---
points: [ 1.63842514e+02, 2.30390152e+02, 1.71313507e+02, 2.13958511e+02,
    1.78696106e+02, 1.97494278e+02, 1.86179214e+02, 1.81063461e+02,
    1.93598221e+02, 1.64573273e+02, 2.01014267e+02, 1.47904694e+02,
    1.77664246e+02, 2.34119858e+02, 1.84825073e+02, 2.18281631e+02,
    1.91942032e+02, 2.02433456e+02, 1.99182449e+02, 1.86621887e+02,
    2.06284958e+02, 1.70771194e+02, 2.13524368e+02, 1.54722458e+02,
    1.90417191e+02, 2.37431747e+02, 1.97294281e+02, 2.22315140e+02,
    2.04240311e+02, 2.07066574e+02, 2.11232468e+02, 1.91828568e+02,
    2.18094391e+02, 1.76409378e+02, 2.25072189e+02, 1.61085602e+02,
    2.02352585e+02, 2.40691650e+02, 2.09004288e+02, 2.25930023e+02,
    2.15688568e+02, 2.11246689e+02, 2.22371597e+02, 1.96494720e+02,
    2.29102158e+02, 1.81778214e+02, 2.35856903e+02, 1.66905548e+02,
    2.13355637e+02, 2.43623505e+02, 2.19756134e+02, 2.29447983e+02,
    2.26313278e+02, 2.15211533e+02, 2.32807129e+02, 2.00975784e+02,
    2.39358826e+02, 1.86682358e+02, 2.45816620e+02, 1.72373047e+02,
    2.23762177e+02, 2.46430267e+02, 2.29991379e+02, 2.32739456e+02,
    2.36300247e+02, 2.18953964e+02, 2.42555695e+02, 2.05117386e+02,
    2.48873337e+02, 1.91302780e+02, 2.55177551e+02, 1.77378540e+02,
    2.33391922e+02, 2.49019287e+02, 2.39505951e+02, 2.35743912e+02,
    2.45650513e+02, 2.22378357e+02, 2.51742737e+02, 2.09087555e+02,
    2.57858002e+02, 1.95625061e+02, 2.63956726e+02, 1.82236435e+02,
    2.42517746e+02, 2.51510941e+02, 2.48408295e+02, 2.38540283e+02,
    2.54367157e+02, 2.25657776e+02, 2.60293579e+02, 2.12665176e+02,
    2.66287720e+02, 1.99724365e+02, 2.72221710e+02, 1.86703079e+02 ]
