%YAML:1.0
---
points: [ 2.51536636e+02, 1.45253372e+02, 2.61279266e+02, 1.54973465e+02,
    2.71356537e+02, 1.64559738e+02, 2.81138519e+02, 1.74061188e+02,
    2.91157532e+02, 1.83659973e+02, 3.01025116e+02, 1.93039490e+02,
    2.44922440e+02, 1.50062790e+02, 2.55155975e+02, 1.59788437e+02,
    2.65372894e+02, 1.69730942e+02, 2.75587311e+02, 1.79510818e+02,
    2.85777588e+02, 1.89359100e+02, 2.95996185e+02, 1.99150253e+02,
    2.38183701e+02, 1.54803345e+02, 2.48664749e+02, 1.65004974e+02,
    2.59170044e+02, 1.75113449e+02, 2.69667786e+02, 1.85243210e+02,
    2.80113617e+02, 1.95411804e+02, 2.90615356e+02, 2.05548492e+02,
    2.30851395e+02, 1.59969788e+02, 2.41634613e+02, 1.70514557e+02,
    2.52516891e+02, 1.80986664e+02, 2.63296967e+02, 1.91454727e+02,
    2.74128998e+02, 2.01912079e+02, 2.84991089e+02, 2.12275513e+02,
    2.23016571e+02, 1.65501694e+02, 2.34194046e+02, 1.76325394e+02,
    2.45420380e+02, 1.87136780e+02, 2.56588348e+02, 1.97906311e+02,
    2.67775055e+02, 2.08681091e+02, 2.78920624e+02, 2.19508682e+02,
    2.14725098e+02, 1.71327911e+02, 2.26215042e+02, 1.82546432e+02,
    2.37898499e+02, 1.93772949e+02, 2.49370483e+02, 2.04871765e+02,
    2.60954285e+02, 2.16046875e+02, 2.72442963e+02, 2.27216766e+02,
    2.05667053e+02, 1.77684952e+02, 2.17755753e+02, 1.89324921e+02,
    2.29737411e+02, 2.00820496e+02, 2.41691269e+02, 2.12339218e+02,
    2.53524994e+02, 2.23980484e+02, 2.65562561e+02, 2.35487625e+02,
    1.96185989e+02, 1.84462372e+02, 2.08606140e+02, 1.96426086e+02,
    2.21071442e+02, 2.08454956e+02, 2.33414749e+02, 2.20371704e+02,
    2.45817841e+02, 2.32361450e+02, 2.58121155e+02, 2.44213867e+02 ]
