%YAML:1.0
---
points: [ 1.19739758e+03, 3.09804321e+02, 1.20325269e+03, 2.88230286e+02,
    1.20886304e+03, 2.67192078e+02, 1.21456677e+03, 2.46137390e+02,
    1.22015051e+03, 2.25413040e+02, 1.22565930e+03, 2.04778259e+02,
    1.22218518e+03, 3.13190796e+02, 1.22770520e+03, 2.91682159e+02,
    1.23325085e+03, 2.70379059e+02, 1.23864771e+03, 2.49303589e+02,
    1.24427734e+03, 2.28262955e+02, 1.24970898e+03, 2.07588699e+02,
    1.24717395e+03, 3.16870300e+02, 1.25284326e+03, 2.94956757e+02,
    1.25833997e+03, 2.73494843e+02, 1.26379053e+03, 2.52102432e+02,
    1.26923181e+03, 2.31057755e+02, 1.27453589e+03, 2.10063797e+02,
    1.27267566e+03, 3.20135590e+02, 1.27808289e+03, 2.98418701e+02,
    1.28354370e+03, 2.76634552e+02, 1.28875891e+03, 2.55332611e+02,
    1.29424756e+03, 2.33841583e+02, 1.29938440e+03, 2.13009689e+02,
    1.29847876e+03, 3.23775238e+02, 1.30373022e+03, 3.01760986e+02,
    1.30908752e+03, 2.80002258e+02, 1.31436926e+03, 2.58285004e+02,
    1.31949109e+03, 2.36822830e+02, 1.32470801e+03, 2.15579025e+02,
    1.32458765e+03, 3.27513153e+02, 1.32991211e+03, 3.05243530e+02,
    1.33515796e+03, 2.83094635e+02, 1.34032812e+03, 2.61449127e+02,
    1.34533325e+03, 2.39640976e+02, 1.35042920e+03, 2.18420975e+02,
    1.35135315e+03, 3.31239929e+02, 1.35649475e+03, 3.08631012e+02,
    1.36145679e+03, 2.86589935e+02, 1.36653076e+03, 2.64582428e+02,
    1.37147632e+03, 2.42864914e+02, 1.37646484e+03, 2.21274261e+02,
    1.37855823e+03, 3.34918823e+02, 1.38333435e+03, 3.12478485e+02,
    1.38842993e+03, 2.89891357e+02, 1.39327039e+03, 2.67747437e+02,
    1.39810217e+03, 2.45826920e+02, 1.40282031e+03, 2.24241058e+02 ]
