%YAML:1.0
---
points: [ 3.30260193e+02, 1.13759727e+02, 3.42524506e+02, 1.06918343e+02,
    3.55238556e+02, 9.98570404e+01, 3.68079620e+02, 9.26645050e+01,
    3.81288055e+02, 8.53697815e+01, 3.94768219e+02, 7.79001312e+01,
    3.36142609e+02, 1.25752777e+02, 3.48563354e+02, 1.19003830e+02,
    3.61115814e+02, 1.12170837e+02, 3.74060028e+02, 1.05124519e+02,
    3.87173035e+02, 9.80181351e+01, 4.00676300e+02, 9.08230438e+01,
    3.41996704e+02, 1.37267166e+02, 3.54327820e+02, 1.30831604e+02,
    3.66963226e+02, 1.24149773e+02, 3.79757751e+02, 1.17345299e+02,
    3.92962677e+02, 1.10460327e+02, 4.06333435e+02, 1.03465324e+02,
    3.47761719e+02, 1.48700333e+02, 3.60129242e+02, 1.42367462e+02,
    3.72655853e+02, 1.35973740e+02, 3.85532562e+02, 1.29391312e+02,
    3.98692139e+02, 1.22719582e+02, 4.12050018e+02, 1.15865837e+02,
    3.53471893e+02, 1.59934586e+02, 3.65690369e+02, 1.53878357e+02,
    3.78268890e+02, 1.47597672e+02, 3.91081573e+02, 1.41246872e+02,
    4.04265961e+02, 1.34778839e+02, 4.17523743e+02, 1.28113785e+02,
    3.59044922e+02, 1.71026550e+02, 3.71266907e+02, 1.65107056e+02,
    3.83789276e+02, 1.59070038e+02, 3.96677734e+02, 1.52923981e+02,
    4.09717346e+02, 1.46574799e+02, 4.23000275e+02, 1.40194641e+02,
    3.64576782e+02, 1.81944702e+02, 3.76796051e+02, 1.76236374e+02,
    3.89338501e+02, 1.70352081e+02, 4.02039215e+02, 1.64358887e+02,
    4.15150848e+02, 1.58285187e+02, 4.28267517e+02, 1.52080795e+02,
    3.69997986e+02, 1.92657166e+02, 3.82173584e+02, 1.87107697e+02,
    3.94681610e+02, 1.81369705e+02, 4.07429688e+02, 1.75682678e+02,
    4.20252319e+02, 1.69657288e+02, 4.33578278e+02, 1.63778488e+02 ]
