%YAML:1.0
---
points: [ 1.11095581e+03, 2.41482819e+02, 1.14645386e+03, 2.20967529e+02,
    1.18320862e+03, 1.99881607e+02, 1.22060901e+03, 1.78480270e+02,
    1.25942456e+03, 1.56168427e+02, 1.29910181e+03, 1.33411636e+02,
    1.12876965e+03, 2.76410522e+02, 1.16439075e+03, 2.56630585e+02,
    1.20075330e+03, 2.36366974e+02, 1.23850952e+03, 2.15391266e+02,
    1.27694653e+03, 1.93904770e+02, 1.31669214e+03, 1.71677246e+02,
    1.14639807e+03, 3.10583862e+02, 1.18180859e+03, 2.91440125e+02,
    1.21838660e+03, 2.71652161e+02, 1.25573291e+03, 2.51610779e+02,
    1.29443469e+03, 2.30683762e+02, 1.33387988e+03, 2.09529190e+02,
    1.16370825e+03, 3.44290253e+02, 1.19913977e+03, 3.25722931e+02,
    1.23548401e+03, 3.06654388e+02, 1.27290857e+03, 2.87015594e+02,
    1.31139355e+03, 2.66913483e+02, 1.35105212e+03, 2.46267975e+02,
    1.18079285e+03, 3.77390350e+02, 1.21604834e+03, 3.59399048e+02,
    1.25245337e+03, 3.40894135e+02, 1.28966479e+03, 3.22015533e+02,
    1.32837231e+03, 3.02458984e+02, 1.36762354e+03, 2.82551514e+02,
    1.19757141e+03, 4.09826233e+02, 1.23291504e+03, 3.92451416e+02,
    1.26920288e+03, 3.74547852e+02, 1.30648645e+03, 3.56316650e+02,
    1.34476929e+03, 3.37432129e+02, 1.38416907e+03, 3.18029114e+02,
    1.21429810e+03, 4.41835175e+02, 1.24953088e+03, 4.25282318e+02,
    1.28574231e+03, 4.07813293e+02, 1.32293945e+03, 3.90252686e+02,
    1.36131812e+03, 3.71945923e+02, 1.40053772e+03, 3.53235443e+02,
    1.23059155e+03, 4.73476257e+02, 1.26578613e+03, 4.57062195e+02,
    1.30197290e+03, 4.40466919e+02, 1.33914917e+03, 4.23207031e+02,
    1.37740698e+03, 4.05595886e+02, 1.41635864e+03, 3.87517822e+02 ]
