%YAML:1.0
---
points: [ 1.22132251e+03, 4.07394348e+02, 1.25647290e+03, 4.25552551e+02,
    1.29228882e+03, 4.43705597e+02, 1.32863977e+03, 4.62443115e+02,
    1.36574219e+03, 4.81332001e+02, 1.40358691e+03, 5.00669189e+02,
    1.20161816e+03, 4.40781311e+02, 1.23645532e+03, 4.59005432e+02,
    1.27204187e+03, 4.77770782e+02, 1.30828857e+03, 4.96564819e+02,
    1.34523303e+03, 5.15912659e+02, 1.38274304e+03, 5.35489624e+02,
    1.18205798e+03, 4.73929962e+02, 1.21664551e+03, 4.92553040e+02,
    1.25198352e+03, 5.11373932e+02, 1.28801416e+03, 5.30684143e+02,
    1.32473315e+03, 5.50313538e+02, 1.36211865e+03, 5.70237976e+02,
    1.16253650e+03, 5.07214050e+02, 1.19687964e+03, 5.25875366e+02,
    1.23212878e+03, 5.45299805e+02, 1.26779639e+03, 5.64548218e+02,
    1.30442090e+03, 5.84564514e+02, 1.34153101e+03, 6.04681885e+02,
    1.14298706e+03, 5.40327881e+02, 1.17727295e+03, 5.59363220e+02,
    1.21222229e+03, 5.78734558e+02, 1.24773608e+03, 5.98618958e+02,
    1.28404333e+03, 6.18716980e+02, 1.32108289e+03, 6.39405579e+02,
    1.12362891e+03, 5.73291870e+02, 1.15770850e+03, 5.92614441e+02,
    1.19247961e+03, 6.12396057e+02, 1.22777026e+03, 6.32426514e+02,
    1.26382288e+03, 6.52946838e+02, 1.30060461e+03, 6.73668701e+02,
    1.10426025e+03, 6.06420166e+02, 1.13813940e+03, 6.26177063e+02,
    1.17258826e+03, 6.46149719e+02, 1.20780396e+03, 6.66510620e+02,
    1.24359424e+03, 6.87315674e+02, 1.28028992e+03, 7.08524048e+02,
    1.08505750e+03, 6.39341370e+02, 1.11864270e+03, 6.59254028e+02,
    1.15302979e+03, 6.79530701e+02, 1.18790222e+03, 7.00170044e+02,
    1.22363721e+03, 7.21290771e+02, 1.25991626e+03, 7.42735535e+02 ]
