%YAML:1.0
---
points: [ 1.84702362e+02, 2.11598038e+02, 1.97242142e+02, 2.00090073e+02,
    2.09783432e+02, 1.88561020e+02, 2.22252151e+02, 1.77059586e+02,
    2.34815460e+02, 1.65523239e+02, 2.47277161e+02, 1.54073242e+02,
    1.94577240e+02, 2.19918930e+02, 2.06664413e+02, 2.08750031e+02,
    2.18785873e+02, 1.97630600e+02, 2.30909241e+02, 1.86567932e+02,
    2.42989471e+02, 1.75373932e+02, 2.55082565e+02, 1.64230484e+02,
    2.03885681e+02, 2.27714859e+02, 2.15565857e+02, 2.16954620e+02,
    2.27324432e+02, 2.06068695e+02, 2.39007294e+02, 1.95441788e+02,
    2.50748978e+02, 1.84619156e+02, 2.62395935e+02, 1.73878769e+02,
    2.12601654e+02, 2.35029099e+02, 2.23961121e+02, 2.24584259e+02,
    2.35207672e+02, 2.14105423e+02, 2.46603943e+02, 2.03629868e+02,
    2.57874451e+02, 1.93223907e+02, 2.69253845e+02, 1.82736069e+02,
    2.20771622e+02, 2.41889389e+02, 2.31702927e+02, 2.31741852e+02,
    2.42678711e+02, 2.21543320e+02, 2.53687195e+02, 2.11510178e+02,
    2.64652588e+02, 2.01339661e+02, 2.75628662e+02, 1.91231903e+02,
    2.28335846e+02, 2.48295898e+02, 2.39078506e+02, 2.38407318e+02,
    2.49735245e+02, 2.28640717e+02, 2.60403107e+02, 2.18800903e+02,
    2.71019928e+02, 2.08954697e+02, 2.81705048e+02, 1.99065613e+02,
    2.35613495e+02, 2.54341446e+02, 2.45974991e+02, 2.44808075e+02,
    2.56331451e+02, 2.35203812e+02, 2.66627441e+02, 2.25667297e+02,
    2.77058044e+02, 2.16006882e+02, 2.87340820e+02, 2.06565079e+02,
    2.42427292e+02, 2.60157593e+02, 2.52499969e+02, 2.50694122e+02,
    2.62582794e+02, 2.41492233e+02, 2.72658722e+02, 2.32201767e+02,
    2.82645630e+02, 2.22893585e+02, 2.92782990e+02, 2.13562546e+02 ]
