%YAML:1.0
---
points: [ 1.11950293e+03, 3.67759338e+02, 1.12006104e+03, 3.40905975e+02,
    1.12038403e+03, 3.14015167e+02, 1.12064990e+03, 2.87163727e+02,
    1.12114648e+03, 2.60226257e+02, 1.12151868e+03, 2.33078568e+02,
    1.14101990e+03, 3.69976074e+02, 1.14140613e+03, 3.43482727e+02,
    1.14182373e+03, 3.16752350e+02, 1.14220264e+03, 2.90110138e+02,
    1.14258618e+03, 2.63327942e+02, 1.14296240e+03, 2.36416656e+02,
    1.16225513e+03, 3.71820099e+02, 1.16265173e+03, 3.45523560e+02,
    1.16302966e+03, 3.19242218e+02, 1.16352417e+03, 2.92790710e+02,
    1.16395557e+03, 2.66439270e+02, 1.16434534e+03, 2.39854752e+02,
    1.18272913e+03, 3.73752258e+02, 1.18320569e+03, 3.47834045e+02,
    1.18357422e+03, 3.21714386e+02, 1.18409387e+03, 2.95753357e+02,
    1.18450012e+03, 2.69525085e+02, 1.18484521e+03, 2.43435654e+02,
    1.20308691e+03, 3.75778961e+02, 1.20328906e+03, 3.49953156e+02,
    1.20381274e+03, 3.24154114e+02, 1.20427454e+03, 2.98334839e+02,
    1.20457190e+03, 2.72394714e+02, 1.20506641e+03, 2.46494812e+02,
    1.22273181e+03, 3.77436859e+02, 1.22314136e+03, 3.51968964e+02,
    1.22355945e+03, 3.26459045e+02, 1.22396252e+03, 3.01122131e+02,
    1.22438171e+03, 2.75516327e+02, 1.22465393e+03, 2.49785995e+02,
    1.24226782e+03, 3.79314758e+02, 1.24257996e+03, 3.54210205e+02,
    1.24294629e+03, 3.28871765e+02, 1.24331653e+03, 3.03458160e+02,
    1.24365088e+03, 2.78178894e+02, 1.24409668e+03, 2.52881317e+02,
    1.26120654e+03, 3.81099030e+02, 1.26149609e+03, 3.56060944e+02,
    1.26179541e+03, 3.31023010e+02, 1.26227417e+03, 3.06256866e+02,
    1.26264429e+03, 2.81187958e+02, 1.26308228e+03, 2.55972687e+02 ]
