%YAML:1.0
---
points: [ 3.67621460e+02, 1.70020340e+02, 3.79807800e+02, 1.76123093e+02,
    3.92030945e+02, 1.82377274e+02, 4.04728149e+02, 1.88714996e+02,
    4.17251282e+02, 1.95149414e+02, 4.30238007e+02, 2.01728806e+02,
    3.60927826e+02, 1.81457474e+02, 3.73017334e+02, 1.87640656e+02,
    3.85281403e+02, 1.93952362e+02, 3.97696747e+02, 2.00391510e+02,
    4.10404968e+02, 2.06909363e+02, 4.23192566e+02, 2.13594803e+02,
    3.54257660e+02, 1.92775055e+02, 3.66240265e+02, 1.99067352e+02,
    3.78468750e+02, 2.05456635e+02, 3.90934784e+02, 2.12023743e+02,
    4.03521698e+02, 2.18697067e+02, 4.16288025e+02, 2.25342010e+02,
    3.47526886e+02, 2.04107117e+02, 3.59522705e+02, 2.10480728e+02,
    3.71725037e+02, 2.17010193e+02, 3.84040100e+02, 2.23660202e+02,
    3.96619446e+02, 2.30272125e+02, 4.09381897e+02, 2.37248749e+02,
    3.40966064e+02, 2.15351166e+02, 3.52761078e+02, 2.21883865e+02,
    3.64871460e+02, 2.28523071e+02, 3.77222717e+02, 2.35184921e+02,
    3.89772156e+02, 2.42045883e+02, 4.02422028e+02, 2.49041779e+02,
    3.34277679e+02, 2.26660355e+02, 3.46109253e+02, 2.33251251e+02,
    3.58139771e+02, 2.39979233e+02, 3.70363525e+02, 2.46745224e+02,
    3.82825104e+02, 2.53728149e+02, 3.95485474e+02, 2.60807434e+02,
    3.27516876e+02, 2.37907806e+02, 3.39407990e+02, 2.44626816e+02,
    3.51381348e+02, 2.51490570e+02, 3.63563690e+02, 2.58361877e+02,
    3.75938690e+02, 2.65444672e+02, 3.88556122e+02, 2.72515045e+02,
    3.21049469e+02, 2.49086609e+02, 3.32772461e+02, 2.55904892e+02,
    3.44732941e+02, 2.62804108e+02, 3.56775024e+02, 2.69853760e+02,
    3.69161865e+02, 2.77083740e+02, 3.81616730e+02, 2.84240509e+02 ]
