%YAML:1.0
---
points: [ 1.00677454e+03, 3.14000092e+02, 1.02868445e+03, 2.81293243e+02,
    1.05067126e+03, 2.48247696e+02, 1.07304944e+03, 2.14885818e+02,
    1.09536328e+03, 1.81363342e+02, 1.11795715e+03, 1.47360901e+02,
    1.03874597e+03, 3.35921600e+02, 1.06057373e+03, 3.03406891e+02,
    1.08275549e+03, 2.70390472e+02, 1.10505676e+03, 2.37283661e+02,
    1.12756531e+03, 2.03726639e+02, 1.15019080e+03, 1.69975037e+02,
    1.07035291e+03, 3.57734802e+02, 1.09232703e+03, 3.25283478e+02,
    1.11455359e+03, 2.92358124e+02, 1.13706104e+03, 2.59420807e+02,
    1.15962048e+03, 2.26013809e+02, 1.18239661e+03, 1.92448105e+02,
    1.10197290e+03, 3.79519226e+02, 1.12405750e+03, 3.47135925e+02,
    1.14641748e+03, 3.14329865e+02, 1.16882019e+03, 2.81463379e+02,
    1.19162830e+03, 2.48241486e+02, 1.21442261e+03, 2.14821014e+02,
    1.13349622e+03, 4.01222443e+02, 1.15574536e+03, 3.68744171e+02,
    1.17821252e+03, 3.36334961e+02, 1.20075134e+03, 3.03465057e+02,
    1.22350171e+03, 2.70359894e+02, 1.24655786e+03, 2.37151031e+02,
    1.16512390e+03, 4.22649200e+02, 1.18742126e+03, 3.90504669e+02,
    1.20995105e+03, 3.58088928e+02, 1.23257959e+03, 3.25439484e+02,
    1.25552942e+03, 2.92374786e+02, 1.27843567e+03, 2.59323700e+02,
    1.19666699e+03, 4.44416168e+02, 1.21921362e+03, 4.12245667e+02,
    1.24167627e+03, 3.80049164e+02, 1.26457019e+03, 3.47350159e+02,
    1.28756702e+03, 3.14503418e+02, 1.31071155e+03, 2.81449219e+02,
    1.22829932e+03, 4.65762817e+02, 1.25069043e+03, 4.33800507e+02,
    1.27345325e+03, 4.01530243e+02, 1.29630762e+03, 3.69197784e+02,
    1.31938525e+03, 3.36352783e+02, 1.34257690e+03, 3.03466461e+02 ]
