%YAML:1.0
---
points: [ 1.87620865e+02, 1.93217514e+02, 1.95574722e+02, 1.82095047e+02,
    2.03765808e+02, 1.70844513e+02, 2.11638596e+02, 1.59400635e+02,
    2.19949844e+02, 1.48153427e+02, 2.27967804e+02, 1.36617081e+02,
    1.92866470e+02, 1.98364059e+02, 2.01147766e+02, 1.86958328e+02,
    2.09302460e+02, 1.75117111e+02, 2.17507431e+02, 1.63538391e+02,
    2.25977219e+02, 1.51832535e+02, 2.34244110e+02, 1.40110931e+02,
    1.98550034e+02, 2.04037735e+02, 2.07055099e+02, 1.91998169e+02,
    2.15547821e+02, 1.80106216e+02, 2.24082443e+02, 1.68047379e+02,
    2.32545654e+02, 1.55993759e+02, 2.41136978e+02, 1.43842331e+02,
    2.04643829e+02, 2.09761581e+02, 2.13291290e+02, 1.97537430e+02,
    2.22150497e+02, 1.85143829e+02, 2.30881714e+02, 1.72846191e+02,
    2.39840164e+02, 1.60420166e+02, 2.48561523e+02, 1.47959930e+02,
    2.10869217e+02, 2.16023834e+02, 2.19951172e+02, 2.03287704e+02,
    2.29034836e+02, 1.90666519e+02, 2.38202362e+02, 1.77841782e+02,
    2.47253433e+02, 1.65055344e+02, 2.56363251e+02, 1.52102890e+02,
    2.17704285e+02, 2.22583084e+02, 2.27137344e+02, 2.09620300e+02,
    2.36477600e+02, 1.96327438e+02, 2.45909744e+02, 1.83278687e+02,
    2.55372314e+02, 1.70031403e+02, 2.64821106e+02, 1.56739365e+02,
    2.24929062e+02, 2.29694427e+02, 2.34679459e+02, 2.16158630e+02,
    2.44338318e+02, 2.02548080e+02, 2.54163773e+02, 1.88993469e+02,
    2.63919312e+02, 1.75294250e+02, 2.73778015e+02, 1.61588837e+02,
    2.32763947e+02, 2.37328949e+02, 2.42809326e+02, 2.23332733e+02,
    2.52916672e+02, 2.09252640e+02, 2.63039032e+02, 1.95196259e+02,
    2.73254791e+02, 1.81014832e+02, 2.83468445e+02, 1.66846115e+02 ]
