%YAML:1.0
---
points: [ 1.12072754e+03, 5.29553528e+02, 1.12103027e+03, 5.02617188e+02,
    1.12144165e+03, 4.75611206e+02, 1.12169128e+03, 4.48675049e+02,
    1.12208728e+03, 4.21452484e+02, 1.12246472e+03, 3.94254333e+02,
    1.14265149e+03, 5.29524902e+02, 1.14312402e+03, 5.02830841e+02,
    1.14352234e+03, 4.76251221e+02, 1.14378186e+03, 4.49498199e+02,
    1.14421484e+03, 4.22612427e+02, 1.14456104e+03, 3.95706909e+02,
    1.16456140e+03, 5.29547913e+02, 1.16485925e+03, 5.03148956e+02,
    1.16528638e+03, 4.76603333e+02, 1.16559485e+03, 4.50175232e+02,
    1.16602673e+03, 4.23599670e+02, 1.16647778e+03, 3.96976807e+02,
    1.18582104e+03, 5.29453613e+02, 1.18626685e+03, 5.03404083e+02,
    1.18649756e+03, 4.77136688e+02, 1.18695239e+03, 4.50871033e+02,
    1.18735718e+03, 4.24570740e+02, 1.18774292e+03, 3.98184143e+02,
    1.20672266e+03, 5.29447815e+02, 1.20709875e+03, 5.03527954e+02,
    1.20747681e+03, 4.77598328e+02, 1.20776501e+03, 4.51610535e+02,
    1.20817407e+03, 4.25581421e+02, 1.20863574e+03, 3.99499359e+02,
    1.22728943e+03, 5.29417297e+02, 1.22762781e+03, 5.03639832e+02,
    1.22794019e+03, 4.78065155e+02, 1.22831079e+03, 4.52356140e+02,
    1.22858557e+03, 4.26529327e+02, 1.22922510e+03, 4.00890656e+02,
    1.24724475e+03, 5.29385193e+02, 1.24758789e+03, 5.03916565e+02,
    1.24801221e+03, 4.78529541e+02, 1.24840027e+03, 4.53204437e+02,
    1.24873303e+03, 4.27697632e+02, 1.24930298e+03, 4.02094147e+02,
    1.26675623e+03, 5.29360352e+02, 1.26714795e+03, 5.04189545e+02,
    1.26766528e+03, 4.78952057e+02, 1.26810022e+03, 4.53744843e+02,
    1.26852661e+03, 4.28523254e+02, 1.26894153e+03, 4.03208282e+02 ]
