%YAML:1.0
---
points: [ 2.94617401e+02, 1.38612854e+02, 3.02171234e+02, 1.27373749e+02,
    3.09697662e+02, 1.16155029e+02, 3.17327545e+02, 1.04856071e+02,
    3.24996796e+02, 9.34870682e+01, 3.32618500e+02, 8.21169891e+01,
    3.05469513e+02, 1.45994278e+02, 3.12958588e+02, 1.34873795e+02,
    3.20611572e+02, 1.23646957e+02, 3.28177673e+02, 1.12408859e+02,
    3.35888672e+02, 1.01090385e+02, 3.43599792e+02, 8.97606812e+01,
    3.16184845e+02, 1.53331467e+02, 3.23759949e+02, 1.42272598e+02,
    3.31393677e+02, 1.31091934e+02, 3.39068207e+02, 1.19912331e+02,
    3.46757996e+02, 1.08613762e+02, 3.54485809e+02, 9.72668457e+01,
    3.26958923e+02, 1.60720535e+02, 3.34571259e+02, 1.49673950e+02,
    3.42196991e+02, 1.38596619e+02, 3.49880493e+02, 1.27363586e+02,
    3.57673004e+02, 1.16122253e+02, 3.65384918e+02, 1.04837082e+02,
    3.37684448e+02, 1.68029984e+02, 3.45293518e+02, 1.57062088e+02,
    3.52993286e+02, 1.45970978e+02, 3.60767639e+02, 1.34826096e+02,
    3.68493896e+02, 1.23646797e+02, 3.76235779e+02, 1.12445404e+02,
    3.48493927e+02, 1.75367584e+02, 3.56096375e+02, 1.64408295e+02,
    3.63758667e+02, 1.53376770e+02, 3.71530609e+02, 1.42267075e+02,
    3.79269714e+02, 1.31164795e+02, 3.87099518e+02, 1.19964371e+02,
    3.59196136e+02, 1.82729889e+02, 3.66891388e+02, 1.71827499e+02,
    3.74636841e+02, 1.60819550e+02, 3.82389008e+02, 1.49767319e+02,
    3.90141541e+02, 1.38646362e+02, 3.97843628e+02, 1.27569771e+02,
    3.69887726e+02, 1.90066788e+02, 3.77603149e+02, 1.79141113e+02,
    3.85378784e+02, 1.68221954e+02, 3.93120819e+02, 1.57132767e+02,
    4.00835327e+02, 1.46137222e+02, 4.08608765e+02, 1.34978760e+02 ]
