%YAML:1.0
---
points: [ 2.13326965e+02, 2.99192505e+02, 2.12598511e+02, 2.85280304e+02,
    2.12093430e+02, 2.70998688e+02, 2.11586288e+02, 2.57143188e+02,
    2.11121429e+02, 2.42975998e+02, 2.10437164e+02, 2.28949753e+02,
    2.13326996e+02, 2.99192505e+02, 2.12598541e+02, 2.85280304e+02,
    2.12093445e+02, 2.70998688e+02, 2.11586319e+02, 2.57143219e+02,
    2.11121445e+02, 2.42975998e+02, 2.10437195e+02, 2.28949768e+02,
    2.22001892e+02, 3.03197205e+02, 2.19603455e+02, 2.87654144e+02,
    2.21085266e+02, 2.73702118e+02, 2.18359741e+02, 2.58321594e+02,
    2.20072891e+02, 2.44255402e+02, 2.16486649e+02, 2.29346863e+02,
    2.29025391e+02, 3.06202759e+02, 2.28589600e+02, 2.90965607e+02,
    2.28198288e+02, 2.75696106e+02, 2.27618011e+02, 2.60479767e+02,
    2.27256271e+02, 2.45218277e+02, 2.26725845e+02, 2.30137497e+02,
    2.36636353e+02, 3.09544525e+02, 2.36166641e+02, 2.93706360e+02,
    2.35654465e+02, 2.77931885e+02, 2.35159897e+02, 2.62037323e+02,
    2.34599380e+02, 2.46361237e+02, 2.33905090e+02, 2.30540131e+02,
    2.44683243e+02, 3.13088898e+02, 2.44307526e+02, 2.96692963e+02,
    2.43605789e+02, 2.80169128e+02, 2.43201141e+02, 2.63838654e+02,
    2.42634186e+02, 2.47392487e+02, 2.42103531e+02, 2.31214996e+02,
    2.53577698e+02, 3.17053955e+02, 2.52923477e+02, 2.99749390e+02,
    2.52333221e+02, 2.82728058e+02, 2.51891983e+02, 2.65672302e+02,
    2.51303818e+02, 2.48735672e+02, 2.50719284e+02, 2.31607300e+02,
    2.62957581e+02, 3.21046417e+02, 2.62460693e+02, 3.03341827e+02,
    2.61801819e+02, 2.85496185e+02, 2.61232941e+02, 2.67710052e+02,
    2.60638641e+02, 2.49943680e+02, 2.60098511e+02, 2.32258438e+02 ]
