%YAML:1.0
---
points: [ 2.76113373e+02, 5.77181244e+01, 2.83546722e+02, 6.91766663e+01,
    2.90936218e+02, 8.04643326e+01, 2.98227203e+02, 9.16889267e+01,
    3.05432373e+02, 1.02810692e+02, 3.12669525e+02, 1.13820564e+02,
    2.65242188e+02, 6.53472595e+01, 2.72710510e+02, 7.67227554e+01,
    2.80115204e+02, 8.80514297e+01, 2.87403412e+02, 9.92402420e+01,
    2.94684753e+02, 1.10365280e+02, 3.01868652e+02, 1.21398232e+02,
    2.54355133e+02, 7.29408951e+01, 2.61842346e+02, 8.43028717e+01,
    2.69324707e+02, 9.56086349e+01, 2.76665039e+02, 1.06724182e+02,
    2.83902283e+02, 1.17859146e+02, 2.91179077e+02, 1.28835648e+02,
    2.43467300e+02, 8.04803619e+01, 2.51023438e+02, 9.17975006e+01,
    2.58484711e+02, 1.03082939e+02, 2.65879883e+02, 1.14288971e+02,
    2.73214600e+02, 1.25384567e+02, 2.80467316e+02, 1.36326706e+02,
    2.32667603e+02, 8.81509705e+01, 2.40209320e+02, 9.94061432e+01,
    2.47701019e+02, 1.10668625e+02, 2.55164780e+02, 1.21790123e+02,
    2.62562134e+02, 1.32803619e+02, 2.69825867e+02, 1.43767334e+02,
    2.21819199e+02, 9.56398544e+01, 2.29370026e+02, 1.06953262e+02,
    2.36934647e+02, 1.18171562e+02, 2.44362076e+02, 1.29310181e+02,
    2.51867294e+02, 1.40324722e+02, 2.59173676e+02, 1.51130524e+02,
    2.10854202e+02, 1.03210007e+02, 2.18548386e+02, 1.14458366e+02,
    2.26187454e+02, 1.25727264e+02, 2.33665985e+02, 1.36767944e+02,
    2.41162521e+02, 1.47721329e+02, 2.48497665e+02, 1.58602173e+02,
    2.00093002e+02, 1.10770012e+02, 2.07807404e+02, 1.21978363e+02,
    2.15449615e+02, 1.33086746e+02, 2.23006607e+02, 1.44171677e+02,
    2.30572205e+02, 1.55035172e+02, 2.37878357e+02, 1.66118454e+02 ]
