%YAML:1.0
---
points: [ 9.51766418e+02, 7.48375702e+01, 9.73902283e+02, 1.08788338e+02,
    9.95731812e+02, 1.42565063e+02, 1.01750427e+03, 1.75797974e+02,
    1.03891565e+03, 2.08976273e+02, 1.06034729e+03, 2.41528748e+02,
    9.19756958e+02, 9.74493713e+01, 9.41857239e+02, 1.31385788e+02,
    9.64052429e+02, 1.65002182e+02, 9.85641968e+02, 1.98206207e+02,
    1.00733044e+03, 2.31086670e+02, 1.02867737e+03, 2.63627319e+02,
    8.87638428e+02, 1.19917633e+02, 9.10123047e+02, 1.53649216e+02,
    9.32088379e+02, 1.87209671e+02, 9.54128418e+02, 2.20243118e+02,
    9.75709412e+02, 2.53275864e+02, 9.97391724e+02, 2.85545532e+02,
    8.55685852e+02, 1.42404236e+02, 8.78150757e+02, 1.76040009e+02,
    9.00520752e+02, 2.09403488e+02, 9.22495911e+02, 2.42399796e+02,
    9.44481140e+02, 2.75222076e+02, 9.65900269e+02, 3.07541779e+02,
    8.23615356e+02, 1.64721649e+02, 8.46388184e+02, 1.98321442e+02,
    8.68678589e+02, 2.31572128e+02, 8.90999573e+02, 2.64550018e+02,
    9.12867554e+02, 2.97117706e+02, 9.34694519e+02, 3.29239319e+02,
    7.91785828e+02, 1.87111313e+02, 8.14508789e+02, 2.20466476e+02,
    8.37147339e+02, 2.53589767e+02, 8.59416809e+02, 2.86411957e+02,
    8.81524963e+02, 3.18845215e+02, 9.03365356e+02, 3.50975098e+02,
    7.59524902e+02, 2.09378967e+02, 7.82581787e+02, 2.42699570e+02,
    8.05310425e+02, 2.75696686e+02, 8.27768494e+02, 3.08423279e+02,
    8.49929382e+02, 3.40756256e+02, 8.72125732e+02, 3.72839020e+02,
    7.27711792e+02, 2.31518234e+02, 7.50778320e+02, 2.64666382e+02,
    7.73777649e+02, 2.97716461e+02, 7.96320435e+02, 3.30210693e+02,
    8.18700073e+02, 3.62476379e+02, 8.40743469e+02, 3.94398407e+02 ]
