%YAML:1.0
---
points: [ 1.28920972e+03, 4.51983490e+02, 1.28580505e+03, 4.76226898e+02,
    1.28274695e+03, 4.99817627e+02, 1.27992200e+03, 5.22879822e+02,
    1.27700684e+03, 5.45284729e+02, 1.27430029e+03, 5.67103577e+02,
    1.26668799e+03, 4.57447021e+02, 1.26386328e+03, 4.81718750e+02,
    1.26093335e+03, 5.05499817e+02, 1.25845178e+03, 5.28498047e+02,
    1.25553674e+03, 5.51054871e+02, 1.25322021e+03, 5.73219849e+02,
    1.24422961e+03, 4.63088318e+02, 1.24159595e+03, 4.87284851e+02,
    1.23883630e+03, 5.11343658e+02, 1.23659253e+03, 5.34397644e+02,
    1.23403430e+03, 5.57122742e+02, 1.23169775e+03, 5.79195984e+02,
    1.22140955e+03, 4.68632416e+02, 1.21875281e+03, 4.93202026e+02,
    1.21668115e+03, 5.17119690e+02, 1.21440784e+03, 5.40379700e+02,
    1.21217761e+03, 5.63131348e+02, 1.21025562e+03, 5.85378845e+02,
    1.19787964e+03, 4.74475159e+02, 1.19588477e+03, 4.98819519e+02,
    1.19382275e+03, 5.22966370e+02, 1.19171985e+03, 5.46290405e+02,
    1.19004602e+03, 5.69234009e+02, 1.18802808e+03, 5.91566406e+02,
    1.17450024e+03, 4.80307831e+02, 1.17262817e+03, 5.04722565e+02,
    1.17077185e+03, 5.28936462e+02, 1.16917322e+03, 5.52391174e+02,
    1.16744751e+03, 5.75457397e+02, 1.16569348e+03, 5.97783447e+02,
    1.15029736e+03, 4.86138153e+02, 1.14877319e+03, 5.10867950e+02,
    1.14744238e+03, 5.34942688e+02, 1.14570837e+03, 5.58692627e+02,
    1.14436829e+03, 5.81681458e+02, 1.14312195e+03, 6.04042664e+02,
    1.12589429e+03, 4.92005676e+02, 1.12462903e+03, 5.16938232e+02,
    1.12347144e+03, 5.41212158e+02, 1.12241052e+03, 5.64944641e+02,
    1.12136096e+03, 5.87899475e+02, 1.12029688e+03, 6.10518188e+02 ]
