%YAML:1.0
---
points: [ 9.18748779e+02, 4.89843750e+02, 9.44567932e+02, 5.18117859e+02,
    9.70318848e+02, 5.46509521e+02, 9.96131104e+02, 5.74647705e+02,
    1.02201819e+03, 6.03203857e+02, 1.04807861e+03, 6.31548828e+02,
    8.90330200e+02, 5.15252808e+02, 9.16206787e+02, 5.43505920e+02,
    9.42054504e+02, 5.72188110e+02, 9.68062988e+02, 6.00551147e+02,
    9.93923584e+02, 6.29210327e+02, 1.02017670e+03, 6.57721741e+02,
    8.61668884e+02, 5.40647522e+02, 8.87740723e+02, 5.69227600e+02,
    9.13673401e+02, 5.97863342e+02, 9.39687683e+02, 6.26530029e+02,
    9.65781921e+02, 6.55270081e+02, 9.91961243e+02, 6.84286011e+02,
    8.32734192e+02, 5.66497314e+02, 8.58778503e+02, 5.95253662e+02,
    8.84898499e+02, 6.24050171e+02, 9.11072632e+02, 6.52750549e+02,
    9.37250732e+02, 6.81867371e+02, 9.63512329e+02, 7.10868042e+02,
    8.03457642e+02, 5.92573853e+02, 8.29668518e+02, 6.21482422e+02,
    8.55782288e+02, 6.50496704e+02, 8.82207703e+02, 6.79487061e+02,
    9.08477783e+02, 7.08717529e+02, 9.34753784e+02, 7.37961792e+02,
    7.73722778e+02, 6.19019043e+02, 8.00139771e+02, 6.47888428e+02,
    8.26484436e+02, 6.77248535e+02, 8.52769470e+02, 7.06415283e+02,
    8.79286377e+02, 7.35837524e+02, 9.05667480e+02, 7.65320190e+02,
    7.43538208e+02, 6.45688049e+02, 7.70107483e+02, 6.74957336e+02,
    7.96575317e+02, 7.04494629e+02, 8.23029053e+02, 7.33944702e+02,
    8.49569885e+02, 7.63532715e+02, 8.76248413e+02, 7.93291260e+02,
    7.13178162e+02, 6.72747437e+02, 7.39767639e+02, 7.02242920e+02,
    7.66476318e+02, 7.31774475e+02, 7.93098633e+02, 7.61511841e+02,
    8.19671265e+02, 7.91305420e+02, 8.46430237e+02, 8.21199890e+02 ]
