%YAML:1.0
---
points: [ 2.65081726e+02, 2.44781204e+02, 2.64899719e+02, 2.58735413e+02,
    2.64831024e+02, 2.72507233e+02, 2.64729248e+02, 2.86494354e+02,
    2.64652008e+02, 3.00406921e+02, 2.64549103e+02, 3.14540741e+02,
    2.57767609e+02, 2.45812378e+02, 2.57666931e+02, 2.60018616e+02,
    2.57572937e+02, 2.74500183e+02, 2.57557343e+02, 2.88767334e+02,
    2.57269623e+02, 3.03369751e+02, 2.57190033e+02, 3.17737610e+02,
    2.50156921e+02, 2.46816010e+02, 2.49931320e+02, 2.61667145e+02,
    2.49826569e+02, 2.76498444e+02, 2.49733459e+02, 2.91441559e+02,
    2.49571335e+02, 3.06377075e+02, 2.49520142e+02, 3.21342651e+02,
    2.41875198e+02, 2.47994949e+02, 2.41674500e+02, 2.63247406e+02,
    2.41563004e+02, 2.78735596e+02, 2.41362625e+02, 2.94149017e+02,
    2.41161026e+02, 3.09721100e+02, 2.41146149e+02, 3.25117432e+02,
    2.32966446e+02, 2.49172363e+02, 2.32711670e+02, 2.64989410e+02,
    2.32582611e+02, 2.80949493e+02, 2.32484085e+02, 2.96999390e+02,
    2.32389374e+02, 3.13122711e+02, 2.32050735e+02, 3.29200684e+02,
    2.23339630e+02, 2.50528229e+02, 2.23084152e+02, 2.66862946e+02,
    2.22984009e+02, 2.83577057e+02, 2.22745972e+02, 3.00184326e+02,
    2.22603943e+02, 3.16914856e+02, 2.22398773e+02, 3.33640930e+02,
    2.12870483e+02, 2.51770325e+02, 2.12634552e+02, 2.68967133e+02,
    2.12528168e+02, 2.86274719e+02, 2.12278442e+02, 3.03672638e+02,
    2.12008926e+02, 3.21066620e+02, 2.11811523e+02, 3.38473511e+02,
    2.01632065e+02, 2.53326447e+02, 2.01393845e+02, 2.71243042e+02,
    2.01246475e+02, 2.89294342e+02, 2.00864929e+02, 3.07311249e+02,
    2.00715454e+02, 3.25513641e+02, 2.00572830e+02, 3.43448486e+02 ]
