%YAML:1.0
---
points: [ 1.13961401e+03, 4.19400848e+02, 1.14032251e+03, 3.87315338e+02,
    1.14073438e+03, 3.55366852e+02, 1.14144775e+03, 3.23019318e+02,
    1.14206665e+03, 2.90733887e+02, 1.14263904e+03, 2.58305603e+02,
    1.17167529e+03, 4.19548431e+02, 1.17235632e+03, 3.87527893e+02,
    1.17298779e+03, 3.55380676e+02, 1.17371838e+03, 3.23226471e+02,
    1.17439185e+03, 2.90715302e+02, 1.17502332e+03, 2.58345276e+02,
    1.20442737e+03, 4.19786926e+02, 1.20511011e+03, 3.87645905e+02,
    1.20569165e+03, 3.55536713e+02, 1.20639172e+03, 3.23276459e+02,
    1.20697241e+03, 2.90750702e+02, 1.20763806e+03, 2.58302887e+02,
    1.23682764e+03, 4.20046387e+02, 1.23759290e+03, 3.87876862e+02,
    1.23808252e+03, 3.55581329e+02, 1.23873083e+03, 3.23365417e+02,
    1.23950818e+03, 2.90729980e+02, 1.24028845e+03, 2.58329956e+02,
    1.26967468e+03, 4.20275696e+02, 1.27024976e+03, 3.88016998e+02,
    1.27085779e+03, 3.55694183e+02, 1.27157312e+03, 3.23337524e+02,
    1.27233252e+03, 2.90799469e+02, 1.27322900e+03, 2.58302673e+02,
    1.30242615e+03, 4.20450409e+02, 1.30309973e+03, 3.88125519e+02,
    1.30371252e+03, 3.55748291e+02, 1.30446423e+03, 3.23416840e+02,
    1.30538867e+03, 2.90670135e+02, 1.30609534e+03, 2.58213440e+02,
    1.33538257e+03, 4.20756531e+02, 1.33600037e+03, 3.88244019e+02,
    1.33679102e+03, 3.55905518e+02, 1.33744690e+03, 3.23445374e+02,
    1.33821338e+03, 2.90762115e+02, 1.33879028e+03, 2.58151764e+02,
    1.36867737e+03, 4.20994019e+02, 1.36932056e+03, 3.88447754e+02,
    1.36989758e+03, 3.55974854e+02, 1.37053308e+03, 3.23516449e+02,
    1.37132349e+03, 2.90796234e+02, 1.37209729e+03, 2.58168701e+02 ]
