%YAML:1.0
---
points: [ 2.64476624e+02, 1.98296432e+02, 2.73258972e+02, 2.07916214e+02,
    2.81974701e+02, 2.17495453e+02, 2.90804962e+02, 2.27156143e+02,
    2.99622192e+02, 2.36770447e+02, 3.08527985e+02, 2.46497452e+02,
    2.54928818e+02, 2.06916718e+02, 2.63673065e+02, 2.16524414e+02,
    2.72529205e+02, 2.26263428e+02, 2.81354279e+02, 2.35865250e+02,
    2.90257599e+02, 2.45566040e+02, 2.99111969e+02, 2.55326218e+02,
    2.45321274e+02, 2.15534134e+02, 2.54136612e+02, 2.25210312e+02,
    2.62914368e+02, 2.34942307e+02, 2.71805328e+02, 2.44669403e+02,
    2.80712433e+02, 2.54445862e+02, 2.89646057e+02, 2.64309418e+02,
    2.35541824e+02, 2.24366425e+02, 2.44417923e+02, 2.34031311e+02,
    2.53390182e+02, 2.43758240e+02, 2.62209839e+02, 2.53659180e+02,
    2.71173431e+02, 2.63477509e+02, 2.80107422e+02, 2.73302460e+02,
    2.25769012e+02, 2.33233292e+02, 2.34725067e+02, 2.42846603e+02,
    2.43470856e+02, 2.52765884e+02, 2.52557053e+02, 2.62643066e+02,
    2.61458221e+02, 2.72547638e+02, 2.70434631e+02, 2.82527222e+02,
    2.15793762e+02, 2.42044922e+02, 2.24750580e+02, 2.51853058e+02,
    2.33671265e+02, 2.61812653e+02, 2.42664749e+02, 2.71728729e+02,
    2.51652664e+02, 2.81765228e+02, 2.60683960e+02, 2.91784943e+02,
    2.05800110e+02, 2.51075134e+02, 2.14273743e+02, 2.61266266e+02,
    2.23586029e+02, 2.71107330e+02, 2.32681351e+02, 2.81051300e+02,
    2.41700470e+02, 2.91157654e+02, 2.50780670e+02, 3.01169678e+02,
    1.95496048e+02, 2.60289948e+02, 2.04563751e+02, 2.70293304e+02,
    2.13672668e+02, 2.80306641e+02, 2.22591171e+02, 2.90434692e+02,
    2.31709045e+02, 3.00552246e+02, 2.40814438e+02, 3.10643616e+02 ]
