%YAML:1.0
---
points: [ 2.50853714e+02, 1.82440598e+02, 2.50862885e+02, 1.95877441e+02,
    2.50817017e+02, 2.09347000e+02, 2.50812576e+02, 2.22650589e+02,
    2.50832397e+02, 2.36103546e+02, 2.50885544e+02, 2.49525803e+02,
    2.37730026e+02, 1.82548019e+02, 2.37715363e+02, 1.96006531e+02,
    2.37721497e+02, 2.09374054e+02, 2.37675812e+02, 2.22586395e+02,
    2.37750504e+02, 2.35924728e+02, 2.37810532e+02, 2.49336761e+02,
    2.24844131e+02, 1.82780563e+02, 2.24852921e+02, 1.96097244e+02,
    2.24832703e+02, 2.09314423e+02, 2.24811966e+02, 2.22485443e+02,
    2.24915039e+02, 2.35806305e+02, 2.24838028e+02, 2.49143860e+02,
    2.12128906e+02, 1.83070694e+02, 2.12192444e+02, 1.96196915e+02,
    2.12158661e+02, 2.09443283e+02, 2.12236923e+02, 2.22512436e+02,
    2.12177765e+02, 2.35700439e+02, 2.12159393e+02, 2.48822632e+02,
    1.99638748e+02, 1.83225311e+02, 1.99647980e+02, 1.96337509e+02,
    1.99643234e+02, 2.09368149e+02, 1.99583298e+02, 2.22421555e+02,
    1.99554825e+02, 2.35593704e+02, 1.99559525e+02, 2.48613449e+02,
    1.87250443e+02, 1.83282166e+02, 1.87261932e+02, 1.96396606e+02,
    1.87271133e+02, 2.09460938e+02, 1.87272705e+02, 2.22393051e+02,
    1.87227188e+02, 2.35432144e+02, 1.87174042e+02, 2.48397171e+02,
    1.74889801e+02, 1.83539612e+02, 1.74865723e+02, 1.96481842e+02,
    1.74813980e+02, 2.09417892e+02, 1.74934204e+02, 2.22315353e+02,
    1.74856079e+02, 2.35246140e+02, 1.74787628e+02, 2.48059372e+02,
    1.62702530e+02, 1.83623871e+02, 1.62782440e+02, 1.96572266e+02,
    1.62808197e+02, 2.09488495e+02, 1.62799576e+02, 2.22211502e+02,
    1.62767410e+02, 2.34959915e+02, 1.62754562e+02, 2.47861465e+02 ]
