%YAML:1.0
---
points: [ 8.76442688e+02, 4.42980804e+02, 8.76480591e+02, 4.82587219e+02,
    8.76440063e+02, 5.22413269e+02, 8.76519592e+02, 5.61883850e+02,
    8.76522644e+02, 6.01555054e+02, 8.76468567e+02, 6.41100769e+02,
    8.38409241e+02, 4.43664307e+02, 8.38413818e+02, 4.82868927e+02,
    8.38477539e+02, 5.22483398e+02, 8.38370850e+02, 5.61566833e+02,
    8.38386475e+02, 6.01000366e+02, 8.38373962e+02, 6.40410889e+02,
    8.00711426e+02, 4.44217224e+02, 8.00806152e+02, 4.83207764e+02,
    8.00862976e+02, 5.22401978e+02, 8.00783997e+02, 5.61395447e+02,
    8.00695435e+02, 6.00672485e+02, 8.00717590e+02, 6.39662048e+02,
    7.63531799e+02, 4.44621765e+02, 7.63653748e+02, 4.83387695e+02,
    7.63637329e+02, 5.22477661e+02, 7.63677734e+02, 5.61305237e+02,
    7.63621582e+02, 6.00085815e+02, 7.63497375e+02, 6.38880188e+02,
    7.26707275e+02, 4.45131958e+02, 7.26834778e+02, 4.83624847e+02,
    7.26814392e+02, 5.22379211e+02, 7.26948547e+02, 5.60967773e+02,
    7.26872986e+02, 5.99592590e+02, 7.26699951e+02, 6.38341125e+02,
    6.90458801e+02, 4.45502502e+02, 6.90514587e+02, 4.83922363e+02,
    6.90590271e+02, 5.22562439e+02, 6.90529297e+02, 5.60651245e+02,
    6.90503418e+02, 5.99133606e+02, 6.90446655e+02, 6.37609863e+02,
    6.54404968e+02, 4.45979706e+02, 6.54474365e+02, 4.84102814e+02,
    6.54421631e+02, 5.22518860e+02, 6.54464417e+02, 5.60575378e+02,
    6.54412415e+02, 5.98608093e+02, 6.54318909e+02, 6.37029358e+02,
    6.18783508e+02, 4.46373566e+02, 6.18941345e+02, 4.84336578e+02,
    6.19149841e+02, 5.22502258e+02, 6.19066589e+02, 5.60400085e+02,
    6.18970764e+02, 5.98280640e+02, 6.18759827e+02, 6.36251282e+02 ]
