%YAML:1.0
---
points: [ 2.05938873e+02, 2.09654449e+02, 2.18179398e+02, 2.09357315e+02,
    2.29688095e+02, 2.09185013e+02, 2.40548203e+02, 2.08946014e+02,
    2.50976257e+02, 2.08731110e+02, 2.60681335e+02, 2.08578903e+02,
    2.06399582e+02, 2.24816589e+02, 2.18581726e+02, 2.24179977e+02,
    2.30148376e+02, 2.23631180e+02, 2.40974442e+02, 2.23102493e+02,
    2.51387665e+02, 2.22423187e+02, 2.61145416e+02, 2.22061996e+02,
    2.06913712e+02, 2.40180832e+02, 2.19151718e+02, 2.39135864e+02,
    2.30608566e+02, 2.38041473e+02, 2.41518204e+02, 2.37170181e+02,
    2.51807983e+02, 2.36237747e+02, 2.61651703e+02, 2.35334595e+02,
    2.07384323e+02, 2.55394012e+02, 2.19576538e+02, 2.53922394e+02,
    2.31086243e+02, 2.52517746e+02, 2.41903336e+02, 2.51145462e+02,
    2.52275391e+02, 2.49869843e+02, 2.62001984e+02, 2.48735306e+02,
    2.07852707e+02, 2.70858521e+02, 2.20000168e+02, 2.68760162e+02,
    2.31548737e+02, 2.66943481e+02, 2.42407593e+02, 2.65215515e+02,
    2.52711899e+02, 2.63618042e+02, 2.62374603e+02, 2.62035767e+02,
    2.08332153e+02, 2.86137024e+02, 2.20564667e+02, 2.83754913e+02,
    2.31916595e+02, 2.81518158e+02, 2.42790039e+02, 2.79361237e+02,
    2.53145142e+02, 2.77324738e+02, 2.62874664e+02, 2.75494171e+02,
    2.08716721e+02, 3.01640137e+02, 2.20915909e+02, 2.98779480e+02,
    2.32417435e+02, 2.96061218e+02, 2.43242828e+02, 2.93545044e+02,
    2.53611267e+02, 2.91111328e+02, 2.63302216e+02, 2.88804108e+02,
    2.09144974e+02, 3.17118988e+02, 2.21363724e+02, 3.13814819e+02,
    2.32775177e+02, 3.10675049e+02, 2.43688187e+02, 3.07759308e+02,
    2.53921097e+02, 3.05012695e+02, 2.63760590e+02, 3.02430176e+02 ]
