%YAML:1.0
---
points: [ 1.98863037e+02, 3.82664581e+02, 2.37338547e+02, 3.86883240e+02,
    2.75710510e+02, 3.91376007e+02, 3.13868011e+02, 3.95535461e+02,
    3.51702515e+02, 3.99718353e+02, 3.89291290e+02, 4.03830322e+02,
    1.85602890e+02, 4.10350128e+02, 2.25105469e+02, 4.14550690e+02,
    2.64128204e+02, 4.18679230e+02, 3.02944214e+02, 4.23113525e+02,
    3.41550781e+02, 4.27235229e+02, 3.79898590e+02, 4.31445587e+02,
    1.72197845e+02, 4.39512299e+02, 2.12101288e+02, 4.43536957e+02,
    2.52206039e+02, 4.47624603e+02, 2.91577759e+02, 4.51518097e+02,
    3.31047272e+02, 4.55621704e+02, 3.69875671e+02, 4.59602478e+02,
    1.58238007e+02, 4.69346191e+02, 1.99015121e+02, 4.73401825e+02,
    2.39685760e+02, 4.77301392e+02, 2.80060638e+02, 4.81456635e+02,
    3.20077820e+02, 4.85273895e+02, 3.59777100e+02, 4.89197357e+02,
    1.43688370e+02, 5.00428711e+02, 1.85323471e+02, 5.04257965e+02,
    2.26828598e+02, 5.08259277e+02, 2.67699158e+02, 5.12151062e+02,
    3.08614594e+02, 5.15921265e+02, 3.49267578e+02, 5.19592590e+02,
    1.29081772e+02, 5.32551392e+02, 1.71162521e+02, 5.36365173e+02,
    2.13485443e+02, 5.40304810e+02, 2.55270660e+02, 5.44214966e+02,
    2.97023468e+02, 5.47770020e+02, 3.38392426e+02, 5.51366089e+02,
    1.13417465e+02, 5.66262146e+02, 1.56647705e+02, 5.69914490e+02,
    1.99676208e+02, 5.73555298e+02, 2.42326630e+02, 5.77158875e+02,
    2.84811432e+02, 5.80983765e+02, 3.26756348e+02, 5.84317566e+02,
    9.74689789e+01, 6.01260803e+02, 1.41555267e+02, 6.04693054e+02,
    1.85313126e+02, 6.08268005e+02, 2.28876266e+02, 6.11849915e+02,
    2.72241699e+02, 6.15294556e+02, 3.15082153e+02, 6.18673584e+02 ]
