%YAML:1.0
---
points: [ 5.69822510e+02, 3.19256622e+02, 5.91527832e+02, 2.88025665e+02,
    6.13433655e+02, 2.56327209e+02, 6.35307861e+02, 2.24595718e+02,
    6.57259705e+02, 1.92585510e+02, 6.79227295e+02, 1.60562805e+02,
    6.00697144e+02, 3.42008362e+02, 6.22470825e+02, 3.10606354e+02,
    6.44477356e+02, 2.79115814e+02, 6.66336975e+02, 2.47288666e+02,
    6.88366089e+02, 2.15498978e+02, 7.10358154e+02, 1.83443146e+02,
    6.31908508e+02, 3.64643799e+02, 6.53759155e+02, 3.33449036e+02,
    6.75725281e+02, 3.01821686e+02, 6.97675659e+02, 2.70353485e+02,
    7.19624939e+02, 2.38367325e+02, 7.41761292e+02, 2.06479584e+02,
    6.62838623e+02, 3.87413879e+02, 6.84629700e+02, 3.56052643e+02,
    7.06827026e+02, 3.24681244e+02, 7.28790405e+02, 2.92967438e+02,
    7.50888428e+02, 2.61351959e+02, 7.72946289e+02, 2.29310745e+02,
    6.93677612e+02, 4.09713135e+02, 7.15715576e+02, 3.78724884e+02,
    7.37810730e+02, 3.47338226e+02, 7.60011597e+02, 3.15917786e+02,
    7.82016479e+02, 2.84100281e+02, 8.04312683e+02, 2.52384476e+02,
    7.24650024e+02, 4.32419464e+02, 7.46497681e+02, 4.01339294e+02,
    7.68795105e+02, 3.70003998e+02, 7.90926514e+02, 3.38458344e+02,
    8.13320129e+02, 3.07003571e+02, 8.35386292e+02, 2.75121796e+02,
    7.55513794e+02, 4.54963257e+02, 7.77588318e+02, 4.23851837e+02,
    7.99741821e+02, 3.92548004e+02, 8.21988037e+02, 3.61309662e+02,
    8.44316101e+02, 3.29642426e+02, 8.66664612e+02, 2.97872223e+02,
    7.86354187e+02, 4.77537079e+02, 8.08535889e+02, 4.46505402e+02,
    8.30696045e+02, 4.15338745e+02, 8.52935547e+02, 3.83954834e+02,
    8.75472412e+02, 3.52482147e+02, 8.97829285e+02, 3.20627594e+02 ]
