%YAML:1.0
---
points: [ 1.46323914e+02, 1.40625122e+02, 1.53779953e+02, 1.30035828e+02,
    1.61179855e+02, 1.19316574e+02, 1.68628632e+02, 1.08599960e+02,
    1.76072983e+02, 9.77226486e+01, 1.83574799e+02, 8.69006500e+01,
    1.56789810e+02, 1.48266251e+02, 1.64221298e+02, 1.37655151e+02,
    1.71618027e+02, 1.26981819e+02, 1.79083710e+02, 1.16175591e+02,
    1.86595093e+02, 1.05471237e+02, 1.94133865e+02, 9.45800323e+01,
    1.67253494e+02, 1.55932709e+02, 1.74735336e+02, 1.45345093e+02,
    1.82155121e+02, 1.34652954e+02, 1.89631378e+02, 1.23959175e+02,
    1.97144440e+02, 1.13129501e+02, 2.04690262e+02, 1.02299294e+02,
    1.77754959e+02, 1.63635773e+02, 1.85194000e+02, 1.53054352e+02,
    1.92657059e+02, 1.42309509e+02, 2.00176208e+02, 1.31656235e+02,
    2.07764984e+02, 1.20860184e+02, 2.15257599e+02, 1.10031563e+02,
    1.88217789e+02, 1.71259354e+02, 1.95646530e+02, 1.60665115e+02,
    2.03186829e+02, 1.50059418e+02, 2.10645050e+02, 1.39301743e+02,
    2.18226044e+02, 1.28561951e+02, 2.25819290e+02, 1.17757477e+02,
    1.98667572e+02, 1.78868774e+02, 2.06133682e+02, 1.68334549e+02,
    2.13706650e+02, 1.57650269e+02, 2.21182526e+02, 1.47049423e+02,
    2.28832672e+02, 1.36287262e+02, 2.36402664e+02, 1.25436798e+02,
    2.09078522e+02, 1.86474884e+02, 2.16639359e+02, 1.75983765e+02,
    2.24169662e+02, 1.65342316e+02, 2.31713974e+02, 1.54714447e+02,
    2.39307877e+02, 1.44008438e+02, 2.46974075e+02, 1.33143341e+02,
    2.19585831e+02, 1.94211945e+02, 2.27122131e+02, 1.83644241e+02,
    2.34700180e+02, 1.73076218e+02, 2.42246429e+02, 1.62451233e+02,
    2.49924255e+02, 1.51729111e+02, 2.57566650e+02, 1.40902344e+02 ]
