%YAML:1.0
---
points: [ 3.20452087e+02, 1.36295624e+02, 3.52641907e+02, 1.35615433e+02,
    3.86334900e+02, 1.34929016e+02, 4.20874725e+02, 1.34120392e+02,
    4.56652771e+02, 1.33624908e+02, 4.93693665e+02, 1.32862457e+02,
    3.10643768e+02, 1.78522217e+02, 3.43356964e+02, 1.78505325e+02,
    3.76706299e+02, 1.78384995e+02, 4.11545593e+02, 1.78544449e+02,
    4.47334198e+02, 1.78580338e+02, 4.84503662e+02, 1.79017670e+02,
    3.01266266e+02, 2.21600952e+02, 3.33454254e+02, 2.22181595e+02,
    3.67093048e+02, 2.23004959e+02, 4.01625153e+02, 2.23485764e+02,
    4.37737915e+02, 2.24463547e+02, 4.74645782e+02, 2.25129227e+02,
    2.91394623e+02, 2.64741547e+02, 3.23716553e+02, 2.65989929e+02,
    3.57540222e+02, 2.67203888e+02, 3.92329987e+02, 2.68642395e+02,
    4.28122467e+02, 2.70347443e+02, 4.65319519e+02, 2.71856384e+02,
    2.81451904e+02, 3.08146149e+02, 3.14251251e+02, 3.10116150e+02,
    3.47798737e+02, 3.12290009e+02, 3.82469391e+02, 3.14325867e+02,
    4.18537659e+02, 3.16605438e+02, 4.55549866e+02, 3.18846771e+02,
    2.72049835e+02, 3.52042664e+02, 3.04297394e+02, 3.54690521e+02,
    3.37927765e+02, 3.57368744e+02, 3.72769531e+02, 3.60426422e+02,
    4.08891357e+02, 3.63221191e+02, 4.45938568e+02, 3.66364655e+02,
    2.62048676e+02, 3.96375824e+02, 2.94647827e+02, 3.99421967e+02,
    3.28265137e+02, 4.02984406e+02, 3.63087616e+02, 4.06538513e+02,
    3.99140900e+02, 4.10361115e+02, 4.36333130e+02, 4.13959717e+02,
    2.52449921e+02, 4.40765198e+02, 2.84992493e+02, 4.45069794e+02,
    3.18457001e+02, 4.48857910e+02, 3.53359497e+02, 4.53412079e+02,
    3.89284760e+02, 4.57583649e+02, 4.26599365e+02, 4.62339783e+02 ]
