%YAML:1.0
---
points: [ 2.08426208e+02, 2.07778656e+02, 2.17279861e+02, 2.07405411e+02,
    2.26595367e+02, 2.06826859e+02, 2.36412384e+02, 2.06391434e+02,
    2.46866837e+02, 2.05791367e+02, 2.57768890e+02, 2.05233704e+02,
    2.08968307e+02, 2.21193680e+02, 2.17847168e+02, 2.20974594e+02,
    2.27210541e+02, 2.20893555e+02, 2.37037079e+02, 2.20786423e+02,
    2.47449249e+02, 2.20647095e+02, 2.58401276e+02, 2.20452911e+02,
    2.09565689e+02, 2.34626877e+02, 2.18465576e+02, 2.34929016e+02,
    2.27792160e+02, 2.35181458e+02, 2.37670975e+02, 2.35425766e+02,
    2.48036789e+02, 2.35671478e+02, 2.59047882e+02, 2.35944885e+02,
    2.10138229e+02, 2.48072128e+02, 2.19057632e+02, 2.48595352e+02,
    2.28391251e+02, 2.49179657e+02, 2.38383148e+02, 2.49757355e+02,
    2.48704559e+02, 2.50511276e+02, 2.59693024e+02, 2.51229752e+02,
    2.10622253e+02, 2.61403442e+02, 2.19620728e+02, 2.62410431e+02,
    2.28945236e+02, 2.63274841e+02, 2.38912552e+02, 2.64457977e+02,
    2.49320694e+02, 2.65365448e+02, 2.60390930e+02, 2.66634827e+02,
    2.11239502e+02, 2.74902008e+02, 2.20214264e+02, 2.76171234e+02,
    2.29565308e+02, 2.77381409e+02, 2.39555328e+02, 2.78800903e+02,
    2.49945084e+02, 2.80375427e+02, 2.61012970e+02, 2.81841736e+02,
    2.11807465e+02, 2.88292694e+02, 2.20717056e+02, 2.89869293e+02,
    2.30217560e+02, 2.91605469e+02, 2.40106354e+02, 2.93364899e+02,
    2.50615204e+02, 2.95212128e+02, 2.61727692e+02, 2.97312469e+02,
    2.12407425e+02, 3.01845184e+02, 2.21400757e+02, 3.03677399e+02,
    2.30737656e+02, 3.05738739e+02, 2.40765839e+02, 3.07913940e+02,
    2.51279083e+02, 3.10259918e+02, 2.62378265e+02, 3.12629242e+02 ]
