%YAML:1.0
---
points: [ 8.47867310e+02, 3.02203552e+02, 8.87848022e+02, 3.12837280e+02,
    9.28049927e+02, 3.23547180e+02, 9.67913208e+02, 3.34275940e+02,
    1.00800531e+03, 3.44619812e+02, 1.04792480e+03, 3.55363312e+02,
    8.38515869e+02, 3.43035553e+02, 8.78433594e+02, 3.53545288e+02,
    9.17937378e+02, 3.64236053e+02, 9.57667419e+02, 3.74604950e+02,
    9.97152649e+02, 3.85204254e+02, 1.03689685e+03, 3.95484161e+02,
    8.29618530e+02, 3.82709534e+02, 8.69118591e+02, 3.93182739e+02,
    9.08210693e+02, 4.03542908e+02, 9.47513550e+02, 4.13788147e+02,
    9.86613647e+02, 4.24392334e+02, 1.02571777e+03, 4.34490723e+02,
    8.21099792e+02, 4.21851288e+02, 8.59855347e+02, 4.31988007e+02,
    8.98717468e+02, 4.42313416e+02, 9.37637634e+02, 4.52586243e+02,
    9.76322144e+02, 4.62680054e+02, 1.01515100e+03, 4.73025269e+02,
    8.12438660e+02, 4.59912964e+02, 8.50910706e+02, 4.70211761e+02,
    8.89493835e+02, 4.80347046e+02, 9.27678772e+02, 4.90377686e+02,
    9.66167725e+02, 5.00441345e+02, 1.00454358e+03, 5.10484650e+02,
    8.04098511e+02, 4.97380737e+02, 8.42325623e+02, 5.07374634e+02,
    8.80274719e+02, 5.17491394e+02, 9.18249390e+02, 5.27338989e+02,
    9.56291870e+02, 5.37412659e+02, 9.94395874e+02, 5.47370911e+02,
    7.95711975e+02, 5.34166565e+02, 8.33491272e+02, 5.44178406e+02,
    8.71228210e+02, 5.53882874e+02, 9.08827759e+02, 5.63840149e+02,
    9.46611084e+02, 5.73695740e+02, 9.84270386e+02, 5.83592773e+02,
    7.87548584e+02, 5.70229614e+02, 8.25002502e+02, 5.79724365e+02,
    8.62484863e+02, 5.89621826e+02, 8.99797546e+02, 5.99478699e+02,
    9.37217773e+02, 6.09045044e+02, 9.74424683e+02, 6.18914917e+02 ]
