%YAML:1.0
---
points: [ 1.80595840e+02, 2.89718628e+02, 2.22749985e+02, 3.07201233e+02,
    2.64106598e+02, 3.23930328e+02, 3.04185120e+02, 3.40259064e+02,
    3.43171661e+02, 3.56212769e+02, 3.81039490e+02, 3.71433350e+02,
    1.65620499e+02, 3.24382507e+02, 2.08080551e+02, 3.41090546e+02,
    2.49449158e+02, 3.57231598e+02, 2.89505646e+02, 3.72983185e+02,
    3.28717590e+02, 3.88247589e+02, 3.66754913e+02, 4.03219360e+02,
    1.50707748e+02, 3.58981750e+02, 1.93258377e+02, 3.75219421e+02,
    2.34628937e+02, 3.90562042e+02, 2.74999207e+02, 4.05767578e+02,
    3.14250275e+02, 4.20541626e+02, 3.52445892e+02, 4.34682861e+02,
    1.36065704e+02, 3.93281189e+02, 1.78612167e+02, 4.08897644e+02,
    2.20261887e+02, 4.23801392e+02, 2.60599335e+02, 4.38383942e+02,
    2.99938721e+02, 4.52475861e+02, 3.38235626e+02, 4.66300476e+02,
    1.21380516e+02, 4.27602325e+02, 1.63930252e+02, 4.42375031e+02,
    2.05629852e+02, 4.56841888e+02, 2.46205002e+02, 4.70826904e+02,
    2.85690430e+02, 4.84403534e+02, 3.24233978e+02, 4.97548004e+02,
    1.06853943e+02, 4.61437378e+02, 1.49561691e+02, 4.75732880e+02,
    1.91337906e+02, 4.89681946e+02, 2.31908661e+02, 5.03275787e+02,
    2.71593933e+02, 5.16269653e+02, 3.10027008e+02, 5.28760925e+02,
    9.24434738e+01, 4.95432678e+02, 1.35472153e+02, 5.08948181e+02,
    1.77122650e+02, 5.22422791e+02, 2.17769852e+02, 5.35123901e+02,
    2.57440582e+02, 5.47766785e+02, 2.95861847e+02, 5.59795044e+02,
    7.82245865e+01, 5.29166382e+02, 1.21130966e+02, 5.42438599e+02,
    1.62875443e+02, 5.55000427e+02, 2.03640121e+02, 5.67448486e+02,
    2.43285690e+02, 5.79361694e+02, 2.82136505e+02, 5.90823608e+02 ]
