%YAML:1.0
---
points: [ 3.86248657e+02, 1.05842110e+02, 3.96009460e+02, 9.91044235e+01,
    4.06319672e+02, 9.20493927e+01, 4.16979584e+02, 8.46623840e+01,
    4.27982452e+02, 7.71763458e+01, 4.39368073e+02, 6.91659775e+01,
    3.91886444e+02, 1.15990784e+02, 4.01916107e+02, 1.09415619e+02,
    4.12325714e+02, 1.02576622e+02, 4.23203949e+02, 9.54857101e+01,
    4.34320374e+02, 8.80663376e+01, 4.46085663e+02, 8.06253510e+01,
    3.97678650e+02, 1.26208359e+02, 4.07824921e+02, 1.19912186e+02,
    4.18486755e+02, 1.13240417e+02, 4.29508789e+02, 1.06395988e+02,
    4.40888702e+02, 9.93920059e+01, 4.52664276e+02, 9.19239197e+01,
    4.03464691e+02, 1.36444351e+02, 4.13785034e+02, 1.30377182e+02,
    4.24553558e+02, 1.23975685e+02, 4.35786407e+02, 1.17341156e+02,
    4.47374298e+02, 1.10493988e+02, 4.59372498e+02, 1.03491333e+02,
    4.09229401e+02, 1.46812820e+02, 4.19683014e+02, 1.40859970e+02,
    4.30679596e+02, 1.34771500e+02, 4.42014771e+02, 1.28401855e+02,
    4.53796875e+02, 1.21901405e+02, 4.65880707e+02, 1.14948265e+02,
    4.15060272e+02, 1.57042328e+02, 4.25709076e+02, 1.51463867e+02,
    4.36808746e+02, 1.45609711e+02, 4.48324768e+02, 1.39503113e+02,
    4.60257690e+02, 1.33127960e+02, 4.72677002e+02, 1.26621925e+02,
    4.20906342e+02, 1.67394226e+02, 4.31659851e+02, 1.62102249e+02,
    4.42953461e+02, 1.56441162e+02, 4.54514374e+02, 1.50563217e+02,
    4.66702911e+02, 1.44541931e+02, 4.79069794e+02, 1.38197205e+02,
    4.26719421e+02, 1.77881180e+02, 4.37747314e+02, 1.72688568e+02,
    4.49057373e+02, 1.67365280e+02, 4.60894409e+02, 1.61801453e+02,
    4.72976807e+02, 1.55971146e+02, 4.85760895e+02, 1.50020020e+02 ]
