%YAML:1.0
---
points: [ 2.38213104e+02, 1.35030060e+02, 2.51809341e+02, 1.37908279e+02,
    2.65653625e+02, 1.40876175e+02, 2.79187958e+02, 1.43696304e+02,
    2.92888947e+02, 1.46501740e+02, 3.06609497e+02, 1.49209854e+02,
    2.35545914e+02, 1.49073959e+02, 2.49110535e+02, 1.51959122e+02,
    2.62624847e+02, 1.54759964e+02, 2.76196564e+02, 1.57571579e+02,
    2.89746979e+02, 1.60337997e+02, 3.03286743e+02, 1.63129440e+02,
    2.33029358e+02, 1.62646851e+02, 2.46449814e+02, 1.65572540e+02,
    2.59950439e+02, 1.68272659e+02, 2.73201324e+02, 1.71018585e+02,
    2.86679962e+02, 1.73836426e+02, 3.00087860e+02, 1.76689835e+02,
    2.30606827e+02, 1.76011871e+02, 2.43901230e+02, 1.78830017e+02,
    2.57128265e+02, 1.81588211e+02, 2.70452942e+02, 1.84370102e+02,
    2.83676819e+02, 1.87127670e+02, 2.96988770e+02, 1.89876190e+02,
    2.28168335e+02, 1.89140442e+02, 2.41224487e+02, 1.91813248e+02,
    2.54446091e+02, 1.94599335e+02, 2.67583771e+02, 1.97362442e+02,
    2.80757904e+02, 2.00099350e+02, 2.93849609e+02, 2.02764420e+02,
    2.25741043e+02, 2.01977081e+02, 2.38767349e+02, 2.04643509e+02,
    2.51804398e+02, 2.07396835e+02, 2.64836792e+02, 2.10073013e+02,
    2.77769409e+02, 2.12738693e+02, 2.90833252e+02, 2.15502151e+02,
    2.23390305e+02, 2.14587936e+02, 2.36286743e+02, 2.17306061e+02,
    2.49240463e+02, 2.20006058e+02, 2.62092865e+02, 2.22693314e+02,
    2.74998962e+02, 2.25373871e+02, 2.87881683e+02, 2.28088013e+02,
    2.20988403e+02, 2.26940506e+02, 2.33839676e+02, 2.29618912e+02,
    2.46688873e+02, 2.32241821e+02, 2.59450104e+02, 2.34962646e+02,
    2.72184387e+02, 2.37618973e+02, 2.85080963e+02, 2.40230423e+02 ]
