%YAML:1.0
---
points: [ 4.12929626e+02, 8.38702240e+01, 4.21467438e+02, 9.33730087e+01,
    4.29949158e+02, 1.02967979e+02, 4.38543732e+02, 1.12543221e+02,
    4.46966705e+02, 1.22124313e+02, 4.55621307e+02, 1.31771912e+02,
    4.03297791e+02, 9.25322342e+01, 4.11600800e+02, 1.01774101e+02,
    4.19959717e+02, 1.11091141e+02, 4.28279663e+02, 1.20416824e+02,
    4.36656525e+02, 1.29831940e+02, 4.44837006e+02, 1.39244797e+02,
    3.93881195e+02, 1.00880058e+02, 4.02096497e+02, 1.09900848e+02,
    4.10200195e+02, 1.19030106e+02, 4.18352264e+02, 1.28095779e+02,
    4.26461761e+02, 1.37278366e+02, 4.34635468e+02, 1.46377548e+02,
    3.85021027e+02, 1.08804001e+02, 3.92928284e+02, 1.17656265e+02,
    4.00962219e+02, 1.26470818e+02, 4.08845978e+02, 1.35389481e+02,
    4.16847198e+02, 1.44296875e+02, 4.24734741e+02, 1.53270401e+02,
    3.76462372e+02, 1.16455345e+02, 3.84247498e+02, 1.25024902e+02,
    3.91968109e+02, 1.33733719e+02, 3.99752228e+02, 1.42334427e+02,
    4.07505951e+02, 1.51085648e+02, 4.15298065e+02, 1.59757462e+02,
    3.68337006e+02, 1.23733841e+02, 3.75881927e+02, 1.32160065e+02,
    3.83481354e+02, 1.40566162e+02, 3.90990356e+02, 1.49071945e+02,
    3.98658752e+02, 1.57536880e+02, 4.06195435e+02, 1.66051315e+02,
    3.60610016e+02, 1.30676483e+02, 3.67898529e+02, 1.38870621e+02,
    3.75294525e+02, 1.47147430e+02, 3.82715240e+02, 1.55372070e+02,
    3.90162354e+02, 1.63729767e+02, 3.97609619e+02, 1.71980927e+02,
    3.53046570e+02, 1.37305130e+02, 3.60282654e+02, 1.45380356e+02,
    3.67438080e+02, 1.53393463e+02, 3.74739655e+02, 1.61513748e+02,
    3.81967987e+02, 1.69555511e+02, 3.89249939e+02, 1.77740723e+02 ]
