%YAML:1.0
---
points: [ 4.55767029e+02, 4.23393738e+02, 4.69004059e+02, 4.57583069e+02,
    4.82393890e+02, 4.91864563e+02, 4.95571381e+02, 5.26326660e+02,
    5.08933563e+02, 5.60639465e+02, 5.22260254e+02, 5.95321594e+02,
    4.17043182e+02, 4.34615204e+02, 4.30516754e+02, 4.69311615e+02,
    4.43816925e+02, 5.04051575e+02, 4.57318207e+02, 5.38717102e+02,
    4.70590515e+02, 5.73749390e+02, 4.83983551e+02, 6.08532043e+02,
    3.77332275e+02, 4.46579163e+02, 3.90724396e+02, 4.81590271e+02,
    4.04240784e+02, 5.16584656e+02, 4.17530609e+02, 5.51721436e+02,
    4.31239349e+02, 5.86960266e+02, 4.44593079e+02, 6.22516602e+02,
    3.37164154e+02, 4.58619171e+02, 3.50457153e+02, 4.93942444e+02,
    3.63835297e+02, 5.29487427e+02, 3.77498962e+02, 5.65098938e+02,
    3.91132294e+02, 6.00878052e+02, 4.04569977e+02, 6.36409241e+02,
    2.96091919e+02, 4.70725739e+02, 3.09534271e+02, 5.06763702e+02,
    3.23018158e+02, 5.42496155e+02, 3.36474213e+02, 5.78594910e+02,
    3.50224213e+02, 6.14687439e+02, 3.63493958e+02, 6.50755981e+02,
    2.54263489e+02, 4.83440979e+02, 2.67728394e+02, 5.19486267e+02,
    2.81209625e+02, 5.56012939e+02, 2.94893372e+02, 5.92361938e+02,
    3.08522614e+02, 6.29018799e+02, 3.22273315e+02, 6.65405579e+02,
    2.11829895e+02, 4.96307953e+02, 2.25477020e+02, 5.33123535e+02,
    2.38872665e+02, 5.69512207e+02, 2.52484955e+02, 6.06609314e+02,
    2.66260040e+02, 6.43399170e+02, 2.79914948e+02, 6.80723999e+02,
    1.68444748e+02, 5.09455597e+02, 1.82195343e+02, 5.46576294e+02,
    1.95609344e+02, 5.83754028e+02, 2.09361374e+02, 6.20886108e+02,
    2.23297577e+02, 6.58472412e+02, 2.36932175e+02, 6.95527649e+02 ]
