%YAML:1.0
---
points: [ 2.34400223e+02, 1.40160538e+02, 2.47333069e+02, 1.42116516e+02,
    2.60173187e+02, 1.44029617e+02, 2.73093872e+02, 1.45896622e+02,
    2.85903412e+02, 1.47825073e+02, 2.98863556e+02, 1.49699387e+02,
    2.32543533e+02, 1.53275696e+02, 2.45384476e+02, 1.55100967e+02,
    2.58292603e+02, 1.57042130e+02, 2.71106140e+02, 1.58915512e+02,
    2.83952576e+02, 1.60900864e+02, 2.96784241e+02, 1.62725647e+02,
    2.30669693e+02, 1.66154022e+02, 2.43483276e+02, 1.68155746e+02,
    2.56134583e+02, 1.70150467e+02, 2.69184814e+02, 1.72008484e+02,
    2.81930450e+02, 1.73827759e+02, 2.94831085e+02, 1.75716522e+02,
    2.28834000e+02, 1.79140320e+02, 2.41376617e+02, 1.80952667e+02,
    2.54293701e+02, 1.82632843e+02, 2.67226410e+02, 1.84855286e+02,
    2.80074341e+02, 1.86720856e+02, 2.92758698e+02, 1.88581985e+02,
    2.27014404e+02, 1.91915466e+02, 2.39754639e+02, 1.93580536e+02,
    2.52161407e+02, 1.95089172e+02, 2.65387421e+02, 1.97423645e+02,
    2.78077820e+02, 1.99432358e+02, 2.90840088e+02, 2.01313431e+02,
    2.25058746e+02, 2.04753998e+02, 2.37819656e+02, 2.06670166e+02,
    2.50289291e+02, 2.08865219e+02, 2.63292816e+02, 2.10200989e+02,
    2.76130371e+02, 2.12150696e+02, 2.88878662e+02, 2.14121231e+02,
    2.23213181e+02, 2.17397156e+02, 2.36023804e+02, 2.19353317e+02,
    2.48829086e+02, 2.21238068e+02, 2.61376526e+02, 2.23096680e+02,
    2.74166840e+02, 2.25022003e+02, 2.86883759e+02, 2.26880066e+02,
    2.21379272e+02, 2.30108871e+02, 2.34181549e+02, 2.31953033e+02,
    2.46827347e+02, 2.33821442e+02, 2.59551727e+02, 2.35724396e+02,
    2.72199646e+02, 2.37612534e+02, 2.84923340e+02, 2.39533737e+02 ]
