%YAML:1.0
---
points: [ 8.29616760e+02, 3.18486511e+02, 8.67772766e+02, 3.24270966e+02,
    9.06076599e+02, 3.29927948e+02, 9.43797852e+02, 3.35528381e+02,
    9.81618164e+02, 3.41290924e+02, 1.01966260e+03, 3.46758636e+02,
    8.24423950e+02, 3.56826630e+02, 8.62406189e+02, 3.62569855e+02,
    9.00415283e+02, 3.68436890e+02, 9.38267273e+02, 3.74195557e+02,
    9.75858093e+02, 3.79720490e+02, 1.01371106e+03, 3.85284790e+02,
    8.18900940e+02, 3.95126953e+02, 8.56790955e+02, 4.00782776e+02,
    8.94858032e+02, 4.06528107e+02, 9.32510620e+02, 4.12200348e+02,
    9.70387878e+02, 4.17775391e+02, 1.00789368e+03, 4.23390015e+02,
    8.13611206e+02, 4.33151489e+02, 8.51460571e+02, 4.38740936e+02,
    8.89313538e+02, 4.44414581e+02, 9.26965149e+02, 4.50039001e+02,
    9.64658264e+02, 4.55512543e+02, 1.00226184e+03, 4.61142334e+02,
    8.08299927e+02, 4.70836548e+02, 8.46092957e+02, 4.76504242e+02,
    8.83813538e+02, 4.82124481e+02, 9.21450195e+02, 4.87603424e+02,
    9.59066833e+02, 4.93299561e+02, 9.96628723e+02, 4.98746368e+02,
    8.02889587e+02, 5.08389435e+02, 8.40581360e+02, 5.14031738e+02,
    8.78412109e+02, 5.19608582e+02, 9.15932983e+02, 5.25348267e+02,
    9.53465576e+02, 5.30726013e+02, 9.90891113e+02, 5.36395752e+02,
    7.97493713e+02, 5.46207458e+02, 8.35227051e+02, 5.51561279e+02,
    8.72718628e+02, 5.57360413e+02, 9.10331299e+02, 5.62953064e+02,
    9.47916138e+02, 5.68550415e+02, 9.85317688e+02, 5.74180847e+02,
    7.92151123e+02, 5.83461304e+02, 8.29620728e+02, 5.89103699e+02,
    8.67356506e+02, 5.94567749e+02, 9.04673645e+02, 6.00109619e+02,
    9.42287109e+02, 6.05668945e+02, 9.79599060e+02, 6.11349487e+02 ]
