%YAML:1.0
---
points: [ 8.91456421e+02, 2.29163376e+02, 9.28901062e+02, 2.42729904e+02,
    9.66433167e+02, 2.56423828e+02, 1.00361786e+03, 2.69740906e+02,
    1.04088062e+03, 2.83272186e+02, 1.07796191e+03, 2.96446991e+02,
    8.78635193e+02, 2.61342834e+02, 9.16783142e+02, 2.75093567e+02,
    9.54687134e+02, 2.88698029e+02, 9.92451355e+02, 3.02262512e+02,
    1.03015796e+03, 3.15827850e+02, 1.06774976e+03, 3.29237854e+02,
    8.65785767e+02, 2.94164520e+02, 9.04295532e+02, 3.08110535e+02,
    9.42778503e+02, 3.21778320e+02, 9.80960632e+02, 3.35438599e+02,
    1.01919165e+03, 3.49236633e+02, 1.05715881e+03, 3.62627747e+02,
    8.52459106e+02, 3.27936829e+02, 8.91527344e+02, 3.41834656e+02,
    9.30500977e+02, 3.55701385e+02, 9.69311157e+02, 3.69531128e+02,
    1.00781226e+03, 3.83307159e+02, 1.04642419e+03, 3.96805695e+02,
    8.38859619e+02, 3.62451782e+02, 8.78400940e+02, 3.76547211e+02,
    9.17835327e+02, 3.90458130e+02, 9.57112305e+02, 4.04444702e+02,
    9.96328796e+02, 4.18338867e+02, 1.03526184e+03, 4.32118652e+02,
    8.24946228e+02, 3.97691498e+02, 8.65113708e+02, 4.11843689e+02,
    9.04903015e+02, 4.26109283e+02, 9.44597473e+02, 4.40219330e+02,
    9.84327637e+02, 4.54246429e+02, 1.02377161e+03, 4.68035156e+02,
    8.10417419e+02, 4.34381226e+02, 8.51180664e+02, 4.48729828e+02,
    8.91595276e+02, 4.62773529e+02, 9.31842529e+02, 4.77028107e+02,
    9.72157898e+02, 4.91186584e+02, 1.01226404e+03, 5.05232147e+02,
    7.95528931e+02, 4.71472839e+02, 8.36927673e+02, 4.85944550e+02,
    8.77977661e+02, 5.00384216e+02, 9.18772034e+02, 5.14590454e+02,
    9.59641052e+02, 5.28739563e+02, 1.00031372e+03, 5.43117188e+02 ]
