%YAML:1.0
---
points: [ 4.75492950e+02, 2.78834442e+02, 4.94351044e+02, 2.94949402e+02,
    5.14019531e+02, 3.11825562e+02, 5.33998413e+02, 3.28689270e+02,
    5.54462402e+02, 3.46513092e+02, 5.75215332e+02, 3.64259491e+02,
    4.63231873e+02, 3.06964355e+02, 4.82232483e+02, 3.23879059e+02,
    5.01214355e+02, 3.40540558e+02, 5.21006470e+02, 3.58201233e+02,
    5.41211670e+02, 3.75696686e+02, 5.61611328e+02, 3.93769867e+02,
    4.51295807e+02, 3.35532532e+02, 4.69690491e+02, 3.51879944e+02,
    4.88726746e+02, 3.69254272e+02, 5.07967560e+02, 3.86381744e+02,
    5.27872986e+02, 4.04464569e+02, 5.47753174e+02, 4.22534790e+02,
    4.39547791e+02, 3.62822052e+02, 4.57850769e+02, 3.79879272e+02,
    4.76454193e+02, 3.96858551e+02, 4.95498993e+02, 4.14658661e+02,
    5.14943787e+02, 4.32223663e+02, 5.34849487e+02, 4.50897644e+02,
    4.28056366e+02, 3.90209198e+02, 4.45961853e+02, 4.06860382e+02,
    4.64396759e+02, 4.24479004e+02, 4.83037292e+02, 4.41956360e+02,
    5.02364075e+02, 4.60290222e+02, 5.21752869e+02, 4.78508636e+02,
    4.16630463e+02, 4.16650391e+02, 4.34391083e+02, 4.33705017e+02,
    4.52395416e+02, 4.51326050e+02, 4.70893250e+02, 4.69186432e+02,
    4.89638733e+02, 4.87434326e+02, 5.09177094e+02, 5.05975098e+02,
    4.05550903e+02, 4.42969635e+02, 4.22948425e+02, 4.60076050e+02,
    4.40735779e+02, 4.77766968e+02, 4.58966980e+02, 4.95636139e+02,
    4.77546814e+02, 5.14086304e+02, 4.96455200e+02, 5.32592712e+02,
    3.94539459e+02, 4.68838745e+02, 4.11798859e+02, 4.86227722e+02,
    4.29317230e+02, 5.03818420e+02, 4.47260284e+02, 5.21951782e+02,
    4.65505859e+02, 5.40390686e+02, 4.84211151e+02, 5.59334534e+02 ]
