%YAML:1.0
---
points: [ 2.56110718e+02, 1.09740364e+02, 2.68810242e+02, 1.14514961e+02,
    2.81391754e+02, 1.19045578e+02, 2.94115265e+02, 1.23517471e+02,
    3.06701233e+02, 1.27987396e+02, 3.19396545e+02, 1.32472137e+02,
    2.52037262e+02, 1.20748672e+02, 2.64858032e+02, 1.25414932e+02,
    2.77752441e+02, 1.29992889e+02, 2.90524658e+02, 1.34606842e+02,
    3.03340790e+02, 1.39146027e+02, 3.16100372e+02, 1.43641190e+02,
    2.47847778e+02, 1.31942596e+02, 2.60900085e+02, 1.36674988e+02,
    2.73921204e+02, 1.41247604e+02, 2.86846832e+02, 1.45868378e+02,
    2.99778259e+02, 1.50454758e+02, 3.12730377e+02, 1.55024765e+02,
    2.43657303e+02, 1.43363876e+02, 2.56807648e+02, 1.48045731e+02,
    2.70047424e+02, 1.52822098e+02, 2.83158783e+02, 1.57492386e+02,
    2.96217499e+02, 1.62117523e+02, 3.09345703e+02, 1.66647736e+02,
    2.39289383e+02, 1.55156860e+02, 2.52654572e+02, 1.59874512e+02,
    2.65967377e+02, 1.64684235e+02, 2.79283478e+02, 1.69305191e+02,
    2.92581421e+02, 1.73948120e+02, 3.05806030e+02, 1.78609406e+02,
    2.34824127e+02, 1.67085098e+02, 2.48390076e+02, 1.71918655e+02,
    2.61919434e+02, 1.76715042e+02, 2.75312378e+02, 1.81469513e+02,
    2.88801270e+02, 1.86213409e+02, 3.02243683e+02, 1.90873718e+02,
    2.30203934e+02, 1.79543228e+02, 2.44004990e+02, 1.84351212e+02,
    2.57703918e+02, 1.89151443e+02, 2.71348358e+02, 1.93958725e+02,
    2.84920013e+02, 1.98764954e+02, 2.98505829e+02, 2.03497467e+02,
    2.25536545e+02, 1.92202652e+02, 2.39451447e+02, 1.97042313e+02,
    2.53366150e+02, 2.01880997e+02, 2.67206451e+02, 2.06739502e+02,
    2.81063110e+02, 2.11605667e+02, 2.94779877e+02, 2.16338913e+02 ]
