%YAML:1.0
---
points: [ 4.05451294e+02, 8.49709702e+01, 4.11548065e+02, 9.59785385e+01,
    4.17519165e+02, 1.06650848e+02, 4.23341187e+02, 1.17306480e+02,
    4.29043610e+02, 1.27709465e+02, 4.34781067e+02, 1.38017181e+02,
    3.95913391e+02, 9.20892029e+01, 4.01985107e+02, 1.03024025e+02,
    4.08086121e+02, 1.13781639e+02, 4.14015564e+02, 1.24278137e+02,
    4.19853912e+02, 1.34752747e+02, 4.25488403e+02, 1.44993408e+02,
    3.86005249e+02, 9.92556763e+01, 3.92347107e+02, 1.10207481e+02,
    3.98441833e+02, 1.20928978e+02, 4.04450867e+02, 1.31478897e+02,
    4.10352814e+02, 1.41888763e+02, 4.16290100e+02, 1.52093826e+02,
    3.76211273e+02, 1.06638779e+02, 3.82477112e+02, 1.17470085e+02,
    3.88729431e+02, 1.28179718e+02, 3.94781921e+02, 1.38641739e+02,
    4.00769470e+02, 1.49128052e+02, 4.06630829e+02, 1.59268448e+02,
    3.66186310e+02, 1.14027977e+02, 3.72594330e+02, 1.24826248e+02,
    3.78852386e+02, 1.35484970e+02, 3.85032837e+02, 1.45955902e+02,
    3.91100128e+02, 1.56326813e+02, 3.97205414e+02, 1.66462357e+02,
    3.56157593e+02, 1.21418510e+02, 3.62549011e+02, 1.32225449e+02,
    3.69002319e+02, 1.42857971e+02, 3.75238007e+02, 1.53297531e+02,
    3.81409607e+02, 1.63611664e+02, 3.87496704e+02, 1.73749542e+02,
    3.45954803e+02, 1.28964249e+02, 3.52554474e+02, 1.39712418e+02,
    3.58993591e+02, 1.50300339e+02, 3.65347504e+02, 1.60668732e+02,
    3.71615997e+02, 1.71017365e+02, 3.77814301e+02, 1.81010132e+02,
    3.35760468e+02, 1.36450089e+02, 3.42416962e+02, 1.47215454e+02,
    3.48938995e+02, 1.57738464e+02, 3.55364471e+02, 1.68120209e+02,
    3.61704071e+02, 1.78281326e+02, 3.67997925e+02, 1.88357376e+02 ]
