%YAML:1.0
---
points: [ 4.92584595e+02, 2.51623749e+02, 5.07478149e+02, 2.64401733e+02,
    5.23299133e+02, 2.77857758e+02, 5.39360718e+02, 2.91436218e+02,
    5.56145691e+02, 3.05704193e+02, 5.73184692e+02, 3.20176788e+02,
    4.75540558e+02, 2.78220398e+02, 4.90544556e+02, 2.91421600e+02,
    5.05739716e+02, 3.05092072e+02, 5.21622070e+02, 3.19308960e+02,
    5.38068298e+02, 3.33812500e+02, 5.54790833e+02, 3.48733917e+02,
    4.58750183e+02, 3.05086151e+02, 4.73201874e+02, 3.18476196e+02,
    4.88446320e+02, 3.32599518e+02, 5.03732727e+02, 3.46970856e+02,
    5.19798828e+02, 3.62173492e+02, 5.36251099e+02, 3.77421692e+02,
    4.42041962e+02, 3.31362335e+02, 4.56325562e+02, 3.45497620e+02,
    4.70930206e+02, 3.59701416e+02, 4.86307495e+02, 3.74653198e+02,
    5.01803864e+02, 3.89748047e+02, 5.18146179e+02, 4.05767242e+02,
    4.25231689e+02, 3.57949280e+02, 4.39308899e+02, 3.72053619e+02,
    4.53696533e+02, 3.86818237e+02, 4.68530975e+02, 4.02006348e+02,
    4.84079193e+02, 4.17856384e+02, 4.99772919e+02, 4.33884399e+02,
    4.08666290e+02, 3.83858521e+02, 4.22504150e+02, 3.98667847e+02,
    4.36520508e+02, 4.13633331e+02, 4.51224548e+02, 4.29413696e+02,
    4.66192261e+02, 4.45495300e+02, 4.81711945e+02, 4.61990875e+02,
    3.92289429e+02, 4.10184448e+02, 4.05640930e+02, 4.25040375e+02,
    4.19540802e+02, 4.40545624e+02, 4.33832336e+02, 4.56338867e+02,
    4.48493927e+02, 4.73005188e+02, 4.63743469e+02, 4.89742401e+02,
    3.75692932e+02, 4.36079956e+02, 3.89053619e+02, 4.51532440e+02,
    4.02477509e+02, 4.67148834e+02, 4.16583649e+02, 4.83424011e+02,
    4.30858490e+02, 5.00332794e+02, 4.45784485e+02, 5.17642090e+02 ]
