%YAML:1.0
---
points: [ 1.01330927e+03, 1.89494415e+02, 1.03664539e+03, 2.21193268e+02,
    1.05953540e+03, 2.52248611e+02, 1.08201001e+03, 2.82342773e+02,
    1.10382727e+03, 3.11763184e+02, 1.12540637e+03, 3.40525940e+02,
    9.88354614e+02, 2.13685745e+02, 1.01224182e+03, 2.45474716e+02,
    1.03552612e+03, 2.76357239e+02, 1.05849133e+03, 3.06537384e+02,
    1.08077136e+03, 3.36005585e+02, 1.10270337e+03, 3.64790100e+02,
    9.62745056e+02, 2.38203140e+02, 9.87384277e+02, 2.69958893e+02,
    1.01114679e+03, 3.00860657e+02, 1.03452234e+03, 3.31064636e+02,
    1.05732642e+03, 3.60538910e+02, 1.07967029e+03, 3.89368195e+02,
    9.36740173e+02, 2.63295441e+02, 9.61715942e+02, 2.95074280e+02,
    9.86319763e+02, 3.25988953e+02, 1.01018866e+03, 3.56238434e+02,
    1.03346106e+03, 3.85578857e+02, 1.05637012e+03, 4.14414764e+02,
    9.10144165e+02, 2.88776703e+02, 9.35690063e+02, 3.20517822e+02,
    9.60700256e+02, 3.51590179e+02, 9.85216431e+02, 3.81692596e+02,
    1.00916882e+03, 4.11232422e+02, 1.03240808e+03, 4.39923309e+02,
    8.83031250e+02, 3.14661652e+02, 9.09296204e+02, 3.46594910e+02,
    9.34848389e+02, 3.77593903e+02, 9.59678833e+02, 4.07650299e+02,
    9.84192627e+02, 4.37113617e+02, 1.00795764e+03, 4.65939789e+02,
    8.55090942e+02, 3.41531799e+02, 8.81966187e+02, 3.73316772e+02,
    9.08205078e+02, 4.04339447e+02, 9.33691711e+02, 4.34417053e+02,
    9.58596680e+02, 4.63801544e+02, 9.83047119e+02, 4.92624084e+02,
    8.26710815e+02, 3.68571716e+02, 8.54292725e+02, 4.00298431e+02,
    8.81166382e+02, 4.31295288e+02, 9.07262878e+02, 4.61434540e+02,
    9.32773499e+02, 4.90817688e+02, 9.57588257e+02, 5.19615356e+02 ]
