%YAML:1.0
---
points: [ 4.17910370e+02, 9.20344391e+01, 4.26332214e+02, 1.00321793e+02,
    4.34791168e+02, 1.08832680e+02, 4.43856964e+02, 1.17786072e+02,
    4.52875610e+02, 1.26997711e+02, 4.62659637e+02, 1.36681686e+02,
    4.06373505e+02, 9.80516510e+01, 4.14457733e+02, 1.06332970e+02,
    4.22976196e+02, 1.15066673e+02, 4.31632385e+02, 1.23969040e+02,
    4.40753937e+02, 1.33435150e+02, 4.49996185e+02, 1.43149002e+02,
    3.94539581e+02, 1.04023033e+02, 4.02535919e+02, 1.12483871e+02,
    4.10714966e+02, 1.21236397e+02, 4.19332642e+02, 1.30401306e+02,
    4.28162048e+02, 1.39886902e+02, 4.37368408e+02, 1.49788620e+02,
    3.82720551e+02, 1.10135170e+02, 3.90444611e+02, 1.18666222e+02,
    3.98536469e+02, 1.27635437e+02, 4.06835327e+02, 1.36848618e+02,
    4.15537933e+02, 1.46461075e+02, 4.24432678e+02, 1.56369690e+02,
    3.70779541e+02, 1.16205338e+02, 3.78276611e+02, 1.24972198e+02,
    3.86154419e+02, 1.33925720e+02, 3.94194519e+02, 1.43327728e+02,
    4.02607239e+02, 1.53022308e+02, 4.11520630e+02, 1.63157516e+02,
    3.58829407e+02, 1.22467331e+02, 3.66122162e+02, 1.31213058e+02,
    3.73726837e+02, 1.40351196e+02, 3.81633301e+02, 1.49833359e+02,
    3.89797913e+02, 1.59700226e+02, 3.98279694e+02, 1.69941544e+02,
    3.46917725e+02, 1.28672012e+02, 3.53939789e+02, 1.37575195e+02,
    3.61318237e+02, 1.46799408e+02, 3.68925507e+02, 1.56371887e+02,
    3.76950134e+02, 1.66335037e+02, 3.85227692e+02, 1.76694672e+02,
    3.34864471e+02, 1.34882828e+02, 3.41755157e+02, 1.43888336e+02,
    3.48863647e+02, 1.53218552e+02, 3.56226868e+02, 1.62960571e+02,
    3.63913422e+02, 1.73033478e+02, 3.71982147e+02, 1.83505966e+02 ]
