%YAML:1.0
---
points: [ 2.96996735e+02, 9.63310547e+01, 3.04794983e+02, 1.07055199e+02,
    3.12364380e+02, 1.17493950e+02, 3.19760864e+02, 1.27712448e+02,
    3.26997284e+02, 1.37678711e+02, 3.34131866e+02, 1.47470596e+02,
    2.88698547e+02, 1.04472473e+02, 2.96601410e+02, 1.15256599e+02,
    3.04341858e+02, 1.25739487e+02, 3.11911743e+02, 1.35924362e+02,
    3.19313599e+02, 1.45950165e+02, 3.26578003e+02, 1.55698944e+02,
    2.80224915e+02, 1.12840729e+02, 2.88302979e+02, 1.23612061e+02,
    2.96197937e+02, 1.34081192e+02, 3.03932404e+02, 1.44316574e+02,
    3.11469757e+02, 1.54335922e+02, 3.18882294e+02, 1.64056885e+02,
    2.71578949e+02, 1.21336861e+02, 2.79807648e+02, 1.32134872e+02,
    2.87924316e+02, 1.42677902e+02, 2.95778076e+02, 1.52860764e+02,
    3.03515961e+02, 1.62850571e+02, 3.11126190e+02, 1.72637192e+02,
    2.62725586e+02, 1.30101608e+02, 2.71199707e+02, 1.40820221e+02,
    2.79377655e+02, 1.51296585e+02, 2.87521637e+02, 1.61575104e+02,
    2.95406036e+02, 1.71554184e+02, 3.03156555e+02, 1.81306702e+02,
    2.53743393e+02, 1.38944000e+02, 2.62338837e+02, 1.49675171e+02,
    2.70840729e+02, 1.60156052e+02, 2.79034363e+02, 1.70420441e+02,
    2.87126923e+02, 1.80439331e+02, 2.94968231e+02, 1.90177216e+02,
    2.44411545e+02, 1.47970978e+02, 2.53317245e+02, 1.58755051e+02,
    2.61960999e+02, 1.69260681e+02, 2.70377625e+02, 1.79473770e+02,
    2.78603394e+02, 1.89477280e+02, 2.86690369e+02, 1.99212204e+02,
    2.35101868e+02, 1.57175262e+02, 2.44138275e+02, 1.67956635e+02,
    2.53006454e+02, 1.78429108e+02, 2.61652344e+02, 1.88661880e+02,
    2.70069611e+02, 1.98620941e+02, 2.78264374e+02, 2.08364960e+02 ]
