%YAML:1.0
---
points: [ 2.17168655e+02, 1.07972183e+02, 2.30033905e+02, 1.16644814e+02,
    2.43204437e+02, 1.25561966e+02, 2.56490204e+02, 1.34553497e+02,
    2.70266968e+02, 1.43811401e+02, 2.84159058e+02, 1.53123245e+02,
    2.13269012e+02, 1.22359528e+02, 2.25779465e+02, 1.30881805e+02,
    2.38410904e+02, 1.39666000e+02, 2.51301849e+02, 1.48558990e+02,
    2.64505096e+02, 1.57608170e+02, 2.78004303e+02, 1.66841003e+02,
    2.09680542e+02, 1.35743469e+02, 2.21679489e+02, 1.44207428e+02,
    2.34023468e+02, 1.52865631e+02, 2.46426651e+02, 1.61606186e+02,
    2.59199738e+02, 1.70496780e+02, 2.72149048e+02, 1.79555801e+02,
    2.06179382e+02, 1.48546570e+02, 2.17961456e+02, 1.56801697e+02,
    2.29745697e+02, 1.65193390e+02, 2.41899551e+02, 1.73848450e+02,
    2.54184235e+02, 1.82661911e+02, 2.66740082e+02, 1.91586227e+02,
    2.03045456e+02, 1.60444321e+02, 2.14306015e+02, 1.68577850e+02,
    2.25857224e+02, 1.76975113e+02, 2.37535522e+02, 1.85451202e+02,
    2.49523865e+02, 1.94083435e+02, 2.61619720e+02, 2.02832657e+02,
    1.99890457e+02, 1.71845505e+02, 2.10914749e+02, 1.79854660e+02,
    2.22059296e+02, 1.88060364e+02, 2.33445831e+02, 1.96342957e+02,
    2.44983002e+02, 2.04831299e+02, 2.56874908e+02, 2.13526550e+02,
    1.97021759e+02, 1.82495621e+02, 2.07715012e+02, 1.90516174e+02,
    2.18604523e+02, 1.98598846e+02, 2.29529083e+02, 2.06746841e+02,
    2.40810898e+02, 2.15146301e+02, 2.52202728e+02, 2.23586319e+02,
    1.94188828e+02, 1.92748291e+02, 2.04585266e+02, 2.00455902e+02,
    2.15127029e+02, 2.08387344e+02, 2.25896866e+02, 2.16578644e+02,
    2.36741272e+02, 2.24746536e+02, 2.47900345e+02, 2.33180283e+02 ]
