%YAML:1.0
---
points: [ 7.63007324e+02, 2.23295761e+02, 8.00295898e+02, 2.48836456e+02,
    8.38456055e+02, 2.75326172e+02, 8.77079163e+02, 3.02056000e+02,
    9.16636841e+02, 3.29294708e+02, 9.56864136e+02, 3.56909454e+02,
    7.53615479e+02, 2.65466644e+02, 7.89949463e+02, 2.91014099e+02,
    8.26581360e+02, 3.16681885e+02, 8.64084229e+02, 3.43194733e+02,
    9.02253418e+02, 3.69830933e+02, 9.41142029e+02, 3.97143463e+02,
    7.44739502e+02, 3.05179016e+02, 7.79988281e+02, 3.30132629e+02,
    8.15669983e+02, 3.55683258e+02, 8.51650513e+02, 3.81510498e+02,
    8.88685669e+02, 4.07758484e+02, 9.26154480e+02, 4.34547211e+02,
    7.36711548e+02, 3.42731964e+02, 7.70604675e+02, 3.67159790e+02,
    8.05176575e+02, 3.92304138e+02, 8.40232971e+02, 4.17612976e+02,
    8.76029297e+02, 4.43486389e+02, 9.12324829e+02, 4.69966034e+02,
    7.28819580e+02, 3.77886536e+02, 7.61809082e+02, 4.02170959e+02,
    7.95584106e+02, 4.27008759e+02, 8.29518127e+02, 4.51783813e+02,
    8.64090759e+02, 4.77338928e+02, 8.99264526e+02, 5.03162109e+02,
    7.21481079e+02, 4.11438568e+02, 7.53616089e+02, 4.35357422e+02,
    7.86107117e+02, 4.59463654e+02, 8.19086731e+02, 4.83884521e+02,
    8.52620972e+02, 5.08990967e+02, 8.86797180e+02, 5.34495361e+02,
    7.14532166e+02, 4.43207275e+02, 7.45697021e+02, 4.66490509e+02,
    7.77260559e+02, 4.90460541e+02, 8.09354370e+02, 5.14659607e+02,
    8.41971252e+02, 5.39458008e+02, 8.75077698e+02, 5.64443665e+02,
    7.07846008e+02, 4.73200623e+02, 7.38247131e+02, 4.96437866e+02,
    7.68890015e+02, 5.19682983e+02, 8.00190002e+02, 5.43658936e+02,
    8.31567322e+02, 5.67730835e+02, 8.63942932e+02, 5.92569031e+02 ]
