%YAML:1.0
---
points: [ 3.96911194e+02, 7.74483643e+01, 4.05254242e+02, 8.50998077e+01,
    4.13868713e+02, 9.27856140e+01, 4.22840973e+02, 1.00974213e+02,
    4.31869110e+02, 1.09226501e+02, 4.41455383e+02, 1.17893417e+02,
    3.87032349e+02, 8.15990677e+01, 3.95362885e+02, 8.92005997e+01,
    4.03938477e+02, 9.71423035e+01, 4.12721375e+02, 1.05280113e+02,
    4.21898682e+02, 1.13857620e+02, 4.31152710e+02, 1.22606430e+02,
    3.76850189e+02, 8.57011414e+01, 3.85103699e+02, 9.35082474e+01,
    3.93558380e+02, 1.01600021e+02, 4.02382446e+02, 1.09992020e+02,
    4.11431610e+02, 1.18569672e+02, 4.20806396e+02, 1.27477051e+02,
    3.66512848e+02, 9.00505066e+01, 3.74715179e+02, 9.79702911e+01,
    3.83121155e+02, 1.06197975e+02, 3.91788818e+02, 1.14706474e+02,
    4.00692291e+02, 1.23479965e+02, 4.10015808e+02, 1.32532867e+02,
    3.55932465e+02, 9.44445114e+01, 3.64027283e+02, 1.02591827e+02,
    3.72333832e+02, 1.10945282e+02, 3.80864044e+02, 1.19608673e+02,
    3.89730774e+02, 1.28485458e+02, 3.99055084e+02, 1.37702911e+02,
    3.45288086e+02, 9.90028687e+01, 3.53135071e+02, 1.07255646e+02,
    3.61369141e+02, 1.15754951e+02, 3.69762024e+02, 1.24556221e+02,
    3.78592865e+02, 1.33713745e+02, 3.87517151e+02, 1.43043228e+02,
    3.34331482e+02, 1.03639648e+02, 3.42052216e+02, 1.12065475e+02,
    3.50164612e+02, 1.20700890e+02, 3.58452240e+02, 1.29703918e+02,
    3.67157593e+02, 1.38970490e+02, 3.76036377e+02, 1.48543289e+02,
    3.23088837e+02, 1.08486046e+02, 3.30818512e+02, 1.16949409e+02,
    3.38723846e+02, 1.25798470e+02, 3.46902710e+02, 1.34917618e+02,
    3.55391937e+02, 1.44416946e+02, 3.64236053e+02, 1.54146561e+02 ]
