%YAML:1.0
---
points: [ 3.14460938e+02, 5.72294983e+02, 3.44031586e+02, 5.55996948e+02,
    3.73320953e+02, 5.40617981e+02, 4.03105225e+02, 5.24525024e+02,
    4.32864502e+02, 5.08927063e+02, 4.62674164e+02, 4.92776031e+02,
    3.26540802e+02, 6.02054260e+02, 3.56245697e+02, 5.86373413e+02,
    3.86057190e+02, 5.70291809e+02, 4.15673859e+02, 5.54513306e+02,
    4.45890350e+02, 5.38495422e+02, 4.75851624e+02, 5.22716675e+02,
    3.38578857e+02, 6.32579590e+02, 3.68474548e+02, 6.16546387e+02,
    3.98692963e+02, 6.00675476e+02, 4.28552521e+02, 5.84587952e+02,
    4.59006348e+02, 5.68859497e+02, 4.89287567e+02, 5.52534729e+02,
    3.51221191e+02, 6.63145447e+02, 3.81294556e+02, 6.47374023e+02,
    4.11434937e+02, 6.31079834e+02, 4.41673523e+02, 6.15146667e+02,
    4.72136047e+02, 5.98986450e+02, 5.02513611e+02, 5.83076904e+02,
    3.63583099e+02, 6.94362061e+02, 3.93908356e+02, 6.78124451e+02,
    4.24401672e+02, 6.62188293e+02, 4.54729736e+02, 6.45900879e+02,
    4.85379669e+02, 6.29726562e+02, 5.16200623e+02, 6.13452820e+02,
    3.76331024e+02, 7.25463135e+02, 4.06669373e+02, 7.09551819e+02,
    4.37561310e+02, 6.92948730e+02, 4.68025879e+02, 6.77132263e+02,
    4.98782227e+02, 6.60626587e+02, 5.29649658e+02, 6.44513489e+02,
    3.89239502e+02, 7.57482910e+02, 4.19750305e+02, 7.41248169e+02,
    4.50651215e+02, 7.24909302e+02, 4.81481812e+02, 7.08508484e+02,
    5.12448425e+02, 6.92329468e+02, 5.43434387e+02, 6.75765564e+02,
    4.02239105e+02, 7.89246216e+02, 4.32818817e+02, 7.72873535e+02,
    4.63831543e+02, 7.56495361e+02, 4.94700897e+02, 7.40299744e+02,
    5.26154114e+02, 7.23645874e+02, 5.57138611e+02, 7.07468323e+02 ]
