%YAML:1.0
---
points: [ 4.78795319e+02, 1.04946098e+02, 4.78837036e+02, 1.19954613e+02,
    4.78884521e+02, 1.34170227e+02, 4.78804962e+02, 1.48388214e+02,
    4.78723663e+02, 1.61994492e+02, 4.78670197e+02, 1.75446213e+02,
    4.63950623e+02, 1.07612534e+02, 4.64174957e+02, 1.22213120e+02,
    4.64306213e+02, 1.36845596e+02, 4.64398163e+02, 1.50799637e+02,
    4.64452728e+02, 1.64461487e+02, 4.64442047e+02, 1.77752213e+02,
    4.48837036e+02, 1.10215614e+02, 4.49124542e+02, 1.25135521e+02,
    4.49451080e+02, 1.39368088e+02, 4.49701416e+02, 1.53434402e+02,
    4.49872681e+02, 1.66943649e+02, 4.50048248e+02, 1.80308105e+02,
    4.33518311e+02, 1.13145836e+02, 4.34107513e+02, 1.27791252e+02,
    4.34646790e+02, 1.42175400e+02, 4.34923706e+02, 1.55986679e+02,
    4.35363159e+02, 1.69586914e+02, 4.35658936e+02, 1.82600388e+02,
    4.18272919e+02, 1.15985970e+02, 4.19008331e+02, 1.30596024e+02,
    4.19635223e+02, 1.44809509e+02, 4.20196838e+02, 1.58727936e+02,
    4.20785522e+02, 1.71990601e+02, 4.21355927e+02, 1.85152527e+02,
    4.03139008e+02, 1.18874809e+02, 4.03903625e+02, 1.33438416e+02,
    4.04753143e+02, 1.47578262e+02, 4.05533691e+02, 1.61177048e+02,
    4.06327271e+02, 1.74619186e+02, 4.06990112e+02, 1.87468048e+02,
    3.87850525e+02, 1.21829369e+02, 3.88988159e+02, 1.36281693e+02,
    3.90011780e+02, 1.50274017e+02, 3.90907745e+02, 1.63862473e+02,
    3.91843170e+02, 1.77051163e+02, 3.92823425e+02, 1.89875534e+02,
    3.72792480e+02, 1.24768295e+02, 3.73998901e+02, 1.39150436e+02,
    3.75262756e+02, 1.53060120e+02, 3.76381317e+02, 1.66411087e+02,
    3.77495331e+02, 1.79534271e+02, 3.78682312e+02, 1.92265686e+02 ]
