%YAML:1.0
---
points: [ 3.60093292e+02, 6.27386902e+02, 3.72384735e+02, 6.06239746e+02,
    3.84607666e+02, 5.84647339e+02, 3.97405975e+02, 5.62739746e+02,
    4.10370422e+02, 5.40110962e+02, 4.23594910e+02, 5.17068909e+02,
    3.78241821e+02, 6.49533508e+02, 3.90584564e+02, 6.28453247e+02,
    4.03394012e+02, 6.06919067e+02, 4.16319366e+02, 5.84894775e+02,
    4.29689484e+02, 5.62714233e+02, 4.43238159e+02, 5.39536682e+02,
    3.96294342e+02, 6.71583801e+02, 4.09043823e+02, 6.50655762e+02,
    4.22139832e+02, 6.29239807e+02, 4.35347137e+02, 6.07620728e+02,
    4.49040741e+02, 5.85219543e+02, 4.63093262e+02, 5.62503479e+02,
    4.14768890e+02, 6.93969299e+02, 4.27745483e+02, 6.73341980e+02,
    4.41171326e+02, 6.52012024e+02, 4.54703094e+02, 6.30160278e+02,
    4.68845337e+02, 6.08130493e+02, 4.83005341e+02, 5.85431335e+02,
    4.33445312e+02, 7.16692932e+02, 4.46791321e+02, 6.96158386e+02,
    4.60503998e+02, 6.74767700e+02, 4.74499268e+02, 6.53295410e+02,
    4.88720428e+02, 6.31283203e+02, 5.03421173e+02, 6.08715271e+02,
    4.52258301e+02, 7.39663757e+02, 4.65994537e+02, 7.19064270e+02,
    4.80093384e+02, 6.98190918e+02, 4.94369843e+02, 6.76588196e+02,
    5.08946045e+02, 6.54598389e+02, 5.23869507e+02, 6.32024658e+02,
    4.71531281e+02, 7.62739319e+02, 4.85473663e+02, 7.42507629e+02,
    4.99735901e+02, 7.21639893e+02, 5.14491028e+02, 7.00321777e+02,
    5.29473328e+02, 6.78408447e+02, 5.44714539e+02, 6.56242737e+02,
    4.90846344e+02, 7.86429260e+02, 5.05149872e+02, 7.66132690e+02,
    5.19738586e+02, 7.45289978e+02, 5.34701599e+02, 7.24158691e+02,
    5.49976318e+02, 7.02465576e+02, 5.65707642e+02, 6.80220337e+02 ]
