%YAML:1.0
---
points: [ 4.69798004e+02, 1.62570541e+02, 4.77007507e+02, 1.76396072e+02,
    4.83972534e+02, 1.90155167e+02, 4.91048920e+02, 2.04120712e+02,
    4.97869873e+02, 2.17851456e+02, 5.05649963e+02, 2.32124756e+02,
    4.54722137e+02, 1.69765564e+02, 4.61725220e+02, 1.83075226e+02,
    4.68707611e+02, 1.96608490e+02, 4.75627228e+02, 2.10169067e+02,
    4.82473816e+02, 2.23860046e+02, 4.89101227e+02, 2.37377243e+02,
    4.39892609e+02, 1.76355026e+02, 4.46804199e+02, 1.89579590e+02,
    4.53537262e+02, 2.02736786e+02, 4.60476166e+02, 2.16094818e+02,
    4.67159790e+02, 2.29420120e+02, 4.73929504e+02, 2.42932983e+02,
    4.25568817e+02, 1.82848282e+02, 4.32311096e+02, 1.95746292e+02,
    4.39015442e+02, 2.08650162e+02, 4.45665497e+02, 2.21760651e+02,
    4.52470612e+02, 2.34968231e+02, 4.58940918e+02, 2.47991989e+02,
    4.11707886e+02, 1.89113846e+02, 4.18321320e+02, 2.01675522e+02,
    4.24904968e+02, 2.14387085e+02, 4.31458710e+02, 2.27286758e+02,
    4.37994965e+02, 2.39995270e+02, 4.44679352e+02, 2.53063141e+02,
    3.98432587e+02, 1.95050491e+02, 4.04777130e+02, 2.07387375e+02,
    4.11209534e+02, 2.19905838e+02, 4.17705017e+02, 2.32355698e+02,
    4.24186432e+02, 2.45096222e+02, 4.30606995e+02, 2.57589905e+02,
    3.85627960e+02, 2.00713943e+02, 3.91862366e+02, 2.12820847e+02,
    3.98138916e+02, 2.25090195e+02, 4.04505005e+02, 2.37357239e+02,
    4.10803772e+02, 2.49674103e+02, 4.17180389e+02, 2.62188385e+02,
    3.73268616e+02, 2.06252884e+02, 3.79397705e+02, 2.18177048e+02,
    3.85477844e+02, 2.30052277e+02, 3.91708740e+02, 2.42156677e+02,
    3.97896759e+02, 2.54261414e+02, 4.04107697e+02, 2.66412170e+02 ]
