%YAML:1.0
---
points: [ 5.02387695e+02, 4.27532806e+02, 5.26378479e+02, 4.28532440e+02,
    5.49715698e+02, 4.29386841e+02, 5.73446838e+02, 4.30257080e+02,
    5.96607605e+02, 4.31187531e+02, 6.20047119e+02, 4.32135132e+02,
    5.02195343e+02, 4.50425842e+02, 5.25850647e+02, 4.51243591e+02,
    5.49448364e+02, 4.52143433e+02, 5.72879761e+02, 4.53083282e+02,
    5.96401245e+02, 4.53884064e+02, 6.19554688e+02, 4.54755341e+02,
    5.01829895e+02, 4.73053528e+02, 5.25537903e+02, 4.73937714e+02,
    5.49218384e+02, 4.74821716e+02, 5.72514099e+02, 4.75570404e+02,
    5.95890198e+02, 4.76417175e+02, 6.19151123e+02, 4.77284363e+02,
    5.01562256e+02, 4.95792297e+02, 5.25205933e+02, 4.96707672e+02,
    5.48763062e+02, 4.97444000e+02, 5.72180786e+02, 4.98237549e+02,
    5.95613892e+02, 4.98821716e+02, 6.18609253e+02, 4.99679016e+02,
    5.01230194e+02, 5.18614868e+02, 5.24609070e+02, 5.19326904e+02,
    5.48350952e+02, 5.20046082e+02, 5.71632385e+02, 5.20623291e+02,
    5.95168579e+02, 5.21438110e+02, 6.18122375e+02, 5.22194763e+02,
    5.00716125e+02, 5.41178345e+02, 5.24285461e+02, 5.41800232e+02,
    5.47937622e+02, 5.42493958e+02, 5.71226868e+02, 5.43205994e+02,
    5.94646606e+02, 5.43746704e+02, 6.17706848e+02, 5.44496155e+02,
    5.00429504e+02, 5.63934143e+02, 5.23905457e+02, 5.64464661e+02,
    5.47492737e+02, 5.65198853e+02, 5.70817200e+02, 5.65664978e+02,
    5.94145935e+02, 5.66303955e+02, 6.17240540e+02, 5.66795044e+02,
    5.00076050e+02, 5.86444946e+02, 5.23447144e+02, 5.86884460e+02,
    5.47060364e+02, 5.87448303e+02, 5.70309814e+02, 5.87964783e+02,
    5.93549438e+02, 5.88496765e+02, 6.16622192e+02, 5.89201416e+02 ]
