%YAML:1.0
---
points: [ 3.48534637e+02, 8.85387230e+00, 3.61953217e+02, 1.56948462e+01,
    3.74829712e+02, 2.18448429e+01, 3.88288544e+02, 2.87269897e+01,
    4.01202911e+02, 3.51637840e+01, 4.14686615e+02, 4.20447197e+01,
    3.41567688e+02, 2.32534485e+01, 3.54337341e+02, 2.95479946e+01,
    3.67554230e+02, 3.61761971e+01, 3.80423981e+02, 4.26203232e+01,
    3.93641144e+02, 4.92945786e+01, 4.06506531e+02, 5.59211884e+01,
    3.34326355e+02, 3.72463799e+01, 3.47276428e+02, 4.37846413e+01,
    3.59909821e+02, 5.00901833e+01, 3.72906494e+02, 5.66994286e+01,
    3.85751251e+02, 6.31135521e+01, 3.98832275e+02, 6.96973495e+01,
    3.27439178e+02, 5.13097305e+01, 3.39829041e+02, 5.74430923e+01,
    3.52709167e+02, 6.38641243e+01, 3.65452332e+02, 7.03414764e+01,
    3.78155243e+02, 7.67186050e+01, 3.90837769e+02, 8.33025894e+01,
    3.20515686e+02, 6.49578018e+01, 3.33120911e+02, 7.11600800e+01,
    3.45272400e+02, 7.76212006e+01, 3.57999146e+02, 8.38384094e+01,
    3.70542480e+02, 9.03170700e+01, 3.83199219e+02, 9.66714630e+01,
    3.13770142e+02, 7.83397293e+01, 3.25993622e+02, 8.49735794e+01,
    3.37154785e+02, 9.13923950e+01, 3.50521515e+02, 9.70695114e+01,
    3.63036255e+02, 1.03377899e+02, 3.75443604e+02, 1.09831360e+02,
    3.07279968e+02, 9.15327682e+01, 3.19374390e+02, 9.78573380e+01,
    3.31387115e+02, 1.03879814e+02, 3.43382660e+02, 1.10166016e+02,
    3.55623383e+02, 1.16376167e+02, 3.67931946e+02, 1.22675056e+02,
    3.00721527e+02, 1.04317818e+02, 3.12754669e+02, 1.10441742e+02,
    3.24638428e+02, 1.16193741e+02, 3.36527283e+02, 1.22732246e+02,
    3.48545044e+02, 1.28815338e+02, 3.60624725e+02, 1.35128616e+02 ]
