%YAML:1.0
---
points: [ 5.42315491e+02, 4.36561462e+02, 5.57554688e+02, 4.36219482e+02,
    5.70658813e+02, 4.36015472e+02, 5.84284790e+02, 4.35882294e+02,
    5.97726807e+02, 4.35623932e+02, 6.12071655e+02, 4.35429993e+02,
    5.43281677e+02, 4.56751282e+02, 5.50896179e+02, 4.57299469e+02,
    5.69512268e+02, 4.57041718e+02, 5.82806885e+02, 4.57123535e+02,
    5.96628357e+02, 4.57256134e+02, 6.10819702e+02, 4.57290375e+02,
    5.48917969e+02, 4.77434082e+02, 5.55135559e+02, 4.77688660e+02,
    5.68319824e+02, 4.78128937e+02, 5.81567078e+02, 4.78420074e+02,
    5.95462952e+02, 4.78677551e+02, 6.09521301e+02, 4.79109863e+02,
    5.40825439e+02, 4.98207428e+02, 5.60233215e+02, 4.98624268e+02,
    5.66986145e+02, 4.99148102e+02, 5.80626892e+02, 4.99629730e+02,
    5.94340515e+02, 5.00338928e+02, 6.08285217e+02, 5.00684265e+02,
    5.37493286e+02, 5.18742004e+02, 5.52631226e+02, 5.19420654e+02,
    5.65761353e+02, 5.20249695e+02, 5.79454163e+02, 5.20992126e+02,
    5.93037048e+02, 5.21674988e+02, 6.07161133e+02, 5.22556458e+02,
    5.38511780e+02, 5.39334167e+02, 5.44470520e+02, 5.40085999e+02,
    5.64598022e+02, 5.41135193e+02, 5.78176392e+02, 5.42297302e+02,
    5.91669434e+02, 5.43316895e+02, 6.06028259e+02, 5.44350891e+02,
    5.35406433e+02, 5.59923279e+02, 5.50307190e+02, 5.61084656e+02,
    5.63674988e+02, 5.62354614e+02, 5.76787598e+02, 5.63552979e+02,
    5.90677490e+02, 5.64819397e+02, 6.04587036e+02, 5.66139465e+02,
    5.36460022e+02, 5.80626221e+02, 5.43203369e+02, 5.81562256e+02,
    5.62354370e+02, 5.83335693e+02, 5.75528442e+02, 5.84749939e+02,
    5.89383545e+02, 5.86371521e+02, 6.03364868e+02, 5.87632019e+02 ]
