%YAML:1.0
---
points: [ 3.29624939e+02, 2.30964462e+02, 3.39726013e+02, 2.22006348e+02,
    3.49658295e+02, 2.13040436e+02, 3.59650757e+02, 2.04134048e+02,
    3.69502686e+02, 1.95342651e+02, 3.79354187e+02, 1.86405930e+02,
    3.39328430e+02, 2.39147629e+02, 3.49489990e+02, 2.29970627e+02,
    3.59673309e+02, 2.20790039e+02, 3.69787292e+02, 2.11665756e+02,
    3.79925751e+02, 2.02586395e+02, 3.90002136e+02, 1.93588684e+02,
    3.49269470e+02, 2.47783096e+02, 3.59757080e+02, 2.38293503e+02,
    3.70092407e+02, 2.28911209e+02, 3.80506470e+02, 2.19515350e+02,
    3.90868439e+02, 2.10257782e+02, 4.00981354e+02, 2.00936066e+02,
    3.59850708e+02, 2.56837250e+02, 3.70565582e+02, 2.47131500e+02,
    3.81138062e+02, 2.37382629e+02, 3.91777130e+02, 2.27781448e+02,
    4.02195831e+02, 2.18235336e+02, 4.12727295e+02, 2.08610062e+02,
    3.70967499e+02, 2.66385803e+02, 3.81900635e+02, 2.56355103e+02,
    3.92753265e+02, 2.46451141e+02, 4.03547760e+02, 2.36475159e+02,
    4.14225403e+02, 2.26604645e+02, 4.24732513e+02, 2.16862503e+02,
    3.82700165e+02, 2.76331177e+02, 3.93848389e+02, 2.66091614e+02,
    4.04861420e+02, 2.55771881e+02, 4.15920258e+02, 2.45665985e+02,
    4.26734131e+02, 2.35444077e+02, 4.37551788e+02, 2.25438675e+02,
    3.94981781e+02, 2.87137573e+02, 4.06359467e+02, 2.76395844e+02,
    4.17686249e+02, 2.65807312e+02, 4.28794159e+02, 2.55246689e+02,
    4.39969177e+02, 2.44916534e+02, 4.50708374e+02, 2.34496979e+02,
    4.07815674e+02, 2.98100555e+02, 4.19441956e+02, 2.87168243e+02,
    4.30864929e+02, 2.76194794e+02, 4.42280975e+02, 2.65377838e+02,
    4.53289337e+02, 2.54563980e+02, 4.64390778e+02, 2.43913574e+02 ]
