%YAML:1.0
---
points: [ 5.73457275e+02, 5.12609802e+02, 5.73818909e+02, 5.35446716e+02,
    5.74289673e+02, 5.58046204e+02, 5.74474976e+02, 5.80769531e+02,
    5.74924377e+02, 6.03454163e+02, 5.75264099e+02, 6.26182983e+02,
    5.48849854e+02, 5.12784851e+02, 5.49311340e+02, 5.35664062e+02,
    5.49635193e+02, 5.58724121e+02, 5.50189575e+02, 5.81466248e+02,
    5.50330383e+02, 6.04428101e+02, 5.50750854e+02, 6.27323975e+02,
    5.23727234e+02, 5.12895264e+02, 5.24053650e+02, 5.36142212e+02,
    5.24546387e+02, 5.59280396e+02, 5.24988831e+02, 5.82379578e+02,
    5.25412354e+02, 6.05399048e+02, 5.25749390e+02, 6.28498840e+02,
    4.98324158e+02, 5.13213379e+02, 4.98719818e+02, 5.36425171e+02,
    4.99213287e+02, 5.59825500e+02, 4.99729309e+02, 5.82881714e+02,
    5.00154572e+02, 6.06464111e+02, 5.00558990e+02, 6.29577698e+02,
    4.72413483e+02, 5.13289551e+02, 4.73065521e+02, 5.36951904e+02,
    4.73521942e+02, 5.60357544e+02, 4.73814636e+02, 5.83873901e+02,
    4.74467316e+02, 6.07313660e+02, 4.74867218e+02, 6.30565613e+02,
    4.46309357e+02, 5.13494080e+02, 4.46794800e+02, 5.37249329e+02,
    4.47292664e+02, 5.60958130e+02, 4.47897278e+02, 5.84526611e+02,
    4.48250732e+02, 6.08353333e+02, 4.48634186e+02, 6.31769104e+02,
    4.19592163e+02, 5.13669678e+02, 4.20255676e+02, 5.37669373e+02,
    4.20816223e+02, 5.61423645e+02, 4.21345856e+02, 5.85461182e+02,
    4.21790436e+02, 6.09221802e+02, 4.22402893e+02, 6.33140015e+02,
    3.92574127e+02, 5.13849792e+02, 3.93198425e+02, 5.37994751e+02,
    3.93715424e+02, 5.62185669e+02, 3.94376678e+02, 5.86227234e+02,
    3.94852112e+02, 6.10292175e+02, 3.94245361e+02, 6.35685974e+02 ]
