%YAML:1.0
---
points: [ 4.14324829e+02, 5.42744019e+02, 4.14625885e+02, 5.18812317e+02,
    4.15053284e+02, 4.94921509e+02, 4.15397064e+02, 4.71112885e+02,
    4.15675507e+02, 4.47166962e+02, 4.16162048e+02, 4.23357086e+02,
    4.40844788e+02, 5.43097168e+02, 4.41315582e+02, 5.19378723e+02,
    4.41657379e+02, 4.95706116e+02, 4.42058960e+02, 4.71890228e+02,
    4.42405151e+02, 4.48407745e+02, 4.42679535e+02, 4.24507111e+02,
    4.67028015e+02, 5.43455444e+02, 4.67320862e+02, 5.19927368e+02,
    4.67737183e+02, 4.96438019e+02, 4.68236267e+02, 4.72886505e+02,
    4.68475616e+02, 4.49477844e+02, 4.68707123e+02, 4.25684479e+02,
    4.92736359e+02, 5.43872925e+02, 4.93266388e+02, 5.20355042e+02,
    4.93495850e+02, 4.97148773e+02, 4.93862061e+02, 4.73695435e+02,
    4.94248932e+02, 4.50423126e+02, 4.94494812e+02, 4.27182159e+02,
    5.18256409e+02, 5.44110535e+02, 5.18528381e+02, 5.20964722e+02,
    5.18914551e+02, 4.97643005e+02, 5.19298462e+02, 4.74693024e+02,
    5.19518250e+02, 4.51411194e+02, 5.19901489e+02, 4.28428345e+02,
    5.43213562e+02, 5.44373413e+02, 5.43629578e+02, 5.21462585e+02,
    5.44018799e+02, 4.98442291e+02, 5.44307068e+02, 4.75526031e+02,
    5.44508118e+02, 4.52533600e+02, 5.44791138e+02, 4.29508148e+02,
    5.67884583e+02, 5.44605164e+02, 5.68353821e+02, 5.22055542e+02,
    5.68708984e+02, 4.99185272e+02, 5.69189392e+02, 4.76426544e+02,
    5.69419739e+02, 4.53631470e+02, 5.69621948e+02, 4.30658569e+02,
    5.92167114e+02, 5.45104065e+02, 5.92458374e+02, 5.22447937e+02,
    5.92711731e+02, 4.99760223e+02, 5.93097046e+02, 4.77299286e+02,
    5.93436401e+02, 4.54623016e+02, 5.93784241e+02, 4.32128448e+02 ]
