%YAML:1.0
---
points: [ 3.36160797e+02, 1.86411163e+02, 3.51227173e+02, 1.87219391e+02,
    3.66284332e+02, 1.87914398e+02, 3.81309875e+02, 1.88692825e+02,
    3.96221252e+02, 1.89510315e+02, 4.11206451e+02, 1.90208786e+02,
    3.33700287e+02, 2.00167389e+02, 3.48562073e+02, 2.00854996e+02,
    3.63268799e+02, 2.01606262e+02, 3.78001617e+02, 2.02382584e+02,
    3.92765228e+02, 2.03125259e+02, 4.07375854e+02, 2.03818558e+02,
    3.31435120e+02, 2.13341568e+02, 3.45850647e+02, 2.14061447e+02,
    3.60411987e+02, 2.14751160e+02, 3.74803009e+02, 2.15530212e+02,
    3.89330933e+02, 2.16223755e+02, 4.03729187e+02, 2.16975754e+02,
    3.29181641e+02, 2.26113205e+02, 3.43364929e+02, 2.26731064e+02,
    3.57612244e+02, 2.27413589e+02, 3.71830139e+02, 2.28171890e+02,
    3.86073639e+02, 2.28762177e+02, 4.00168030e+02, 2.29654480e+02,
    3.26936157e+02, 2.38240723e+02, 3.40805756e+02, 2.38890976e+02,
    3.54895660e+02, 2.39722183e+02, 3.68871033e+02, 2.40398315e+02,
    3.82893799e+02, 2.41029114e+02, 3.96776947e+02, 2.41659378e+02,
    3.24879761e+02, 2.50127319e+02, 3.38645691e+02, 2.50771790e+02,
    3.52367004e+02, 2.51429535e+02, 3.66106964e+02, 2.52185349e+02,
    3.79791992e+02, 2.52877823e+02, 3.93462708e+02, 2.53603104e+02,
    3.22861572e+02, 2.61572754e+02, 3.36386017e+02, 2.62228027e+02,
    3.49881012e+02, 2.62973724e+02, 3.63425232e+02, 2.63576050e+02,
    3.76876831e+02, 2.64219696e+02, 3.90260834e+02, 2.64695587e+02,
    3.20886292e+02, 2.72612885e+02, 3.34262451e+02, 2.73334625e+02,
    3.47556793e+02, 2.73999054e+02, 3.60857452e+02, 2.74634644e+02,
    3.74073395e+02, 2.75221924e+02, 3.87222778e+02, 2.75862762e+02 ]
