%YAML:1.0
---
points: [ 4.72966217e+02, 4.86158966e+02, 4.71290527e+02, 4.60235779e+02,
    4.69537140e+02, 4.33991852e+02, 4.67608887e+02, 4.07424072e+02,
    4.65621704e+02, 3.80533569e+02, 4.63938507e+02, 3.53080688e+02,
    4.90820129e+02, 4.90751404e+02, 4.89418396e+02, 4.64862396e+02,
    4.87576294e+02, 4.38222931e+02, 4.85839417e+02, 4.11459686e+02,
    4.84425903e+02, 3.84189819e+02, 4.82402832e+02, 3.56355225e+02,
    5.09099091e+02, 4.95657745e+02, 5.07623291e+02, 4.69293976e+02,
    5.06311981e+02, 4.42613922e+02, 5.04572510e+02, 4.15493408e+02,
    5.03060699e+02, 3.87748260e+02, 5.01547668e+02, 3.59991974e+02,
    5.27874084e+02, 5.00622986e+02, 5.26786194e+02, 4.74128723e+02,
    5.25315918e+02, 4.47056061e+02, 5.23735413e+02, 4.19527130e+02,
    5.22430725e+02, 3.91750183e+02, 5.20673645e+02, 3.63535004e+02,
    5.47333069e+02, 5.05688507e+02, 5.45958923e+02, 4.78825043e+02,
    5.44763428e+02, 4.51442017e+02, 5.43620178e+02, 4.23952515e+02,
    5.42217957e+02, 3.95810425e+02, 5.40706726e+02, 3.67194183e+02,
    5.66644958e+02, 5.10792633e+02, 5.65844849e+02, 4.83607391e+02,
    5.64689087e+02, 4.56279083e+02, 5.63755798e+02, 4.28404572e+02,
    5.62515320e+02, 3.99807617e+02, 5.61148865e+02, 3.70876404e+02,
    5.87206421e+02, 5.16235962e+02, 5.86184692e+02, 4.88751556e+02,
    5.85393127e+02, 4.60944580e+02, 5.84435852e+02, 4.32707672e+02,
    5.83285217e+02, 4.03824280e+02, 5.82429077e+02, 3.74960785e+02,
    6.07741089e+02, 5.21582214e+02, 6.07060303e+02, 4.93729340e+02,
    6.06198914e+02, 4.65714081e+02, 6.05363953e+02, 4.37420380e+02,
    6.04572937e+02, 4.08333099e+02, 6.03622864e+02, 3.78695251e+02 ]
