%YAML:1.0
---
points: [ 4.05688477e+02, 8.90373154e+01, 4.14790741e+02, 9.11142426e+01,
    4.23987030e+02, 9.33088760e+01, 4.33654175e+02, 9.55553131e+01,
    4.43495789e+02, 9.80428619e+01, 4.53755066e+02, 1.00416115e+02,
    4.03129120e+02, 9.91423111e+01, 4.12040771e+02, 1.01325340e+02,
    4.21245422e+02, 1.03644531e+02, 4.30708862e+02, 1.06078293e+02,
    4.40460205e+02, 1.08602562e+02, 4.50487518e+02, 1.11265297e+02,
    4.00663269e+02, 1.09011253e+02, 4.09369232e+02, 1.11335571e+02,
    4.18403076e+02, 1.13784500e+02, 4.27781342e+02, 1.16330872e+02,
    4.37365509e+02, 1.19045441e+02, 4.47292572e+02, 1.21778358e+02,
    3.98161530e+02, 1.18704727e+02, 4.06795410e+02, 1.21135086e+02,
    4.15723511e+02, 1.23684853e+02, 4.24849640e+02, 1.26409912e+02,
    4.34348114e+02, 1.29128036e+02, 4.44062408e+02, 1.32124527e+02,
    3.95723389e+02, 1.28120575e+02, 4.04178223e+02, 1.30643417e+02,
    4.12960419e+02, 1.33372726e+02, 4.21966888e+02, 1.36175690e+02,
    4.31322815e+02, 1.39128418e+02, 4.40905548e+02, 1.42081787e+02,
    3.93285736e+02, 1.37294861e+02, 4.01675659e+02, 1.40026123e+02,
    4.10306915e+02, 1.42842026e+02, 4.19197083e+02, 1.45746170e+02,
    4.28373047e+02, 1.48764801e+02, 4.37816620e+02, 1.51972305e+02,
    3.90964111e+02, 1.46303299e+02, 3.99190033e+02, 1.49135147e+02,
    4.07705933e+02, 1.52133545e+02, 4.16434998e+02, 1.55041641e+02,
    4.25499969e+02, 1.58252777e+02, 4.34748688e+02, 1.61518829e+02,
    3.88652161e+02, 1.55114853e+02, 3.96774780e+02, 1.58010925e+02,
    4.05081177e+02, 1.60948227e+02, 4.13772186e+02, 1.64156998e+02,
    4.22581879e+02, 1.67394775e+02, 4.31811249e+02, 1.70866119e+02 ]
