%YAML:1.0
---
points: [ 3.87528137e+02, 3.02816132e+02, 4.23035522e+02, 3.35842926e+02,
    4.57986572e+02, 3.68228271e+02, 4.92427399e+02, 4.00010712e+02,
    5.26115723e+02, 4.31070251e+02, 5.59240784e+02, 4.61532104e+02,
    3.54982880e+02, 3.33525391e+02, 3.90792145e+02, 3.66255157e+02,
    4.26132965e+02, 3.98445312e+02, 4.60840515e+02, 4.29841156e+02,
    4.94850433e+02, 4.60656494e+02, 5.28265991e+02, 4.90951019e+02,
    3.22125031e+02, 3.64634003e+02, 3.58271759e+02, 3.97167572e+02,
    3.93867157e+02, 4.28975555e+02, 4.28884613e+02, 4.60215759e+02,
    4.63320190e+02, 4.90710327e+02, 4.97015869e+02, 5.20736084e+02,
    2.89399750e+02, 3.95717957e+02, 3.25705383e+02, 4.27882568e+02,
    3.61807373e+02, 4.59467346e+02, 3.97156891e+02, 4.90447540e+02,
    4.31779694e+02, 5.20812927e+02, 4.65819763e+02, 5.50544556e+02,
    2.56560211e+02, 4.27014526e+02, 2.93396729e+02, 4.58721130e+02,
    3.29437378e+02, 4.90149994e+02, 3.65184875e+02, 5.20903320e+02,
    4.00127136e+02, 5.51057190e+02, 4.34464172e+02, 5.80495911e+02,
    2.24064117e+02, 4.58340393e+02, 2.60696716e+02, 4.89754761e+02,
    2.97215973e+02, 5.21151672e+02, 3.32962189e+02, 5.51510498e+02,
    3.68428436e+02, 5.81394714e+02, 4.02967773e+02, 6.10619690e+02,
    1.91222870e+02, 4.89717468e+02, 2.28446793e+02, 5.21108154e+02,
    2.64928528e+02, 5.52018738e+02, 3.01174622e+02, 5.82100098e+02,
    3.36572876e+02, 6.11697083e+02, 3.71678619e+02, 6.40793213e+02,
    1.58593597e+02, 5.21422729e+02, 1.95876450e+02, 5.52430237e+02,
    2.32816269e+02, 5.82989746e+02, 2.68972626e+02, 6.12854736e+02,
    3.04821594e+02, 6.42360413e+02, 3.39843384e+02, 6.71186829e+02 ]
