%YAML:1.0
---
points: [ 3.66054626e+02, 9.79005356e+01, 3.75172089e+02, 9.83893127e+01,
    3.84310516e+02, 9.88974380e+01, 3.93579346e+02, 9.94333954e+01,
    4.02819000e+02, 9.99994202e+01, 4.12116852e+02, 1.00550255e+02,
    3.65122192e+02, 1.06761345e+02, 3.74252289e+02, 1.07320702e+02,
    3.83508575e+02, 1.07754860e+02, 3.92727203e+02, 1.08338554e+02,
    4.01990967e+02, 1.08897789e+02, 4.11296570e+02, 1.09531624e+02,
    3.64220490e+02, 1.15615639e+02, 3.73346649e+02, 1.16120605e+02,
    3.82625122e+02, 1.16646530e+02, 3.91878204e+02, 1.17179794e+02,
    4.01156494e+02, 1.17770576e+02, 4.10432037e+02, 1.18342766e+02,
    3.63381348e+02, 1.24402702e+02, 3.72511078e+02, 1.24969955e+02,
    3.81700684e+02, 1.25488754e+02, 3.90991455e+02, 1.26179459e+02,
    4.00318787e+02, 1.26707108e+02, 4.09699982e+02, 1.27333389e+02,
    3.62379486e+02, 1.33301605e+02, 3.71502106e+02, 1.33854202e+02,
    3.80777496e+02, 1.34490997e+02, 3.90082977e+02, 1.35066437e+02,
    3.99433777e+02, 1.35676788e+02, 4.08777954e+02, 1.36262375e+02,
    3.61413971e+02, 1.42095734e+02, 3.70667786e+02, 1.42712357e+02,
    3.79889252e+02, 1.43331909e+02, 3.89161530e+02, 1.43998978e+02,
    3.98511017e+02, 1.44609100e+02, 4.07923798e+02, 1.45288528e+02,
    3.60541382e+02, 1.51036804e+02, 3.69718872e+02, 1.51600555e+02,
    3.79035645e+02, 1.52342224e+02, 3.88263794e+02, 1.52913925e+02,
    3.97631653e+02, 1.53633698e+02, 4.06994812e+02, 1.54273697e+02,
    3.59635040e+02, 1.59846161e+02, 3.68803101e+02, 1.60468018e+02,
    3.78104675e+02, 1.61212448e+02, 3.87363373e+02, 1.61795914e+02,
    3.96740784e+02, 1.62558365e+02, 4.06159485e+02, 1.63270203e+02 ]
