%YAML:1.0
---
points: [ 1.92262482e+02, 7.39991638e+02, 2.09877945e+02, 6.98633118e+02,
    2.26849411e+02, 6.58917175e+02, 2.43282455e+02, 6.21111145e+02,
    2.59001251e+02, 5.84368042e+02, 2.74242157e+02, 5.49421204e+02,
    2.36929230e+02, 7.43242859e+02, 2.53725876e+02, 7.01554810e+02,
    2.70149780e+02, 6.62095032e+02, 2.85585205e+02, 6.23803345e+02,
    3.00756470e+02, 5.87523071e+02, 3.15274353e+02, 5.52068420e+02,
    2.81624207e+02, 7.46089844e+02, 2.97698334e+02, 7.04702820e+02,
    3.13232239e+02, 6.64963806e+02, 3.27917267e+02, 6.26812622e+02,
    3.42329498e+02, 5.90299316e+02, 3.56058380e+02, 5.55305054e+02,
    3.26570679e+02, 7.49263855e+02, 3.41866669e+02, 7.07536377e+02,
    3.56343597e+02, 6.67987244e+02, 3.70558167e+02, 6.29670898e+02,
    3.84170715e+02, 5.93335999e+02, 3.97003174e+02, 5.57934387e+02,
    3.71753174e+02, 7.51923218e+02, 3.86010834e+02, 7.10634094e+02,
    3.99820312e+02, 6.70792053e+02, 4.13019348e+02, 6.32962524e+02,
    4.25578949e+02, 5.96231934e+02, 4.38058563e+02, 5.61148376e+02,
    4.16617798e+02, 7.54979187e+02, 4.30278687e+02, 7.13433105e+02,
    4.43204620e+02, 6.73596619e+02, 4.55534271e+02, 6.35548584e+02,
    4.67348846e+02, 5.99129028e+02, 4.78665100e+02, 5.64011536e+02,
    4.61958984e+02, 7.57782532e+02, 4.74483551e+02, 7.16495728e+02,
    4.86521088e+02, 6.76482300e+02, 4.97898041e+02, 6.38513000e+02,
    5.09204254e+02, 6.01899414e+02, 5.19635803e+02, 5.66807617e+02,
    5.06664703e+02, 7.60719360e+02, 5.18407715e+02, 7.19061157e+02,
    5.29338379e+02, 6.79457031e+02, 5.40216309e+02, 6.41302917e+02,
    5.50211731e+02, 6.04727112e+02, 5.60161438e+02, 5.69828247e+02 ]
