%YAML:1.0
---
points: [ 3.88767670e+02, 9.97818375e+01, 3.97822968e+02, 1.00019974e+02,
    4.07034210e+02, 1.00228203e+02, 4.16412720e+02, 1.00514137e+02,
    4.25926208e+02, 1.00680367e+02, 4.35688171e+02, 1.00854042e+02,
    3.87398224e+02, 1.08523201e+02, 3.96437714e+02, 1.08693550e+02,
    4.05697388e+02, 1.08843422e+02, 4.15107941e+02, 1.09132484e+02,
    4.24632263e+02, 1.09532402e+02, 4.34259918e+02, 1.09808128e+02,
    3.85980591e+02, 1.16959526e+02, 3.95063751e+02, 1.17310226e+02,
    4.04318146e+02, 1.17651588e+02, 4.13728424e+02, 1.17819893e+02,
    4.23175659e+02, 1.18479843e+02, 4.32916870e+02, 1.18703255e+02,
    3.84593231e+02, 1.25558960e+02, 3.93671234e+02, 1.25909592e+02,
    4.02905548e+02, 1.26388695e+02, 4.12314209e+02, 1.26736755e+02,
    4.21862793e+02, 1.27228065e+02, 4.31590576e+02, 1.27705772e+02,
    3.83175751e+02, 1.34125885e+02, 3.92174683e+02, 1.34654053e+02,
    4.01464447e+02, 1.35076782e+02, 4.10838165e+02, 1.35654190e+02,
    4.20431335e+02, 1.36095001e+02, 4.30176178e+02, 1.36671173e+02,
    3.81726746e+02, 1.42671417e+02, 3.90824768e+02, 1.43247864e+02,
    3.99996918e+02, 1.43722214e+02, 4.09411041e+02, 1.44526611e+02,
    4.19014709e+02, 1.44981567e+02, 4.28736938e+02, 1.45690659e+02,
    3.80308868e+02, 1.51260788e+02, 3.89365692e+02, 1.51915115e+02,
    3.98608032e+02, 1.52595718e+02, 4.07963135e+02, 1.53289215e+02,
    4.17557922e+02, 1.53903595e+02, 4.27203278e+02, 1.54657700e+02,
    3.78891602e+02, 1.59828262e+02, 3.87938385e+02, 1.60503128e+02,
    3.97137695e+02, 1.61213425e+02, 4.06515198e+02, 1.62049927e+02,
    4.16108948e+02, 1.62721909e+02, 4.25847595e+02, 1.63679123e+02 ]
