%YAML:1.0
---
points: [ 2.15425735e+02, 3.23604095e+02, 2.07146469e+02, 2.84060944e+02,
    1.98370270e+02, 2.42453186e+02, 1.89566254e+02, 1.99268219e+02,
    1.80434814e+02, 1.53972214e+02, 1.70990173e+02, 1.06658272e+02,
    2.60521057e+02, 3.29574097e+02, 2.53387909e+02, 2.90228302e+02,
    2.45609497e+02, 2.49151642e+02, 2.37770538e+02, 2.06185425e+02,
    2.29575058e+02, 1.61138840e+02, 2.21206543e+02, 1.14123497e+02,
    3.06091461e+02, 3.35387146e+02, 2.99559387e+02, 2.96600403e+02,
    2.92661896e+02, 2.55555115e+02, 2.85995575e+02, 2.13225845e+02,
    2.78719421e+02, 1.68454559e+02, 2.71342712e+02, 1.21801628e+02,
    3.50646088e+02, 3.41363312e+02, 3.45101379e+02, 3.02683563e+02,
    3.39475800e+02, 2.62190033e+02, 3.33458374e+02, 2.19701538e+02,
    3.27536316e+02, 1.75838791e+02, 3.21256073e+02, 1.29444046e+02,
    3.95231628e+02, 3.47404480e+02, 3.90663879e+02, 3.08887360e+02,
    3.85753174e+02, 2.68836212e+02, 3.80798645e+02, 2.26993500e+02,
    3.75669708e+02, 1.82896408e+02, 3.70504852e+02, 1.37241211e+02,
    4.39310730e+02, 3.53229950e+02, 4.35422699e+02, 3.15181488e+02,
    4.31784668e+02, 2.75526550e+02, 4.27784515e+02, 2.33923523e+02,
    4.23603058e+02, 1.90372589e+02, 4.19393158e+02, 1.44741699e+02,
    4.82705170e+02, 3.58940552e+02, 4.80157166e+02, 3.21354889e+02,
    4.77062286e+02, 2.81945251e+02, 4.74313049e+02, 2.40774353e+02,
    4.71078827e+02, 1.97576660e+02, 4.68020660e+02, 1.52681244e+02,
    5.26032471e+02, 3.64780914e+02, 5.24089783e+02, 3.27505432e+02,
    5.22264526e+02, 2.88504883e+02, 5.20243164e+02, 2.47697968e+02,
    5.18138428e+02, 2.05051910e+02, 5.15966370e+02, 1.60467087e+02 ]
