%YAML:1.0
---
points: [ 3.97048126e+02, 7.66463470e+01, 4.04076630e+02, 8.20731201e+01,
    4.11194000e+02, 8.74615173e+01, 4.18454895e+02, 9.30285263e+01,
    4.25676514e+02, 9.86776505e+01, 4.33202454e+02, 1.04374443e+02,
    3.90480621e+02, 8.42234726e+01, 3.97369324e+02, 8.96071701e+01,
    4.04482361e+02, 9.50798950e+01, 4.11612122e+02, 1.00584755e+02,
    4.18835327e+02, 1.06176506e+02, 4.26141174e+02, 1.11912048e+02,
    3.84005463e+02, 9.16531219e+01, 3.90881500e+02, 9.70429153e+01,
    3.97786835e+02, 1.02470818e+02, 4.04840149e+02, 1.07992233e+02,
    4.11950714e+02, 1.13670380e+02, 4.19227112e+02, 1.19378960e+02,
    3.77633911e+02, 9.90622253e+01, 3.84339294e+02, 1.04370644e+02,
    3.91249420e+02, 1.09829010e+02, 3.98115356e+02, 1.15390877e+02,
    4.05202332e+02, 1.21064293e+02, 4.12374634e+02, 1.26712547e+02,
    3.71261658e+02, 1.06268005e+02, 3.77870758e+02, 1.11682457e+02,
    3.84678131e+02, 1.17139168e+02, 3.91524414e+02, 1.22691597e+02,
    3.98430206e+02, 1.28273529e+02, 4.05486084e+02, 1.34085907e+02,
    3.64989288e+02, 1.13388130e+02, 3.71566498e+02, 1.18867950e+02,
    3.78168701e+02, 1.24279930e+02, 3.84971802e+02, 1.29880035e+02,
    3.91776306e+02, 1.35476883e+02, 3.98749359e+02, 1.41235794e+02,
    3.58817139e+02, 1.20567116e+02, 3.65227844e+02, 1.25950935e+02,
    3.71820770e+02, 1.31401657e+02, 3.78455322e+02, 1.36947525e+02,
    3.85213257e+02, 1.42611221e+02, 3.92003265e+02, 1.48291168e+02,
    3.52753296e+02, 1.27507149e+02, 3.59094299e+02, 1.32927277e+02,
    3.65538727e+02, 1.38363510e+02, 3.72094360e+02, 1.43972824e+02,
    3.78701904e+02, 1.49534851e+02, 3.85486603e+02, 1.55257233e+02 ]
