%YAML:1.0
---
points: [ 7.96165222e+02, 2.94795654e+02, 8.47536316e+02, 3.02833801e+02,
    8.98723389e+02, 3.10508362e+02, 9.49697083e+02, 3.18181183e+02,
    1.00102515e+03, 3.25646362e+02, 1.05190601e+03, 3.33332123e+02,
    7.97199219e+02, 3.33730011e+02, 8.46611145e+02, 3.41049255e+02,
    8.95865051e+02, 3.48651764e+02, 9.45087158e+02, 3.55827698e+02,
    9.94409668e+02, 3.63122345e+02, 1.04355469e+03, 3.70409882e+02,
    7.98137024e+02, 3.69868317e+02, 8.45724731e+02, 3.76984924e+02,
    8.93304077e+02, 3.84005554e+02, 9.40586060e+02, 3.91242218e+02,
    9.88122559e+02, 3.98157593e+02, 1.03548840e+03, 4.05172119e+02,
    7.99071899e+02, 4.03273651e+02, 8.45052612e+02, 4.10142792e+02,
    8.90870117e+02, 4.16905151e+02, 9.36714233e+02, 4.23553925e+02,
    9.82418640e+02, 4.30259583e+02, 1.02815259e+03, 4.37012939e+02,
    7.99987793e+02, 4.34513702e+02, 8.44312134e+02, 4.40738831e+02,
    8.88697083e+02, 4.47563629e+02, 9.32802368e+02, 4.54218384e+02,
    9.76986694e+02, 4.60389648e+02, 1.02136371e+03, 4.66812897e+02,
    8.00633911e+02, 4.63506439e+02, 8.43604065e+02, 4.69775940e+02,
    8.86541687e+02, 4.76236176e+02, 9.29341858e+02, 4.82253510e+02,
    9.72285706e+02, 4.88448456e+02, 1.01495172e+03, 4.94766022e+02,
    8.01409058e+02, 4.90762299e+02, 8.43111267e+02, 4.96725403e+02,
    8.84622925e+02, 5.02833374e+02, 9.26113647e+02, 5.08674011e+02,
    9.67545654e+02, 5.14689941e+02, 1.00888104e+03, 5.20742493e+02,
    8.02197876e+02, 5.16438599e+02, 8.42536194e+02, 5.22251343e+02,
    8.82626221e+02, 5.28028870e+02, 9.22961426e+02, 5.33663330e+02,
    9.63232666e+02, 5.39544983e+02, 1.00324786e+03, 5.45374756e+02 ]
