%YAML:1.0
---
points: [ 4.09434143e+02, 8.85530090e+01, 4.10731903e+02, 9.76558685e+01,
    4.12012634e+02, 1.06630760e+02, 4.13224915e+02, 1.15474663e+02,
    4.14422791e+02, 1.24170471e+02, 4.15671448e+02, 1.32707794e+02,
    4.00510590e+02, 9.11313248e+01, 4.01826508e+02, 1.00162308e+02,
    4.03200226e+02, 1.09201553e+02, 4.04399414e+02, 1.17951790e+02,
    4.05712219e+02, 1.26642517e+02, 4.06873199e+02, 1.35168732e+02,
    3.91553680e+02, 9.36700821e+01, 3.92960541e+02, 1.02775597e+02,
    3.94306915e+02, 1.11650223e+02, 3.95679871e+02, 1.20416344e+02,
    3.96922638e+02, 1.29068390e+02, 3.98232513e+02, 1.37546585e+02,
    3.82574371e+02, 9.63387375e+01, 3.83942657e+02, 1.05241570e+02,
    3.85478241e+02, 1.14188828e+02, 3.86845459e+02, 1.22907829e+02,
    3.88230377e+02, 1.31501282e+02, 3.89566040e+02, 1.39999283e+02,
    3.73646881e+02, 9.89076691e+01, 3.75188141e+02, 1.07860497e+02,
    3.76603302e+02, 1.16698830e+02, 3.78058746e+02, 1.25384659e+02,
    3.79535950e+02, 1.34012924e+02, 3.80869415e+02, 1.42422867e+02,
    3.64784637e+02, 1.01455910e+02, 3.66309998e+02, 1.10416466e+02,
    3.67845734e+02, 1.19205299e+02, 3.69290436e+02, 1.27967552e+02,
    3.70819946e+02, 1.36441681e+02, 3.72237915e+02, 1.44812469e+02,
    3.55814728e+02, 1.04108986e+02, 3.57510223e+02, 1.12958008e+02,
    3.58956787e+02, 1.21807198e+02, 3.60643921e+02, 1.30407745e+02,
    3.62081207e+02, 1.38932983e+02, 3.63663055e+02, 1.47231613e+02,
    3.46957489e+02, 1.06715988e+02, 3.48604797e+02, 1.15582115e+02,
    3.50304901e+02, 1.24295868e+02, 3.51898987e+02, 1.32932617e+02,
    3.53554565e+02, 1.41362976e+02, 3.55007080e+02, 1.49689758e+02 ]
