%YAML:1.0
---
points: [ 3.79102448e+02, 1.08715828e+02, 3.82976562e+02, 1.16644974e+02,
    3.87542328e+02, 1.23782204e+02, 3.91326813e+02, 1.31241714e+02,
    3.96045624e+02, 1.38311325e+02, 3.99885895e+02, 1.45791702e+02,
    3.73278931e+02, 1.12000114e+02, 3.76828949e+02, 1.19574844e+02,
    3.81290741e+02, 1.26811859e+02, 3.85407593e+02, 1.34203751e+02,
    3.89718384e+02, 1.41531998e+02, 3.93819885e+02, 1.49024246e+02,
    3.66481750e+02, 1.15203430e+02, 3.70695312e+02, 1.22551277e+02,
    3.74747589e+02, 1.30018753e+02, 3.79120361e+02, 1.37311569e+02,
    3.83232056e+02, 1.44807297e+02, 3.87618408e+02, 1.52191315e+02,
    3.60132263e+02, 1.18255119e+02, 3.64118500e+02, 1.25742599e+02,
    3.68364197e+02, 1.33158539e+02, 3.72496490e+02, 1.40639648e+02,
    3.76678314e+02, 1.48193161e+02, 3.81102203e+02, 1.55562927e+02,
    3.53062775e+02, 1.21605347e+02, 3.57255127e+02, 1.29031845e+02,
    3.61596649e+02, 1.36428940e+02, 3.65852753e+02, 1.44019257e+02,
    3.70226593e+02, 1.51422760e+02, 3.74512360e+02, 1.58994186e+02,
    3.46445587e+02, 1.24704376e+02, 3.50647156e+02, 1.32239288e+02,
    3.54908508e+02, 1.39746292e+02, 3.59135162e+02, 1.47318405e+02,
    3.63459259e+02, 1.54906433e+02, 3.67681458e+02, 1.62537994e+02,
    3.39394165e+02, 1.28048203e+02, 3.43685394e+02, 1.35598907e+02,
    3.47889984e+02, 1.43162201e+02, 3.52216125e+02, 1.50798431e+02,
    3.56448700e+02, 1.58468582e+02, 3.60865479e+02, 1.66084656e+02,
    3.32607483e+02, 1.31337585e+02, 3.36787506e+02, 1.38931992e+02,
    3.41152924e+02, 1.46598694e+02, 3.45352509e+02, 1.54219055e+02,
    3.49770630e+02, 1.61913956e+02, 3.53985504e+02, 1.69623840e+02 ]
