%YAML:1.0
---
points: [ 9.68154358e+02, 2.40604126e+02, 1.01371460e+03, 2.69447388e+02,
    1.05741968e+03, 2.96716370e+02, 1.09922107e+03, 3.22773895e+02,
    1.13937732e+03, 3.47644104e+02, 1.17772778e+03, 3.71496521e+02,
    9.35584106e+02, 2.73029266e+02, 9.80324097e+02, 2.99837646e+02,
    1.02309674e+03, 3.25664429e+02, 1.06408801e+03, 3.50178314e+02,
    1.10345398e+03, 3.73556122e+02, 1.14125732e+03, 3.96073792e+02,
    9.05368286e+02, 3.03217407e+02, 9.49136108e+02, 3.28456146e+02,
    9.91095398e+02, 3.52561005e+02, 1.03116711e+03, 3.75705322e+02,
    1.06979810e+03, 3.97877228e+02, 1.10695752e+03, 4.19260803e+02,
    8.77518250e+02, 3.30909576e+02, 9.20203430e+02, 3.54653534e+02,
    9.61408813e+02, 3.77503693e+02, 1.00072064e+03, 3.99347168e+02,
    1.03866638e+03, 4.20313904e+02, 1.07516406e+03, 4.40425385e+02,
    8.51455078e+02, 3.56831024e+02, 8.93407959e+02, 3.79230469e+02,
    9.33552856e+02, 4.00785736e+02, 9.72295837e+02, 4.21478516e+02,
    1.00955176e+03, 4.41265747e+02, 1.04528235e+03, 4.60393555e+02,
    8.27106323e+02, 3.80656921e+02, 8.68268494e+02, 4.01978729e+02,
    9.07654480e+02, 4.22560242e+02, 9.45609863e+02, 4.42045837e+02,
    9.82250427e+02, 4.60945496e+02, 1.01744946e+03, 4.79170410e+02,
    8.04350281e+02, 4.03278870e+02, 8.44657715e+02, 4.23342041e+02,
    8.83320862e+02, 4.42723267e+02, 9.20619446e+02, 4.61322571e+02,
    9.56524597e+02, 4.79343140e+02, 9.91281555e+02, 4.96608948e+02,
    7.83031372e+02, 4.24354401e+02, 8.22513489e+02, 4.43411377e+02,
    8.60418457e+02, 4.61831085e+02, 8.97028320e+02, 4.79503296e+02,
    9.32319275e+02, 4.96624329e+02, 9.66406311e+02, 5.13288635e+02 ]
