%YAML:1.0
---
points: [ 9.94318909e+02, 2.58309357e+02, 1.02703955e+03, 2.89970856e+02,
    1.05937500e+03, 3.21312134e+02, 1.09131079e+03, 3.51849731e+02,
    1.12263245e+03, 3.82066101e+02, 1.15355103e+03, 4.11651093e+02,
    9.63667236e+02, 2.91521484e+02, 9.96283997e+02, 3.22535919e+02,
    1.02839758e+03, 3.53086639e+02, 1.05981506e+03, 3.83000885e+02,
    1.09101050e+03, 4.12386292e+02, 1.12167383e+03, 4.41380859e+02,
    9.33831848e+02, 3.24204773e+02, 9.66161438e+02, 3.54430054e+02,
    9.97970459e+02, 3.84233490e+02, 1.02933179e+03, 4.13317413e+02,
    1.06021960e+03, 4.42012421e+02, 1.09047180e+03, 4.70393219e+02,
    9.05174805e+02, 3.55546234e+02, 9.37224121e+02, 3.84833771e+02,
    9.68693604e+02, 4.13939972e+02, 9.99856384e+02, 4.42447998e+02,
    1.03044763e+03, 4.70600403e+02, 1.06060986e+03, 4.98169189e+02,
    8.77302185e+02, 3.85773834e+02, 9.09120422e+02, 4.14517120e+02,
    9.40510132e+02, 4.43011597e+02, 9.71298035e+02, 4.70785980e+02,
    1.00160107e+03, 4.98250275e+02, 1.03148389e+03, 5.25375610e+02,
    8.50420959e+02, 4.15206726e+02, 8.81810791e+02, 4.43221008e+02,
    9.12886292e+02, 4.71012634e+02, 9.43449646e+02, 4.98244354e+02,
    9.73490356e+02, 5.25166931e+02, 1.00337305e+03, 5.51603333e+02,
    8.24161194e+02, 4.43653503e+02, 8.55460754e+02, 4.71189667e+02,
    8.86202271e+02, 4.98262726e+02, 9.16531921e+02, 5.24748413e+02,
    9.46480164e+02, 5.51229858e+02, 9.75892578e+02, 5.77053101e+02,
    7.98464844e+02, 4.71347137e+02, 8.29630249e+02, 4.98334717e+02,
    8.60254089e+02, 5.24763428e+02, 8.90316528e+02, 5.50739624e+02,
    9.20009705e+02, 5.76522095e+02, 9.49277100e+02, 6.01882202e+02 ]
