%YAML:1.0
---
points: [ 4.28588989e+02, 2.20387054e+02, 4.36400146e+02, 2.28245804e+02,
    4.44123779e+02, 2.36132843e+02, 4.52178558e+02, 2.44122147e+02,
    4.59979340e+02, 2.52233444e+02, 4.68031250e+02, 2.60382202e+02,
    4.22299713e+02, 2.26005371e+02, 4.30032959e+02, 2.33883698e+02,
    4.38072815e+02, 2.41930634e+02, 4.45953217e+02, 2.50043900e+02,
    4.54049652e+02, 2.58314331e+02, 4.61931671e+02, 2.66600739e+02,
    4.15840729e+02, 2.31604340e+02, 4.23727783e+02, 2.39660004e+02,
    4.31668488e+02, 2.47807373e+02, 4.39786438e+02, 2.56100861e+02,
    4.47730865e+02, 2.64453156e+02, 4.55925659e+02, 2.72964630e+02,
    4.09192810e+02, 2.37355530e+02, 4.17093414e+02, 2.45564713e+02,
    4.25180817e+02, 2.53848053e+02, 4.33265686e+02, 2.62289215e+02,
    4.41452545e+02, 2.70848816e+02, 4.49591339e+02, 2.79408844e+02,
    4.02359344e+02, 2.43231750e+02, 4.10372375e+02, 2.51616776e+02,
    4.18468140e+02, 2.60073273e+02, 4.26633820e+02, 2.68615265e+02,
    4.34876221e+02, 2.77284302e+02, 4.43155548e+02, 2.86046692e+02,
    3.95435425e+02, 2.49275421e+02, 4.03427795e+02, 2.57691650e+02,
    4.11632568e+02, 2.66342407e+02, 4.19764923e+02, 2.75074524e+02,
    4.28143402e+02, 2.83932465e+02, 4.36405334e+02, 2.92829468e+02,
    3.88275452e+02, 2.55423676e+02, 3.96393524e+02, 2.64090454e+02,
    4.04450531e+02, 2.72829468e+02, 4.12859955e+02, 2.81800507e+02,
    4.21120544e+02, 2.90736206e+02, 4.29634949e+02, 2.99782501e+02,
    3.81055634e+02, 2.61793457e+02, 3.89155548e+02, 2.70464661e+02,
    3.97444885e+02, 2.79478088e+02, 4.05639038e+02, 2.88411194e+02,
    4.14183044e+02, 2.97649109e+02, 4.22461304e+02, 3.06869965e+02 ]
