%YAML:1.0
---
points: [ 1.27874084e+03, 1.13948257e+02, 1.27633862e+03, 1.89519287e+02,
    1.27436267e+03, 2.56060394e+02, 1.27247583e+03, 3.15092712e+02,
    1.27080627e+03, 3.68191345e+02, 1.26961584e+03, 4.15461273e+02,
    1.18671777e+03, 1.24996147e+02, 1.19010449e+03, 1.98509613e+02,
    1.19285779e+03, 2.63553406e+02, 1.19554456e+03, 3.21148132e+02,
    1.19777673e+03, 3.72579651e+02, 1.20014478e+03, 4.19080322e+02,
    1.09790918e+03, 1.36145233e+02, 1.10664465e+03, 2.07502258e+02,
    1.11419226e+03, 2.70588379e+02, 1.12105042e+03, 3.26846069e+02,
    1.12718652e+03, 3.77195465e+02, 1.13265723e+03, 4.22934784e+02,
    1.01350177e+03, 1.46169724e+02, 1.02698352e+03, 2.15643585e+02,
    1.03891187e+03, 2.77112305e+02, 1.04952478e+03, 3.32094788e+02,
    1.05927148e+03, 3.81454498e+02, 1.06803992e+03, 4.25848206e+02,
    9.32481506e+02, 1.55944809e+02, 9.50478638e+02, 2.23279053e+02,
    9.66255798e+02, 2.83535675e+02, 9.80600098e+02, 3.37079651e+02,
    9.93525391e+02, 3.85246216e+02, 1.00512958e+03, 4.28847839e+02,
    8.54568115e+02, 1.64739365e+02, 8.76531921e+02, 2.30448456e+02,
    8.96319702e+02, 2.89167725e+02, 9.13836731e+02, 3.41559296e+02,
    9.29868652e+02, 3.88815521e+02, 9.44285522e+02, 4.31790344e+02,
    7.79274658e+02, 1.72871628e+02, 8.05313049e+02, 2.37237396e+02,
    8.28583984e+02, 2.94632751e+02, 8.49528625e+02, 3.45786682e+02,
    8.68316162e+02, 3.92310577e+02, 8.85290405e+02, 4.34365509e+02,
    7.06377563e+02, 1.80947617e+02, 7.36194519e+02, 2.43580795e+02,
    7.62706299e+02, 2.99701019e+02, 7.86640991e+02, 3.50024231e+02,
    8.08322876e+02, 3.95575378e+02, 8.27762390e+02, 4.36978302e+02 ]
