%YAML:1.0
---
points: [ 4.18869781e+02, 2.17107239e+02, 4.19499268e+02, 2.26406555e+02,
    4.20164795e+02, 2.35604431e+02, 4.20798248e+02, 2.45111923e+02,
    4.21483459e+02, 2.54628036e+02, 4.22203552e+02, 2.64188904e+02,
    4.09206512e+02, 2.18142273e+02, 4.09806915e+02, 2.27135742e+02,
    4.10399567e+02, 2.36404602e+02, 4.11006683e+02, 2.45694427e+02,
    4.11604553e+02, 2.54892838e+02, 4.12370209e+02, 2.64561737e+02,
    3.99820160e+02, 2.19085281e+02, 4.00380402e+02, 2.27965256e+02,
    4.01001099e+02, 2.37100616e+02, 4.01502716e+02, 2.46043335e+02,
    4.02213318e+02, 2.55426697e+02, 4.02620911e+02, 2.64720032e+02,
    3.90723663e+02, 2.20004822e+02, 3.91299530e+02, 2.28700851e+02,
    3.91789001e+02, 2.37618027e+02, 3.92311615e+02, 2.46688812e+02,
    3.92844818e+02, 2.55764709e+02, 3.93345581e+02, 2.64768219e+02,
    3.82004944e+02, 2.20825867e+02, 3.82406982e+02, 2.29523590e+02,
    3.82893158e+02, 2.38321182e+02, 3.83359222e+02, 2.47084808e+02,
    3.83875183e+02, 2.55982040e+02, 3.84319244e+02, 2.65056274e+02,
    3.73386017e+02, 2.21689758e+02, 3.73896149e+02, 2.30234665e+02,
    3.74269775e+02, 2.38798294e+02, 3.74707397e+02, 2.47600250e+02,
    3.75194000e+02, 2.56394165e+02, 3.75617004e+02, 2.65356171e+02,
    3.65214569e+02, 2.22517227e+02, 3.65412476e+02, 2.30944916e+02,
    3.65868317e+02, 2.39507690e+02, 3.66266266e+02, 2.48009827e+02,
    3.66622375e+02, 2.56732452e+02, 3.67052307e+02, 2.65425842e+02,
    3.57163666e+02, 2.23364578e+02, 3.57383453e+02, 2.31691727e+02,
    3.57808136e+02, 2.39987900e+02, 3.58164490e+02, 2.48476974e+02,
    3.58397797e+02, 2.56919586e+02, 3.58920990e+02, 2.65625122e+02 ]
