%YAML:1.0
---
points: [ 7.84380798e+02, 2.61267578e+02, 7.63170532e+02, 3.13466095e+02,
    7.42772766e+02, 3.62734192e+02, 7.23524902e+02, 4.09576691e+02,
    7.04868713e+02, 4.54392609e+02, 6.87310364e+02, 4.96781921e+02,
    7.33820068e+02, 2.51888626e+02, 7.12790161e+02, 3.06504181e+02,
    6.93137024e+02, 3.58109589e+02, 6.74155151e+02, 4.06879944e+02,
    6.56030640e+02, 4.53360199e+02, 6.38815430e+02, 4.97428406e+02,
    6.77911865e+02, 2.41410172e+02, 6.57851013e+02, 2.98697357e+02,
    6.38471863e+02, 3.52742218e+02, 6.20423279e+02, 4.03817200e+02,
    6.02889587e+02, 4.52285034e+02, 5.86417664e+02, 4.98266418e+02,
    6.17162598e+02, 2.30291138e+02, 5.97622375e+02, 2.90516052e+02,
    5.79434631e+02, 3.47053680e+02, 5.61897522e+02, 4.00406311e+02,
    5.45300537e+02, 4.50942535e+02, 5.29535950e+02, 4.98781128e+02,
    5.50322205e+02, 2.18205353e+02, 5.32059814e+02, 2.81308899e+02,
    5.14638367e+02, 3.40792419e+02, 4.98196411e+02, 3.96740448e+02,
    4.82612793e+02, 4.49518768e+02, 4.68101868e+02, 4.99469360e+02,
    4.76589203e+02, 2.04454010e+02, 4.59573517e+02, 2.71262421e+02,
    4.43853912e+02, 3.34208954e+02, 4.28538239e+02, 3.92579071e+02,
    4.14300598e+02, 4.48117279e+02, 4.00773956e+02, 5.00349854e+02,
    3.95559906e+02, 1.89657181e+02, 3.80358856e+02, 2.60452271e+02,
    3.66094788e+02, 3.26673279e+02, 3.52731140e+02, 3.88304413e+02,
    3.39958496e+02, 4.46310974e+02, 3.28123627e+02, 5.01284302e+02,
    3.05795441e+02, 1.73636047e+02, 2.92630981e+02, 2.48676254e+02,
    2.80721039e+02, 3.18527008e+02, 2.69483521e+02, 3.83502197e+02,
    2.58922272e+02, 4.44690216e+02, 2.48909164e+02, 5.02097229e+02 ]
