%YAML:1.0
---
points: [ 3.78283264e+02, 2.24064682e+02, 3.82195099e+02, 2.32202820e+02,
    3.87615051e+02, 2.39626923e+02, 3.91442566e+02, 2.47908768e+02,
    3.96389893e+02, 2.55782593e+02, 4.00468353e+02, 2.64109589e+02,
    3.72719574e+02, 2.26977097e+02, 3.76964569e+02, 2.35077744e+02,
    3.81723724e+02, 2.42932205e+02, 3.86056244e+02, 2.51107971e+02,
    3.90692627e+02, 2.59284851e+02, 3.95241608e+02, 2.67397369e+02,
    3.66848450e+02, 2.30159531e+02, 3.71184753e+02, 2.38292816e+02,
    3.75718079e+02, 2.46449265e+02, 3.80240448e+02, 2.54624542e+02,
    3.84696686e+02, 2.62969330e+02, 3.89263550e+02, 2.71326294e+02,
    3.60478638e+02, 2.33694260e+02, 3.64944611e+02, 2.41782455e+02,
    3.69525177e+02, 2.50116959e+02, 3.74095062e+02, 2.58314331e+02,
    3.78644623e+02, 2.66779083e+02, 3.83302032e+02, 2.75179260e+02,
    3.54012695e+02, 2.37156784e+02, 3.58443390e+02, 2.45487167e+02,
    3.63094299e+02, 2.53739410e+02, 3.67705475e+02, 2.62225128e+02,
    3.72365204e+02, 2.70657379e+02, 3.77007111e+02, 2.79180481e+02,
    3.47608307e+02, 2.40630264e+02, 3.52106110e+02, 2.49036682e+02,
    3.56717194e+02, 2.57540985e+02, 3.61289307e+02, 2.66038696e+02,
    3.65970795e+02, 2.74700806e+02, 3.70695343e+02, 2.83310059e+02,
    3.40743805e+02, 2.44290543e+02, 3.45384644e+02, 2.52836594e+02,
    3.50039978e+02, 2.61365692e+02, 3.54628906e+02, 2.70095551e+02,
    3.59339203e+02, 2.78790192e+02, 3.64166382e+02, 2.87490509e+02,
    3.34112518e+02, 2.47980316e+02, 3.38631531e+02, 2.56624146e+02,
    3.43345551e+02, 2.65325867e+02, 3.47983795e+02, 2.74080994e+02,
    3.52779724e+02, 2.82899628e+02, 3.57429535e+02, 2.91804077e+02 ]
