%YAML:1.0
---
points: [ 3.72979980e+02, 2.09497818e+02, 3.81351959e+02, 2.13268127e+02,
    3.89784760e+02, 2.17286682e+02, 3.98506104e+02, 2.21284637e+02,
    4.07212524e+02, 2.25408157e+02, 4.16195343e+02, 2.29560120e+02,
    3.69035278e+02, 2.15992386e+02, 3.77393372e+02, 2.19894608e+02,
    3.85897125e+02, 2.24044418e+02, 3.94573273e+02, 2.28012344e+02,
    4.03392334e+02, 2.32193634e+02, 4.12309052e+02, 2.36409470e+02,
    3.64805359e+02, 2.22490891e+02, 3.73278595e+02, 2.26568054e+02,
    3.81813873e+02, 2.30730209e+02, 3.90563507e+02, 2.34913956e+02,
    3.99354828e+02, 2.39257751e+02, 4.08415924e+02, 2.43595428e+02,
    3.60707794e+02, 2.29244308e+02, 3.69033997e+02, 2.33330765e+02,
    3.77729828e+02, 2.37578522e+02, 3.86480347e+02, 2.41950272e+02,
    3.95399109e+02, 2.46359650e+02, 4.04412811e+02, 2.50847488e+02,
    3.56465424e+02, 2.36034515e+02, 3.64830627e+02, 2.40287674e+02,
    3.73508179e+02, 2.44617096e+02, 3.82323120e+02, 2.49160141e+02,
    3.91251434e+02, 2.53595490e+02, 4.00400940e+02, 2.58198334e+02,
    3.52098389e+02, 2.42948608e+02, 3.60625061e+02, 2.47327194e+02,
    3.69270630e+02, 2.51811340e+02, 3.78045807e+02, 2.56335999e+02,
    3.87111786e+02, 2.61079620e+02, 3.96177246e+02, 2.65723602e+02,
    3.47688690e+02, 2.50025009e+02, 3.56206360e+02, 2.54485992e+02,
    3.64878815e+02, 2.59087158e+02, 3.73774170e+02, 2.63800934e+02,
    3.82767822e+02, 2.68596008e+02, 3.91974640e+02, 2.73380463e+02,
    3.43232971e+02, 2.57203491e+02, 3.51760986e+02, 2.61763824e+02,
    3.60510956e+02, 2.66511749e+02, 3.69357269e+02, 2.71267151e+02,
    3.78522461e+02, 2.76269165e+02, 3.87643036e+02, 2.81183380e+02 ]
