%YAML:1.0
---
points: [ 3.18789764e+02, 2.62690948e+02, 3.85612579e+02, 2.32800812e+02,
    4.53639465e+02, 2.02928284e+02, 5.22354187e+02, 1.72676636e+02,
    5.92000427e+02, 1.42140228e+02, 6.62178467e+02, 1.10881798e+02,
    3.73046082e+02, 3.08523651e+02, 4.36716400e+02, 2.80906006e+02,
    5.01052734e+02, 2.52959045e+02, 5.66276855e+02, 2.25243469e+02,
    6.31761230e+02, 1.96485382e+02, 6.98079834e+02, 1.67803009e+02,
    4.21625977e+02, 3.49475647e+02, 4.82058624e+02, 3.23562378e+02,
    5.43289612e+02, 2.97602386e+02, 6.04850037e+02, 2.71576965e+02,
    6.67107422e+02, 2.44825317e+02, 7.29676636e+02, 2.18041351e+02,
    4.65538361e+02, 3.86018341e+02, 5.22937378e+02, 3.61701508e+02,
    5.81057983e+02, 3.37443390e+02, 6.39691650e+02, 3.12937805e+02,
    6.98556274e+02, 2.87857574e+02, 7.58079834e+02, 2.62965576e+02,
    5.04892090e+02, 4.19026276e+02, 5.59601013e+02, 3.96100464e+02,
    6.15140930e+02, 3.73161926e+02, 6.70637817e+02, 3.49832611e+02,
    7.26896484e+02, 3.26530975e+02, 7.83174072e+02, 3.02655426e+02,
    5.40400208e+02, 4.48767181e+02, 5.93036011e+02, 4.27213470e+02,
    6.45733459e+02, 4.05411407e+02, 6.98788879e+02, 3.83369171e+02,
    7.52235352e+02, 3.61209930e+02, 8.05887939e+02, 3.38624695e+02,
    5.72956055e+02, 4.75783081e+02, 6.23117981e+02, 4.55241119e+02,
    6.73634766e+02, 4.34618805e+02, 7.24354492e+02, 4.13775696e+02,
    7.75399414e+02, 3.92710266e+02, 8.26578491e+02, 3.71470825e+02,
    6.02413818e+02, 5.00415649e+02, 6.50597656e+02, 4.80796570e+02,
    6.98844788e+02, 4.61023651e+02, 7.47362122e+02, 4.41238098e+02,
    7.96154846e+02, 4.21280487e+02, 8.45254333e+02, 4.01008453e+02 ]
