%YAML:1.0
---
points: [ 3.85338562e+02, 1.65008057e+02, 3.93185211e+02, 1.69680740e+02,
    4.00877777e+02, 1.74422638e+02, 4.08568268e+02, 1.79099060e+02,
    4.16016327e+02, 1.83670258e+02, 4.23510468e+02, 1.88207092e+02,
    3.78916504e+02, 1.72783554e+02, 3.86631805e+02, 1.77472305e+02,
    3.94378845e+02, 1.82035095e+02, 4.01947418e+02, 1.86617767e+02,
    4.09425659e+02, 1.91101715e+02, 4.16827606e+02, 1.95554245e+02,
    3.72669006e+02, 1.80457977e+02, 3.80366974e+02, 1.84945923e+02,
    3.87914368e+02, 1.89454300e+02, 3.95526001e+02, 1.94032089e+02,
    4.02912079e+02, 1.98339630e+02, 4.10283295e+02, 2.02727158e+02,
    3.66548920e+02, 1.87881531e+02, 3.74128082e+02, 1.92286026e+02,
    3.81705505e+02, 1.96684525e+02, 3.89189972e+02, 2.01109375e+02,
    3.96576050e+02, 2.05396713e+02, 4.03919006e+02, 2.09735245e+02,
    3.60512207e+02, 1.95106613e+02, 3.68067444e+02, 1.99412277e+02,
    3.75583801e+02, 2.03828949e+02, 3.83044067e+02, 2.08083450e+02,
    3.90387482e+02, 2.12393341e+02, 3.97635010e+02, 2.16530045e+02,
    3.54658112e+02, 2.02162628e+02, 3.62207642e+02, 2.06450882e+02,
    3.69613708e+02, 2.10738892e+02, 3.77028931e+02, 2.14945023e+02,
    3.84367554e+02, 2.19124588e+02, 3.91592255e+02, 2.23222366e+02,
    3.48933228e+02, 2.09126907e+02, 3.56323944e+02, 2.13275146e+02,
    3.63708313e+02, 2.17487762e+02, 3.71097321e+02, 2.21615509e+02,
    3.78332550e+02, 2.25720200e+02, 3.85420837e+02, 2.29669128e+02,
    3.43376831e+02, 2.15838333e+02, 3.50797882e+02, 2.19975342e+02,
    3.58065308e+02, 2.24069458e+02, 3.65416321e+02, 2.28109177e+02,
    3.72661530e+02, 2.32170044e+02, 3.79618164e+02, 2.36119904e+02 ]
