%YAML:1.0
---
points: [ 5.22651733e+02, 1.51847473e+02, 6.02433716e+02, 1.66212830e+02,
    6.76781738e+02, 1.79699783e+02, 7.46196899e+02, 1.92352570e+02,
    8.11058716e+02, 2.04002563e+02, 8.71691711e+02, 2.14833206e+02,
    5.12461670e+02, 2.09567322e+02, 5.88780823e+02, 2.21479568e+02,
    6.60250610e+02, 2.32539978e+02, 7.26906982e+02, 2.43158600e+02,
    7.89351807e+02, 2.52464279e+02, 8.48183655e+02, 2.61508728e+02,
    5.03017487e+02, 2.61688538e+02, 5.76342773e+02, 2.71309753e+02,
    6.44933044e+02, 2.80439697e+02, 7.09301331e+02, 2.88868469e+02,
    7.69757141e+02, 2.96812622e+02, 8.26366760e+02, 3.04085419e+02,
    4.94577515e+02, 3.09152649e+02, 5.64982849e+02, 3.16740784e+02,
    6.31133789e+02, 3.24001617e+02, 6.93254883e+02, 3.30911957e+02,
    7.51526489e+02, 3.37226135e+02, 8.06548218e+02, 3.43385529e+02,
    4.86731873e+02, 3.52243622e+02, 5.54426880e+02, 3.58251465e+02,
    6.18154846e+02, 3.63921631e+02, 6.78105591e+02, 3.69324799e+02,
    7.34740356e+02, 3.74505219e+02, 7.88234863e+02, 3.79140869e+02,
    4.79644867e+02, 3.91770386e+02, 5.44633911e+02, 3.96442596e+02,
    6.06350647e+02, 4.00804718e+02, 6.64421021e+02, 4.04729218e+02,
    7.19376160e+02, 4.08699982e+02, 7.71100586e+02, 4.12421997e+02,
    4.72875549e+02, 4.28133545e+02, 5.35756531e+02, 4.31379639e+02,
    5.95391479e+02, 4.34700012e+02, 6.51458618e+02, 4.37837708e+02,
    7.04772583e+02, 4.40687531e+02, 7.55192688e+02, 4.43542419e+02,
    4.66653534e+02, 4.61387177e+02, 5.27476257e+02, 4.63824585e+02,
    5.84877258e+02, 4.65953369e+02, 6.39486023e+02, 4.68311737e+02,
    6.91210266e+02, 4.70405792e+02, 7.40342346e+02, 4.72139038e+02 ]
