%YAML:1.0
---
points: [ 3.74589783e+02, 2.42322632e+02, 3.79390625e+02, 2.33907532e+02,
    3.84288696e+02, 2.25274353e+02, 3.89099365e+02, 2.16582108e+02,
    3.94183685e+02, 2.07643951e+02, 3.99275757e+02, 1.98658096e+02,
    3.82452667e+02, 2.45133530e+02, 3.87212494e+02, 2.36736023e+02,
    3.92140381e+02, 2.28196548e+02, 3.97113678e+02, 2.19551315e+02,
    4.02118347e+02, 2.10746262e+02, 4.07261871e+02, 2.01787994e+02,
    3.90273163e+02, 2.47843140e+02, 3.95049347e+02, 2.39595657e+02,
    3.99965424e+02, 2.31131271e+02, 4.04828644e+02, 2.22567490e+02,
    4.09951416e+02, 2.13816193e+02, 4.15141052e+02, 2.05018753e+02,
    3.97870056e+02, 2.50458389e+02, 4.02818085e+02, 2.42284210e+02,
    4.07544525e+02, 2.33941391e+02, 4.12582886e+02, 2.25358887e+02,
    4.17577362e+02, 2.16821533e+02, 4.22690277e+02, 2.08060822e+02,
    4.05428864e+02, 2.53131821e+02, 4.10144897e+02, 2.44997269e+02,
    4.15144928e+02, 2.36668976e+02, 4.20015808e+02, 2.28343414e+02,
    4.25152069e+02, 2.19747131e+02, 4.30241455e+02, 2.11149170e+02,
    4.12670410e+02, 2.55642517e+02, 4.17512634e+02, 2.47543320e+02,
    4.22405243e+02, 2.39369125e+02, 4.27407501e+02, 2.31127808e+02,
    4.32519836e+02, 2.22695023e+02, 4.37587616e+02, 2.14156738e+02,
    4.19841522e+02, 2.58149994e+02, 4.24611053e+02, 2.50176956e+02,
    4.29931549e+02, 2.42181213e+02, 4.34555054e+02, 2.33931808e+02,
    4.39505341e+02, 2.25409973e+02, 4.44511566e+02, 2.17152115e+02,
    4.26696625e+02, 2.60550110e+02, 4.31306671e+02, 2.52521896e+02,
    4.36294800e+02, 2.44647552e+02, 4.41009003e+02, 2.36320114e+02,
    4.46196167e+02, 2.28267609e+02, 4.51254578e+02, 2.19721146e+02 ]
