%YAML:1.0
---
points: [ 9.59396851e+02, 8.59164810e+01, 1.00325757e+03, 1.22157265e+02,
    1.04514917e+03, 1.56582535e+02, 1.08491895e+03, 1.89337753e+02,
    1.12308472e+03, 2.20427841e+02, 1.15948938e+03, 2.50095551e+02,
    9.23445251e+02, 1.33270264e+02, 9.67216858e+02, 1.67466599e+02,
    1.00869037e+03, 1.99992661e+02, 1.04840088e+03, 2.31124084e+02,
    1.08640747e+03, 2.60527710e+02, 1.12274304e+03, 2.88588043e+02,
    8.89499023e+02, 1.78138184e+02, 9.32777466e+02, 2.10408188e+02,
    9.74279846e+02, 2.41241196e+02, 1.01377692e+03, 2.70510834e+02,
    1.05161523e+03, 2.98493622e+02, 1.08777148e+03, 3.25180450e+02,
    8.57010315e+02, 2.20651703e+02, 9.00230164e+02, 2.51221237e+02,
    9.41392334e+02, 2.80432922e+02, 9.80682861e+02, 3.08209045e+02,
    1.01837659e+03, 3.34719727e+02, 1.05442932e+03, 3.60058136e+02,
    8.26328552e+02, 2.61138672e+02, 8.69065430e+02, 2.90012421e+02,
    9.09861145e+02, 3.17585693e+02, 9.49039673e+02, 3.43926605e+02,
    9.86535950e+02, 3.69183807e+02, 1.02250830e+03, 3.93331573e+02,
    7.96725342e+02, 2.99586731e+02, 8.39393250e+02, 3.27003571e+02,
    8.79931580e+02, 3.53277832e+02, 9.18901672e+02, 3.78233368e+02,
    9.56203125e+02, 4.02264893e+02, 9.92147461e+02, 4.25245514e+02,
    7.68480164e+02, 3.36345703e+02, 8.10680603e+02, 3.62321747e+02,
    8.51171875e+02, 3.87341675e+02, 8.89719055e+02, 4.11126892e+02,
    9.26807251e+02, 4.33794098e+02, 9.62562439e+02, 4.55793976e+02,
    7.41525391e+02, 3.71218628e+02, 7.83451477e+02, 3.96007568e+02,
    8.23673889e+02, 4.19675964e+02, 8.62043762e+02, 4.42364502e+02,
    8.99099548e+02, 4.64161774e+02, 9.34413879e+02, 4.84850189e+02 ]
