%YAML:1.0
---
points: [ 3.66825928e+02, 2.36930176e+02, 3.72019745e+02, 2.29064758e+02,
    3.77415863e+02, 2.20881516e+02, 3.82748199e+02, 2.12626328e+02,
    3.88360565e+02, 2.04103058e+02, 3.93884735e+02, 1.95621552e+02,
    3.74547333e+02, 2.40272110e+02, 3.79723175e+02, 2.32388336e+02,
    3.85041534e+02, 2.24338562e+02, 3.90635925e+02, 2.16195389e+02,
    3.96076416e+02, 2.07816238e+02, 4.01761719e+02, 1.99318665e+02,
    3.82139587e+02, 2.43652298e+02, 3.87517578e+02, 2.35864868e+02,
    3.92860931e+02, 2.27823013e+02, 3.98338989e+02, 2.19729706e+02,
    4.03913239e+02, 2.11443253e+02, 4.09489502e+02, 2.03122818e+02,
    3.89730896e+02, 2.46865677e+02, 3.95093109e+02, 2.39170029e+02,
    4.00366150e+02, 2.31274277e+02, 4.05847076e+02, 2.23168350e+02,
    4.11387329e+02, 2.15097214e+02, 4.17006348e+02, 2.06809311e+02,
    3.97257599e+02, 2.50179489e+02, 4.02308411e+02, 2.42423813e+02,
    4.07829742e+02, 2.34616409e+02, 4.13351288e+02, 2.26773972e+02,
    4.18882050e+02, 2.18625320e+02, 4.24434418e+02, 2.10457611e+02,
    4.04243439e+02, 2.53294235e+02, 4.09675507e+02, 2.45651230e+02,
    4.15210419e+02, 2.37999283e+02, 4.20752777e+02, 2.30168747e+02,
    4.26124023e+02, 2.22141357e+02, 4.31825073e+02, 2.14029984e+02,
    4.11594879e+02, 2.56407623e+02, 4.16933929e+02, 2.48926971e+02,
    4.22303589e+02, 2.41179855e+02, 4.27591919e+02, 2.33427017e+02,
    4.33440491e+02, 2.25542267e+02, 4.38697388e+02, 2.17485718e+02,
    4.18704132e+02, 2.59540802e+02, 4.23505615e+02, 2.51872757e+02,
    4.28960541e+02, 2.44319412e+02, 4.34387787e+02, 2.36516907e+02,
    4.40081238e+02, 2.28881683e+02, 4.45684662e+02, 2.20853714e+02 ]
