%YAML:1.0
---
points: [ 8.36557373e+02, 8.14722061e+01, 8.69813354e+02, 1.12577919e+02,
    8.99902893e+02, 1.41199860e+02, 9.27603821e+02, 1.67329102e+02,
    9.52895874e+02, 1.91215134e+02, 9.76540161e+02, 2.13359482e+02,
    7.89328308e+02, 1.07668106e+02, 8.23854065e+02, 1.37100372e+02,
    8.55367065e+02, 1.63833984e+02, 8.84291992e+02, 1.88635818e+02,
    9.10914673e+02, 2.11224838e+02, 9.35446960e+02, 2.32140915e+02,
    7.44353333e+02, 1.32576828e+02, 7.80124146e+02, 1.60276535e+02,
    8.12702393e+02, 1.85513855e+02, 8.42941345e+02, 2.08994202e+02,
    8.70623169e+02, 2.30385559e+02, 8.96133179e+02, 2.50150711e+02,
    7.01257935e+02, 1.56320526e+02, 7.37913025e+02, 1.82235580e+02,
    7.71923706e+02, 2.06297440e+02, 8.02910278e+02, 2.28313492e+02,
    8.31590332e+02, 2.48501266e+02, 8.58246338e+02, 2.67465607e+02,
    6.59965149e+02, 1.78706985e+02, 6.97932068e+02, 2.03397705e+02,
    7.32420593e+02, 2.25790588e+02, 7.64560547e+02, 2.46649628e+02,
    7.94234009e+02, 2.65990417e+02, 8.21667542e+02, 2.83818085e+02,
    6.20656128e+02, 2.00427811e+02, 6.59202087e+02, 2.23448624e+02,
    6.94774109e+02, 2.44837509e+02, 7.27630371e+02, 2.64380615e+02,
    7.58166077e+02, 2.82736053e+02, 7.86405945e+02, 2.99599701e+02,
    5.82387024e+02, 2.20690979e+02, 6.21839417e+02, 2.42570190e+02,
    6.58340149e+02, 2.62853210e+02, 6.91915100e+02, 2.81630035e+02,
    7.23174316e+02, 2.98837769e+02, 7.52170593e+02, 3.15050751e+02,
    5.46041077e+02, 2.40456711e+02, 5.86112000e+02, 2.61088013e+02,
    6.23485596e+02, 2.80226288e+02, 6.57646057e+02, 2.97885132e+02,
    6.89631104e+02, 3.14393433e+02, 7.19245483e+02, 3.29557892e+02 ]
