%YAML:1.0
---
points: [ 2.44994080e+02, 6.68921890e+01, 2.96678894e+02, 5.73008003e+01,
    3.49111206e+02, 4.77999763e+01, 4.01692505e+02, 3.83916512e+01,
    4.54874847e+02, 2.89810505e+01, 5.08096558e+02, 1.96751766e+01,
    2.79351135e+02, 1.08570076e+02, 3.29375580e+02, 9.95914536e+01,
    3.79664917e+02, 9.05414200e+01, 4.30399841e+02, 8.20078888e+01,
    4.81253021e+02, 7.30374985e+01, 5.32517944e+02, 6.44965363e+01,
    3.11198303e+02, 1.46806351e+02, 3.59521973e+02, 1.38479019e+02,
    4.08191498e+02, 1.30097733e+02, 4.56645691e+02, 1.21836288e+02,
    5.05746765e+02, 1.13540642e+02, 5.54809387e+02, 1.05335648e+02,
    3.41473358e+02, 1.82459549e+02, 3.87860291e+02, 1.74407547e+02,
    4.34326965e+02, 1.66459259e+02, 4.81323456e+02, 1.58720734e+02,
    5.28314819e+02, 1.50675980e+02, 5.75634094e+02, 1.43292175e+02,
    3.69084961e+02, 2.15240005e+02, 4.13665985e+02, 2.07513428e+02,
    4.58922638e+02, 2.00141464e+02, 5.03961731e+02, 1.92513535e+02,
    5.49456726e+02, 1.85260727e+02, 5.94642639e+02, 1.77601303e+02,
    3.94821930e+02, 2.45652313e+02, 4.38199341e+02, 2.38467209e+02,
    4.81604614e+02, 2.31230942e+02, 5.25213928e+02, 2.24039551e+02,
    5.68816101e+02, 2.16937622e+02, 6.12516235e+02, 2.09721619e+02,
    4.19343140e+02, 2.73935852e+02, 4.60881439e+02, 2.66860016e+02,
    5.03047089e+02, 2.60292694e+02, 5.44884827e+02, 2.53415756e+02,
    5.87122681e+02, 2.46510910e+02, 6.29259216e+02, 2.39721695e+02,
    4.41553497e+02, 2.99963257e+02, 4.82067566e+02, 2.93451782e+02,
    5.22586182e+02, 2.86787994e+02, 5.63356812e+02, 2.80533142e+02,
    6.03824341e+02, 2.73910400e+02, 6.44459595e+02, 2.67240356e+02 ]
