%YAML:1.0
---
points: [ 3.61607971e+02, 2.32805557e+02, 3.66053070e+02, 2.23807693e+02,
    3.70495941e+02, 2.14814011e+02, 3.74953003e+02, 2.05683929e+02,
    3.79462891e+02, 1.96479538e+02, 3.83906952e+02, 1.87275696e+02,
    3.70690765e+02, 2.37013153e+02, 3.75128235e+02, 2.27896133e+02,
    3.79681641e+02, 2.18672012e+02, 3.84253754e+02, 2.09372040e+02,
    3.88843170e+02, 2.00152145e+02, 3.93466919e+02, 1.90789337e+02,
    3.80042816e+02, 2.41416351e+02, 3.84640289e+02, 2.32034317e+02,
    3.89291351e+02, 2.22803406e+02, 3.93885071e+02, 2.13328735e+02,
    3.98637451e+02, 2.03914383e+02, 4.03281189e+02, 1.94372116e+02,
    3.89749023e+02, 2.45885330e+02, 3.94372131e+02, 2.36486633e+02,
    3.99060791e+02, 2.26930191e+02, 4.03884766e+02, 2.17376480e+02,
    4.08660889e+02, 2.07811661e+02, 4.13453796e+02, 1.98164474e+02,
    3.99734375e+02, 2.50532318e+02, 4.04483276e+02, 2.40856430e+02,
    4.09283386e+02, 2.31313736e+02, 4.14129791e+02, 2.21523987e+02,
    4.18983673e+02, 2.11845978e+02, 4.23764679e+02, 2.02075485e+02,
    4.09919403e+02, 2.55284485e+02, 4.14886230e+02, 2.45537643e+02,
    4.19695099e+02, 2.35746719e+02, 4.24679504e+02, 2.25889709e+02,
    4.29659088e+02, 2.15994751e+02, 4.34565918e+02, 2.06095230e+02,
    4.20583374e+02, 2.60183868e+02, 4.25542938e+02, 2.50320419e+02,
    4.30554871e+02, 2.40366959e+02, 4.35547577e+02, 2.30359604e+02,
    4.40564941e+02, 2.20189026e+02, 4.45538116e+02, 2.10196091e+02,
    4.31534271e+02, 2.65320068e+02, 4.36645905e+02, 2.55235336e+02,
    4.41642792e+02, 2.45188309e+02, 4.46785156e+02, 2.35010788e+02,
    4.51755005e+02, 2.24795776e+02, 4.56874542e+02, 2.14414093e+02 ]
