%YAML:1.0
---
points: [ 4.34643402e+02, 1.95026184e+02, 4.38399475e+02, 2.04334290e+02,
    4.42202454e+02, 2.13696671e+02, 4.46216034e+02, 2.23550827e+02,
    4.50253418e+02, 2.33474304e+02, 4.54444031e+02, 2.44015549e+02,
    4.24008575e+02, 1.99489944e+02, 4.27643463e+02, 2.08523102e+02,
    4.31251038e+02, 2.18059464e+02, 4.35040466e+02, 2.27738159e+02,
    4.38914032e+02, 2.37667175e+02, 4.42820953e+02, 2.47935959e+02,
    4.13738739e+02, 2.03745438e+02, 4.17080994e+02, 2.12781662e+02,
    4.20606750e+02, 2.22080597e+02, 4.24168304e+02, 2.31813110e+02,
    4.27820374e+02, 2.41527481e+02, 4.31584167e+02, 2.51804932e+02,
    4.03620605e+02, 2.07972733e+02, 4.06847198e+02, 2.16948029e+02,
    4.10096313e+02, 2.26127472e+02, 4.13525665e+02, 2.35681396e+02,
    4.16947235e+02, 2.45488724e+02, 4.20591003e+02, 2.55407608e+02,
    3.93818878e+02, 2.12053680e+02, 3.96858521e+02, 2.20935516e+02,
    3.99950897e+02, 2.30017685e+02, 4.03241272e+02, 2.39427933e+02,
    4.06473236e+02, 2.49153503e+02, 4.09834961e+02, 2.59125916e+02,
    3.84315613e+02, 2.15908813e+02, 3.87150513e+02, 2.24786179e+02,
    3.90153320e+02, 2.33787689e+02, 3.93196594e+02, 2.43115494e+02,
    3.96314606e+02, 2.52728241e+02, 3.99531555e+02, 2.62492737e+02,
    3.75017548e+02, 2.19791962e+02, 3.77731293e+02, 2.28478607e+02,
    3.80591034e+02, 2.37474442e+02, 3.83379791e+02, 2.46708221e+02,
    3.86382996e+02, 2.56185181e+02, 3.89326996e+02, 2.65885468e+02,
    3.65942139e+02, 2.23468918e+02, 3.68627686e+02, 2.32177856e+02,
    3.71254974e+02, 2.40961761e+02, 3.73981171e+02, 2.50131195e+02,
    3.76740295e+02, 2.59474060e+02, 3.79671356e+02, 2.69168274e+02 ]
