%YAML:1.0
---
points: [ 8.93162842e+02, 7.77955322e+01, 9.49859802e+02, 8.57691956e+01,
    1.00630292e+03, 9.36113815e+01, 1.05955444e+03, 1.01381653e+02,
    1.11530005e+03, 1.08333038e+02, 1.16870715e+03, 1.16032600e+02,
    8.87264160e+02, 1.19034004e+02, 9.42514771e+02, 1.26576599e+02,
    9.95311279e+02, 1.33456009e+02, 1.04777795e+03, 1.40576172e+02,
    1.09864514e+03, 1.47357773e+02, 1.15166309e+03, 1.54435547e+02,
    8.83309753e+02, 1.56612610e+02, 9.34472290e+02, 1.63204254e+02,
    9.85782471e+02, 1.69978439e+02, 1.03548975e+03, 1.76532013e+02,
    1.08556067e+03, 1.82618546e+02, 1.13429224e+03, 1.88813660e+02,
    8.77768555e+02, 1.90677185e+02, 9.27905518e+02, 1.96755615e+02,
    9.76371277e+02, 2.02998779e+02, 1.02501208e+03, 2.09086487e+02,
    1.07193713e+03, 2.14821442e+02, 1.11940930e+03, 2.20657425e+02,
    8.74586304e+02, 2.21761292e+02, 9.21365173e+02, 2.27534698e+02,
    9.68383484e+02, 2.33473648e+02, 1.01427545e+03, 2.39047440e+02,
    1.06020642e+03, 2.44479599e+02, 1.10519275e+03, 2.49742798e+02,
    8.69942444e+02, 2.50371170e+02, 9.15753967e+02, 2.55852219e+02,
    9.60384949e+02, 2.61318542e+02, 1.00514362e+03, 2.66346649e+02,
    1.04853430e+03, 2.71572540e+02, 1.09245703e+03, 2.76618683e+02,
    8.66570251e+02, 2.76705719e+02, 9.09984253e+02, 2.81808502e+02,
    9.53509338e+02, 2.87103699e+02, 9.95998352e+02, 2.91854645e+02,
    1.03855444e+03, 2.96724731e+02, 1.07998120e+03, 3.01617798e+02,
    8.62619202e+02, 3.01148376e+02, 9.05196533e+02, 3.05992035e+02,
    9.46714111e+02, 3.10580963e+02, 9.88074219e+02, 3.15258484e+02,
    1.02853674e+03, 3.19727173e+02, 1.06920850e+03, 3.24258240e+02 ]
