%YAML:1.0
---
points: [ 4.11318848e+02, 1.95429581e+02, 4.21912445e+02, 1.91830765e+02,
    4.32788147e+02, 1.88193542e+02, 4.43777802e+02, 1.84390564e+02,
    4.54899536e+02, 1.80687836e+02, 4.66197876e+02, 1.76692673e+02,
    4.14567444e+02, 2.04410156e+02, 4.25335236e+02, 2.01002762e+02,
    4.36277283e+02, 1.97228485e+02, 4.47510040e+02, 1.93591522e+02,
    4.58766022e+02, 1.89810837e+02, 4.70239502e+02, 1.86126984e+02,
    4.17849640e+02, 2.13835724e+02, 4.28856964e+02, 2.10221375e+02,
    4.40013550e+02, 2.06743866e+02, 4.51264435e+02, 2.03094116e+02,
    4.62824799e+02, 1.99332550e+02, 4.74302612e+02, 1.95422485e+02,
    4.21197144e+02, 2.23122284e+02, 4.32352692e+02, 2.19774490e+02,
    4.43743774e+02, 2.16252304e+02, 4.55273315e+02, 2.12712891e+02,
    4.66777924e+02, 2.09090637e+02, 4.78636719e+02, 2.05412216e+02,
    4.24701447e+02, 2.32963440e+02, 4.36032196e+02, 2.29556290e+02,
    4.47497162e+02, 2.26208908e+02, 4.59229156e+02, 2.22566299e+02,
    4.70988159e+02, 2.19116837e+02, 4.82832642e+02, 2.15243408e+02,
    4.28294281e+02, 2.42871140e+02, 4.39807465e+02, 2.39602417e+02,
    4.51415100e+02, 2.36187378e+02, 4.63249481e+02, 2.32806915e+02,
    4.75163055e+02, 2.29208649e+02, 4.87284943e+02, 2.25645630e+02,
    4.31934570e+02, 2.53142197e+02, 4.43555939e+02, 2.49903305e+02,
    4.55404541e+02, 2.46605988e+02, 4.67298553e+02, 2.43189865e+02,
    4.79437347e+02, 2.39727509e+02, 4.91464050e+02, 2.36094101e+02,
    4.35604797e+02, 2.63514130e+02, 4.47515625e+02, 2.60455292e+02,
    4.59478210e+02, 2.57212921e+02, 4.71591156e+02, 2.53985291e+02,
    4.83646790e+02, 2.50397491e+02, 4.96112762e+02, 2.47059875e+02 ]
