%YAML:1.0
---
points: [ 1.12123926e+03, 1.11221336e+02, 1.16615601e+03, 1.43415100e+02,
    1.20996667e+03, 1.74641220e+02, 1.25241504e+03, 2.05129822e+02,
    1.29400232e+03, 2.34492813e+02, 1.33452576e+03, 2.63181488e+02,
    1.09152905e+03, 1.41216522e+02, 1.13484595e+03, 1.71547165e+02,
    1.17693604e+03, 2.01153564e+02, 1.21799072e+03, 2.29777481e+02,
    1.25816284e+03, 2.57560120e+02, 1.29737085e+03, 2.84610352e+02,
    1.06449011e+03, 1.68466507e+02, 1.10616455e+03, 1.97200577e+02,
    1.14698511e+03, 2.25143250e+02, 1.18657910e+03, 2.52334351e+02,
    1.22553784e+03, 2.78653870e+02, 1.26327075e+03, 3.04368378e+02,
    1.03974548e+03, 1.93501282e+02, 1.08022473e+03, 2.20596542e+02,
    1.11942676e+03, 2.47226288e+02, 1.15781628e+03, 2.72854065e+02,
    1.19529395e+03, 2.97955444e+02, 1.23203711e+03, 3.22431610e+02,
    1.01725110e+03, 2.16360260e+02, 1.05604797e+03, 2.42219421e+02,
    1.09415564e+03, 2.67289124e+02, 1.13129907e+03, 2.91722321e+02,
    1.16764478e+03, 3.15608215e+02, 1.20321472e+03, 3.38884583e+02,
    9.96284241e+02, 2.37524139e+02, 1.03408643e+03, 2.62043549e+02,
    1.07072534e+03, 2.86055847e+02, 1.10686572e+03, 3.09250580e+02,
    1.14205176e+03, 3.32120422e+02, 1.17666943e+03, 3.54287872e+02,
    9.76995667e+02, 2.56762756e+02, 1.01347174e+03, 2.80306824e+02,
    1.04916321e+03, 3.03248657e+02, 1.08396863e+03, 3.25562256e+02,
    1.11829541e+03, 3.47310028e+02, 1.15176208e+03, 3.68591980e+02,
    9.59187378e+02, 2.74690491e+02, 9.94458069e+02, 2.97140137e+02,
    1.02910583e+03, 3.19085693e+02, 1.06303845e+03, 3.40422150e+02,
    1.09623389e+03, 3.61356079e+02, 1.12882642e+03, 3.81616547e+02 ]
