%YAML:1.0
---
points: [ 3.97060120e+02, 1.71464981e+02, 4.04699127e+02, 1.77682190e+02,
    4.12164490e+02, 1.83793793e+02, 4.19645142e+02, 1.89947693e+02,
    4.26791168e+02, 1.95821533e+02, 4.34044312e+02, 2.01691132e+02,
    3.92475128e+02, 1.80213974e+02, 4.00166351e+02, 1.86363571e+02,
    4.07763092e+02, 1.92429474e+02, 4.15245636e+02, 1.98473175e+02,
    4.22655548e+02, 2.04417709e+02, 4.29845001e+02, 2.10341812e+02,
    3.87703064e+02, 1.89134476e+02, 3.95584656e+02, 1.95311249e+02,
    4.03188232e+02, 2.01338837e+02, 4.10848053e+02, 2.07348709e+02,
    4.18273010e+02, 2.13316727e+02, 4.25656464e+02, 2.19129898e+02,
    3.82989716e+02, 1.98054581e+02, 3.90904205e+02, 2.04210342e+02,
    3.98729797e+02, 2.10308044e+02, 4.06326630e+02, 2.16308090e+02,
    4.13940491e+02, 2.22209030e+02, 4.21291656e+02, 2.28040375e+02,
    3.78212067e+02, 2.07253296e+02, 3.86199036e+02, 2.13322067e+02,
    3.94017822e+02, 2.19347412e+02, 4.01844177e+02, 2.25292801e+02,
    4.09473114e+02, 2.31246735e+02, 4.17048645e+02, 2.36985184e+02,
    3.73352386e+02, 2.16374069e+02, 3.81436646e+02, 2.22576584e+02,
    3.89381165e+02, 2.28487823e+02, 3.97231232e+02, 2.34488007e+02,
    4.04971802e+02, 2.40310165e+02, 4.12599487e+02, 2.46147552e+02,
    3.68334503e+02, 2.25768753e+02, 3.76578613e+02, 2.31816193e+02,
    3.84630219e+02, 2.37794983e+02, 3.92571106e+02, 2.43744553e+02,
    4.00398376e+02, 2.49564148e+02, 4.08072723e+02, 2.55267853e+02,
    3.63335205e+02, 2.35217194e+02, 3.71647675e+02, 2.41272873e+02,
    3.79764130e+02, 2.47267822e+02, 3.87767151e+02, 2.53154099e+02,
    3.95726929e+02, 2.59059265e+02, 4.03477844e+02, 2.64665192e+02 ]
