%YAML:1.0
---
points: [ 1.28381433e+03, 3.39830719e+02, 1.30927454e+03, 3.80711700e+02,
    1.33316736e+03, 4.19667419e+02, 1.35628162e+03, 4.56877228e+02,
    1.37844263e+03, 4.92500183e+02, 1.39973035e+03, 5.26639771e+02,
    1.23653271e+03, 3.48321320e+02, 1.26164453e+03, 3.87241180e+02,
    1.28579285e+03, 4.24451660e+02, 1.30889124e+03, 4.60308624e+02,
    1.33134302e+03, 4.94333649e+02, 1.35274243e+03, 5.27215942e+02,
    1.19260022e+03, 3.55804535e+02, 1.21798950e+03, 3.93128326e+02,
    1.24215027e+03, 4.28936920e+02, 1.26521912e+03, 4.63126129e+02,
    1.28767712e+03, 4.96221222e+02, 1.30921484e+03, 5.27476807e+02,
    1.15229150e+03, 3.62637024e+02, 1.17745959e+03, 3.98478424e+02,
    1.20162366e+03, 4.32942444e+02, 1.22467407e+03, 4.65921539e+02,
    1.24717029e+03, 4.97485657e+02, 1.26859998e+03, 5.28097534e+02,
    1.11517078e+03, 3.69270447e+02, 1.14003235e+03, 4.03517731e+02,
    1.16386572e+03, 4.36503204e+02, 1.18708020e+03, 4.68187561e+02,
    1.20928333e+03, 4.98769592e+02, 1.23080627e+03, 5.28179321e+02,
    1.08054529e+03, 3.75320831e+02, 1.10516760e+03, 4.08248535e+02,
    1.12901599e+03, 4.40058990e+02, 1.15197119e+03, 4.70578125e+02,
    1.17424683e+03, 5.00188660e+02, 1.19560376e+03, 5.28520935e+02,
    1.04810242e+03, 3.80535278e+02, 1.07263049e+03, 4.12467560e+02,
    1.09629895e+03, 4.43319000e+02, 1.11889636e+03, 4.72656830e+02,
    1.14119153e+03, 5.01366486e+02, 1.16232666e+03, 5.28634766e+02,
    1.01797656e+03, 3.85586365e+02, 1.04235205e+03, 4.16439270e+02,
    1.06570898e+03, 4.46072937e+02, 1.08842493e+03, 4.74710876e+02,
    1.11037781e+03, 5.02477539e+02, 1.13141821e+03, 5.28821472e+02 ]
