%YAML:1.0
---
points: [ 1.11496753e+03, 5.98037415e+02, 1.10456348e+03, 5.61987671e+02,
    1.09416345e+03, 5.24935120e+02, 1.08347803e+03, 4.87232513e+02,
    1.07249573e+03, 4.48552673e+02, 1.06128296e+03, 4.08579102e+02,
    1.14001416e+03, 6.06403137e+02, 1.12952332e+03, 5.69339355e+02,
    1.11883008e+03, 5.30877075e+02, 1.10799585e+03, 4.92046448e+02,
    1.09726514e+03, 4.51698669e+02, 1.08596423e+03, 4.10667786e+02,
    1.16702039e+03, 6.15485046e+02, 1.15655054e+03, 5.76903320e+02,
    1.14591687e+03, 5.37593384e+02, 1.13511194e+03, 4.97168213e+02,
    1.12377942e+03, 4.55522888e+02, 1.11256836e+03, 4.12910217e+02,
    1.19595239e+03, 6.25193237e+02, 1.18558630e+03, 5.85492981e+02,
    1.17479590e+03, 5.44425476e+02, 1.16413293e+03, 5.02541443e+02,
    1.15281079e+03, 4.59518646e+02, 1.14139429e+03, 4.15216949e+02,
    1.22726685e+03, 6.35571228e+02, 1.21676636e+03, 5.94393372e+02,
    1.20615735e+03, 5.51863159e+02, 1.19530798e+03, 5.08462067e+02,
    1.18421863e+03, 4.63735107e+02, 1.17250403e+03, 4.17673981e+02,
    1.26116785e+03, 6.46768921e+02, 1.25053430e+03, 6.04141785e+02,
    1.23985339e+03, 5.60105591e+02, 1.22894836e+03, 5.14752380e+02,
    1.21799780e+03, 4.68310364e+02, 1.20655139e+03, 4.20352478e+02,
    1.29779443e+03, 6.59217773e+02, 1.28747156e+03, 6.14571533e+02,
    1.27662305e+03, 5.68905273e+02, 1.26605725e+03, 5.21637451e+02,
    1.25480664e+03, 4.73126495e+02, 1.24361353e+03, 4.23255798e+02,
    1.33808240e+03, 6.72449768e+02, 1.32782190e+03, 6.26141907e+02,
    1.31723279e+03, 5.78378967e+02, 1.30659668e+03, 5.29275574e+02,
    1.29559021e+03, 4.78498413e+02, 1.28435938e+03, 4.26220001e+02 ]
