%YAML:1.0
---
points: [ 3.99149567e+02, 1.96379822e+02, 4.08575562e+02, 2.03175888e+02,
    4.17951508e+02, 2.10085175e+02, 4.27368652e+02, 2.16869202e+02,
    4.36651642e+02, 2.23646011e+02, 4.46057343e+02, 2.30407715e+02,
    3.91484833e+02, 2.05253174e+02, 4.00787445e+02, 2.12067505e+02,
    4.10105530e+02, 2.18801163e+02, 4.19405151e+02, 2.25586548e+02,
    4.28767181e+02, 2.32315842e+02, 4.37922394e+02, 2.39178192e+02,
    3.83796936e+02, 2.14103455e+02, 3.93087341e+02, 2.20776077e+02,
    4.02354370e+02, 2.27448273e+02, 4.11664459e+02, 2.34208237e+02,
    4.20779175e+02, 2.40987991e+02, 4.30065002e+02, 2.47647964e+02,
    3.76404297e+02, 2.22693024e+02, 3.85568512e+02, 2.29301636e+02,
    3.94744904e+02, 2.36049759e+02, 4.03892578e+02, 2.42632217e+02,
    4.13146301e+02, 2.49299011e+02, 4.22200928e+02, 2.56051361e+02,
    3.69053284e+02, 2.31162338e+02, 3.78180756e+02, 2.37650360e+02,
    3.87240112e+02, 2.44244217e+02, 3.96383362e+02, 2.50937912e+02,
    4.05369965e+02, 2.57512329e+02, 4.14626007e+02, 2.64119965e+02,
    3.61940460e+02, 2.39339447e+02, 3.70924133e+02, 2.45908127e+02,
    3.79953552e+02, 2.52498047e+02, 3.88966827e+02, 2.59113373e+02,
    3.97953583e+02, 2.65592590e+02, 4.07020233e+02, 2.72282074e+02,
    3.54923950e+02, 2.47475388e+02, 3.63818298e+02, 2.53976791e+02,
    3.72745483e+02, 2.60476440e+02, 3.81696411e+02, 2.67006531e+02,
    3.90624084e+02, 2.73570557e+02, 3.99627716e+02, 2.80151611e+02,
    3.47984070e+02, 2.55499313e+02, 3.56833405e+02, 2.61922699e+02,
    3.65687042e+02, 2.68342102e+02, 3.74520111e+02, 2.74872345e+02,
    3.83426575e+02, 2.81353363e+02, 3.92251465e+02, 2.87864014e+02 ]
