%YAML:1.0
---
points: [ 3.93553345e+02, 1.91180069e+02, 4.02839264e+02, 1.98002747e+02,
    4.11899353e+02, 2.04664978e+02, 4.20986664e+02, 2.11490631e+02,
    4.30002289e+02, 2.18271469e+02, 4.39118011e+02, 2.24991989e+02,
    3.85920227e+02, 1.99987869e+02, 3.94974518e+02, 2.06710236e+02,
    4.04085480e+02, 2.13397018e+02, 4.13163757e+02, 2.20153915e+02,
    4.22196411e+02, 2.26898132e+02, 4.30994720e+02, 2.33626404e+02,
    3.78279510e+02, 2.08749680e+02, 3.87307648e+02, 2.15406693e+02,
    3.96327026e+02, 2.22101044e+02, 4.05398315e+02, 2.28749863e+02,
    4.14335938e+02, 2.35423096e+02, 4.23303955e+02, 2.42077621e+02,
    3.70863312e+02, 2.17300049e+02, 3.79775055e+02, 2.23958374e+02,
    3.88758820e+02, 2.30533249e+02, 3.97730377e+02, 2.37169891e+02,
    4.06691956e+02, 2.43728165e+02, 4.15487762e+02, 2.50318344e+02,
    3.63532532e+02, 2.25787369e+02, 3.72410858e+02, 2.32316925e+02,
    3.81353363e+02, 2.38862213e+02, 3.90198669e+02, 2.45442001e+02,
    3.99043579e+02, 2.51976974e+02, 4.07894318e+02, 2.58492188e+02,
    3.56376190e+02, 2.34006592e+02, 3.65202972e+02, 2.40501389e+02,
    3.73963867e+02, 2.47047867e+02, 3.82821960e+02, 2.53506836e+02,
    3.91615204e+02, 2.60029541e+02, 4.00391266e+02, 2.66488373e+02,
    3.49315857e+02, 2.42115814e+02, 3.58016113e+02, 2.48534912e+02,
    3.66774323e+02, 2.55024185e+02, 3.75580933e+02, 2.61428589e+02,
    3.84368866e+02, 2.67921326e+02, 3.93065186e+02, 2.74358185e+02,
    3.42365845e+02, 2.50093781e+02, 3.51042999e+02, 2.56499817e+02,
    3.59707306e+02, 2.62918793e+02, 3.68421234e+02, 2.69320251e+02,
    3.77092590e+02, 2.75744873e+02, 3.85711029e+02, 2.82190277e+02 ]
