%YAML:1.0
---
points: [ 1.50240063e+03, 2.30358475e+02, 1.50724878e+03, 2.72065826e+02,
    1.51181799e+03, 3.13225922e+02, 1.51649744e+03, 3.53390930e+02,
    1.52105676e+03, 3.92570526e+02, 1.52551062e+03, 4.31056396e+02,
    1.45745557e+03, 2.38916519e+02, 1.46246521e+03, 2.79559082e+02,
    1.46731628e+03, 3.19411713e+02, 1.47204236e+03, 3.58611725e+02,
    1.47696313e+03, 3.96892456e+02, 1.48151685e+03, 4.34487335e+02,
    1.41424707e+03, 2.46901810e+02, 1.41964697e+03, 2.86600464e+02,
    1.42478430e+03, 3.25521240e+02, 1.42991663e+03, 3.63620209e+02,
    1.43483301e+03, 4.01256866e+02, 1.43999451e+03, 4.37633118e+02,
    1.37340820e+03, 2.54761368e+02, 1.37883740e+03, 2.93275909e+02,
    1.38438184e+03, 3.31276520e+02, 1.38966418e+03, 3.68508453e+02,
    1.39500757e+03, 4.04777679e+02, 1.40023364e+03, 4.40592712e+02,
    1.33395093e+03, 2.62131805e+02, 1.33971606e+03, 2.99716675e+02,
    1.34537341e+03, 3.36717255e+02, 1.35114343e+03, 3.72908386e+02,
    1.35658826e+03, 4.08633423e+02, 1.36205127e+03, 4.43611938e+02,
    1.29664600e+03, 2.69320557e+02, 1.30255530e+03, 3.06182587e+02,
    1.30855298e+03, 3.42187012e+02, 1.31419885e+03, 3.77483582e+02,
    1.32007129e+03, 4.12338135e+02, 1.32570532e+03, 4.46359436e+02,
    1.26067444e+03, 2.76126465e+02, 1.26697559e+03, 3.11952423e+02,
    1.27295862e+03, 3.47290619e+02, 1.27902661e+03, 3.81734955e+02,
    1.28487219e+03, 4.15717529e+02, 1.29068164e+03, 4.49136505e+02,
    1.22682666e+03, 2.82374603e+02, 1.23309058e+03, 3.17631561e+02,
    1.23930908e+03, 3.51921265e+02, 1.24529102e+03, 3.85840942e+02,
    1.25149597e+03, 4.18886627e+02, 1.25755896e+03, 4.51455475e+02 ]
