%YAML:1.0
---
points: [ 1.23821643e+03, 3.73377289e+02, 1.26937109e+03, 3.78762360e+02,
    1.30142822e+03, 3.84191223e+02, 1.33448816e+03, 3.89988495e+02,
    1.36906006e+03, 3.95665588e+02, 1.40455554e+03, 4.01893097e+02,
    1.23185303e+03, 4.04959473e+02, 1.26257324e+03, 4.10576202e+02,
    1.29430530e+03, 4.16752869e+02, 1.32720605e+03, 4.22774536e+02,
    1.36104919e+03, 4.29274689e+02, 1.39629700e+03, 4.35612427e+02,
    1.22567517e+03, 4.35611816e+02, 1.25587659e+03, 4.41898163e+02,
    1.28721375e+03, 4.48385773e+02, 1.31972803e+03, 4.55105621e+02,
    1.35350842e+03, 4.61860779e+02, 1.38812024e+03, 4.69256897e+02,
    1.21953955e+03, 4.66211334e+02, 1.24949170e+03, 4.72622986e+02,
    1.28055090e+03, 4.79751892e+02, 1.31254028e+03, 4.86700226e+02,
    1.34584448e+03, 4.94220123e+02, 1.38031958e+03, 5.01787201e+02,
    1.21344617e+03, 4.96003448e+02, 1.24329785e+03, 5.03194763e+02,
    1.27417700e+03, 5.10501984e+02, 1.30561731e+03, 5.18249146e+02,
    1.33851892e+03, 5.25821838e+02, 1.37243774e+03, 5.34031067e+02,
    1.20770154e+03, 5.25396362e+02, 1.23721252e+03, 5.32939758e+02,
    1.26749365e+03, 5.40689148e+02, 1.29880273e+03, 5.48736572e+02,
    1.33139807e+03, 5.56973816e+02, 1.36477087e+03, 5.65562805e+02,
    1.20201257e+03, 5.54432373e+02, 1.23120593e+03, 5.62437195e+02,
    1.26097681e+03, 5.70591919e+02, 1.29197571e+03, 5.79284180e+02,
    1.32408374e+03, 5.87771423e+02, 1.35736633e+03, 5.97216553e+02,
    1.19650696e+03, 5.82949829e+02, 1.22515869e+03, 5.91346680e+02,
    1.25485522e+03, 5.99939392e+02, 1.28549561e+03, 6.08760742e+02,
    1.31726575e+03, 6.18197327e+02, 1.34989819e+03, 6.27417419e+02 ]
