%YAML:1.0
---
points: [ 3.63178101e+02, 2.14821884e+02, 3.73866974e+02, 2.14541519e+02,
    3.84992188e+02, 2.14094818e+02, 3.96172180e+02, 2.13754913e+02,
    4.07501160e+02, 2.13410248e+02, 4.19111969e+02, 2.12823624e+02,
    3.63245789e+02, 2.24324173e+02, 3.74172821e+02, 2.24000275e+02,
    3.85280457e+02, 2.23720337e+02, 3.96599243e+02, 2.23355911e+02,
    4.08161377e+02, 2.22961487e+02, 4.19885986e+02, 2.22732773e+02,
    3.63360077e+02, 2.33899384e+02, 3.74431458e+02, 2.33780502e+02,
    3.85641418e+02, 2.33635147e+02, 3.97287445e+02, 2.33332428e+02,
    4.08957733e+02, 2.33101654e+02, 4.20765808e+02, 2.32820023e+02,
    3.63553558e+02, 2.43826019e+02, 3.74687378e+02, 2.43663818e+02,
    3.86252167e+02, 2.43576904e+02, 3.97780975e+02, 2.43477875e+02,
    4.09564575e+02, 2.43383224e+02, 4.21532532e+02, 2.43291397e+02,
    3.63784637e+02, 2.53826721e+02, 3.75167999e+02, 2.53790817e+02,
    3.86647522e+02, 2.53815292e+02, 3.98374451e+02, 2.53891312e+02,
    4.10319427e+02, 2.53827362e+02, 4.22442017e+02, 2.53651489e+02,
    3.64065643e+02, 2.64193756e+02, 3.75420166e+02, 2.64227020e+02,
    3.87221069e+02, 2.64407684e+02, 3.99101349e+02, 2.64642822e+02,
    4.11231873e+02, 2.64678864e+02, 4.23354187e+02, 2.64682678e+02,
    3.64185913e+02, 2.74769806e+02, 3.75798401e+02, 2.74896179e+02,
    3.87605591e+02, 2.75153625e+02, 3.99685974e+02, 2.75438232e+02,
    4.11932831e+02, 2.75684418e+02, 4.24212402e+02, 2.75540710e+02,
    3.64428528e+02, 2.85692932e+02, 3.76202332e+02, 2.85971680e+02,
    3.88147766e+02, 2.86206635e+02, 4.00297394e+02, 2.86636414e+02,
    4.12643616e+02, 2.86873108e+02, 4.25208984e+02, 2.87033844e+02 ]
