%YAML:1.0
---
points: [ 4.00467651e+02, 1.95864090e+02, 4.07533051e+02, 1.99577652e+02,
    4.14287842e+02, 2.03166779e+02, 4.20849579e+02, 2.06574478e+02,
    4.27169708e+02, 2.10023865e+02, 4.33258453e+02, 2.13281143e+02,
    3.97402679e+02, 2.06903427e+02, 4.04396790e+02, 2.10378189e+02,
    4.11415680e+02, 2.13889114e+02, 4.17971558e+02, 2.17222519e+02,
    4.24384705e+02, 2.20273972e+02, 4.30102600e+02, 2.23242783e+02,
    3.94316010e+02, 2.18106873e+02, 4.01518005e+02, 2.21435593e+02,
    4.08414673e+02, 2.24715469e+02, 4.15327301e+02, 2.27956940e+02,
    4.21560974e+02, 2.30867859e+02, 4.27456451e+02, 2.33706711e+02,
    3.91264893e+02, 2.29225281e+02, 3.98484253e+02, 2.32413528e+02,
    4.05398346e+02, 2.35441208e+02, 4.12084595e+02, 2.38478882e+02,
    4.18884705e+02, 2.41369064e+02, 4.25144684e+02, 2.44191086e+02,
    3.88097382e+02, 2.40538940e+02, 3.95377472e+02, 2.43459732e+02,
    4.02421417e+02, 2.46452805e+02, 4.09367004e+02, 2.49242279e+02,
    4.16155212e+02, 2.52065491e+02, 4.22230865e+02, 2.54726379e+02,
    3.84973907e+02, 2.51762070e+02, 3.92401337e+02, 2.54675705e+02,
    3.99584625e+02, 2.57414673e+02, 4.06415100e+02, 2.60118134e+02,
    4.13244476e+02, 2.62662781e+02, 4.19536377e+02, 2.65106171e+02,
    3.81794983e+02, 2.63179962e+02, 3.89280121e+02, 2.65679382e+02,
    3.96527283e+02, 2.68354950e+02, 4.03465698e+02, 2.70857361e+02,
    4.10163483e+02, 2.73335388e+02, 4.16505829e+02, 2.75741119e+02,
    3.78705994e+02, 2.74490631e+02, 3.86178314e+02, 2.77085358e+02,
    3.93435394e+02, 2.79410767e+02, 4.00535400e+02, 2.81781250e+02,
    4.07347717e+02, 2.84140656e+02, 4.14223236e+02, 2.86227936e+02 ]
