%YAML:1.0
---
points: [ 1.09347607e+03, 2.58019196e+02, 1.11126416e+03, 3.01640778e+02,
    1.12832617e+03, 3.43830078e+02, 1.14510278e+03, 3.84776947e+02,
    1.16132812e+03, 4.24564941e+02, 1.17726648e+03, 4.63053680e+02,
    1.04962366e+03, 2.77329834e+02, 1.06760608e+03, 3.20001129e+02,
    1.08526697e+03, 3.61307404e+02, 1.10221021e+03, 4.01430206e+02,
    1.11888501e+03, 4.40286896e+02, 1.13519397e+03, 4.78208191e+02,
    1.00709338e+03, 2.95685364e+02, 1.02553674e+03, 3.37510498e+02,
    1.04355542e+03, 3.78178680e+02, 1.06100842e+03, 4.17404877e+02,
    1.07776941e+03, 4.55549133e+02, 1.09429041e+03, 4.92480988e+02,
    9.65783081e+02, 3.13707581e+02, 9.84580139e+02, 3.54556213e+02,
    1.00295221e+03, 3.94318878e+02, 1.02061145e+03, 4.32723450e+02,
    1.03793481e+03, 4.70312775e+02, 1.05464075e+03, 5.06535492e+02,
    9.25649353e+02, 3.31243347e+02, 9.44990784e+02, 3.71242798e+02,
    9.63429321e+02, 4.10040009e+02, 9.81512695e+02, 4.47742950e+02,
    9.99114990e+02, 4.84500793e+02, 1.01622980e+03, 5.20218506e+02,
    8.86836792e+02, 3.48076294e+02, 9.06197571e+02, 3.87250854e+02,
    9.25166382e+02, 4.25443939e+02, 9.43502747e+02, 4.62450500e+02,
    9.61357788e+02, 4.98409790e+02, 9.78675049e+02, 5.33467224e+02,
    8.48600708e+02, 3.64256073e+02, 8.68421814e+02, 4.02875397e+02,
    8.87584534e+02, 4.40382324e+02, 9.06143066e+02, 4.76622986e+02,
    9.24382263e+02, 5.11985260e+02, 9.41977051e+02, 5.46502747e+02,
    8.11714600e+02, 3.80258698e+02, 8.31630859e+02, 4.17908997e+02,
    8.51332947e+02, 4.54706207e+02, 8.70194336e+02, 4.90425537e+02,
    8.88524292e+02, 5.25211975e+02, 9.06335449e+02, 5.58961121e+02 ]
