%YAML:1.0
---
points: [ 3.69275635e+02, 1.60728119e+02, 3.78896667e+02, 1.64318726e+02,
    3.88320465e+02, 1.67972458e+02, 3.97687500e+02, 1.71578857e+02,
    4.07001617e+02, 1.75150009e+02, 4.16188019e+02, 1.78652924e+02,
    3.68430206e+02, 1.69352402e+02, 3.78144806e+02, 1.73040268e+02,
    3.87706268e+02, 1.76598190e+02, 3.97335114e+02, 1.80262436e+02,
    4.06737732e+02, 1.83883820e+02, 4.16077148e+02, 1.87519958e+02,
    3.67663422e+02, 1.78333862e+02, 3.77472809e+02, 1.81997559e+02,
    3.87243622e+02, 1.85738037e+02, 3.96980438e+02, 1.89338715e+02,
    4.06477753e+02, 1.92962845e+02, 4.15870209e+02, 1.96401932e+02,
    3.66839142e+02, 1.87609314e+02, 3.76803314e+02, 1.91278152e+02,
    3.86670410e+02, 1.94927246e+02, 3.96446228e+02, 1.98547211e+02,
    4.06202454e+02, 2.02161621e+02, 4.15747223e+02, 2.05747345e+02,
    3.65915131e+02, 1.97061218e+02, 3.76129028e+02, 2.00760193e+02,
    3.86125092e+02, 2.04397537e+02, 3.96119690e+02, 2.08083878e+02,
    4.05906982e+02, 2.11731094e+02, 4.15539307e+02, 2.15245346e+02,
    3.65027496e+02, 2.06812225e+02, 3.75334625e+02, 2.10568741e+02,
    3.85461395e+02, 2.14221222e+02, 3.95597443e+02, 2.17857559e+02,
    4.05458588e+02, 2.21405945e+02, 4.15476746e+02, 2.25052689e+02,
    3.64113464e+02, 2.16882767e+02, 3.74541962e+02, 2.20636078e+02,
    3.84953247e+02, 2.24266647e+02, 3.95200439e+02, 2.27934189e+02,
    4.05324707e+02, 2.31603363e+02, 4.15293182e+02, 2.35123138e+02,
    3.63179962e+02, 2.27266083e+02, 3.73764282e+02, 2.31017242e+02,
    3.84289978e+02, 2.34622467e+02, 3.94571899e+02, 2.38348831e+02,
    4.04863373e+02, 2.41844635e+02, 4.15081482e+02, 2.45435852e+02 ]
