%YAML:1.0
---
points: [ 9.99330566e+02, 5.11352631e+02, 1.01106366e+03, 5.47252991e+02,
    1.02288171e+03, 5.83172058e+02, 1.03474182e+03, 6.18855164e+02,
    1.04674341e+03, 6.54717590e+02, 1.05860876e+03, 6.90777588e+02,
    9.63449341e+02, 5.23315186e+02, 9.75254639e+02, 5.58968689e+02,
    9.87169434e+02, 5.94765442e+02, 9.98870667e+02, 6.30765686e+02,
    1.01061353e+03, 6.66533264e+02, 1.02260345e+03, 7.02626770e+02,
    9.27676880e+02, 5.35004150e+02, 9.39577393e+02, 5.70773499e+02,
    9.51349487e+02, 6.06539734e+02, 9.63259827e+02, 6.42518921e+02,
    9.75010376e+02, 6.78463379e+02, 9.86806702e+02, 7.14332764e+02,
    8.91881531e+02, 5.46685608e+02, 9.03635498e+02, 5.82559570e+02,
    9.15585327e+02, 6.18482788e+02, 9.27463867e+02, 6.54306152e+02,
    9.39372253e+02, 6.90381042e+02, 9.50950684e+02, 7.26361267e+02,
    8.55941833e+02, 5.58589844e+02, 8.67834290e+02, 5.94411011e+02,
    8.79762695e+02, 6.30321411e+02, 8.91545593e+02, 6.66205200e+02,
    9.03319397e+02, 7.02195740e+02, 9.15298218e+02, 7.38336853e+02,
    8.20321472e+02, 5.70446350e+02, 8.32161560e+02, 6.06116089e+02,
    8.43835938e+02, 6.42240784e+02, 8.55594543e+02, 6.78070801e+02,
    8.67401489e+02, 7.13894775e+02, 8.79496460e+02, 7.50018433e+02,
    7.84211853e+02, 5.82163147e+02, 7.96023254e+02, 6.18304321e+02,
    8.07672180e+02, 6.53972534e+02, 8.19582336e+02, 6.90159790e+02,
    8.31458191e+02, 7.25946411e+02, 8.43131592e+02, 7.62169800e+02,
    7.48029358e+02, 5.94044495e+02, 7.59851074e+02, 6.29994080e+02,
    7.71789490e+02, 6.65908081e+02, 7.83570679e+02, 7.01773865e+02,
    7.95433594e+02, 7.38150146e+02, 8.07195374e+02, 7.74098511e+02 ]
