%YAML:1.0
---
points: [ 1.37017651e+03, 4.27248077e+02, 1.38868665e+03, 4.45101318e+02,
    1.40751245e+03, 4.62924133e+02, 1.42629321e+03, 4.80906036e+02,
    1.44530322e+03, 4.99031708e+02, 1.46423132e+03, 5.17260742e+02,
    1.35042285e+03, 4.45192535e+02, 1.36883289e+03, 4.62834351e+02,
    1.38749011e+03, 4.80651123e+02, 1.40616968e+03, 4.98683655e+02,
    1.42485107e+03, 5.16682617e+02, 1.44378455e+03, 5.34785339e+02,
    1.33072485e+03, 4.63053345e+02, 1.34906714e+03, 4.80611298e+02,
    1.36754773e+03, 4.98463623e+02, 1.38606030e+03, 5.16343079e+02,
    1.40470154e+03, 5.34200562e+02, 1.42348755e+03, 5.52341492e+02,
    1.31148059e+03, 4.80505981e+02, 1.32965845e+03, 4.98185120e+02,
    1.34788428e+03, 5.15815002e+02, 1.36638611e+03, 5.33548035e+02,
    1.38478455e+03, 5.51508606e+02, 1.40346887e+03, 5.69464050e+02,
    1.29249011e+03, 4.97886810e+02, 1.31043457e+03, 5.15426453e+02,
    1.32861877e+03, 5.32946594e+02, 1.34679492e+03, 5.50717468e+02,
    1.36526355e+03, 5.68530151e+02, 1.38353613e+03, 5.86477844e+02,
    1.27361694e+03, 5.15064453e+02, 1.29153979e+03, 5.32423401e+02,
    1.30947217e+03, 5.50064514e+02, 1.32758984e+03, 5.67677246e+02,
    1.34574976e+03, 5.85453064e+02, 1.36418140e+03, 6.03311768e+02,
    1.25525830e+03, 5.31840759e+02, 1.27273096e+03, 5.49295166e+02,
    1.29068542e+03, 5.66789917e+02, 1.30866345e+03, 5.84369141e+02,
    1.32666553e+03, 6.01984436e+02, 1.34477771e+03, 6.19864563e+02,
    1.23672119e+03, 5.48617310e+02, 1.25447217e+03, 5.65903198e+02,
    1.27197510e+03, 5.83449219e+02, 1.28985938e+03, 6.00762207e+02,
    1.30770605e+03, 6.18520569e+02, 1.32575586e+03, 6.36270874e+02 ]
