%YAML:1.0
---
points: [ 3.42902893e+02, 2.22252838e+02, 3.50917664e+02, 2.23984070e+02,
    3.58494965e+02, 2.27921249e+02, 3.66398773e+02, 2.31067093e+02,
    3.74280182e+02, 2.33782898e+02, 3.82267395e+02, 2.36375046e+02,
    3.41418549e+02, 2.27882751e+02, 3.49309235e+02, 2.30809860e+02,
    3.57168976e+02, 2.34017838e+02, 3.65132050e+02, 2.36292007e+02,
    3.73109344e+02, 2.39222702e+02, 3.81142456e+02, 2.41892303e+02,
    3.39621765e+02, 2.35091171e+02, 3.47643707e+02, 2.37917160e+02,
    3.55581177e+02, 2.40991089e+02, 3.63686981e+02, 2.43774155e+02,
    3.71702850e+02, 2.46401291e+02, 3.79741577e+02, 2.49591782e+02,
    3.37883240e+02, 2.41926651e+02, 3.45860840e+02, 2.45105545e+02,
    3.54001404e+02, 2.47951324e+02, 3.62124603e+02, 2.50921310e+02,
    3.70277954e+02, 2.53944305e+02, 3.78463867e+02, 2.56490936e+02,
    3.35954224e+02, 2.49335190e+02, 3.44156403e+02, 2.52337067e+02,
    3.52305328e+02, 2.55268234e+02, 3.60584961e+02, 2.58267181e+02,
    3.68789001e+02, 2.61220032e+02, 3.77023193e+02, 2.64188202e+02,
    3.34158600e+02, 2.56762482e+02, 3.42356384e+02, 2.59707001e+02,
    3.50665955e+02, 2.62748138e+02, 3.58945679e+02, 2.65774963e+02,
    3.67262299e+02, 2.68809082e+02, 3.75644073e+02, 2.71846344e+02,
    3.32240112e+02, 2.64242126e+02, 3.40562958e+02, 2.67285889e+02,
    3.48947876e+02, 2.70343872e+02, 3.57332733e+02, 2.73466003e+02,
    3.65774139e+02, 2.76569000e+02, 3.74191803e+02, 2.79601868e+02,
    3.30267487e+02, 2.71985962e+02, 3.38732483e+02, 2.75100891e+02,
    3.47218292e+02, 2.78282684e+02, 3.55652802e+02, 2.81345428e+02,
    3.64211700e+02, 2.84531097e+02, 3.72715607e+02, 2.87661560e+02 ]
