%YAML:1.0
---
points: [ 1.00352716e+03, 1.33007462e+02, 1.04277991e+03, 1.12577316e+02,
    1.08282080e+03, 9.18578110e+01, 1.12319592e+03, 7.08955383e+01,
    1.16422998e+03, 4.95769005e+01, 1.20565564e+03, 2.81098747e+01,
    1.02110095e+03, 1.74405334e+02, 1.06030627e+03, 1.54380814e+02,
    1.09968787e+03, 1.34164719e+02, 1.13996753e+03, 1.13583420e+02,
    1.18049524e+03, 9.28490601e+01, 1.22171704e+03, 7.17616577e+01,
    1.03867126e+03, 2.15137222e+02, 1.07727649e+03, 1.95487335e+02,
    1.11651270e+03, 1.75678375e+02, 1.15630481e+03, 1.55665298e+02,
    1.19666626e+03, 1.35333130e+02, 1.23744043e+03, 1.14764816e+02,
    1.05549902e+03, 2.54466415e+02, 1.09383728e+03, 2.35506210e+02,
    1.13277966e+03, 2.16098877e+02, 1.17230640e+03, 1.96422653e+02,
    1.21223889e+03, 1.76571899e+02, 1.25268274e+03, 1.56464767e+02,
    1.07224463e+03, 2.93039948e+02, 1.11015527e+03, 2.74430054e+02,
    1.14879480e+03, 2.55573441e+02, 1.18780627e+03, 2.36536118e+02,
    1.22755408e+03, 2.16858109e+02, 1.26765405e+03, 1.97299774e+02,
    1.08838269e+03, 3.30724518e+02, 1.12608813e+03, 3.12453369e+02,
    1.16440820e+03, 2.94157593e+02, 1.20336121e+03, 2.75362030e+02,
    1.24251001e+03, 2.56468811e+02, 1.28251807e+03, 2.37234741e+02,
    1.10432764e+03, 3.67480286e+02, 1.14161438e+03, 3.49682007e+02,
    1.17963550e+03, 3.31671265e+02, 1.21808301e+03, 3.13490936e+02,
    1.25724939e+03, 2.94815277e+02, 1.29667957e+03, 2.76244324e+02,
    1.11983826e+03, 4.03678741e+02, 1.15708813e+03, 3.86203735e+02,
    1.19463940e+03, 3.68570953e+02, 1.23286597e+03, 3.50706299e+02,
    1.27157678e+03, 3.32636383e+02, 1.31088318e+03, 3.14343536e+02 ]
