%YAML:1.0
---
points: [ 3.62435028e+02, 1.90139359e+02, 3.70839325e+02, 1.94370087e+02,
    3.79161346e+02, 1.98646713e+02, 3.87484253e+02, 2.02850052e+02,
    3.95645386e+02, 2.06988861e+02, 4.03803040e+02, 2.11121414e+02,
    3.59661652e+02, 1.98817261e+02, 3.68081757e+02, 2.03058273e+02,
    3.76552094e+02, 2.07270096e+02, 3.84879059e+02, 2.11468475e+02,
    3.93172943e+02, 2.15695648e+02, 4.01345428e+02, 2.19786392e+02,
    3.56773438e+02, 2.07659409e+02, 3.65349762e+02, 2.11932571e+02,
    3.73823639e+02, 2.16132812e+02, 3.82281281e+02, 2.20362991e+02,
    3.90645660e+02, 2.24507797e+02, 3.98920990e+02, 2.28571701e+02,
    3.53947693e+02, 2.16643631e+02, 3.62576508e+02, 2.20867065e+02,
    3.71136871e+02, 2.25123886e+02, 3.79647400e+02, 2.29234329e+02,
    3.88068146e+02, 2.33400772e+02, 3.96403534e+02, 2.37563339e+02,
    3.50985291e+02, 2.25757721e+02, 3.59724335e+02, 2.29971619e+02,
    3.68349854e+02, 2.34131042e+02, 3.76970734e+02, 2.38337860e+02,
    3.85468628e+02, 2.42543488e+02, 3.93932190e+02, 2.46570984e+02,
    3.48029724e+02, 2.34950302e+02, 3.56806549e+02, 2.39225342e+02,
    3.65600494e+02, 2.43374222e+02, 3.74201324e+02, 2.47613113e+02,
    3.82825958e+02, 2.51725449e+02, 3.91317932e+02, 2.55890198e+02,
    3.44979156e+02, 2.44342636e+02, 3.53896606e+02, 2.48598206e+02,
    3.62752380e+02, 2.52797379e+02, 3.71509033e+02, 2.56994690e+02,
    3.80214142e+02, 2.61146637e+02, 3.88788055e+02, 2.65218506e+02,
    3.41922516e+02, 2.53958221e+02, 3.50899658e+02, 2.58189240e+02,
    3.59834229e+02, 2.62433716e+02, 3.68639221e+02, 2.66544800e+02,
    3.77449524e+02, 2.70753632e+02, 3.86088562e+02, 2.74769684e+02 ]
