%YAML:1.0
---
points: [ 1.08913489e+03, 3.35554321e+02, 1.11006482e+03, 3.66647491e+02,
    1.13072437e+03, 3.97492645e+02, 1.15131433e+03, 4.27910400e+02,
    1.17165320e+03, 4.58121338e+02, 1.19181873e+03, 4.88046783e+02,
    1.06037354e+03, 3.56680634e+02, 1.08148401e+03, 3.87920319e+02,
    1.10249072e+03, 4.18788147e+02, 1.12327930e+03, 4.49360809e+02,
    1.14385474e+03, 4.79622925e+02, 1.16434595e+03, 5.09593414e+02,
    1.03103467e+03, 3.78379578e+02, 1.05241272e+03, 4.09544250e+02,
    1.07362427e+03, 4.40535187e+02, 1.09473816e+03, 4.71124908e+02,
    1.11563037e+03, 5.01421600e+02, 1.13640234e+03, 5.31458557e+02,
    1.00154272e+03, 4.00117371e+02, 1.02330212e+03, 4.31360199e+02,
    1.04475110e+03, 4.62407379e+02, 1.06613928e+03, 4.93081757e+02,
    1.08730566e+03, 5.23507568e+02, 1.10822632e+03, 5.53507812e+02,
    9.71758057e+02, 4.22036621e+02, 9.93693909e+02, 4.53392731e+02,
    1.01555328e+03, 4.84433167e+02, 1.03704175e+03, 5.15240784e+02,
    1.05844043e+03, 5.45684937e+02, 1.07961755e+03, 5.75817261e+02,
    9.41569702e+02, 4.44308624e+02, 9.63766235e+02, 4.75610199e+02,
    9.85832397e+02, 5.06834229e+02, 1.00761652e+03, 5.37643982e+02,
    1.02938281e+03, 5.68421143e+02, 1.05080835e+03, 5.98538330e+02,
    9.10870728e+02, 4.66641785e+02, 9.33455566e+02, 4.98266205e+02,
    9.55831177e+02, 5.29480164e+02, 9.77891846e+02, 5.60416077e+02,
    9.99943298e+02, 5.91019043e+02, 1.02160852e+03, 6.21398865e+02,
    8.79758057e+02, 4.89541138e+02, 9.02738159e+02, 5.21243347e+02,
    9.25429321e+02, 5.52452454e+02, 9.47766296e+02, 5.83476135e+02,
    9.70020813e+02, 6.14278503e+02, 9.92051025e+02, 6.44671570e+02 ]
