%YAML:1.0
---
points: [ 2.97233368e+02, 1.49763077e+02, 3.11433563e+02, 1.54011337e+02,
    3.26170319e+02, 1.58554932e+02, 3.41590759e+02, 1.63180298e+02,
    3.57790924e+02, 1.68013245e+02, 3.74720917e+02, 1.73075134e+02,
    2.90151428e+02, 1.63259506e+02, 3.04289886e+02, 1.67849945e+02,
    3.19020782e+02, 1.72669998e+02, 3.34434418e+02, 1.77582245e+02,
    3.50544220e+02, 1.82871735e+02, 3.67354980e+02, 1.88354187e+02,
    2.82931671e+02, 1.76949417e+02, 2.96973419e+02, 1.81951828e+02,
    3.11691956e+02, 1.87004791e+02, 3.27047821e+02, 1.92453201e+02,
    3.43068481e+02, 1.97963470e+02, 3.59900909e+02, 2.03865402e+02,
    2.75701660e+02, 1.90811966e+02, 2.89697937e+02, 1.96061249e+02,
    3.04324677e+02, 2.01562790e+02, 3.19659088e+02, 2.07268524e+02,
    3.35613617e+02, 2.13209991e+02, 3.52418976e+02, 2.19528824e+02,
    2.68376038e+02, 2.04854233e+02, 2.82311127e+02, 2.10543182e+02,
    2.96885712e+02, 2.16294754e+02, 3.12113861e+02, 2.22474777e+02,
    3.28060822e+02, 2.28756760e+02, 3.44774719e+02, 2.35414917e+02,
    2.60902893e+02, 2.19187134e+02, 2.74810516e+02, 2.25075714e+02,
    2.89318115e+02, 2.31273010e+02, 3.04519043e+02, 2.37719269e+02,
    3.20437958e+02, 2.44532776e+02, 3.37121704e+02, 2.51601089e+02,
    2.53425812e+02, 2.33597748e+02, 2.67242004e+02, 2.39885620e+02,
    2.81728973e+02, 2.46394104e+02, 2.96820435e+02, 2.53278976e+02,
    3.12726074e+02, 2.60509918e+02, 3.29289764e+02, 2.68005371e+02,
    2.45700455e+02, 2.48373657e+02, 2.59531403e+02, 2.54976654e+02,
    2.73940765e+02, 2.61929260e+02, 2.88958313e+02, 2.69204742e+02,
    3.04832367e+02, 2.76847656e+02, 3.21502441e+02, 2.84841797e+02 ]
