%YAML:1.0
---
points: [ 1.09948560e+03, 3.50809967e+02, 1.11321484e+03, 3.84304321e+02,
    1.12639258e+03, 4.17025879e+02, 1.13941345e+03, 4.49235443e+02,
    1.15222156e+03, 4.80608032e+02, 1.16480688e+03, 5.11564484e+02,
    1.07539441e+03, 3.66459656e+02, 1.08935120e+03, 4.00347137e+02,
    1.10315918e+03, 4.33426666e+02, 1.11657104e+03, 4.65853241e+02,
    1.12976135e+03, 4.97795044e+02, 1.14270117e+03, 5.29037598e+02,
    1.05017883e+03, 3.82826111e+02, 1.06468591e+03, 4.17108093e+02,
    1.07873462e+03, 4.50598450e+02, 1.09288892e+03, 4.83364014e+02,
    1.10655518e+03, 5.15604004e+02, 1.11999988e+03, 5.47124878e+02,
    1.02427173e+03, 3.99689270e+02, 1.03935583e+03, 4.34269104e+02,
    1.05392773e+03, 4.68245300e+02, 1.06838147e+03, 5.01335236e+02,
    1.08261633e+03, 5.33920654e+02, 1.09646069e+03, 5.65801453e+02,
    9.97548279e+02, 4.16984406e+02, 1.01296735e+03, 4.52039886e+02,
    1.02827771e+03, 4.86310120e+02, 1.04312463e+03, 5.19877014e+02,
    1.05770764e+03, 5.52771912e+02, 1.07228174e+03, 5.84874268e+02,
    9.69615967e+02, 4.35088623e+02, 9.85704651e+02, 4.70538239e+02,
    1.00160028e+03, 5.05237976e+02, 1.01697589e+03, 5.39188293e+02,
    1.03208508e+03, 5.72447144e+02, 1.04712085e+03, 6.04885254e+02,
    9.40789307e+02, 4.53600250e+02, 9.57435974e+02, 4.89523407e+02,
    9.73945557e+02, 5.24620239e+02, 9.89903503e+02, 5.59009460e+02,
    1.00559235e+03, 5.92698547e+02, 1.02094080e+03, 6.25631165e+02,
    9.10667847e+02, 4.73164276e+02, 9.28185059e+02, 5.09352051e+02,
    9.45363464e+02, 5.44898193e+02, 9.61807251e+02, 5.79615601e+02,
    9.78005737e+02, 6.13709656e+02, 9.94095947e+02, 6.47118713e+02 ]
