%YAML:1.0
---
points: [ 1.81047012e+02, 1.33886749e+02, 1.97477081e+02, 1.42745377e+02,
    2.13226410e+02, 1.51337692e+02, 2.28311188e+02, 1.59618408e+02,
    2.42852097e+02, 1.67516632e+02, 2.56920502e+02, 1.75097900e+02,
    1.73872360e+02, 1.49793976e+02, 1.90532288e+02, 1.58490891e+02,
    2.06617920e+02, 1.66795105e+02, 2.22008453e+02, 1.74868881e+02,
    2.36836319e+02, 1.82629807e+02, 2.51069244e+02, 1.90005157e+02,
    1.66369339e+02, 1.66146027e+02, 1.83457031e+02, 1.74605850e+02,
    1.99780746e+02, 1.82751083e+02, 2.15513824e+02, 1.90549240e+02,
    2.30590805e+02, 1.98036224e+02, 2.45141525e+02, 2.05288284e+02,
    1.58788025e+02, 1.82811432e+02, 1.76124390e+02, 1.91040833e+02,
    1.92901840e+02, 1.98847229e+02, 2.08842194e+02, 2.06482315e+02,
    2.24250580e+02, 2.13777100e+02, 2.38995804e+02, 2.20771255e+02,
    1.51013336e+02, 1.99897644e+02, 1.68737579e+02, 2.07830505e+02,
    1.85716537e+02, 2.15445557e+02, 2.02045029e+02, 2.22778854e+02,
    2.17736557e+02, 2.29825455e+02, 2.32818115e+02, 2.36570023e+02,
    1.43032303e+02, 2.17376434e+02, 1.61024155e+02, 2.25066940e+02,
    1.78489044e+02, 2.32419846e+02, 1.95086685e+02, 2.39457596e+02,
    2.11055954e+02, 2.46274155e+02, 2.26415695e+02, 2.52803452e+02,
    1.34632828e+02, 2.35265503e+02, 1.53196198e+02, 2.42661942e+02,
    1.70893173e+02, 2.49753815e+02, 1.87927734e+02, 2.56512726e+02,
    2.04224243e+02, 2.63087189e+02, 2.19905655e+02, 2.69351105e+02,
    1.26176910e+02, 2.53676422e+02, 1.45070160e+02, 2.60797821e+02,
    1.63193039e+02, 2.67561646e+02, 1.80492950e+02, 2.74083801e+02,
    1.97210876e+02, 2.80350250e+02, 2.13223862e+02, 2.86374817e+02 ]
