%YAML:1.0
---
points: [ 5.94834351e+02, 8.89604187e+02, 6.11683044e+02, 8.33602844e+02,
    6.26903625e+02, 7.81815002e+02, 6.40922119e+02, 7.34636475e+02,
    6.53956360e+02, 6.90906433e+02, 6.65753113e+02, 6.50493103e+02,
    6.59132263e+02, 8.90468872e+02, 6.72941406e+02, 8.33960205e+02,
    6.85786865e+02, 7.82572327e+02, 6.97465332e+02, 7.34980774e+02,
    7.08197021e+02, 6.91606262e+02, 7.18242981e+02, 6.50978394e+02,
    7.22690430e+02, 8.90962036e+02, 7.33834106e+02, 8.34729126e+02,
    7.44255493e+02, 7.83170166e+02, 7.53667542e+02, 7.35706421e+02,
    7.62326050e+02, 6.92156250e+02, 7.70246643e+02, 6.51814209e+02,
    7.86545044e+02, 8.91708069e+02, 7.95200623e+02, 8.35524109e+02,
    8.02654785e+02, 7.83668274e+02, 8.09690796e+02, 7.36409668e+02,
    8.16325989e+02, 6.92810791e+02, 8.22260498e+02, 6.52391174e+02,
    8.50423157e+02, 8.92654114e+02, 8.55881836e+02, 8.36365906e+02,
    8.61152405e+02, 7.84914307e+02, 8.65751770e+02, 7.37490967e+02,
    8.70128967e+02, 6.93557678e+02, 8.74197693e+02, 6.53393188e+02,
    9.14161743e+02, 8.93723877e+02, 9.17014648e+02, 8.37394226e+02,
    9.19457642e+02, 7.85607788e+02, 9.21882690e+02, 7.38386902e+02,
    9.23987488e+02, 6.94487122e+02, 9.25905090e+02, 6.54241028e+02,
    9.78432495e+02, 8.95396729e+02, 9.78323792e+02, 8.38682800e+02,
    9.78360474e+02, 7.86775208e+02, 9.78303650e+02, 7.39373840e+02,
    9.78283447e+02, 6.95544983e+02, 9.78216675e+02, 6.54900452e+02,
    1.04239111e+03, 8.96848389e+02, 1.03930103e+03, 8.39878662e+02,
    1.03666833e+03, 7.88119019e+02, 1.03424939e+03, 7.40423096e+02,
    1.03219507e+03, 6.96459045e+02, 1.03009131e+03, 6.55866821e+02 ]
