%YAML:1.0
---
points: [ 2.61440186e+02, 1.21688629e+02, 2.64286041e+02, 1.43795578e+02,
    2.68202118e+02, 1.65263306e+02, 2.71514313e+02, 1.86185577e+02,
    2.74733459e+02, 2.06704056e+02, 2.77908691e+02, 2.26676651e+02,
    2.40093964e+02, 1.25175423e+02, 2.43841995e+02, 1.46527069e+02,
    2.47571472e+02, 1.68642502e+02, 2.50930115e+02, 1.89514221e+02,
    2.54330872e+02, 2.09848083e+02, 2.57679260e+02, 2.29771561e+02,
    2.18758636e+02, 1.28927994e+02, 2.22600632e+02, 1.50612457e+02,
    2.26548264e+02, 1.72097107e+02, 2.30186188e+02, 1.92852753e+02,
    2.33793304e+02, 2.13133469e+02, 2.37440125e+02, 2.32955856e+02,
    1.97391586e+02, 1.32503540e+02, 2.01664886e+02, 1.54158524e+02,
    2.05731888e+02, 1.75498459e+02, 2.09712372e+02, 1.96068161e+02,
    2.13600891e+02, 2.16315308e+02, 2.17350021e+02, 2.35958496e+02,
    1.76157303e+02, 1.35999268e+02, 1.80709869e+02, 1.57614883e+02,
    1.85021103e+02, 1.78813873e+02, 1.89165482e+02, 1.99297119e+02,
    1.93340683e+02, 2.19525543e+02, 1.97318146e+02, 2.39169479e+02,
    1.55119614e+02, 1.39515228e+02, 1.59736557e+02, 1.61016068e+02,
    1.64281738e+02, 1.82061584e+02, 1.68823303e+02, 2.02566101e+02,
    1.73139465e+02, 2.22597687e+02, 1.77299820e+02, 2.42303604e+02,
    1.34039261e+02, 1.42980072e+02, 1.39037949e+02, 1.64382126e+02,
    1.43732697e+02, 1.85309387e+02, 1.48462234e+02, 2.05832870e+02,
    1.52919220e+02, 2.25833481e+02, 1.57353195e+02, 2.45412537e+02,
    1.13158958e+02, 1.46458786e+02, 1.18245827e+02, 1.67809647e+02,
    1.23225510e+02, 1.88605179e+02, 1.28116959e+02, 2.09056396e+02,
    1.32811417e+02, 2.29019287e+02, 1.37422943e+02, 2.48511505e+02 ]
