%YAML:1.0
---
points: [ 2.82496399e+02, 8.32661209e+01, 2.82930450e+02, 1.05408089e+02,
    2.83336945e+02, 1.26981987e+02, 2.83895325e+02, 1.47531158e+02,
    2.84254730e+02, 1.67499939e+02, 2.84760956e+02, 1.86671371e+02,
    2.61565155e+02, 8.43603134e+01, 2.62438019e+02, 1.06519363e+02,
    2.63269592e+02, 1.28074600e+02, 2.64095367e+02, 1.48782104e+02,
    2.64873535e+02, 1.68705353e+02, 2.65504150e+02, 1.87962021e+02,
    2.40248779e+02, 8.53020706e+01, 2.41586487e+02, 1.07679405e+02,
    2.42723816e+02, 1.29250565e+02, 2.44012436e+02, 1.50013504e+02,
    2.45102753e+02, 1.69994675e+02, 2.46178406e+02, 1.89308502e+02,
    2.19147186e+02, 8.62275391e+01, 2.20136490e+02, 1.08612480e+02,
    2.22208542e+02, 1.30247986e+02, 2.23826736e+02, 1.51174591e+02,
    2.25378510e+02, 1.71239243e+02, 2.26739670e+02, 1.90447922e+02,
    1.98000443e+02, 8.70412140e+01, 2.00176712e+02, 1.09992325e+02,
    2.01311859e+02, 1.31263031e+02, 2.03380920e+02, 1.52189514e+02,
    2.05280533e+02, 1.72258301e+02, 2.07161087e+02, 1.91637360e+02,
    1.75861115e+02, 8.80165634e+01, 1.78338028e+02, 1.10784401e+02,
    1.80582977e+02, 1.32383163e+02, 1.82821594e+02, 1.53381210e+02,
    1.85108704e+02, 1.73494370e+02, 1.87186157e+02, 1.93044525e+02,
    1.53656067e+02, 8.91105576e+01, 1.56543686e+02, 1.11549736e+02,
    1.59308716e+02, 1.33378021e+02, 1.62062698e+02, 1.54453217e+02,
    1.64695297e+02, 1.74743774e+02, 1.67131287e+02, 1.94348450e+02,
    1.31614517e+02, 9.01660843e+01, 1.34746292e+02, 1.12671021e+02,
    1.37949066e+02, 1.34528915e+02, 1.40970520e+02, 1.55543076e+02,
    1.43937881e+02, 1.75973190e+02, 1.46813187e+02, 1.95579285e+02 ]
