%YAML:1.0
---
points: [ 5.91396240e+02, 8.91670410e+02, 6.08781311e+02, 8.36537109e+02,
    6.24842896e+02, 7.85916321e+02, 6.39411377e+02, 7.39648865e+02,
    6.52927246e+02, 6.96766174e+02, 6.65264343e+02, 6.57428223e+02,
    6.55221863e+02, 8.92500854e+02, 6.69923340e+02, 8.37238037e+02,
    6.83408386e+02, 7.86658752e+02, 6.95581543e+02, 7.40126282e+02,
    7.06932068e+02, 6.97497070e+02, 7.17341125e+02, 6.57909058e+02,
    7.18881226e+02, 8.93180176e+02, 7.30822998e+02, 8.37954102e+02,
    7.41641418e+02, 7.87311401e+02, 7.51492432e+02, 7.40817078e+02,
    7.60613220e+02, 6.97910522e+02, 7.69124573e+02, 6.58869751e+02,
    7.82675598e+02, 8.94137268e+02, 7.91692505e+02, 8.38748169e+02,
    8.00108887e+02, 7.87963135e+02, 8.07430420e+02, 7.41473755e+02,
    8.14336182e+02, 6.98848877e+02, 8.20655212e+02, 6.59364502e+02,
    8.46597290e+02, 8.95383362e+02, 8.52774780e+02, 8.39642822e+02,
    8.58427063e+02, 7.88938049e+02, 8.63485229e+02, 7.42588623e+02,
    8.68164978e+02, 6.99561890e+02, 8.72408997e+02, 6.60312073e+02,
    9.10371826e+02, 8.96422913e+02, 9.13520142e+02, 8.40613708e+02,
    9.16560059e+02, 7.89910461e+02, 9.19310608e+02, 7.43474731e+02,
    9.21715942e+02, 7.00568909e+02, 9.23923401e+02, 6.60968872e+02,
    9.74609558e+02, 8.97881165e+02, 9.74838745e+02, 8.42240234e+02,
    9.75211670e+02, 7.91228516e+02, 9.75452637e+02, 7.44479675e+02,
    9.75737732e+02, 7.01559326e+02, 9.76043457e+02, 6.61818054e+02,
    1.03857959e+03, 8.99549255e+02, 1.03597839e+03, 8.43627563e+02,
    1.03352747e+03, 7.92400818e+02, 1.03157239e+03, 7.45568298e+02,
    1.02946045e+03, 7.02544312e+02, 1.02772498e+03, 6.62793823e+02 ]
