%YAML:1.0
---
points: [ 5.10451874e+02, 9.50557434e+02, 5.33965942e+02, 8.78335022e+02,
    5.55576172e+02, 8.12334106e+02, 5.75442200e+02, 7.51828796e+02,
    5.93487732e+02, 6.96581238e+02, 6.10126404e+02, 6.45806213e+02,
    5.85802124e+02, 9.52606323e+02, 6.06053223e+02, 8.79702087e+02,
    6.24416870e+02, 8.13465576e+02, 6.41346375e+02, 7.53038147e+02,
    6.56804993e+02, 6.97592041e+02, 6.70824585e+02, 6.46614807e+02,
    6.61168945e+02, 9.54511353e+02, 6.77968994e+02, 8.81424500e+02,
    6.93393799e+02, 8.14646240e+02, 7.07255859e+02, 7.54213379e+02,
    7.20033508e+02, 6.98532410e+02, 7.31736206e+02, 6.47680847e+02,
    7.37256653e+02, 9.56410828e+02, 7.50407654e+02, 8.82883972e+02,
    7.62374756e+02, 8.16072266e+02, 7.73411865e+02, 7.55247864e+02,
    7.83330811e+02, 6.99724792e+02, 7.92355408e+02, 6.48640869e+02,
    8.13325195e+02, 9.58581848e+02, 8.22919434e+02, 8.84706665e+02,
    8.31699524e+02, 8.17682617e+02, 8.39466431e+02, 7.56657959e+02,
    8.46616516e+02, 7.00962646e+02, 8.53409058e+02, 6.49750061e+02,
    8.89832336e+02, 9.60632568e+02, 8.95720886e+02, 8.86550964e+02,
    9.01126953e+02, 8.19171875e+02, 9.05927551e+02, 7.58303711e+02,
    9.10304199e+02, 7.02291443e+02, 9.14313904e+02, 6.50828918e+02,
    9.67191895e+02, 9.63492981e+02, 9.69353027e+02, 8.88915039e+02,
    9.71198792e+02, 8.21369751e+02, 9.72958679e+02, 7.59848450e+02,
    9.74500671e+02, 7.03655640e+02, 9.75777710e+02, 6.52236694e+02,
    1.04446167e+03, 9.66279785e+02, 1.04271155e+03, 8.91379700e+02,
    1.04106165e+03, 8.23410400e+02, 1.03963745e+03, 7.61619812e+02,
    1.03847498e+03, 7.05261108e+02, 1.03743604e+03, 6.53686340e+02 ]
