%YAML:1.0
---
points: [ 2.75993622e+02, 1.00231567e+02, 2.78122345e+02, 1.16489075e+02,
    2.80341949e+02, 1.33577621e+02, 2.82635284e+02, 1.51470047e+02,
    2.85105530e+02, 1.69884232e+02, 2.87643341e+02, 1.89162140e+02,
    2.56588440e+02, 1.03761223e+02, 2.58317841e+02, 1.20248329e+02,
    2.60094940e+02, 1.37333878e+02, 2.61969727e+02, 1.54889664e+02,
    2.63995331e+02, 1.73431992e+02, 2.66117981e+02, 1.92670532e+02,
    2.37299622e+02, 1.07540245e+02, 2.38631195e+02, 1.23806274e+02,
    2.40143372e+02, 1.40801453e+02, 2.41502930e+02, 1.58349014e+02,
    2.43132675e+02, 1.76773743e+02, 2.44652405e+02, 1.95803467e+02,
    2.18400085e+02, 1.11095055e+02, 2.19352158e+02, 1.27348022e+02,
    2.20436966e+02, 1.44252930e+02, 2.21525940e+02, 1.61867935e+02,
    2.22615982e+02, 1.80081207e+02, 2.23750107e+02, 1.99110138e+02,
    1.99689270e+02, 1.14530289e+02, 2.00367493e+02, 1.30773987e+02,
    2.01080551e+02, 1.47614426e+02, 2.01602615e+02, 1.65176437e+02,
    2.02415115e+02, 1.83419769e+02, 2.03161697e+02, 2.02404053e+02,
    1.81353683e+02, 1.18024437e+02, 1.81555664e+02, 1.34190323e+02,
    1.81803314e+02, 1.50958679e+02, 1.82184341e+02, 1.68421417e+02,
    1.82353729e+02, 1.86666107e+02, 1.82674805e+02, 2.05606125e+02,
    1.63134827e+02, 1.21411766e+02, 1.63106873e+02, 1.37521927e+02,
    1.62961746e+02, 1.54280090e+02, 1.62876114e+02, 1.71657623e+02,
    1.62669495e+02, 1.89799271e+02, 1.62455566e+02, 2.08677032e+02,
    1.45173599e+02, 1.24809120e+02, 1.44682465e+02, 1.40888031e+02,
    1.44214386e+02, 1.57542252e+02, 1.43699081e+02, 1.74854660e+02,
    1.43151550e+02, 1.93013733e+02, 1.42491287e+02, 2.11875015e+02 ]
