%YAML:1.0
---
points: [ 8.01320068e+02, 7.32461792e+02, 8.22859863e+02, 6.75453796e+02,
    8.44179199e+02, 6.19474365e+02, 8.64841736e+02, 5.64297241e+02,
    8.85441406e+02, 5.09648804e+02, 9.05615845e+02, 4.55853302e+02,
    8.41092773e+02, 7.51820923e+02, 8.63144836e+02, 6.92541870e+02,
    8.84883301e+02, 6.34312988e+02, 9.06086609e+02, 5.76750427e+02,
    9.27270630e+02, 5.20400391e+02, 9.47637329e+02, 4.64581207e+02,
    8.83703491e+02, 7.72515564e+02, 9.06502869e+02, 7.10766724e+02,
    9.28664001e+02, 6.50074951e+02, 9.50365295e+02, 5.90409546e+02,
    9.72170044e+02, 5.31605164e+02, 9.93364746e+02, 4.73684235e+02,
    9.30229675e+02, 7.95147705e+02, 9.53460449e+02, 7.30651184e+02,
    9.75951660e+02, 6.67433777e+02, 9.98491577e+02, 6.05131836e+02,
    1.02060425e+03, 5.44021606e+02, 1.04229932e+03, 4.83399719e+02,
    9.80821594e+02, 8.19933350e+02, 1.00448041e+03, 7.52500305e+02,
    1.02775586e+03, 6.86321045e+02, 1.05059851e+03, 6.21314514e+02,
    1.07318774e+03, 5.57226135e+02, 1.09558594e+03, 4.94350677e+02,
    1.03558069e+03, 8.46845825e+02, 1.06005249e+03, 7.76219238e+02,
    1.08380139e+03, 7.06580750e+02, 1.10753381e+03, 6.38726562e+02,
    1.13059570e+03, 5.71778931e+02, 1.15347693e+03, 5.06061157e+02,
    1.09680994e+03, 8.77118347e+02, 1.12161096e+03, 8.02548584e+02,
    1.14596680e+03, 7.29525757e+02, 1.16992175e+03, 6.57974121e+02,
    1.19381848e+03, 5.87739136e+02, 1.21737195e+03, 5.18713623e+02,
    1.16348877e+03, 9.10015747e+02, 1.18871423e+03, 8.31424744e+02,
    1.21359338e+03, 7.54354309e+02, 1.23835779e+03, 6.79309570e+02,
    1.26272461e+03, 6.05411621e+02, 1.28704321e+03, 5.32964172e+02 ]
