%YAML:1.0
---
points: [ 1.54093704e+02, 1.96372513e+02, 1.57790024e+02, 1.78142776e+02,
    1.61434494e+02, 1.60009033e+02, 1.64968796e+02, 1.41972992e+02,
    1.68598450e+02, 1.24093018e+02, 1.72107529e+02, 1.06267807e+02,
    1.68884750e+02, 1.98469620e+02, 1.72617935e+02, 1.79829208e+02,
    1.76286133e+02, 1.61315079e+02, 1.79844086e+02, 1.42864105e+02,
    1.83484863e+02, 1.24494141e+02, 1.86965424e+02, 1.06274223e+02,
    1.84286270e+02, 2.00672760e+02, 1.88062805e+02, 1.81575775e+02,
    1.91714783e+02, 1.62670456e+02, 1.95362656e+02, 1.43738281e+02,
    1.98934006e+02, 1.25099503e+02, 2.02644653e+02, 1.06219543e+02,
    2.00408798e+02, 2.02977585e+02, 2.04167175e+02, 1.83513748e+02,
    2.07863342e+02, 1.64064667e+02, 2.11604309e+02, 1.44737534e+02,
    2.15185638e+02, 1.25462662e+02, 2.18795364e+02, 1.06305649e+02,
    2.17260818e+02, 2.05461578e+02, 2.21044128e+02, 1.85427246e+02,
    2.24842758e+02, 1.65694290e+02, 2.28569153e+02, 1.45888336e+02,
    2.32152954e+02, 1.26131332e+02, 2.35844177e+02, 1.06359138e+02,
    2.34911362e+02, 2.07981842e+02, 2.38723297e+02, 1.87512848e+02,
    2.42497177e+02, 1.67146179e+02, 2.46303497e+02, 1.46924591e+02,
    2.50015060e+02, 1.26686211e+02, 2.53744675e+02, 1.06527100e+02,
    2.53654419e+02, 2.10710846e+02, 2.57402679e+02, 1.89610550e+02,
    2.61223053e+02, 1.68717239e+02, 2.65072052e+02, 1.47981750e+02,
    2.68834869e+02, 1.27268509e+02, 2.72655701e+02, 1.06621292e+02,
    2.73135925e+02, 2.13525726e+02, 2.76941315e+02, 1.91947998e+02,
    2.80865021e+02, 1.70356415e+02, 2.84662659e+02, 1.49137009e+02,
    2.88557983e+02, 1.27883614e+02, 2.92375549e+02, 1.06682251e+02 ]
