%YAML:1.0
---
points: [ 1.34034531e+02, 2.06074524e+02, 1.39077148e+02, 1.83473068e+02,
    1.44106613e+02, 1.60668060e+02, 1.49098969e+02, 1.37737045e+02,
    1.54116959e+02, 1.14375847e+02, 1.59248444e+02, 9.08138428e+01,
    1.57257492e+02, 2.10309448e+02, 1.62182449e+02, 1.88431396e+02,
    1.67134216e+02, 1.66398834e+02, 1.72121109e+02, 1.44060837e+02,
    1.77121384e+02, 1.21538666e+02, 1.82158051e+02, 9.86238174e+01,
    1.79120407e+02, 2.14391922e+02, 1.84015732e+02, 1.93081558e+02,
    1.88789001e+02, 1.71719833e+02, 1.93735641e+02, 1.50155350e+02,
    1.98743958e+02, 1.28122101e+02, 2.03736969e+02, 1.06065208e+02,
    1.99666306e+02, 2.18077133e+02, 2.04481079e+02, 1.97578308e+02,
    2.09282715e+02, 1.76794983e+02, 2.14199585e+02, 1.55793655e+02,
    2.19138077e+02, 1.34638428e+02, 2.24107361e+02, 1.12959396e+02,
    2.19032333e+02, 2.21717514e+02, 2.23758728e+02, 2.01773239e+02,
    2.28628448e+02, 1.81565445e+02, 2.33491776e+02, 1.61180954e+02,
    2.38393646e+02, 1.40565399e+02, 2.43294769e+02, 1.19610695e+02,
    2.37413589e+02, 2.25189911e+02, 2.42083435e+02, 2.05734650e+02,
    2.46899689e+02, 1.85997421e+02, 2.51678543e+02, 1.66254303e+02,
    2.56540497e+02, 1.46125183e+02, 2.61416595e+02, 1.25815659e+02,
    2.54803543e+02, 2.28360062e+02, 2.59445038e+02, 2.09450424e+02,
    2.64283752e+02, 1.90249100e+02, 2.69046844e+02, 1.70972610e+02,
    2.73857330e+02, 1.51547684e+02, 2.78748535e+02, 1.31766663e+02,
    2.71327759e+02, 2.31481339e+02, 2.75976746e+02, 2.12881744e+02,
    2.80618347e+02, 1.94293640e+02, 2.85387817e+02, 1.75518875e+02,
    2.90265076e+02, 1.56461655e+02, 2.95065674e+02, 1.37189163e+02 ]
