%YAML:1.0
---
points: [ 6.84205261e+02, 3.82709465e+01, 6.98916809e+02, 9.24628983e+01,
    7.12754272e+02, 1.43256546e+02, 7.26247681e+02, 1.91000992e+02,
    7.38484436e+02, 2.35651825e+02, 7.50272461e+02, 2.77864838e+02,
    6.31695740e+02, 4.95808640e+01, 6.48392944e+02, 1.03399651e+02,
    6.64039734e+02, 1.54367508e+02, 6.78825623e+02, 2.01869522e+02,
    6.92615356e+02, 2.46645065e+02, 7.05782043e+02, 2.88776215e+02,
    5.78059875e+02, 6.09785423e+01, 5.96474854e+02, 1.14832680e+02,
    6.13836243e+02, 1.65607697e+02, 6.30449158e+02, 2.13349609e+02,
    6.45751709e+02, 2.58048187e+02, 6.60512512e+02, 3.00301086e+02,
    5.23998596e+02, 7.25274429e+01, 5.44308472e+02, 1.26455826e+02,
    5.63394653e+02, 1.76999100e+02, 5.81536499e+02, 2.24493347e+02,
    5.98622986e+02, 2.69378540e+02, 6.14592957e+02, 3.11280151e+02,
    4.69336670e+02, 8.45188217e+01, 4.91433563e+02, 1.38276566e+02,
    5.12213135e+02, 1.88653778e+02, 5.31777283e+02, 2.36029099e+02,
    5.50469177e+02, 2.80565155e+02, 5.68014038e+02, 3.22613556e+02,
    4.13890900e+02, 9.65831757e+01, 4.37629517e+02, 1.49879623e+02,
    4.60360443e+02, 2.00513641e+02, 4.81552612e+02, 2.47586563e+02,
    5.01759644e+02, 2.92276001e+02, 5.20836487e+02, 3.34012299e+02,
    3.57615326e+02, 1.08851120e+02, 3.83417114e+02, 1.62233749e+02,
    4.07757141e+02, 2.12456055e+02, 4.30858795e+02, 2.59629364e+02,
    4.52451202e+02, 3.03782318e+02, 4.72929352e+02, 3.45568085e+02,
    3.00874390e+02, 1.21590126e+02, 3.28453979e+02, 1.74637146e+02,
    3.54485748e+02, 2.24596527e+02, 3.79125275e+02, 2.71541412e+02,
    4.02534424e+02, 3.15778839e+02, 4.24565216e+02, 3.57422577e+02 ]
