%YAML:1.0
---
points: [ 7.43431702e+02, 2.01762482e+02, 7.56478088e+02, 2.47685059e+02,
    7.69090271e+02, 2.91783203e+02, 7.81192505e+02, 3.34612488e+02,
    7.92863220e+02, 3.76298218e+02, 8.04445862e+02, 4.16486847e+02,
    6.99290039e+02, 2.12505402e+02, 7.12810120e+02, 2.58195587e+02,
    7.26343811e+02, 3.02584229e+02, 7.39187683e+02, 3.45342072e+02,
    7.51722839e+02, 3.86962646e+02, 7.63770996e+02, 4.26930511e+02,
    6.54046326e+02, 2.22997360e+02, 6.68611816e+02, 2.68978699e+02,
    6.82649170e+02, 3.13245911e+02, 6.96353821e+02, 3.56113220e+02,
    7.09485718e+02, 3.97714233e+02, 7.22392517e+02, 4.38046021e+02,
    6.08733337e+02, 2.33862045e+02, 6.23831970e+02, 2.79605286e+02,
    6.38960449e+02, 3.24142700e+02, 6.53416870e+02, 3.66770386e+02,
    6.67330994e+02, 4.08482605e+02, 6.80753784e+02, 4.48649628e+02,
    5.62671570e+02, 2.44522614e+02, 5.78834778e+02, 2.90583710e+02,
    5.94491638e+02, 3.34755066e+02, 6.09596008e+02, 3.77729797e+02,
    6.24376648e+02, 4.19437103e+02, 6.38562500e+02, 4.59795410e+02,
    5.16337341e+02, 2.55518021e+02, 5.33370117e+02, 3.01171967e+02,
    5.49562500e+02, 3.45764862e+02, 5.65570496e+02, 3.88765320e+02,
    5.80900757e+02, 4.30495972e+02, 5.95815613e+02, 4.70832367e+02,
    4.69466034e+02, 2.66446808e+02, 4.87376617e+02, 3.12535126e+02,
    5.04411896e+02, 3.56850281e+02, 5.20961670e+02, 3.99935059e+02,
    5.37350647e+02, 4.41518097e+02, 5.52663513e+02, 4.82095673e+02,
    4.21815491e+02, 2.77692413e+02, 4.40484070e+02, 3.23659302e+02,
    4.58476318e+02, 3.68216736e+02, 4.75936737e+02, 4.11107666e+02,
    4.92930328e+02, 4.53119171e+02, 5.09137787e+02, 4.93436615e+02 ]
