%YAML:1.0
---
points: [ 9.00890656e+01, 9.64898605e+01, 1.00419441e+02, 9.63119278e+01,
    1.10617340e+02, 9.59660034e+01, 1.20839806e+02, 9.58702240e+01,
    1.30918823e+02, 9.57775955e+01, 1.41087173e+02, 9.56610107e+01,
    9.09404678e+01, 1.06668205e+02, 1.01239861e+02, 1.06347328e+02,
    1.11516380e+02, 1.06118370e+02, 1.21683968e+02, 1.05883705e+02,
    1.31822220e+02, 1.05787064e+02, 1.41840042e+02, 1.05766602e+02,
    9.19115524e+01, 1.16712196e+02, 1.02185310e+02, 1.16580132e+02,
    1.12467186e+02, 1.16213951e+02, 1.22543968e+02, 1.15973351e+02,
    1.32700226e+02, 1.15822281e+02, 1.42690048e+02, 1.15693466e+02,
    9.28270187e+01, 1.26736229e+02, 1.03137230e+02, 1.26518440e+02,
    1.13327408e+02, 1.26214096e+02, 1.23488655e+02, 1.25909637e+02,
    1.33575455e+02, 1.25797882e+02, 1.43542694e+02, 1.25685371e+02,
    9.37729645e+01, 1.36706833e+02, 1.04010429e+02, 1.36512650e+02,
    1.14221535e+02, 1.36066742e+02, 1.24370949e+02, 1.35866562e+02,
    1.34401520e+02, 1.35741943e+02, 1.44245941e+02, 1.35488846e+02,
    9.47740631e+01, 1.46662979e+02, 1.05006798e+02, 1.46275818e+02,
    1.15135979e+02, 1.45867416e+02, 1.25217728e+02, 1.45720932e+02,
    1.35196274e+02, 1.45508438e+02, 1.45151749e+02, 1.45085281e+02,
    9.57867126e+01, 1.56470367e+02, 1.05985855e+02, 1.55986694e+02,
    1.16057007e+02, 1.55695969e+02, 1.26127106e+02, 1.55499649e+02,
    1.36088638e+02, 1.54944351e+02, 1.45885452e+02, 1.54715195e+02,
    9.67969894e+01, 1.66152145e+02, 1.06886284e+02, 1.65752563e+02,
    1.16967789e+02, 1.65538666e+02, 1.27028206e+02, 1.64887787e+02,
    1.36837280e+02, 1.64705322e+02, 1.46767700e+02, 1.64404236e+02 ]
