%YAML:1.0
---
points: [ 1.04810982e+02, 8.57714691e+01, 1.12320297e+02, 8.51502609e+01,
    1.20258133e+02, 8.44375610e+01, 1.28437042e+02, 8.37633820e+01,
    1.36790527e+02, 8.30408249e+01, 1.45330292e+02, 8.23474197e+01,
    1.08271858e+02, 9.58822861e+01, 1.16032578e+02, 9.53613892e+01,
    1.23912422e+02, 9.48049164e+01, 1.32079376e+02, 9.42543945e+01,
    1.40261063e+02, 9.36948929e+01, 1.48780502e+02, 9.30968552e+01,
    1.12401726e+02, 1.05715195e+02, 1.19555733e+02, 1.05428841e+02,
    1.27402229e+02, 1.04855904e+02, 1.35446960e+02, 1.04594757e+02,
    1.43722321e+02, 1.04108986e+02, 1.52126831e+02, 1.03770477e+02,
    1.15455124e+02, 1.15497093e+02, 1.23093163e+02, 1.14981819e+02,
    1.31039429e+02, 1.14769691e+02, 1.39019531e+02, 1.14604507e+02,
    1.47100403e+02, 1.14174713e+02, 1.55333618e+02, 1.13833344e+02,
    1.19861664e+02, 1.24705811e+02, 1.26507004e+02, 1.24659203e+02,
    1.34251266e+02, 1.24377586e+02, 1.42248672e+02, 1.24169846e+02,
    1.50302933e+02, 1.23922981e+02, 1.58493652e+02, 1.23781052e+02,
    1.22768349e+02, 1.33761871e+02, 1.30259857e+02, 1.33737885e+02,
    1.37625870e+02, 1.33703308e+02, 1.45565567e+02, 1.33634140e+02,
    1.53486298e+02, 1.33561157e+02, 1.62966263e+02, 1.34022903e+02,
    1.26143974e+02, 1.42784164e+02, 1.32794800e+02, 1.42705414e+02,
    1.41073669e+02, 1.42710953e+02, 1.48626587e+02, 1.42719330e+02,
    1.56642120e+02, 1.42685562e+02, 1.65691406e+02, 1.42862762e+02,
    1.28153015e+02, 1.51234848e+02, 1.35203094e+02, 1.51387970e+02,
    1.43659363e+02, 1.51620544e+02, 1.51737228e+02, 1.51673676e+02,
    1.59534927e+02, 1.51717560e+02, 1.67684677e+02, 1.51858124e+02 ]
