%YAML:1.0
---
points: [ 7.53478027e+02, 2.15212433e+02, 7.66117554e+02, 2.60416260e+02,
    7.78276489e+02, 3.03701904e+02, 7.89923889e+02, 3.45746490e+02,
    8.01549622e+02, 3.86569641e+02, 8.12522766e+02, 4.26329193e+02,
    7.09679749e+02, 2.25485870e+02, 7.23180420e+02, 2.70480133e+02,
    7.36088623e+02, 3.14070770e+02, 7.48641235e+02, 3.56222656e+02,
    7.60722534e+02, 3.97246857e+02, 7.72349731e+02, 4.36536713e+02,
    6.65188721e+02, 2.36114502e+02, 6.79508240e+02, 2.81253021e+02,
    6.93052673e+02, 3.24547638e+02, 7.06318848e+02, 3.66646576e+02,
    7.19040405e+02, 4.07563171e+02, 7.31434753e+02, 4.47202362e+02,
    6.20551392e+02, 2.46449188e+02, 6.35497681e+02, 2.91481171e+02,
    6.50069763e+02, 3.35004791e+02, 6.64098389e+02, 3.77084625e+02,
    6.77615112e+02, 4.18141418e+02, 6.90515564e+02, 4.57520782e+02,
    5.75471375e+02, 2.57120087e+02, 5.91374756e+02, 3.02250183e+02,
    6.06446838e+02, 3.45566833e+02, 6.20915955e+02, 3.87646545e+02,
    6.35357788e+02, 4.28536987e+02, 6.48979065e+02, 4.68208069e+02,
    5.30273438e+02, 2.67582214e+02, 5.46489075e+02, 3.12431366e+02,
    5.62382935e+02, 3.56292511e+02, 5.77731018e+02, 3.98351318e+02,
    5.92781067e+02, 4.39379395e+02, 6.07186157e+02, 4.78807739e+02,
    4.84265717e+02, 2.78429443e+02, 5.01407562e+02, 3.23481812e+02,
    5.18132996e+02, 3.66803986e+02, 5.34255676e+02, 4.09016998e+02,
    5.49699951e+02, 4.50044281e+02, 5.64906311e+02, 4.89722046e+02,
    4.37687256e+02, 2.89419220e+02, 4.55669250e+02, 3.34326202e+02,
    4.73077942e+02, 3.77813812e+02, 4.90083069e+02, 4.19785797e+02,
    5.06289490e+02, 4.60858612e+02, 5.22257690e+02, 5.00430023e+02 ]
