%YAML:1.0
---
points: [ 8.40392075e+01, 1.05823776e+02, 9.46492386e+01, 1.05333435e+02,
    1.05006516e+02, 1.04792648e+02, 1.15127861e+02, 1.04401901e+02,
    1.24848419e+02, 1.03865852e+02, 1.34432709e+02, 1.03559364e+02,
    8.66379318e+01, 1.15661453e+02, 9.72141113e+01, 1.14860153e+02,
    1.07613754e+02, 1.14261932e+02, 1.17654236e+02, 1.13685463e+02,
    1.27464493e+02, 1.13059456e+02, 1.37069504e+02, 1.12643715e+02,
    8.92636108e+01, 1.25425522e+02, 9.99431152e+01, 1.24651817e+02,
    1.10278305e+02, 1.23800911e+02, 1.20324051e+02, 1.23059372e+02,
    1.30175323e+02, 1.22469757e+02, 1.39592911e+02, 1.21676636e+02,
    9.19904175e+01, 1.35293549e+02, 1.02580727e+02, 1.34276794e+02,
    1.12906181e+02, 1.33394363e+02, 1.23026749e+02, 1.32564178e+02,
    1.32775833e+02, 1.31733398e+02, 1.42246567e+02, 1.30908966e+02,
    9.46954193e+01, 1.45210281e+02, 1.05293243e+02, 1.44040009e+02,
    1.15637047e+02, 1.43001907e+02, 1.25683205e+02, 1.41945999e+02,
    1.35541428e+02, 1.40992996e+02, 1.44831909e+02, 1.40059509e+02,
    9.74124756e+01, 1.55040604e+02, 1.08036514e+02, 1.53855682e+02,
    1.18318184e+02, 1.52587631e+02, 1.28371277e+02, 1.51445572e+02,
    1.38120071e+02, 1.50345398e+02, 1.47528168e+02, 1.49295563e+02,
    1.00220230e+02, 1.65088150e+02, 1.10756927e+02, 1.63627380e+02,
    1.21119659e+02, 1.62285736e+02, 1.31109863e+02, 1.60999481e+02,
    1.40806961e+02, 1.59733429e+02, 1.50186081e+02, 1.58459061e+02,
    1.02912933e+02, 1.75064697e+02, 1.13532501e+02, 1.73479950e+02,
    1.23867706e+02, 1.71964874e+02, 1.33807632e+02, 1.70490799e+02,
    1.43464081e+02, 1.69104538e+02, 1.52844482e+02, 1.67766953e+02 ]
