%YAML:1.0
---
points: [ 5.07587616e+02, 2.33277191e+02, 5.43186646e+02, 2.07485199e+02,
    5.80011230e+02, 1.81208084e+02, 6.17380676e+02, 1.53972229e+02,
    6.56205200e+02, 1.26060013e+02, 6.95738159e+02, 9.70884781e+01,
    5.41908875e+02, 2.73619171e+02, 5.77572449e+02, 2.49121796e+02,
    6.13782837e+02, 2.23768494e+02, 6.51267944e+02, 1.98000519e+02,
    6.89296265e+02, 1.71215393e+02, 7.28651733e+02, 1.43679596e+02,
    5.75215332e+02, 3.12404724e+02, 6.10261719e+02, 2.88777863e+02,
    6.46427124e+02, 2.64746552e+02, 6.83177307e+02, 2.39938644e+02,
    7.21275879e+02, 2.14463974e+02, 7.59882935e+02, 1.88175720e+02,
    6.07227783e+02, 3.49520233e+02, 6.42032227e+02, 3.27141388e+02,
    6.77526428e+02, 3.04038361e+02, 7.14189331e+02, 2.80343903e+02,
    7.51539795e+02, 2.55684601e+02, 7.89809082e+02, 2.30685760e+02,
    6.37625061e+02, 3.85374817e+02, 6.72043518e+02, 3.63653839e+02,
    7.07553406e+02, 3.41502838e+02, 7.43552429e+02, 3.18631775e+02,
    7.80624939e+02, 2.95310791e+02, 8.18545288e+02, 2.71253876e+02,
    6.66829834e+02, 4.19584961e+02, 7.01332458e+02, 3.98921753e+02,
    7.36077698e+02, 3.77444000e+02, 7.71893799e+02, 3.55582214e+02,
    8.08424866e+02, 3.33176483e+02, 8.46029053e+02, 3.10057037e+02,
    6.95269714e+02, 4.52636566e+02, 7.29087952e+02, 4.32560272e+02,
    7.63815308e+02, 4.12195190e+02, 7.99161743e+02, 3.91128601e+02,
    8.35385864e+02, 3.69502991e+02, 8.72404358e+02, 3.47392181e+02,
    7.22224731e+02, 4.84251282e+02, 7.55827332e+02, 4.64957062e+02,
    7.89938904e+02, 4.45167114e+02, 8.25109741e+02, 4.25080139e+02,
    8.60729370e+02, 4.04334534e+02, 8.97512085e+02, 3.82889313e+02 ]
