%YAML:1.0
---
points: [ 1.05048682e+03, 8.05553360e+01, 1.08936682e+03, 1.21042755e+02,
    1.12681006e+03, 1.60182114e+02, 1.16335388e+03, 1.97789719e+02,
    1.19879492e+03, 2.34423859e+02, 1.23334216e+03, 2.69814697e+02,
    1.01378314e+03, 1.18912354e+02, 1.05172949e+03, 1.57460892e+02,
    1.08874988e+03, 1.94624527e+02, 1.12450269e+03, 2.30735580e+02,
    1.15943652e+03, 2.65612061e+02, 1.19329700e+03, 2.99478699e+02,
    9.79552307e+02, 1.54574295e+02, 1.01683868e+03, 1.91424774e+02,
    1.05310901e+03, 2.26785172e+02, 1.08826282e+03, 2.61474884e+02,
    1.12251477e+03, 2.94763000e+02, 1.15574963e+03, 3.27250519e+02,
    9.47511230e+02, 1.88065582e+02, 9.84264038e+02, 2.23058075e+02,
    1.01976855e+03, 2.57196503e+02, 1.05434033e+03, 2.90053284e+02,
    1.08804431e+03, 3.21992310e+02, 1.12058667e+03, 3.53189484e+02,
    9.17534851e+02, 2.19288971e+02, 9.53504822e+02, 2.52793610e+02,
    9.88410400e+02, 2.85424316e+02, 1.02239252e+03, 3.16851379e+02,
    1.05536816e+03, 3.47689484e+02, 1.08762756e+03, 3.77503662e+02,
    8.89411133e+02, 2.48616592e+02, 9.24679199e+02, 2.80753876e+02,
    9.58946045e+02, 3.12103271e+02, 9.92411499e+02, 3.42206512e+02,
    1.02486572e+03, 3.71679169e+02, 1.05649792e+03, 4.00440887e+02,
    8.62648254e+02, 2.76130127e+02, 8.97446045e+02, 3.06957916e+02,
    9.31026123e+02, 3.37057434e+02, 9.63732117e+02, 3.66233765e+02,
    9.95808533e+02, 3.94544373e+02, 1.02688318e+03, 4.22258484e+02,
    8.37754578e+02, 3.02122620e+02, 8.71847046e+02, 3.31707306e+02,
    9.04889526e+02, 3.60532288e+02, 9.37138733e+02, 3.88618866e+02,
    9.68482605e+02, 4.15941986e+02, 9.99208435e+02, 4.42494690e+02 ]
