%YAML:1.0
---
points: [ 9.69562607e+01, 1.19963760e+02, 1.06665733e+02, 1.18136124e+02,
    1.16479324e+02, 1.16579178e+02, 1.26470398e+02, 1.14721504e+02,
    1.36487518e+02, 1.13208069e+02, 1.46438416e+02, 1.11522987e+02,
    9.69562531e+01, 1.19963776e+02, 1.06665733e+02, 1.18136131e+02,
    1.14657867e+02, 1.22814194e+02, 1.26470390e+02, 1.14721512e+02,
    1.36487503e+02, 1.13208069e+02, 1.45217178e+02, 1.17557350e+02,
    9.22702408e+01, 1.32738708e+02, 1.02458565e+02, 1.30895691e+02,
    1.14657867e+02, 1.22814209e+02, 1.24733887e+02, 1.21240616e+02,
    1.33427994e+02, 1.25972694e+02, 1.45217178e+02, 1.17557358e+02,
    9.22702332e+01, 1.32738724e+02, 1.02458549e+02, 1.30895737e+02,
    1.12840042e+02, 1.29168930e+02, 1.23158501e+02, 1.27380943e+02,
    1.33427979e+02, 1.25972717e+02, 1.43801971e+02, 1.23901321e+02,
    9.01691284e+01, 1.39361771e+02, 1.00134514e+02, 1.38433136e+02,
    1.10857780e+02, 1.35800507e+02, 1.19372345e+02, 1.41636383e+02,
    1.31699692e+02, 1.33076981e+02, 1.42312698e+02, 1.31160446e+02,
    8.64213409e+01, 1.49916977e+02, 9.71231689e+01, 1.48049484e+02,
    1.08655815e+02, 1.43314255e+02, 1.18533173e+02, 1.44918045e+02,
    1.29380066e+02, 1.43187790e+02, 1.40287338e+02, 1.41308548e+02,
    8.38547668e+01, 1.57564682e+02, 9.46822510e+01, 1.55836487e+02,
    1.05593033e+02, 1.54118423e+02, 1.16609497e+02, 1.52408691e+02,
    1.27624527e+02, 1.50695572e+02, 1.38780869e+02, 1.48974228e+02,
    8.11647720e+01, 1.65481461e+02, 9.22223206e+01, 1.63689743e+02,
    1.03288147e+02, 1.62038864e+02, 1.14538284e+02, 1.60248398e+02,
    1.25894722e+02, 1.58496002e+02, 1.37164536e+02, 1.56750519e+02 ]
