%YAML:1.0
---
points: [ 1.86007370e+02, 1.67206467e+02, 1.98474304e+02, 1.70515045e+02,
    2.10952560e+02, 1.73832047e+02, 2.23420792e+02, 1.77118668e+02,
    2.35821060e+02, 1.80335678e+02, 2.48304398e+02, 1.83604996e+02,
    1.82707077e+02, 1.79645844e+02, 1.95228500e+02, 1.82905487e+02,
    2.07757187e+02, 1.86238007e+02, 2.20217834e+02, 1.89472122e+02,
    2.32664780e+02, 1.92745270e+02, 2.45011780e+02, 1.96061661e+02,
    1.79381805e+02, 1.92144440e+02, 1.91996078e+02, 1.95387848e+02,
    2.04588043e+02, 1.98631042e+02, 2.16954544e+02, 2.01880493e+02,
    2.29567047e+02, 2.05039749e+02, 2.41623489e+02, 2.08126465e+02,
    1.76208374e+02, 2.04593170e+02, 1.88721771e+02, 2.07838058e+02,
    2.01242325e+02, 2.11154205e+02, 2.13755920e+02, 2.14219345e+02,
    2.26179794e+02, 2.17599548e+02, 2.38389359e+02, 2.20868469e+02,
    1.72866425e+02, 2.17044556e+02, 1.85459839e+02, 2.20245621e+02,
    1.97896225e+02, 2.23459320e+02, 2.10383850e+02, 2.26836685e+02,
    2.22944824e+02, 2.29970673e+02, 2.35235428e+02, 2.32760178e+02,
    1.69630600e+02, 2.29426147e+02, 1.82222107e+02, 2.32696930e+02,
    1.94693954e+02, 2.35898148e+02, 2.07150391e+02, 2.39108765e+02,
    2.19664795e+02, 2.42295090e+02, 2.32132385e+02, 2.45472382e+02,
    1.66302185e+02, 2.41903000e+02, 1.78897125e+02, 2.45117477e+02,
    1.91404068e+02, 2.48266510e+02, 2.03872070e+02, 2.51484589e+02,
    2.16399612e+02, 2.54711746e+02, 2.28760666e+02, 2.57920410e+02,
    1.62991409e+02, 2.54433975e+02, 1.75534058e+02, 2.57580627e+02,
    1.88126892e+02, 2.60799438e+02, 2.00612030e+02, 2.63951538e+02,
    2.13086853e+02, 2.67188385e+02, 2.25470123e+02, 2.70403595e+02 ]
