%YAML:1.0
---
points: [ 9.15653687e+02, 3.13786804e+02, 9.55483643e+02, 3.29490814e+02,
    9.95281738e+02, 3.45061615e+02, 1.03491455e+03, 3.60408752e+02,
    1.07463599e+03, 3.75887085e+02, 1.11443286e+03, 3.91331512e+02,
    9.02059814e+02, 3.42421814e+02, 9.42691345e+02, 3.58334076e+02,
    9.83351624e+02, 3.74348755e+02, 1.02396570e+03, 3.89846069e+02,
    1.06454883e+03, 4.05845551e+02, 1.10535107e+03, 4.21583130e+02,
    8.87835510e+02, 3.72275909e+02, 9.29492065e+02, 3.88444702e+02,
    9.71039368e+02, 4.04735962e+02, 1.01260150e+03, 4.20721313e+02,
    1.05416736e+03, 4.37091278e+02, 1.09553394e+03, 4.53299713e+02,
    8.72925598e+02, 4.03427765e+02, 9.15448975e+02, 4.20261230e+02,
    9.58106934e+02, 4.36610138e+02, 1.00058087e+03, 4.53224915e+02,
    1.04318750e+03, 4.69816956e+02, 1.08564722e+03, 4.86215759e+02,
    8.57207458e+02, 4.36360596e+02, 9.00740479e+02, 4.53302063e+02,
    9.44513184e+02, 4.70339661e+02, 9.88084656e+02, 4.87305542e+02,
    1.03161609e+03, 5.04246735e+02, 1.07509973e+03, 5.21217407e+02,
    8.40779541e+02, 4.70461823e+02, 8.85519592e+02, 4.88048828e+02,
    9.30390869e+02, 5.05356415e+02, 9.74863342e+02, 5.22752747e+02,
    1.01959564e+03, 5.40260193e+02, 1.06433118e+03, 5.57649231e+02,
    8.23390930e+02, 5.06945160e+02, 8.69346985e+02, 5.24830811e+02,
    9.15230652e+02, 5.42595398e+02, 9.61021973e+02, 5.60508362e+02,
    1.00672430e+03, 5.78448181e+02, 1.05254236e+03, 5.96362793e+02,
    8.04920288e+02, 5.45124695e+02, 8.52266113e+02, 5.63386536e+02,
    8.99427307e+02, 5.81581604e+02, 9.46467041e+02, 5.99842773e+02,
    9.93472229e+02, 6.18278931e+02, 1.04038501e+03, 6.36544739e+02 ]
