%YAML:1.0
---
points: [ 9.99103943e+02, 4.39603210e+02, 1.02940881e+03, 4.68164673e+02,
    1.05939941e+03, 4.96563660e+02, 1.08932800e+03, 5.24584717e+02,
    1.11898022e+03, 5.52714661e+02, 1.14875208e+03, 5.80605103e+02,
    9.88535156e+02, 4.53775909e+02, 1.01982477e+03, 4.83365723e+02,
    1.05094067e+03, 5.12580322e+02, 1.08208557e+03, 5.41659363e+02,
    1.11280615e+03, 5.70741516e+02, 1.14351111e+03, 5.99509521e+02,
    9.77450012e+02, 4.68759308e+02, 1.00977704e+03, 4.99424805e+02,
    1.04217493e+03, 5.29737915e+02, 1.07421826e+03, 5.59742676e+02,
    1.10620251e+03, 5.90000122e+02, 1.13803491e+03, 6.19863037e+02,
    9.65466187e+02, 4.85054565e+02, 9.98994019e+02, 5.16889160e+02,
    1.03250671e+03, 5.48252014e+02, 1.06591956e+03, 5.79386597e+02,
    1.09895752e+03, 6.10490784e+02, 1.13225598e+03, 6.41529541e+02,
    9.52307129e+02, 5.02845947e+02, 9.87349487e+02, 5.35570679e+02,
    1.02210138e+03, 5.68337585e+02, 1.05665369e+03, 6.00541992e+02,
    1.09137634e+03, 6.32678894e+02, 1.12550000e+03, 6.64992554e+02,
    9.38329224e+02, 5.21671936e+02, 9.74694702e+02, 5.55857178e+02,
    1.01111615e+03, 5.89593445e+02, 1.04681934e+03, 6.23416077e+02,
    1.08296863e+03, 6.56828918e+02, 1.11844971e+03, 6.90085632e+02,
    9.22653137e+02, 5.42698303e+02, 9.60823364e+02, 5.78078735e+02,
    9.98739746e+02, 6.13316345e+02, 1.03632861e+03, 6.48214783e+02,
    1.07370264e+03, 6.83245667e+02, 1.11101575e+03, 7.17778687e+02,
    9.06023071e+02, 5.65189270e+02, 9.46011230e+02, 6.01986816e+02,
    9.85459351e+02, 6.38684204e+02, 1.02473608e+03, 6.74989807e+02,
    1.06394006e+03, 7.11390808e+02, 1.10257532e+03, 7.47510376e+02 ]
