%YAML:1.0
---
points: [ 1.62784393e+02, 1.49074585e+02, 1.73074905e+02, 1.57089844e+02,
    1.83340363e+02, 1.65062469e+02, 1.93586746e+02, 1.73104294e+02,
    2.03752594e+02, 1.81041824e+02, 2.13957947e+02, 1.88998718e+02,
    1.54896393e+02, 1.59176529e+02, 1.65138290e+02, 1.67168015e+02,
    1.75383392e+02, 1.75201843e+02, 1.85674393e+02, 1.83168610e+02,
    1.95855331e+02, 1.91059921e+02, 2.06045853e+02, 1.99009094e+02,
    1.46781677e+02, 1.69359894e+02, 1.57093079e+02, 1.77332138e+02,
    1.67404877e+02, 1.85328857e+02, 1.77636581e+02, 1.93297928e+02,
    1.87876862e+02, 2.01236847e+02, 1.98082764e+02, 2.09141983e+02,
    1.38804581e+02, 1.79518356e+02, 1.49093369e+02, 1.87485168e+02,
    1.59439087e+02, 1.95420578e+02, 1.69690155e+02, 2.03364822e+02,
    1.79912888e+02, 2.11389389e+02, 1.90146240e+02, 2.19255692e+02,
    1.30796707e+02, 1.89649170e+02, 1.41103943e+02, 1.97615158e+02,
    1.51399475e+02, 2.05547531e+02, 1.61698715e+02, 2.13527847e+02,
    1.71914597e+02, 2.21444870e+02, 1.82164612e+02, 2.29314056e+02,
    1.22790680e+02, 1.99836899e+02, 1.33145828e+02, 2.07795120e+02,
    1.43360657e+02, 2.15765533e+02, 1.53638290e+02, 2.23660172e+02,
    1.63927841e+02, 2.31604248e+02, 1.74169785e+02, 2.39488632e+02,
    1.14769135e+02, 2.10025757e+02, 1.25152985e+02, 2.17945114e+02,
    1.35388748e+02, 2.25878326e+02, 1.45655594e+02, 2.33835953e+02,
    1.55908401e+02, 2.41768600e+02, 1.66179184e+02, 2.49656372e+02,
    1.06685860e+02, 2.20214767e+02, 1.17096237e+02, 2.28145325e+02,
    1.27313133e+02, 2.36107880e+02, 1.37621490e+02, 2.44028702e+02,
    1.47849625e+02, 2.51963882e+02, 1.58136261e+02, 2.59836609e+02 ]
