%YAML:1.0
---
cameraMatrix: !!opencv-matrix
   rows: 3
   cols: 3
   dt: d
   data: [ 1.0669582800167843e+03, 0., 9.5087102916544757e+02, 0.,
       1.0677855066785899e+03, 5.3395799864593823e+02, 0., 0., 1. ]
distortionCoefficients: !!opencv-matrix
   rows: 1
   cols: 5
   dt: d
   data: [ 9.0562476607688125e-02, -1.5556083572021928e-01,
       -3.6828953014301119e-04, 7.7794717441256737e-04,
       7.1503514102321197e-02 ]
rotation: !!opencv-matrix
   rows: 3
   cols: 3
   dt: d
   data: [ 1., 0., 0., 0., 1., 0., 0., 0., 1. ]
projection: !!opencv-matrix
   rows: 4
   cols: 4
   dt: d
   data: [ 1.0669582800167843e+03, 0., 9.5087102916544757e+02, 0., 0.,
       1.0677855066785899e+03, 5.3395799864593823e+02, 0., 0., 0., 1.,
       0., 0., 0., 0., 1. ]
