%YAML:1.0
---
depthShift: -2.7641230516031076e+01
