%YAML:1.0
---
cameraMatrix: !!opencv-matrix
   rows: 3
   cols: 3
   dt: d
   data: [ 3.5818138093537698e+02, 0., 2.5535714763557417e+02, 0.,
       3.5845131535914527e+02, 2.1414659733793928e+02, 0., 0., 1. ]
distortionCoefficients: !!opencv-matrix
   rows: 1
   cols: 5
   dt: d
   data: [ 8.7797074736475647e-02, -2.7129989228527840e-01,
       6.1981976997423538e-04, 1.2710581545347202e-04,
       1.0723392070667270e-01 ]
rotation: !!opencv-matrix
   rows: 3
   cols: 3
   dt: d
   data: [ 1., 0., 0., 0., 1., 0., 0., 0., 1. ]
projection: !!opencv-matrix
   rows: 4
   cols: 4
   dt: d
   data: [ 3.5818138093537698e+02, 0., 2.5535714763557417e+02, 0., 0.,
       3.5845131535914527e+02, 2.1414659733793928e+02, 0., 0., 0., 1.,
       0., 0., 0., 0., 1. ]
