%YAML:1.0
---
rotation: !!opencv-matrix
   rows: 3
   cols: 3
   dt: d
   data: [ 9.9961629943521912e-01, -1.5711582772282096e-03,
       -2.7654753029204702e-02, 1.6700009750753491e-03,
       9.9999229917871690e-01, 3.5514335143473452e-03,
       2.7648960200731900e-02, -3.5962542918263492e-03,
       9.9961122540460046e-01 ]
translation: !!opencv-matrix
   rows: 3
   cols: 1
   dt: d
   data: [ -2.8370463838687389e-02, -8.8982796172336505e-04,
       2.1090411341893028e-02 ]
essential: !!opencv-matrix
   rows: 3
   cols: 3
   dt: d
   data: [ -5.9823825404889267e-05, -2.1087048880778163e-02,
       -9.6438321288854108e-04, 2.1866732764701850e-02,
       -1.3516377669094671e-04, 2.7776184006142818e-02,
       8.4210783195794604e-04, -2.8371643423383018e-02,
       -1.2536378861423411e-04 ]
fundamental: !!opencv-matrix
   rows: 3
   cols: 3
   dt: d
   data: [ 4.9513403220395095e-07, 1.7439628542744736e-04,
       -3.4613892109032415e-02, -1.8084058832536478e-04,
       1.1169793907638590e-06, -3.6338994553270318e-02,
       8.8654052888328727e-02, 8.3928525440408450e-02, 1. ]
