camera_matrix:
- [1074.9760449625007, 0.0, 942.3422637341752]
- [0.0, 1076.3234090343599, 547.6692991121764]
- [0.0, 0.0, 1.0]
dist_coeffs: [0.10360053258804285, -0.1824077881118923, 0.005988922899050061, -0.002673342644468268,
  0.10691148196890131]
rotation:
- [-0.10329625340374476, -0.012278366695066434, 0.9945748467280127]
- [-0.430167932442468, -0.9010226682101958, -0.05580054900762235]
- [0.8968196217361222, -0.4335981931266337, 0.08779050624297058]
translation: [-0.45096092097954465, 0.21137628702335487, 0.013380435290339804]
