camera_matrix:
- [1080.6305921230244, 0.0, 950.6852250109905]
- [0.0, 1080.5166398512713, 548.373281081625]
- [0.0, 0.0, 1.0]
dist_coeffs: [0.084715802809278, -0.07430625282033672, 0.005461695125248531, 0.0003245131617511009,
  -0.05591874282579857]
rotation:
- [0.13320328345554325, 0.22623298918485857, -0.9649225460528676]
- [-0.9170235094325937, -0.3411639629721203, -0.20657936372517224]
- [-0.37593186673200385, 0.9123737090543702, 0.162016809627129]
translation: [0.7728849005459331, -0.2120018786815792, 0.2619319562706158]
