%YAML:1.0
---
points: [ 7.04209229e+02, 6.38966675e+02, 7.06386963e+02, 6.01289368e+02,
    7.08444214e+02, 5.63293884e+02, 7.10589905e+02, 5.25393555e+02,
    7.12590820e+02, 4.87432922e+02, 7.14669189e+02, 4.49628357e+02,
    7.42137756e+02, 6.41080505e+02, 7.44224243e+02, 6.03291870e+02,
    7.46393494e+02, 5.65443665e+02, 7.48508423e+02, 5.27560669e+02,
    7.50530334e+02, 4.89648041e+02, 7.52726257e+02, 4.51799347e+02,
    7.80329834e+02, 6.43284668e+02, 7.82330505e+02, 6.05409607e+02,
    7.84547180e+02, 5.67461731e+02, 7.86511169e+02, 5.29674622e+02,
    7.88662598e+02, 4.91908173e+02, 7.90730286e+02, 4.54284637e+02,
    8.18101379e+02, 6.45319397e+02, 8.20287354e+02, 6.07511658e+02,
    8.22397888e+02, 5.69700745e+02, 8.24449097e+02, 5.32032104e+02,
    8.26603271e+02, 4.94226685e+02, 8.28592468e+02, 4.56304352e+02,
    8.55641541e+02, 6.47314941e+02, 8.57966064e+02, 6.09539429e+02,
    8.60059448e+02, 5.71812073e+02, 8.62227600e+02, 5.34162231e+02,
    8.64357910e+02, 4.96464630e+02, 8.66300049e+02, 4.58609375e+02,
    8.93438171e+02, 6.49435730e+02, 8.95628479e+02, 6.11769409e+02,
    8.97720337e+02, 5.74098083e+02, 8.99911011e+02, 5.36223572e+02,
    9.01852173e+02, 4.98527222e+02, 9.03988770e+02, 4.60784210e+02,
    9.31347534e+02, 6.51494080e+02, 9.33258545e+02, 6.13747437e+02,
    9.35389404e+02, 5.76177490e+02, 9.37487000e+02, 5.38507874e+02,
    9.39521606e+02, 5.00770447e+02, 9.41741028e+02, 4.63029663e+02,
    9.68889893e+02, 6.53739868e+02, 9.70838867e+02, 6.16014526e+02,
    9.73066223e+02, 5.78333252e+02, 9.75102783e+02, 5.40588989e+02,
    9.77195923e+02, 5.02851959e+02, 9.79387085e+02, 4.65292419e+02 ]
