%YAML:1.0
---
points: [ 9.98610962e+02, 2.45314529e+02, 1.00002032e+03, 2.91312286e+02,
    1.00129169e+03, 3.35709534e+02, 1.00243304e+03, 3.79208923e+02,
    1.00366394e+03, 4.21387787e+02, 1.00497211e+03, 4.62380798e+02,
    9.54126953e+02, 2.47459473e+02, 9.55937134e+02, 2.93141602e+02,
    9.57902893e+02, 3.37781799e+02, 9.59659729e+02, 3.81192078e+02,
    9.61461243e+02, 4.23273346e+02, 9.63337463e+02, 4.64296600e+02,
    9.09804871e+02, 2.49477631e+02, 9.12276855e+02, 2.95237610e+02,
    9.14746826e+02, 3.39618896e+02, 9.17186279e+02, 3.82767822e+02,
    9.19366516e+02, 4.24862457e+02, 9.21652588e+02, 4.65852142e+02,
    8.65343445e+02, 2.51300903e+02, 8.68557251e+02, 2.97106110e+02,
    8.71528687e+02, 3.41443451e+02, 8.74568420e+02, 3.84671875e+02,
    8.77377441e+02, 4.26738403e+02, 8.80070068e+02, 4.67556549e+02,
    8.21007263e+02, 2.53248566e+02, 8.24621460e+02, 2.98775604e+02,
    8.28333374e+02, 3.43353302e+02, 8.31884521e+02, 3.86415375e+02,
    8.35232605e+02, 4.28459930e+02, 8.38545227e+02, 4.69406342e+02,
    7.76487854e+02, 2.55109314e+02, 7.80958984e+02, 3.00645142e+02,
    7.85261230e+02, 3.45109802e+02, 7.89337585e+02, 3.87992157e+02,
    7.93249023e+02, 4.30120300e+02, 7.96973206e+02, 4.70892273e+02,
    7.31958435e+02, 2.56663239e+02, 7.36960266e+02, 3.02412415e+02,
    7.41688843e+02, 3.46593781e+02, 7.46373901e+02, 3.89740448e+02,
    7.50714478e+02, 4.31676453e+02, 7.55167175e+02, 4.72591644e+02,
    6.87445435e+02, 2.58481598e+02, 6.92985229e+02, 3.03863403e+02,
    6.98569580e+02, 3.48444580e+02, 7.03615173e+02, 3.91422546e+02,
    7.08682068e+02, 4.33469543e+02, 7.13542969e+02, 4.74236847e+02 ]
