%YAML:1.0
---
points: [ 6.96328613e+02, 3.22042023e+02, 6.94181030e+02, 2.79815155e+02,
    6.91909607e+02, 2.36139816e+02, 6.89995422e+02, 1.91318146e+02,
    6.87491882e+02, 1.44738113e+02, 6.85407349e+02, 9.71749039e+01,
    7.37288513e+02, 3.24394623e+02, 7.35648682e+02, 2.82090240e+02,
    7.34106323e+02, 2.38544312e+02, 7.32681458e+02, 1.93458038e+02,
    7.31254578e+02, 1.47187317e+02, 7.29477722e+02, 9.92663193e+01,
    7.78614441e+02, 3.26636047e+02, 7.77685059e+02, 2.84446259e+02,
    7.76770752e+02, 2.40702728e+02, 7.75886902e+02, 1.95908356e+02,
    7.75013550e+02, 1.49514526e+02, 7.74170898e+02, 1.01711136e+02,
    8.19596008e+02, 3.28869812e+02, 8.19364197e+02, 2.86671417e+02,
    8.19113464e+02, 2.43200272e+02, 8.18805054e+02, 1.98181564e+02,
    8.18535645e+02, 1.51648758e+02, 8.18343323e+02, 1.03798859e+02,
    8.60512512e+02, 3.30987701e+02, 8.61145630e+02, 2.88763763e+02,
    8.61437134e+02, 2.45326843e+02, 8.61829041e+02, 2.00503555e+02,
    8.62226807e+02, 1.54161255e+02, 8.62702759e+02, 1.06226952e+02,
    9.01645447e+02, 3.33309875e+02, 9.02742065e+02, 2.91071869e+02,
    9.03725464e+02, 2.47530685e+02, 9.05007629e+02, 2.02605774e+02,
    9.06134644e+02, 1.56164871e+02, 9.07064941e+02, 1.08265480e+02,
    9.43004150e+02, 3.35274628e+02, 9.44500061e+02, 2.93078125e+02,
    9.46238892e+02, 2.49663406e+02, 9.47969482e+02, 2.04568558e+02,
    9.49667053e+02, 1.58250412e+02, 9.51583130e+02, 1.10462646e+02,
    9.84328613e+02, 3.37417450e+02, 9.86387695e+02, 2.95258942e+02,
    9.88855530e+02, 2.51610001e+02, 9.91121277e+02, 2.06760086e+02,
    9.93659180e+02, 1.60382904e+02, 9.96221252e+02, 1.12424217e+02 ]
