%YAML:1.0
---
points: [ 9.77693298e+02, 7.56303558e+01, 9.77345825e+02, 1.24196869e+02,
    9.76765320e+02, 1.71078659e+02, 9.76389465e+02, 2.16280396e+02,
    9.75939636e+02, 2.59912628e+02, 9.75616028e+02, 3.02092560e+02,
    9.33266907e+02, 7.57049637e+01, 9.33490601e+02, 1.24038246e+02,
    9.33744324e+02, 1.70705765e+02, 9.34100098e+02, 2.15832779e+02,
    9.34387573e+02, 2.59418213e+02, 9.34699585e+02, 3.01515381e+02,
    8.89162415e+02, 7.55990448e+01, 8.90230530e+02, 1.23785500e+02,
    8.91395813e+02, 1.70353546e+02, 8.92207703e+02, 2.15277969e+02,
    8.93308044e+02, 2.58706085e+02, 8.94241821e+02, 3.00720978e+02,
    8.45067139e+02, 7.54780884e+01, 8.47014954e+02, 1.23539825e+02,
    8.48877014e+02, 1.69910370e+02, 8.50509521e+02, 2.14642120e+02,
    8.52365723e+02, 2.58185638e+02, 8.53688721e+02, 3.00035797e+02,
    8.01428711e+02, 7.53750763e+01, 8.04091675e+02, 1.23172798e+02,
    8.06529236e+02, 1.69523987e+02, 8.08962036e+02, 2.14182968e+02,
    8.11354004e+02, 2.57410950e+02, 8.13586792e+02, 2.99070129e+02,
    7.57911255e+02, 7.52257843e+01, 7.61205261e+02, 1.22631569e+02,
    7.64458557e+02, 1.68922470e+02, 7.67688538e+02, 2.13460480e+02,
    7.70612366e+02, 2.56595154e+02, 7.73717957e+02, 2.98373718e+02,
    7.14428955e+02, 7.47433014e+01, 7.18498169e+02, 1.22348045e+02,
    7.22474792e+02, 1.68157166e+02, 7.26315796e+02, 2.12804398e+02,
    7.29913879e+02, 2.55683456e+02, 7.33483765e+02, 2.97449707e+02,
    6.71453613e+02, 7.44623184e+01, 6.76214355e+02, 1.21747635e+02,
    6.80851196e+02, 1.67620789e+02, 6.85364990e+02, 2.12095825e+02,
    6.89709717e+02, 2.55087708e+02, 6.93812256e+02, 2.96477142e+02 ]
