%YAML:1.0
---
points: [ 8.20524353e+02, 3.01063080e+02, 8.20244690e+02, 2.59611420e+02,
    8.19904053e+02, 2.16477997e+02, 8.19686096e+02, 1.71702438e+02,
    8.19448120e+02, 1.25567451e+02, 8.19231567e+02, 7.76901550e+01,
    8.60511414e+02, 3.03784363e+02, 8.61017883e+02, 2.62202057e+02,
    8.61436829e+02, 2.19257706e+02, 8.61869690e+02, 1.74675110e+02,
    8.62551758e+02, 1.28492401e+02, 8.63066406e+02, 8.05481339e+01,
    9.01155762e+02, 3.06817413e+02, 9.02280701e+02, 2.65238495e+02,
    9.03439209e+02, 2.22059662e+02, 9.04643250e+02, 1.77431961e+02,
    9.05951660e+02, 1.30968338e+02, 9.07309814e+02, 8.31937790e+01,
    9.41617737e+02, 3.09405396e+02, 9.43427490e+02, 2.67804504e+02,
    9.45310913e+02, 2.24654053e+02, 9.47381775e+02, 1.80093979e+02,
    9.49327698e+02, 1.33678131e+02, 9.51410522e+02, 8.56768188e+01,
    9.82100952e+02, 3.12215973e+02, 9.84699585e+02, 2.70538055e+02,
    9.87317139e+02, 2.27497681e+02, 9.90188416e+02, 1.82596375e+02,
    9.92730408e+02, 1.36165604e+02, 9.95883301e+02, 8.81409531e+01,
    1.02281525e+03, 3.14646088e+02, 1.02627173e+03, 2.73153931e+02,
    1.02950684e+03, 2.29840393e+02, 1.03307336e+03, 1.85234772e+02,
    1.03675110e+03, 1.38732803e+02, 1.04043750e+03, 9.06273956e+01,
    1.06395508e+03, 3.17534760e+02, 1.06786365e+03, 2.75715240e+02,
    1.07185718e+03, 2.32621414e+02, 1.07616187e+03, 1.87604675e+02,
    1.08060144e+03, 1.41080093e+02, 1.08529395e+03, 9.29261627e+01,
    1.10537256e+03, 3.20016083e+02, 1.10980347e+03, 2.78242493e+02,
    1.11472241e+03, 2.34901581e+02, 1.11964673e+03, 1.90098740e+02,
    1.12486682e+03, 1.43600830e+02, 1.13034558e+03, 9.53341675e+01 ]
