%YAML:1.0
---
points: [ 8.66373657e+02, 4.20176331e+02, 8.66594177e+02, 3.80737823e+02,
    8.66952820e+02, 3.39931702e+02, 8.67424438e+02, 2.98182678e+02,
    8.67647827e+02, 2.54943863e+02, 8.68081482e+02, 2.10402313e+02,
    9.05776062e+02, 4.22738861e+02, 9.06712585e+02, 3.82987732e+02,
    9.07507568e+02, 3.42311005e+02, 9.08439636e+02, 3.00365448e+02,
    9.09460449e+02, 2.56956238e+02, 9.10411377e+02, 2.12513092e+02,
    9.45760925e+02, 4.25023315e+02, 9.47361572e+02, 3.85490082e+02,
    9.48766602e+02, 3.44535950e+02, 9.50220825e+02, 3.02556671e+02,
    9.51722107e+02, 2.59254486e+02, 9.53412231e+02, 2.14470566e+02,
    9.85763672e+02, 4.27529510e+02, 9.87630188e+02, 3.87616333e+02,
    9.89750244e+02, 3.46623932e+02, 9.91771362e+02, 3.04570984e+02,
    9.94123657e+02, 2.61216644e+02, 9.96274780e+02, 2.16405594e+02,
    1.02620227e+03, 4.29798309e+02, 1.02848682e+03, 3.90051605e+02,
    1.03129944e+03, 3.49068970e+02, 1.03386609e+03, 3.06802399e+02,
    1.03661511e+03, 2.63162689e+02, 1.03953040e+03, 2.18208817e+02,
    1.06642859e+03, 4.32241821e+02, 1.06958484e+03, 3.92299744e+02,
    1.07295386e+03, 3.51011780e+02, 1.07610974e+03, 3.08673126e+02,
    1.07967993e+03, 2.65150238e+02, 1.08326843e+03, 2.19962219e+02,
    1.10737524e+03, 4.34457764e+02, 1.11108386e+03, 3.94478943e+02,
    1.11472131e+03, 3.53318542e+02, 1.11858093e+03, 3.10661438e+02,
    1.12275854e+03, 2.66806335e+02, 1.12711304e+03, 2.21735703e+02,
    1.14854602e+03, 4.36708740e+02, 1.15280493e+03, 3.96688812e+02,
    1.15724951e+03, 3.55354034e+02, 1.16165710e+03, 3.12649231e+02,
    1.16636414e+03, 2.68723846e+02, 1.17131396e+03, 2.23473114e+02 ]
