%YAML:1.0
---
points: [ 8.88339355e+02, 5.86060120e+02, 8.89094055e+02, 5.44732971e+02,
    8.89804810e+02, 5.03049957e+02, 8.90467773e+02, 4.61262024e+02,
    8.91015808e+02, 4.19195862e+02, 8.91618408e+02, 3.76707184e+02,
    9.29466431e+02, 5.87187134e+02, 9.30324890e+02, 5.45636536e+02,
    9.31256470e+02, 5.04020294e+02, 9.32052795e+02, 4.62236450e+02,
    9.32738342e+02, 4.20023438e+02, 9.33570251e+02, 3.77497559e+02,
    9.71208130e+02, 5.88272705e+02, 9.72203979e+02, 5.46795105e+02,
    9.73154419e+02, 5.05103302e+02, 9.74059937e+02, 4.63220032e+02,
    9.74958740e+02, 4.20865082e+02, 9.75827148e+02, 3.78245941e+02,
    1.01271051e+03, 5.89316406e+02, 1.01380188e+03, 5.47921448e+02,
    1.01479675e+03, 5.06113739e+02, 1.01597675e+03, 4.64216766e+02,
    1.01711676e+03, 4.21857544e+02, 1.01812604e+03, 3.79269470e+02,
    1.05458484e+03, 5.90555298e+02, 1.05558740e+03, 5.48970276e+02,
    1.05699438e+03, 5.07191711e+02, 1.05823584e+03, 4.65132629e+02,
    1.05928906e+03, 4.22656616e+02, 1.06048059e+03, 3.80029541e+02,
    1.09643567e+03, 5.91662903e+02, 1.09767102e+03, 5.50011414e+02,
    1.09913306e+03, 5.08087128e+02, 1.10043262e+03, 4.65881073e+02,
    1.10168079e+03, 4.23519104e+02, 1.10315735e+03, 3.80685059e+02,
    1.13870178e+03, 5.92709656e+02, 1.13991577e+03, 5.50973328e+02,
    1.14143689e+03, 5.09103699e+02, 1.14272119e+03, 4.66769714e+02,
    1.14427441e+03, 4.24333374e+02, 1.14576868e+03, 3.81465790e+02,
    1.18116516e+03, 5.93949524e+02, 1.18252966e+03, 5.52083618e+02,
    1.18418347e+03, 5.09990204e+02, 1.18570203e+03, 4.67633789e+02,
    1.18729712e+03, 4.25043762e+02, 1.18908545e+03, 3.82136475e+02 ]
