%YAML:1.0
---
points: [ 9.24786621e+02, 7.12664062e+02, 9.27115967e+02, 6.69756775e+02,
    9.29240417e+02, 6.27459900e+02, 9.31431580e+02, 5.85897583e+02,
    9.33451355e+02, 5.44685913e+02, 9.35458496e+02, 5.04264587e+02,
    9.67224487e+02, 7.14710327e+02, 9.69222412e+02, 6.71684204e+02,
    9.70935059e+02, 6.29316223e+02, 9.72788391e+02, 5.87551147e+02,
    9.74568848e+02, 5.46471436e+02, 9.76355347e+02, 5.05840942e+02,
    1.01024347e+03, 7.17043762e+02, 1.01164417e+03, 6.73798950e+02,
    1.01318604e+03, 6.31302246e+02, 1.01473090e+03, 5.89460999e+02,
    1.01636389e+03, 5.48299866e+02, 1.01774133e+03, 5.07429535e+02,
    1.05309436e+03, 7.19179565e+02, 1.05422485e+03, 6.75853271e+02,
    1.05537256e+03, 6.33373962e+02, 1.05659900e+03, 5.91488403e+02,
    1.05786572e+03, 5.49935242e+02, 1.05913208e+03, 5.09144836e+02,
    1.09614661e+03, 7.21446533e+02, 1.09698572e+03, 6.77984375e+02,
    1.09793530e+03, 6.35279785e+02, 1.09884839e+03, 5.93194397e+02,
    1.09980811e+03, 5.51646118e+02, 1.10070447e+03, 5.10758362e+02,
    1.13948889e+03, 7.23713013e+02, 1.14004431e+03, 6.80341797e+02,
    1.14071289e+03, 6.37398987e+02, 1.14134448e+03, 5.95208252e+02,
    1.14198584e+03, 5.53518127e+02, 1.14267688e+03, 5.12454956e+02,
    1.18338440e+03, 7.26190613e+02, 1.18350549e+03, 6.82452209e+02,
    1.18390076e+03, 6.39468079e+02, 1.18408020e+03, 5.97107544e+02,
    1.18445911e+03, 5.55263550e+02, 1.18474561e+03, 5.13981873e+02,
    1.22752869e+03, 7.28611816e+02, 1.22739526e+03, 6.84761658e+02,
    1.22729285e+03, 6.41505005e+02, 1.22723560e+03, 5.98987976e+02,
    1.22723767e+03, 5.57023376e+02, 1.22739502e+03, 5.15672729e+02 ]
