%YAML:1.0
---
points: [ 8.76111633e+02, 4.21279724e+02, 8.76748840e+02, 4.59246307e+02,
    8.77414673e+02, 4.96970551e+02, 8.78089172e+02, 5.34604492e+02,
    8.78676331e+02, 5.72417358e+02, 8.79429199e+02, 6.10302063e+02,
    8.38246765e+02, 4.21840729e+02, 8.38818481e+02, 4.59658661e+02,
    8.39520996e+02, 4.97524933e+02, 8.40217224e+02, 5.35221069e+02,
    8.40847229e+02, 5.73086853e+02, 8.41562378e+02, 6.10894348e+02,
    8.00464233e+02, 4.22277863e+02, 8.01185364e+02, 4.60223267e+02,
    8.01723267e+02, 4.98046936e+02, 8.02398621e+02, 5.35735474e+02,
    8.03003540e+02, 5.73744446e+02, 8.03651489e+02, 6.11580444e+02,
    7.62285095e+02, 4.22750732e+02, 7.63197571e+02, 4.60588013e+02,
    7.63939087e+02, 4.98545990e+02, 7.64515503e+02, 5.36335938e+02,
    7.65233521e+02, 5.74418640e+02, 7.65567871e+02, 6.12141907e+02,
    7.24192993e+02, 4.23188385e+02, 7.24944275e+02, 4.61204102e+02,
    7.25700500e+02, 4.99152344e+02, 7.26434631e+02, 5.37038208e+02,
    7.27120178e+02, 5.74928711e+02, 7.27737549e+02, 6.12755249e+02,
    6.85953796e+02, 4.23646088e+02, 6.86635071e+02, 4.61539551e+02,
    6.87346558e+02, 4.99623810e+02, 6.88244934e+02, 5.37623474e+02,
    6.88897705e+02, 5.75603027e+02, 6.89584900e+02, 6.13427856e+02,
    6.47567993e+02, 4.24015900e+02, 6.48297485e+02, 4.62124969e+02,
    6.48934448e+02, 4.99963898e+02, 6.49695007e+02, 5.38249878e+02,
    6.50316223e+02, 5.76126953e+02, 6.51065369e+02, 6.14285400e+02,
    6.09066589e+02, 4.24412415e+02, 6.09821777e+02, 4.62403748e+02,
    6.10837524e+02, 5.00711426e+02, 6.11404175e+02, 5.38681946e+02,
    6.11955933e+02, 5.76687317e+02, 6.12578125e+02, 6.14788025e+02 ]
