%YAML:1.0
---
points: [ 7.56768860e+02, 4.69727203e+02, 7.56614014e+02, 5.08199921e+02,
    7.56485168e+02, 5.46547546e+02, 7.56347412e+02, 5.85061462e+02,
    7.56159851e+02, 6.23371704e+02, 7.55914185e+02, 6.61663879e+02,
    7.17331604e+02, 4.69218506e+02, 7.17262573e+02, 5.07667572e+02,
    7.17048889e+02, 5.46478027e+02, 7.16836182e+02, 5.85227478e+02,
    7.16644104e+02, 6.23687073e+02, 7.16553467e+02, 6.62396667e+02,
    6.77233215e+02, 4.68410095e+02, 6.77222961e+02, 5.07420197e+02,
    6.77094543e+02, 5.46333923e+02, 6.76831421e+02, 5.85357727e+02,
    6.76689270e+02, 6.24186340e+02, 6.76433167e+02, 6.63147400e+02,
    6.36632629e+02, 4.67682251e+02, 6.36630798e+02, 5.06953888e+02,
    6.36573975e+02, 5.46251587e+02, 6.36348572e+02, 5.85505249e+02,
    6.36182312e+02, 6.24590759e+02, 6.35887268e+02, 6.63865662e+02,
    5.95370789e+02, 4.66881714e+02, 5.95370178e+02, 5.06621155e+02,
    5.95269165e+02, 5.46085510e+02, 5.95135986e+02, 5.85644409e+02,
    5.94894226e+02, 6.25081055e+02, 5.94623352e+02, 6.64632202e+02,
    5.53492798e+02, 4.66284851e+02, 5.53538025e+02, 5.06156982e+02,
    5.53390564e+02, 5.46036682e+02, 5.53297729e+02, 5.85796875e+02,
    5.53100220e+02, 6.25550720e+02, 5.52933716e+02, 6.65332642e+02,
    5.10883423e+02, 4.65478973e+02, 5.10842957e+02, 5.05743439e+02,
    5.10684296e+02, 5.45791016e+02, 5.10550903e+02, 5.85939087e+02,
    5.10418854e+02, 6.25944641e+02, 5.10222229e+02, 6.66259827e+02,
    4.67898743e+02, 4.64834137e+02, 4.67836182e+02, 5.05148163e+02,
    4.67808380e+02, 5.45676819e+02, 4.67569122e+02, 5.86077820e+02,
    4.67388672e+02, 6.26515503e+02, 4.67175781e+02, 6.66797180e+02 ]
