%YAML:1.0
---
points: [ 4.58626556e+02, 5.02865845e+02, 4.59860107e+02, 4.61618195e+02,
    4.61191772e+02, 4.20111450e+02, 4.62508209e+02, 3.78512512e+02,
    4.63745331e+02, 3.36457886e+02, 4.65007141e+02, 2.94418488e+02,
    5.02757782e+02, 5.05356628e+02, 5.04305054e+02, 4.64445618e+02,
    5.05631470e+02, 4.23332123e+02, 5.07061676e+02, 3.81917877e+02,
    5.08427338e+02, 3.40380280e+02, 5.09614746e+02, 2.98481903e+02,
    5.46830200e+02, 5.07454926e+02, 5.48421204e+02, 4.66898651e+02,
    5.49649658e+02, 4.26286316e+02, 5.51079651e+02, 3.85392456e+02,
    5.52560974e+02, 3.44213837e+02, 5.53881226e+02, 3.02682068e+02,
    5.89678650e+02, 5.09563171e+02, 5.91255188e+02, 4.69590271e+02,
    5.92668945e+02, 4.29278046e+02, 5.94347717e+02, 3.88613007e+02,
    5.95701233e+02, 3.47883270e+02, 5.97112976e+02, 3.06948578e+02,
    6.31764526e+02, 5.11768402e+02, 6.33483215e+02, 4.72057373e+02,
    6.34997681e+02, 4.32159210e+02, 6.36714233e+02, 3.91930511e+02,
    6.38221802e+02, 3.51463593e+02, 6.39584290e+02, 3.10874542e+02,
    6.73088318e+02, 5.13799438e+02, 6.74822571e+02, 4.74572327e+02,
    6.76517578e+02, 4.34783600e+02, 6.78254944e+02, 3.95202545e+02,
    6.79833557e+02, 3.55161499e+02, 6.81419250e+02, 3.14679901e+02,
    7.13515076e+02, 5.15982300e+02, 7.15392700e+02, 4.76861725e+02,
    7.17177307e+02, 4.37769104e+02, 7.18736755e+02, 3.98318054e+02,
    7.20555176e+02, 3.58613342e+02, 7.22380310e+02, 3.18650696e+02,
    7.53527649e+02, 5.17984802e+02, 7.55286255e+02, 4.79269745e+02,
    7.57161316e+02, 4.40441071e+02, 7.58834717e+02, 4.01421295e+02,
    7.60638184e+02, 3.61896698e+02, 7.62465332e+02, 3.22494202e+02 ]
