%YAML:1.0
---
points: [ 4.03519897e+02, 3.32561371e+02, 4.04138519e+02, 2.91907135e+02,
    4.04876068e+02, 2.51008636e+02, 4.05609039e+02, 2.10404724e+02,
    4.06279419e+02, 1.69418854e+02, 4.06940826e+02, 1.28690155e+02,
    4.46649231e+02, 3.34724396e+02, 4.47258728e+02, 2.94211121e+02,
    4.47888031e+02, 2.53640839e+02, 4.48384705e+02, 2.13041412e+02,
    4.49136475e+02, 1.72440475e+02, 4.49692200e+02, 1.31761215e+02,
    4.89715698e+02, 3.36786865e+02, 4.90350616e+02, 2.96761566e+02,
    4.90756348e+02, 2.56305084e+02, 4.91339081e+02, 2.15712570e+02,
    4.91887207e+02, 1.75343124e+02, 4.92444977e+02, 1.34754562e+02,
    5.32100586e+02, 3.39123108e+02, 5.32506104e+02, 2.98929230e+02,
    5.33027588e+02, 2.58876068e+02, 5.33524109e+02, 2.18597626e+02,
    5.34104492e+02, 1.78363724e+02, 5.34524719e+02, 1.38109055e+02,
    5.73722473e+02, 3.41055115e+02, 5.74442322e+02, 3.01586914e+02,
    5.74804382e+02, 2.61406464e+02, 5.75439514e+02, 2.21488541e+02,
    5.75817078e+02, 1.81469772e+02, 5.76381653e+02, 1.41318253e+02,
    6.15083740e+02, 3.43455566e+02, 6.15578552e+02, 3.03674011e+02,
    6.16272522e+02, 2.64134064e+02, 6.16666687e+02, 2.24320190e+02,
    6.17229309e+02, 1.84441345e+02, 6.17605103e+02, 1.44413788e+02,
    6.55805420e+02, 3.45446503e+02, 6.56428833e+02, 3.06263367e+02,
    6.56813538e+02, 2.66553223e+02, 6.57488220e+02, 2.27246262e+02,
    6.58088684e+02, 1.87385361e+02, 6.58555542e+02, 1.47662048e+02,
    6.96322327e+02, 3.47520233e+02, 6.96763428e+02, 3.08429962e+02,
    6.97310913e+02, 2.69301331e+02, 6.97757385e+02, 2.29742554e+02,
    6.98396240e+02, 1.90509827e+02, 6.98771545e+02, 1.50717194e+02 ]
