%YAML:1.0
---
points: [ 2.22092514e+02, 5.00143188e+02, 2.23695892e+02, 4.57690216e+02,
    2.25728439e+02, 4.15342041e+02, 2.27682571e+02, 3.73035400e+02,
    2.29590897e+02, 3.30405457e+02, 2.31613342e+02, 2.88096436e+02,
    2.69735168e+02, 5.02537415e+02, 2.71638092e+02, 4.60460815e+02,
    2.73499329e+02, 4.18510864e+02, 2.75378418e+02, 3.76557770e+02,
    2.77325928e+02, 3.34627808e+02, 2.79210815e+02, 2.92488312e+02,
    3.17356354e+02, 5.04587769e+02, 3.19064758e+02, 4.63355194e+02,
    3.20886780e+02, 4.21653748e+02, 3.22546997e+02, 3.80346893e+02,
    3.24382507e+02, 3.38600433e+02, 3.26301331e+02, 2.97086700e+02,
    3.63613129e+02, 5.06998810e+02, 3.65439636e+02, 4.65806244e+02,
    3.67198853e+02, 4.24777161e+02, 3.68967712e+02, 3.83716553e+02,
    3.70604401e+02, 3.42669952e+02, 3.72416534e+02, 3.01608246e+02,
    4.09076416e+02, 5.08908356e+02, 4.10975677e+02, 4.68551666e+02,
    4.12635162e+02, 4.27956116e+02, 4.14479279e+02, 3.87391235e+02,
    4.16166443e+02, 3.46588531e+02, 4.17713135e+02, 3.06043243e+02,
    4.53622406e+02, 5.11275635e+02, 4.55404358e+02, 4.71129425e+02,
    4.57278900e+02, 4.30871307e+02, 4.58936584e+02, 3.90900330e+02,
    4.60521942e+02, 3.50573914e+02, 4.62199554e+02, 3.10344452e+02,
    4.97450134e+02, 5.13324707e+02, 4.99230164e+02, 4.73597473e+02,
    5.00766998e+02, 4.33955353e+02, 5.02484222e+02, 3.94353638e+02,
    5.04163910e+02, 3.54555878e+02, 5.05721466e+02, 3.14650360e+02,
    5.40409241e+02, 5.15326233e+02, 5.42165344e+02, 4.76170685e+02,
    5.43664368e+02, 4.36861633e+02, 5.45321350e+02, 3.97674438e+02,
    5.47000977e+02, 3.58444702e+02, 5.48495605e+02, 3.18960815e+02 ]
