%YAML:1.0
---
points: [ 5.35027222e+02, 5.32179871e+02, 5.35712952e+02, 5.71646912e+02,
    5.36431091e+02, 6.11394348e+02, 5.37051025e+02, 6.50837524e+02,
    5.37561218e+02, 6.90559753e+02, 5.38150940e+02, 7.30170471e+02,
    4.91407867e+02, 5.32725586e+02, 4.92160553e+02, 5.72786682e+02,
    4.92676849e+02, 6.13244202e+02, 4.93406311e+02, 6.53461975e+02,
    4.93842621e+02, 6.93536682e+02, 4.94565704e+02, 7.33828491e+02,
    4.46562927e+02, 5.33278564e+02, 4.47302399e+02, 5.74250916e+02,
    4.48004242e+02, 6.14890564e+02, 4.48514526e+02, 6.55739502e+02,
    4.49087860e+02, 6.96730652e+02, 4.49661682e+02, 7.37644653e+02,
    4.00318481e+02, 5.33799194e+02, 4.01151398e+02, 5.75365112e+02,
    4.01753876e+02, 6.16937012e+02, 4.02493927e+02, 6.58429199e+02,
    4.03083038e+02, 6.99881531e+02, 4.03584747e+02, 7.41414917e+02,
    3.52723175e+02, 5.34406738e+02, 3.53505585e+02, 5.76554565e+02,
    3.54258423e+02, 6.18710510e+02, 3.54905579e+02, 6.60830505e+02,
    3.55578003e+02, 7.03107483e+02, 3.56213287e+02, 7.45248474e+02,
    3.03874390e+02, 5.35087524e+02, 3.04768311e+02, 5.77759583e+02,
    3.05471649e+02, 6.20774536e+02, 3.06296478e+02, 6.63477234e+02,
    3.07078644e+02, 7.06529236e+02, 3.07666473e+02, 7.49216003e+02,
    2.53725586e+02, 5.35637878e+02, 2.54477478e+02, 5.79253235e+02,
    2.55209030e+02, 6.22770813e+02, 2.55979553e+02, 6.66357605e+02,
    2.56860352e+02, 7.09547729e+02, 2.57724976e+02, 7.53246521e+02,
    2.02434952e+02, 5.36331299e+02, 2.03201187e+02, 5.80508911e+02,
    2.04125946e+02, 6.24634399e+02, 2.05021881e+02, 6.68693787e+02,
    2.05978378e+02, 7.12942444e+02, 2.06742966e+02, 7.56855347e+02 ]
