%YAML:1.0
---
points: [ 6.04767090e+02, 3.84624969e+02, 6.05939880e+02, 4.24053223e+02,
    6.06812744e+02, 4.63143097e+02, 6.07839355e+02, 5.02398224e+02,
    6.08732483e+02, 5.41293213e+02, 6.09726990e+02, 5.80484680e+02,
    5.62644653e+02, 3.83700317e+02, 5.63868774e+02, 4.23443298e+02,
    5.64829041e+02, 4.63092957e+02, 5.65757385e+02, 5.02640778e+02,
    5.66661316e+02, 5.42357361e+02, 5.67652222e+02, 5.81741272e+02,
    5.19618591e+02, 3.82577332e+02, 5.20761902e+02, 4.22885834e+02,
    5.21971924e+02, 4.62875641e+02, 5.22856506e+02, 5.03001312e+02,
    5.23726135e+02, 5.43254517e+02, 5.24667297e+02, 5.83158142e+02,
    4.75634552e+02, 3.81723480e+02, 4.76678619e+02, 4.22437897e+02,
    4.77859955e+02, 4.62902008e+02, 4.78931854e+02, 5.03425720e+02,
    4.79998901e+02, 5.44198181e+02, 4.80676361e+02, 5.84537231e+02,
    4.30630463e+02, 3.80672302e+02, 4.31797546e+02, 4.21814789e+02,
    4.32906433e+02, 4.62829102e+02, 4.33787781e+02, 5.03841156e+02,
    4.34836823e+02, 5.45005920e+02, 4.35859985e+02, 5.86065918e+02,
    3.84794678e+02, 3.79620667e+02, 3.85935760e+02, 4.21203003e+02,
    3.86786072e+02, 4.62771973e+02, 3.87985382e+02, 5.04224182e+02,
    3.89123749e+02, 5.45910278e+02, 3.90092041e+02, 5.87396667e+02,
    3.37734955e+02, 3.78533173e+02, 3.38863220e+02, 4.20754517e+02,
    3.39672302e+02, 4.62743042e+02, 3.40823242e+02, 5.04825287e+02,
    3.41979736e+02, 5.46861450e+02, 3.42882263e+02, 5.89027527e+02,
    2.90259918e+02, 3.77703979e+02, 2.91243195e+02, 4.20116730e+02,
    2.92223511e+02, 4.62893341e+02, 2.93278625e+02, 5.05211121e+02,
    2.94324158e+02, 5.48034607e+02, 2.95398773e+02, 5.90418213e+02 ]
