%YAML:1.0
---
points: [ 1.63983734e+02, 2.57055328e+02, 1.76183945e+02, 2.08140106e+02,
    1.88345856e+02, 1.58858597e+02, 2.00525650e+02, 1.10029167e+02,
    2.12789536e+02, 6.08242912e+01, 2.25167236e+02, 1.19720612e+01,
    2.21705826e+02, 2.73919434e+02, 2.33438889e+02, 2.26234619e+02,
    2.45206467e+02, 1.78483063e+02, 2.57172546e+02, 1.30824829e+02,
    2.68976715e+02, 8.34736786e+01, 2.80715851e+02, 3.57700272e+01,
    2.76894836e+02, 2.89872345e+02, 2.88210480e+02, 2.43602158e+02,
    2.99598938e+02, 1.97313248e+02, 3.11252441e+02, 1.51192245e+02,
    3.22502258e+02, 1.04788261e+02, 3.34052155e+02, 5.85031395e+01,
    3.28980408e+02, 3.05017609e+02, 3.39951324e+02, 2.60154419e+02,
    3.50838470e+02, 2.15131439e+02, 3.61817505e+02, 1.70128677e+02,
    3.72916962e+02, 1.25315727e+02, 3.83862457e+02, 8.02709198e+01,
    3.78590332e+02, 3.19340088e+02, 3.89159698e+02, 2.75800598e+02,
    3.99667786e+02, 2.32150848e+02, 4.10380035e+02, 1.88403564e+02,
    4.20799316e+02, 1.44573090e+02, 4.31633514e+02, 1.00907532e+02,
    4.25236481e+02, 3.33151245e+02, 4.35574371e+02, 2.90611298e+02,
    4.45877441e+02, 2.48190247e+02, 4.56092316e+02, 2.05621597e+02,
    4.66377106e+02, 1.63197220e+02, 4.76673096e+02, 1.20519615e+02,
    4.69761108e+02, 3.45913666e+02, 4.79790985e+02, 3.04879822e+02,
    4.89740997e+02, 2.63541504e+02, 4.99547516e+02, 2.22170700e+02,
    5.09513702e+02, 1.80640732e+02, 5.19357971e+02, 1.39299484e+02,
    5.12040649e+02, 3.58430115e+02, 5.21554871e+02, 3.18261383e+02,
    5.31329895e+02, 2.78213776e+02, 5.40730469e+02, 2.37757172e+02,
    5.50381165e+02, 1.97479996e+02, 5.60106018e+02, 1.57187668e+02 ]
