%YAML:1.0
---
points: [ 4.04366058e+02, 3.71550171e+02, 4.05886169e+02, 4.11282471e+02,
    4.07186066e+02, 4.50883667e+02, 4.08543579e+02, 4.90626801e+02,
    4.09901581e+02, 5.30277283e+02, 4.11332520e+02, 5.70302429e+02,
    3.65994812e+02, 3.65949707e+02, 3.67407532e+02, 4.06816162e+02,
    3.68796661e+02, 4.47868774e+02, 3.70488708e+02, 4.88865997e+02,
    3.71393860e+02, 5.29939880e+02, 3.72739838e+02, 5.71228210e+02,
    3.25446320e+02, 3.59920868e+02, 3.26680725e+02, 4.02345306e+02,
    3.27930634e+02, 4.44604858e+02, 3.29315033e+02, 4.87072388e+02,
    3.30441101e+02, 5.29480347e+02, 3.31782837e+02, 5.72289062e+02,
    2.81798462e+02, 3.53625061e+02, 2.82809021e+02, 3.97397003e+02,
    2.84466217e+02, 4.41232483e+02, 2.85682281e+02, 4.85216095e+02,
    2.86688080e+02, 5.29268250e+02, 2.88210022e+02, 5.73300476e+02,
    2.35173218e+02, 3.46637604e+02, 2.36392502e+02, 3.92177582e+02,
    2.37615372e+02, 4.37639893e+02, 2.38739517e+02, 4.82966980e+02,
    2.40177887e+02, 5.28736694e+02, 2.41381348e+02, 5.74609375e+02,
    1.86051956e+02, 3.39520203e+02, 1.86831970e+02, 3.86543213e+02,
    1.88096603e+02, 4.33656036e+02, 1.88993042e+02, 4.80942993e+02,
    1.90336395e+02, 5.28459167e+02, 1.91520050e+02, 5.75788086e+02,
    1.32388702e+02, 3.31777954e+02, 1.33261017e+02, 3.80755066e+02,
    1.34501358e+02, 4.29541473e+02, 1.35382217e+02, 4.78535828e+02,
    1.36498901e+02, 5.27956177e+02, 1.37799545e+02, 5.77261902e+02,
    7.55358887e+01, 3.23690887e+02, 7.65051041e+01, 3.74414398e+02,
    7.72328949e+01, 4.25256958e+02, 7.83952408e+01, 4.76133148e+02,
    7.94965973e+01, 5.27472412e+02, 8.06217270e+01, 5.78507324e+02 ]
