%YAML:1.0
---
points: [ 3.86188995e+02, 5.88052002e+02, 4.04451874e+02, 6.22631958e+02,
    4.22801331e+02, 6.57330078e+02, 4.41217499e+02, 6.91775818e+02,
    4.59467651e+02, 7.26370605e+02, 4.77718842e+02, 7.61200439e+02,
    3.46348907e+02, 6.01880432e+02, 3.65103424e+02, 6.37323792e+02,
    3.83704926e+02, 6.73029297e+02, 4.02680176e+02, 7.08524292e+02,
    4.21330872e+02, 7.44238831e+02, 4.40236084e+02, 7.79746399e+02,
    3.04456909e+02, 6.16317078e+02, 3.23584503e+02, 6.52922363e+02,
    3.42720795e+02, 6.89547668e+02, 3.62179108e+02, 7.26237183e+02,
    3.81348907e+02, 7.62892883e+02, 4.00445770e+02, 7.99657166e+02,
    2.60163879e+02, 6.31696533e+02, 2.79734558e+02, 6.69407654e+02,
    2.99568878e+02, 7.07175049e+02, 3.19394440e+02, 7.44753052e+02,
    3.39052429e+02, 7.82740540e+02, 3.58800323e+02, 8.20467712e+02,
    2.13583786e+02, 6.47885803e+02, 2.33626266e+02, 6.86809875e+02,
    2.53855515e+02, 7.25749146e+02, 2.74152527e+02, 7.64567749e+02,
    2.94507629e+02, 8.03601074e+02, 3.14841095e+02, 8.42533508e+02,
    1.64714172e+02, 6.65177551e+02, 1.85322601e+02, 7.05125427e+02,
    2.05955246e+02, 7.45238464e+02, 2.26646194e+02, 7.85377319e+02,
    2.47525497e+02, 8.25614258e+02, 2.68432800e+02, 8.65656799e+02,
    1.12654480e+02, 6.83491394e+02, 1.33778610e+02, 7.24719604e+02,
    1.55175171e+02, 7.66013855e+02, 1.76413818e+02, 8.07469604e+02,
    1.97717621e+02, 8.48848206e+02, 2.19324112e+02, 8.90416748e+02,
    5.82799225e+01, 7.02632629e+02, 7.99520111e+01, 7.45217896e+02,
    1.01703362e+02, 7.87982910e+02, 1.23594681e+02, 8.30560791e+02,
    1.45681885e+02, 8.73428284e+02, 1.67689178e+02, 9.16118591e+02 ]
