%YAML:1.0
---
points: [ 7.33254578e+02, 2.83574341e+02, 7.71881470e+02, 2.81703033e+02,
    8.10643372e+02, 2.79771698e+02, 8.49215332e+02, 2.77622101e+02,
    8.87619934e+02, 2.75632568e+02, 9.26236084e+02, 2.73510040e+02,
    7.35838867e+02, 3.22612579e+02, 7.74539001e+02, 3.20624329e+02,
    8.12952820e+02, 3.18641907e+02, 8.51532959e+02, 3.16736908e+02,
    8.90081360e+02, 3.14578613e+02, 9.28381104e+02, 3.12549072e+02,
    7.38585571e+02, 3.61714172e+02, 7.77168518e+02, 3.59720215e+02,
    8.15608276e+02, 3.57739532e+02, 8.53801636e+02, 3.55679871e+02,
    8.92198853e+02, 3.53739655e+02, 9.30501526e+02, 3.51505920e+02,
    7.41212341e+02, 4.00454620e+02, 7.79656006e+02, 3.98384369e+02,
    8.17948669e+02, 3.96431946e+02, 8.56302490e+02, 3.94256805e+02,
    8.94568298e+02, 3.92273651e+02, 9.32578308e+02, 3.90110016e+02,
    7.43767212e+02, 4.38804779e+02, 7.82126404e+02, 4.36674774e+02,
    8.20452148e+02, 4.34677338e+02, 8.58558960e+02, 4.32701050e+02,
    8.96668762e+02, 4.30501190e+02, 9.34594238e+02, 4.28515839e+02,
    7.46371155e+02, 4.77047607e+02, 7.84610413e+02, 4.75095856e+02,
    8.22789368e+02, 4.72862183e+02, 8.60683594e+02, 4.70832916e+02,
    8.98810669e+02, 4.68709869e+02, 9.36849426e+02, 4.66560577e+02,
    7.48831909e+02, 5.15223145e+02, 7.87059387e+02, 5.13064880e+02,
    8.25118225e+02, 5.11011505e+02, 8.63162781e+02, 5.08673218e+02,
    9.01164734e+02, 5.06754944e+02, 9.38851990e+02, 5.04506378e+02,
    7.51345032e+02, 5.53316467e+02, 7.89483826e+02, 5.50975037e+02,
    8.27512878e+02, 5.48900452e+02, 8.65338318e+02, 5.46654541e+02,
    9.03185303e+02, 5.44559265e+02, 9.40929871e+02, 5.42457153e+02 ]
