%YAML:1.0
---
points: [ 7.60375061e+02, 4.38733307e+02, 7.99421387e+02, 4.38477600e+02,
    8.38387329e+02, 4.38140991e+02, 8.77099487e+02, 4.37838379e+02,
    9.16020203e+02, 4.37450989e+02, 9.54660889e+02, 4.37002655e+02,
    7.58644897e+02, 4.74982086e+02, 7.98096802e+02, 4.74626770e+02,
    8.37562561e+02, 4.74232147e+02, 8.76651367e+02, 4.73756683e+02,
    9.16028625e+02, 4.73522308e+02, 9.55174622e+02, 4.73162323e+02,
    7.56879517e+02, 5.12394104e+02, 7.96770630e+02, 5.11915924e+02,
    8.36536621e+02, 5.11459778e+02, 8.76336914e+02, 5.10964691e+02,
    9.16069031e+02, 5.10598297e+02, 9.55590210e+02, 5.10048523e+02,
    7.55147034e+02, 5.50270325e+02, 7.95519226e+02, 5.49750366e+02,
    8.35782043e+02, 5.49433838e+02, 8.75954285e+02, 5.49024719e+02,
    9.16152283e+02, 5.48625854e+02, 9.56069458e+02, 5.48172302e+02,
    7.53339111e+02, 5.89135437e+02, 7.94092896e+02, 5.88626770e+02,
    8.34657837e+02, 5.88162292e+02, 8.75480286e+02, 5.87669495e+02,
    9.16152222e+02, 5.87365234e+02, 9.56596558e+02, 5.86783875e+02,
    7.51276794e+02, 6.28865295e+02, 7.92437134e+02, 6.28464050e+02,
    8.33779907e+02, 6.27897400e+02, 8.74996948e+02, 6.27508423e+02,
    9.16198608e+02, 6.26972961e+02, 9.57189514e+02, 6.26471985e+02,
    7.49148865e+02, 6.69870544e+02, 7.91080750e+02, 6.69303772e+02,
    8.32699646e+02, 6.68586548e+02, 8.74588196e+02, 6.68130554e+02,
    9.16220093e+02, 6.67559265e+02, 9.57719666e+02, 6.67190430e+02,
    7.47053345e+02, 7.11942688e+02, 7.89496582e+02, 7.11360596e+02,
    8.31852417e+02, 7.10604126e+02, 8.74015442e+02, 7.09938721e+02,
    9.16242676e+02, 7.09436096e+02, 9.58302979e+02, 7.09024841e+02 ]
