%YAML:1.0
---
points: [ 9.25717407e+02, 4.38848938e+02, 9.64462158e+02, 4.37433594e+02,
    1.00305280e+03, 4.35706390e+02, 1.04205420e+03, 4.34295990e+02,
    1.08104663e+03, 4.32734711e+02, 1.12019287e+03, 4.31017303e+02,
    9.26555115e+02, 4.75395416e+02, 9.65581848e+02, 4.73786255e+02,
    1.00474939e+03, 4.72247803e+02, 1.04404358e+03, 4.70668884e+02,
    1.08344690e+03, 4.69320007e+02, 1.12285193e+03, 4.67649536e+02,
    9.27388245e+02, 5.12715698e+02, 9.66775696e+02, 5.11394470e+02,
    1.00647131e+03, 5.09725983e+02, 1.04607776e+03, 5.08191254e+02,
    1.08590173e+03, 5.06761871e+02, 1.12589233e+03, 5.05152466e+02,
    9.28349670e+02, 5.50732483e+02, 9.68280640e+02, 5.49461304e+02,
    1.00816473e+03, 5.47918579e+02, 1.04826099e+03, 5.46385254e+02,
    1.08844763e+03, 5.44981201e+02, 1.12869055e+03, 5.43549744e+02,
    9.29102722e+02, 5.89677002e+02, 9.69504639e+02, 5.88253784e+02,
    1.00987677e+03, 5.86709351e+02, 1.05028894e+03, 5.85470703e+02,
    1.09105774e+03, 5.83903015e+02, 1.13186877e+03, 5.82455688e+02,
    9.30076660e+02, 6.29382812e+02, 9.70740662e+02, 6.28064514e+02,
    1.01167578e+03, 6.26586975e+02, 1.05263232e+03, 6.25258301e+02,
    1.09377295e+03, 6.23795959e+02, 1.13510779e+03, 6.22471680e+02,
    9.31053955e+02, 6.70247314e+02, 9.72288940e+02, 6.68688904e+02,
    1.01345508e+03, 6.67255371e+02, 1.05485693e+03, 6.65934082e+02,
    1.09654224e+03, 6.64617981e+02, 1.13834204e+03, 6.63309692e+02,
    9.31928772e+02, 7.11886353e+02, 9.73677734e+02, 7.10430420e+02,
    1.01551508e+03, 7.08999634e+02, 1.05743665e+03, 7.07656738e+02,
    1.09949438e+03, 7.06467712e+02, 1.14168542e+03, 7.05231445e+02 ]
