%YAML:1.0
---
points: [ 1.12028638e+03, 4.15014954e+02, 1.16241772e+03, 4.13783813e+02,
    1.20621619e+03, 4.12544373e+02, 1.25134082e+03, 4.11227386e+02,
    1.29836951e+03, 4.09515350e+02, 1.34714966e+03, 4.08134766e+02,
    1.11974084e+03, 4.56934448e+02, 1.16169287e+03, 4.56483856e+02,
    1.20551489e+03, 4.55960968e+02, 1.25046545e+03, 4.55447449e+02,
    1.29743567e+03, 4.54759369e+02, 1.34594287e+03, 4.54246857e+02,
    1.11924963e+03, 4.99328217e+02, 1.16128735e+03, 4.99491821e+02,
    1.20478247e+03, 4.99677551e+02, 1.24979492e+03, 4.99844482e+02,
    1.29658752e+03, 5.00065491e+02, 1.34500122e+03, 5.00333618e+02,
    1.11881177e+03, 5.41298523e+02, 1.16072229e+03, 5.42087341e+02,
    1.20433276e+03, 5.43029785e+02, 1.24925537e+03, 5.43908875e+02,
    1.29587952e+03, 5.44809814e+02, 1.34426953e+03, 5.45808655e+02,
    1.11847864e+03, 5.82928589e+02, 1.16042664e+03, 5.84553711e+02,
    1.20367957e+03, 5.86286377e+02, 1.24869788e+03, 5.87852661e+02,
    1.29534521e+03, 5.89578186e+02, 1.34353162e+03, 5.91462036e+02,
    1.11834070e+03, 6.24504639e+02, 1.16003906e+03, 6.26779785e+02,
    1.20329712e+03, 6.29235779e+02, 1.24827100e+03, 6.31579224e+02,
    1.29468860e+03, 6.34134827e+02, 1.34281775e+03, 6.36700806e+02,
    1.11788562e+03, 6.66196106e+02, 1.15973230e+03, 6.69133545e+02,
    1.20287793e+03, 6.72027405e+02, 1.24779346e+03, 6.75233276e+02,
    1.29429919e+03, 6.78511780e+02, 1.34231555e+03, 6.81892761e+02,
    1.11769592e+03, 7.07733948e+02, 1.15953674e+03, 7.11388306e+02,
    1.20262134e+03, 7.14870667e+02, 1.24746057e+03, 7.18744507e+02,
    1.29371082e+03, 7.22936646e+02, 1.34175745e+03, 7.27167297e+02 ]
