%YAML:1.0
---
points: [ 1.02873474e+03, 1.75036530e+02, 1.06826721e+03, 1.86422318e+02,
    1.10933472e+03, 1.97839310e+02, 1.15219324e+03, 2.09954849e+02,
    1.19676562e+03, 2.22392776e+02, 1.24366663e+03, 2.35430237e+02,
    1.01931635e+03, 2.22241241e+02, 1.05798901e+03, 2.34070465e+02,
    1.09764771e+03, 2.46333710e+02, 1.13932275e+03, 2.59155853e+02,
    1.18308044e+03, 2.72360260e+02, 1.22845703e+03, 2.86178589e+02,
    1.01039008e+03, 2.67660553e+02, 1.04760364e+03, 2.80295715e+02,
    1.08661572e+03, 2.93067108e+02, 1.12704456e+03, 3.06701965e+02,
    1.16949756e+03, 3.20565430e+02, 1.21350525e+03, 3.35112732e+02,
    1.00147607e+03, 3.11182587e+02, 1.03817102e+03, 3.24275909e+02,
    1.07614966e+03, 3.37622101e+02, 1.11579004e+03, 3.51731720e+02,
    1.15679602e+03, 3.66314484e+02, 1.19984314e+03, 3.81484070e+02,
    9.93002014e+02, 3.52837708e+02, 1.02873254e+03, 3.66404938e+02,
    1.06569043e+03, 3.80517914e+02, 1.10442212e+03, 3.95237793e+02,
    1.14460669e+03, 4.10169342e+02, 1.18654541e+03, 4.26029846e+02,
    9.85250305e+02, 3.93121033e+02, 1.01993829e+03, 4.06978699e+02,
    1.05616663e+03, 4.21756561e+02, 1.09386475e+03, 4.36703156e+02,
    1.13310339e+03, 4.52445557e+02, 1.17376331e+03, 4.68729675e+02,
    9.77318970e+02, 4.31681274e+02, 1.01155872e+03, 4.46229645e+02,
    1.04675842e+03, 4.61363037e+02, 1.08373291e+03, 4.76681061e+02,
    1.12196753e+03, 4.92885651e+02, 1.16177478e+03, 5.09603577e+02,
    9.69861877e+02, 4.69182709e+02, 1.00329321e+03, 4.83913147e+02,
    1.03793542e+03, 4.99469086e+02, 1.07403259e+03, 5.15457092e+02,
    1.11134253e+03, 5.31883423e+02, 1.15001770e+03, 5.49088806e+02 ]
