%YAML:1.0
---
points: [ 1.11394971e+03, 4.08349762e+02, 1.13657812e+03, 4.18769043e+02,
    1.16091101e+03, 4.29899841e+02, 1.18706970e+03, 4.42083557e+02,
    1.21496387e+03, 4.54792908e+02, 1.24517578e+03, 4.68750061e+02,
    1.08904272e+03, 4.39898499e+02, 1.11100854e+03, 4.51516052e+02,
    1.13435510e+03, 4.63661774e+02, 1.15924451e+03, 4.76772736e+02,
    1.18635291e+03, 4.91132935e+02, 1.21520850e+03, 5.06308289e+02,
    1.06409937e+03, 4.71720398e+02, 1.08507288e+03, 4.84275574e+02,
    1.10764832e+03, 4.97678741e+02, 1.13142297e+03, 5.11756531e+02,
    1.15740381e+03, 5.27320557e+02, 1.18506555e+03, 5.43676575e+02,
    1.03934265e+03, 5.03278534e+02, 1.05950476e+03, 5.16728699e+02,
    1.08127026e+03, 5.31297729e+02, 1.10441956e+03, 5.46781128e+02,
    1.12911707e+03, 5.63401794e+02, 1.15571240e+03, 5.81160706e+02,
    1.01447784e+03, 5.34520203e+02, 1.03404321e+03, 5.49282471e+02,
    1.05461780e+03, 5.64637329e+02, 1.07674658e+03, 5.81406250e+02,
    1.10081055e+03, 5.99394775e+02, 1.12637048e+03, 6.18434875e+02,
    9.89995728e+02, 5.66024475e+02, 1.00856464e+03, 5.81542358e+02,
    1.02840063e+03, 5.98208496e+02, 1.04971631e+03, 6.16038025e+02,
    1.07250098e+03, 6.35111145e+02, 1.09685779e+03, 6.55486755e+02,
    9.65424683e+02, 5.97395386e+02, 9.83389099e+02, 6.13919373e+02,
    1.00223145e+03, 6.31458679e+02, 1.02271271e+03, 6.50525146e+02,
    1.04446106e+03, 6.70797546e+02, 1.06794360e+03, 6.92742615e+02,
    9.40961548e+02, 6.28669861e+02, 9.57979553e+02, 6.46393921e+02,
    9.76097473e+02, 6.65118835e+02, 9.95653503e+02, 6.85157471e+02,
    1.01647522e+03, 7.06728943e+02, 1.03883569e+03, 7.29853210e+02 ]
