%YAML:1.0
---
points: [ 6.85629028e+02, 1.20256187e+02, 7.35155884e+02, 1.21803917e+02,
    7.84756653e+02, 1.23344513e+02, 8.34098450e+02, 1.24453247e+02,
    8.83416809e+02, 1.25778282e+02, 9.32580078e+02, 1.27239777e+02,
    6.92513611e+02, 1.68506516e+02, 7.40685913e+02, 1.69899673e+02,
    7.88799683e+02, 1.71374985e+02, 8.36583679e+02, 1.72765732e+02,
    8.84504211e+02, 1.73840714e+02, 9.32146606e+02, 1.75141373e+02,
    6.99454956e+02, 2.14312317e+02, 7.45973938e+02, 2.15596451e+02,
    7.92570984e+02, 2.16907898e+02, 8.38932556e+02, 2.18388123e+02,
    8.85376221e+02, 2.19371613e+02, 9.31613098e+02, 2.20663696e+02,
    7.05799194e+02, 2.57091431e+02, 7.51002136e+02, 2.58406708e+02,
    7.96289124e+02, 2.59587494e+02, 8.41386169e+02, 2.60692627e+02,
    8.86338135e+02, 2.61736969e+02, 9.31186768e+02, 2.62868469e+02,
    7.11592712e+02, 2.97640076e+02, 7.55577332e+02, 2.98584930e+02,
    7.99597656e+02, 3.00066071e+02, 8.43414368e+02, 3.01101410e+02,
    8.87015808e+02, 3.01888580e+02, 9.30647034e+02, 3.02955444e+02,
    7.17270569e+02, 3.35517456e+02, 7.59981750e+02, 3.36747864e+02,
    8.02763794e+02, 3.37925140e+02, 8.45359985e+02, 3.38808502e+02,
    8.87845581e+02, 3.39661438e+02, 9.30310547e+02, 3.40782928e+02,
    7.22554138e+02, 3.71768768e+02, 7.64318176e+02, 3.72564178e+02,
    8.05854736e+02, 3.74038910e+02, 8.47314758e+02, 3.74589020e+02,
    8.88652893e+02, 3.75606232e+02, 9.29813599e+02, 3.76404633e+02,
    7.27589050e+02, 4.06192413e+02, 7.68261963e+02, 4.06865204e+02,
    8.08537231e+02, 4.07700104e+02, 8.49003784e+02, 4.08535187e+02,
    8.89395935e+02, 4.09392853e+02, 9.29433838e+02, 4.10211212e+02 ]
