%YAML:1.0
---
points: [ 1.13033704e+03, 3.58387238e+02, 1.16490198e+03, 3.58038605e+02,
    1.20040247e+03, 3.57599518e+02, 1.23575964e+03, 3.57253296e+02,
    1.27158484e+03, 3.56708069e+02, 1.30780957e+03, 3.56339264e+02,
    1.12951270e+03, 3.92528168e+02, 1.16446484e+03, 3.92364197e+02,
    1.19957996e+03, 3.92125427e+02, 1.23502710e+03, 3.91773254e+02,
    1.27078003e+03, 3.91595917e+02, 1.30712085e+03, 3.91423340e+02,
    1.12905310e+03, 4.26928070e+02, 1.16390637e+03, 4.26890167e+02,
    1.19895410e+03, 4.26733826e+02, 1.23433618e+03, 4.26642761e+02,
    1.27020996e+03, 4.26544922e+02, 1.30648499e+03, 4.26480530e+02,
    1.12846875e+03, 4.60943848e+02, 1.16330493e+03, 4.61046356e+02,
    1.19817175e+03, 4.61131866e+02, 1.23359143e+03, 4.61171783e+02,
    1.26956494e+03, 4.61269043e+02, 1.30565991e+03, 4.61287872e+02,
    1.12800024e+03, 4.95062500e+02, 1.16269897e+03, 4.95348206e+02,
    1.19760999e+03, 4.95493561e+02, 1.23303491e+03, 4.95743225e+02,
    1.26878381e+03, 4.95888733e+02, 1.30499084e+03, 4.96217346e+02,
    1.12752649e+03, 5.28922791e+02, 1.16225500e+03, 5.29292725e+02,
    1.19718396e+03, 5.29662842e+02, 1.23257971e+03, 5.30109802e+02,
    1.26830652e+03, 5.30476929e+02, 1.30442114e+03, 5.30781982e+02,
    1.12707837e+03, 5.62861572e+02, 1.16161951e+03, 5.63488525e+02,
    1.19658350e+03, 5.64038391e+02, 1.23200256e+03, 5.64559998e+02,
    1.26770813e+03, 5.65051575e+02, 1.30367651e+03, 5.65604919e+02,
    1.12661206e+03, 5.97009766e+02, 1.16121521e+03, 5.97579468e+02,
    1.19615112e+03, 5.98253540e+02, 1.23150671e+03, 5.98832153e+02,
    1.26713281e+03, 5.99597412e+02, 1.30322253e+03, 6.00333130e+02 ]
