%YAML:1.0
---
points: [ 1.21005261e+03, 3.94929260e+02, 1.24504749e+03, 3.92617462e+02,
    1.28131787e+03, 3.90191223e+02, 1.31836597e+03, 3.87680664e+02,
    1.35657886e+03, 3.85208191e+02, 1.39575012e+03, 3.82532715e+02,
    1.21042920e+03, 4.28738068e+02, 1.24541113e+03, 4.26844482e+02,
    1.28150952e+03, 4.24822571e+02, 1.31855957e+03, 4.22958466e+02,
    1.35684167e+03, 4.20870911e+02, 1.39613647e+03, 4.18785614e+02,
    1.21081396e+03, 4.62711609e+02, 1.24573914e+03, 4.61346832e+02,
    1.28182812e+03, 4.59795593e+02, 1.31886914e+03, 4.58411316e+02,
    1.35731445e+03, 4.56630463e+02, 1.39642285e+03, 4.55178741e+02,
    1.21130920e+03, 4.96580841e+02, 1.24628345e+03, 4.95595642e+02,
    1.28237451e+03, 4.94583313e+02, 1.31949231e+03, 4.93498199e+02,
    1.35763965e+03, 4.92437714e+02, 1.39683545e+03, 4.91471863e+02,
    1.21158752e+03, 5.30267822e+02, 1.24667932e+03, 5.29654968e+02,
    1.28282520e+03, 5.29371094e+02, 1.32000684e+03, 5.28727600e+02,
    1.35817688e+03, 5.28214905e+02, 1.39737537e+03, 5.27571350e+02,
    1.21222778e+03, 5.64180115e+02, 1.24728308e+03, 5.64025452e+02,
    1.28339905e+03, 5.63993591e+02, 1.32053662e+03, 5.63988892e+02,
    1.35862109e+03, 5.63902832e+02, 1.39771179e+03, 5.63771484e+02,
    1.21263525e+03, 5.97861633e+02, 1.24779565e+03, 5.98268311e+02,
    1.28391809e+03, 5.98555115e+02, 1.32103931e+03, 5.98915955e+02,
    1.35915491e+03, 5.99367004e+02, 1.39847937e+03, 5.99752563e+02,
    1.21323206e+03, 6.31655029e+02, 1.24844104e+03, 6.32529236e+02,
    1.28453308e+03, 6.33452026e+02, 1.32165076e+03, 6.34230530e+02,
    1.35971033e+03, 6.35134888e+02, 1.39911865e+03, 6.36024841e+02 ]
