%YAML:1.0
---
points: [ 1.18784802e+03, 4.96314636e+02, 1.22193872e+03, 4.96005249e+02,
    1.25675708e+03, 4.95580475e+02, 1.29257007e+03, 4.95234650e+02,
    1.32947974e+03, 4.94655273e+02, 1.36734460e+03, 4.94295044e+02,
    1.18754810e+03, 5.29097900e+02, 1.22157275e+03, 5.29149902e+02,
    1.25650952e+03, 5.29236084e+02, 1.29229688e+03, 5.29349792e+02,
    1.32911975e+03, 5.29366638e+02, 1.36714001e+03, 5.29394409e+02,
    1.18722888e+03, 5.62189880e+02, 1.22130957e+03, 5.62716003e+02,
    1.25625671e+03, 5.63273438e+02, 1.29192407e+03, 5.63837952e+02,
    1.32892456e+03, 5.64450928e+02, 1.36680249e+03, 5.64930725e+02,
    1.18680603e+03, 5.95484436e+02, 1.22107239e+03, 5.96347351e+02,
    1.25598071e+03, 5.97296631e+02, 1.29171240e+03, 5.98170105e+02,
    1.32871033e+03, 5.99207031e+02, 1.36666162e+03, 6.00177979e+02,
    1.18654956e+03, 6.28437317e+02, 1.22078003e+03, 6.29749207e+02,
    1.25569727e+03, 6.31364868e+02, 1.29161182e+03, 6.32697388e+02,
    1.32864172e+03, 6.34082336e+02, 1.36658582e+03, 6.35502319e+02,
    1.18641272e+03, 6.61717773e+02, 1.22054663e+03, 6.63448975e+02,
    1.25555774e+03, 6.65419617e+02, 1.29154102e+03, 6.67205139e+02,
    1.32859106e+03, 6.69336487e+02, 1.36656628e+03, 6.71130798e+02,
    1.18624231e+03, 6.95276489e+02, 1.22038525e+03, 6.97349426e+02,
    1.25539954e+03, 6.99564392e+02, 1.29148584e+03, 7.01862305e+02,
    1.32853491e+03, 7.04254272e+02, 1.36658069e+03, 7.06716980e+02,
    1.18601160e+03, 7.28781799e+02, 1.22018542e+03, 7.31311707e+02,
    1.25537122e+03, 7.33983459e+02, 1.29144482e+03, 7.36657227e+02,
    1.32857983e+03, 7.39590576e+02, 1.36657092e+03, 7.42499756e+02 ]
