%YAML:1.0
---
points: [ 1.26586914e+03, 5.79843872e+02, 1.30012366e+03, 5.84199158e+02,
    1.33463708e+03, 5.88436401e+02, 1.37010938e+03, 5.92841492e+02,
    1.40628333e+03, 5.97430664e+02, 1.44313220e+03, 6.02006714e+02,
    1.26204358e+03, 6.11768860e+02, 1.29606787e+03, 6.16341980e+02,
    1.33090894e+03, 6.20873596e+02, 1.36632825e+03, 6.25615234e+02,
    1.40254126e+03, 6.30444763e+02, 1.43924023e+03, 6.35429077e+02,
    1.25815833e+03, 6.43998779e+02, 1.29223279e+03, 6.48855774e+02,
    1.32706055e+03, 6.53812378e+02, 1.36257947e+03, 6.59083008e+02,
    1.39882227e+03, 6.64327881e+02, 1.43553479e+03, 6.69578125e+02,
    1.25421582e+03, 6.76175903e+02, 1.28828284e+03, 6.81385254e+02,
    1.32319409e+03, 6.86708191e+02, 1.35863928e+03, 6.92213989e+02,
    1.39515186e+03, 6.97655029e+02, 1.43192871e+03, 7.03311218e+02,
    1.25022131e+03, 7.08473755e+02, 1.28453992e+03, 7.14120239e+02,
    1.31942285e+03, 7.19717651e+02, 1.35490918e+03, 7.25635132e+02,
    1.39124890e+03, 7.31481628e+02, 1.42825110e+03, 7.37588135e+02,
    1.24646191e+03, 7.41272278e+02, 1.28062402e+03, 7.47048950e+02,
    1.31565955e+03, 7.53291260e+02, 1.35124976e+03, 7.59403625e+02,
    1.38755627e+03, 7.65656250e+02, 1.42450208e+03, 7.71699219e+02,
    1.24257703e+03, 7.74222534e+02, 1.27670923e+03, 7.80446533e+02,
    1.31181726e+03, 7.86721008e+02, 1.34756348e+03, 7.92979065e+02,
    1.38385120e+03, 7.99660034e+02, 1.42084778e+03, 8.06494568e+02,
    1.23852771e+03, 8.07386597e+02, 1.27314380e+03, 8.13716064e+02,
    1.30794580e+03, 8.20414429e+02, 1.34368396e+03, 8.27329712e+02,
    1.38006067e+03, 8.34212708e+02, 1.41719934e+03, 8.41070923e+02 ]
