%YAML:1.0
---
points: [ 1.33979004e+03, 6.71640259e+02, 1.37488513e+03, 6.74376404e+02,
    1.41070337e+03, 6.76783142e+02, 1.44743127e+03, 6.79639465e+02,
    1.48481714e+03, 6.82160278e+02, 1.52314233e+03, 6.84983521e+02,
    1.33888867e+03, 7.03897888e+02, 1.37401477e+03, 7.07027283e+02,
    1.40988855e+03, 7.09907715e+02, 1.44671667e+03, 7.13120178e+02,
    1.48425793e+03, 7.16264343e+02, 1.52263770e+03, 7.19291016e+02,
    1.33807935e+03, 7.36783203e+02, 1.37331836e+03, 7.40181519e+02,
    1.40912903e+03, 7.43521667e+02, 1.44594031e+03, 7.47085876e+02,
    1.48371008e+03, 7.50498718e+02, 1.52204260e+03, 7.54331543e+02,
    1.33725354e+03, 7.69737915e+02, 1.37236816e+03, 7.73440369e+02,
    1.40844360e+03, 7.77153076e+02, 1.44522937e+03, 7.81131470e+02,
    1.48312390e+03, 7.85185730e+02, 1.52176929e+03, 7.88930969e+02,
    1.33642834e+03, 8.02757629e+02, 1.37153125e+03, 8.07028259e+02,
    1.40769238e+03, 8.11304749e+02, 1.44461523e+03, 8.15541382e+02,
    1.48257788e+03, 8.19652527e+02, 1.52118445e+03, 8.24189636e+02,
    1.33540979e+03, 8.36123535e+02, 1.37070728e+03, 8.40511902e+02,
    1.40712915e+03, 8.45292236e+02, 1.44413147e+03, 8.50022156e+02,
    1.48186523e+03, 8.54775024e+02, 1.52071301e+03, 8.59585876e+02,
    1.33448755e+03, 8.69720825e+02, 1.37011902e+03, 8.74689148e+02,
    1.40638306e+03, 8.79706665e+02, 1.44339099e+03, 8.84748413e+02,
    1.48130701e+03, 8.89790222e+02, 1.52007068e+03, 8.95191406e+02,
    1.33362048e+03, 9.03614685e+02, 1.36934143e+03, 9.08839722e+02,
    1.40559131e+03, 9.14262817e+02, 1.44272644e+03, 9.19629822e+02,
    1.48067151e+03, 9.25254272e+02, 1.51949890e+03, 9.30784912e+02 ]
