%YAML:1.0
---
points: [ 1.38274243e+03, 4.08373596e+02, 1.41715356e+03, 4.05228394e+02,
    1.45248145e+03, 4.01848999e+02, 1.48859778e+03, 3.98487579e+02,
    1.52622107e+03, 3.95005585e+02, 1.56442322e+03, 3.91506866e+02,
    1.38430481e+03, 4.39499451e+02, 1.41839844e+03, 4.36751526e+02,
    1.45375732e+03, 4.33901062e+02, 1.49026587e+03, 4.30936218e+02,
    1.52745300e+03, 4.28266907e+02, 1.56591797e+03, 4.24991150e+02,
    1.38558203e+03, 4.70815277e+02, 1.41992163e+03, 4.68539825e+02,
    1.45525256e+03, 4.66231689e+02, 1.49150598e+03, 4.63869415e+02,
    1.52889526e+03, 4.61305511e+02, 1.56746753e+03, 4.58871735e+02,
    1.38709888e+03, 5.02120514e+02, 1.42143579e+03, 5.00200806e+02,
    1.45669153e+03, 4.98335785e+02, 1.49319580e+03, 4.96454315e+02,
    1.53052441e+03, 4.94480927e+02, 1.56908496e+03, 4.92393860e+02,
    1.38864648e+03, 5.32975220e+02, 1.42287402e+03, 5.31687134e+02,
    1.45840991e+03, 5.30379944e+02, 1.49468323e+03, 5.29013367e+02,
    1.53211804e+03, 5.27529053e+02, 1.57047766e+03, 5.26016296e+02,
    1.39032922e+03, 5.64180847e+02, 1.42445459e+03, 5.63257996e+02,
    1.45972681e+03, 5.62354492e+02, 1.49624512e+03, 5.61438416e+02,
    1.53353516e+03, 5.60606018e+02, 1.57200378e+03, 5.59572754e+02,
    1.39169739e+03, 5.95087952e+02, 1.42628308e+03, 5.94673340e+02,
    1.46142395e+03, 5.94380615e+02, 1.49758521e+03, 5.93892273e+02,
    1.53516418e+03, 5.93426453e+02, 1.57354651e+03, 5.92990051e+02,
    1.39341113e+03, 6.26115540e+02, 1.42768384e+03, 6.26104370e+02,
    1.46316504e+03, 6.26287231e+02, 1.49937427e+03, 6.26343811e+02,
    1.53665369e+03, 6.26475647e+02, 1.57504382e+03, 6.26502808e+02 ]
