%YAML:1.0
---
points: [ 1.22730872e+03, 2.59313812e+02, 1.25854736e+03, 2.52557358e+02,
    1.29087000e+03, 2.45547836e+02, 1.32426855e+03, 2.38614471e+02,
    1.35880078e+03, 2.31231186e+02, 1.39429822e+03, 2.23688400e+02,
    1.23102063e+03, 2.90455200e+02, 1.26241064e+03, 2.84189728e+02,
    1.29473376e+03, 2.77711090e+02, 1.32798547e+03, 2.71252930e+02,
    1.36240002e+03, 2.64485901e+02, 1.39777368e+03, 2.57450989e+02,
    1.23511609e+03, 3.21499725e+02, 1.26617761e+03, 3.15818054e+02,
    1.29853674e+03, 3.09781616e+02, 1.33171350e+03, 3.03748993e+02,
    1.36595020e+03, 2.97559509e+02, 1.40125879e+03, 2.91286804e+02,
    1.23883167e+03, 3.52148590e+02, 1.27012366e+03, 3.46720184e+02,
    1.30222424e+03, 3.41463379e+02, 1.33540442e+03, 3.35706848e+02,
    1.36961499e+03, 3.30175293e+02, 1.40476575e+03, 3.24209991e+02,
    1.24284387e+03, 3.82349670e+02, 1.27398340e+03, 3.77532562e+02,
    1.30605054e+03, 3.72608276e+02, 1.33890002e+03, 3.67636597e+02,
    1.37321216e+03, 3.62323425e+02, 1.40805444e+03, 3.57175140e+02,
    1.24683887e+03, 4.12446655e+02, 1.27766675e+03, 4.08058533e+02,
    1.30972852e+03, 4.03624542e+02, 1.34272229e+03, 3.99008453e+02,
    1.37669446e+03, 3.94482697e+02, 1.41167126e+03, 3.89551239e+02,
    1.25052258e+03, 4.42058624e+02, 1.28153052e+03, 4.38392456e+02,
    1.31340430e+03, 4.34321686e+02, 1.34637512e+03, 4.30187927e+02,
    1.38025500e+03, 4.25937836e+02, 1.41526709e+03, 4.21663391e+02,
    1.25451990e+03, 4.71579926e+02, 1.28545020e+03, 4.68089996e+02,
    1.31719226e+03, 4.64745483e+02, 1.34991736e+03, 4.61068359e+02,
    1.38384888e+03, 4.57395508e+02, 1.41859790e+03, 4.53680206e+02 ]
