%YAML:1.0
---
points: [ 1.24371533e+03, 3.29529480e+02, 1.27033765e+03, 3.74191010e+02,
    1.29705676e+03, 4.19244232e+02, 1.32428186e+03, 4.64424377e+02,
    1.35165063e+03, 5.10284790e+02, 1.37953271e+03, 5.56292114e+02,
    1.20726379e+03, 3.54839386e+02, 1.23255981e+03, 3.97912872e+02,
    1.25816272e+03, 4.41315338e+02, 1.28390430e+03, 4.85041656e+02,
    1.31047437e+03, 5.28879089e+02, 1.33703601e+03, 5.73497070e+02,
    1.17292859e+03, 3.78621704e+02, 1.19736060e+03, 4.20088745e+02,
    1.22195764e+03, 4.61875946e+02, 1.24652234e+03, 5.04240601e+02,
    1.27180249e+03, 5.46713501e+02, 1.29714087e+03, 5.89594543e+02,
    1.14147314e+03, 4.00473206e+02, 1.16474695e+03, 4.40603302e+02,
    1.18854199e+03, 4.80914429e+02, 1.21245386e+03, 5.21589539e+02,
    1.23649646e+03, 5.62707581e+02, 1.26093884e+03, 6.04255798e+02,
    1.11187939e+03, 4.20931519e+02, 1.13463098e+03, 4.59614929e+02,
    1.15708655e+03, 4.98886322e+02, 1.18018152e+03, 5.38150757e+02,
    1.20358411e+03, 5.77777649e+02, 1.22676917e+03, 6.17760315e+02,
    1.08455945e+03, 4.39848114e+02, 1.10636926e+03, 4.77468292e+02,
    1.12812769e+03, 5.15492310e+02, 1.15036255e+03, 5.53443787e+02,
    1.17266528e+03, 5.92030640e+02, 1.19496143e+03, 6.30797668e+02,
    1.05883350e+03, 4.57651062e+02, 1.07984229e+03, 4.94223480e+02,
    1.10076562e+03, 5.30959106e+02, 1.12240576e+03, 5.67785339e+02,
    1.14385425e+03, 6.05221619e+02, 1.16564539e+03, 6.42611145e+02,
    1.03469470e+03, 4.74465912e+02, 1.05504675e+03, 5.09807312e+02,
    1.07543420e+03, 5.45589294e+02, 1.09612964e+03, 5.81334839e+02,
    1.11689771e+03, 6.17486450e+02, 1.13773486e+03, 6.53853210e+02 ]
