%YAML:1.0
---
points: [ 1.21114038e+03, 4.54889465e+02, 1.24456323e+03, 4.64763763e+02,
    1.28036145e+03, 4.75079926e+02, 1.31833020e+03, 4.86171021e+02,
    1.35914441e+03, 4.97916229e+02, 1.40284827e+03, 5.10492279e+02,
    1.19490930e+03, 4.93807129e+02, 1.22783044e+03, 5.04714905e+02,
    1.26284009e+03, 5.16514893e+02, 1.30031238e+03, 5.28766357e+02,
    1.34036743e+03, 5.42196777e+02, 1.38333020e+03, 5.56332825e+02,
    1.17898181e+03, 5.32336792e+02, 1.21138806e+03, 5.44520203e+02,
    1.24575073e+03, 5.57434875e+02, 1.28242969e+03, 5.71211243e+02,
    1.32183496e+03, 5.85763794e+02, 1.36393652e+03, 6.01608643e+02,
    1.16341016e+03, 5.70914856e+02, 1.19522314e+03, 5.84235046e+02,
    1.22891357e+03, 5.98227295e+02, 1.26473071e+03, 6.13141479e+02,
    1.30365198e+03, 6.29411133e+02, 1.34475073e+03, 6.46491150e+02,
    1.14780457e+03, 6.09147705e+02, 1.17891492e+03, 6.23401306e+02,
    1.21236890e+03, 6.38739807e+02, 1.24759180e+03, 6.55160400e+02,
    1.28550049e+03, 6.72574280e+02, 1.32619519e+03, 6.91347656e+02,
    1.13220703e+03, 6.46883484e+02, 1.16301270e+03, 6.62566040e+02,
    1.19550562e+03, 6.79027588e+02, 1.23055090e+03, 6.96635254e+02,
    1.26768591e+03, 7.15570557e+02, 1.30765417e+03, 7.35693970e+02,
    1.11730872e+03, 6.84928040e+02, 1.14732593e+03, 7.01563782e+02,
    1.17920239e+03, 7.19440369e+02, 1.21350842e+03, 7.38422485e+02,
    1.25009949e+03, 7.58539734e+02, 1.28920154e+03, 7.80290283e+02,
    1.10227917e+03, 7.22598877e+02, 1.13161646e+03, 7.40356873e+02,
    1.16327930e+03, 7.59351624e+02, 1.19663086e+03, 7.79410645e+02,
    1.23264282e+03, 8.01079468e+02, 1.27121387e+03, 8.24140991e+02 ]
