%YAML:1.0
---
points: [ 2.70759186e+02, 4.02738525e+02, 3.24424164e+02, 4.03599457e+02,
    3.75874207e+02, 4.04762024e+02, 4.25215973e+02, 4.05796997e+02,
    4.72522949e+02, 4.06845520e+02, 5.17796570e+02, 4.07777588e+02,
    2.73337585e+02, 4.48977692e+02, 3.26884247e+02, 4.48938538e+02,
    3.78444885e+02, 4.48987823e+02, 4.27701385e+02, 4.49056396e+02,
    4.74995758e+02, 4.49167877e+02, 5.20217407e+02, 4.49245239e+02,
    2.75719849e+02, 4.95646576e+02, 3.29329987e+02, 4.94478790e+02,
    3.80789825e+02, 4.93449615e+02, 4.30179932e+02, 4.92450165e+02,
    4.77378967e+02, 4.91581421e+02, 5.22623230e+02, 4.90743958e+02,
    2.78270844e+02, 5.42172729e+02, 3.31809509e+02, 5.39813049e+02,
    3.83236115e+02, 5.37721191e+02, 4.32509766e+02, 5.35631409e+02,
    4.79783905e+02, 5.33818665e+02, 5.24667725e+02, 5.32102722e+02,
    2.80644287e+02, 5.88526001e+02, 3.34211609e+02, 5.85369080e+02,
    3.85613617e+02, 5.82104126e+02, 4.34742920e+02, 5.79149292e+02,
    4.81782440e+02, 5.76164551e+02, 5.27057251e+02, 5.73422729e+02,
    2.83229462e+02, 6.34815674e+02, 3.36597748e+02, 6.30555908e+02,
    3.87965607e+02, 6.26498291e+02, 4.37222626e+02, 6.22489624e+02,
    4.84291748e+02, 6.18468750e+02, 5.29211243e+02, 6.14713074e+02,
    2.85510040e+02, 6.81581848e+02, 3.39033478e+02, 6.75990173e+02,
    3.90416138e+02, 6.70816589e+02, 4.39324158e+02, 6.65672913e+02,
    4.86382355e+02, 6.60792542e+02, 5.31322510e+02, 6.55972168e+02,
    2.87866852e+02, 7.28410339e+02, 3.41352020e+02, 7.21677063e+02,
    3.92538605e+02, 7.15294006e+02, 4.41513580e+02, 7.09171387e+02,
    4.88483643e+02, 7.03256470e+02, 5.33364563e+02, 6.97549438e+02 ]
