%YAML:1.0
---
points: [ 1.39364960e+02, 4.39625397e+02, 1.60380844e+02, 3.75290314e+02,
    1.81716690e+02, 3.11167084e+02, 2.02550293e+02, 2.47893250e+02,
    2.23460175e+02, 1.85213104e+02, 2.44083710e+02, 1.23036674e+02,
    2.14042877e+02, 4.58607605e+02, 2.34177872e+02, 3.96819458e+02,
    2.54212875e+02, 3.35592987e+02, 2.74049927e+02, 2.74984985e+02,
    2.93407043e+02, 2.14789276e+02, 3.13001343e+02, 1.55257782e+02,
    2.83906494e+02, 4.76211334e+02, 3.02786469e+02, 4.16951233e+02,
    3.21562836e+02, 3.58309540e+02, 3.40486664e+02, 3.00157043e+02,
    3.58847015e+02, 2.42373764e+02, 3.77372528e+02, 1.85118683e+02,
    3.48124481e+02, 4.92129852e+02, 3.66200256e+02, 4.35309631e+02,
    3.83718414e+02, 3.79093658e+02, 4.01237671e+02, 3.23240479e+02,
    4.18755188e+02, 2.67780304e+02, 4.36053802e+02, 2.12742661e+02,
    4.07442413e+02, 5.06937653e+02, 4.24339935e+02, 4.52386078e+02,
    4.41489288e+02, 3.98331177e+02, 4.58097595e+02, 3.44667023e+02,
    4.74282227e+02, 2.91348541e+02, 4.90710083e+02, 2.38455368e+02,
    4.62207977e+02, 5.20337524e+02, 4.78474091e+02, 4.67904419e+02,
    4.94602234e+02, 4.16125183e+02, 5.10213715e+02, 3.64450134e+02,
    5.25763672e+02, 3.13203400e+02, 5.41468750e+02, 2.62292053e+02,
    5.12916382e+02, 5.32962036e+02, 5.28320007e+02, 4.82400177e+02,
    5.43747498e+02, 4.32505280e+02, 5.58529175e+02, 3.82800568e+02,
    5.73395203e+02, 3.33339264e+02, 5.87963501e+02, 2.84250061e+02,
    5.60122559e+02, 5.44526062e+02, 5.74646423e+02, 4.95953003e+02,
    5.89327515e+02, 4.47696320e+02, 6.03478577e+02, 3.99732269e+02,
    6.17513855e+02, 3.52192200e+02, 6.31562073e+02, 3.04716583e+02 ]
