%YAML:1.0
---
points: [ 1.95620468e+02, 4.33704498e+02, 2.45738708e+02, 3.69589020e+02,
    2.95213409e+02, 3.06535736e+02, 3.43598145e+02, 2.44847046e+02,
    3.91232880e+02, 1.84327011e+02, 4.37742889e+02, 1.24931778e+02,
    2.73260651e+02, 4.79047150e+02, 3.21531830e+02, 4.16252014e+02,
    3.69101166e+02, 3.54720764e+02, 4.15681885e+02, 2.94364319e+02,
    4.61364838e+02, 2.35298904e+02, 5.05899200e+02, 1.77120560e+02,
    3.47769623e+02, 5.22121094e+02, 3.94367310e+02, 4.60712708e+02,
    4.39968750e+02, 4.00542328e+02, 4.84643311e+02, 3.41683777e+02,
    5.28378906e+02, 2.83799377e+02, 5.71132690e+02, 2.26840103e+02,
    4.18267670e+02, 5.62510864e+02, 4.62955322e+02, 5.02485046e+02,
    5.06688019e+02, 4.43636108e+02, 5.49492371e+02, 3.86092499e+02,
    5.91397888e+02, 3.29566010e+02, 6.32325317e+02, 2.73899200e+02,
    4.84813416e+02, 6.00496277e+02, 5.27725525e+02, 5.41849304e+02,
    5.69792969e+02, 4.84388641e+02, 6.10879578e+02, 4.28169922e+02,
    6.50940491e+02, 3.72659790e+02, 6.90155090e+02, 3.18328461e+02,
    5.47743591e+02, 6.36366028e+02, 5.89139221e+02, 5.78862305e+02,
    6.29416992e+02, 5.22688965e+02, 6.68639404e+02, 4.67631042e+02,
    7.07242615e+02, 4.13485352e+02, 7.44979309e+02, 3.60314331e+02,
    6.07320435e+02, 6.70244324e+02, 6.46705872e+02, 6.14086609e+02,
    6.85529419e+02, 5.59052063e+02, 7.23206665e+02, 5.04924042e+02,
    7.60289673e+02, 4.51833862e+02, 7.96415283e+02, 3.99765747e+02,
    6.63567200e+02, 7.02511536e+02, 7.01553467e+02, 6.47382080e+02,
    7.38600098e+02, 5.93423462e+02, 7.74910583e+02, 5.40477783e+02,
    8.10485168e+02, 4.88478821e+02, 8.45446350e+02, 4.37331207e+02 ]
