%YAML:1.0
---
points: [ 3.19306152e+02, 4.33359131e+02, 3.57159241e+02, 4.43649750e+02,
    3.94542175e+02, 4.53617126e+02, 4.31355682e+02, 4.63445862e+02,
    4.67768951e+02, 4.73313202e+02, 5.03565216e+02, 4.82596191e+02,
    3.07601196e+02, 4.66454498e+02, 3.45517120e+02, 4.76582764e+02,
    3.83361572e+02, 4.86413086e+02, 4.20420380e+02, 4.96166718e+02,
    4.57089722e+02, 5.05587158e+02, 4.93102356e+02, 5.14937378e+02,
    2.95474304e+02, 5.00682556e+02, 3.33969879e+02, 5.10168823e+02,
    3.71884796e+02, 5.19875610e+02, 4.09347748e+02, 5.29196045e+02,
    4.46173004e+02, 5.38594666e+02, 4.82506104e+02, 5.47670410e+02,
    2.83493652e+02, 5.34547607e+02, 3.22090912e+02, 5.44385498e+02,
    3.60352692e+02, 5.53646606e+02, 3.97922516e+02, 5.62715332e+02,
    4.35392609e+02, 5.71667603e+02, 4.71597565e+02, 5.80612427e+02,
    2.71049316e+02, 5.69171265e+02, 3.10231445e+02, 5.78402771e+02,
    3.48704437e+02, 5.87856995e+02, 3.86510468e+02, 5.96731628e+02,
    4.24007874e+02, 6.05503723e+02, 4.61167267e+02, 6.13808472e+02,
    2.58820587e+02, 6.03975159e+02, 2.97905182e+02, 6.13177307e+02,
    3.36706787e+02, 6.22303406e+02, 3.75117645e+02, 6.31197510e+02,
    4.12765289e+02, 6.39579407e+02, 4.49780731e+02, 6.47873962e+02,
    2.46421829e+02, 6.39795166e+02, 2.85683105e+02, 6.48513855e+02,
    3.24768005e+02, 6.57393372e+02, 3.63310974e+02, 6.65659729e+02,
    4.01444031e+02, 6.74101624e+02, 4.38892548e+02, 6.81911133e+02,
    2.33660980e+02, 6.75582642e+02, 2.73617310e+02, 6.84357666e+02,
    3.12868500e+02, 6.92421204e+02, 3.51547852e+02, 7.00861572e+02,
    3.89872711e+02, 7.08712585e+02, 4.27548065e+02, 7.17019165e+02 ]
