%YAML:1.0
---
points: [ 8.61755981e+01, 2.29780563e+02, 1.29779770e+02, 2.35337448e+02,
    1.72583694e+02, 2.40661407e+02, 2.14185715e+02, 2.45896851e+02,
    2.54765686e+02, 2.51257111e+02, 2.94345337e+02, 2.56349396e+02,
    8.46112900e+01, 2.65719879e+02, 1.28485962e+02, 2.70714233e+02,
    1.71191925e+02, 2.75612854e+02, 2.12868378e+02, 2.80493164e+02,
    2.53595078e+02, 2.85326996e+02, 2.93263275e+02, 2.89814453e+02,
    8.31601028e+01, 3.02205200e+02, 1.27076347e+02, 3.06553101e+02,
    1.69804703e+02, 3.10791565e+02, 2.11521240e+02, 3.14912567e+02,
    2.52421082e+02, 3.19381653e+02, 2.92073517e+02, 3.23525452e+02,
    8.16212540e+01, 3.38277283e+02, 1.25652763e+02, 3.42073303e+02,
    1.68685852e+02, 3.45698669e+02, 2.10482040e+02, 3.49649506e+02,
    2.51321625e+02, 3.53403992e+02, 2.90990784e+02, 3.57004761e+02,
    8.04160156e+01, 3.74380524e+02, 1.24273453e+02, 3.77572906e+02,
    1.67347275e+02, 3.81152618e+02, 2.09241531e+02, 3.84301514e+02,
    2.50226410e+02, 3.87446136e+02, 2.89884644e+02, 3.90535828e+02,
    7.89509277e+01, 4.10469116e+02, 1.23100494e+02, 4.13244629e+02,
    1.65991394e+02, 4.16180756e+02, 2.08031219e+02, 4.18780884e+02,
    2.49049820e+02, 4.21517609e+02, 2.88829895e+02, 4.24142395e+02,
    7.76321869e+01, 4.46626526e+02, 1.21832848e+02, 4.49002808e+02,
    1.64736313e+02, 4.51242493e+02, 2.06781342e+02, 4.53464813e+02,
    2.47968307e+02, 4.55482941e+02, 2.87623779e+02, 4.57502655e+02,
    7.64536743e+01, 4.82976837e+02, 1.20657104e+02, 4.84723236e+02,
    1.63702515e+02, 4.86418396e+02, 2.05787689e+02, 4.88034973e+02,
    2.46711426e+02, 4.89597168e+02, 2.86639069e+02, 4.91358826e+02 ]
