%YAML:1.0
---
points: [ 3.34722748e+02, 2.85484650e+02, 3.67347137e+02, 2.92231781e+02,
    3.99436127e+02, 2.99050476e+02, 4.30630310e+02, 3.05483032e+02,
    4.61462219e+02, 3.12028534e+02, 4.91529663e+02, 3.18307831e+02,
    3.30164093e+02, 3.13632050e+02, 3.62769836e+02, 3.20359924e+02,
    3.94823883e+02, 3.26618286e+02, 4.26403992e+02, 3.33133270e+02,
    4.57164093e+02, 3.39217102e+02, 4.87389069e+02, 3.45260742e+02,
    3.25366272e+02, 3.42436768e+02, 3.57981079e+02, 3.48592560e+02,
    3.90441528e+02, 3.54699921e+02, 4.21785889e+02, 3.60524200e+02,
    4.52846558e+02, 3.66553284e+02, 4.83211304e+02, 3.72178406e+02,
    3.20555084e+02, 3.70820740e+02, 3.53470367e+02, 3.76776642e+02,
    3.85654938e+02, 3.82427094e+02, 4.17432251e+02, 3.88346161e+02,
    4.48449310e+02, 3.93687836e+02, 4.78850830e+02, 3.99409454e+02,
    3.15842560e+02, 3.99464996e+02, 3.48698914e+02, 4.04852112e+02,
    3.81149597e+02, 4.10554901e+02, 4.12682373e+02, 4.15822815e+02,
    4.44046875e+02, 4.21378265e+02, 4.74482361e+02, 4.26411011e+02,
    3.10842834e+02, 4.28197052e+02, 3.44042389e+02, 4.33473145e+02,
    3.76385254e+02, 4.38597137e+02, 4.08295868e+02, 4.43738068e+02,
    4.39448730e+02, 4.48920959e+02, 4.70220612e+02, 4.53648071e+02,
    3.06296478e+02, 4.56742157e+02, 3.39336487e+02, 4.61628662e+02,
    3.71704773e+02, 4.66567261e+02, 4.03711548e+02, 4.71389343e+02,
    4.35099762e+02, 4.76313202e+02, 4.65697510e+02, 4.80736938e+02,
    3.01339569e+02, 4.85790375e+02, 3.34486267e+02, 4.90421753e+02,
    3.67209076e+02, 4.94802826e+02, 3.99148621e+02, 4.99499146e+02,
    4.30549225e+02, 5.03651550e+02, 4.61287231e+02, 5.08156097e+02 ]
