%YAML:1.0
---
points: [ 3.21176788e+02, 4.16246277e+02, 3.33544128e+02, 3.90269714e+02,
    3.46326324e+02, 3.62935516e+02, 3.57573669e+02, 3.37363586e+02,
    3.69616577e+02, 3.11237061e+02, 3.81400513e+02, 2.85572693e+02,
    3.51110443e+02, 4.27476837e+02, 3.63081024e+02, 4.01022339e+02,
    3.75174316e+02, 3.74561981e+02, 3.87343323e+02, 3.48422729e+02,
    3.98907318e+02, 3.22947876e+02, 4.10347778e+02, 2.97200714e+02,
    3.81040009e+02, 4.38495514e+02, 3.92886047e+02, 4.12114166e+02,
    4.04722015e+02, 3.85862762e+02, 4.16401550e+02, 3.60078766e+02,
    4.28116455e+02, 3.34278900e+02, 4.39589417e+02, 3.08940521e+02,
    4.10645325e+02, 4.49639801e+02, 4.22072235e+02, 4.23268188e+02,
    4.33787872e+02, 3.97230438e+02, 4.45354218e+02, 3.71412140e+02,
    4.56703308e+02, 3.45765686e+02, 4.67903229e+02, 3.20126190e+02,
    4.39434662e+02, 4.59929504e+02, 4.51237000e+02, 4.34142517e+02,
    4.62817352e+02, 4.07806091e+02, 4.74403046e+02, 3.82697235e+02,
    4.85236969e+02, 3.56669189e+02, 4.96292542e+02, 3.31708801e+02,
    4.68520599e+02, 4.70883698e+02, 4.79768005e+02, 4.44573212e+02,
    4.91219482e+02, 4.19082245e+02, 5.02313690e+02, 3.93334198e+02,
    5.13482605e+02, 3.68163727e+02, 5.24365540e+02, 3.42706116e+02,
    4.97162140e+02, 4.81348175e+02, 5.08333435e+02, 4.55533447e+02,
    5.19443726e+02, 4.29621460e+02, 5.30388916e+02, 4.04433716e+02,
    5.41359924e+02, 3.78926849e+02, 5.52120544e+02, 3.53938507e+02,
    5.25455994e+02, 4.91793762e+02, 5.36448120e+02, 4.65890320e+02,
    5.47374390e+02, 4.40577301e+02, 5.58158630e+02, 4.14889313e+02,
    5.68899048e+02, 3.89923645e+02, 5.79373047e+02, 3.64769806e+02 ]
