%YAML:1.0
---
points: [ 3.91040802e+02, 5.58991776e+01, 4.30127533e+02, 6.48666840e+01,
    4.69961761e+02, 7.36509705e+01, 5.09003723e+02, 8.22360687e+01,
    5.48357239e+02, 9.13290787e+01, 5.87333984e+02, 1.00146347e+02,
    3.82899170e+02, 9.40883026e+01, 4.22591034e+02, 1.02978531e+02,
    4.61800598e+02, 1.11664986e+02, 5.01418030e+02, 1.20615234e+02,
    5.40617432e+02, 1.29463440e+02, 5.79948059e+02, 1.38569000e+02,
    3.75128998e+02, 1.33010056e+02, 4.14560455e+02, 1.41539062e+02,
    4.54316589e+02, 1.50428345e+02, 4.93488403e+02, 1.59150131e+02,
    5.33132751e+02, 1.67922394e+02, 5.72105652e+02, 1.76599731e+02,
    3.67343781e+02, 1.71391541e+02, 4.06775421e+02, 1.80378525e+02,
    4.46654633e+02, 1.88755310e+02, 4.86074554e+02, 1.97550278e+02,
    5.25474060e+02, 2.06430344e+02, 5.64710388e+02, 2.15048370e+02,
    3.59132874e+02, 2.09715164e+02, 3.99342896e+02, 2.18342514e+02,
    4.38679626e+02, 2.27168839e+02, 4.78534088e+02, 2.35729462e+02,
    5.18145203e+02, 2.44608871e+02, 5.57185425e+02, 2.53348618e+02,
    3.51799591e+02, 2.48635742e+02, 3.91415131e+02, 2.56724640e+02,
    4.31260956e+02, 2.65735718e+02, 4.70847748e+02, 2.74418304e+02,
    5.10487457e+02, 2.82789856e+02, 5.49604126e+02, 2.91394501e+02,
    3.44081665e+02, 2.87459290e+02, 3.83688751e+02, 2.95874420e+02,
    4.23805573e+02, 3.04385956e+02, 4.63324371e+02, 3.12651184e+02,
    5.02985687e+02, 3.21124847e+02, 5.42366577e+02, 3.29396851e+02,
    3.36356628e+02, 3.25703461e+02, 3.76178986e+02, 3.34315948e+02,
    4.16193573e+02, 3.42481567e+02, 4.55699829e+02, 3.50857452e+02,
    4.95460388e+02, 3.59308014e+02, 5.34810364e+02, 3.67523743e+02 ]
