%YAML:1.0
---
points: [ 3.91655304e+02, 1.14605034e+02, 4.24670258e+02, 1.57669067e+02,
    4.56962769e+02, 1.99578934e+02, 4.88595398e+02, 2.40486984e+02,
    5.19432739e+02, 2.80258057e+02, 5.49325562e+02, 3.18811096e+02,
    3.50409882e+02, 1.40610565e+02, 3.84072357e+02, 1.83450546e+02,
    4.17157837e+02, 2.25277283e+02, 4.49269501e+02, 2.65786804e+02,
    4.80790436e+02, 3.05510254e+02, 5.11390717e+02, 3.43809662e+02,
    3.08349640e+02, 1.67336243e+02, 3.42720001e+02, 2.09846100e+02,
    3.76415985e+02, 2.51436401e+02, 4.09305176e+02, 2.91747467e+02,
    4.41467346e+02, 3.31235565e+02, 4.72702209e+02, 3.69449219e+02,
    2.66369751e+02, 1.94119370e+02, 3.01228363e+02, 2.36418076e+02,
    3.35605072e+02, 2.77746124e+02, 3.69233429e+02, 3.17868256e+02,
    4.02038269e+02, 3.57140137e+02, 4.33904877e+02, 3.94976807e+02,
    2.23657745e+02, 2.21222977e+02, 2.59425385e+02, 2.63321747e+02,
    2.94316406e+02, 3.04407806e+02, 3.28530518e+02, 3.44370544e+02,
    3.62024261e+02, 3.83247284e+02, 3.94554962e+02, 4.21040405e+02,
    1.81177811e+02, 2.48608200e+02, 2.17209396e+02, 2.90415100e+02,
    2.52778595e+02, 3.31447510e+02, 2.87570312e+02, 3.71100159e+02,
    3.21659424e+02, 4.09733307e+02, 3.54877930e+02, 4.47379028e+02,
    1.37886337e+02, 2.76413940e+02, 1.75007202e+02, 3.18079956e+02,
    2.10914352e+02, 3.58600739e+02, 2.46562027e+02, 3.98131073e+02,
    2.81094635e+02, 4.36535370e+02, 3.15140594e+02, 4.73942200e+02,
    9.45860367e+01, 3.04589447e+02, 1.32176407e+02, 3.45816071e+02,
    1.69111099e+02, 3.86337524e+02, 2.04943848e+02, 4.25490906e+02,
    2.40311829e+02, 4.63736877e+02, 2.74594574e+02, 5.00867157e+02 ]
