%YAML:1.0
---
points: [ 3.24039948e+02, 6.54859192e+02, 3.55494385e+02, 6.77403381e+02,
    3.87270203e+02, 6.99798279e+02, 4.19215851e+02, 7.22483276e+02,
    4.51285095e+02, 7.45212585e+02, 4.83462372e+02, 7.67937134e+02,
    2.89857819e+02, 6.80655090e+02, 3.22026398e+02, 7.03814575e+02,
    3.54494049e+02, 7.27060242e+02, 3.87042023e+02, 7.50278503e+02,
    4.19906708e+02, 7.73842957e+02, 4.52590179e+02, 7.97344910e+02,
    2.53650085e+02, 7.08188416e+02, 2.86658142e+02, 7.31986877e+02,
    3.19677856e+02, 7.56035706e+02, 3.52895905e+02, 7.79776306e+02,
    3.86461487e+02, 8.04199402e+02, 4.20283722e+02, 8.28308472e+02,
    2.16142227e+02, 7.36828491e+02, 2.49514252e+02, 7.61509705e+02,
    2.83428375e+02, 7.86399353e+02, 3.17418488e+02, 8.11224609e+02,
    3.51620850e+02, 8.36243347e+02, 3.86188782e+02, 8.61301636e+02,
    1.76488708e+02, 7.67075134e+02, 2.10665527e+02, 7.92596497e+02,
    2.45152527e+02, 8.18196106e+02, 2.79867798e+02, 8.43916260e+02,
    3.15045898e+02, 8.69792053e+02, 3.50344055e+02, 8.95707825e+02,
    1.35093079e+02, 7.99100647e+02, 1.69707108e+02, 8.25344971e+02,
    2.05129044e+02, 8.51816589e+02, 2.40562897e+02, 8.78580688e+02,
    2.76550293e+02, 9.05409912e+02, 3.12507416e+02, 9.32145508e+02,
    9.12906647e+01, 8.32724243e+02, 1.27083748e+02, 8.60065918e+02,
    1.62983994e+02, 8.87358215e+02, 1.99402344e+02, 9.15101501e+02,
    2.35933868e+02, 9.42675781e+02, 2.73055573e+02, 9.70632874e+02,
    4.52655678e+01, 8.68441223e+02, 8.17719269e+01, 8.96673645e+02,
    1.18742744e+02, 9.25073975e+02, 1.55822037e+02, 9.53631104e+02,
    1.93475662e+02, 9.82470398e+02, 2.31242233e+02, 1.01131561e+03 ]
