%YAML:1.0
---
points: [ 7.40206604e+02, 2.97891571e+02, 7.44928772e+02, 3.51832825e+02,
    7.49644836e+02, 4.05363800e+02, 7.54186646e+02, 4.58520691e+02,
    7.58654053e+02, 5.11442810e+02, 7.62948730e+02, 5.63981140e+02,
    6.92356567e+02, 2.93756348e+02, 6.97418457e+02, 3.49795227e+02,
    7.02478271e+02, 4.05142426e+02, 7.07409973e+02, 4.60180969e+02,
    7.11694946e+02, 5.14898010e+02, 7.16413574e+02, 5.69454163e+02,
    6.40339966e+02, 2.89552948e+02, 6.45669067e+02, 3.47534363e+02,
    6.50999023e+02, 4.05012695e+02, 6.56390015e+02, 4.61964417e+02,
    6.61349792e+02, 5.18771729e+02, 6.66366028e+02, 5.75388489e+02,
    5.84742676e+02, 2.85111603e+02, 5.90474304e+02, 3.45122681e+02,
    5.96091492e+02, 4.04873871e+02, 6.01609070e+02, 4.64260742e+02,
    6.06942017e+02, 5.23196045e+02, 6.12261108e+02, 5.81571289e+02,
    5.24463928e+02, 2.80017181e+02, 5.30524475e+02, 3.42483063e+02,
    5.36803528e+02, 4.04524963e+02, 5.42558289e+02, 4.66209045e+02,
    5.48205872e+02, 5.27606201e+02, 5.53812439e+02, 5.88325073e+02,
    4.59389984e+02, 2.74698853e+02, 4.65706909e+02, 3.39688873e+02,
    4.72268066e+02, 4.04463501e+02, 4.78358154e+02, 4.68622650e+02,
    4.84595917e+02, 5.32583984e+02, 4.90683289e+02, 5.96107971e+02,
    3.88730133e+02, 2.69082458e+02, 3.95714447e+02, 3.36921692e+02,
    4.02543060e+02, 4.04263123e+02, 4.08902954e+02, 4.71182892e+02,
    4.15680237e+02, 5.37726013e+02, 4.22051697e+02, 6.03863037e+02,
    3.12230103e+02, 2.63117828e+02, 3.19369049e+02, 3.33884033e+02,
    3.26683563e+02, 4.04200104e+02, 3.33570618e+02, 4.74192505e+02,
    3.40583130e+02, 5.43760132e+02, 3.47615570e+02, 6.12722046e+02 ]
