%YAML:1.0
---
points: [ 8.92728333e+02, 3.71864502e+02, 9.13900635e+02, 4.03660858e+02,
    9.35005127e+02, 4.35142151e+02, 9.56056213e+02, 4.66557159e+02,
    9.77170837e+02, 4.97983551e+02, 9.98220520e+02, 5.29365601e+02,
    8.61377502e+02, 3.92881592e+02, 8.82557251e+02, 4.24567474e+02,
    9.03715210e+02, 4.56109161e+02, 9.24825073e+02, 4.87473999e+02,
    9.45919189e+02, 5.18954407e+02, 9.66985779e+02, 5.50361694e+02,
    8.29696045e+02, 4.14148560e+02, 8.51071838e+02, 4.45682800e+02,
    8.72303894e+02, 4.77265686e+02, 8.93323425e+02, 5.08558868e+02,
    9.14462952e+02, 5.40071411e+02, 9.35510315e+02, 5.71395813e+02,
    7.98356384e+02, 4.35165955e+02, 8.19562378e+02, 4.66714233e+02,
    8.40842407e+02, 4.98295807e+02, 8.61988220e+02, 5.29625000e+02,
    8.83204956e+02, 5.61050293e+02, 9.04231140e+02, 5.92363831e+02,
    7.66586670e+02, 4.56266815e+02, 7.88079285e+02, 4.87718842e+02,
    8.09382629e+02, 5.19307373e+02, 8.30550903e+02, 5.50692993e+02,
    8.51734192e+02, 5.81997375e+02, 8.72884216e+02, 6.13349976e+02,
    7.35167114e+02, 4.77345703e+02, 7.56499451e+02, 5.08679321e+02,
    7.77808838e+02, 5.40408752e+02, 7.99177551e+02, 5.71689575e+02,
    8.20391663e+02, 6.03187500e+02, 8.41526794e+02, 6.34441467e+02,
    7.03362122e+02, 4.98433929e+02, 7.24913635e+02, 5.29968933e+02,
    7.46307068e+02, 5.61420044e+02, 7.67619934e+02, 5.92797791e+02,
    7.88887390e+02, 6.24185913e+02, 8.10143555e+02, 6.55447754e+02,
    6.71444092e+02, 5.19648193e+02, 6.93058289e+02, 5.51103638e+02,
    7.14539795e+02, 5.82616272e+02, 7.35956421e+02, 6.13926270e+02,
    7.57365662e+02, 6.45380920e+02, 7.78541077e+02, 6.76593018e+02 ]
