%YAML:1.0
---
points: [ 7.87653931e+02, 5.29399231e+02, 8.13199646e+02, 5.31578735e+02,
    8.39854126e+02, 5.33764038e+02, 8.68399780e+02, 5.36254333e+02,
    8.98068481e+02, 5.38715088e+02, 9.29559082e+02, 5.41323547e+02,
    7.85071350e+02, 5.68848694e+02, 8.10526672e+02, 5.71940430e+02,
    8.37190002e+02, 5.75415161e+02, 8.65123596e+02, 5.78717285e+02,
    8.95184204e+02, 5.82469299e+02, 9.26509888e+02, 5.86496765e+02,
    7.82287231e+02, 6.08513000e+02, 8.07542053e+02, 6.12741516e+02,
    8.34292725e+02, 6.17271179e+02, 8.61921082e+02, 6.21787170e+02,
    8.91652588e+02, 6.26560486e+02, 9.22807434e+02, 6.31860168e+02,
    7.79547058e+02, 6.48199707e+02, 8.04656921e+02, 6.53301880e+02,
    8.31481018e+02, 6.58761536e+02, 8.59448730e+02, 6.64493469e+02,
    8.88752014e+02, 6.70537170e+02, 9.20057129e+02, 6.76826538e+02,
    7.76403076e+02, 6.87545166e+02, 8.01950195e+02, 6.93677185e+02,
    8.28275391e+02, 7.00388611e+02, 8.56306458e+02, 7.07417419e+02,
    8.85914307e+02, 7.14528442e+02, 9.17019897e+02, 7.22388794e+02,
    7.73904480e+02, 7.27446777e+02, 7.98818237e+02, 7.34468079e+02,
    8.25396545e+02, 7.42174072e+02, 8.53415588e+02, 7.50272278e+02,
    8.82594727e+02, 7.58649292e+02, 9.13508728e+02, 7.67632812e+02,
    7.70817932e+02, 7.67143005e+02, 7.96247498e+02, 7.75308777e+02,
    8.22376770e+02, 7.84019775e+02, 8.50509583e+02, 7.92849121e+02,
    8.79623779e+02, 8.02777405e+02, 9.10842834e+02, 8.13091919e+02,
    7.68329651e+02, 8.07099121e+02, 7.93240601e+02, 8.16123779e+02,
    8.19587158e+02, 8.25867188e+02, 8.47453674e+02, 8.36395325e+02,
    8.76669250e+02, 8.47144165e+02, 9.07534363e+02, 8.58676575e+02 ]
