%YAML:1.0
---
points: [ 7.18687317e+02, 5.14250000e+02, 7.51176025e+02, 5.14515686e+02,
    7.85656799e+02, 5.14803528e+02, 8.22885681e+02, 5.15116455e+02,
    8.62631897e+02, 5.15435486e+02, 9.05676086e+02, 5.15799133e+02,
    7.17408813e+02, 5.66409668e+02, 7.49797363e+02, 5.68433411e+02,
    7.84357971e+02, 5.70527893e+02, 8.21327820e+02, 5.72737976e+02,
    8.61227417e+02, 5.75316284e+02, 9.04050110e+02, 5.77830688e+02,
    7.16218018e+02, 6.19015747e+02, 7.48436340e+02, 6.22660034e+02,
    7.82993164e+02, 6.26601807e+02, 8.19549622e+02, 6.30793213e+02,
    8.59400940e+02, 6.35480591e+02, 9.01731934e+02, 6.40536560e+02,
    7.14666687e+02, 6.71207825e+02, 7.46861450e+02, 6.76601318e+02,
    7.81540405e+02, 6.82411072e+02, 8.18497375e+02, 6.88722534e+02,
    8.58243958e+02, 6.95675781e+02, 9.00798889e+02, 7.02806641e+02,
    7.12781372e+02, 7.23735596e+02, 7.45468201e+02, 7.30824768e+02,
    7.79604431e+02, 7.38734802e+02, 8.16744202e+02, 7.46965881e+02,
    8.56623962e+02, 7.55892029e+02, 8.99212097e+02, 7.65646118e+02,
    7.11647949e+02, 7.76406189e+02, 7.43717102e+02, 7.85420166e+02,
    7.78253784e+02, 7.95162476e+02, 8.15386963e+02, 8.05506653e+02,
    8.54948364e+02, 8.16573975e+02, 8.97384216e+02, 8.28649048e+02,
    7.09889771e+02, 8.29402588e+02, 7.42456421e+02, 8.39809692e+02,
    7.76364136e+02, 8.51687988e+02, 8.13754883e+02, 8.63818115e+02,
    8.53387207e+02, 8.77496582e+02, 8.96300354e+02, 8.91770447e+02,
    7.08385620e+02, 8.82399536e+02, 7.40630005e+02, 8.94842529e+02,
    7.75196594e+02, 9.08464539e+02, 8.12195862e+02, 9.22900330e+02,
    8.52000122e+02, 9.38549683e+02, 8.94655029e+02, 9.55632385e+02 ]
