%YAML:1.0
---
points: [ 7.57618408e+02, 5.19393127e+02, 7.95264343e+02, 5.20711792e+02,
    8.30514587e+02, 5.22112000e+02, 8.63949524e+02, 5.23229065e+02,
    8.95671326e+02, 5.24228638e+02, 9.25675232e+02, 5.25219482e+02,
    7.56428284e+02, 5.64372742e+02, 7.93849365e+02, 5.64391418e+02,
    8.29355286e+02, 5.64387939e+02, 8.62944031e+02, 5.64441589e+02,
    8.94566650e+02, 5.64487488e+02, 9.24556091e+02, 5.64494568e+02,
    7.55248474e+02, 6.09458862e+02, 7.92636292e+02, 6.08229614e+02,
    8.28210754e+02, 6.07127258e+02, 8.61813293e+02, 6.06095093e+02,
    8.93553162e+02, 6.04906799e+02, 9.23924194e+02, 6.03848816e+02,
    7.53912048e+02, 6.54506226e+02, 7.91478027e+02, 6.51941345e+02,
    8.26995300e+02, 6.49516663e+02, 8.60326416e+02, 6.47327942e+02,
    8.92286560e+02, 6.45226501e+02, 9.22566650e+02, 6.43249207e+02,
    7.52674377e+02, 6.99693298e+02, 7.90160950e+02, 6.95850342e+02,
    8.25881714e+02, 6.92279114e+02, 8.59396179e+02, 6.88760010e+02,
    8.91114075e+02, 6.85694031e+02, 9.21441772e+02, 6.82492676e+02,
    7.51018616e+02, 7.45011292e+02, 7.88772339e+02, 7.39780762e+02,
    8.24569214e+02, 7.34982971e+02, 8.58096619e+02, 7.30366882e+02,
    8.90142639e+02, 7.26053284e+02, 9.20478760e+02, 7.22177246e+02,
    7.49569397e+02, 7.90588074e+02, 7.87367432e+02, 7.83981018e+02,
    8.23315002e+02, 7.77823303e+02, 8.56886475e+02, 7.72016357e+02,
    8.88826782e+02, 7.66613586e+02, 9.19162048e+02, 7.61456543e+02,
    7.48247681e+02, 8.36294373e+02, 7.85948730e+02, 8.28465515e+02,
    8.21921570e+02, 8.20953430e+02, 8.55433289e+02, 8.13891418e+02,
    8.87552246e+02, 8.07561523e+02, 9.17892944e+02, 8.01500305e+02 ]
