%YAML:1.0
---
points: [ 6.28158325e+02, 4.52550934e+02, 6.85313843e+02, 4.52539185e+02,
    7.37717651e+02, 4.52507050e+02, 7.86094543e+02, 4.52444794e+02,
    8.31344360e+02, 4.52339203e+02, 8.73043091e+02, 4.52240509e+02,
    6.33146484e+02, 5.15373718e+02, 6.89746582e+02, 5.12945679e+02,
    7.42297485e+02, 5.10445862e+02, 7.90577332e+02, 5.08221283e+02,
    8.35225647e+02, 5.06334808e+02, 8.76880066e+02, 5.04218201e+02,
    6.37961670e+02, 5.78749573e+02, 6.94493469e+02, 5.73692139e+02,
    7.46506958e+02, 5.69025452e+02, 7.95095947e+02, 5.64570068e+02,
    8.39565552e+02, 5.60474670e+02, 8.81366760e+02, 5.56595276e+02,
    6.42631226e+02, 6.41829590e+02, 6.98831726e+02, 6.34238037e+02,
    7.50798279e+02, 6.27144775e+02, 7.98683228e+02, 6.20494873e+02,
    8.43477844e+02, 6.14436707e+02, 8.85009766e+02, 6.08745667e+02,
    6.47347900e+02, 7.05141479e+02, 7.03091125e+02, 6.94838989e+02,
    7.55330627e+02, 6.85520996e+02, 8.03052246e+02, 6.76601013e+02,
    8.47398621e+02, 6.68613647e+02, 8.88751953e+02, 6.61153503e+02,
    6.51414673e+02, 7.68493164e+02, 7.07432617e+02, 7.55638977e+02,
    7.59347595e+02, 7.43822266e+02, 8.06883362e+02, 7.33190796e+02,
    8.51350464e+02, 7.22861206e+02, 8.92654236e+02, 7.13531799e+02,
    6.55662537e+02, 8.32435120e+02, 7.11669983e+02, 8.16661743e+02,
    7.63572144e+02, 8.02524841e+02, 8.10957153e+02, 7.89367737e+02,
    8.55203186e+02, 7.77246277e+02, 8.96358887e+02, 7.66020447e+02,
    6.60094910e+02, 8.96323608e+02, 7.15704834e+02, 8.78177185e+02,
    7.67312073e+02, 8.61602539e+02, 8.14641113e+02, 8.46208801e+02,
    8.59071960e+02, 8.31951782e+02, 9.00254211e+02, 8.18794434e+02 ]
