%YAML:1.0
---
points: [ 4.66518524e+02, 2.27686676e+02, 5.46468689e+02, 2.21610092e+02,
    6.26285950e+02, 2.15903366e+02, 7.05441406e+02, 2.10249939e+02,
    7.84109253e+02, 2.04250244e+02, 8.62236267e+02, 1.98372025e+02,
    4.72408752e+02, 3.05855133e+02, 5.52739319e+02, 2.99855713e+02,
    6.32622070e+02, 2.93660675e+02, 7.11715332e+02, 2.87913910e+02,
    7.90647400e+02, 2.82310364e+02, 8.68915588e+02, 2.76100494e+02,
    4.78539459e+02, 3.85123810e+02, 5.59088440e+02, 3.78750427e+02,
    6.39112061e+02, 3.72644409e+02, 7.18273254e+02, 3.66442261e+02,
    7.97206665e+02, 3.60340363e+02, 8.75412048e+02, 3.54107819e+02,
    4.84549805e+02, 4.64026581e+02, 5.65257568e+02, 4.57434204e+02,
    6.45475342e+02, 4.50984802e+02, 7.24842102e+02, 4.44653564e+02,
    8.03679321e+02, 4.38342407e+02, 8.81806519e+02, 4.31760223e+02,
    4.90257355e+02, 5.43265564e+02, 5.71190491e+02, 5.36324585e+02,
    6.51457825e+02, 5.29589233e+02, 7.31231812e+02, 5.22955261e+02,
    8.10234192e+02, 5.16281555e+02, 8.88356812e+02, 5.09464508e+02,
    4.96063751e+02, 6.22718018e+02, 5.77085999e+02, 6.15669861e+02,
    6.57683472e+02, 6.08433899e+02, 7.37424622e+02, 6.01579407e+02,
    8.16531250e+02, 5.94525940e+02, 8.94913940e+02, 5.87710083e+02,
    5.01507019e+02, 7.02727417e+02, 5.82743103e+02, 6.95168640e+02,
    6.63429504e+02, 6.87760132e+02, 7.43451904e+02, 6.80358887e+02,
    8.22608459e+02, 6.73107727e+02, 9.01388916e+02, 6.66167664e+02,
    5.06920990e+02, 7.83395691e+02, 5.88345093e+02, 7.75572083e+02,
    6.69254272e+02, 7.67610291e+02, 7.49382690e+02, 7.60075317e+02,
    8.28920105e+02, 7.52580872e+02, 9.07746399e+02, 7.45241760e+02 ]
