%YAML:1.0
---
points: [ 2.67876678e+02, 3.05629395e+02, 3.40903900e+02, 2.55309601e+02,
    4.12411469e+02, 2.06247391e+02, 4.81922089e+02, 1.58584351e+02,
    5.49769592e+02, 1.12110123e+02, 6.15683594e+02, 6.66955872e+01,
    3.32018158e+02, 3.74828094e+02, 4.02634705e+02, 3.25226501e+02,
    4.71637177e+02, 2.76710327e+02, 5.38781921e+02, 2.29653854e+02,
    6.04119385e+02, 1.83743408e+02, 6.67604919e+02, 1.38842972e+02,
    3.93918365e+02, 4.41082001e+02, 4.62138153e+02, 3.91853119e+02,
    5.28601440e+02, 3.44142426e+02, 5.93218201e+02, 2.97527161e+02,
    6.56103027e+02, 2.52151520e+02, 7.17224426e+02, 2.07612885e+02,
    4.52257721e+02, 5.03286652e+02, 5.18190918e+02, 4.54678314e+02,
    5.82270081e+02, 4.07341522e+02, 6.44329224e+02, 3.61338013e+02,
    7.04833069e+02, 3.16375946e+02, 7.63572754e+02, 2.72431488e+02,
    5.07665375e+02, 5.62211792e+02, 5.71107483e+02, 5.14005798e+02,
    6.32852661e+02, 4.67338226e+02, 6.92692749e+02, 4.21727173e+02,
    7.50915222e+02, 3.77270691e+02, 8.07570435e+02, 3.33693207e+02,
    5.60108398e+02, 6.17660217e+02, 6.21312195e+02, 5.70248047e+02,
    6.80741882e+02, 5.23881897e+02, 7.38422485e+02, 4.78798065e+02,
    7.94547668e+02, 4.34746399e+02, 8.49469971e+02, 3.91747620e+02,
    6.09601013e+02, 6.70607605e+02, 6.68507812e+02, 6.23412292e+02,
    7.25903625e+02, 5.77669312e+02, 7.81552979e+02, 5.32813171e+02,
    8.35850098e+02, 4.89346375e+02, 8.88719849e+02, 4.46705170e+02,
    6.56657654e+02, 7.20974548e+02, 7.13544678e+02, 6.74255310e+02,
    7.68848145e+02, 6.28757385e+02, 8.22656189e+02, 5.84549438e+02,
    8.75235718e+02, 5.41409119e+02, 9.26472351e+02, 4.99230988e+02 ]
