%YAML:1.0
---
points: [ 1.04922217e+03, 1.29572205e+02, 1.07485486e+03, 1.65646500e+02,
    1.10048669e+03, 2.01620392e+02, 1.12605066e+03, 2.37477600e+02,
    1.15156494e+03, 2.73226746e+02, 1.17719250e+03, 3.08685638e+02,
    1.01535413e+03, 1.59581833e+02, 1.04055481e+03, 1.95131165e+02,
    1.06581555e+03, 2.30497284e+02, 1.09082336e+03, 2.65625916e+02,
    1.11610071e+03, 3.00654694e+02, 1.14115796e+03, 3.35583191e+02,
    9.82498230e+02, 1.88619278e+02, 1.00747119e+03, 2.23389206e+02,
    1.03229907e+03, 2.58213226e+02, 1.05694348e+03, 2.92693024e+02,
    1.08168628e+03, 3.27254852e+02, 1.10643567e+03, 3.61496521e+02,
    9.50921631e+02, 2.16626740e+02, 9.75447937e+02, 2.50834061e+02,
    9.99903564e+02, 2.84893829e+02, 1.02427295e+03, 3.18891785e+02,
    1.04861218e+03, 3.52759491e+02, 1.07276941e+03, 3.86519836e+02,
    9.20304993e+02, 2.43592728e+02, 9.44542480e+02, 2.77299988e+02,
    9.68581726e+02, 3.10789246e+02, 9.92624695e+02, 3.44257202e+02,
    1.01659766e+03, 3.77519470e+02, 1.04057166e+03, 4.10633331e+02,
    8.90574829e+02, 2.69707092e+02, 9.14463501e+02, 3.02806335e+02,
    9.38208557e+02, 3.35819977e+02, 9.61970764e+02, 3.68582794e+02,
    9.85598083e+02, 4.01453430e+02, 1.00926532e+03, 4.34017731e+02,
    8.61796387e+02, 2.95138458e+02, 8.85330750e+02, 3.27688782e+02,
    9.08636902e+02, 3.60142029e+02, 9.32067383e+02, 3.92451843e+02,
    9.55391907e+02, 4.24703369e+02, 9.78530396e+02, 4.56738251e+02,
    8.33904846e+02, 3.19612000e+02, 8.57148682e+02, 3.51616943e+02,
    8.80350342e+02, 3.83519775e+02, 9.03341553e+02, 4.15330536e+02,
    9.26372009e+02, 4.47049957e+02, 9.49334167e+02, 4.78600922e+02 ]
