%YAML:1.0
---
points: [ 7.49375244e+02, 4.11639587e+02, 7.87440674e+02, 4.12156860e+02,
    8.25588135e+02, 4.12604706e+02, 8.63544312e+02, 4.13039093e+02,
    9.01458191e+02, 4.13436401e+02, 9.39221863e+02, 4.13705719e+02,
    7.49097961e+02, 4.49644867e+02, 7.87175354e+02, 4.50190216e+02,
    8.25191711e+02, 4.50566589e+02, 8.63230835e+02, 4.51020142e+02,
    9.01075562e+02, 4.51436401e+02, 9.38749451e+02, 4.51836700e+02,
    7.48657104e+02, 4.87541534e+02, 7.86799988e+02, 4.88007690e+02,
    8.24791260e+02, 4.88412262e+02, 8.62833008e+02, 4.88746338e+02,
    9.00616882e+02, 4.89269196e+02, 9.38439087e+02, 4.89688110e+02,
    7.48546448e+02, 5.25517456e+02, 7.86475281e+02, 5.25899963e+02,
    8.24460144e+02, 5.26260376e+02, 8.62381714e+02, 5.26732056e+02,
    9.00283081e+02, 5.27158020e+02, 9.37943054e+02, 5.27520630e+02,
    7.48182556e+02, 5.63434631e+02, 7.86157104e+02, 5.63768555e+02,
    8.24098755e+02, 5.64276489e+02, 8.61904968e+02, 5.64568176e+02,
    8.99854980e+02, 5.64889343e+02, 9.37538818e+02, 5.65362122e+02,
    7.47701782e+02, 6.01310608e+02, 7.85630310e+02, 6.01545410e+02,
    8.23687134e+02, 6.01868958e+02, 8.61480164e+02, 6.02241882e+02,
    8.99357849e+02, 6.02548828e+02, 9.37160522e+02, 6.02953552e+02,
    7.47318787e+02, 6.39262329e+02, 7.85358582e+02, 6.39484253e+02,
    8.23309082e+02, 6.39868469e+02, 8.61085815e+02, 6.40211426e+02,
    8.98844666e+02, 6.40496704e+02, 9.36789429e+02, 6.40802429e+02,
    7.46924866e+02, 6.76861450e+02, 7.84791687e+02, 6.77169312e+02,
    8.22802612e+02, 6.77396729e+02, 8.60503479e+02, 6.77714355e+02,
    8.98401550e+02, 6.77907898e+02, 9.36207703e+02, 6.78406311e+02 ]
