%YAML:1.0
---
points: [ 9.17780518e+02, 3.40202454e+02, 9.37617188e+02, 3.73214813e+02,
    9.57363037e+02, 4.06075500e+02, 9.76948669e+02, 4.38710724e+02,
    9.96553040e+02, 4.71334290e+02, 1.01612262e+03, 5.03680786e+02,
    8.85177734e+02, 3.59834351e+02, 9.04937683e+02, 3.92853699e+02,
    9.24760010e+02, 4.25831970e+02, 9.44518616e+02, 4.58390411e+02,
    9.64153748e+02, 4.90870392e+02, 9.83653381e+02, 5.23349548e+02,
    8.52497681e+02, 3.79612793e+02, 8.72518799e+02, 4.12539032e+02,
    8.92363708e+02, 4.45414764e+02, 9.12116943e+02, 4.77941284e+02,
    9.31663147e+02, 5.10502441e+02, 9.51302673e+02, 5.42799561e+02,
    8.19881897e+02, 3.99462189e+02, 8.39870911e+02, 4.32286102e+02,
    8.59818420e+02, 4.64929565e+02, 8.79630188e+02, 4.97564026e+02,
    8.99409729e+02, 5.30017517e+02, 9.18996338e+02, 5.62396057e+02,
    7.87219238e+02, 4.19072845e+02, 8.07313660e+02, 4.51913605e+02,
    8.27287109e+02, 4.84539642e+02, 8.47246643e+02, 5.17144897e+02,
    8.66999756e+02, 5.49556946e+02, 8.86624878e+02, 5.81905029e+02,
    7.54485535e+02, 4.38667633e+02, 7.74609253e+02, 4.71532104e+02,
    7.94718018e+02, 5.04315735e+02, 8.14614929e+02, 5.36690674e+02,
    8.34565613e+02, 5.69214172e+02, 8.54355835e+02, 6.01362976e+02,
    7.21489014e+02, 4.58429901e+02, 7.41752380e+02, 4.91310211e+02,
    7.61788879e+02, 5.23951050e+02, 7.81931274e+02, 5.56461609e+02,
    8.01896484e+02, 5.88793884e+02, 8.21734558e+02, 6.21198730e+02,
    6.88643555e+02, 4.78217590e+02, 7.09060364e+02, 5.10801575e+02,
    7.29400208e+02, 5.43555847e+02, 7.49451782e+02, 5.75976013e+02,
    7.69471252e+02, 6.08457581e+02, 7.89307129e+02, 6.40554138e+02 ]
