%YAML:1.0
---
points: [ 6.51069702e+02, 5.12621460e+02, 6.68595093e+02, 4.79120453e+02,
    6.86633972e+02, 4.45513397e+02, 7.04479858e+02, 4.11870636e+02,
    7.22129700e+02, 3.78272797e+02, 7.39868652e+02, 3.44475067e+02,
    6.84726746e+02, 5.30602478e+02, 7.02644409e+02, 4.97014893e+02,
    7.20372681e+02, 4.63464874e+02, 7.38127258e+02, 4.29840729e+02,
    7.55971069e+02, 3.96335297e+02, 7.73562012e+02, 3.62557587e+02,
    7.18820679e+02, 5.48396179e+02, 7.36483215e+02, 5.14969421e+02,
    7.54399414e+02, 4.81417938e+02, 7.72030090e+02, 4.47907684e+02,
    7.89676941e+02, 4.14345825e+02, 8.07460876e+02, 3.80688995e+02,
    7.52442871e+02, 5.66370178e+02, 7.70224243e+02, 5.32677734e+02,
    7.87852112e+02, 4.99347809e+02, 8.05588562e+02, 4.65777466e+02,
    8.23371643e+02, 4.32319183e+02, 8.41056946e+02, 3.98743225e+02,
    7.85831177e+02, 5.83922607e+02, 8.03702637e+02, 5.50582642e+02,
    8.21457275e+02, 5.17124451e+02, 8.39231506e+02, 4.83666931e+02,
    8.56756897e+02, 4.50232300e+02, 8.74475159e+02, 4.16628113e+02,
    8.19471497e+02, 6.01625183e+02, 8.37159790e+02, 5.68338928e+02,
    8.54855225e+02, 5.34761597e+02, 8.72586609e+02, 5.01512207e+02,
    8.90321594e+02, 4.68067139e+02, 9.07909546e+02, 4.34572693e+02,
    8.52787659e+02, 6.19429077e+02, 8.70577087e+02, 5.85948853e+02,
    8.88215881e+02, 5.52627808e+02, 9.05782227e+02, 5.19322021e+02,
    9.23612183e+02, 4.85723846e+02, 9.41281738e+02, 4.52435822e+02,
    8.86254517e+02, 6.37163757e+02, 9.03869385e+02, 6.03695190e+02,
    9.21551453e+02, 5.70419067e+02, 9.39298340e+02, 5.37023987e+02,
    9.56875977e+02, 5.03632690e+02, 9.74565308e+02, 4.70218658e+02 ]
