%YAML:1.0
---
points: [ 7.15474976e+02, 2.62603516e+02, 7.51494507e+02, 2.48191666e+02,
    7.87600952e+02, 2.33789505e+02, 8.23458191e+02, 2.19457672e+02,
    8.59512695e+02, 2.04793533e+02, 8.95482971e+02, 1.90276062e+02,
    7.30531555e+02, 2.99386200e+02, 7.66539185e+02, 2.84984070e+02,
    8.02378235e+02, 2.70508484e+02, 8.38228516e+02, 2.56205261e+02,
    8.74068420e+02, 2.41760132e+02, 9.09938354e+02, 2.27370712e+02,
    7.45718506e+02, 3.36028107e+02, 7.81405823e+02, 3.21640045e+02,
    8.17270630e+02, 3.07483856e+02, 8.52808777e+02, 2.93075623e+02,
    8.88629089e+02, 2.78630005e+02, 9.24301208e+02, 2.64235870e+02,
    7.60471741e+02, 3.72285156e+02, 7.96165161e+02, 3.58024445e+02,
    8.31719360e+02, 3.43575012e+02, 8.67427673e+02, 3.29464478e+02,
    9.02964844e+02, 3.15165131e+02, 9.38628967e+02, 3.00686279e+02,
    7.75266846e+02, 4.08134827e+02, 8.10736938e+02, 3.93978485e+02,
    8.46388733e+02, 3.79804901e+02, 8.81689209e+02, 3.65540710e+02,
    9.17364197e+02, 3.51301605e+02, 9.52636047e+02, 3.36913300e+02,
    7.89775757e+02, 4.43734375e+02, 8.25382263e+02, 4.29722321e+02,
    8.60644531e+02, 4.15619507e+02, 8.96136353e+02, 4.01489624e+02,
    9.31501404e+02, 3.87172058e+02, 9.66840759e+02, 3.72818573e+02,
    8.04428284e+02, 4.79433319e+02, 8.39649597e+02, 4.65316162e+02,
    8.74973083e+02, 4.51162994e+02, 9.10284790e+02, 4.36944489e+02,
    9.45666748e+02, 4.22790710e+02, 9.80838257e+02, 4.08609802e+02,
    8.18759216e+02, 5.14833130e+02, 8.54018005e+02, 5.00671967e+02,
    8.89267090e+02, 4.86473053e+02, 9.24489624e+02, 4.72457672e+02,
    9.59618286e+02, 4.58301147e+02, 9.94810303e+02, 4.44278809e+02 ]
