%YAML:1.0
---
points: [ 8.70913574e+02, 1.50656357e+02, 8.95371887e+02, 1.81821060e+02,
    9.19797485e+02, 2.12731796e+02, 9.44333069e+02, 2.43441605e+02,
    9.68537109e+02, 2.74207947e+02, 9.92734436e+02, 3.04640594e+02,
    8.40979065e+02, 1.75693359e+02, 8.65494080e+02, 2.06809372e+02,
    8.89903198e+02, 2.37595978e+02, 9.14281555e+02, 2.68365540e+02,
    9.38512817e+02, 2.98865967e+02, 9.62668945e+02, 3.29364258e+02,
    8.10814575e+02, 2.01161667e+02, 8.35422180e+02, 2.31863464e+02,
    8.59858276e+02, 2.62676727e+02, 8.84205078e+02, 2.93160126e+02,
    9.08436157e+02, 3.23584442e+02, 9.32553772e+02, 3.53795044e+02,
    7.81205627e+02, 2.26048141e+02, 8.05624939e+02, 2.56741089e+02,
    8.30213196e+02, 2.87350006e+02, 8.54483093e+02, 3.17730164e+02,
    8.78691956e+02, 3.48093231e+02, 9.02824585e+02, 3.78297577e+02,
    7.51430420e+02, 2.50734970e+02, 7.76070801e+02, 2.81380432e+02,
    8.00473022e+02, 3.11752045e+02, 8.24792969e+02, 3.42179016e+02,
    8.49100220e+02, 3.72414062e+02, 8.73225769e+02, 4.02414978e+02,
    7.22017151e+02, 2.75482178e+02, 7.46428589e+02, 3.05815216e+02,
    7.70908936e+02, 3.36344635e+02, 7.95264648e+02, 3.66486237e+02,
    8.19561279e+02, 3.96640381e+02, 8.43628113e+02, 4.26546387e+02,
    6.92333191e+02, 2.99917969e+02, 7.17040833e+02, 3.30358612e+02,
    7.41440857e+02, 3.60520020e+02, 7.65832520e+02, 3.90579803e+02,
    7.90070251e+02, 4.20598602e+02, 8.14311951e+02, 4.50493561e+02,
    6.62889038e+02, 3.24420837e+02, 6.87511169e+02, 3.54588104e+02,
    7.12070068e+02, 3.84735260e+02, 7.36384766e+02, 4.14706970e+02,
    7.60659546e+02, 4.44586884e+02, 7.84724060e+02, 4.74360992e+02 ]
