%YAML:1.0
---
points: [ 7.15578979e+02, 3.91099243e+02, 7.14547607e+02, 3.52282227e+02,
    7.13433228e+02, 3.13174347e+02, 7.12321228e+02, 2.73709259e+02,
    7.11366150e+02, 2.33858139e+02, 7.10152283e+02, 1.93623138e+02,
    7.54120972e+02, 3.91242767e+02, 7.53281128e+02, 3.52468567e+02,
    7.52319641e+02, 3.13364380e+02, 7.51250305e+02, 2.73888855e+02,
    7.50339844e+02, 2.34277084e+02, 7.49319702e+02, 1.93896912e+02,
    7.92250427e+02, 3.91320648e+02, 7.91427551e+02, 3.52585510e+02,
    7.90645447e+02, 3.13480316e+02, 7.89913635e+02, 2.74156494e+02,
    7.89343140e+02, 2.34367950e+02, 7.88395508e+02, 1.94345215e+02,
    8.30330322e+02, 3.91328186e+02, 8.29700195e+02, 3.52717438e+02,
    8.29195740e+02, 3.13624786e+02, 8.28579590e+02, 2.74437988e+02,
    8.28072632e+02, 2.34654526e+02, 8.27408264e+02, 1.94455170e+02,
    8.68512085e+02, 3.91454254e+02, 8.68126099e+02, 3.52870209e+02,
    8.67641907e+02, 3.13772430e+02, 8.67110107e+02, 2.74596771e+02,
    8.66568359e+02, 2.34723755e+02, 8.66285645e+02, 1.94695892e+02,
    9.06437927e+02, 3.91462494e+02, 9.06225769e+02, 3.52853699e+02,
    9.05857910e+02, 3.13762146e+02, 9.05591248e+02, 2.74733002e+02,
    9.05437744e+02, 2.34926437e+02, 9.05129639e+02, 1.94836075e+02,
    9.44481506e+02, 3.91495819e+02, 9.44405212e+02, 3.52911102e+02,
    9.44350403e+02, 3.13812988e+02, 9.44300293e+02, 2.74717316e+02,
    9.44147705e+02, 2.35045898e+02, 9.44115234e+02, 1.94976212e+02,
    9.82378418e+02, 3.91497711e+02, 9.82387695e+02, 3.52929840e+02,
    9.82398010e+02, 3.13869659e+02, 9.82424438e+02, 2.74724304e+02,
    9.82456299e+02, 2.35134995e+02, 9.82543701e+02, 1.95036697e+02 ]
