%YAML:1.0
---
points: [ 7.88393982e+02, 6.15367737e+02, 8.02413147e+02, 5.80153748e+02,
    8.16343323e+02, 5.44997742e+02, 8.30439026e+02, 5.09936707e+02,
    8.44325378e+02, 4.74744598e+02, 8.58180420e+02, 4.39571747e+02,
    8.23554993e+02, 6.29382446e+02, 8.37498718e+02, 5.94197144e+02,
    8.51564453e+02, 5.58895325e+02, 8.65526306e+02, 5.23904358e+02,
    8.79431213e+02, 4.88808685e+02, 8.93360962e+02, 4.53649200e+02,
    8.58491150e+02, 6.43365662e+02, 8.72521179e+02, 6.08107849e+02,
    8.86568115e+02, 5.72950012e+02, 9.00517456e+02, 5.37838318e+02,
    9.14469116e+02, 5.02701172e+02, 9.28357422e+02, 4.67764099e+02,
    8.93602844e+02, 6.57215027e+02, 9.07579041e+02, 6.22071228e+02,
    9.21555542e+02, 5.86960876e+02, 9.35519653e+02, 5.51854370e+02,
    9.49433350e+02, 5.16686584e+02, 9.63332581e+02, 4.81660553e+02,
    9.28651855e+02, 6.71194458e+02, 9.42555725e+02, 6.36184753e+02,
    9.56555298e+02, 6.00911987e+02, 9.70511475e+02, 5.65827820e+02,
    9.84373718e+02, 5.30689575e+02, 9.98383057e+02, 4.95628784e+02,
    9.63593689e+02, 6.85239929e+02, 9.77590759e+02, 6.50002197e+02,
    9.91521240e+02, 6.14897461e+02, 1.00538666e+03, 5.79792786e+02,
    1.01940491e+03, 5.44710327e+02, 1.03333618e+03, 5.09654602e+02,
    9.98744202e+02, 6.99274780e+02, 1.01266797e+03, 6.64023376e+02,
    1.02657971e+03, 6.28951416e+02, 1.04056458e+03, 5.93908203e+02,
    1.05453857e+03, 5.58828491e+02, 1.06849048e+03, 5.23704834e+02,
    1.03369482e+03, 7.13365051e+02, 1.04756494e+03, 6.78124390e+02,
    1.06154541e+03, 6.42860840e+02, 1.07553406e+03, 6.07855042e+02,
    1.08941016e+03, 5.72818054e+02, 1.10344177e+03, 5.37751770e+02 ]
