%YAML:1.0
---
points: [ 7.93078369e+02, 6.17815918e+02, 8.06394287e+02, 5.81610596e+02,
    8.19781982e+02, 5.45291931e+02, 8.32899719e+02, 5.09049683e+02,
    8.46494690e+02, 4.72631592e+02, 8.59575928e+02, 4.36431519e+02,
    8.27314575e+02, 6.31737122e+02, 8.40758667e+02, 5.95233337e+02,
    8.54218384e+02, 5.58535095e+02, 8.67575989e+02, 5.22049561e+02,
    8.81068848e+02, 4.85386261e+02, 8.94486389e+02, 4.48853577e+02,
    8.61946472e+02, 6.45731445e+02, 8.75534912e+02, 6.08979675e+02,
    8.89249207e+02, 5.71949951e+02, 9.02420654e+02, 5.35104004e+02,
    9.16337463e+02, 4.98257904e+02, 9.29691406e+02, 4.61492706e+02,
    8.97248474e+02, 6.60078552e+02, 9.10960938e+02, 6.22991943e+02,
    9.24621460e+02, 5.85664001e+02, 9.38383240e+02, 5.48544556e+02,
    9.52077576e+02, 5.11391388e+02, 9.65646606e+02, 4.74263214e+02,
    9.33276794e+02, 6.74684082e+02, 9.46954346e+02, 6.37274109e+02,
    9.60812988e+02, 5.99749023e+02, 9.74560486e+02, 5.62251404e+02,
    9.88457153e+02, 5.24603821e+02, 1.00227765e+03, 4.87276215e+02,
    9.69632568e+02, 6.89733398e+02, 9.83745056e+02, 6.51672485e+02,
    9.97440735e+02, 6.13756531e+02, 1.01155853e+03, 5.76013306e+02,
    1.02545056e+03, 5.38266296e+02, 1.03944116e+03, 5.00490204e+02,
    1.00719482e+03, 7.04959106e+02, 1.02123297e+03, 6.66694153e+02,
    1.03530994e+03, 6.28407654e+02, 1.04928064e+03, 5.90213318e+02,
    1.06345984e+03, 5.52032532e+02, 1.07749146e+03, 5.13860229e+02,
    1.04506152e+03, 7.20449707e+02, 1.05925562e+03, 6.81764526e+02,
    1.07338123e+03, 6.43201782e+02, 1.08761646e+03, 6.04617188e+02,
    1.10163953e+03, 5.66142761e+02, 1.11597974e+03, 5.27588562e+02 ]
