%YAML:1.0
---
points: [ 7.83623291e+02, 6.18721252e+02, 7.97627258e+02, 5.81598206e+02,
    8.11622559e+02, 5.44575684e+02, 8.25542603e+02, 5.07469330e+02,
    8.39491760e+02, 4.70475555e+02, 8.53371643e+02, 4.33366943e+02,
    8.13578552e+02, 6.32739319e+02, 8.27752075e+02, 5.95065125e+02,
    8.42215820e+02, 5.57420776e+02, 8.56056702e+02, 5.19512146e+02,
    8.70497437e+02, 4.81748749e+02, 8.84388855e+02, 4.44121338e+02,
    8.44406494e+02, 6.47319275e+02, 8.59079407e+02, 6.09062073e+02,
    8.73487122e+02, 5.70453064e+02, 8.87751648e+02, 5.31891724e+02,
    9.02539917e+02, 4.93537994e+02, 9.16764343e+02, 4.55186951e+02,
    8.76643677e+02, 6.62459167e+02, 8.91452515e+02, 6.23230103e+02,
    9.05932068e+02, 5.84056152e+02, 9.20576172e+02, 5.44921326e+02,
    9.35529297e+02, 5.05641571e+02, 9.50331726e+02, 4.66586182e+02,
    9.09920593e+02, 6.78217896e+02, 9.25117310e+02, 6.38208862e+02,
    9.40253174e+02, 5.98313965e+02, 9.55112122e+02, 5.58367615e+02,
    9.70107300e+02, 5.18460999e+02, 9.85127197e+02, 4.78587280e+02,
    9.44371765e+02, 6.94431396e+02, 9.59764343e+02, 6.53730774e+02,
    9.74949707e+02, 6.12839783e+02, 9.90535095e+02, 5.72393127e+02,
    1.00590802e+03, 5.31627380e+02, 1.02118103e+03, 4.91076416e+02,
    9.80894836e+02, 7.11624268e+02, 9.96570679e+02, 6.69998657e+02,
    1.01193488e+03, 6.28417603e+02, 1.02761255e+03, 5.86964783e+02,
    1.04348413e+03, 5.45480652e+02, 1.05915881e+03, 5.03951904e+02,
    1.01842688e+03, 7.29475464e+02, 1.03439465e+03, 6.86915344e+02,
    1.05018652e+03, 6.44480774e+02, 1.06630872e+03, 6.02130920e+02,
    1.08207935e+03, 5.59597595e+02, 1.09822424e+03, 5.17449097e+02 ]
