%YAML:1.0
---
points: [ 7.77289856e+02, 6.19342163e+02, 7.92219788e+02, 5.81514709e+02,
    8.07271301e+02, 5.43709351e+02, 8.22149597e+02, 5.06066223e+02,
    8.37017212e+02, 4.68389069e+02, 8.51963867e+02, 4.30631500e+02,
    7.97572205e+02, 6.32063843e+02, 8.13088867e+02, 5.93367737e+02,
    8.28646790e+02, 5.54415588e+02, 8.43652466e+02, 5.15511902e+02,
    8.59424072e+02, 4.76928070e+02, 8.74553650e+02, 4.38112152e+02,
    8.19157959e+02, 6.45610840e+02, 8.35120117e+02, 6.05669800e+02,
    8.51276306e+02, 5.65739807e+02, 8.66763184e+02, 5.25667908e+02,
    8.82784790e+02, 4.85812744e+02, 8.98716858e+02, 4.45892670e+02,
    8.42239441e+02, 6.60196960e+02, 8.58630676e+02, 6.19099060e+02,
    8.75065796e+02, 5.77679260e+02, 8.91340515e+02, 5.36467896e+02,
    9.07797546e+02, 4.95345459e+02, 9.24068604e+02, 4.54284332e+02,
    8.66744202e+02, 6.75526062e+02, 8.83736206e+02, 6.33101746e+02,
    9.00639709e+02, 5.90472839e+02, 9.17607361e+02, 5.48049927e+02,
    9.34513794e+02, 5.05516144e+02, 9.51387085e+02, 4.63094574e+02,
    8.92412720e+02, 6.91860168e+02, 9.10205627e+02, 6.48004395e+02,
    9.27514648e+02, 6.04011353e+02, 9.45498657e+02, 5.60346375e+02,
    9.62783875e+02, 5.16364136e+02, 9.80380188e+02, 4.72431458e+02,
    9.20862000e+02, 7.09686890e+02, 9.38989075e+02, 6.64218933e+02,
    9.56791443e+02, 6.18687256e+02, 9.75058838e+02, 5.73406189e+02,
    9.93442566e+02, 5.28015198e+02, 1.01146057e+03, 4.82569946e+02,
    9.50666443e+02, 7.28501953e+02, 9.69408508e+02, 6.81435425e+02,
    9.88223633e+02, 6.34412781e+02, 1.00675073e+03, 5.87421753e+02,
    1.02559082e+03, 5.40447388e+02, 1.04456750e+03, 4.93371582e+02 ]
