%YAML:1.0
---
points: [ 7.46417969e+02, 6.09444885e+02, 7.63847229e+02, 5.72447083e+02,
    7.81460144e+02, 5.35266724e+02, 7.98628601e+02, 4.98291016e+02,
    8.16151367e+02, 4.61202911e+02, 8.33427124e+02, 4.24117950e+02,
    7.60249634e+02, 6.21871521e+02, 7.78359497e+02, 5.83539917e+02,
    7.96425415e+02, 5.45320190e+02, 8.14009521e+02, 5.06754700e+02,
    8.32346130e+02, 4.68672333e+02, 8.50307800e+02, 4.30399200e+02,
    7.74600281e+02, 6.34840637e+02, 7.93553406e+02, 5.95450195e+02,
    8.12347473e+02, 5.55803223e+02, 8.30617554e+02, 5.16159790e+02,
    8.49510376e+02, 4.76657562e+02, 8.67997437e+02, 4.37212372e+02,
    7.90544678e+02, 6.49175293e+02, 8.10067871e+02, 6.08265442e+02,
    8.29320496e+02, 5.67217224e+02, 8.48442322e+02, 5.26172791e+02,
    8.67976990e+02, 4.85318604e+02, 8.86969727e+02, 4.44349518e+02,
    8.07594482e+02, 6.64421692e+02, 8.27753052e+02, 6.21966675e+02,
    8.47807251e+02, 5.79468628e+02, 8.67799988e+02, 5.37066895e+02,
    8.87707275e+02, 4.94493774e+02, 9.07652344e+02, 4.52183868e+02,
    8.25394165e+02, 6.80564270e+02, 8.46554565e+02, 6.36566895e+02,
    8.67212341e+02, 5.92409546e+02, 8.88421082e+02, 5.48521790e+02,
    9.09057861e+02, 5.04464386e+02, 9.29766785e+02, 4.60393341e+02,
    8.45748657e+02, 6.98659851e+02, 8.67424011e+02, 6.52668701e+02,
    8.88634338e+02, 6.06647095e+02, 9.10392578e+02, 5.60981934e+02,
    9.32223816e+02, 5.15265137e+02, 9.53666565e+02, 4.69339020e+02,
    8.66976624e+02, 7.17734070e+02, 8.89372253e+02, 6.69944824e+02,
    9.12003540e+02, 6.22151855e+02, 9.34436951e+02, 5.74481140e+02,
    9.56933472e+02, 5.26697876e+02, 9.79430725e+02, 4.79217316e+02 ]
