%YAML:1.0
---
points: [ 1.01540820e+03, 1.27912796e+02, 1.04344678e+03, 1.62812103e+02,
    1.07150037e+03, 1.97641571e+02, 1.09946350e+03, 2.32251602e+02,
    1.12747021e+03, 2.66653839e+02, 1.15555432e+03, 3.01084229e+02,
    9.83470520e+02, 1.60160904e+02, 1.01117908e+03, 1.94444931e+02,
    1.03870483e+03, 2.28619354e+02, 1.06623767e+03, 2.62495850e+02,
    1.09371106e+03, 2.96378754e+02, 1.12119202e+03, 3.30165283e+02,
    9.52472290e+02, 1.91483459e+02, 9.79681641e+02, 2.25147278e+02,
    1.00690894e+03, 2.58644226e+02, 1.03373889e+03, 2.91857666e+02,
    1.06098145e+03, 3.25189850e+02, 1.08797754e+03, 3.58337250e+02,
    9.22848389e+02, 2.21570404e+02, 9.49511658e+02, 2.54620926e+02,
    9.76395996e+02, 2.87449158e+02, 1.00303687e+03, 3.20241730e+02,
    1.02957471e+03, 3.52749603e+02, 1.05615601e+03, 3.85176178e+02,
    8.94110413e+02, 2.50623642e+02, 9.20586975e+02, 2.83007599e+02,
    9.46740845e+02, 3.15280975e+02, 9.72939758e+02, 3.47301666e+02,
    9.99218933e+02, 3.79358490e+02, 1.02537854e+03, 4.11229004e+02,
    8.66458252e+02, 2.78637451e+02, 8.92363892e+02, 3.10374420e+02,
    9.18268433e+02, 3.42160767e+02, 9.44200684e+02, 3.73630280e+02,
    9.69895081e+02, 4.05134308e+02, 9.95492126e+02, 4.36466248e+02,
    8.39482178e+02, 3.05648682e+02, 8.65225708e+02, 3.36873871e+02,
    8.90568176e+02, 3.68021484e+02, 9.16181030e+02, 3.98968994e+02,
    9.41548767e+02, 4.29878418e+02, 9.66895203e+02, 4.60641663e+02,
    8.13408752e+02, 3.31820099e+02, 8.38590820e+02, 3.62485596e+02,
    8.63818237e+02, 3.93121979e+02, 8.89005798e+02, 4.23565338e+02,
    9.14102295e+02, 4.53961823e+02, 9.39059448e+02, 4.84282654e+02 ]
