%YAML:1.0
---
points: [ 9.80496765e+02, 1.34903519e+02, 1.01105194e+03, 1.72796707e+02,
    1.04158167e+03, 2.11030807e+02, 1.07207568e+03, 2.48560486e+02,
    1.10247339e+03, 2.86347870e+02, 1.13288013e+03, 3.23731873e+02,
    9.51191101e+02, 1.68873978e+02, 9.80948303e+02, 2.06062454e+02,
    1.01052972e+03, 2.42779846e+02, 1.04019202e+03, 2.79642334e+02,
    1.06976599e+03, 3.15895355e+02, 1.09935315e+03, 3.52426636e+02,
    9.23277588e+02, 2.01456543e+02, 9.52256104e+02, 2.37430069e+02,
    9.81220520e+02, 2.73267456e+02, 1.00967804e+03, 3.08754791e+02,
    1.03868286e+03, 3.44342163e+02, 1.06730981e+03, 3.79626984e+02,
    8.96942627e+02, 2.32124557e+02, 9.25263245e+02, 2.67017426e+02,
    9.53493652e+02, 3.01654602e+02, 9.81580750e+02, 3.36374786e+02,
    1.00961731e+03, 3.70727600e+02, 1.03757812e+03, 4.05166138e+02,
    8.71964661e+02, 2.61150452e+02, 8.99608398e+02, 2.94842133e+02,
    9.27038086e+02, 3.28889130e+02, 9.54408142e+02, 3.62406982e+02,
    9.81878967e+02, 3.95904236e+02, 1.00921002e+03, 4.29343903e+02,
    8.48414551e+02, 2.88443420e+02, 8.75410828e+02, 3.21490417e+02,
    9.02127380e+02, 3.54380829e+02, 9.28913269e+02, 3.87178284e+02,
    9.55599670e+02, 4.19815033e+02, 9.82218628e+02, 4.52470215e+02,
    8.25863525e+02, 3.14547852e+02, 8.52301880e+02, 3.46629364e+02,
    8.78375977e+02, 3.78867859e+02, 9.04590149e+02, 4.10475311e+02,
    9.30652161e+02, 4.42470306e+02, 9.56681763e+02, 4.74155731e+02,
    8.04386902e+02, 3.39295013e+02, 8.30229248e+02, 3.70610840e+02,
    8.55781128e+02, 4.01849396e+02, 8.81462646e+02, 4.32988312e+02,
    9.06855225e+02, 4.63932159e+02, 9.32327454e+02, 4.94900146e+02 ]
