%YAML:1.0
---
points: [ 9.16437500e+02, 1.63404297e+02, 9.49501221e+02, 2.04355850e+02,
    9.82574158e+02, 2.45234543e+02, 1.01562616e+03, 2.85583832e+02,
    1.04846753e+03, 3.26064911e+02, 1.08144189e+03, 3.66139191e+02,
    8.94131165e+02, 1.96029190e+02, 9.26188232e+02, 2.35499512e+02,
    9.57896301e+02, 2.74676636e+02, 9.89538635e+02, 3.13648346e+02,
    1.02149127e+03, 3.52338348e+02, 1.05311865e+03, 3.90894165e+02,
    8.73416748e+02, 2.26730377e+02, 9.04258911e+02, 2.64500946e+02,
    9.35047119e+02, 3.02204041e+02, 9.65384827e+02, 3.39672974e+02,
    9.96147705e+02, 3.77134094e+02, 1.02636353e+03, 4.14354553e+02,
    8.54193909e+02, 2.54816498e+02, 8.83939087e+02, 2.91384338e+02,
    9.13776367e+02, 3.27573761e+02, 9.43415161e+02, 3.63568207e+02,
    9.72809326e+02, 3.99565369e+02, 1.00234637e+03, 4.35465240e+02,
    8.36185181e+02, 2.81300415e+02, 8.65225525e+02, 3.16269226e+02,
    8.93711121e+02, 3.51444794e+02, 9.22427185e+02, 3.86117035e+02,
    9.51200195e+02, 4.20766663e+02, 9.79502380e+02, 4.55404266e+02,
    8.19581238e+02, 3.05611176e+02, 8.47581299e+02, 3.39575653e+02,
    8.75326355e+02, 3.73492828e+02, 9.03140015e+02, 4.06942841e+02,
    9.30736633e+02, 4.40666321e+02, 9.58246094e+02, 4.74082397e+02,
    8.03909424e+02, 3.28632507e+02, 8.31059692e+02, 3.61319427e+02,
    8.57781555e+02, 3.94229736e+02, 8.85006836e+02, 4.26519867e+02,
    9.11712585e+02, 4.58889954e+02, 9.38558228e+02, 4.91393646e+02,
    7.89208069e+02, 3.50157501e+02, 8.15584839e+02, 3.81831512e+02,
    8.41677002e+02, 4.13464569e+02, 8.67915283e+02, 4.45024384e+02,
    8.93984863e+02, 4.76446472e+02, 9.19853333e+02, 5.07644012e+02 ]
