%YAML:1.0
---
points: [ 8.46832031e+02, 2.05473007e+02, 8.81371155e+02, 2.48102951e+02,
    9.15796997e+02, 2.90662109e+02, 9.50269226e+02, 3.32761169e+02,
    9.84327332e+02, 3.74814545e+02, 1.01853033e+03, 4.16568939e+02,
    8.32421875e+02, 2.34020874e+02, 8.65684692e+02, 2.74862610e+02,
    8.98572571e+02, 3.15564056e+02, 9.31266174e+02, 3.55967804e+02,
    9.64359070e+02, 3.95914215e+02, 9.96878052e+02, 4.35934540e+02,
    8.19348083e+02, 2.60642181e+02, 8.51118652e+02, 2.99622894e+02,
    8.82789673e+02, 3.38462372e+02, 9.13930359e+02, 3.77295746e+02,
    9.45568909e+02, 4.15627319e+02, 9.76612061e+02, 4.54104797e+02,
    8.07148865e+02, 2.84806458e+02, 8.37648621e+02, 3.22288361e+02,
    8.68304504e+02, 3.59453644e+02, 8.98537781e+02, 3.96432617e+02,
    9.28668274e+02, 4.33337555e+02, 9.58703674e+02, 4.70159149e+02,
    7.95787903e+02, 3.07368195e+02, 8.25459351e+02, 3.43047119e+02,
    8.54512024e+02, 3.78986938e+02, 8.83665894e+02, 4.14446777e+02,
    9.12943604e+02, 4.49718262e+02, 9.41871521e+02, 4.85193512e+02,
    7.85586914e+02, 3.27830292e+02, 8.13923645e+02, 3.62451233e+02,
    8.42122986e+02, 3.96857178e+02, 8.70396912e+02, 4.30988495e+02,
    8.98469604e+02, 4.65223480e+02, 9.26229309e+02, 4.99319855e+02,
    7.76106079e+02, 3.47162262e+02, 8.03474426e+02, 3.80279297e+02,
    8.30489075e+02, 4.13567352e+02, 8.57812561e+02, 4.46357117e+02,
    8.84822388e+02, 4.79243439e+02, 9.11889771e+02, 5.12054626e+02,
    7.67036743e+02, 3.64859985e+02, 7.93560120e+02, 3.96972473e+02,
    8.19810974e+02, 4.28902557e+02, 8.46258118e+02, 4.60643341e+02,
    8.72468384e+02, 4.92529755e+02, 8.98413696e+02, 5.24225464e+02 ]
