%YAML:1.0
---
points: [ 5.70725159e+02, 1.47492920e+02, 6.24420410e+02, 1.41880936e+02,
    6.78112732e+02, 1.36365143e+02, 7.31558228e+02, 1.30601959e+02,
    7.84831482e+02, 1.25075394e+02, 8.37943726e+02, 1.19346886e+02,
    5.88833130e+02, 1.90558792e+02, 6.40450073e+02, 1.85182571e+02,
    6.91768127e+02, 1.79983887e+02, 7.43182007e+02, 1.74730118e+02,
    7.94181824e+02, 1.68935135e+02, 8.45006836e+02, 1.63508881e+02,
    6.05599548e+02, 2.30433243e+02, 6.55155945e+02, 2.25262421e+02,
    7.04592712e+02, 2.20073029e+02, 7.53814758e+02, 2.15296280e+02,
    8.02701477e+02, 2.09791748e+02, 8.51687073e+02, 2.04692535e+02,
    6.21244446e+02, 2.67048279e+02, 6.68771057e+02, 2.62206726e+02,
    7.16396606e+02, 2.56953918e+02, 7.63572876e+02, 2.51879639e+02,
    8.10771729e+02, 2.46860992e+02, 8.57692383e+02, 2.41776688e+02,
    6.35786377e+02, 3.01456360e+02, 6.81519043e+02, 2.96356873e+02,
    7.27283936e+02, 2.91672058e+02, 7.72681213e+02, 2.86640320e+02,
    8.18138733e+02, 2.81553833e+02, 8.63465759e+02, 2.76608398e+02,
    6.49065430e+02, 3.32716919e+02, 6.93349548e+02, 3.28052612e+02,
    7.37475220e+02, 3.23397552e+02, 7.81223511e+02, 3.18450745e+02,
    8.24967102e+02, 3.13589111e+02, 8.68626160e+02, 3.08943604e+02,
    6.61544861e+02, 3.62106018e+02, 7.04170837e+02, 3.57368103e+02,
    7.46703430e+02, 3.53164978e+02, 7.89135986e+02, 3.48101685e+02,
    8.31370422e+02, 3.43519012e+02, 8.73546753e+02, 3.38628082e+02,
    6.73110535e+02, 3.89503784e+02, 7.14412109e+02, 3.84983002e+02,
    7.55462891e+02, 3.80540405e+02, 7.96437500e+02, 3.75821747e+02,
    8.37350098e+02, 3.71225647e+02, 8.77900269e+02, 3.66574951e+02 ]
