%YAML:1.0
---
points: [ 7.15696594e+02, 2.25418663e+01, 7.59377808e+02, 2.54748516e+01,
    8.03327393e+02, 2.88239765e+01, 8.46966125e+02, 3.21253166e+01,
    8.90662109e+02, 3.50760918e+01, 9.34329041e+02, 3.84016800e+01,
    7.16479431e+02, 7.04094009e+01, 7.59564758e+02, 7.34405823e+01,
    8.02770874e+02, 7.66284866e+01, 8.45832520e+02, 7.98379745e+01,
    8.88915710e+02, 8.28695145e+01, 9.31892273e+02, 8.60909500e+01,
    7.17379883e+02, 1.17227287e+02, 7.59827454e+02, 1.20253784e+02,
    8.02498474e+02, 1.23529549e+02, 8.44703430e+02, 1.26482597e+02,
    8.87159119e+02, 1.29519623e+02, 9.29335327e+02, 1.32638474e+02,
    7.18336914e+02, 1.62280396e+02, 7.60214172e+02, 1.65544724e+02,
    8.02164978e+02, 1.68449585e+02, 8.43744202e+02, 1.71457779e+02,
    8.85471252e+02, 1.74567886e+02, 9.27100891e+02, 1.77478119e+02,
    7.19078003e+02, 2.06292358e+02, 7.60477478e+02, 2.09217468e+02,
    8.01646179e+02, 2.12441177e+02, 8.42843933e+02, 2.15181610e+02,
    8.83800049e+02, 2.18149338e+02, 9.24580811e+02, 2.21048294e+02,
    7.20207214e+02, 2.48679855e+02, 7.60696350e+02, 2.51562561e+02,
    8.01414490e+02, 2.54762344e+02, 8.41774170e+02, 2.57505310e+02,
    8.82099365e+02, 2.60392059e+02, 9.22539368e+02, 2.63234985e+02,
    7.20956604e+02, 2.90008545e+02, 7.60925659e+02, 2.92714935e+02,
    8.01088684e+02, 2.95759033e+02, 8.40822571e+02, 2.98419464e+02,
    8.80601868e+02, 3.01374573e+02, 9.20427124e+02, 3.03882202e+02,
    7.21724426e+02, 3.30039337e+02, 7.61135742e+02, 3.32857941e+02,
    8.00679016e+02, 3.35479095e+02, 8.39792542e+02, 3.38336853e+02,
    8.79206177e+02, 3.40859344e+02, 9.18289612e+02, 3.43640503e+02 ]
