%YAML:1.0
---
points: [ 7.24479004e+02, 4.82960281e+01, 7.68275940e+02, 5.02470551e+01,
    8.11832703e+02, 5.18627625e+01, 8.55256470e+02, 5.37559471e+01,
    8.98808289e+02, 5.55465508e+01, 9.42329529e+02, 5.73201561e+01,
    7.26458740e+02, 9.55375824e+01, 7.69455994e+02, 9.74171982e+01,
    8.12420959e+02, 9.92801437e+01, 8.55215637e+02, 1.01198738e+02,
    8.98131592e+02, 1.02778938e+02, 9.40699829e+02, 1.04500565e+02,
    7.28299072e+02, 1.41832611e+02, 7.70584656e+02, 1.43791153e+02,
    8.12961975e+02, 1.45506958e+02, 8.55011353e+02, 1.47353058e+02,
    8.97385681e+02, 1.49177582e+02, 9.39344299e+02, 1.50662430e+02,
    7.30090332e+02, 1.86564423e+02, 7.71770264e+02, 1.88416306e+02,
    8.13471497e+02, 1.90233841e+02, 8.55027222e+02, 1.91866867e+02,
    8.96679443e+02, 1.93482971e+02, 9.38119324e+02, 1.95250412e+02,
    7.31872437e+02, 2.29999176e+02, 7.72990173e+02, 2.31686096e+02,
    8.13994568e+02, 2.33602295e+02, 8.54862427e+02, 2.35258789e+02,
    8.95957458e+02, 2.36692902e+02, 9.36774292e+02, 2.38535538e+02,
    7.33548401e+02, 2.72165833e+02, 7.74183044e+02, 2.73882233e+02,
    8.14550476e+02, 2.75621277e+02, 8.54878540e+02, 2.77168884e+02,
    8.95325562e+02, 2.78666229e+02, 9.35433167e+02, 2.80405548e+02,
    7.35162781e+02, 3.13143433e+02, 7.75336609e+02, 3.14583862e+02,
    8.15118835e+02, 3.16420258e+02, 8.54742920e+02, 3.17786682e+02,
    8.94631653e+02, 3.19289062e+02, 9.34161743e+02, 3.20716370e+02,
    7.36721008e+02, 3.52862213e+02, 7.76218445e+02, 3.54464447e+02,
    8.15609314e+02, 3.55863403e+02, 8.54631348e+02, 3.57341400e+02,
    8.93987305e+02, 3.58805450e+02, 9.33030701e+02, 3.60308807e+02 ]
