%YAML:1.0
---
points: [ 7.18273926e+02, 1.61160522e+02, 7.56303650e+02, 1.52950623e+02,
    7.94804871e+02, 1.44644577e+02, 8.32768677e+02, 1.36191650e+02,
    8.71121582e+02, 1.27797485e+02, 9.09189880e+02, 1.19292244e+02,
    7.27469177e+02, 2.00458984e+02, 7.65513062e+02, 1.92227631e+02,
    8.03479431e+02, 1.83914703e+02, 8.41725830e+02, 1.75685089e+02,
    8.79640991e+02, 1.67259796e+02, 9.17668884e+02, 1.58975723e+02,
    7.36639099e+02, 2.39797958e+02, 7.74640869e+02, 2.31530396e+02,
    8.12515259e+02, 2.23384109e+02, 8.50209290e+02, 2.14960449e+02,
    8.88413330e+02, 2.06816650e+02, 9.26082458e+02, 1.98214600e+02,
    7.45593933e+02, 2.78571716e+02, 7.83537964e+02, 2.70469177e+02,
    8.21415344e+02, 2.62088196e+02, 8.59136414e+02, 2.54007034e+02,
    8.96663147e+02, 2.45549591e+02, 9.34386719e+02, 2.37263565e+02,
    7.54758362e+02, 3.17245087e+02, 7.92240173e+02, 3.08877075e+02,
    8.30031311e+02, 3.00739563e+02, 8.67536560e+02, 2.92448792e+02,
    9.05247742e+02, 2.84169281e+02, 9.42673706e+02, 2.75791901e+02,
    7.63780151e+02, 3.55247101e+02, 8.01206299e+02, 3.47015869e+02,
    8.38570923e+02, 3.38893585e+02, 8.76071411e+02, 3.30598877e+02,
    9.13424133e+02, 3.22534943e+02, 9.50765137e+02, 3.13998749e+02,
    7.72444153e+02, 3.93077209e+02, 8.09825195e+02, 3.84890320e+02,
    8.47206177e+02, 3.76654358e+02, 8.84550659e+02, 3.68512878e+02,
    9.21838562e+02, 3.60391174e+02, 9.59025635e+02, 3.52046265e+02,
    7.81230835e+02, 4.30751709e+02, 8.18511047e+02, 4.22729065e+02,
    8.55532349e+02, 4.14418610e+02, 8.92792114e+02, 4.06374298e+02,
    9.29825989e+02, 3.97994781e+02, 9.67180359e+02, 3.89800690e+02 ]
