%YAML:1.0
---
points: [ 1.14264575e+03, 4.39588989e+02, 1.17966040e+03, 4.38379547e+02,
    1.21834949e+03, 4.36821289e+02, 1.25918054e+03, 4.35331390e+02,
    1.30178882e+03, 4.33710236e+02, 1.34702063e+03, 4.32144531e+02,
    1.14187744e+03, 4.78842896e+02, 1.17883789e+03, 4.78372131e+02,
    1.21751086e+03, 4.77896484e+02, 1.25823425e+03, 4.77348297e+02,
    1.30093494e+03, 4.76983765e+02, 1.34569824e+03, 4.76401489e+02,
    1.14122681e+03, 5.18372742e+02, 1.17803333e+03, 5.18719543e+02,
    1.21665686e+03, 5.19268311e+02, 1.25709802e+03, 5.19706909e+02,
    1.29999780e+03, 5.20365784e+02, 1.34461426e+03, 5.20842468e+02,
    1.14042810e+03, 5.57510010e+02, 1.17725610e+03, 5.58902649e+02,
    1.21604492e+03, 5.60335571e+02, 1.25654089e+03, 5.61690247e+02,
    1.29902747e+03, 5.63422363e+02, 1.34384790e+03, 5.65110168e+02,
    1.13956934e+03, 5.96701965e+02, 1.17649695e+03, 5.98842896e+02,
    1.21517578e+03, 6.01491028e+02, 1.25560608e+03, 6.03860962e+02,
    1.29835278e+03, 6.06518921e+02, 1.34317297e+03, 6.09165588e+02,
    1.13920288e+03, 6.35772095e+02, 1.17581567e+03, 6.39108826e+02,
    1.21446130e+03, 6.42405029e+02, 1.25493030e+03, 6.45743286e+02,
    1.29750500e+03, 6.49515625e+02, 1.34231934e+03, 6.53496399e+02,
    1.13850452e+03, 6.75076477e+02, 1.17535718e+03, 6.79032837e+02,
    1.21364600e+03, 6.83287781e+02, 1.25445874e+03, 6.87648987e+02,
    1.29678894e+03, 6.92498596e+02, 1.34161755e+03, 6.97411438e+02,
    1.13803259e+03, 7.14280762e+02, 1.17466333e+03, 7.19129089e+02,
    1.21322729e+03, 7.24368713e+02, 1.25375830e+03, 7.29699341e+02,
    1.29637341e+03, 7.35505066e+02, 1.34084937e+03, 7.41558533e+02 ]
