%YAML:1.0
---
points: [ 1.03769360e+03, 4.40888916e+02, 1.10416553e+03, 4.37330017e+02,
    1.17215076e+03, 4.33368561e+02, 1.24158118e+03, 4.29514648e+02,
    1.31256885e+03, 4.25365051e+02, 1.38534619e+03, 4.21416718e+02,
    1.03819324e+03, 4.95556824e+02, 1.10678308e+03, 4.92271912e+02,
    1.17699463e+03, 4.88618073e+02, 1.24894702e+03, 4.85233765e+02,
    1.32255005e+03, 4.81903259e+02, 1.39779053e+03, 4.78262177e+02,
    1.03866394e+03, 5.54359436e+02, 1.10980225e+03, 5.51403442e+02,
    1.18250012e+03, 5.48748779e+02, 1.25704773e+03, 5.45435730e+02,
    1.33341907e+03, 5.42721924e+02, 1.41171826e+03, 5.39423706e+02,
    1.03927930e+03, 6.17056274e+02, 1.11292700e+03, 6.14551575e+02,
    1.18849988e+03, 6.12502930e+02, 1.26566577e+03, 6.10268555e+02,
    1.34507520e+03, 6.07943176e+02, 1.42645032e+03, 6.05559265e+02,
    1.03999670e+03, 6.84285400e+02, 1.11659253e+03, 6.82693115e+02,
    1.19512415e+03, 6.81047119e+02, 1.27538647e+03, 6.79689270e+02,
    1.35788281e+03, 6.78229919e+02, 1.44234277e+03, 6.76546631e+02,
    1.04088904e+03, 7.57209351e+02, 1.12055090e+03, 7.56436401e+02,
    1.20225708e+03, 7.55529541e+02, 1.28580725e+03, 7.55066467e+02,
    1.37178210e+03, 7.54500122e+02, 1.45972815e+03, 7.53471924e+02,
    1.04187500e+03, 8.36386169e+02, 1.12480823e+03, 8.36382324e+02,
    1.21022864e+03, 8.36242188e+02, 1.29726685e+03, 8.36855591e+02,
    1.38684045e+03, 8.37069031e+02, 1.47838525e+03, 8.37155945e+02,
    1.04300464e+03, 9.22978882e+02, 1.12957520e+03, 9.23740601e+02,
    1.21860620e+03, 9.24696960e+02, 1.30972241e+03, 9.26060791e+02,
    1.40316589e+03, 9.27221802e+02, 1.49843103e+03, 9.28050354e+02 ]
