%YAML:1.0
---
points: [ 1.00053320e+03, 1.80667892e+02, 1.07273401e+03, 1.71687012e+02,
    1.14853235e+03, 1.62321228e+02, 1.22785645e+03, 1.52600372e+02,
    1.31143909e+03, 1.42145081e+02, 1.39875134e+03, 1.31427704e+02,
    1.00164789e+03, 2.54908005e+02, 1.07373547e+03, 2.47752304e+02,
    1.14919580e+03, 2.39968460e+02, 1.22830310e+03, 2.31925156e+02,
    1.31164111e+03, 2.23595322e+02, 1.39905603e+03, 2.14603561e+02,
    1.00301813e+03, 3.29016907e+02, 1.07462732e+03, 3.23571808e+02,
    1.14977393e+03, 3.17785767e+02, 1.22861206e+03, 3.11483978e+02,
    1.31179822e+03, 3.04777466e+02, 1.39924756e+03, 2.97833588e+02,
    1.00430072e+03, 4.02114197e+02, 1.07566394e+03, 3.98135803e+02,
    1.15063623e+03, 3.94046173e+02, 1.22932129e+03, 3.89835968e+02,
    1.31222339e+03, 3.85266418e+02, 1.39938330e+03, 3.80337006e+02,
    1.00559106e+03, 4.74443542e+02, 1.07686340e+03, 4.72225922e+02,
    1.15150549e+03, 4.69947662e+02, 1.22994824e+03, 4.67355316e+02,
    1.31259058e+03, 4.64831177e+02, 1.39964917e+03, 4.62060791e+02,
    1.00708234e+03, 5.46374512e+02, 1.07819788e+03, 5.45852905e+02,
    1.15279187e+03, 5.45239197e+02, 1.23097095e+03, 5.44708252e+02,
    1.31336414e+03, 5.44097229e+02, 1.40031958e+03, 5.43471741e+02,
    1.00837317e+03, 6.18233093e+02, 1.07955591e+03, 6.19029114e+02,
    1.15388782e+03, 6.20218445e+02, 1.23215857e+03, 6.21399475e+02,
    1.31429785e+03, 6.22683289e+02, 1.40090906e+03, 6.23984619e+02,
    1.00996381e+03, 6.89834167e+02, 1.08090430e+03, 6.92382507e+02,
    1.15531104e+03, 6.95131470e+02, 1.23331042e+03, 6.97901794e+02,
    1.31556555e+03, 7.01383301e+02, 1.40179163e+03, 7.04616516e+02 ]
