%YAML:1.0
---
points: [ 9.31109375e+02, 1.42216965e+02, 1.00223010e+03, 1.46252548e+02,
    1.07646155e+03, 1.50144699e+02, 1.15384338e+03, 1.54050751e+02,
    1.23443628e+03, 1.57777344e+02, 1.31872339e+03, 1.61833923e+02,
    9.29294189e+02, 2.19039978e+02, 9.98422546e+02, 2.24275070e+02,
    1.07035730e+03, 2.29628433e+02, 1.14513892e+03, 2.35213898e+02,
    1.22332202e+03, 2.40285065e+02, 1.30492224e+03, 2.45756088e+02,
    9.27723145e+02, 2.92186462e+02, 9.95100220e+02, 2.98496674e+02,
    1.06473828e+03, 3.05047089e+02, 1.13695459e+03, 3.11840637e+02,
    1.21255591e+03, 3.18524506e+02, 1.29139661e+03, 3.25538666e+02,
    9.26432739e+02, 3.60696228e+02, 9.91554932e+02, 3.68067200e+02,
    1.05932446e+03, 3.75694916e+02, 1.12949939e+03, 3.83280090e+02,
    1.20259900e+03, 3.91447540e+02, 1.27930701e+03, 3.99622620e+02,
    9.24799255e+02, 4.25581726e+02, 9.88514648e+02, 4.33824799e+02,
    1.05405859e+03, 4.42614807e+02, 1.12242188e+03, 4.51278961e+02,
    1.19352930e+03, 4.60226013e+02, 1.26755396e+03, 4.69753967e+02,
    9.23688660e+02, 4.87085388e+02, 9.85527588e+02, 4.96344391e+02,
    1.04946655e+03, 5.05785858e+02, 1.11600171e+03, 5.15367249e+02,
    1.18502930e+03, 5.25408630e+02, 1.25671204e+03, 5.35989746e+02,
    9.22469421e+02, 5.45669678e+02, 9.82628845e+02, 5.55374023e+02,
    1.04496680e+03, 5.65797546e+02, 1.10978772e+03, 5.76012512e+02,
    1.17673865e+03, 5.87038452e+02, 1.24674658e+03, 5.98384033e+02,
    9.21204224e+02, 6.01690063e+02, 9.80091370e+02, 6.12144470e+02,
    1.04087122e+03, 6.22910583e+02, 1.10384534e+03, 6.33963928e+02,
    1.16939771e+03, 6.45698059e+02, 1.23734412e+03, 6.58072632e+02 ]
