%YAML:1.0
---
points: [ 6.81984497e+02, 1.04038277e+02, 7.35645325e+02, 1.07220901e+02,
    7.89892273e+02, 1.10042442e+02, 8.44266479e+02, 1.12823700e+02,
    8.99060486e+02, 1.15594139e+02, 9.54119141e+02, 1.18371536e+02,
    6.94152283e+02, 1.50383499e+02, 7.45701904e+02, 1.53377335e+02,
    7.97496582e+02, 1.56405106e+02, 8.49637939e+02, 1.59608643e+02,
    9.02045593e+02, 1.61995514e+02, 9.54890076e+02, 1.64834503e+02,
    7.05555847e+02, 1.93309387e+02, 7.55020874e+02, 1.96391479e+02,
    8.04908997e+02, 1.99262146e+02, 8.54624023e+02, 2.02567413e+02,
    9.05292236e+02, 2.05317993e+02, 9.55487793e+02, 2.08271667e+02,
    7.16136292e+02, 2.32753754e+02, 7.63600891e+02, 2.35646561e+02,
    8.11573853e+02, 2.38618454e+02, 8.59481934e+02, 2.41349350e+02,
    9.07707275e+02, 2.44433578e+02, 9.56293579e+02, 2.47278442e+02,
    7.25641785e+02, 2.69415344e+02, 7.71361145e+02, 2.71973999e+02,
    8.17540894e+02, 2.75354309e+02, 8.63846191e+02, 2.77977356e+02,
    9.10481079e+02, 2.80684540e+02, 9.57097839e+02, 2.83525421e+02,
    7.34453186e+02, 3.02897125e+02, 7.78761963e+02, 3.05780060e+02,
    8.23264648e+02, 3.08888458e+02, 8.67775635e+02, 3.11658722e+02,
    9.12585144e+02, 3.14376068e+02, 9.57683472e+02, 3.17449463e+02,
    7.42859131e+02, 3.34444214e+02, 7.85632446e+02, 3.37211853e+02,
    8.28462158e+02, 3.40315338e+02, 8.71409363e+02, 3.42764679e+02,
    9.14697083e+02, 3.45564392e+02, 9.58331604e+02, 3.48443146e+02,
    7.50563232e+02, 3.63761627e+02, 7.91829041e+02, 3.66467102e+02,
    8.33343689e+02, 3.69385040e+02, 8.74993958e+02, 3.71870300e+02,
    9.16830688e+02, 3.74799896e+02, 9.58744812e+02, 3.77482422e+02 ]
