%YAML:1.0
---
points: [ 8.03272217e+02, 4.36628998e+02, 8.36554749e+02, 4.31200073e+02,
    8.70937317e+02, 4.25530548e+02, 9.06762939e+02, 4.19658813e+02,
    9.43859375e+02, 4.13572296e+02, 9.82438416e+02, 4.07336212e+02,
    7.98364258e+02, 4.73646881e+02, 8.32139465e+02, 4.68834045e+02,
    8.66745972e+02, 4.63799133e+02, 9.02659485e+02, 4.58570221e+02,
    9.40422241e+02, 4.53409851e+02, 9.79453430e+02, 4.47666534e+02,
    7.93342834e+02, 5.12061951e+02, 8.27429688e+02, 5.07684753e+02,
    8.62557007e+02, 5.03346344e+02, 8.98738464e+02, 4.98672058e+02,
    9.36824707e+02, 4.94099304e+02, 9.75942200e+02, 4.89182404e+02,
    7.88294922e+02, 5.50798035e+02, 8.22522766e+02, 5.47437927e+02,
    8.58237061e+02, 5.43804199e+02, 8.95191406e+02, 5.39972778e+02,
    9.33295837e+02, 5.36003540e+02, 9.73188416e+02, 5.31903870e+02,
    7.82545349e+02, 5.91057678e+02, 8.17591858e+02, 5.88005066e+02,
    8.53428711e+02, 5.85190063e+02, 8.90664856e+02, 5.82195068e+02,
    9.29580627e+02, 5.79081116e+02, 9.69858765e+02, 5.75715332e+02,
    7.77470642e+02, 6.31972534e+02, 8.12275574e+02, 6.29824890e+02,
    8.48674072e+02, 6.27842041e+02, 8.86461365e+02, 6.25522461e+02,
    9.25721191e+02, 6.23326782e+02, 9.66446228e+02, 6.20668030e+02,
    7.71577759e+02, 6.74359436e+02, 8.07229431e+02, 6.72934204e+02,
    8.43808472e+02, 6.71384338e+02, 8.82119873e+02, 6.70297241e+02,
    9.21921753e+02, 6.68715820e+02, 9.63430237e+02, 6.67215820e+02,
    7.65748474e+02, 7.17778259e+02, 8.01769470e+02, 7.17347534e+02,
    8.38924316e+02, 7.16742065e+02, 8.77565002e+02, 7.16261597e+02,
    9.17875977e+02, 7.15654419e+02, 9.59798462e+02, 7.15171631e+02 ]
