%YAML:1.0
---
points: [ 7.09042236e+02, 7.13279236e+02, 7.34104309e+02, 6.81454102e+02,
    7.59129272e+02, 6.49761780e+02, 7.84404175e+02, 6.18219421e+02,
    8.09453918e+02, 5.86425049e+02, 8.34546631e+02, 5.54674011e+02,
    7.23466797e+02, 7.36658020e+02, 7.49391602e+02, 7.04113342e+02,
    7.75183594e+02, 6.71376526e+02, 8.00757568e+02, 6.38821960e+02,
    8.26929321e+02, 6.06376099e+02, 8.52639221e+02, 5.73777405e+02,
    7.38889526e+02, 7.61849182e+02, 7.65551270e+02, 7.28021362e+02,
    7.92294495e+02, 6.94601501e+02, 8.18491882e+02, 6.60995789e+02,
    8.45421082e+02, 6.27445740e+02, 8.71665833e+02, 5.93886536e+02,
    7.55312927e+02, 7.88200012e+02, 7.82659363e+02, 7.53600220e+02,
    8.10233948e+02, 7.19006409e+02, 8.37543884e+02, 6.84502930e+02,
    8.65022339e+02, 6.49923706e+02, 8.92447937e+02, 6.15416687e+02,
    7.72425415e+02, 8.16355347e+02, 8.00914551e+02, 7.80598328e+02,
    8.29046997e+02, 7.44918823e+02, 8.57427856e+02, 7.09425903e+02,
    8.85762756e+02, 6.73816833e+02, 9.13953979e+02, 6.38216492e+02,
    7.91018677e+02, 8.46272217e+02, 8.20218201e+02, 8.09690796e+02,
    8.49413452e+02, 7.72684937e+02, 8.78697693e+02, 7.36048523e+02,
    9.08055664e+02, 6.99149536e+02, 9.36979126e+02, 6.62351074e+02,
    8.10606201e+02, 8.78642761e+02, 8.41029053e+02, 8.40393372e+02,
    8.70939636e+02, 8.02256470e+02, 9.01434326e+02, 7.64382874e+02,
    9.31556885e+02, 7.26385376e+02, 9.61875916e+02, 6.88335388e+02,
    8.31727600e+02, 9.12938477e+02, 8.63162292e+02, 8.73609680e+02,
    8.94407410e+02, 8.34120239e+02, 9.25682495e+02, 7.94778931e+02,
    9.57100647e+02, 7.55485718e+02, 9.88397400e+02, 7.16230225e+02 ]
