%YAML:1.0
---
points: [ 6.54479736e+02, 6.72987305e+02, 6.69336792e+02, 6.40658447e+02,
    6.84322021e+02, 6.07445312e+02, 6.99789429e+02, 5.73776733e+02,
    7.15303406e+02, 5.39599731e+02, 7.31172729e+02, 5.04887909e+02,
    6.79742676e+02, 6.94849792e+02, 6.95145813e+02, 6.61843262e+02,
    7.10634827e+02, 6.28485107e+02, 7.26327271e+02, 5.94573975e+02,
    7.42606506e+02, 5.60071289e+02, 7.58819214e+02, 5.24831116e+02,
    7.06224304e+02, 7.17296875e+02, 7.21868713e+02, 6.84195679e+02,
    7.37948303e+02, 6.50282349e+02, 7.54040466e+02, 6.16299316e+02,
    7.70599731e+02, 5.81257874e+02, 7.87338013e+02, 5.45871399e+02,
    7.33095276e+02, 7.40510010e+02, 7.49446533e+02, 7.06840881e+02,
    7.65942017e+02, 6.72812317e+02, 7.82705872e+02, 6.38192444e+02,
    7.99678589e+02, 6.03096436e+02, 8.16883789e+02, 5.67304810e+02,
    7.60691833e+02, 7.64406372e+02, 7.77634399e+02, 7.30505554e+02,
    7.94440674e+02, 6.95979309e+02, 8.11827881e+02, 6.61172607e+02,
    8.29603455e+02, 6.25509277e+02, 8.47336182e+02, 5.89386353e+02,
    7.89440247e+02, 7.89042175e+02, 8.06690552e+02, 7.54832397e+02,
    8.24335999e+02, 7.20100891e+02, 8.42234741e+02, 6.84743347e+02,
    8.60373230e+02, 6.48671021e+02, 8.78518677e+02, 6.12225037e+02,
    8.19105225e+02, 8.14672241e+02, 8.36760742e+02, 7.79845093e+02,
    8.54762207e+02, 7.44745972e+02, 8.73401306e+02, 7.09126038e+02,
    8.92140686e+02, 6.72720032e+02, 9.11120422e+02, 6.35755249e+02,
    8.49625061e+02, 8.41189087e+02, 8.68055115e+02, 8.06007568e+02,
    8.86610046e+02, 7.70456787e+02, 9.05625732e+02, 7.34361938e+02,
    9.25090454e+02, 6.97609619e+02, 9.44687317e+02, 6.60268372e+02 ]
