%YAML:1.0
---
points: [ 8.01561523e+02, 3.52535217e+02, 8.37820251e+02, 3.47914978e+02,
    8.75087646e+02, 3.43388855e+02, 9.12538086e+02, 3.38495880e+02,
    9.50830811e+02, 3.33573120e+02, 9.89907227e+02, 3.28483551e+02,
    8.04864685e+02, 3.90884766e+02, 8.41150024e+02, 3.86669678e+02,
    8.78219666e+02, 3.82244171e+02, 9.15863220e+02, 3.77791168e+02,
    9.54140320e+02, 3.73346558e+02, 9.93055786e+02, 3.68658325e+02,
    8.07848206e+02, 4.29551727e+02, 8.44439453e+02, 4.25576721e+02,
    8.81472473e+02, 4.21693542e+02, 9.18923950e+02, 4.17553040e+02,
    9.57393005e+02, 4.13239777e+02, 9.96270081e+02, 4.08823364e+02,
    8.11305847e+02, 4.67828125e+02, 8.47754761e+02, 4.64383301e+02,
    8.84787109e+02, 4.60551056e+02, 9.22453613e+02, 4.56670135e+02,
    9.60576599e+02, 4.53064941e+02, 9.99581970e+02, 4.49003754e+02,
    8.14369385e+02, 5.06240570e+02, 8.50765991e+02, 5.02894897e+02,
    8.87935913e+02, 4.99623779e+02, 9.25582886e+02, 4.96216034e+02,
    9.63958618e+02, 4.92500061e+02, 1.00271179e+03, 4.88913574e+02,
    8.17541016e+02, 5.44545837e+02, 8.54061157e+02, 5.41410217e+02,
    8.91087463e+02, 5.38473755e+02, 9.28702271e+02, 5.35279846e+02,
    9.67070801e+02, 5.32203735e+02, 1.00607111e+03, 5.28948792e+02,
    8.20650024e+02, 5.82832947e+02, 8.57339966e+02, 5.80136169e+02,
    8.94329651e+02, 5.77309448e+02, 9.32069702e+02, 5.74537598e+02,
    9.70354919e+02, 5.71657104e+02, 1.00927045e+03, 5.68706543e+02,
    8.23706116e+02, 6.21374390e+02, 8.60351196e+02, 6.18689392e+02,
    8.97517883e+02, 6.16299194e+02, 9.35126099e+02, 6.13707520e+02,
    9.73604858e+02, 6.11354126e+02, 1.01253809e+03, 6.08594177e+02 ]
