%YAML:1.0
---
points: [ 7.54361633e+02, 6.17369141e+02, 7.94996826e+02, 6.11318420e+02,
    8.35468384e+02, 6.05323853e+02, 8.76017639e+02, 5.99524719e+02,
    9.16301636e+02, 5.93587952e+02, 9.56338501e+02, 5.87814331e+02,
    7.51661743e+02, 6.41835693e+02, 7.93802795e+02, 6.35688660e+02,
    8.35650391e+02, 6.29413208e+02, 8.77406189e+02, 6.23307800e+02,
    9.19105042e+02, 6.17674011e+02, 9.60642273e+02, 6.11686951e+02,
    7.48844360e+02, 6.68526978e+02, 7.92413025e+02, 6.62073364e+02,
    8.35880005e+02, 6.55687317e+02, 8.79079895e+02, 6.49163818e+02,
    9.22319092e+02, 6.43118713e+02, 9.64994324e+02, 6.36543823e+02,
    7.45744568e+02, 6.96732056e+02, 7.90966675e+02, 6.90196411e+02,
    8.36060547e+02, 6.83563965e+02, 8.80719177e+02, 6.77043762e+02,
    9.25466797e+02, 6.70551270e+02, 9.69967102e+02, 6.64152161e+02,
    7.42482178e+02, 7.27174744e+02, 7.89487854e+02, 7.20281311e+02,
    8.36124939e+02, 7.13327637e+02, 8.82459412e+02, 7.06726196e+02,
    9.28769104e+02, 7.00113708e+02, 9.74947144e+02, 6.93189087e+02,
    7.38839233e+02, 7.60162842e+02, 7.87377808e+02, 7.53353333e+02,
    8.36196167e+02, 7.45586609e+02, 8.84481201e+02, 7.38929749e+02,
    9.32642212e+02, 7.31675537e+02, 9.80562500e+02, 7.24464783e+02,
    7.34627380e+02, 7.96016907e+02, 7.85596924e+02, 7.88341248e+02,
    8.36110596e+02, 7.80435791e+02, 8.86399475e+02, 7.73447449e+02,
    9.36627808e+02, 7.66085510e+02, 9.86479858e+02, 7.58949768e+02,
    7.30307007e+02, 8.34744995e+02, 7.83365295e+02, 8.26953430e+02,
    8.36176331e+02, 8.18680054e+02, 8.88570007e+02, 8.11383789e+02,
    9.40751160e+02, 8.03441284e+02, 9.92933777e+02, 7.95985352e+02 ]
