%YAML:1.0
---
points: [ 7.31519531e+02, 5.93516357e+02, 7.72255859e+02, 5.93493774e+02,
    8.12756226e+02, 5.93505432e+02, 8.53574585e+02, 5.93700562e+02,
    8.94119568e+02, 5.93739868e+02, 9.34507385e+02, 5.93890381e+02,
    7.24097168e+02, 6.18223083e+02, 7.66134216e+02, 6.18317688e+02,
    8.08294983e+02, 6.18185181e+02, 8.50228210e+02, 6.18139587e+02,
    8.92161621e+02, 6.18537903e+02, 9.33928345e+02, 6.18611328e+02,
    7.16269165e+02, 6.44828369e+02, 7.59745911e+02, 6.44770935e+02,
    8.03344421e+02, 6.44825806e+02, 8.46730164e+02, 6.44547974e+02,
    8.90203796e+02, 6.44756592e+02, 9.33374329e+02, 6.44662292e+02,
    7.07838013e+02, 6.72985535e+02, 7.53230591e+02, 6.72949890e+02,
    7.98154724e+02, 6.72956421e+02, 8.43251953e+02, 6.73136902e+02,
    8.87880432e+02, 6.73146118e+02, 9.32692566e+02, 6.73133728e+02,
    6.98654846e+02, 7.03407043e+02, 7.45595154e+02, 7.03504700e+02,
    7.92360840e+02, 7.03258667e+02, 8.38974121e+02, 7.03407837e+02,
    8.85623169e+02, 7.03586487e+02, 9.32027100e+02, 7.03478638e+02,
    6.89032166e+02, 7.36445679e+02, 7.37676331e+02, 7.36396790e+02,
    7.86328369e+02, 7.36128845e+02, 8.34583496e+02, 7.36372070e+02,
    8.83104919e+02, 7.36354736e+02, 9.31440186e+02, 7.36304504e+02,
    6.78403931e+02, 7.71987305e+02, 7.29165649e+02, 7.71820923e+02,
    7.79782959e+02, 7.71443848e+02, 8.30003540e+02, 7.71710754e+02,
    8.80365173e+02, 7.71705688e+02, 9.30539490e+02, 7.71750366e+02,
    6.66769470e+02, 8.10804932e+02, 7.19670471e+02, 8.10609558e+02,
    7.72429382e+02, 8.10383728e+02, 8.24877930e+02, 8.10411499e+02,
    8.77400330e+02, 8.10387207e+02, 9.29583313e+02, 8.10437683e+02 ]
