%YAML:1.0
---
points: [ 7.37968384e+02, 7.16507019e+02, 7.79258118e+02, 7.16275330e+02,
    8.20399902e+02, 7.16101929e+02, 8.61377319e+02, 7.16111145e+02,
    9.02362976e+02, 7.15944153e+02, 9.43452148e+02, 7.15963684e+02,
    7.29757385e+02, 7.33431946e+02, 7.72540588e+02, 7.33348694e+02,
    8.15376465e+02, 7.32886414e+02, 8.57929749e+02, 7.32726807e+02,
    9.00608032e+02, 7.33034302e+02, 9.43188171e+02, 7.33096924e+02,
    7.20589294e+02, 7.51988098e+02, 7.65285095e+02, 7.51719849e+02,
    8.09693604e+02, 7.51564636e+02, 8.54052856e+02, 7.51067261e+02,
    8.98413696e+02, 7.51222290e+02, 9.42744568e+02, 7.50846924e+02,
    7.10699402e+02, 7.72078308e+02, 7.57302429e+02, 7.71672058e+02,
    8.03690186e+02, 7.71627258e+02, 8.49809631e+02, 7.71565857e+02,
    8.96194580e+02, 7.71475525e+02, 9.42363464e+02, 7.71405396e+02,
    7.00080933e+02, 7.93673279e+02, 7.48640076e+02, 7.93644165e+02,
    7.97124207e+02, 7.93246155e+02, 8.45332214e+02, 7.93250244e+02,
    8.93580261e+02, 7.93304504e+02, 9.41856995e+02, 7.93054871e+02,
    6.88381287e+02, 8.17837769e+02, 7.39118164e+02, 8.17631958e+02,
    7.89872742e+02, 8.17159180e+02, 8.40314819e+02, 8.17326111e+02,
    8.90894531e+02, 8.17236511e+02, 9.41416382e+02, 8.16892456e+02,
    6.75424255e+02, 8.44363892e+02, 7.28815552e+02, 8.43936035e+02,
    7.81839111e+02, 8.43290833e+02, 8.34859497e+02, 8.43594177e+02,
    8.87781677e+02, 8.43407288e+02, 9.40845520e+02, 8.43429199e+02,
    6.61360107e+02, 8.73324036e+02, 7.17338318e+02, 8.72944031e+02,
    7.73294678e+02, 8.72558655e+02, 8.28864685e+02, 8.72520203e+02,
    8.84702515e+02, 8.72408264e+02, 9.40203613e+02, 8.72398132e+02 ]
