%YAML:1.0
---
points: [ 1.13287756e+03, 5.15747742e+02, 1.13533752e+03, 5.53606934e+02,
    1.13777759e+03, 5.91374146e+02, 1.14005920e+03, 6.28958984e+02,
    1.14262292e+03, 6.66703003e+02, 1.14497925e+03, 7.04587097e+02,
    1.09537500e+03, 5.18142517e+02, 1.09760266e+03, 5.55701477e+02,
    1.10019312e+03, 5.93458740e+02, 1.10246680e+03, 6.31278442e+02,
    1.10492883e+03, 6.69096619e+02, 1.10735559e+03, 7.06848206e+02,
    1.05746606e+03, 5.20471375e+02, 1.05972095e+03, 5.58135315e+02,
    1.06218188e+03, 5.95827515e+02, 1.06461169e+03, 6.33522827e+02,
    1.06702307e+03, 6.71266541e+02, 1.06949011e+03, 7.09156128e+02,
    1.01974994e+03, 5.22806152e+02, 1.02220770e+03, 5.60442749e+02,
    1.02450806e+03, 5.98145630e+02, 1.02702478e+03, 6.35624939e+02,
    1.02932678e+03, 6.73553406e+02, 1.03183569e+03, 7.11463745e+02,
    9.82192017e+02, 5.25029968e+02, 9.84635010e+02, 5.62674255e+02,
    9.86964172e+02, 6.00502563e+02, 9.89450195e+02, 6.38086609e+02,
    9.91723938e+02, 6.75771606e+02, 9.94271301e+02, 7.13516113e+02,
    9.44626648e+02, 5.27466309e+02, 9.47172546e+02, 5.65033142e+02,
    9.49359619e+02, 6.02679321e+02, 9.51749207e+02, 6.40366760e+02,
    9.54090027e+02, 6.78022522e+02, 9.56522766e+02, 7.16067078e+02,
    9.07064819e+02, 5.29571594e+02, 9.09464600e+02, 5.67292908e+02,
    9.11833862e+02, 6.05065979e+02, 9.14215942e+02, 6.42717651e+02,
    9.16640564e+02, 6.80539246e+02, 9.18793579e+02, 7.18335754e+02,
    8.69398193e+02, 5.32075684e+02, 8.71701050e+02, 5.69699585e+02,
    8.74294189e+02, 6.07448730e+02, 8.76470947e+02, 6.45049316e+02,
    8.78786865e+02, 6.82703613e+02, 8.81205750e+02, 7.20558960e+02 ]
