%YAML:1.0
---
points: [ 1.01114996e+03, 6.77137939e+02, 1.01467633e+03, 7.21558533e+02,
    1.01865997e+03, 7.70260315e+02, 1.02299658e+03, 8.23862000e+02,
    1.02804517e+03, 8.82903564e+02, 1.03339783e+03, 9.48858459e+02,
    9.53709412e+02, 6.76597961e+02, 9.54719666e+02, 7.21321960e+02,
    9.55920349e+02, 7.69870544e+02, 9.57400635e+02, 8.23377686e+02,
    9.58677063e+02, 8.82812866e+02, 9.60298218e+02, 9.48785583e+02,
    8.95741089e+02, 6.76376953e+02, 8.94306702e+02, 7.21100159e+02,
    8.92519775e+02, 7.69872559e+02, 8.90680664e+02, 8.23133301e+02,
    8.88729980e+02, 8.82612122e+02, 8.86292297e+02, 9.48343628e+02,
    8.37791626e+02, 6.76131714e+02, 8.33580933e+02, 7.20752258e+02,
    8.29173279e+02, 7.69879517e+02, 8.24293335e+02, 8.23675232e+02,
    8.18642212e+02, 8.83093445e+02, 8.12596130e+02, 9.49138733e+02,
    7.79589233e+02, 6.75705750e+02, 7.72925903e+02, 7.20808655e+02,
    7.65462646e+02, 7.69556396e+02, 7.57388184e+02, 8.23627563e+02,
    7.48480469e+02, 8.83550293e+02, 7.38358826e+02, 9.49518555e+02,
    7.21053406e+02, 6.75853210e+02, 7.11575928e+02, 7.20792419e+02,
    7.01347168e+02, 7.69968079e+02, 6.90113525e+02, 8.24115417e+02,
    6.77418213e+02, 8.83946289e+02, 6.63579407e+02, 9.49870300e+02,
    6.61850037e+02, 6.75731201e+02, 6.49837769e+02, 7.21037781e+02,
    6.36693909e+02, 7.69992493e+02, 6.22430664e+02, 8.24597839e+02,
    6.06333252e+02, 8.84498291e+02, 5.88716003e+02, 9.50809021e+02,
    6.02363464e+02, 6.75823242e+02, 5.87697510e+02, 7.21170288e+02,
    5.71518433e+02, 7.70621704e+02, 5.54148132e+02, 8.25044495e+02,
    5.34520508e+02, 8.85249390e+02, 5.13246216e+02, 9.51377319e+02 ]
