%YAML:1.0
---
points: [ 1.04369849e+03, 3.98337402e+02, 1.04540051e+03, 4.57325439e+02,
    1.04742969e+03, 5.16556335e+02, 1.04915845e+03, 5.75915100e+02,
    1.05114673e+03, 6.35717896e+02, 1.05323315e+03, 6.96223694e+02,
    9.84914734e+02, 3.99574860e+02, 9.86497864e+02, 4.58703918e+02,
    9.88184082e+02, 5.17821655e+02, 9.90112549e+02, 5.77302734e+02,
    9.91617065e+02, 6.37479126e+02, 9.93449219e+02, 6.97667847e+02,
    9.25446167e+02, 4.01005951e+02, 9.26961914e+02, 4.59966125e+02,
    9.28482605e+02, 5.19300842e+02, 9.30003418e+02, 5.78837402e+02,
    9.31742065e+02, 6.38954529e+02, 9.33219299e+02, 6.99462036e+02,
    8.66071106e+02, 4.02294769e+02, 8.67528748e+02, 4.61265930e+02,
    8.69071960e+02, 5.20758545e+02, 8.70480408e+02, 5.80572754e+02,
    8.71761047e+02, 6.40563293e+02, 8.73308838e+02, 7.01186218e+02,
    8.06483154e+02, 4.03298340e+02, 8.07804504e+02, 4.62535309e+02,
    8.09125488e+02, 5.22239319e+02, 8.10428223e+02, 5.81909546e+02,
    8.11654297e+02, 6.42335266e+02, 8.12738464e+02, 7.02729431e+02,
    7.46631592e+02, 4.04455048e+02, 7.47849731e+02, 4.63979919e+02,
    7.48893005e+02, 5.23660339e+02, 7.50049011e+02, 5.83564209e+02,
    7.51138672e+02, 6.44186096e+02, 7.52019470e+02, 7.04774841e+02,
    6.86300537e+02, 4.05653381e+02, 6.87383423e+02, 4.65339417e+02,
    6.88407349e+02, 5.25031738e+02, 6.89532715e+02, 5.85347900e+02,
    6.90392578e+02, 6.45731384e+02, 6.91064209e+02, 7.06794434e+02,
    6.25302124e+02, 4.06650024e+02, 6.26533813e+02, 4.66395416e+02,
    6.27394958e+02, 5.26604492e+02, 6.28302917e+02, 5.86841736e+02,
    6.28865662e+02, 6.47602295e+02, 6.29379700e+02, 7.08751404e+02 ]
