%YAML:1.0
---
points: [ 1.28176599e+03, 1.45283096e+02, 1.28421094e+03, 2.04688217e+02,
    1.28629956e+03, 2.64430115e+02, 1.28836963e+03, 3.23837677e+02,
    1.29063171e+03, 3.83188568e+02, 1.29291125e+03, 4.42686554e+02,
    1.22329773e+03, 1.46613831e+02, 1.22542480e+03, 2.06620468e+02,
    1.22768042e+03, 2.66247375e+02, 1.22969373e+03, 3.25757050e+02,
    1.23186401e+03, 3.85474426e+02, 1.23408264e+03, 4.44784637e+02,
    1.16405005e+03, 1.48434494e+02, 1.16609009e+03, 2.08318451e+02,
    1.16830042e+03, 2.68206696e+02, 1.17047852e+03, 3.27798889e+02,
    1.17265088e+03, 3.87311707e+02, 1.17497766e+03, 4.46723877e+02,
    1.10487903e+03, 1.49737732e+02, 1.10694946e+03, 2.09887009e+02,
    1.10914185e+03, 2.70144379e+02, 1.11142883e+03, 3.29895844e+02,
    1.11354053e+03, 3.89539490e+02, 1.11600513e+03, 4.49027161e+02,
    1.04540613e+03, 1.51125259e+02, 1.04776672e+03, 2.11642258e+02,
    1.04987366e+03, 2.71620300e+02, 1.05222205e+03, 3.31575348e+02,
    1.05444238e+03, 3.91536560e+02, 1.05682007e+03, 4.50905945e+02,
    9.85805603e+02, 1.52616608e+02, 9.88061951e+02, 2.13147522e+02,
    9.90526550e+02, 2.73415833e+02, 9.92615723e+02, 3.33534607e+02,
    9.95151062e+02, 3.93340302e+02, 9.97395386e+02, 4.53127686e+02,
    9.25923096e+02, 1.53930725e+02, 9.28390259e+02, 2.14540024e+02,
    9.30899963e+02, 2.75035980e+02, 9.33192261e+02, 3.35226929e+02,
    9.35552185e+02, 3.95285126e+02, 9.37966431e+02, 4.55137726e+02,
    8.65472595e+02, 1.55108627e+02, 8.68179871e+02, 2.15921219e+02,
    8.70628601e+02, 2.76544830e+02, 8.73258911e+02, 3.36869812e+02,
    8.75595703e+02, 3.97232178e+02, 8.77948608e+02, 4.57122498e+02 ]
