%YAML:1.0
---
points: [ 8.26586914e+02, 1.33730423e+02, 8.33100525e+02, 1.90896301e+02,
    8.39603027e+02, 2.47473923e+02, 8.46312073e+02, 3.03995758e+02,
    8.52967529e+02, 3.60273560e+02, 8.59413574e+02, 4.16403320e+02,
    7.69934265e+02, 1.38841583e+02, 7.76608948e+02, 1.95913589e+02,
    7.83441772e+02, 2.52766403e+02, 7.90179993e+02, 3.09356445e+02,
    7.96699097e+02, 3.65992615e+02, 8.03274963e+02, 4.22319977e+02,
    7.12382935e+02, 1.43770203e+02, 7.19251526e+02, 2.01103760e+02,
    7.26295105e+02, 2.58161621e+02, 7.32845459e+02, 3.14726288e+02,
    7.39566223e+02, 3.71538666e+02, 7.46297302e+02, 4.28084290e+02,
    6.54746887e+02, 1.48752960e+02, 6.61622253e+02, 2.06116745e+02,
    6.68806396e+02, 2.63418396e+02, 6.75644958e+02, 3.20430450e+02,
    6.82418518e+02, 3.77359222e+02, 6.89299805e+02, 4.33906891e+02,
    5.96590332e+02, 1.53586578e+02, 6.03648865e+02, 2.11319214e+02,
    6.10664307e+02, 2.68493164e+02, 6.17526917e+02, 3.25735474e+02,
    6.24517029e+02, 3.82919586e+02, 6.31440918e+02, 4.39755066e+02,
    5.38374817e+02, 1.58802872e+02, 5.45151489e+02, 2.16332397e+02,
    5.52146240e+02, 2.73955139e+02, 5.59244873e+02, 3.31403198e+02,
    5.65997009e+02, 3.88708954e+02, 5.72802856e+02, 4.45706360e+02,
    4.79459564e+02, 1.63848969e+02, 4.86403259e+02, 2.21706299e+02,
    4.93276672e+02, 2.79306854e+02, 5.00441528e+02, 3.37015411e+02,
    5.07275208e+02, 3.94443512e+02, 5.14166931e+02, 4.51852570e+02,
    4.20243561e+02, 1.69291306e+02, 4.27194794e+02, 2.27125290e+02,
    4.33986633e+02, 2.85124573e+02, 4.40904877e+02, 3.42645996e+02,
    4.47954620e+02, 4.00456177e+02, 4.54731232e+02, 4.58063507e+02 ]
