%YAML:1.0
---
points: [ 5.12568420e+02, 7.14640503e+02, 5.18739624e+02, 6.72116516e+02,
    5.25095886e+02, 6.29568909e+02, 5.31380493e+02, 5.87283936e+02,
    5.37558411e+02, 5.44777283e+02, 5.43488831e+02, 5.02385101e+02,
    5.58364807e+02, 7.17746704e+02, 5.64573792e+02, 6.75829834e+02,
    5.70610718e+02, 6.33911499e+02, 5.76686401e+02, 5.92176575e+02,
    5.82875061e+02, 5.50315125e+02, 5.88931519e+02, 5.08390350e+02,
    6.02538208e+02, 7.20749573e+02, 6.08666138e+02, 6.79446045e+02,
    6.14756287e+02, 6.38043213e+02, 6.21075989e+02, 5.97056824e+02,
    6.27157776e+02, 5.55497192e+02, 6.33080322e+02, 5.14467102e+02,
    6.45606873e+02, 7.23421265e+02, 6.51714844e+02, 6.82704468e+02,
    6.57897461e+02, 6.42149109e+02, 6.63804077e+02, 6.01592102e+02,
    6.69726929e+02, 5.60824646e+02, 6.75608276e+02, 5.20208252e+02,
    6.87517212e+02, 7.26336609e+02, 6.93454834e+02, 6.86297302e+02,
    6.99541321e+02, 6.45954224e+02, 7.05425232e+02, 6.06107971e+02,
    7.11271606e+02, 5.65927490e+02, 7.17095337e+02, 5.25813232e+02,
    7.28251343e+02, 7.29234741e+02, 7.34107483e+02, 6.89430115e+02,
    7.39836548e+02, 6.49752686e+02, 7.45617065e+02, 6.10327332e+02,
    7.51483643e+02, 5.70847717e+02, 7.57286682e+02, 5.31338074e+02,
    7.67885925e+02, 7.31776794e+02, 7.73760742e+02, 6.92593567e+02,
    7.79640686e+02, 6.53687744e+02, 7.85292297e+02, 6.14579407e+02,
    7.90827454e+02, 5.75596985e+02, 7.96571777e+02, 5.36648987e+02,
    8.06406555e+02, 7.34425659e+02, 8.11999084e+02, 6.95912720e+02,
    8.17606140e+02, 6.57237915e+02, 8.23363403e+02, 6.18757874e+02,
    8.28796326e+02, 5.80453552e+02, 8.34414490e+02, 5.41839478e+02 ]
