%YAML:1.0
---
points: [ 3.83168091e+02, 5.98402649e+02, 4.14279968e+02, 6.23411377e+02,
    4.45249969e+02, 6.47848389e+02, 4.76553986e+02, 6.72587524e+02,
    5.07573883e+02, 6.97245667e+02, 5.39005432e+02, 7.22151550e+02,
    3.52959656e+02, 6.29083679e+02, 3.84147858e+02, 6.53928589e+02,
    4.15553711e+02, 6.79168152e+02, 4.46829376e+02, 7.03939758e+02,
    4.78457367e+02, 7.29530518e+02, 5.09830383e+02, 7.54383057e+02,
    3.21728546e+02, 6.60682251e+02, 3.53245850e+02, 6.86216003e+02,
    3.84865875e+02, 7.11477173e+02, 4.16344269e+02, 7.37004028e+02,
    4.48587616e+02, 7.61730286e+02, 4.80195526e+02, 7.87734497e+02,
    2.90437866e+02, 6.92810791e+02, 3.22026733e+02, 7.18673279e+02,
    3.53859650e+02, 7.44415283e+02, 3.86005920e+02, 7.70163818e+02,
    4.17733521e+02, 7.95910583e+02, 4.49875092e+02, 8.21605591e+02,
    2.58340576e+02, 7.25421509e+02, 2.90455353e+02, 7.51685913e+02,
    3.22284576e+02, 7.77888489e+02, 3.54528290e+02, 8.03903442e+02,
    3.86758575e+02, 8.30049683e+02, 4.19203247e+02, 8.56226807e+02,
    2.26026901e+02, 7.59308899e+02, 2.58057587e+02, 7.85313721e+02,
    2.90348999e+02, 8.11976746e+02, 3.22743103e+02, 8.38418762e+02,
    3.55255768e+02, 8.64874329e+02, 3.87614502e+02, 8.91471008e+02,
    1.93056076e+02, 7.93356995e+02, 2.25491165e+02, 8.19862488e+02,
    2.57671417e+02, 8.46840393e+02, 2.90491394e+02, 8.73396179e+02,
    3.23287842e+02, 9.00314819e+02, 3.56098206e+02, 9.27203979e+02,
    1.59783356e+02, 8.27886780e+02, 1.92294693e+02, 8.55037964e+02,
    2.25159149e+02, 8.81970398e+02, 2.57721008e+02, 9.09301575e+02,
    2.90893799e+02, 9.36503601e+02, 3.23849426e+02, 9.63700867e+02 ]
