%YAML:1.0
---
points: [ 4.11777527e+02, 5.40263611e+02, 4.35897919e+02, 5.56908630e+02,
    4.59722534e+02, 5.73660950e+02, 4.83920105e+02, 5.90566345e+02,
    5.07952332e+02, 6.07372437e+02, 5.32310303e+02, 6.24149963e+02,
    3.89782227e+02, 5.62380554e+02, 4.13853638e+02, 5.79304016e+02,
    4.38122131e+02, 5.96329163e+02, 4.62326782e+02, 6.13376831e+02,
    4.86676971e+02, 6.30432190e+02, 5.10978882e+02, 6.47464172e+02,
    3.66771973e+02, 5.85261414e+02, 3.91403107e+02, 6.02437134e+02,
    4.15765381e+02, 6.19653198e+02, 4.40331970e+02, 6.36789978e+02,
    4.64814850e+02, 6.54057129e+02, 4.89372406e+02, 6.71267822e+02,
    3.43775146e+02, 6.08525574e+02, 3.68293549e+02, 6.25977783e+02,
    3.93117706e+02, 6.43411865e+02, 4.17754120e+02, 6.60930603e+02,
    4.42675629e+02, 6.78476562e+02, 4.67321381e+02, 6.95804810e+02,
    3.19894928e+02, 6.32378296e+02, 3.45161285e+02, 6.50005493e+02,
    3.69770416e+02, 6.67668213e+02, 3.94780304e+02, 6.85307800e+02,
    4.19679047e+02, 7.03188293e+02, 4.44807343e+02, 7.20842041e+02,
    2.96313477e+02, 6.56619812e+02, 3.21050781e+02, 6.74553589e+02,
    3.46134735e+02, 6.92842834e+02, 3.71271179e+02, 7.10720825e+02,
    3.96553284e+02, 7.28690918e+02, 4.21789124e+02, 7.46530823e+02,
    2.71429291e+02, 6.81805664e+02, 2.96845245e+02, 6.99865967e+02,
    3.21828186e+02, 7.18168945e+02, 3.47315063e+02, 7.36401550e+02,
    3.72782898e+02, 7.54555786e+02, 3.98682892e+02, 7.72830811e+02,
    2.46374588e+02, 7.07483093e+02, 2.71763367e+02, 7.25841736e+02,
    2.97310883e+02, 7.44232605e+02, 3.22733795e+02, 7.62769592e+02,
    3.48537384e+02, 7.81409912e+02, 3.74430023e+02, 7.99997681e+02 ]
