%YAML:1.0
---
points: [ 3.31855194e+02, 4.64371094e+02, 3.67192322e+02, 4.69815186e+02,
    4.01552704e+02, 4.75343414e+02, 4.34660004e+02, 4.80318604e+02,
    4.67161377e+02, 4.85399597e+02, 4.98493561e+02, 4.90213928e+02,
    3.26108276e+02, 4.94230469e+02, 3.61282990e+02, 4.99370026e+02,
    3.95724976e+02, 5.04046753e+02, 4.28962921e+02, 5.08806488e+02,
    4.61336670e+02, 5.13375244e+02, 4.92471832e+02, 5.17869995e+02,
    3.20308899e+02, 5.24460205e+02, 3.55508026e+02, 5.28805359e+02,
    3.89948212e+02, 5.33343872e+02, 4.23051056e+02, 5.37517334e+02,
    4.55348328e+02, 5.41504578e+02, 4.86700165e+02, 5.45440002e+02,
    3.14610565e+02, 5.54060669e+02, 3.49838379e+02, 5.58110962e+02,
    3.84134247e+02, 5.61729187e+02, 4.17347229e+02, 5.65643494e+02,
    4.49474426e+02, 5.69334473e+02, 4.80713440e+02, 5.72685059e+02,
    3.09033966e+02, 5.83481384e+02, 3.44214752e+02, 5.86901611e+02,
    3.78342773e+02, 5.90552063e+02, 4.11511719e+02, 5.93603821e+02,
    4.43685791e+02, 5.96800781e+02, 4.74800751e+02, 5.99761536e+02,
    3.03439667e+02, 6.12667664e+02, 3.38554840e+02, 6.15615662e+02,
    3.72636047e+02, 6.18655762e+02, 4.05757202e+02, 6.21550537e+02,
    4.37926025e+02, 6.24154053e+02, 4.69231445e+02, 6.26800110e+02,
    2.97981537e+02, 6.41651611e+02, 3.32909698e+02, 6.44315308e+02,
    3.66867615e+02, 6.46697021e+02, 3.99855408e+02, 6.48927795e+02,
    4.32222931e+02, 6.51335449e+02, 4.63222534e+02, 6.53438843e+02,
    2.92438049e+02, 6.70503052e+02, 3.27431366e+02, 6.72490723e+02,
    3.61286682e+02, 6.74520508e+02, 3.94299438e+02, 6.76441895e+02,
    4.26291199e+02, 6.78261108e+02, 4.57394684e+02, 6.80226929e+02 ]
