%YAML:1.0
---
points: [ 2.81593994e+02, 3.43540253e+02, 3.11126099e+02, 3.50574615e+02,
    3.40862030e+02, 3.57238831e+02, 3.70563446e+02, 3.64283478e+02,
    4.00674408e+02, 3.70795868e+02, 4.30509583e+02, 3.77492157e+02,
    2.72702179e+02, 3.71500671e+02, 3.02270264e+02, 3.78567413e+02,
    3.31841522e+02, 3.85283234e+02, 3.61746887e+02, 3.92012085e+02,
    3.91955475e+02, 3.98805176e+02, 4.21928375e+02, 4.05900696e+02,
    2.63129303e+02, 4.00390869e+02, 2.92969696e+02, 4.07159393e+02,
    3.23177643e+02, 4.14164459e+02, 3.52771088e+02, 4.20607544e+02,
    3.82951691e+02, 4.27544250e+02, 4.13116760e+02, 4.33868317e+02,
    2.53603546e+02, 4.28919983e+02, 2.83753662e+02, 4.36055908e+02,
    3.13825806e+02, 4.42802795e+02, 3.44230469e+02, 4.49566986e+02,
    3.74098053e+02, 4.56183655e+02, 4.04307861e+02, 4.63181396e+02,
    2.44209869e+02, 4.57789398e+02, 2.74332916e+02, 4.64820343e+02,
    3.04560974e+02, 4.71553558e+02, 3.34997620e+02, 4.78244659e+02,
    3.65143250e+02, 4.85203369e+02, 3.95440796e+02, 4.91902405e+02,
    2.35143890e+02, 4.86924042e+02, 2.65106903e+02, 4.93870026e+02,
    2.95015808e+02, 5.01266510e+02, 3.25537476e+02, 5.07630493e+02,
    3.56514160e+02, 5.14423096e+02, 3.86444611e+02, 5.21235291e+02,
    2.25301559e+02, 5.16680298e+02, 2.55561432e+02, 5.23567810e+02,
    2.85983612e+02, 5.30277527e+02, 3.16294220e+02, 5.37209717e+02,
    3.46975464e+02, 5.43832825e+02, 3.77719330e+02, 5.50393311e+02,
    2.15707199e+02, 5.46280579e+02, 2.46167328e+02, 5.53153931e+02,
    2.76671753e+02, 5.60073914e+02, 3.07337982e+02, 5.67161133e+02,
    3.37649078e+02, 5.73578125e+02, 3.68429504e+02, 5.80567017e+02 ]
