%YAML:1.0
---
points: [ 2.01514709e+02, 5.51807251e+02, 2.30047318e+02, 5.50919861e+02,
    2.59001312e+02, 5.49849365e+02, 2.87609619e+02, 5.49564392e+02,
    3.17021057e+02, 5.47598083e+02, 3.46327881e+02, 5.46594421e+02,
    2.00143448e+02, 5.80388733e+02, 2.28789871e+02, 5.79461121e+02,
    2.57666748e+02, 5.78523132e+02, 2.86594635e+02, 5.77466980e+02,
    3.16093384e+02, 5.76569946e+02, 3.45212158e+02, 5.75676453e+02,
    1.98440720e+02, 6.09687561e+02, 2.27479614e+02, 6.08800415e+02,
    2.56643951e+02, 6.08229431e+02, 2.85019592e+02, 6.07074890e+02,
    3.14709015e+02, 6.06306030e+02, 3.43736969e+02, 6.05228882e+02,
    1.96897293e+02, 6.39093872e+02, 2.26102783e+02, 6.38413757e+02,
    2.55075317e+02, 6.37305908e+02, 2.84354248e+02, 6.36426819e+02,
    3.13287292e+02, 6.35440735e+02, 3.42993378e+02, 6.34450989e+02,
    1.95556473e+02, 6.68407654e+02, 2.24368210e+02, 6.67674500e+02,
    2.53581726e+02, 6.67098328e+02, 2.82821625e+02, 6.66505676e+02,
    3.12579041e+02, 6.65262878e+02, 3.41896362e+02, 6.63584961e+02,
    1.94096771e+02, 6.98009338e+02, 2.23247894e+02, 6.97271606e+02,
    2.52383163e+02, 6.96450317e+02, 2.81731537e+02, 6.95437622e+02,
    3.11450684e+02, 6.94535828e+02, 3.40654572e+02, 6.93733704e+02,
    1.92769989e+02, 7.28388306e+02, 2.21838455e+02, 7.27303284e+02,
    2.51203217e+02, 7.26479919e+02, 2.80521240e+02, 7.25611755e+02,
    3.10210022e+02, 7.24683105e+02, 3.39595551e+02, 7.23587769e+02,
    1.91369492e+02, 7.58434753e+02, 2.20598602e+02, 7.57541260e+02,
    2.49666122e+02, 7.56592651e+02, 2.79417816e+02, 7.55630432e+02,
    3.08731323e+02, 7.54887695e+02, 3.38701508e+02, 7.53755432e+02 ]
