%YAML:1.0
---
points: [ 2.40037567e+02, 6.51686035e+02, 2.46108231e+02, 6.20834167e+02,
    2.52450546e+02, 5.89785217e+02, 2.59348724e+02, 5.59059387e+02,
    2.65625824e+02, 5.28078735e+02, 2.72347473e+02, 4.97535065e+02,
    2.75523682e+02, 6.54498413e+02, 2.81776672e+02, 6.23689392e+02,
    2.87811584e+02, 5.93597351e+02, 2.94427643e+02, 5.63261169e+02,
    3.00988831e+02, 5.33305786e+02, 3.07098267e+02, 5.02820679e+02,
    3.09756042e+02, 6.56601746e+02, 3.15593842e+02, 6.27027649e+02,
    3.21585052e+02, 5.97078003e+02, 3.28135406e+02, 5.67544556e+02,
    3.33978912e+02, 5.37720947e+02, 3.40521423e+02, 5.08410004e+02,
    3.42698792e+02, 6.59034851e+02, 3.48413330e+02, 6.29574219e+02,
    3.54560211e+02, 6.00522888e+02, 3.60851593e+02, 5.71441406e+02,
    3.66725250e+02, 5.42492554e+02, 3.72748413e+02, 5.13380554e+02,
    3.74375458e+02, 6.61041138e+02, 3.80185760e+02, 6.32522278e+02,
    3.86238403e+02, 6.03648926e+02, 3.92143311e+02, 5.75394043e+02,
    3.98208038e+02, 5.46630127e+02, 4.04096252e+02, 5.18540161e+02,
    4.05408661e+02, 6.63262024e+02, 4.10902344e+02, 6.34980530e+02,
    4.16725281e+02, 6.06995789e+02, 4.22303986e+02, 5.78876587e+02,
    4.28078552e+02, 5.50855896e+02, 4.33927094e+02, 5.23284607e+02,
    4.34842072e+02, 6.65173584e+02, 4.40380005e+02, 6.37471924e+02,
    4.46392548e+02, 6.09865234e+02, 4.51802368e+02, 5.82330139e+02,
    4.57345337e+02, 5.55135681e+02, 4.63143555e+02, 5.27864563e+02,
    4.63559113e+02, 6.66832703e+02, 4.68886383e+02, 6.39762695e+02,
    4.74520477e+02, 6.12767395e+02, 4.79700348e+02, 5.85897217e+02,
    4.85262787e+02, 5.58991455e+02, 4.90839905e+02, 5.32373108e+02 ]
