%YAML:1.0
---
points: [ 9.96959763e+01, 5.76438660e+02, 1.12462036e+02, 5.43327332e+02,
    1.25361359e+02, 5.09759491e+02, 1.38264969e+02, 4.76693695e+02,
    1.51031738e+02, 4.43485352e+02, 1.63951660e+02, 4.10323792e+02,
    1.39839920e+02, 5.83323242e+02, 1.52435074e+02, 5.50759460e+02,
    1.64897385e+02, 5.18420715e+02, 1.77607605e+02, 4.86162537e+02,
    1.90172745e+02, 4.53554993e+02, 2.02710175e+02, 4.21190460e+02,
    1.78342010e+02, 5.89924072e+02, 1.90482422e+02, 5.58179810e+02,
    2.02719849e+02, 5.26358521e+02, 2.15212051e+02, 4.94843719e+02,
    2.27461761e+02, 4.63057922e+02, 2.39747406e+02, 4.31593475e+02,
    2.15003632e+02, 5.95964905e+02, 2.26865219e+02, 5.64972961e+02,
    2.38937393e+02, 5.34114990e+02, 2.51187683e+02, 5.03272430e+02,
    2.63154480e+02, 4.72401886e+02, 2.75286560e+02, 4.41483002e+02,
    2.50088455e+02, 6.01805420e+02, 2.61742371e+02, 5.71581543e+02,
    2.73587982e+02, 5.41306519e+02, 2.85412476e+02, 5.11345398e+02,
    2.97182800e+02, 4.81133179e+02, 3.08992462e+02, 4.51009796e+02,
    2.83695862e+02, 6.07497375e+02, 2.95291168e+02, 5.77729065e+02,
    3.06783813e+02, 5.48483887e+02, 3.18370941e+02, 5.18752991e+02,
    3.29737335e+02, 4.89387207e+02, 3.41354736e+02, 4.60079742e+02,
    3.15827667e+02, 6.12624084e+02, 3.27255585e+02, 5.83714111e+02,
    3.38683472e+02, 5.54951599e+02, 3.50026733e+02, 5.26259888e+02,
    3.61319092e+02, 4.97443146e+02, 3.72534912e+02, 4.68688507e+02,
    3.46734009e+02, 6.17691345e+02, 3.57745789e+02, 5.89435120e+02,
    3.68938599e+02, 5.61243958e+02, 3.79973663e+02, 5.33169067e+02,
    3.91033051e+02, 5.05173553e+02, 4.02049377e+02, 4.76881287e+02 ]
