%YAML:1.0
---
points: [ 2.00546051e+02, 3.46075531e+02, 2.23452499e+02, 3.18289215e+02,
    2.45992874e+02, 2.90863098e+02, 2.68141449e+02, 2.64200104e+02,
    2.89829712e+02, 2.37743286e+02, 3.11350037e+02, 2.11882126e+02,
    2.35149979e+02, 3.68078125e+02, 2.57318756e+02, 3.40574585e+02,
    2.79195709e+02, 3.13634613e+02, 3.00661957e+02, 2.87196167e+02,
    3.21824615e+02, 2.61207672e+02, 3.42585480e+02, 2.35500916e+02,
    2.68429840e+02, 3.89203827e+02, 2.89864655e+02, 3.62136414e+02,
    3.11179291e+02, 3.35465637e+02, 3.32102783e+02, 3.09475739e+02,
    3.52597412e+02, 2.83587280e+02, 3.72742126e+02, 2.58471039e+02,
    3.00710022e+02, 4.09522797e+02, 3.21562103e+02, 3.82776947e+02,
    3.42221893e+02, 3.56576630e+02, 3.62459839e+02, 3.30791473e+02,
    3.82389740e+02, 3.05426117e+02, 4.01996918e+02, 2.80451599e+02,
    3.31705505e+02, 4.29198120e+02, 3.52098267e+02, 4.02814575e+02,
    3.72160858e+02, 3.76906677e+02, 3.91834320e+02, 3.51499634e+02,
    4.11157898e+02, 3.26397308e+02, 4.30234741e+02, 3.01721954e+02,
    3.61961121e+02, 4.48076050e+02, 3.81575775e+02, 4.22100464e+02,
    4.01131897e+02, 3.96512268e+02, 4.20195770e+02, 3.71338013e+02,
    4.38982758e+02, 3.46610840e+02, 4.57403992e+02, 3.22250793e+02,
    3.90942139e+02, 4.66276428e+02, 4.10180359e+02, 4.40654785e+02,
    4.29196747e+02, 4.15411194e+02, 4.47690948e+02, 3.90615234e+02,
    4.66013855e+02, 3.66147186e+02, 4.83919739e+02, 3.42215881e+02,
    4.18995941e+02, 4.83807343e+02, 4.37601746e+02, 4.58472046e+02,
    4.55910858e+02, 4.33567719e+02, 4.74076202e+02, 4.09043732e+02,
    4.91727539e+02, 3.84991486e+02, 5.09255676e+02, 3.61207214e+02 ]
