%YAML:1.0
---
points: [ 4.11005829e+02, 6.47851074e+02, 4.13716125e+02, 6.24897766e+02,
    4.16741577e+02, 6.02053711e+02, 4.19449341e+02, 5.79363831e+02,
    4.22413452e+02, 5.56234253e+02, 4.25005768e+02, 5.33508240e+02,
    4.35564453e+02, 6.48464600e+02, 4.38507660e+02, 6.25764954e+02,
    4.41355621e+02, 6.03306396e+02, 4.44156921e+02, 5.80763428e+02,
    4.46859161e+02, 5.58254578e+02, 4.49494354e+02, 5.35519104e+02,
    4.59784912e+02, 6.48986938e+02, 4.62627869e+02, 6.26693848e+02,
    4.65409058e+02, 6.04359009e+02, 4.68322968e+02, 5.82243286e+02,
    4.70856903e+02, 5.59942383e+02, 4.73776764e+02, 5.37763428e+02,
    4.83315979e+02, 6.49479797e+02, 4.86076996e+02, 6.27559692e+02,
    4.88734467e+02, 6.05517273e+02, 4.91470551e+02, 5.83473999e+02,
    4.94184021e+02, 5.61556641e+02, 4.96738983e+02, 5.39705261e+02,
    5.06303314e+02, 6.49876343e+02, 5.08695953e+02, 6.28314758e+02,
    5.11566315e+02, 6.06635681e+02, 5.14204041e+02, 5.85067749e+02,
    5.16897095e+02, 5.63263855e+02, 5.19421204e+02, 5.41674988e+02,
    5.28349060e+02, 6.50344116e+02, 5.31069580e+02, 6.28954041e+02,
    5.33686340e+02, 6.07643005e+02, 5.36358704e+02, 5.86314941e+02,
    5.38971863e+02, 5.64951538e+02, 5.41571777e+02, 5.43746521e+02,
    5.49862488e+02, 6.50663330e+02, 5.52651611e+02, 6.29665466e+02,
    5.55245850e+02, 6.08554443e+02, 5.57826050e+02, 5.87558105e+02,
    5.60365601e+02, 5.66424072e+02, 5.63061218e+02, 5.45503418e+02,
    5.71091675e+02, 6.51234192e+02, 5.73615845e+02, 6.30348022e+02,
    5.76208191e+02, 6.09546204e+02, 5.78699158e+02, 5.88751892e+02,
    5.81304810e+02, 5.68028076e+02, 5.83753113e+02, 5.47296692e+02 ]
