%YAML:1.0
---
points: [ 4.30585785e+02, 5.43420349e+02, 4.39278564e+02, 5.22602234e+02,
    4.47639099e+02, 5.01726929e+02, 4.56318237e+02, 4.81151459e+02,
    4.64734772e+02, 4.60297882e+02, 4.73285980e+02, 4.39660492e+02,
    4.53989960e+02, 5.50384766e+02, 4.62456421e+02, 5.29603088e+02,
    4.70773804e+02, 5.09322235e+02, 4.79295013e+02, 4.88581970e+02,
    4.87690735e+02, 4.68263245e+02, 4.96071869e+02, 4.47642456e+02,
    4.76901428e+02, 5.57012512e+02, 4.85286407e+02, 5.36828308e+02,
    4.93482605e+02, 5.16519409e+02, 5.01872437e+02, 4.96341919e+02,
    5.10206573e+02, 4.75948029e+02, 5.18604187e+02, 4.55723297e+02,
    4.99207153e+02, 5.63721375e+02, 5.07386810e+02, 5.43698914e+02,
    5.15630127e+02, 5.23623291e+02, 5.23878601e+02, 5.03425140e+02,
    5.32126221e+02, 4.83536774e+02, 5.40344421e+02, 4.63454956e+02,
    5.20819580e+02, 5.70316467e+02, 5.29141174e+02, 5.50397522e+02,
    5.37316223e+02, 5.30402405e+02, 5.45439819e+02, 5.10635376e+02,
    5.53467712e+02, 4.90792877e+02, 5.61583374e+02, 4.71112457e+02,
    5.42306580e+02, 5.76553772e+02, 5.50419006e+02, 5.56664612e+02,
    5.58461060e+02, 5.37324707e+02, 5.66466553e+02, 5.17645752e+02,
    5.74460938e+02, 4.98197144e+02, 5.82541260e+02, 4.78435455e+02,
    5.63083069e+02, 5.82503662e+02, 5.71023254e+02, 5.63330261e+02,
    5.78832275e+02, 5.43844788e+02, 5.86948547e+02, 5.24539001e+02,
    5.94854797e+02, 5.04908356e+02, 6.02787598e+02, 4.85624573e+02,
    5.83532288e+02, 5.88732666e+02, 5.91313904e+02, 5.69554810e+02,
    5.99275391e+02, 5.50385071e+02, 6.07179077e+02, 5.31072449e+02,
    6.14926147e+02, 5.11899750e+02, 6.24941467e+02, 4.92347961e+02 ]
