%YAML:1.0
---
points: [ 5.51044922e+02, 5.63334473e+02, 5.62420715e+02, 5.81344543e+02,
    5.73615234e+02, 5.99089600e+02, 5.84669373e+02, 6.16689636e+02,
    5.95494507e+02, 6.33880859e+02, 6.06371521e+02, 6.51185242e+02,
    5.31069092e+02, 5.74428223e+02, 5.42547852e+02, 5.92373962e+02,
    5.54003235e+02, 6.10360291e+02, 5.65200012e+02, 6.27793091e+02,
    5.76301270e+02, 6.45403625e+02, 5.87210327e+02, 6.62511963e+02,
    5.10787018e+02, 5.85520020e+02, 5.22410522e+02, 6.03615845e+02,
    5.34073608e+02, 6.21554565e+02, 5.45513306e+02, 6.39337585e+02,
    5.56666748e+02, 6.56710876e+02, 5.67831970e+02, 6.74070862e+02,
    4.90173462e+02, 5.96965515e+02, 5.02176392e+02, 6.15092407e+02,
    5.14024109e+02, 6.33024780e+02, 5.25512878e+02, 6.50703796e+02,
    5.36981812e+02, 6.68429504e+02, 5.48310181e+02, 6.85640991e+02,
    4.69292664e+02, 6.08403503e+02, 4.81418671e+02, 6.26676941e+02,
    4.93325470e+02, 6.44658508e+02, 5.05257019e+02, 6.62562561e+02,
    5.16923584e+02, 6.80062805e+02, 5.28427429e+02, 6.97513611e+02,
    4.48203674e+02, 6.20257507e+02, 4.60578247e+02, 6.38400818e+02,
    4.72628815e+02, 6.56626038e+02, 4.84668182e+02, 6.74295044e+02,
    4.96580383e+02, 6.92193909e+02, 5.08276825e+02, 7.09522095e+02,
    4.26484558e+02, 6.31988647e+02, 4.39236786e+02, 6.50440430e+02,
    4.51453461e+02, 6.68663696e+02, 4.63708405e+02, 6.86575806e+02,
    4.75733124e+02, 7.04234009e+02, 4.87757263e+02, 7.21795105e+02,
    4.04725616e+02, 6.44141602e+02, 4.17597046e+02, 6.62494812e+02,
    4.30331757e+02, 6.80748657e+02, 4.42653046e+02, 6.98680298e+02,
    4.54927765e+02, 7.16513184e+02, 4.67035126e+02, 7.34052856e+02 ]
