%YAML:1.0
---
points: [ 3.91305420e+02, 7.99295349e+02, 4.01551666e+02, 8.17638123e+02,
    4.11916870e+02, 8.35942810e+02, 4.22274628e+02, 8.54275757e+02,
    4.32464050e+02, 8.72464050e+02, 4.42660583e+02, 8.90630798e+02,
    3.70106995e+02, 8.10948425e+02, 3.80492828e+02, 8.29435547e+02,
    3.90916840e+02, 8.47990479e+02, 4.01382507e+02, 8.66528076e+02,
    4.11741638e+02, 8.85011169e+02, 4.22215149e+02, 9.03374756e+02,
    3.48405579e+02, 8.22668823e+02, 3.58860596e+02, 8.41496765e+02,
    3.69611725e+02, 8.60343262e+02, 3.80197754e+02, 8.78975952e+02,
    3.90625519e+02, 8.97730164e+02, 4.01254242e+02, 9.16382507e+02,
    3.26109406e+02, 8.34908386e+02, 3.36869568e+02, 8.53910889e+02,
    3.47663727e+02, 8.72969299e+02, 3.58428589e+02, 8.91813599e+02,
    3.69190857e+02, 9.10791504e+02, 3.79787872e+02, 9.29688354e+02,
    3.03417786e+02, 8.47326050e+02, 3.14313629e+02, 8.66617493e+02,
    3.25256134e+02, 8.85760498e+02, 3.36145844e+02, 9.05110229e+02,
    3.47111481e+02, 9.24202332e+02, 3.57973022e+02, 9.43267822e+02,
    2.80166748e+02, 8.60005493e+02, 2.91348846e+02, 8.79543335e+02,
    3.02401611e+02, 8.99089355e+02, 3.13432159e+02, 9.18444214e+02,
    3.24527069e+02, 9.37821045e+02, 3.35559143e+02, 9.57209656e+02,
    2.56288208e+02, 8.73057922e+02, 2.67512238e+02, 8.92860352e+02,
    2.78740723e+02, 9.12587708e+02, 2.89967712e+02, 9.32295959e+02,
    3.01296936e+02, 9.51906555e+02, 3.12475311e+02, 9.71497253e+02,
    2.31833984e+02, 8.86399902e+02, 2.43354019e+02, 9.06396057e+02,
    2.54822037e+02, 9.26403809e+02, 2.66295166e+02, 9.46302551e+02,
    2.77676727e+02, 9.66241333e+02, 2.89081421e+02, 9.85891968e+02 ]
