%YAML:1.0
---
points: [ 2.85499847e+02, 6.18444824e+02, 2.86896545e+02, 6.39547607e+02,
    2.88617493e+02, 6.60664001e+02, 2.90355042e+02, 6.81746704e+02,
    2.91843414e+02, 7.02772156e+02, 2.93421326e+02, 7.23950684e+02,
    2.62607056e+02, 6.20712830e+02, 2.64245575e+02, 6.42264587e+02,
    2.65695557e+02, 6.63745728e+02, 2.67429901e+02, 6.85307739e+02,
    2.69269897e+02, 7.06690613e+02, 2.70726990e+02, 7.28166382e+02,
    2.39221054e+02, 6.23207764e+02, 2.40671341e+02, 6.44966980e+02,
    2.42511444e+02, 6.66668640e+02, 2.44215729e+02, 6.88532349e+02,
    2.45630325e+02, 7.10465698e+02, 2.47490860e+02, 7.32290161e+02,
    2.14811234e+02, 6.25490479e+02, 2.16693130e+02, 6.47745544e+02,
    2.18385239e+02, 6.70177429e+02, 2.19931992e+02, 6.92231323e+02,
    2.21670670e+02, 7.14250916e+02, 2.23371918e+02, 7.36488953e+02,
    1.89977676e+02, 6.28230164e+02, 1.91565811e+02, 6.50579895e+02,
    1.93271118e+02, 6.73277710e+02, 1.95172623e+02, 6.95851562e+02,
    1.96862885e+02, 7.18348938e+02, 1.98474258e+02, 7.40797668e+02,
    1.64390289e+02, 6.30610962e+02, 1.66002899e+02, 6.53760010e+02,
    1.67659058e+02, 6.76570251e+02, 1.69504471e+02, 6.99491211e+02,
    1.71229141e+02, 7.22595764e+02, 1.72971054e+02, 7.45389587e+02,
    1.37645218e+02, 6.33489014e+02, 1.39353485e+02, 6.56652710e+02,
    1.41151779e+02, 6.80253235e+02, 1.42946533e+02, 7.03380432e+02,
    1.44636765e+02, 7.26771729e+02, 1.46529480e+02, 7.50062683e+02,
    1.10275719e+02, 6.36186951e+02, 1.12051590e+02, 6.59960754e+02,
    1.13665962e+02, 6.83603882e+02, 1.15749138e+02, 7.07464111e+02,
    1.17557449e+02, 7.31133423e+02, 1.19270218e+02, 7.54833862e+02 ]
