%YAML:1.0
---
points: [ 3.91546539e+02, 6.14874146e+02, 3.95955841e+02, 6.34638855e+02,
    4.00404938e+02, 6.54421631e+02, 4.04498749e+02, 6.73954590e+02,
    4.08624878e+02, 6.93275269e+02, 4.12938049e+02, 7.12543274e+02,
    3.70421051e+02, 6.17142700e+02, 3.74783417e+02, 6.36963257e+02,
    3.79321930e+02, 6.56503052e+02, 3.83623444e+02, 6.76125488e+02,
    3.87874329e+02, 6.95498474e+02, 3.92236237e+02, 7.14615479e+02,
    3.49244019e+02, 6.19248901e+02, 3.53821686e+02, 6.39116028e+02,
    3.58509949e+02, 6.58822510e+02, 3.62714294e+02, 6.78265015e+02,
    3.67319641e+02, 6.97597595e+02, 3.71589508e+02, 7.16883118e+02,
    3.28262421e+02, 6.21445801e+02, 3.32850525e+02, 6.41264465e+02,
    3.37381042e+02, 6.60956421e+02, 3.42112061e+02, 6.80500488e+02,
    3.46549835e+02, 6.99734741e+02, 3.50972015e+02, 7.19031006e+02,
    3.07187469e+02, 6.23538940e+02, 3.11982147e+02, 6.43491150e+02,
    3.16669373e+02, 6.62951782e+02, 3.21296173e+02, 6.82420715e+02,
    3.25907776e+02, 7.01962402e+02, 3.30421936e+02, 7.21169006e+02,
    2.86046478e+02, 6.25689392e+02, 2.91003876e+02, 6.45534424e+02,
    2.95721039e+02, 6.65315857e+02, 3.00657288e+02, 6.84643799e+02,
    3.05166351e+02, 7.03990906e+02, 3.09860565e+02, 7.23328003e+02,
    2.65223236e+02, 6.27867676e+02, 2.70042236e+02, 6.47618103e+02,
    2.74926025e+02, 6.67336304e+02, 2.79656006e+02, 6.86867004e+02,
    2.84578857e+02, 7.06285522e+02, 2.89294037e+02, 7.25303894e+02,
    2.44358398e+02, 6.29871948e+02, 2.49318573e+02, 6.49741333e+02,
    2.54352921e+02, 6.69552734e+02, 2.59157745e+02, 6.88888062e+02,
    2.64054810e+02, 7.08302246e+02, 2.69026581e+02, 7.27475830e+02 ]
