%YAML:1.0
---
points: [ 1.38925391e+03, 6.74803589e+02, 1.39001025e+03, 6.54200378e+02,
    1.39074072e+03, 6.33539856e+02, 1.39158289e+03, 6.12810425e+02,
    1.39240491e+03, 5.92314148e+02, 1.39330725e+03, 5.71542297e+02,
    1.41147815e+03, 6.77054993e+02, 1.41237244e+03, 6.56270386e+02,
    1.41316980e+03, 6.35364136e+02, 1.41413123e+03, 6.14555847e+02,
    1.41502454e+03, 5.93611938e+02, 1.41594312e+03, 5.72832397e+02,
    1.43433289e+03, 6.79679993e+02, 1.43521082e+03, 6.58619934e+02,
    1.43630396e+03, 6.37560303e+02, 1.43699854e+03, 6.16462646e+02,
    1.43784949e+03, 5.95383728e+02, 1.43874438e+03, 5.74310547e+02,
    1.45774695e+03, 6.82097046e+02, 1.45851709e+03, 6.60737854e+02,
    1.45942407e+03, 6.39526001e+02, 1.46029956e+03, 6.18158020e+02,
    1.46133374e+03, 5.96820801e+02, 1.46228003e+03, 5.75543701e+02,
    1.48143054e+03, 6.84655457e+02, 1.48242200e+03, 6.63173828e+02,
    1.48337915e+03, 6.41548767e+02, 1.48441675e+03, 6.19904236e+02,
    1.48528284e+03, 5.98355774e+02, 1.48626794e+03, 5.76634583e+02,
    1.50582092e+03, 6.87334412e+02, 1.50668994e+03, 6.65578796e+02,
    1.50765564e+03, 6.43750122e+02, 1.50853711e+03, 6.21989990e+02,
    1.50973877e+03, 6.00035706e+02, 1.51059937e+03, 5.78134338e+02,
    1.53075854e+03, 6.90083313e+02, 1.53181250e+03, 6.67897644e+02,
    1.53270044e+03, 6.45885681e+02, 1.53365674e+03, 6.23693420e+02,
    1.53457690e+03, 6.01736572e+02, 1.53569446e+03, 5.79607178e+02,
    1.55615405e+03, 6.92623718e+02, 1.55727844e+03, 6.70449341e+02,
    1.55819580e+03, 6.48063110e+02, 1.55912463e+03, 6.25755188e+02,
    1.56019995e+03, 6.03380676e+02, 1.56120972e+03, 5.81071350e+02 ]
