%YAML:1.0
---
points: [ 1.23946814e+03, 6.25535706e+02, 1.25773865e+03, 6.15558838e+02,
    1.27597168e+03, 6.05498169e+02, 1.29427295e+03, 5.95495300e+02,
    1.31253748e+03, 5.85430420e+02, 1.33084644e+03, 5.75346802e+02,
    1.25097742e+03, 6.40587830e+02, 1.26938721e+03, 6.30403320e+02,
    1.28798962e+03, 6.20391296e+02, 1.30643884e+03, 6.10058838e+02,
    1.32513269e+03, 6.00000427e+02, 1.34355298e+03, 5.89702332e+02,
    1.26267676e+03, 6.55795532e+02, 1.28147791e+03, 6.45704956e+02,
    1.30026501e+03, 6.35413879e+02, 1.31897888e+03, 6.25180969e+02,
    1.33776526e+03, 6.14830688e+02, 1.35668579e+03, 6.04582275e+02,
    1.27488037e+03, 6.71735413e+02, 1.29377734e+03, 6.61392761e+02,
    1.31285608e+03, 6.50887634e+02, 1.33178003e+03, 6.40507385e+02,
    1.35110400e+03, 6.30224365e+02, 1.37003223e+03, 6.19625427e+02,
    1.28735437e+03, 6.88051941e+02, 1.30662280e+03, 6.77550903e+02,
    1.32583643e+03, 6.67015259e+02, 1.34523059e+03, 6.56520447e+02,
    1.36448059e+03, 6.45799683e+02, 1.38387170e+03, 6.35364624e+02,
    1.30017981e+03, 7.04626221e+02, 1.31958020e+03, 6.93980225e+02,
    1.33932434e+03, 6.83441223e+02, 1.35871643e+03, 6.72703857e+02,
    1.37847217e+03, 6.62038574e+02, 1.39809265e+03, 6.51304321e+02,
    1.31342761e+03, 7.21962341e+02, 1.33325195e+03, 7.11325867e+02,
    1.35305432e+03, 7.00329041e+02, 1.37289050e+03, 6.89618408e+02,
    1.39276978e+03, 6.78738220e+02, 1.41271082e+03, 6.67954712e+02,
    1.32706860e+03, 7.39761169e+02, 1.34701453e+03, 7.28689453e+02,
    1.36725195e+03, 7.17778992e+02, 1.38728125e+03, 7.06708008e+02,
    1.40750989e+03, 6.95782959e+02, 1.42758533e+03, 6.84782349e+02 ]
