%YAML:1.0
---
points: [ 1.46689172e+03, 4.62681488e+02, 1.48983777e+03, 4.62247070e+02,
    1.51310352e+03, 4.61576782e+02, 1.53697205e+03, 4.61222473e+02,
    1.56140210e+03, 4.60505005e+02, 1.58635132e+03, 4.60053131e+02,
    1.46649780e+03, 4.83446503e+02, 1.48944885e+03, 4.83118500e+02,
    1.51257715e+03, 4.82844116e+02, 1.53658545e+03, 4.82451111e+02,
    1.56076160e+03, 4.82276642e+02, 1.58583691e+03, 4.81836578e+02,
    1.46611023e+03, 5.03836060e+02, 1.48889673e+03, 5.03828583e+02,
    1.51219849e+03, 5.03788666e+02, 1.53606506e+03, 5.03738983e+02,
    1.56039294e+03, 5.03657166e+02, 1.58546777e+03, 5.03733582e+02,
    1.46565308e+03, 5.24518616e+02, 1.48849475e+03, 5.24707703e+02,
    1.51178394e+03, 5.24964600e+02, 1.53556433e+03, 5.25228577e+02,
    1.55996802e+03, 5.25531006e+02, 1.58495459e+03, 5.25597046e+02,
    1.46535266e+03, 5.45112305e+02, 1.48807263e+03, 5.45553406e+02,
    1.51143176e+03, 5.45989319e+02, 1.53521069e+03, 5.46538940e+02,
    1.55949817e+03, 5.47012207e+02, 1.58453113e+03, 5.47633606e+02,
    1.46484912e+03, 5.65602356e+02, 1.48760010e+03, 5.66256653e+02,
    1.51085645e+03, 5.67114258e+02, 1.53468457e+03, 5.67729187e+02,
    1.55908289e+03, 5.68724609e+02, 1.58425037e+03, 5.69523560e+02,
    1.46460913e+03, 5.86233459e+02, 1.48722180e+03, 5.87222900e+02,
    1.51049170e+03, 5.88129700e+02, 1.53426526e+03, 5.89288818e+02,
    1.55869873e+03, 5.90435425e+02, 1.58361414e+03, 5.91486877e+02,
    1.46429724e+03, 6.06658997e+02, 1.48672961e+03, 6.07850098e+02,
    1.51020386e+03, 6.09165649e+02, 1.53371606e+03, 6.10432373e+02,
    1.55829712e+03, 6.11827698e+02, 1.58328540e+03, 6.13176880e+02 ]
