%YAML:1.0
---
points: [ 1.57794739e+03, 4.65914001e+02, 1.60157483e+03, 4.65753113e+02,
    1.62617383e+03, 4.65471069e+02, 1.65081531e+03, 4.65314514e+02,
    1.67636560e+03, 4.65109741e+02, 1.70233972e+03, 4.64770081e+02,
    1.57712061e+03, 4.86668549e+02, 1.60076965e+03, 4.86589752e+02,
    1.62532092e+03, 4.86646301e+02, 1.64990881e+03, 4.86610779e+02,
    1.67550244e+03, 4.86663696e+02, 1.70149609e+03, 4.86680542e+02,
    1.57629895e+03, 5.07178284e+02, 1.60019824e+03, 5.07463440e+02,
    1.62443152e+03, 5.07653229e+02, 1.64924866e+03, 5.08021973e+02,
    1.67467212e+03, 5.08340240e+02, 1.70061768e+03, 5.08644135e+02,
    1.57550000e+03, 5.27681030e+02, 1.59935132e+03, 5.28283752e+02,
    1.62349768e+03, 5.28782471e+02, 1.64840356e+03, 5.29409607e+02,
    1.67386353e+03, 5.29982239e+02, 1.69979907e+03, 5.30472473e+02,
    1.57468652e+03, 5.48379822e+02, 1.59842871e+03, 5.49300659e+02,
    1.62270325e+03, 5.49917114e+02, 1.64762451e+03, 5.50714661e+02,
    1.67317761e+03, 5.51537842e+02, 1.69902405e+03, 5.52543091e+02,
    1.57398462e+03, 5.68933228e+02, 1.59754919e+03, 5.69891907e+02,
    1.62189966e+03, 5.71055359e+02, 1.64672546e+03, 5.72124084e+02,
    1.67221558e+03, 5.73268494e+02, 1.69815991e+03, 5.74487610e+02,
    1.57335583e+03, 5.89447449e+02, 1.59675146e+03, 5.90931763e+02,
    1.62121619e+03, 5.92237427e+02, 1.64589514e+03, 5.93576233e+02,
    1.67130725e+03, 5.95018188e+02, 1.69719592e+03, 5.96522156e+02,
    1.57240918e+03, 6.09871399e+02, 1.59620911e+03, 6.11542603e+02,
    1.62047449e+03, 6.13098816e+02, 1.64500781e+03, 6.14636719e+02,
    1.67037537e+03, 6.16554626e+02, 1.69638684e+03, 6.18318970e+02 ]
