%YAML:1.0
---
points: [ 1.39518579e+03, 3.57316345e+02, 1.41544580e+03, 3.55533661e+02,
    1.43564648e+03, 3.53809753e+02, 1.45585388e+03, 3.51851440e+02,
    1.47614587e+03, 3.50080261e+02, 1.49647363e+03, 3.48328918e+02,
    1.39699170e+03, 3.77409027e+02, 1.41726917e+03, 3.75661102e+02,
    1.43758557e+03, 3.73730408e+02, 1.45793188e+03, 3.71855133e+02,
    1.47811462e+03, 3.70316589e+02, 1.49842139e+03, 3.68311859e+02,
    1.39890234e+03, 3.97409607e+02, 1.41907898e+03, 3.95659912e+02,
    1.43944629e+03, 3.93670502e+02, 1.45972009e+03, 3.92027679e+02,
    1.48008044e+03, 3.90241608e+02, 1.50037805e+03, 3.88380432e+02,
    1.40081323e+03, 4.17531158e+02, 1.42125891e+03, 4.15584991e+02,
    1.44140845e+03, 4.13704407e+02, 1.46171301e+03, 4.12113831e+02,
    1.48182581e+03, 4.10338287e+02, 1.50225549e+03, 4.08388733e+02,
    1.40261426e+03, 4.37552490e+02, 1.42287122e+03, 4.35606049e+02,
    1.44338574e+03, 4.33932098e+02, 1.46366479e+03, 4.32240631e+02,
    1.48402490e+03, 4.30254425e+02, 1.50427893e+03, 4.28628937e+02,
    1.40463293e+03, 4.57493256e+02, 1.42491919e+03, 4.55699646e+02,
    1.44531482e+03, 4.54062012e+02, 1.46549707e+03, 4.52222748e+02,
    1.48594385e+03, 4.50435272e+02, 1.50620740e+03, 4.48719360e+02,
    1.40647607e+03, 4.77649811e+02, 1.42689197e+03, 4.75999939e+02,
    1.44733069e+03, 4.74224518e+02, 1.46761597e+03, 4.72402618e+02,
    1.48778479e+03, 4.70709564e+02, 1.50805322e+03, 4.68933319e+02,
    1.40831921e+03, 4.97765503e+02, 1.42867358e+03, 4.96096375e+02,
    1.44919641e+03, 4.94291016e+02, 1.46960278e+03, 4.92430725e+02,
    1.48988452e+03, 4.90751068e+02, 1.51022766e+03, 4.88864838e+02 ]
