%YAML:1.0
---
points: [ 1.36063220e+03, 3.02957306e+02, 1.37025720e+03, 3.20596680e+02,
    1.37972290e+03, 3.38379303e+02, 1.38947632e+03, 3.56090485e+02,
    1.39897681e+03, 3.73791443e+02, 1.40865979e+03, 3.91391266e+02,
    1.34270056e+03, 3.12540466e+02, 1.35225317e+03, 3.30407623e+02,
    1.36183154e+03, 3.48030212e+02, 1.37151685e+03, 3.65782562e+02,
    1.38114526e+03, 3.83487396e+02, 1.39063721e+03, 4.01222931e+02,
    1.32489258e+03, 3.22370178e+02, 1.33449634e+03, 3.39998138e+02,
    1.34395483e+03, 3.57822113e+02, 1.35360962e+03, 3.75433014e+02,
    1.36315173e+03, 3.93203705e+02, 1.37271533e+03, 4.10699585e+02,
    1.30704517e+03, 3.32069550e+02, 1.31647168e+03, 3.49743103e+02,
    1.32625256e+03, 3.67450867e+02, 1.33566821e+03, 3.85169128e+02,
    1.34531677e+03, 4.02788239e+02, 1.35494055e+03, 4.20511414e+02,
    1.28899524e+03, 3.41852600e+02, 1.29865527e+03, 3.59400787e+02,
    1.30827869e+03, 3.77270081e+02, 1.31775867e+03, 3.94746643e+02,
    1.32740320e+03, 4.12437408e+02, 1.33690796e+03, 4.30124268e+02,
    1.27146936e+03, 3.51452301e+02, 1.28092371e+03, 3.69189423e+02,
    1.29042700e+03, 3.86752594e+02, 1.29984497e+03, 4.04553375e+02,
    1.30953577e+03, 4.22106171e+02, 1.31916052e+03, 4.39728668e+02,
    1.25345398e+03, 3.61229492e+02, 1.26285974e+03, 3.78850830e+02,
    1.27246912e+03, 3.96509033e+02, 1.28212000e+03, 4.14155884e+02,
    1.29157556e+03, 4.31800140e+02, 1.30125598e+03, 4.49434937e+02,
    1.23561157e+03, 3.70828705e+02, 1.24518579e+03, 3.88493530e+02,
    1.25476050e+03, 4.06147217e+02, 1.26425342e+03, 4.23768890e+02,
    1.27387024e+03, 4.41380829e+02, 1.28339050e+03, 4.59000854e+02 ]
