%YAML:1.0
---
points: [ 1.51983472e+03, 1.80625702e+02, 1.53173096e+03, 2.00950638e+02,
    1.54369873e+03, 2.21468338e+02, 1.55566431e+03, 2.41745422e+02,
    1.56754773e+03, 2.62230865e+02, 1.57947852e+03, 2.82486053e+02,
    1.49822864e+03, 1.93389816e+02, 1.50977368e+03, 2.13484894e+02,
    1.52157312e+03, 2.33463211e+02, 1.53321704e+03, 2.53519928e+02,
    1.54507898e+03, 2.73547363e+02, 1.55665759e+03, 2.93583466e+02,
    1.47685657e+03, 2.06033722e+02, 1.48845471e+03, 2.25607727e+02,
    1.49998730e+03, 2.45412430e+02, 1.51144568e+03, 2.64900818e+02,
    1.52296924e+03, 2.84709961e+02, 1.53450671e+03, 3.04373108e+02,
    1.45648083e+03, 2.18040375e+02, 1.46774792e+03, 2.37485718e+02,
    1.47925525e+03, 2.56694458e+02, 1.49050085e+03, 2.76160492e+02,
    1.50193250e+03, 2.95360779e+02, 1.51322656e+03, 3.14727875e+02,
    1.43650256e+03, 2.29858978e+02, 1.44790564e+03, 2.48658401e+02,
    1.45889062e+03, 2.67824738e+02, 1.47021423e+03, 2.86774170e+02,
    1.48137500e+03, 3.05780243e+02, 1.49256433e+03, 3.24689331e+02,
    1.41755981e+03, 2.41112030e+02, 1.42851636e+03, 2.59817535e+02,
    1.43951135e+03, 2.78530212e+02, 1.45050854e+03, 2.97185608e+02,
    1.46151733e+03, 3.15750122e+02, 1.47245996e+03, 3.34504669e+02,
    1.39886267e+03, 2.52189911e+02, 1.40980066e+03, 2.70391754e+02,
    1.42055139e+03, 2.88849609e+02, 1.43152332e+03, 3.07093445e+02,
    1.44232507e+03, 3.25604248e+02, 1.45318091e+03, 3.43706848e+02,
    1.38095276e+03, 2.62687042e+02, 1.39159668e+03, 2.80843567e+02,
    1.40233423e+03, 2.98867279e+02, 1.41289526e+03, 3.16886963e+02,
    1.42370923e+03, 3.34982788e+02, 1.43431799e+03, 3.53094238e+02 ]
