%YAML:1.0
---
points: [ 1.51863184e+03, 3.27436523e+02, 1.52836658e+03, 3.46889740e+02,
    1.53788550e+03, 3.66502625e+02, 1.54746509e+03, 3.85721893e+02,
    1.55712073e+03, 4.05390167e+02, 1.56678894e+03, 4.24698700e+02,
    1.49645032e+03, 3.37685608e+02, 1.50576624e+03, 3.57246979e+02,
    1.51544482e+03, 3.76460541e+02, 1.52490479e+03, 3.95700623e+02,
    1.53450903e+03, 4.15002502e+02, 1.54395813e+03, 4.34437195e+02,
    1.47412585e+03, 3.48127777e+02, 1.48357178e+03, 3.67287476e+02,
    1.49306042e+03, 3.86438873e+02, 1.50252991e+03, 4.05552246e+02,
    1.51208374e+03, 4.24818634e+02, 1.52154834e+03, 4.43803375e+02,
    1.45234766e+03, 3.58241425e+02, 1.46169141e+03, 3.77369385e+02,
    1.47134375e+03, 3.96226105e+02, 1.48058630e+03, 4.15307587e+02,
    1.49004443e+03, 4.34231537e+02, 1.49945142e+03, 4.53182037e+02,
    1.43077209e+03, 3.68327942e+02, 1.44025098e+03, 3.86921570e+02,
    1.44962964e+03, 4.05830505e+02, 1.45886938e+03, 4.24677307e+02,
    1.46827258e+03, 4.43504456e+02, 1.47763672e+03, 4.62370605e+02,
    1.40967322e+03, 3.78069489e+02, 1.41895557e+03, 3.96703979e+02,
    1.42836060e+03, 4.15411438e+02, 1.43747607e+03, 4.34050049e+02,
    1.44679504e+03, 4.52671173e+02, 1.45622021e+03, 4.71434296e+02,
    1.38878064e+03, 3.87699738e+02, 1.39818848e+03, 4.06166199e+02,
    1.40735388e+03, 4.24774933e+02, 1.41654761e+03, 4.43270447e+02,
    1.42572644e+03, 4.61844025e+02, 1.43510498e+03, 4.80271179e+02,
    1.36834131e+03, 3.97235901e+02, 1.37750854e+03, 4.15604340e+02,
    1.38662036e+03, 4.33897308e+02, 1.39574609e+03, 4.52426056e+02,
    1.40492371e+03, 4.70618835e+02, 1.41417810e+03, 4.89148682e+02 ]
