%YAML:1.0
---
points: [ 1.31027686e+03, 2.71614746e+02, 1.33209607e+03, 2.73074127e+02,
    1.35383765e+03, 2.74428528e+02, 1.37552515e+03, 2.75663635e+02,
    1.39731592e+03, 2.76908691e+02, 1.41922107e+03, 2.78333649e+02,
    1.30575671e+03, 2.93485046e+02, 1.32736426e+03, 2.94724762e+02,
    1.34895154e+03, 2.96204163e+02, 1.37056128e+03, 2.97414856e+02,
    1.39226306e+03, 2.98759521e+02, 1.41373877e+03, 3.00119934e+02,
    1.30129358e+03, 3.15136200e+02, 1.32261060e+03, 3.16464874e+02,
    1.34407715e+03, 3.17570526e+02, 1.36562915e+03, 3.19038971e+02,
    1.38694324e+03, 3.20353455e+02, 1.40857617e+03, 3.21760925e+02,
    1.29682812e+03, 3.36144073e+02, 1.31800110e+03, 3.37520203e+02,
    1.33937781e+03, 3.38830872e+02, 1.36060510e+03, 3.39945435e+02,
    1.38213684e+03, 3.41318604e+02, 1.40335950e+03, 3.42621490e+02,
    1.29250256e+03, 3.56981964e+02, 1.31365930e+03, 3.58256378e+02,
    1.33472888e+03, 3.59511566e+02, 1.35596570e+03, 3.60831543e+02,
    1.37711145e+03, 3.62060364e+02, 1.39828650e+03, 3.63387543e+02,
    1.28846204e+03, 3.77417938e+02, 1.30944983e+03, 3.78602417e+02,
    1.33037390e+03, 3.80089355e+02, 1.35126050e+03, 3.81310394e+02,
    1.37235962e+03, 3.82492065e+02, 1.39327026e+03, 3.83625702e+02,
    1.28443982e+03, 3.97540985e+02, 1.30523462e+03, 3.98663666e+02,
    1.32591821e+03, 3.99975464e+02, 1.34659595e+03, 4.01343262e+02,
    1.36755701e+03, 4.02546570e+02, 1.38837500e+03, 4.03737976e+02,
    1.28033875e+03, 4.17365692e+02, 1.30088416e+03, 4.18479858e+02,
    1.32158057e+03, 4.19750488e+02, 1.34223730e+03, 4.21051697e+02,
    1.36271643e+03, 4.22334076e+02, 1.38349792e+03, 4.23528046e+02 ]
