%YAML:1.0
---
points: [ 1.46065222e+03, 4.02351196e+02, 1.47017297e+03, 4.21560913e+02,
    1.47933826e+03, 4.40930267e+02, 1.48877283e+03, 4.60041321e+02,
    1.49820850e+03, 4.79396545e+02, 1.50760840e+03, 4.98556641e+02,
    1.43913428e+03, 4.11769867e+02, 1.44841833e+03, 4.31093842e+02,
    1.45769019e+03, 4.50224548e+02, 1.46703528e+03, 4.69301971e+02,
    1.47640271e+03, 4.88418823e+02, 1.48556226e+03, 5.07561981e+02,
    1.41750366e+03, 4.21509644e+02, 1.42677673e+03, 4.40447601e+02,
    1.43595764e+03, 4.59442932e+02, 1.44542407e+03, 4.78450684e+02,
    1.45461169e+03, 4.97551208e+02, 1.46395789e+03, 5.16447510e+02,
    1.39641028e+03, 4.30836243e+02, 1.40548804e+03, 4.49713043e+02,
    1.41480640e+03, 4.68562134e+02, 1.42403394e+03, 4.87502869e+02,
    1.43334937e+03, 5.06328613e+02, 1.44254053e+03, 5.25273804e+02,
    1.37552869e+03, 4.40295624e+02, 1.38458533e+03, 4.58796967e+02,
    1.39379175e+03, 4.77665161e+02, 1.40309216e+03, 4.96335510e+02,
    1.41219287e+03, 5.15121338e+02, 1.42138928e+03, 5.33668701e+02,
    1.35499084e+03, 4.49297089e+02, 1.36389221e+03, 4.67984436e+02,
    1.37313989e+03, 4.86421509e+02, 1.38225964e+03, 5.05157349e+02,
    1.39143250e+03, 5.23652893e+02, 1.40053064e+03, 5.42293640e+02,
    1.33460828e+03, 4.58348236e+02, 1.34368213e+03, 4.76721832e+02,
    1.35271545e+03, 4.95273010e+02, 1.36174255e+03, 5.13611450e+02,
    1.37087585e+03, 5.32183289e+02, 1.37986377e+03, 5.50535767e+02,
    1.31453577e+03, 4.67276184e+02, 1.32357324e+03, 4.85522400e+02,
    1.33250745e+03, 5.03854279e+02, 1.34149854e+03, 5.22233765e+02,
    1.35059814e+03, 5.40504944e+02, 1.35956653e+03, 5.58782043e+02 ]
