%YAML:1.0
---
points: [ 1.65223230e+03, 7.30376526e+02, 1.67269470e+03, 7.41922058e+02,
    1.69386108e+03, 7.53716248e+02, 1.71547986e+03, 7.65975281e+02,
    1.73767981e+03, 7.78490051e+02, 1.76052893e+03, 7.91339111e+02,
    1.63893201e+03, 7.46137390e+02, 1.65942212e+03, 7.57778198e+02,
    1.68035193e+03, 7.70051880e+02, 1.70176697e+03, 7.82439697e+02,
    1.72377075e+03, 7.95252869e+02, 1.74639172e+03, 8.08415710e+02,
    1.62577783e+03, 7.61769775e+02, 1.64598840e+03, 7.73813049e+02,
    1.66675305e+03, 7.86179504e+02, 1.68806543e+03, 7.98813110e+02,
    1.70992993e+03, 8.11870422e+02, 1.73233203e+03, 8.25408386e+02,
    1.61258862e+03, 7.77566406e+02, 1.63261279e+03, 7.89757202e+02,
    1.65322986e+03, 8.02452026e+02, 1.67434973e+03, 8.15347168e+02,
    1.69600525e+03, 8.28717285e+02, 1.71829932e+03, 8.42257568e+02,
    1.59936072e+03, 7.93301208e+02, 1.61922009e+03, 8.05801941e+02,
    1.63965601e+03, 8.18604675e+02, 1.66058643e+03, 8.31889648e+02,
    1.68214685e+03, 8.45398560e+02, 1.70409204e+03, 8.59397644e+02,
    1.58607947e+03, 8.08993591e+02, 1.60580469e+03, 8.21701172e+02,
    1.62594958e+03, 8.34838867e+02, 1.64674109e+03, 8.48337769e+02,
    1.66810034e+03, 8.62200928e+02, 1.69004871e+03, 8.76370239e+02,
    1.57281580e+03, 8.24796509e+02, 1.59237756e+03, 8.37813599e+02,
    1.61243689e+03, 8.51165649e+02, 1.63292505e+03, 8.64828918e+02,
    1.65407593e+03, 8.78961609e+02, 1.67576440e+03, 8.93404663e+02,
    1.55955042e+03, 8.40611206e+02, 1.57890454e+03, 8.53783203e+02,
    1.59879944e+03, 8.67358154e+02, 1.61920447e+03, 8.81289917e+02,
    1.64014807e+03, 8.95646851e+02, 1.66160315e+03, 9.10336182e+02 ]
