%YAML:1.0
---
points: [ 1.57722192e+03, 5.49542175e+02, 1.60641858e+03, 5.54410828e+02,
    1.63599524e+03, 5.59347290e+02, 1.66580151e+03, 5.64295105e+02,
    1.69608716e+03, 5.69328003e+02, 1.72669031e+03, 5.74436584e+02,
    1.57360706e+03, 5.73733948e+02, 1.60279968e+03, 5.78682922e+02,
    1.63254688e+03, 5.83921936e+02, 1.66272974e+03, 5.89080505e+02,
    1.69288354e+03, 5.94420898e+02, 1.72368127e+03, 5.99676697e+02,
    1.56995471e+03, 5.97956177e+02, 1.59930298e+03, 6.03292053e+02,
    1.62907336e+03, 6.08674194e+02, 1.65928577e+03, 6.14113831e+02,
    1.68989062e+03, 6.19697937e+02, 1.72077783e+03, 6.25300720e+02,
    1.56621143e+03, 6.22907776e+02, 1.59569727e+03, 6.28414246e+02,
    1.62567041e+03, 6.33896362e+02, 1.65592603e+03, 6.39597534e+02,
    1.68657129e+03, 6.45423035e+02, 1.71772693e+03, 6.51144592e+02,
    1.56249744e+03, 6.47798889e+02, 1.59195325e+03, 6.53714478e+02,
    1.62204114e+03, 6.59512451e+02, 1.65255347e+03, 6.65515198e+02,
    1.68347095e+03, 6.71391907e+02, 1.71461548e+03, 6.77352173e+02,
    1.55878186e+03, 6.72834290e+02, 1.58849902e+03, 6.79088989e+02,
    1.61864978e+03, 6.85280029e+02, 1.64913757e+03, 6.91473389e+02,
    1.68023840e+03, 6.97547546e+02, 1.71152295e+03, 7.03829590e+02,
    1.55466846e+03, 6.98561646e+02, 1.58471838e+03, 7.04944824e+02,
    1.61508069e+03, 7.11359558e+02, 1.64560754e+03, 7.17908386e+02,
    1.67664807e+03, 7.24290710e+02, 1.70832690e+03, 7.30766418e+02,
    1.55091162e+03, 7.24389526e+02, 1.58079468e+03, 7.30880920e+02,
    1.61140808e+03, 7.37757996e+02, 1.64232654e+03, 7.44347107e+02,
    1.67355078e+03, 7.51004272e+02, 1.70508252e+03, 7.57962219e+02 ]
