%YAML:1.0
---
points: [ 1.19708142e+03, 7.45058472e+02, 1.22384277e+03, 7.41547852e+02,
    1.25093555e+03, 7.37911682e+02, 1.27796802e+03, 7.34303711e+02,
    1.30492334e+03, 7.30477783e+02, 1.33219727e+03, 7.26881592e+02,
    1.20285413e+03, 7.72400146e+02, 1.23006311e+03, 7.68754822e+02,
    1.25741394e+03, 7.65308960e+02, 1.28449329e+03, 7.61421265e+02,
    1.31171472e+03, 7.57863525e+02, 1.33919751e+03, 7.54244385e+02,
    1.20893286e+03, 8.00172241e+02, 1.23636121e+03, 7.96542297e+02,
    1.26367566e+03, 7.92742615e+02, 1.29122095e+03, 7.89245239e+02,
    1.31874243e+03, 7.85654175e+02, 1.34631714e+03, 7.81889038e+02,
    1.21505151e+03, 8.28567688e+02, 1.24255823e+03, 8.24715515e+02,
    1.27029602e+03, 8.21239258e+02, 1.29805505e+03, 8.17510559e+02,
    1.32579480e+03, 8.13715515e+02, 1.35361707e+03, 8.10019348e+02,
    1.22130090e+03, 8.57401611e+02, 1.24909900e+03, 8.53774109e+02,
    1.27689368e+03, 8.50040894e+02, 1.30500085e+03, 8.46313416e+02,
    1.33295435e+03, 8.42610291e+02, 1.36078564e+03, 8.38863647e+02,
    1.22760718e+03, 8.86711121e+02, 1.25551831e+03, 8.82973572e+02,
    1.28398267e+03, 8.79457581e+02, 1.31194116e+03, 8.75606995e+02,
    1.34016711e+03, 8.71787476e+02, 1.36849084e+03, 8.68036438e+02,
    1.23378418e+03, 9.17007690e+02, 1.26233435e+03, 9.13207336e+02,
    1.29068945e+03, 9.09365845e+02, 1.31915503e+03, 9.05679993e+02,
    1.34769934e+03, 9.01866455e+02, 1.37611499e+03, 8.98101257e+02,
    1.24033325e+03, 9.47507629e+02, 1.26910986e+03, 9.43682434e+02,
    1.29757275e+03, 9.39706116e+02, 1.32646936e+03, 9.35872070e+02,
    1.35515833e+03, 9.32326294e+02, 1.38380481e+03, 9.28403320e+02 ]
