%YAML:1.0
---
points: [ 1.35991919e+03, 3.95908081e+02, 1.40724048e+03, 4.03507080e+02,
    1.45588574e+03, 4.11427155e+02, 1.50630359e+03, 4.19491608e+02,
    1.55798352e+03, 4.28170227e+02, 1.61135852e+03, 4.36809082e+02,
    1.34927454e+03, 4.36673431e+02, 1.39648999e+03, 4.44976898e+02,
    1.44542419e+03, 4.53793671e+02, 1.49598853e+03, 4.62417969e+02,
    1.54793823e+03, 4.71851074e+02, 1.60140308e+03, 4.81415863e+02,
    1.33828748e+03, 4.77668549e+02, 1.38572327e+03, 4.86949829e+02,
    1.43471130e+03, 4.96409027e+02, 1.48546021e+03, 5.06162903e+02,
    1.53773975e+03, 5.16270264e+02, 1.59147168e+03, 5.26669983e+02,
    1.32746631e+03, 5.19528015e+02, 1.37490540e+03, 5.29450195e+02,
    1.42423645e+03, 5.39587524e+02, 1.47499719e+03, 5.50150635e+02,
    1.52748828e+03, 5.61204163e+02, 1.58142932e+03, 5.72414612e+02,
    1.31629565e+03, 5.61794617e+02, 1.36396155e+03, 5.72522278e+02,
    1.41329224e+03, 5.83538940e+02, 1.46437671e+03, 5.95116272e+02,
    1.51698853e+03, 6.06750305e+02, 1.57137915e+03, 6.18914185e+02,
    1.30521289e+03, 6.04416626e+02, 1.35298975e+03, 6.16053284e+02,
    1.40250256e+03, 6.27956665e+02, 1.45365173e+03, 6.40321594e+02,
    1.50654028e+03, 6.53173157e+02, 1.56094019e+03, 6.66097839e+02,
    1.29371118e+03, 6.48165222e+02, 1.34171472e+03, 6.60558777e+02,
    1.39139539e+03, 6.73164001e+02, 1.44276294e+03, 6.86563599e+02,
    1.49582812e+03, 7.00239136e+02, 1.55058923e+03, 7.14193726e+02,
    1.28252051e+03, 6.92128113e+02, 1.33056628e+03, 7.05198303e+02,
    1.38050061e+03, 7.18816162e+02, 1.43194592e+03, 7.32963684e+02,
    1.48523438e+03, 7.47664795e+02, 1.53984290e+03, 7.62556702e+02 ]
