%YAML:1.0
---
points: [ 1.43096143e+03, 4.18078041e+01, 1.45117432e+03, 5.51231308e+01,
    1.47147693e+03, 6.84247284e+01, 1.49158887e+03, 8.15564117e+01,
    1.51168909e+03, 9.47958832e+01, 1.53172876e+03, 1.08033768e+02,
    1.41597046e+03, 5.88648834e+01, 1.43601172e+03, 7.17768555e+01,
    1.45571960e+03, 8.47591858e+01, 1.47567920e+03, 9.77770920e+01,
    1.49538879e+03, 1.10665237e+02, 1.51520532e+03, 1.23578934e+02,
    1.40175317e+03, 7.52942276e+01, 1.42121960e+03, 8.80924988e+01,
    1.44073010e+03, 1.00663322e+02, 1.46005823e+03, 1.13534843e+02,
    1.47952881e+03, 1.26133598e+02, 1.49878210e+03, 1.38850342e+02,
    1.38795654e+03, 9.12603836e+01, 1.40721338e+03, 1.03607773e+02,
    1.42622498e+03, 1.15971863e+02, 1.44541418e+03, 1.28397263e+02,
    1.46440344e+03, 1.40819244e+02, 1.48339905e+03, 1.53159332e+02,
    1.37476074e+03, 1.06474632e+02, 1.39346704e+03, 1.18518616e+02,
    1.41232153e+03, 1.30727219e+02, 1.43081177e+03, 1.42869278e+02,
    1.44978320e+03, 1.54888153e+02, 1.46834619e+03, 1.67208481e+02,
    1.36189636e+03, 1.21139206e+02, 1.38049927e+03, 1.33008011e+02,
    1.39870789e+03, 1.45016388e+02, 1.41730017e+03, 1.56781021e+02,
    1.43557507e+03, 1.68649048e+02, 1.45386560e+03, 1.80569931e+02,
    1.34981152e+03, 1.35252258e+02, 1.36778088e+03, 1.46871323e+02,
    1.38590454e+03, 1.58568222e+02, 1.40388660e+03, 1.70156174e+02,
    1.42217554e+03, 1.81789566e+02, 1.44005566e+03, 1.93459564e+02,
    1.33775098e+03, 1.48854202e+02, 1.35567273e+03, 1.60295807e+02,
    1.37337781e+03, 1.71731308e+02, 1.39120630e+03, 1.83114426e+02,
    1.40886353e+03, 1.94499680e+02, 1.42661865e+03, 2.05888275e+02 ]
