%YAML:1.0
---
cameraMatrix: !!opencv-matrix
   rows: 3
   cols: 3
   dt: d
   data: [ 1.0688221944334234e+03, 0., 9.4906432271555025e+02, 0.,
       1.0696496400688779e+03, 5.3617900024817197e+02, 0., 0., 1. ]
distortionCoefficients: !!opencv-matrix
   rows: 1
   cols: 5
   dt: d
   data: [ 9.1156870590111155e-02, -1.5904400826457285e-01,
       2.9322892334203976e-05, 3.6592765413460249e-04,
       7.4846283793347596e-02 ]
rotation: !!opencv-matrix
   rows: 3
   cols: 3
   dt: d
   data: [ 1., 0., 0., 0., 1., 0., 0., 0., 1. ]
projection: !!opencv-matrix
   rows: 4
   cols: 4
   dt: d
   data: [ 1.0688221944334234e+03, 0., 9.4906432271555025e+02, 0., 0.,
       1.0696496400688779e+03, 5.3617900024817197e+02, 0., 0., 0., 1.,
       0., 0., 0., 0., 1. ]
