%YAML:1.0
---
points: [ 7.59524597e+02, 4.18304504e+02, 7.97496765e+02, 4.18615051e+02,
    8.35482300e+02, 4.19252747e+02, 8.73382324e+02, 4.19563873e+02,
    9.11243896e+02, 4.20147675e+02, 9.48896179e+02, 4.20490173e+02,
    7.59202454e+02, 4.56217407e+02, 7.97291809e+02, 4.56611176e+02,
    8.35042847e+02, 4.57170105e+02, 8.72927856e+02, 4.57568176e+02,
    9.10698975e+02, 4.58004425e+02, 9.48520996e+02, 4.58462158e+02,
    7.58740051e+02, 4.94000427e+02, 7.96767944e+02, 4.94421326e+02,
    8.34630798e+02, 4.94867584e+02, 8.72445312e+02, 4.95371979e+02,
    9.10383362e+02, 4.95908081e+02, 9.47934509e+02, 4.96341827e+02,
    7.58536865e+02, 5.31779175e+02, 7.96450073e+02, 5.32321960e+02,
    8.34236694e+02, 5.32658936e+02, 8.72057251e+02, 5.33121033e+02,
    9.09816101e+02, 5.33503662e+02, 9.47504822e+02, 5.33840393e+02,
    7.58069153e+02, 5.69689819e+02, 7.95923218e+02, 5.70122986e+02,
    8.33718079e+02, 5.70465332e+02, 8.71539612e+02, 5.70690308e+02,
    9.09363525e+02, 5.71226746e+02, 9.47061768e+02, 5.71561157e+02,
    7.57599121e+02, 6.07392517e+02, 7.95559082e+02, 6.07708313e+02,
    8.33392273e+02, 6.08093750e+02, 8.71155762e+02, 6.08435974e+02,
    9.08815247e+02, 6.08694092e+02, 9.46523804e+02, 6.09160278e+02,
    7.57135254e+02, 6.45298584e+02, 7.95137085e+02, 6.45546753e+02,
    8.32865173e+02, 6.45915771e+02, 8.70618408e+02, 6.46296570e+02,
    9.08373169e+02, 6.46695068e+02, 9.45996094e+02, 6.47094238e+02,
    7.56607483e+02, 6.82794922e+02, 7.94553406e+02, 6.83169067e+02,
    8.32458679e+02, 6.83465515e+02, 8.70165039e+02, 6.83922119e+02,
    9.07798950e+02, 6.84274719e+02, 9.45492188e+02, 6.84645081e+02 ]
