%YAML:1.0
---
points: [ 1.33138403e+03, 3.23251617e+02, 1.33319836e+03, 3.85642914e+02,
    1.33518591e+03, 4.48231659e+02, 1.33742786e+03, 5.10609680e+02,
    1.33960144e+03, 5.73458984e+02, 1.34235413e+03, 6.36412170e+02,
    1.26757654e+03, 3.25574402e+02, 1.26942480e+03, 3.87720154e+02,
    1.27121777e+03, 4.50092499e+02, 1.27344800e+03, 5.12359131e+02,
    1.27545898e+03, 5.74774841e+02, 1.27789160e+03, 6.37570618e+02,
    1.20461865e+03, 3.28101959e+02, 1.20634497e+03, 3.89942810e+02,
    1.20814172e+03, 4.51844299e+02, 1.21018628e+03, 5.13754883e+02,
    1.21209705e+03, 5.76222473e+02, 1.21421228e+03, 6.38581238e+02,
    1.14201318e+03, 3.30283295e+02, 1.14353162e+03, 3.92019989e+02,
    1.14538586e+03, 4.53776642e+02, 1.14739343e+03, 5.15468872e+02,
    1.14922937e+03, 5.77413147e+02, 1.15126440e+03, 6.39673645e+02,
    1.07984729e+03, 3.32549408e+02, 1.08148633e+03, 3.93834717e+02,
    1.08325903e+03, 4.55458496e+02, 1.08505530e+03, 5.17147949e+02,
    1.08676636e+03, 5.78823975e+02, 1.08873450e+03, 6.40717224e+02,
    1.01838495e+03, 3.34517487e+02, 1.02007733e+03, 3.95864075e+02,
    1.02170074e+03, 4.57303467e+02, 1.02333411e+03, 5.18611023e+02,
    1.02506860e+03, 5.80373962e+02, 1.02671802e+03, 6.42112549e+02,
    9.56704651e+02, 3.36560181e+02, 9.58512146e+02, 3.97694336e+02,
    9.59973694e+02, 4.59055298e+02, 9.61571960e+02, 5.20164551e+02,
    9.63340027e+02, 5.81650391e+02, 9.64850769e+02, 6.43422852e+02,
    8.96116882e+02, 3.38567535e+02, 8.97560974e+02, 3.99473724e+02,
    8.99309082e+02, 4.60618164e+02, 9.00708557e+02, 5.21722229e+02,
    9.02211060e+02, 5.83105774e+02, 9.03573486e+02, 6.44550110e+02 ]
