%YAML:1.0
---
points: [ 1.95722763e+02, 2.54440964e+02, 1.96612244e+02, 2.41642670e+02,
    1.97480637e+02, 2.28814682e+02, 1.98244446e+02, 2.15996948e+02,
    1.99028320e+02, 2.03280487e+02, 1.99822372e+02, 1.90431732e+02,
    2.08567078e+02, 2.55180237e+02, 2.09395325e+02, 2.42504913e+02,
    2.10196915e+02, 2.29714935e+02, 2.11033951e+02, 2.16889633e+02,
    2.11841537e+02, 2.04103073e+02, 2.12690918e+02, 1.91364502e+02,
    2.21393784e+02, 2.56138397e+02, 2.22254379e+02, 2.43331100e+02,
    2.23111649e+02, 2.30533813e+02, 2.23840652e+02, 2.17704651e+02,
    2.24773590e+02, 2.05000259e+02, 2.25385605e+02, 1.92227386e+02,
    2.34089157e+02, 2.56940033e+02, 2.34945892e+02, 2.44197678e+02,
    2.35867050e+02, 2.31508041e+02, 2.36942459e+02, 2.18350098e+02,
    2.37706955e+02, 2.05952164e+02, 2.38360352e+02, 1.92984146e+02,
    2.46891479e+02, 2.57856567e+02, 2.47765732e+02, 2.45029083e+02,
    2.48507874e+02, 2.32255493e+02, 2.49789474e+02, 2.19645691e+02,
    2.49911713e+02, 2.06512360e+02, 2.50951889e+02, 1.94062469e+02,
    2.59709961e+02, 2.58658051e+02, 2.60471100e+02, 2.45845840e+02,
    2.61314789e+02, 2.33152634e+02, 2.61926056e+02, 2.20191681e+02,
    2.62924469e+02, 2.07589615e+02, 2.63761169e+02, 1.94741898e+02,
    2.72388550e+02, 2.59424744e+02, 2.73192200e+02, 2.46748001e+02,
    2.73992645e+02, 2.33902802e+02, 2.74898865e+02, 2.21261993e+02,
    2.75709381e+02, 2.08388931e+02, 2.76587524e+02, 1.95527542e+02,
    2.85186127e+02, 2.60331238e+02, 2.86002533e+02, 2.47573898e+02,
    2.86877563e+02, 2.34760620e+02, 2.87633331e+02, 2.22054062e+02,
    2.88536011e+02, 2.09259415e+02, 2.89269196e+02, 1.96395172e+02 ]
