%YAML:1.0
---
points: [ 2.10345322e+02, 1.73992752e+02, 2.23276566e+02, 1.74201309e+02,
    2.36107758e+02, 1.74398376e+02, 2.48912506e+02, 1.74467834e+02,
    2.61725739e+02, 1.74624832e+02, 2.74585785e+02, 1.74722839e+02,
    2.10267319e+02, 1.86938477e+02, 2.23081192e+02, 1.87046600e+02,
    2.35973068e+02, 1.87228363e+02, 2.48803696e+02, 1.87536697e+02,
    2.61641602e+02, 1.87506332e+02, 2.74370911e+02, 1.87541870e+02,
    2.10135025e+02, 1.99698090e+02, 2.22900528e+02, 1.99886444e+02,
    2.35686935e+02, 2.00586105e+02, 2.49002411e+02, 1.99829605e+02,
    2.61313416e+02, 2.00516266e+02, 2.74178436e+02, 2.00522202e+02,
    2.09981369e+02, 2.12595383e+02, 2.22839386e+02, 2.12624741e+02,
    2.35695114e+02, 2.12777649e+02, 2.48369843e+02, 2.13199509e+02,
    2.61337341e+02, 2.13157333e+02, 2.74022156e+02, 2.13401535e+02,
    2.09849945e+02, 2.25425720e+02, 2.22644516e+02, 2.25603500e+02,
    2.35536804e+02, 2.25492310e+02, 2.48327545e+02, 2.25350296e+02,
    2.61128265e+02, 2.25743408e+02, 2.73865570e+02, 2.26030945e+02,
    2.09669815e+02, 2.38163376e+02, 2.22608917e+02, 2.38266129e+02,
    2.35350998e+02, 2.38334961e+02, 2.48146088e+02, 2.38582169e+02,
    2.60840698e+02, 2.38738403e+02, 2.73743744e+02, 2.38851105e+02,
    2.09572708e+02, 2.50934204e+02, 2.22452896e+02, 2.51085632e+02,
    2.35222870e+02, 2.51175842e+02, 2.47916519e+02, 2.51351959e+02,
    2.60776855e+02, 2.51467468e+02, 2.73586578e+02, 2.51614120e+02,
    2.09424561e+02, 2.63777863e+02, 2.22166321e+02, 2.63947693e+02,
    2.34936234e+02, 2.64064087e+02, 2.47762802e+02, 2.64216858e+02,
    2.60575623e+02, 2.64265350e+02, 2.73310547e+02, 2.64360565e+02 ]
