%YAML:1.0
---
points: [ 1.21890497e+01, 8.82396622e+01, 2.63983097e+01, 8.12134247e+01,
    4.00590668e+01, 7.47086182e+01, 5.36332893e+01, 6.82840805e+01,
    6.64967804e+01, 6.24257774e+01, 7.92764282e+01, 5.66362419e+01,
    2.17212620e+01, 1.01435211e+02, 3.56087265e+01, 9.43712158e+01,
    4.94111137e+01, 8.76475220e+01, 6.26251640e+01, 8.11988754e+01,
    7.56464233e+01, 7.51108322e+01, 8.80932007e+01, 6.93492432e+01,
    3.12314854e+01, 1.14716743e+02, 4.52292061e+01, 1.07561188e+02,
    5.87437096e+01, 1.00681793e+02, 7.20080719e+01, 9.41353836e+01,
    8.46571732e+01, 8.79494858e+01, 9.70130692e+01, 8.19056168e+01,
    4.11328163e+01, 1.28059723e+02, 5.48882637e+01, 1.20706787e+02,
    6.83291016e+01, 1.13721718e+02, 8.12523804e+01, 1.07021896e+02,
    9.38444290e+01, 1.00609589e+02, 1.05868439e+02, 9.44261322e+01,
    5.10370140e+01, 1.41234558e+02, 6.46770477e+01, 1.33794418e+02,
    7.78873901e+01, 1.26643547e+02, 9.06861115e+01, 1.19842888e+02,
    1.02977448e+02, 1.13193604e+02, 1.14820549e+02, 1.06946922e+02,
    6.10773811e+01, 1.54319702e+02, 7.44714279e+01, 1.46643539e+02,
    8.74758301e+01, 1.39339264e+02, 9.99927673e+01, 1.32381866e+02,
    1.12055977e+02, 1.25651566e+02, 1.23551773e+02, 1.19224030e+02,
    7.11106415e+01, 1.67296783e+02, 8.42484283e+01, 1.59462448e+02,
    9.70092621e+01, 1.52075882e+02, 1.09225479e+02, 1.44868301e+02,
    1.21051689e+02, 1.38011292e+02, 1.32299133e+02, 1.31377335e+02,
    8.11135941e+01, 1.80034439e+02, 9.39423752e+01, 1.72044830e+02,
    1.06382248e+02, 1.64326645e+02, 1.18321068e+02, 1.57060883e+02,
    1.29850891e+02, 1.50029434e+02, 1.40861420e+02, 1.43297165e+02 ]
