%YAML:1.0
---
points: [ 1.38277283e+03, 3.89146637e+02, 1.38430811e+03, 4.47576721e+02,
    1.38570654e+03, 5.06449493e+02, 1.38739551e+03, 5.65444824e+02,
    1.38930859e+03, 6.24800293e+02, 1.39126270e+03, 6.84786255e+02,
    1.32269458e+03, 3.90086334e+02, 1.32375073e+03, 4.48303406e+02,
    1.32524207e+03, 5.06728546e+02, 1.32672351e+03, 5.65592346e+02,
    1.32824353e+03, 6.24620605e+02, 1.33007080e+03, 6.84411133e+02,
    1.26330969e+03, 3.90806763e+02, 1.26417310e+03, 4.48808289e+02,
    1.26530566e+03, 5.07111908e+02, 1.26656555e+03, 5.65597900e+02,
    1.26788477e+03, 6.24551575e+02, 1.26946680e+03, 6.83859436e+02,
    1.20414380e+03, 3.91654480e+02, 1.20493140e+03, 4.49495178e+02,
    1.20600977e+03, 5.07403076e+02, 1.20700452e+03, 5.65741211e+02,
    1.20811597e+03, 6.24387939e+02, 1.20950305e+03, 6.83520813e+02,
    1.14552515e+03, 3.92405518e+02, 1.14624780e+03, 4.49970398e+02,
    1.14702881e+03, 5.07788818e+02, 1.14796533e+03, 5.65816284e+02,
    1.14888745e+03, 6.24275391e+02, 1.14981165e+03, 6.83215393e+02,
    1.08759729e+03, 3.93131439e+02, 1.08818030e+03, 4.50441345e+02,
    1.08888220e+03, 5.08151062e+02, 1.08951099e+03, 5.65965515e+02,
    1.09025806e+03, 6.24207458e+02, 1.09108057e+03, 6.82845947e+02,
    1.02961780e+03, 3.93707214e+02, 1.03013806e+03, 4.50959412e+02,
    1.03058801e+03, 5.08392548e+02, 1.03116663e+03, 5.66149536e+02,
    1.03163770e+03, 6.24213928e+02, 1.03225427e+03, 6.82694397e+02,
    9.72601440e+02, 3.94467590e+02, 9.73035950e+02, 4.51400818e+02,
    9.73385254e+02, 5.08661499e+02, 9.73629639e+02, 5.66259705e+02,
    9.74002502e+02, 6.24169800e+02, 9.74309509e+02, 6.82476318e+02 ]
