%YAML:1.0
---
points: [ 1.93255722e+02, 2.39281311e+02, 1.94201157e+02, 2.26451019e+02,
    1.95115524e+02, 2.13790009e+02, 1.96029236e+02, 2.00892212e+02,
    1.96957626e+02, 1.88065186e+02, 1.97844040e+02, 1.75311676e+02,
    2.06059433e+02, 2.40215012e+02, 2.07023270e+02, 2.27497452e+02,
    2.07837143e+02, 2.14684113e+02, 2.08847626e+02, 2.01859161e+02,
    2.09807281e+02, 1.89087540e+02, 2.10716553e+02, 1.76257080e+02,
    2.18914948e+02, 2.41268814e+02, 2.19765930e+02, 2.28340225e+02,
    2.20831955e+02, 2.15647934e+02, 2.21871201e+02, 2.02787827e+02,
    2.22721313e+02, 1.90087128e+02, 2.23536118e+02, 1.77308701e+02,
    2.31692337e+02, 2.42125320e+02, 2.32670670e+02, 2.29492706e+02,
    2.33679718e+02, 2.16714813e+02, 2.35091873e+02, 2.03431763e+02,
    2.35355591e+02, 1.91086823e+02, 2.36353989e+02, 1.78233627e+02,
    2.44432556e+02, 2.43125046e+02, 2.45344452e+02, 2.30375381e+02,
    2.46277008e+02, 2.17602753e+02, 2.47443466e+02, 2.04658417e+02,
    2.48237579e+02, 1.92005096e+02, 2.49143494e+02, 1.79272049e+02,
    2.57068146e+02, 2.43994278e+02, 2.57922852e+02, 2.31307251e+02,
    2.59140137e+02, 2.18687286e+02, 2.58961151e+02, 2.05560089e+02,
    2.60835724e+02, 1.92974213e+02, 2.61830109e+02, 1.80114899e+02,
    2.69948792e+02, 2.45063431e+02, 2.70851501e+02, 2.32253983e+02,
    2.71744812e+02, 2.19509415e+02, 2.72806061e+02, 2.06747162e+02,
    2.73689270e+02, 1.93832062e+02, 2.74599915e+02, 1.81209244e+02,
    2.82703949e+02, 2.46011383e+02, 2.83578247e+02, 2.33168839e+02,
    2.84535614e+02, 2.20461868e+02, 2.85434387e+02, 2.07683212e+02,
    2.86393250e+02, 1.94888626e+02, 2.87385681e+02, 1.82091965e+02 ]
