%YAML:1.0
---
points: [ 1.34713699e+02, 1.52701996e+02, 1.81802414e+02, 1.32750549e+02,
    2.27225891e+02, 1.13678139e+02, 2.70745117e+02, 9.54359894e+01,
    3.12467468e+02, 7.78258362e+01, 3.52805939e+02, 6.12392502e+01,
    1.69136520e+02, 1.95380798e+02, 2.15224777e+02, 1.74807205e+02,
    2.59499023e+02, 1.55210617e+02, 3.02017670e+02, 1.36368668e+02,
    3.43006989e+02, 1.18374214e+02, 3.82397827e+02, 1.01034294e+02,
    2.02939667e+02, 2.37276443e+02, 2.47959564e+02, 2.16127686e+02,
    2.91271576e+02, 1.95759537e+02, 3.32877106e+02, 1.76484253e+02,
    3.72909943e+02, 1.57928146e+02, 4.11351990e+02, 1.40280518e+02,
    2.36296951e+02, 2.78347778e+02, 2.80319031e+02, 2.56709015e+02,
    3.22649261e+02, 2.35870209e+02, 3.63296844e+02, 2.15933548e+02,
    4.02382996e+02, 1.96872223e+02, 4.39958282e+02, 1.78642731e+02,
    2.69118103e+02, 3.18666901e+02, 3.12118683e+02, 2.96356079e+02,
    3.53488373e+02, 2.75265320e+02, 3.93251617e+02, 2.54751282e+02,
    4.31330078e+02, 2.35204453e+02, 4.67933533e+02, 2.16393188e+02,
    3.01293579e+02, 3.57965973e+02, 3.43407043e+02, 3.35376282e+02,
    3.83822052e+02, 3.13486359e+02, 4.22544189e+02, 2.92683685e+02,
    4.59796204e+02, 2.72655457e+02, 4.95519379e+02, 2.53388657e+02,
    3.33174103e+02, 3.96933136e+02, 3.74194244e+02, 3.73615356e+02,
    4.13740662e+02, 3.51425659e+02, 4.51489197e+02, 3.30120697e+02,
    4.87865356e+02, 3.09555878e+02, 5.22658813e+02, 2.89745422e+02,
    3.64177734e+02, 4.34571259e+02, 4.04280212e+02, 4.10802277e+02,
    4.42740723e+02, 3.88053497e+02, 4.79655884e+02, 3.66345215e+02,
    5.15088806e+02, 3.45301025e+02, 5.48973877e+02, 3.25283905e+02 ]
