%YAML:1.0
---
points: [ 1.42544556e+03, 4.23254333e+02, 1.42662085e+03, 4.80765900e+02,
    1.42783301e+03, 5.38731873e+02, 1.42926721e+03, 5.96758972e+02,
    1.43085803e+03, 6.55082336e+02, 1.43260229e+03, 7.13641357e+02,
    1.36579077e+03, 4.24089752e+02, 1.36692297e+03, 4.81410217e+02,
    1.36816077e+03, 5.39085205e+02, 1.36951904e+03, 5.96903687e+02,
    1.37073511e+03, 6.54859741e+02, 1.37250024e+03, 7.13372070e+02,
    1.30716040e+03, 4.24866425e+02, 1.30791394e+03, 4.81937286e+02,
    1.30893677e+03, 5.39451111e+02, 1.31029578e+03, 5.96934265e+02,
    1.31143811e+03, 6.54739807e+02, 1.31270020e+03, 7.12827087e+02,
    1.24864172e+03, 4.25630127e+02, 1.24941650e+03, 4.82570831e+02,
    1.25030347e+03, 5.39685852e+02, 1.25146277e+03, 5.97053467e+02,
    1.25258569e+03, 6.54566345e+02, 1.25378223e+03, 7.12551270e+02,
    1.19065173e+03, 4.26670807e+02, 1.19139880e+03, 4.83131683e+02,
    1.19216663e+03, 5.39992554e+02, 1.19307593e+03, 5.97095825e+02,
    1.19431714e+03, 6.54437500e+02, 1.19528760e+03, 7.12150085e+02,
    1.13350000e+03, 4.27477234e+02, 1.13411682e+03, 4.83713226e+02,
    1.13474573e+03, 5.40423706e+02, 1.13555957e+03, 5.97228210e+02,
    1.13645581e+03, 6.54350952e+02, 1.13745471e+03, 7.11738037e+02,
    1.07634436e+03, 4.28177979e+02, 1.07686230e+03, 4.84409882e+02,
    1.07747717e+03, 5.40702271e+02, 1.07813721e+03, 5.97347473e+02,
    1.07880652e+03, 6.54285095e+02, 1.07958081e+03, 7.11535339e+02,
    1.02012982e+03, 4.28796082e+02, 1.02063342e+03, 4.84817444e+02,
    1.02121429e+03, 5.41136230e+02, 1.02157135e+03, 5.97486084e+02,
    1.02218994e+03, 6.54242615e+02, 1.02260529e+03, 7.11329956e+02 ]
