%YAML:1.0
---
points: [ 1.46190781e+02, 2.35616348e+02, 1.47209442e+02, 2.22671722e+02,
    1.48263855e+02, 2.09640625e+02, 1.49294724e+02, 1.96651947e+02,
    1.50289200e+02, 1.83621140e+02, 1.51304810e+02, 1.70608093e+02,
    1.59337448e+02, 2.36639313e+02, 1.60405014e+02, 2.23724167e+02,
    1.61406586e+02, 2.10688217e+02, 1.62468216e+02, 1.97779266e+02,
    1.63485672e+02, 1.84763245e+02, 1.64492477e+02, 1.71766861e+02,
    1.72539902e+02, 2.37690155e+02, 1.73571564e+02, 2.24773270e+02,
    1.74617355e+02, 2.11815231e+02, 1.75603577e+02, 1.98868439e+02,
    1.76659119e+02, 1.85988190e+02, 1.77575882e+02, 1.73032745e+02,
    1.85566483e+02, 2.38706451e+02, 1.86667984e+02, 2.25815735e+02,
    1.87689575e+02, 2.12944885e+02, 1.88731140e+02, 2.00070953e+02,
    1.89736221e+02, 1.87083023e+02, 1.90769653e+02, 1.74204208e+02,
    1.98542267e+02, 2.39733551e+02, 1.99579132e+02, 2.26882965e+02,
    2.00719574e+02, 2.14061066e+02, 2.01659882e+02, 2.01115234e+02,
    2.02723282e+02, 1.88397980e+02, 2.03765320e+02, 1.75492477e+02,
    2.11462448e+02, 2.40754807e+02, 2.12546936e+02, 2.27863297e+02,
    2.13678894e+02, 2.15076141e+02, 2.14707794e+02, 2.02413040e+02,
    2.15720230e+02, 1.89411087e+02, 2.16669952e+02, 1.76490814e+02,
    2.24265564e+02, 2.41791931e+02, 2.25446884e+02, 2.29051254e+02,
    2.26437988e+02, 2.16165848e+02, 2.27636169e+02, 2.03343857e+02,
    2.28401260e+02, 1.90607651e+02, 2.29512115e+02, 1.77636337e+02,
    2.37163422e+02, 2.42918472e+02, 2.38144150e+02, 2.29959167e+02,
    2.39320419e+02, 2.17320389e+02, 2.40047043e+02, 2.04436127e+02,
    2.41266083e+02, 1.91682175e+02, 2.42463089e+02, 1.78843323e+02 ]
