%YAML:1.0
---
points: [ 1.50925232e+02, 1.48613358e+02, 1.98574509e+02, 1.30462311e+02,
    2.44421188e+02, 1.12932167e+02, 2.88362701e+02, 9.62500534e+01,
    3.30754486e+02, 8.04330597e+01, 3.71441467e+02, 6.51247482e+01,
    1.83051758e+02, 1.91529877e+02, 2.29684418e+02, 1.72608337e+02,
    2.74588165e+02, 1.54507080e+02, 3.17707275e+02, 1.37343124e+02,
    3.59202789e+02, 1.20756790e+02, 3.99040375e+02, 1.04924713e+02,
    2.14684998e+02, 2.33714737e+02, 2.60411377e+02, 2.14275787e+02,
    3.04414734e+02, 1.95453506e+02, 3.46598114e+02, 1.77560394e+02,
    3.87320892e+02, 1.60537903e+02, 4.26238495e+02, 1.44185349e+02,
    2.46113525e+02, 2.75150879e+02, 2.90868927e+02, 2.55115692e+02,
    3.33802032e+02, 2.35750336e+02, 3.75293793e+02, 2.17272583e+02,
    4.14954132e+02, 1.99628876e+02, 4.53108612e+02, 1.82697647e+02,
    2.77149261e+02, 3.16035339e+02, 3.20828552e+02, 2.95227783e+02,
    3.62993378e+02, 2.75418610e+02, 4.03365784e+02, 2.56431610e+02,
    4.42321808e+02, 2.38110123e+02, 4.79593445e+02, 2.20569946e+02,
    3.07504150e+02, 3.55869812e+02, 3.50469757e+02, 3.34591217e+02,
    3.91656647e+02, 3.14087341e+02, 4.31230865e+02, 2.94596527e+02,
    4.69165497e+02, 2.75696350e+02, 5.05588440e+02, 2.57854553e+02,
    3.37627502e+02, 3.95358124e+02, 3.79570587e+02, 3.73410614e+02,
    4.20055298e+02, 3.52465637e+02, 4.58634430e+02, 3.32291718e+02,
    4.95718811e+02, 3.13111084e+02, 5.31411499e+02, 2.94494019e+02,
    3.67209869e+02, 4.33610596e+02, 4.08294922e+02, 4.11197235e+02,
    4.47520630e+02, 3.89534149e+02, 4.85416046e+02, 3.68992706e+02,
    5.21530457e+02, 3.49185425e+02, 5.56438599e+02, 3.30396667e+02 ]
