%YAML:1.0
---
points: [ 1.61693439e+01, 8.65550156e+01, 3.05163708e+01, 7.99073868e+01,
    4.43461761e+01, 7.37799225e+01, 5.81843643e+01, 6.77765350e+01,
    7.12094040e+01, 6.22307396e+01, 8.42146378e+01, 5.67332726e+01,
    2.52398891e+01, 9.99764481e+01, 3.92911911e+01, 9.32029877e+01,
    5.33437309e+01, 8.69324188e+01, 6.67230988e+01, 8.08677673e+01,
    7.99305496e+01, 7.50698318e+01, 9.25108261e+01, 6.95479889e+01,
    3.42826958e+01, 1.13359222e+02, 4.85066414e+01, 1.06586899e+02,
    6.22373924e+01, 1.00097572e+02, 7.56136398e+01, 9.38570938e+01,
    8.85754318e+01, 8.80424805e+01, 1.01087769e+02, 8.23041306e+01,
    4.37502022e+01, 1.26898102e+02, 5.77087021e+01, 1.19881096e+02,
    7.13753052e+01, 1.13247566e+02, 8.45408401e+01, 1.06880806e+02,
    9.72653351e+01, 1.00824089e+02, 1.09551514e+02, 9.50196381e+01,
    5.32262650e+01, 1.40179642e+02, 6.71058426e+01, 1.33138321e+02,
    8.05470581e+01, 1.26316460e+02, 9.35245743e+01, 1.19830376e+02,
    1.06054115e+02, 1.13550117e+02, 1.18065033e+02, 1.07583801e+02,
    6.27200127e+01, 1.53396225e+02, 7.63786240e+01, 1.46203796e+02,
    8.96625443e+01, 1.39218475e+02, 1.02375809e+02, 1.32576431e+02,
    1.14657532e+02, 1.26184250e+02, 1.26486549e+02, 1.20112579e+02,
    7.23839264e+01, 1.66563370e+02, 8.58185959e+01, 1.59189682e+02,
    9.88127823e+01, 1.52051437e+02, 1.11274559e+02, 1.45207413e+02,
    1.23294792e+02, 1.38642136e+02, 1.34863083e+02, 1.32375671e+02,
    8.19888229e+01, 1.79461395e+02, 9.50374222e+01, 1.71887680e+02,
    1.07741997e+02, 1.64555450e+02, 1.20002510e+02, 1.57517853e+02,
    1.31703613e+02, 1.50813278e+02, 1.43068954e+02, 1.44351120e+02 ]
