%YAML:1.0
---
points: [ 1.44267249e+03, 1.33047272e+02, 1.44653381e+03, 1.85754822e+02,
    1.45036194e+03, 2.39332886e+02, 1.45440063e+03, 2.93219116e+02,
    1.45840442e+03, 3.48121735e+02, 1.46262732e+03, 4.03395935e+02,
    1.38548999e+03, 1.36280533e+02, 1.38888501e+03, 1.88864243e+02,
    1.39227185e+03, 2.42286530e+02, 1.39580676e+03, 2.96019653e+02,
    1.39937988e+03, 3.50477051e+02, 1.40294421e+03, 4.05539856e+02,
    1.32882471e+03, 1.39626373e+02, 1.33190295e+03, 1.92146591e+02,
    1.33466675e+03, 2.45248978e+02, 1.33786731e+03, 2.98664917e+02,
    1.34083997e+03, 3.53178314e+02, 1.34408472e+03, 4.07617950e+02,
    1.27275732e+03, 1.43198318e+02, 1.27533130e+03, 1.95477905e+02,
    1.27798181e+03, 2.48339172e+02, 1.28055237e+03, 3.01626556e+02,
    1.28331641e+03, 3.55574158e+02, 1.28591809e+03, 4.09809540e+02,
    1.21724133e+03, 1.46439606e+02, 1.21934583e+03, 1.98572586e+02,
    1.22149524e+03, 2.51374313e+02, 1.22370825e+03, 3.04438568e+02,
    1.22630701e+03, 3.58111725e+02, 1.22859961e+03, 4.12279266e+02,
    1.16237537e+03, 1.49781509e+02, 1.16428259e+03, 2.01810059e+02,
    1.16592456e+03, 2.54387177e+02, 1.16793530e+03, 3.07263794e+02,
    1.16993018e+03, 3.60502289e+02, 1.17191309e+03, 4.14281616e+02,
    1.10750488e+03, 1.53408539e+02, 1.10919348e+03, 2.05063934e+02,
    1.11075916e+03, 2.57274933e+02, 1.11241467e+03, 3.09707947e+02,
    1.11419031e+03, 3.62868835e+02, 1.11607837e+03, 4.16523163e+02,
    1.05389465e+03, 1.56505722e+02, 1.05532202e+03, 2.08040558e+02,
    1.05668457e+03, 2.60218842e+02, 1.05810669e+03, 3.12355988e+02,
    1.05953809e+03, 3.65276581e+02, 1.06076990e+03, 4.18411194e+02 ]
