%YAML:1.0
---
points: [ 3.36179535e+02, 3.19618195e+02, 3.49371643e+02, 2.92541138e+02,
    3.62732727e+02, 2.64573456e+02, 3.76642914e+02, 2.35971710e+02,
    3.90810486e+02, 2.06261185e+02, 4.05581451e+02, 1.75618958e+02,
    3.60829407e+02, 3.44456329e+02, 3.74276550e+02, 3.17650116e+02,
    3.88331696e+02, 2.90286102e+02, 4.02399902e+02, 2.61767853e+02,
    4.17284912e+02, 2.32600967e+02, 4.32298950e+02, 2.02313797e+02,
    3.85418488e+02, 3.69315125e+02, 3.99457245e+02, 3.43024323e+02,
    4.13663147e+02, 3.15787628e+02, 4.28426758e+02, 2.87854492e+02,
    4.43598602e+02, 2.58965881e+02, 4.59261841e+02, 2.29176361e+02,
    4.10404572e+02, 3.94332275e+02, 4.24731567e+02, 3.68316467e+02,
    4.39424469e+02, 3.41637817e+02, 4.54508698e+02, 3.13849457e+02,
    4.70307098e+02, 2.85474335e+02, 4.86276062e+02, 2.56006805e+02,
    4.35493195e+02, 4.19507416e+02, 4.50311737e+02, 3.93937103e+02,
    4.65419739e+02, 3.67403778e+02, 4.81063690e+02, 3.40287231e+02,
    4.96895905e+02, 3.11865021e+02, 5.13552734e+02, 2.83076996e+02,
    4.60509033e+02, 4.44653137e+02, 4.75631012e+02, 4.19236572e+02,
    4.91310211e+02, 3.93376709e+02, 5.07405945e+02, 3.66360413e+02,
    5.23826965e+02, 3.38675079e+02, 5.40841736e+02, 3.09907715e+02,
    4.85916168e+02, 4.69802521e+02, 5.01541473e+02, 4.45028381e+02,
    5.17474365e+02, 4.19238586e+02, 5.34092346e+02, 3.92958862e+02,
    5.51023376e+02, 3.65386261e+02, 5.68514893e+02, 3.37254333e+02,
    5.11232117e+02, 4.95226105e+02, 5.27190186e+02, 4.70496613e+02,
    5.43668152e+02, 4.45237396e+02, 5.60451233e+02, 4.19135712e+02,
    5.77974121e+02, 3.92220276e+02, 5.95848450e+02, 3.64300873e+02 ]
