%YAML:1.0
---
points: [ 2.51931763e+02, 1.16726982e+02, 2.54374634e+02, 1.30905426e+02,
    2.56663879e+02, 1.44717148e+02, 2.59012146e+02, 1.58022278e+02,
    2.61224213e+02, 1.70926025e+02, 2.63416992e+02, 1.83446167e+02,
    2.37963776e+02, 1.19416435e+02, 2.40576248e+02, 1.33606277e+02,
    2.43240204e+02, 1.47303253e+02, 2.45696243e+02, 1.60521729e+02,
    2.48156891e+02, 1.73429092e+02, 2.50465134e+02, 1.85933578e+02,
    2.24041016e+02, 1.22047714e+02, 2.26905502e+02, 1.36175430e+02,
    2.29747467e+02, 1.49861343e+02, 2.32420059e+02, 1.63051437e+02,
    2.35067734e+02, 1.75899673e+02, 2.37599075e+02, 1.88307358e+02,
    2.10043732e+02, 1.24739288e+02, 2.13156769e+02, 1.38714554e+02,
    2.16181183e+02, 1.52333572e+02, 2.19119659e+02, 1.65651962e+02,
    2.21942810e+02, 1.78376404e+02, 2.24731491e+02, 1.90824463e+02,
    1.96012787e+02, 1.27251457e+02, 1.99353348e+02, 1.41301315e+02,
    2.02586655e+02, 1.54924271e+02, 2.05746567e+02, 1.68068390e+02,
    2.08826813e+02, 1.80865479e+02, 2.11709717e+02, 1.93256409e+02,
    1.81975754e+02, 1.29856796e+02, 1.85527344e+02, 1.43828720e+02,
    1.88999725e+02, 1.57377380e+02, 1.92347488e+02, 1.70551437e+02,
    1.95650650e+02, 1.83311996e+02, 1.98752258e+02, 1.95685562e+02,
    1.67805740e+02, 1.32409470e+02, 1.71695663e+02, 1.46420807e+02,
    1.75265137e+02, 1.59982620e+02, 1.78890671e+02, 1.73091080e+02,
    1.82309357e+02, 1.85801819e+02, 1.85656418e+02, 1.98099533e+02,
    1.53763489e+02, 1.35039139e+02, 1.57764847e+02, 1.48978775e+02,
    1.61726135e+02, 1.62511139e+02, 1.65469559e+02, 1.75543610e+02,
    1.69106384e+02, 1.88245270e+02, 1.72631470e+02, 2.00544357e+02 ]
