%YAML:1.0
---
points: [ 6.73871765e+01, 1.41201508e+02, 7.22097092e+01, 1.32163391e+02,
    7.68992157e+01, 1.22753914e+02, 8.18398743e+01, 1.13133492e+02,
    8.69360733e+01, 1.03225670e+02, 9.22609482e+01, 9.28274841e+01,
    7.55127640e+01, 1.49526154e+02, 8.02386322e+01, 1.40496460e+02,
    8.52387238e+01, 1.31227768e+02, 9.02160873e+01, 1.21650536e+02,
    9.54926834e+01, 1.11845642e+02, 1.01014961e+02, 1.01631805e+02,
    8.35779953e+01, 1.57811676e+02, 8.85529327e+01, 1.48937408e+02,
    9.35368729e+01, 1.39696716e+02, 9.87961426e+01, 1.30312668e+02,
    1.04218323e+02, 1.20563332e+02, 1.09870003e+02, 1.10476494e+02,
    9.19312439e+01, 1.66145325e+02, 9.69245300e+01, 1.57332474e+02,
    1.02183701e+02, 1.48278534e+02, 1.07518555e+02, 1.39005219e+02,
    1.13086853e+02, 1.29394577e+02, 1.18758484e+02, 1.19377380e+02,
    1.00170631e+02, 1.74602249e+02, 1.05396355e+02, 1.65978577e+02,
    1.10781372e+02, 1.56977859e+02, 1.16302582e+02, 1.47818268e+02,
    1.21980873e+02, 1.38277893e+02, 1.27928627e+02, 1.28446762e+02,
    1.08596199e+02, 1.83142914e+02, 1.13932625e+02, 1.74463699e+02,
    1.19436073e+02, 1.65731644e+02, 1.25156174e+02, 1.56618561e+02,
    1.31035782e+02, 1.47228439e+02, 1.37052338e+02, 1.37534454e+02,
    1.17079605e+02, 1.91589539e+02, 1.22658730e+02, 1.83217102e+02,
    1.28286407e+02, 1.74480865e+02, 1.34136765e+02, 1.65511398e+02,
    1.40157394e+02, 1.56239777e+02, 1.46331055e+02, 1.46757614e+02,
    1.25616318e+02, 2.00163132e+02, 1.31240570e+02, 1.91747711e+02,
    1.37117020e+02, 1.83213593e+02, 1.43063049e+02, 1.74401169e+02,
    1.49201935e+02, 1.65327332e+02, 1.55611038e+02, 1.55903152e+02 ]
