%YAML:1.0
---
points: [ 2.01583996e+01, 1.65316727e+02, 2.84014683e+01, 1.54413254e+02,
    3.68872795e+01, 1.43310349e+02, 4.57804794e+01, 1.31915924e+02,
    5.48977509e+01, 1.20147606e+02, 6.43342896e+01, 1.08152222e+02,
    3.54263954e+01, 1.72645813e+02, 4.36406555e+01, 1.62263031e+02,
    5.22861023e+01, 1.51437286e+02, 6.11419296e+01, 1.40477753e+02,
    7.03046951e+01, 1.29212173e+02, 7.96909714e+01, 1.17618828e+02,
    5.00345459e+01, 1.79679474e+02, 5.84567757e+01, 1.69578110e+02,
    6.69469070e+01, 1.59264267e+02, 7.59586868e+01, 1.48722260e+02,
    8.50953674e+01, 1.37855103e+02, 9.44685593e+01, 1.26809067e+02,
    6.41411819e+01, 1.86419647e+02, 7.25358963e+01, 1.76663177e+02,
    8.12656631e+01, 1.66732803e+02, 9.00969238e+01, 1.56512054e+02,
    9.92326202e+01, 1.46138229e+02, 1.08500771e+02, 1.35364685e+02,
    7.77654953e+01, 1.92859161e+02, 8.62185669e+01, 1.83403198e+02,
    9.48256607e+01, 1.73852646e+02, 1.03658043e+02, 1.64024841e+02,
    1.12667938e+02, 1.53925858e+02, 1.21942001e+02, 1.43677979e+02,
    9.07932968e+01, 1.99004959e+02, 9.91690292e+01, 1.89858353e+02,
    1.07783226e+02, 1.80518463e+02, 1.16532974e+02, 1.71055405e+02,
    1.25551971e+02, 1.61388474e+02, 1.34703522e+02, 1.51424927e+02,
    1.03285500e+02, 2.04728348e+02, 1.11647850e+02, 1.95988968e+02,
    1.20188095e+02, 1.86983688e+02, 1.28940567e+02, 1.77837585e+02,
    1.37737228e+02, 1.68399841e+02, 1.46769669e+02, 1.58928268e+02,
    1.15234497e+02, 2.10269821e+02, 1.23458000e+02, 2.01709290e+02,
    1.31941666e+02, 1.93025146e+02, 1.40505310e+02, 1.84170654e+02,
    1.49201706e+02, 1.75218307e+02, 1.58205124e+02, 1.65905334e+02 ]
