%YAML:1.0
---
points: [ 1.44902313e+02, 1.88090408e+02, 1.45626862e+02, 1.75602585e+02,
    1.46253555e+02, 1.62696960e+02, 1.46947723e+02, 1.49422470e+02,
    1.47649200e+02, 1.35703156e+02, 1.48326889e+02, 1.21582558e+02,
    1.58145004e+02, 1.90465881e+02, 1.58922501e+02, 1.78116028e+02,
    1.59788422e+02, 1.65244232e+02, 1.60647919e+02, 1.52065231e+02,
    1.61611908e+02, 1.38366882e+02, 1.62479080e+02, 1.24212212e+02,
    1.71315079e+02, 1.92990097e+02, 1.72351624e+02, 1.80638062e+02,
    1.73381882e+02, 1.67822540e+02, 1.74488098e+02, 1.54746429e+02,
    1.75565063e+02, 1.41064209e+02, 1.76707840e+02, 1.27046135e+02,
    1.84406998e+02, 1.95365753e+02, 1.85646988e+02, 1.83141129e+02,
    1.86908859e+02, 1.70395569e+02, 1.88183533e+02, 1.57274994e+02,
    1.89524384e+02, 1.43719315e+02, 1.90871628e+02, 1.29772446e+02,
    1.97498169e+02, 1.97868973e+02, 1.98935791e+02, 1.85574921e+02,
    2.00322021e+02, 1.72958542e+02, 2.01887054e+02, 1.59873672e+02,
    2.03377228e+02, 1.46369904e+02, 2.05012070e+02, 1.32459503e+02,
    2.10495834e+02, 2.00281509e+02, 2.12107941e+02, 1.87995071e+02,
    2.13785812e+02, 1.75495132e+02, 2.15504547e+02, 1.62409653e+02,
    2.17238632e+02, 1.49048737e+02, 2.19028168e+02, 1.35163147e+02,
    2.23425964e+02, 2.02686142e+02, 2.25241898e+02, 1.90585648e+02,
    2.27103867e+02, 1.77924805e+02, 2.29063217e+02, 1.65055649e+02,
    2.31020737e+02, 1.51713531e+02, 2.33061539e+02, 1.37853378e+02,
    2.36502548e+02, 2.05021515e+02, 2.38418427e+02, 1.93037201e+02,
    2.40465347e+02, 1.80389648e+02, 2.42562790e+02, 1.67577087e+02,
    2.44789963e+02, 1.54243515e+02, 2.47014984e+02, 1.40432678e+02 ]
