%YAML:1.0
---
points: [ 1.72913406e+02, 3.89524902e+02, 1.97628006e+02, 3.57292999e+02,
    2.23141129e+02, 3.24082458e+02, 2.49222046e+02, 2.90210785e+02,
    2.75967743e+02, 2.55332367e+02, 3.03449402e+02, 2.19564087e+02,
    2.23026794e+02, 4.12219940e+02, 2.47698425e+02, 3.81118378e+02,
    2.73222870e+02, 3.49237579e+02, 2.99213165e+02, 3.16707642e+02,
    3.25874176e+02, 2.83278320e+02, 3.53230835e+02, 2.48916367e+02,
    2.70503967e+02, 4.33563538e+02, 2.95212830e+02, 4.03674927e+02,
    3.20546326e+02, 3.72958618e+02, 3.46581879e+02, 3.41716095e+02,
    3.73168213e+02, 3.09561371e+02, 4.00371643e+02, 2.76671509e+02,
    3.15845306e+02, 4.53711914e+02, 3.40490997e+02, 4.24979187e+02,
    3.65680908e+02, 3.95443726e+02, 3.91438049e+02, 3.65382202e+02,
    4.17961761e+02, 3.34485870e+02, 4.44974518e+02, 3.02956573e+02,
    3.58823761e+02, 4.73182251e+02, 3.83315948e+02, 4.45305725e+02,
    4.08583923e+02, 4.16660156e+02, 4.34169952e+02, 3.87650146e+02,
    4.60367188e+02, 3.57890442e+02, 4.87174377e+02, 3.27575867e+02,
    3.99687531e+02, 4.91366547e+02, 4.24208771e+02, 4.64404083e+02,
    4.49150116e+02, 4.36903687e+02, 4.74457428e+02, 4.08739746e+02,
    5.00372314e+02, 3.80242615e+02, 5.26847046e+02, 3.50881317e+02,
    4.38841583e+02, 5.08574036e+02, 4.63076263e+02, 4.82516113e+02,
    4.87925629e+02, 4.55956818e+02, 5.13069397e+02, 4.28929260e+02,
    5.38688538e+02, 4.01279053e+02, 5.64878113e+02, 3.73161011e+02,
    4.75717316e+02, 5.24955139e+02, 4.99774628e+02, 4.99686615e+02,
    5.24345947e+02, 4.74056335e+02, 5.49269958e+02, 4.47825928e+02,
    5.74439697e+02, 4.21214966e+02, 6.00302246e+02, 3.93839844e+02 ]
