%YAML:1.0
---
points: [ 1.44267322e+03, 1.26607719e+02, 1.44747900e+03, 1.78926025e+02,
    1.45216235e+03, 2.32049271e+02, 1.45687659e+03, 2.85611725e+02,
    1.46171814e+03, 3.39787048e+02, 1.46681750e+03, 3.94845917e+02,
    1.38584924e+03, 1.30489609e+02, 1.39018872e+03, 1.82636444e+02,
    1.39443188e+03, 2.35512833e+02, 1.39876697e+03, 2.88718475e+02,
    1.40293823e+03, 3.43118988e+02, 1.40756677e+03, 3.97693756e+02,
    1.32969958e+03, 1.34400574e+02, 1.33343054e+03, 1.86521896e+02,
    1.33725134e+03, 2.39261993e+02, 1.34121948e+03, 2.92298218e+02,
    1.34488721e+03, 3.46293213e+02, 1.34902209e+03, 4.00651520e+02,
    1.27390405e+03, 1.38476059e+02, 1.27714075e+03, 1.90477097e+02,
    1.28058142e+03, 2.42815216e+02, 1.28412036e+03, 2.95767944e+02,
    1.28747144e+03, 3.49546600e+02, 1.29112402e+03, 4.03500366e+02,
    1.21847839e+03, 1.42463440e+02, 1.22149194e+03, 1.94091629e+02,
    1.22438855e+03, 2.46471634e+02, 1.22754321e+03, 2.99290039e+02,
    1.23069934e+03, 3.52568634e+02, 1.23388696e+03, 4.06521515e+02,
    1.16404309e+03, 1.46207184e+02, 1.16643811e+03, 1.97811905e+02,
    1.16930713e+03, 2.50012451e+02, 1.17167297e+03, 3.02612427e+02,
    1.17458838e+03, 3.55623535e+02, 1.17743030e+03, 4.09227570e+02,
    1.10944775e+03, 1.50334030e+02, 1.11177576e+03, 2.01715958e+02,
    1.11413477e+03, 2.53589935e+02, 1.11653601e+03, 3.05930084e+02,
    1.11874036e+03, 3.58727478e+02, 1.12147205e+03, 4.12141113e+02,
    1.05590076e+03, 1.54215530e+02, 1.05814465e+03, 2.05285950e+02,
    1.06009973e+03, 2.56989929e+02, 1.06221118e+03, 3.08968231e+02,
    1.06442712e+03, 3.61523865e+02, 1.06647192e+03, 4.14559937e+02 ]
