%YAML:1.0
---
points: [ 1.32268570e+02, 1.85300400e+02, 1.33924683e+02, 1.97557205e+02,
    1.35596649e+02, 2.09941986e+02, 1.37223816e+02, 2.22777740e+02,
    1.38924088e+02, 2.35639267e+02, 1.40679169e+02, 2.48807999e+02,
    1.20224449e+02, 1.83529800e+02, 1.21820839e+02, 1.96128403e+02,
    1.23418526e+02, 2.08902512e+02, 1.25072189e+02, 2.21881470e+02,
    1.26583290e+02, 2.35391724e+02, 1.28210327e+02, 2.48797104e+02,
    1.07413391e+02, 1.81647766e+02, 1.08901222e+02, 1.94653015e+02,
    1.10396507e+02, 2.07805618e+02, 1.11921188e+02, 2.21216171e+02,
    1.13430313e+02, 2.34866852e+02, 1.15071365e+02, 2.48800705e+02,
    9.39271851e+01, 1.79701141e+02, 9.53420868e+01, 1.92975372e+02,
    9.67338486e+01, 2.06696030e+02, 9.81801910e+01, 2.20511810e+02,
    9.95909576e+01, 2.34697342e+02, 1.01048378e+02, 2.48841507e+02,
    7.98054504e+01, 1.77542587e+02, 8.08794556e+01, 1.91282776e+02,
    8.20932922e+01, 2.05207718e+02, 8.35502548e+01, 2.19583710e+02,
    8.48422089e+01, 2.34032928e+02, 8.62196350e+01, 2.48808075e+02,
    6.46664429e+01, 1.75340744e+02, 6.58570786e+01, 1.89514572e+02,
    6.68284760e+01, 2.03859161e+02, 6.80200272e+01, 2.18707108e+02,
    6.93011475e+01, 2.33797531e+02, 7.05846405e+01, 2.49056488e+02,
    4.89478188e+01, 1.73169067e+02, 4.98012123e+01, 1.87582199e+02,
    5.07670021e+01, 2.02447861e+02, 5.17146568e+01, 2.17682419e+02,
    5.27298508e+01, 2.33143448e+02, 5.37993813e+01, 2.49068420e+02,
    3.27011948e+01, 1.70732880e+02, 3.31476326e+01, 1.85635010e+02,
    3.37349205e+01, 2.00936066e+02, 3.46937103e+01, 2.16795395e+02,
    3.56201248e+01, 2.32524612e+02, 3.65986443e+01, 2.49113022e+02 ]
