%YAML:1.0
---
points: [ 1.48860718e+03, 1.36496155e+02, 1.47852881e+03, 1.93837646e+02,
    1.46870715e+03, 2.48925674e+02, 1.45934082e+03, 3.01404114e+02,
    1.45040674e+03, 3.51428589e+02, 1.44190417e+03, 3.99433044e+02,
    1.43088184e+03, 1.38754593e+02, 1.42212537e+03, 1.96094131e+02,
    1.41337488e+03, 2.50572433e+02, 1.40542236e+03, 3.02915283e+02,
    1.39734119e+03, 3.52747498e+02, 1.39010876e+03, 4.00568542e+02,
    1.37401514e+03, 1.40960648e+02, 1.36613806e+03, 1.98053726e+02,
    1.35882568e+03, 2.52525986e+02, 1.35191492e+03, 3.04410431e+02,
    1.34496655e+03, 3.54220337e+02, 1.33853833e+03, 4.01543427e+02,
    1.31709937e+03, 1.43505203e+02, 1.31068433e+03, 2.00161499e+02,
    1.30465088e+03, 2.54478745e+02, 1.29873657e+03, 3.06239319e+02,
    1.29319287e+03, 3.55471771e+02, 1.28793176e+03, 4.02696472e+02,
    1.26072327e+03, 1.45667114e+02, 1.25566260e+03, 2.02427917e+02,
    1.25074426e+03, 2.56196838e+02, 1.24618213e+03, 3.07535614e+02,
    1.24189563e+03, 3.56753662e+02, 1.23773523e+03, 4.03545166e+02,
    1.20533411e+03, 1.48254761e+02, 1.20145862e+03, 2.04413849e+02,
    1.19777966e+03, 2.58106354e+02, 1.19447314e+03, 3.09140167e+02,
    1.19113538e+03, 3.58010986e+02, 1.18821631e+03, 4.04522705e+02,
    1.14978711e+03, 1.50454803e+02, 1.14746326e+03, 2.06493759e+02,
    1.14497876e+03, 2.59869659e+02, 1.14278564e+03, 3.10577087e+02,
    1.14068567e+03, 3.59189026e+02, 1.13873157e+03, 4.05578796e+02,
    1.09551770e+03, 1.52640121e+02, 1.09445349e+03, 2.08386154e+02,
    1.09340503e+03, 2.61484009e+02, 1.09223108e+03, 3.12052979e+02,
    1.09143542e+03, 3.60393646e+02, 1.09052393e+03, 4.06392731e+02 ]
