%YAML:1.0
---
points: [ 5.27248596e+02, 4.51260803e+02, 5.31546570e+02, 4.87459961e+02,
    5.35839111e+02, 5.24326416e+02, 5.40188904e+02, 5.61741699e+02,
    5.44611328e+02, 6.00229736e+02, 5.49200806e+02, 6.39200745e+02,
    4.89725616e+02, 4.45802002e+02, 4.93679962e+02, 4.83046844e+02,
    4.97844971e+02, 5.21138977e+02, 5.02173706e+02, 5.59809814e+02,
    5.06282196e+02, 5.98999695e+02, 5.10500336e+02, 6.39366211e+02,
    4.49501465e+02, 4.40199982e+02, 4.53472046e+02, 4.78574554e+02,
    4.57313995e+02, 5.17749756e+02, 4.61247253e+02, 5.57398499e+02,
    4.65192078e+02, 5.98190369e+02, 4.69348053e+02, 6.39533569e+02,
    4.07360840e+02, 4.34313995e+02, 4.10855164e+02, 4.73720276e+02,
    4.14385590e+02, 5.14025452e+02, 4.17992950e+02, 5.55199829e+02,
    4.21723511e+02, 5.97167664e+02, 4.25280121e+02, 6.39805298e+02,
    3.62605713e+02, 4.28017273e+02, 3.65597778e+02, 4.68655792e+02,
    3.68926086e+02, 5.10089966e+02, 3.71878265e+02, 5.52512024e+02,
    3.75185425e+02, 5.95975586e+02, 3.78637634e+02, 6.40010620e+02,
    3.14828674e+02, 4.21347656e+02, 3.17551239e+02, 4.63102448e+02,
    3.20476715e+02, 5.06182861e+02, 3.23004181e+02, 5.49868958e+02,
    3.25851379e+02, 5.94743469e+02, 3.28805206e+02, 6.40358398e+02,
    2.64378998e+02, 4.14009766e+02, 2.66488190e+02, 4.57402161e+02,
    2.68986694e+02, 5.01797394e+02, 2.71033966e+02, 5.47008972e+02,
    2.73517609e+02, 5.93343628e+02, 2.75829834e+02, 6.40568542e+02,
    2.10593414e+02, 4.06642731e+02, 2.12230942e+02, 4.51310883e+02,
    2.13815536e+02, 4.97176239e+02, 2.15568253e+02, 5.43949890e+02,
    2.17407974e+02, 5.91876709e+02, 2.19213791e+02, 6.40808838e+02 ]
