%YAML:1.0
---
points: [ 1.40736786e+02, 2.33235245e+02, 1.42224884e+02, 2.21145386e+02,
    1.43604599e+02, 2.08636261e+02, 1.45133453e+02, 1.96001495e+02,
    1.46562729e+02, 1.82976501e+02, 1.48100922e+02, 1.69635849e+02,
    1.53724380e+02, 2.36026886e+02, 1.55332291e+02, 2.23865173e+02,
    1.56948288e+02, 2.11470703e+02, 1.58566284e+02, 1.98842087e+02,
    1.60202057e+02, 1.85896881e+02, 1.61851654e+02, 1.72589432e+02,
    1.66809464e+02, 2.38712021e+02, 1.68514511e+02, 2.26629639e+02,
    1.70257004e+02, 2.14338364e+02, 1.72079971e+02, 2.01707428e+02,
    1.73803680e+02, 1.88783310e+02, 1.75661148e+02, 1.75589783e+02,
    1.79781799e+02, 2.41385132e+02, 1.81642578e+02, 2.29401062e+02,
    1.83474991e+02, 2.17075912e+02, 1.85384033e+02, 2.04460358e+02,
    1.87371964e+02, 1.91642578e+02, 1.89414856e+02, 1.78571365e+02,
    1.92683044e+02, 2.44130020e+02, 1.94645004e+02, 2.32117935e+02,
    1.96685959e+02, 2.19890289e+02, 1.98825119e+02, 2.07347321e+02,
    2.00867615e+02, 1.94601761e+02, 2.02987396e+02, 1.81542160e+02,
    2.05498169e+02, 2.46734772e+02, 2.07644104e+02, 2.34826889e+02,
    2.09870850e+02, 2.22626328e+02, 2.12062912e+02, 2.10193039e+02,
    2.14287247e+02, 1.97359360e+02, 2.16604553e+02, 1.84383301e+02,
    2.18282700e+02, 2.49377838e+02, 2.20648544e+02, 2.37554581e+02,
    2.22876083e+02, 2.25314758e+02, 2.25255005e+02, 2.13069260e+02,
    2.27687378e+02, 2.00276260e+02, 2.30099960e+02, 1.87302277e+02,
    2.31171356e+02, 2.52116898e+02, 2.33482773e+02, 2.40196747e+02,
    2.36016830e+02, 2.28137497e+02, 2.38467026e+02, 2.15772598e+02,
    2.41039734e+02, 2.03095215e+02, 2.43672272e+02, 1.90165863e+02 ]
