%YAML:1.0
---
points: [ 1.40092676e+03, 4.79725677e+02, 1.41230298e+03, 5.17609070e+02,
    1.42388574e+03, 5.57273254e+02, 1.43654138e+03, 5.98522217e+02,
    1.44968494e+03, 6.42376343e+02, 1.46366992e+03, 6.87913574e+02,
    1.35417090e+03, 4.82634216e+02, 1.36426941e+03, 5.20427979e+02,
    1.37488940e+03, 5.59976013e+02, 1.38620276e+03, 6.01378540e+02,
    1.39809363e+03, 6.44709900e+02, 1.41076404e+03, 6.90511780e+02,
    1.30770166e+03, 4.85675995e+02, 1.31677722e+03, 5.23395630e+02,
    1.32646045e+03, 5.62632874e+02, 1.33644312e+03, 6.03761108e+02,
    1.34700549e+03, 6.47424133e+02, 1.35815308e+03, 6.92713379e+02,
    1.26169922e+03, 4.88637360e+02, 1.26973962e+03, 5.26358643e+02,
    1.27829297e+03, 5.65487061e+02, 1.28687927e+03, 6.06580200e+02,
    1.29636194e+03, 6.49760742e+02, 1.30634485e+03, 6.95227234e+02,
    1.21637012e+03, 4.91657654e+02, 1.22312817e+03, 5.29028687e+02,
    1.23032373e+03, 5.68328430e+02, 1.23793225e+03, 6.09157837e+02,
    1.24612439e+03, 6.52314758e+02, 1.25456311e+03, 6.97493103e+02,
    1.17124500e+03, 4.94545593e+02, 1.17695862e+03, 5.31861694e+02,
    1.18329785e+03, 5.70910339e+02, 1.18968140e+03, 6.11889343e+02,
    1.19644458e+03, 6.54682922e+02, 1.20363367e+03, 6.99868469e+02,
    1.12649829e+03, 4.97534943e+02, 1.13128198e+03, 5.34678101e+02,
    1.13622717e+03, 5.73710876e+02, 1.14150317e+03, 6.14385986e+02,
    1.14708948e+03, 6.57389587e+02, 1.15314355e+03, 7.02377930e+02,
    1.08223999e+03, 5.00529907e+02, 1.08596643e+03, 5.37640991e+02,
    1.09012573e+03, 5.76429138e+02, 1.09425537e+03, 6.17237915e+02,
    1.09852332e+03, 6.59696167e+02, 1.10313354e+03, 7.04599487e+02 ]
