%YAML:1.0
---
points: [ 9.74275589e+00, 2.10503998e+02, 9.93172741e+00, 1.97329742e+02,
    1.01913996e+01, 1.84395508e+02, 1.04515629e+01, 1.70822418e+02,
    1.07798681e+01, 1.57283615e+02, 1.09915152e+01, 1.43186737e+02,
    2.21695499e+01, 2.13025009e+02, 2.24103832e+01, 2.00258163e+02,
    2.27232895e+01, 1.86856323e+02, 2.28138905e+01, 1.73496613e+02,
    2.34823570e+01, 1.59748779e+02, 2.37513638e+01, 1.45930618e+02,
    3.47537117e+01, 2.16017075e+02, 3.49606819e+01, 2.02912231e+02,
    3.54634247e+01, 1.89773788e+02, 3.57776794e+01, 1.76131317e+02,
    3.64067841e+01, 1.62524841e+02, 3.67909279e+01, 1.48377365e+02,
    4.75433655e+01, 2.18667496e+02, 4.77925797e+01, 2.05745209e+02,
    4.85824165e+01, 1.92408478e+02, 4.89541092e+01, 1.78907257e+02,
    4.97515411e+01, 1.65157364e+02, 5.03559036e+01, 1.51236618e+02,
    6.05917587e+01, 2.21357437e+02, 6.10092392e+01, 2.08402100e+02,
    6.17968102e+01, 1.95428650e+02, 6.25564232e+01, 1.81765076e+02,
    6.32243652e+01, 1.67981400e+02, 6.39114571e+01, 1.53945480e+02,
    7.38390808e+01, 2.24041092e+02, 7.45780334e+01, 2.11344742e+02,
    7.52144165e+01, 1.98044037e+02, 7.60695496e+01, 1.84466095e+02,
    7.69495468e+01, 1.70792923e+02, 7.78353882e+01, 1.56780319e+02,
    8.71313553e+01, 2.27001724e+02, 8.80883560e+01, 2.14117310e+02,
    8.88967667e+01, 2.00825287e+02, 9.00405655e+01, 1.87395447e+02,
    9.08680573e+01, 1.73693161e+02, 9.19609680e+01, 1.59579773e+02,
    1.00616058e+02, 2.29724579e+02, 1.01662216e+02, 2.16899628e+02,
    1.02687416e+02, 2.03685196e+02, 1.03783524e+02, 1.90263565e+02,
    1.04921402e+02, 1.76504654e+02, 1.06065140e+02, 1.62554901e+02 ]
