%YAML:1.0
---
points: [ 1.48713120e+02, 2.64976227e+02, 1.50269623e+02, 2.52175186e+02,
    1.51888412e+02, 2.39299484e+02, 1.53522079e+02, 2.26617523e+02,
    1.55023880e+02, 2.13857544e+02, 1.56587784e+02, 2.00994965e+02,
    1.61507446e+02, 2.66441925e+02, 1.63189377e+02, 2.53722855e+02,
    1.64714737e+02, 2.40949234e+02, 1.66256317e+02, 2.28192535e+02,
    1.67915924e+02, 2.15401535e+02, 1.69444824e+02, 2.02650803e+02,
    1.74444946e+02, 2.68064575e+02, 1.76058853e+02, 2.55278625e+02,
    1.77601288e+02, 2.42494644e+02, 1.79198074e+02, 2.29802551e+02,
    1.80778961e+02, 2.17045364e+02, 1.82274078e+02, 2.04296509e+02,
    1.87259354e+02, 2.69592804e+02, 1.88886536e+02, 2.56853241e+02,
    1.90379379e+02, 2.44111328e+02, 1.92049347e+02, 2.31355087e+02,
    1.93591995e+02, 2.18574615e+02, 1.95195236e+02, 2.05920441e+02,
    2.00083923e+02, 2.71140839e+02, 2.01613632e+02, 2.58382263e+02,
    2.03196136e+02, 2.45672363e+02, 2.04770050e+02, 2.33000900e+02,
    2.06295181e+02, 2.20296570e+02, 2.07889313e+02, 2.07572403e+02,
    2.12780975e+02, 2.72676178e+02, 2.14377930e+02, 2.59959961e+02,
    2.15950241e+02, 2.47191284e+02, 2.17523575e+02, 2.34548920e+02,
    2.19138687e+02, 2.21770752e+02, 2.20643860e+02, 2.09023010e+02,
    2.25505402e+02, 2.74278992e+02, 2.27093369e+02, 2.61490265e+02,
    2.28672913e+02, 2.48830551e+02, 2.30225891e+02, 2.36088669e+02,
    2.31721375e+02, 2.23469788e+02, 2.33209824e+02, 2.10638336e+02,
    2.38301514e+02, 2.75789886e+02, 2.39831955e+02, 2.62975586e+02,
    2.41362228e+02, 2.50379044e+02, 2.42902832e+02, 2.37621887e+02,
    2.44468124e+02, 2.24920563e+02, 2.46008133e+02, 2.12326416e+02 ]
