%YAML:1.0
---
points: [ 1.49836334e+02, 5.25425171e+02, 1.49608139e+02, 4.86679291e+02,
    1.49427353e+02, 4.46970093e+02, 1.49031952e+02, 4.06635345e+02,
    1.48814606e+02, 3.65403595e+02, 1.48503464e+02, 3.23295624e+02,
    1.89397812e+02, 5.33767578e+02, 1.89415726e+02, 4.95162567e+02,
    1.89555222e+02, 4.55410217e+02, 1.89585358e+02, 4.14983307e+02,
    1.89806870e+02, 3.73831268e+02, 1.89877655e+02, 3.31662659e+02,
    2.28709747e+02, 5.41992065e+02, 2.29384308e+02, 5.03384766e+02,
    2.29840271e+02, 4.63775085e+02, 2.30191269e+02, 4.23537445e+02,
    2.31144791e+02, 3.82192078e+02, 2.31515213e+02, 3.40302032e+02,
    2.68647430e+02, 5.50196960e+02, 2.69685852e+02, 5.11661163e+02,
    2.70498413e+02, 4.72230591e+02, 2.71353882e+02, 4.31978424e+02,
    2.72405884e+02, 3.90898224e+02, 2.73309906e+02, 3.49130829e+02,
    3.08623260e+02, 5.58517761e+02, 3.10221313e+02, 5.19959106e+02,
    3.11519897e+02, 4.80650665e+02, 3.12649139e+02, 4.40452972e+02,
    3.13993408e+02, 3.99357452e+02, 3.15566589e+02, 3.57587830e+02,
    3.48711517e+02, 5.66589417e+02, 3.50509430e+02, 5.28353943e+02,
    3.52395874e+02, 4.89111115e+02, 3.54255157e+02, 4.49177826e+02,
    3.55888550e+02, 4.08069305e+02, 3.57767303e+02, 3.66325592e+02,
    3.89407227e+02, 5.74893005e+02, 3.91547577e+02, 5.36525818e+02,
    3.93704041e+02, 4.97470001e+02, 3.96178345e+02, 4.57575531e+02,
    3.98266754e+02, 4.16832672e+02, 4.00562775e+02, 3.75295013e+02,
    4.29570007e+02, 5.82887512e+02, 4.32329742e+02, 5.44835938e+02,
    4.34769562e+02, 5.05753113e+02, 4.37570251e+02, 4.66132263e+02,
    4.40244171e+02, 4.25501831e+02, 4.43067566e+02, 3.83934174e+02 ]
