%YAML:1.0
---
points: [ 1.33406998e+02, 1.80751862e+02, 1.35597275e+02, 1.66898727e+02,
    1.37709915e+02, 1.52829788e+02, 1.39949539e+02, 1.38105637e+02,
    1.42228027e+02, 1.22949326e+02, 1.44598495e+02, 1.07305748e+02,
    1.41294739e+02, 1.86770081e+02, 1.43525833e+02, 1.72850189e+02,
    1.45884415e+02, 1.58332626e+02, 1.48180481e+02, 1.43347229e+02,
    1.50813202e+02, 1.28044571e+02, 1.53309311e+02, 1.12129112e+02,
    1.49343246e+02, 1.93014694e+02, 1.51913345e+02, 1.78874512e+02,
    1.54381058e+02, 1.64184128e+02, 1.57040573e+02, 1.49046249e+02,
    1.59697693e+02, 1.33364304e+02, 1.62453140e+02, 1.17087631e+02,
    1.58022461e+02, 1.99546448e+02, 1.60658890e+02, 1.85252777e+02,
    1.63324570e+02, 1.70262314e+02, 1.66227615e+02, 1.54937180e+02,
    1.69164886e+02, 1.38915817e+02, 1.72045914e+02, 1.22250999e+02,
    1.66868286e+02, 2.06453735e+02, 1.69839783e+02, 1.91976837e+02,
    1.72831665e+02, 1.76809128e+02, 1.75918213e+02, 1.61069397e+02,
    1.79022247e+02, 1.44783554e+02, 1.82336319e+02, 1.27885437e+02,
    1.76363663e+02, 2.13699814e+02, 1.79524857e+02, 1.98923477e+02,
    1.82693283e+02, 1.83491730e+02, 1.86088669e+02, 1.67611694e+02,
    1.89606796e+02, 1.51004837e+02, 1.93082855e+02, 1.33746643e+02,
    1.86228241e+02, 2.21399170e+02, 1.89732361e+02, 2.06327423e+02,
    1.93158112e+02, 1.90623337e+02, 1.96781967e+02, 1.74416428e+02,
    2.00650558e+02, 1.57610291e+02, 2.04502151e+02, 1.39949265e+02,
    1.96617569e+02, 2.29368851e+02, 2.00286377e+02, 2.14025650e+02,
    2.04160416e+02, 1.98069794e+02, 2.08048660e+02, 1.81644531e+02,
    2.12121582e+02, 1.64452805e+02, 2.16403458e+02, 1.46557175e+02 ]
