%YAML:1.0
---
points: [ 1.61125778e+02, 2.64814209e+02, 1.66874039e+02, 2.52082291e+02,
    1.72736816e+02, 2.39194473e+02, 1.78522675e+02, 2.26350464e+02,
    1.84396378e+02, 2.13416412e+02, 1.90202942e+02, 2.00566605e+02,
    1.74337646e+02, 2.69738007e+02, 1.80183472e+02, 2.57040619e+02,
    1.85942993e+02, 2.44333893e+02, 1.91701813e+02, 2.31661682e+02,
    1.97482422e+02, 2.18960083e+02, 2.03226166e+02, 2.06156403e+02,
    1.87443375e+02, 2.74538971e+02, 1.93140610e+02, 2.62035217e+02,
    1.98907684e+02, 2.49403778e+02, 2.04609787e+02, 2.36883026e+02,
    2.10331543e+02, 2.24239380e+02, 2.16042328e+02, 2.11739166e+02,
    2.00217163e+02, 2.79235046e+02, 2.05879532e+02, 2.66810822e+02,
    2.11443512e+02, 2.54387711e+02, 2.17111862e+02, 2.41962769e+02,
    2.22797348e+02, 2.29517639e+02, 2.28462967e+02, 2.17112625e+02,
    2.12632996e+02, 2.83838501e+02, 2.18185608e+02, 2.71545013e+02,
    2.23799286e+02, 2.59276184e+02, 2.29433258e+02, 2.46979660e+02,
    2.35046707e+02, 2.34705765e+02, 2.40662018e+02, 2.22357758e+02,
    2.24784485e+02, 2.88298492e+02, 2.30325897e+02, 2.76144196e+02,
    2.35914749e+02, 2.63973907e+02, 2.41409271e+02, 2.51838852e+02,
    2.46962479e+02, 2.39713440e+02, 2.52544373e+02, 2.27440231e+02,
    2.36682938e+02, 2.92718750e+02, 2.42172623e+02, 2.80684082e+02,
    2.47710648e+02, 2.68649902e+02, 2.53159012e+02, 2.56639343e+02,
    2.58668457e+02, 2.44580276e+02, 2.64188446e+02, 2.32577881e+02,
    2.48402924e+02, 2.97109314e+02, 2.53784744e+02, 2.85188721e+02,
    2.59277710e+02, 2.73264557e+02, 2.64714783e+02, 2.61364136e+02,
    2.70181030e+02, 2.49482544e+02, 2.75652008e+02, 2.37523102e+02 ]
