%YAML:1.0
---
points: [ 1.48019531e+03, 2.97315186e+02, 1.47957422e+03, 3.49392609e+02,
    1.47879871e+03, 4.01071533e+02, 1.47825940e+03, 4.52533936e+02,
    1.47764819e+03, 5.04012543e+02, 1.47706592e+03, 5.55316162e+02,
    1.42344812e+03, 3.00960388e+02, 1.42273035e+03, 3.51973511e+02,
    1.42219763e+03, 4.02898468e+02, 1.42153760e+03, 4.53689636e+02,
    1.42093030e+03, 5.04083771e+02, 1.42060718e+03, 5.54548523e+02,
    1.36870374e+03, 3.04476349e+02, 1.36786938e+03, 3.54697327e+02,
    1.36728174e+03, 4.04771118e+02, 1.36664795e+03, 4.54583588e+02,
    1.36594299e+03, 5.04310181e+02, 1.36567480e+03, 5.53751404e+02,
    1.31544897e+03, 3.08140961e+02, 1.31481396e+03, 3.57513275e+02,
    1.31426331e+03, 4.06618103e+02, 1.31366650e+03, 4.55498413e+02,
    1.31334497e+03, 5.04344879e+02, 1.31286743e+03, 5.53102722e+02,
    1.26394421e+03, 3.11594849e+02, 1.26350281e+03, 3.60140900e+02,
    1.26298096e+03, 4.08368866e+02, 1.26257715e+03, 4.56431824e+02,
    1.26226965e+03, 5.04385590e+02, 1.26196851e+03, 5.52140869e+02,
    1.21444312e+03, 3.14657532e+02, 1.21383948e+03, 3.62523041e+02,
    1.21355298e+03, 4.10213867e+02, 1.21325232e+03, 4.57342468e+02,
    1.21287988e+03, 5.04537170e+02, 1.21273694e+03, 5.51469421e+02,
    1.16612183e+03, 3.18036774e+02, 1.16577539e+03, 3.65181274e+02,
    1.16549304e+03, 4.11812134e+02, 1.16534045e+03, 4.58343262e+02,
    1.16508105e+03, 5.04573639e+02, 1.16488818e+03, 5.50871338e+02,
    1.11995508e+03, 3.21076294e+02, 1.11974182e+03, 3.67251770e+02,
    1.11953064e+03, 4.13420563e+02, 1.11936340e+03, 4.59062408e+02,
    1.11930298e+03, 5.04662201e+02, 1.11913770e+03, 5.50255432e+02 ]
