%YAML:1.0
---
points: [ 5.23756470e+02, 4.37175140e+02, 5.29312256e+02, 3.96576904e+02,
    5.34598450e+02, 3.54471069e+02, 5.40152100e+02, 3.11230652e+02,
    5.45635254e+02, 2.66184479e+02, 5.51479675e+02, 2.19742477e+02,
    5.45744568e+02, 4.55237183e+02, 5.51549561e+02, 4.13778564e+02,
    5.57556091e+02, 3.71247253e+02, 5.63349243e+02, 3.26957642e+02,
    5.69640381e+02, 2.81405090e+02, 5.75813049e+02, 2.33927292e+02,
    5.68419861e+02, 4.73753387e+02, 5.74888794e+02, 4.31953278e+02,
    5.81285828e+02, 3.88368591e+02, 5.87645996e+02, 3.43570709e+02,
    5.94546692e+02, 2.97151947e+02, 6.01595642e+02, 2.49080368e+02,
    5.92273010e+02, 4.93263855e+02, 5.99373047e+02, 4.50718445e+02,
    6.06339844e+02, 4.06654968e+02, 6.13400757e+02, 3.60948761e+02,
    6.21073914e+02, 3.13791901e+02, 6.28297180e+02, 2.64559479e+02,
    6.17369202e+02, 5.13638184e+02, 6.24880737e+02, 4.70555725e+02,
    6.32680237e+02, 4.25625519e+02, 6.40455872e+02, 3.79343903e+02,
    6.48481384e+02, 3.31162903e+02, 6.56875610e+02, 2.81274567e+02,
    6.43432922e+02, 5.35281616e+02, 6.51584412e+02, 4.91112640e+02,
    6.60015869e+02, 4.45634552e+02, 6.68716309e+02, 3.98481262e+02,
    6.77504211e+02, 3.49428345e+02, 6.86562500e+02, 2.98486237e+02,
    6.71236145e+02, 5.57634155e+02, 6.80268188e+02, 5.13178589e+02,
    6.89218750e+02, 4.66591370e+02, 6.98552246e+02, 4.18660706e+02,
    7.08392700e+02, 3.68794678e+02, 7.18296509e+02, 3.16844788e+02,
    7.00093750e+02, 5.81424622e+02, 7.09572571e+02, 5.35745300e+02,
    7.19537598e+02, 4.88653564e+02, 7.29780640e+02, 4.39840210e+02,
    7.40302979e+02, 3.89105927e+02, 7.51419495e+02, 3.36241638e+02 ]
