%YAML:1.0
---
points: [ 1.06553345e+03, 4.07221100e+02, 1.06650220e+03, 4.56167236e+02,
    1.06749646e+03, 5.05083618e+02, 1.06865222e+03, 5.53978394e+02,
    1.06954932e+03, 6.02805237e+02, 1.07066101e+03, 6.51618774e+02,
    1.01678302e+03, 4.08257507e+02, 1.01763330e+03, 4.57155457e+02,
    1.01864575e+03, 5.06214355e+02, 1.01964111e+03, 5.54932495e+02,
    1.02077228e+03, 6.03649231e+02, 1.02182678e+03, 6.52592529e+02,
    9.68119629e+02, 4.09067535e+02, 9.69061279e+02, 4.58138855e+02,
    9.70094543e+02, 5.07082092e+02, 9.71085388e+02, 5.55749695e+02,
    9.71946411e+02, 6.04669556e+02, 9.73183960e+02, 6.53566406e+02,
    9.19146118e+02, 4.10095734e+02, 9.20300964e+02, 4.59141846e+02,
    9.21392578e+02, 5.07900360e+02, 9.22454712e+02, 5.56726135e+02,
    9.23399231e+02, 6.05654846e+02, 9.24399902e+02, 6.54496460e+02,
    8.70429871e+02, 4.11025726e+02, 8.71440918e+02, 4.60002380e+02,
    8.72525635e+02, 5.08791290e+02, 8.73666199e+02, 5.57712341e+02,
    8.74598145e+02, 6.06683838e+02, 8.75646240e+02, 6.55516907e+02,
    8.21597168e+02, 4.11847290e+02, 8.22604675e+02, 4.60857422e+02,
    8.23797852e+02, 5.09741302e+02, 8.24729248e+02, 5.58717285e+02,
    8.25829407e+02, 6.07618469e+02, 8.26866638e+02, 6.56451233e+02,
    7.72368591e+02, 4.12614685e+02, 7.73536316e+02, 4.61663055e+02,
    7.74585876e+02, 5.10730103e+02, 7.75623413e+02, 5.59659485e+02,
    7.76560791e+02, 6.08589783e+02, 7.77602478e+02, 6.57600891e+02,
    7.23260864e+02, 4.13470795e+02, 7.24468079e+02, 4.62493774e+02,
    7.25680237e+02, 5.11684357e+02, 7.26670166e+02, 5.60624451e+02,
    7.27787842e+02, 6.09603638e+02, 7.28597717e+02, 6.58665039e+02 ]
