%YAML:1.0
---
points: [ 2.10007763e+01, 1.06386032e+02, 3.70110741e+01, 1.03718231e+02,
    5.31801529e+01, 1.00992218e+02, 6.94508286e+01, 9.85101471e+01,
    8.55740509e+01, 9.61373367e+01, 1.01838692e+02, 9.38342133e+01,
    2.55685902e+01, 1.22343987e+02, 4.15768776e+01, 1.19548141e+02,
    5.76099205e+01, 1.17094940e+02, 7.37678986e+01, 1.14415543e+02,
    8.98661346e+01, 1.12182663e+02, 1.05844719e+02, 1.09843040e+02,
    3.02180843e+01, 1.37818039e+02, 4.60357628e+01, 1.35150589e+02,
    6.21015320e+01, 1.32529831e+02, 7.79749146e+01, 1.30099686e+02,
    9.40029373e+01, 1.27676308e+02, 1.09740410e+02, 1.25402313e+02,
    3.50162544e+01, 1.53141357e+02, 5.06597137e+01, 1.50387756e+02,
    6.64941559e+01, 1.47730728e+02, 8.23209915e+01, 1.45182800e+02,
    9.80804138e+01, 1.42863251e+02, 1.13674683e+02, 1.40429047e+02,
    3.95566177e+01, 1.67627930e+02, 5.52291565e+01, 1.65152161e+02,
    7.09365082e+01, 1.62432343e+02, 8.65072861e+01, 1.60051422e+02,
    1.02084152e+02, 1.57457413e+02, 1.17414299e+02, 1.55176453e+02,
    4.43069763e+01, 1.82185104e+02, 5.97229004e+01, 1.79458450e+02,
    7.53120041e+01, 1.76964828e+02, 9.06640015e+01, 1.74251160e+02,
    1.06059799e+02, 1.71885010e+02, 1.21196045e+02, 1.69322250e+02,
    4.89252510e+01, 1.96104630e+02, 6.42136612e+01, 1.93507797e+02,
    7.95292892e+01, 1.90904465e+02, 9.47245178e+01, 1.88326675e+02,
    1.09804871e+02, 1.85713287e+02, 1.24707359e+02, 1.83200439e+02,
    5.34629478e+01, 2.09904480e+02, 6.86055679e+01, 2.07079514e+02,
    8.36655502e+01, 2.04341232e+02, 9.86469116e+01, 2.01715652e+02,
    1.13461128e+02, 1.99116547e+02, 1.28205322e+02, 1.96491974e+02 ]
