%YAML:1.0
---
points: [ 1.25663376e+02, 2.16389542e+02, 1.33287079e+02, 2.07112869e+02,
    1.41143585e+02, 1.97461166e+02, 1.49159225e+02, 1.87654663e+02,
    1.57443558e+02, 1.77524475e+02, 1.65865112e+02, 1.67145966e+02,
    1.36815384e+02, 2.25311508e+02, 1.44554092e+02, 2.16196518e+02,
    1.52491882e+02, 2.06809525e+02, 1.60638443e+02, 1.97155045e+02,
    1.69048187e+02, 1.87269073e+02, 1.77620163e+02, 1.77119629e+02,
    1.47891342e+02, 2.34175598e+02, 1.55734680e+02, 2.25244064e+02,
    1.63795441e+02, 2.15966843e+02, 1.72013397e+02, 2.06612366e+02,
    1.80464523e+02, 1.96926941e+02, 1.89103577e+02, 1.86980408e+02,
    1.58713913e+02, 2.42962769e+02, 1.66702271e+02, 2.34071335e+02,
    1.74839844e+02, 2.25073776e+02, 1.83150681e+02, 2.15808212e+02,
    1.91702713e+02, 2.06299713e+02, 2.00433517e+02, 1.96568344e+02,
    1.69453583e+02, 2.51491699e+02, 1.77480759e+02, 2.42817566e+02,
    1.85676987e+02, 2.33972702e+02, 1.94112961e+02, 2.24944092e+02,
    2.02720016e+02, 2.15562317e+02, 2.11527924e+02, 2.06021027e+02,
    1.79989502e+02, 2.59930450e+02, 1.88114395e+02, 2.51392532e+02,
    1.96386475e+02, 2.42740845e+02, 2.04869507e+02, 2.33846954e+02,
    2.13593002e+02, 2.24737061e+02, 2.22509796e+02, 2.15377487e+02,
    1.90426117e+02, 2.68302612e+02, 1.98554565e+02, 2.59938446e+02,
    2.06910995e+02, 2.51388855e+02, 2.15472443e+02, 2.42658432e+02,
    2.24242630e+02, 2.33745041e+02, 2.33225357e+02, 2.24575394e+02,
    2.00666290e+02, 2.76504700e+02, 2.08914520e+02, 2.68333710e+02,
    2.17321976e+02, 2.59981873e+02, 2.25936447e+02, 2.51370255e+02,
    2.34790756e+02, 2.42578598e+02, 2.43857727e+02, 2.33596741e+02 ]
