%YAML:1.0
---
points: [ 1.69456284e+02, 2.11213791e+02, 2.21436417e+02, 2.04166245e+02,
    2.72727112e+02, 1.97544464e+02, 3.23537231e+02, 1.91169342e+02,
    3.73759613e+02, 1.84891785e+02, 4.23325195e+02, 1.78614456e+02,
    1.87023239e+02, 2.60223145e+02, 2.38117355e+02, 2.53146027e+02,
    2.88726501e+02, 2.46172623e+02, 3.38649719e+02, 2.39627289e+02,
    3.88280518e+02, 2.33220200e+02, 4.37169464e+02, 2.26872147e+02,
    2.04183243e+02, 3.07537750e+02, 2.54430511e+02, 3.00305817e+02,
    3.04331238e+02, 2.93161743e+02, 3.53552032e+02, 2.86471802e+02,
    4.02339050e+02, 2.79899628e+02, 4.50220886e+02, 2.73336304e+02,
    2.20959351e+02, 3.53517212e+02, 2.70421661e+02, 3.46061707e+02,
    3.19450531e+02, 3.38819366e+02, 3.67992523e+02, 3.31928192e+02,
    4.16009949e+02, 3.24764557e+02, 4.63178894e+02, 3.18333069e+02,
    2.37075531e+02, 3.98046631e+02, 2.85942871e+02, 3.90472168e+02,
    3.34287994e+02, 3.82960114e+02, 3.81907623e+02, 3.75769318e+02,
    4.29273865e+02, 3.68739288e+02, 4.75620880e+02, 3.61642395e+02,
    2.53004150e+02, 4.40976074e+02, 3.00996887e+02, 4.33468475e+02,
    3.48685638e+02, 4.25681458e+02, 3.95626160e+02, 4.18371918e+02,
    4.42204681e+02, 4.11038330e+02, 4.87692932e+02, 4.03785767e+02,
    2.68429779e+02, 4.83012207e+02, 3.15935852e+02, 4.75223236e+02,
    3.62625305e+02, 4.67388031e+02, 4.08892853e+02, 4.59746735e+02,
    4.54545746e+02, 4.52292114e+02, 4.99556213e+02, 4.44847290e+02,
    2.83505981e+02, 5.23562927e+02, 3.30155731e+02, 5.15461426e+02,
    3.76220215e+02, 5.07446655e+02, 4.21565399e+02, 4.99603638e+02,
    4.66469238e+02, 4.91931976e+02, 5.10746948e+02, 4.84395050e+02 ]
