%YAML:1.0
---
points: [ 5.46721191e+02, 2.83415283e+02, 5.48397705e+02, 2.39463913e+02,
    5.49787537e+02, 1.92661331e+02, 5.51571167e+02, 1.43463348e+02,
    5.53442383e+02, 9.12540436e+01, 5.55359741e+02, 3.54820671e+01,
    5.95100586e+02, 2.97379272e+02, 5.97671570e+02, 2.53921127e+02,
    6.00955933e+02, 2.07823242e+02, 6.03742188e+02, 1.59299362e+02,
    6.07318054e+02, 1.07390739e+02, 6.10839233e+02, 5.24813538e+01,
    6.42557190e+02, 3.10947784e+02, 6.46754944e+02, 2.68152954e+02,
    6.50980103e+02, 2.22731995e+02, 6.55537903e+02, 1.74668579e+02,
    6.60503174e+02, 1.23530136e+02, 6.65620056e+02, 6.93978348e+01,
    6.89711548e+02, 3.24355530e+02, 6.95210022e+02, 2.82191772e+02,
    7.00819763e+02, 2.37544907e+02, 7.06704285e+02, 1.90237671e+02,
    7.13121338e+02, 1.39684113e+02, 7.19677979e+02, 8.63639603e+01,
    7.36141357e+02, 3.37697205e+02, 7.42924622e+02, 2.96171051e+02,
    7.49824097e+02, 2.51811844e+02, 7.57348755e+02, 2.05368027e+02,
    7.65074097e+02, 1.55623154e+02, 7.73588623e+02, 1.02833366e+02,
    7.81796448e+02, 3.50663391e+02, 7.89946960e+02, 3.09676910e+02,
    7.98213867e+02, 2.66350067e+02, 8.07087708e+02, 2.20226105e+02,
    8.16523315e+02, 1.71413559e+02, 8.26376892e+02, 1.19347969e+02,
    8.27531738e+02, 3.63574615e+02, 8.36770264e+02, 3.23277405e+02,
    8.46350586e+02, 2.80586884e+02, 8.56551392e+02, 2.35213242e+02,
    8.67397278e+02, 1.86945404e+02, 8.79047119e+02, 1.35692902e+02,
    8.72245361e+02, 3.76281952e+02, 8.82559692e+02, 3.36386292e+02,
    8.93498718e+02, 2.94287598e+02, 9.05057983e+02, 2.49662292e+02,
    9.17378235e+02, 2.02129684e+02, 9.30369873e+02, 1.51449020e+02 ]
