%YAML:1.0
---
points: [ 9.77005539e+01, 1.96173111e+02, 1.11718597e+02, 1.89681335e+02,
    1.25727745e+02, 1.83171143e+02, 1.39689041e+02, 1.76690155e+02,
    1.53734955e+02, 1.70192749e+02, 1.67623047e+02, 1.63768295e+02,
    1.06353111e+02, 2.08502853e+02, 1.20019379e+02, 2.02164871e+02,
    1.33893753e+02, 1.95716263e+02, 1.47604630e+02, 1.89330963e+02,
    1.61277237e+02, 1.83031631e+02, 1.74983932e+02, 1.76694107e+02,
    1.14739349e+02, 2.20434219e+02, 1.28176376e+02, 2.14174301e+02,
    1.41707397e+02, 2.07916992e+02, 1.55150482e+02, 2.01664261e+02,
    1.68650803e+02, 1.95355133e+02, 1.81998230e+02, 1.89240036e+02,
    1.22741386e+02, 2.31926102e+02, 1.36031693e+02, 2.25701920e+02,
    1.49234512e+02, 2.19459061e+02, 1.62442459e+02, 2.13292694e+02,
    1.75621216e+02, 2.07222046e+02, 1.88710281e+02, 2.01184097e+02,
    1.30433472e+02, 2.42888657e+02, 1.43435181e+02, 2.36794846e+02,
    1.56449600e+02, 2.30712219e+02, 1.69381348e+02, 2.24722565e+02,
    1.82328659e+02, 2.18531891e+02, 1.95125076e+02, 2.12676407e+02,
    1.37913300e+02, 2.53411407e+02, 1.50733444e+02, 2.47433945e+02,
    1.63411057e+02, 2.41473236e+02, 1.76147705e+02, 2.35494705e+02,
    1.88766388e+02, 2.29550537e+02, 2.01405426e+02, 2.23656204e+02,
    1.45102875e+02, 2.63690033e+02, 1.57562027e+02, 2.57746307e+02,
    1.70115753e+02, 2.51886520e+02, 1.82570557e+02, 2.45985886e+02,
    1.94993393e+02, 2.40165573e+02, 2.07365753e+02, 2.34304214e+02,
    1.52024399e+02, 2.73549408e+02, 1.64278168e+02, 2.67721222e+02,
    1.76521896e+02, 2.61940186e+02, 1.88806213e+02, 2.56089630e+02,
    2.01034698e+02, 2.50299545e+02, 2.13165466e+02, 2.44623322e+02 ]
