%YAML:1.0
---
points: [ 1.43365112e+02, 1.28214508e+02, 1.44614410e+02, 1.13365166e+02,
    1.45909943e+02, 9.76803513e+01, 1.47372696e+02, 8.10473328e+01,
    1.48906921e+02, 6.36474190e+01, 1.50510223e+02, 4.51197586e+01,
    1.59476395e+02, 1.32890457e+02, 1.61114044e+02, 1.18166672e+02,
    1.62971985e+02, 1.02707901e+02, 1.64721436e+02, 8.62232513e+01,
    1.66769836e+02, 6.89024429e+01, 1.68997650e+02, 5.06022034e+01,
    1.75350876e+02, 1.37458496e+02, 1.77468735e+02, 1.23023293e+02,
    1.79659592e+02, 1.07676247e+02, 1.82059372e+02, 9.14679489e+01,
    1.84535446e+02, 7.42742310e+01, 1.87216568e+02, 5.61352844e+01,
    1.91096359e+02, 1.42003540e+02, 1.93631531e+02, 1.27733780e+02,
    1.96291031e+02, 1.12653725e+02, 1.99108597e+02, 9.66549683e+01,
    2.02094406e+02, 7.96408539e+01, 2.05303009e+02, 6.17687035e+01,
    2.06698044e+02, 1.46501846e+02, 2.09694550e+02, 1.32441071e+02,
    2.12718124e+02, 1.17510162e+02, 2.16067017e+02, 1.01716034e+02,
    2.19469971e+02, 8.49116135e+01, 2.23181305e+02, 6.72424622e+01,
    2.22072571e+02, 1.51015152e+02, 2.25378067e+02, 1.37093872e+02,
    2.28975250e+02, 1.22375610e+02, 2.32698410e+02, 1.06749016e+02,
    2.36693619e+02, 9.02545929e+01, 2.40942230e+02, 7.26972351e+01,
    2.37317200e+02, 1.55342590e+02, 2.41156876e+02, 1.41644485e+02,
    2.45066315e+02, 1.27129982e+02, 2.49352448e+02, 1.11776947e+02,
    2.53750595e+02, 9.55559692e+01, 2.58545654e+02, 7.81440506e+01,
    2.52476837e+02, 1.59682678e+02, 2.56545074e+02, 1.46155716e+02,
    2.60963348e+02, 1.31912628e+02, 2.65619812e+02, 1.16732521e+02,
    2.70609528e+02, 1.00659279e+02, 2.75806152e+02, 8.35139389e+01 ]
