%YAML:1.0
---
points: [ 1.06416089e+03, 8.68003159e+01, 1.06521777e+03, 1.37538712e+02,
    1.06628223e+03, 1.87911407e+02, 1.06745496e+03, 2.38186096e+02,
    1.06860291e+03, 2.87853760e+02, 1.06976013e+03, 3.37462646e+02,
    1.01430865e+03, 8.86668015e+01, 1.01561298e+03, 1.39388763e+02,
    1.01682269e+03, 1.89796204e+02, 1.01817322e+03, 2.39800125e+02,
    1.01926086e+03, 2.89600861e+02, 1.02065253e+03, 3.39037781e+02,
    9.64946655e+02, 9.06141510e+01, 9.66239807e+02, 1.41228928e+02,
    9.67697510e+02, 1.91562454e+02, 9.69073608e+02, 2.41458542e+02,
    9.70311768e+02, 2.91346100e+02, 9.71695618e+02, 3.40528015e+02,
    9.15646545e+02, 9.24211502e+01, 9.17262939e+02, 1.42953293e+02,
    9.18684509e+02, 1.93203247e+02, 9.20296143e+02, 2.43084000e+02,
    9.21734009e+02, 2.92700531e+02, 9.23089783e+02, 3.41897766e+02,
    8.66363403e+02, 9.40649414e+01, 8.68164307e+02, 1.44573486e+02,
    8.69604553e+02, 1.94884415e+02, 8.71248291e+02, 2.44610901e+02,
    8.72792358e+02, 2.94228516e+02, 8.74550842e+02, 3.43610077e+02,
    8.17377441e+02, 9.57107162e+01, 8.19173950e+02, 1.45963486e+02,
    8.20922302e+02, 1.96449631e+02, 8.22607727e+02, 2.46141876e+02,
    8.24259949e+02, 2.95743774e+02, 8.26025818e+02, 3.44994476e+02,
    7.67961914e+02, 9.74198990e+01, 7.69820923e+02, 1.47720917e+02,
    7.71630432e+02, 1.97826752e+02, 7.73643433e+02, 2.47623978e+02,
    7.75394470e+02, 2.97183716e+02, 7.77152466e+02, 3.46378693e+02,
    7.18943359e+02, 9.90951843e+01, 7.21140564e+02, 1.49256226e+02,
    7.23073853e+02, 1.99289154e+02, 7.24924316e+02, 2.48865295e+02,
    7.27088684e+02, 2.98437805e+02, 7.28697937e+02, 3.47576202e+02 ]
