%YAML:1.0
---
points: [ 1.45130417e+02, 1.25643883e+02, 1.47200745e+02, 1.10813293e+02,
    1.49235367e+02, 9.50446777e+01, 1.51502716e+02, 7.83225174e+01,
    1.54084946e+02, 6.08678055e+01, 1.56545227e+02, 4.21273003e+01,
    1.61676422e+02, 1.30956970e+02, 1.64076477e+02, 1.16337906e+02,
    1.66731796e+02, 1.00866737e+02, 1.69369736e+02, 8.43874435e+01,
    1.72324097e+02, 6.70004730e+01, 1.75594330e+02, 4.86173096e+01,
    1.77824097e+02, 1.36061615e+02, 1.80765884e+02, 1.21798531e+02,
    1.83805923e+02, 1.06519920e+02, 1.87049454e+02, 9.04736862e+01,
    1.90495148e+02, 7.32844696e+01, 1.94153564e+02, 5.50384789e+01,
    1.93845840e+02, 1.41196640e+02, 1.97138046e+02, 1.27113396e+02,
    2.00680832e+02, 1.12185486e+02, 2.04398071e+02, 9.63508453e+01,
    2.08381592e+02, 7.94531631e+01, 2.12643326e+02, 6.15606194e+01,
    2.09553452e+02, 1.46193604e+02, 2.13345352e+02, 1.32481323e+02,
    2.17236145e+02, 1.17673187e+02, 2.21568100e+02, 1.02182762e+02,
    2.25961853e+02, 8.55083771e+01, 2.30743591e+02, 6.79403229e+01,
    2.25029312e+02, 1.51202896e+02, 2.29184586e+02, 1.37673187e+02,
    2.33652740e+02, 1.23151070e+02, 2.38297760e+02, 1.07778679e+02,
    2.43278870e+02, 9.15307617e+01, 2.48611923e+02, 7.42043228e+01,
    2.40319412e+02, 1.56003662e+02, 2.44951538e+02, 1.42770645e+02,
    2.49768692e+02, 1.28575729e+02, 2.54969955e+02, 1.13536728e+02,
    2.60410248e+02, 9.75542221e+01, 2.66262848e+02, 8.04941788e+01,
    2.55327026e+02, 1.60826477e+02, 2.60295868e+02, 1.47656357e+02,
    2.65609283e+02, 1.33812958e+02, 2.71186646e+02, 1.18968491e+02,
    2.77154755e+02, 1.03375359e+02, 2.83523315e+02, 8.65215225e+01 ]
