%YAML:1.0
---
points: [ 8.42748871e+01, 1.83320267e+02, 9.64684830e+01, 1.76733246e+02,
    1.08917381e+02, 1.70194748e+02, 1.21301193e+02, 1.63553711e+02,
    1.33573135e+02, 1.56961731e+02, 1.45995178e+02, 1.50408752e+02,
    9.20618896e+01, 1.95394638e+02, 1.04266434e+02, 1.88917450e+02,
    1.16560875e+02, 1.82373932e+02, 1.28830429e+02, 1.75854431e+02,
    1.41143753e+02, 1.69324738e+02, 1.53326523e+02, 1.62854736e+02,
    9.97981720e+01, 2.07396408e+02, 1.11924355e+02, 2.01024918e+02,
    1.24159363e+02, 1.94423203e+02, 1.36297272e+02, 1.88021057e+02,
    1.48472351e+02, 1.81490479e+02, 1.60530670e+02, 1.75090225e+02,
    1.07346718e+02, 2.19264709e+02, 1.19397285e+02, 2.12777527e+02,
    1.31512573e+02, 2.06289780e+02, 1.43573608e+02, 1.99864334e+02,
    1.55703262e+02, 1.93415192e+02, 1.67692322e+02, 1.87106766e+02,
    1.14837502e+02, 2.30735306e+02, 1.26825211e+02, 2.24310883e+02,
    1.38760956e+02, 2.17934662e+02, 1.50808762e+02, 2.11553909e+02,
    1.62739716e+02, 2.05209274e+02, 1.74626587e+02, 1.98811447e+02,
    1.22155350e+02, 2.42165146e+02, 1.34109238e+02, 2.35728821e+02,
    1.45972412e+02, 2.29315918e+02, 1.57807556e+02, 2.23038956e+02,
    1.69667236e+02, 2.16711731e+02, 1.81470184e+02, 2.10383316e+02,
    1.29311066e+02, 2.53251053e+02, 1.41202713e+02, 2.46917557e+02,
    1.53000580e+02, 2.40561844e+02, 1.64716476e+02, 2.34223190e+02,
    1.76464218e+02, 2.27982422e+02, 1.88159576e+02, 2.21689987e+02,
    1.36435577e+02, 2.64242737e+02, 1.48169403e+02, 2.57951569e+02,
    1.59833023e+02, 2.51609924e+02, 1.71539017e+02, 2.45311798e+02,
    1.83228638e+02, 2.39116943e+02, 1.94813751e+02, 2.32857956e+02 ]
