%YAML:1.0
---
points: [ 1.08239124e+03, 8.20084152e+01, 1.08223193e+03, 1.39663300e+02,
    1.08196021e+03, 1.94921463e+02, 1.08177332e+03, 2.47786957e+02,
    1.08163391e+03, 2.98447754e+02, 1.08151929e+03, 3.46849335e+02,
    1.02849731e+03, 8.52019730e+01, 1.02945032e+03, 1.42539825e+02,
    1.03038770e+03, 1.97518143e+02, 1.03135559e+03, 2.50189133e+02,
    1.03221423e+03, 3.00523590e+02, 1.03320496e+03, 3.48834595e+02,
    9.75250916e+02, 8.79188843e+01, 9.77363037e+02, 1.45216293e+02,
    9.79413025e+02, 1.99916718e+02, 9.81307129e+02, 2.52389099e+02,
    9.83212524e+02, 3.02608063e+02, 9.85026855e+02, 3.50459442e+02,
    9.22203186e+02, 9.07829361e+01, 9.25418579e+02, 1.47686111e+02,
    9.28651367e+02, 2.02466949e+02, 9.31660400e+02, 2.54554749e+02,
    9.34494568e+02, 3.04460052e+02, 9.37387817e+02, 3.52308502e+02,
    8.69461609e+02, 9.35217209e+01, 8.73994995e+02, 1.50267197e+02,
    8.78229614e+02, 2.04450714e+02, 8.82246399e+02, 2.56409729e+02,
    8.86225281e+02, 3.06336517e+02, 8.90077637e+02, 3.53905396e+02,
    8.17231995e+02, 9.62010498e+01, 8.22752258e+02, 1.52534042e+02,
    8.28209595e+02, 2.06673294e+02, 8.33233337e+02, 2.58323486e+02,
    8.38190735e+02, 3.08008148e+02, 8.42840881e+02, 3.55468262e+02,
    7.64804565e+02, 9.85411758e+01, 7.71461487e+02, 1.54673828e+02,
    7.77915039e+02, 2.08593292e+02, 7.84286804e+02, 2.60335968e+02,
    7.90059509e+02, 3.09516144e+02, 7.95682861e+02, 3.57034088e+02,
    7.13175171e+02, 1.01154228e+02, 7.21112793e+02, 1.56749466e+02,
    7.28501221e+02, 2.10609406e+02, 7.35563477e+02, 2.61871979e+02,
    7.42587524e+02, 3.11296906e+02, 7.49032776e+02, 3.58361359e+02 ]
