%YAML:1.0
---
points: [ 5.50059814e+02, 2.74520050e+02, 5.53864807e+02, 2.30525497e+02,
    5.57595947e+02, 1.83608597e+02, 5.61647339e+02, 1.34158173e+02,
    5.65864319e+02, 8.11988297e+01, 5.70686523e+02, 2.47751503e+01,
    5.99794800e+02, 2.90311737e+02, 6.04656555e+02, 2.47039490e+02,
    6.10229614e+02, 2.01254913e+02, 6.15579041e+02, 1.52512695e+02,
    6.21733582e+02, 1.00494202e+02, 6.28011108e+02, 4.50852737e+01,
    6.48375244e+02, 3.05948669e+02, 6.54704712e+02, 2.63418976e+02,
    6.61432068e+02, 2.18331345e+02, 6.68706604e+02, 1.70526093e+02,
    6.76370728e+02, 1.19315514e+02, 6.84660767e+02, 6.51368027e+01,
    6.96311646e+02, 3.21088348e+02, 7.03964722e+02, 2.79416016e+02,
    7.12166077e+02, 2.35361130e+02, 7.20747437e+02, 1.88357086e+02,
    7.30070129e+02, 1.38152710e+02, 7.39668884e+02, 8.48130569e+01,
    7.43430786e+02, 3.35960632e+02, 7.52475525e+02, 2.95283752e+02,
    7.61967896e+02, 2.51673172e+02, 7.72101318e+02, 2.05692642e+02,
    7.82681885e+02, 1.56507294e+02, 7.94380798e+02, 1.04320869e+02,
    7.89610962e+02, 3.50773010e+02, 7.99823975e+02, 3.10644897e+02,
    8.10801025e+02, 2.68253723e+02, 8.22355713e+02, 2.22916382e+02,
    8.34534241e+02, 1.74528946e+02, 8.47647827e+02, 1.23278488e+02,
    8.35194519e+02, 3.65181793e+02, 8.46846252e+02, 3.25799042e+02,
    8.59056213e+02, 2.84059906e+02, 8.72092346e+02, 2.39665817e+02,
    8.85735413e+02, 1.92425598e+02, 9.00645813e+02, 1.42196548e+02,
    8.80016174e+02, 3.79368652e+02, 8.92715759e+02, 3.40512573e+02,
    9.06293579e+02, 2.99630920e+02, 9.20477661e+02, 2.56129578e+02,
    9.35667664e+02, 2.09716125e+02, 9.51825073e+02, 1.60311203e+02 ]
