%YAML:1.0
---
points: [ 5.80713623e+02, 4.04058197e+02, 5.97745483e+02, 4.51368439e+02,
    6.14989197e+02, 4.99509033e+02, 6.32406189e+02, 5.48664368e+02,
    6.50311890e+02, 5.99096619e+02, 6.68370667e+02, 6.50537231e+02,
    5.35736877e+02, 4.27469299e+02, 5.52136230e+02, 4.74409271e+02,
    5.68565491e+02, 5.22677490e+02, 5.85520752e+02, 5.71690979e+02,
    6.02664429e+02, 6.22163452e+02, 6.20135132e+02, 6.73385132e+02,
    4.91510376e+02, 4.50368622e+02, 5.07276276e+02, 4.97464081e+02,
    5.23246887e+02, 5.45441162e+02, 5.39270630e+02, 5.94518127e+02,
    5.55631836e+02, 6.44716858e+02, 5.72431885e+02, 6.96059692e+02,
    4.47642731e+02, 4.73270020e+02, 4.62950378e+02, 5.19982178e+02,
    4.78174164e+02, 5.68049683e+02, 4.93509491e+02, 6.16952271e+02,
    5.09499969e+02, 6.67197327e+02, 5.25420227e+02, 7.18401123e+02,
    4.04800415e+02, 4.95448181e+02, 4.19393005e+02, 5.42320557e+02,
    4.33857819e+02, 5.90197754e+02, 4.48779388e+02, 6.39088440e+02,
    4.64143585e+02, 6.89005127e+02, 4.79421143e+02, 7.40374451e+02,
    3.62570557e+02, 5.17536865e+02, 3.76344055e+02, 5.64321350e+02,
    3.90360535e+02, 6.12122803e+02, 4.04820282e+02, 6.60702148e+02,
    4.19403503e+02, 7.10763062e+02, 4.34130493e+02, 7.61842896e+02,
    3.21253204e+02, 5.39327942e+02, 3.34363922e+02, 5.86083862e+02,
    3.47658020e+02, 6.33583496e+02, 3.61327789e+02, 6.82412292e+02,
    3.75321991e+02, 7.32064941e+02, 3.89458771e+02, 7.83077271e+02,
    2.80533356e+02, 5.60916748e+02, 2.93112030e+02, 6.07299988e+02,
    3.06060394e+02, 6.54743713e+02, 3.19105957e+02, 7.03358032e+02,
    3.32453125e+02, 7.52931396e+02, 3.46158173e+02, 8.03668335e+02 ]
