%YAML:1.0
---
points: [ 1.08068530e+03, 1.83128998e+02, 1.08365198e+03, 2.20390213e+02,
    1.08660083e+03, 2.58840790e+02, 1.08993420e+03, 2.98381470e+02,
    1.09292578e+03, 3.39393463e+02, 1.09648718e+03, 3.81652466e+02,
    1.03463696e+03, 1.86054428e+02, 1.03690027e+03, 2.23224594e+02,
    1.03916968e+03, 2.61542084e+02, 1.04142566e+03, 3.01053223e+02,
    1.04382910e+03, 3.41821198e+02, 1.04639233e+03, 3.84201111e+02,
    9.89206604e+02, 1.88531982e+02, 9.90580017e+02, 2.25703949e+02,
    9.91909851e+02, 2.64224487e+02, 9.93544495e+02, 3.03512360e+02,
    9.95117188e+02, 3.44523285e+02, 9.96689575e+02, 3.86590302e+02,
    9.43714478e+02, 1.91455521e+02, 9.44401184e+02, 2.28523438e+02,
    9.45103821e+02, 2.66603760e+02, 9.45732117e+02, 3.06212891e+02,
    9.46651245e+02, 3.46837341e+02, 9.47429077e+02, 3.88705444e+02,
    8.98378845e+02, 1.93832855e+02, 8.98425232e+02, 2.30974365e+02,
    8.98373474e+02, 2.69400116e+02, 8.98353577e+02, 3.08595123e+02,
    8.98338135e+02, 3.49365387e+02, 8.98273376e+02, 3.91459167e+02,
    8.53462524e+02, 1.96483261e+02, 8.52835754e+02, 2.33497055e+02,
    8.51954895e+02, 2.71539581e+02, 8.51132874e+02, 3.11095764e+02,
    8.50359985e+02, 3.51598694e+02, 8.49457214e+02, 3.93558807e+02,
    8.08295593e+02, 1.98868286e+02, 8.06911682e+02, 2.36057968e+02,
    8.05518555e+02, 2.74049957e+02, 8.03771973e+02, 3.13453918e+02,
    8.02258362e+02, 3.54117859e+02, 8.00553772e+02, 3.95961884e+02,
    7.63738708e+02, 2.01559036e+02, 7.61490784e+02, 2.38442245e+02,
    7.59444153e+02, 2.76505371e+02, 7.57094116e+02, 3.15618317e+02,
    7.54614624e+02, 3.56296326e+02, 7.52189514e+02, 3.98109009e+02 ]
