%YAML:1.0
---
points: [ 1.57783234e+02, 1.69300903e+02, 1.63779114e+02, 1.85271423e+02,
    1.69942886e+02, 2.01573730e+02, 1.76015411e+02, 2.18211090e+02,
    1.82459488e+02, 2.35216095e+02, 1.88851624e+02, 2.52695496e+02,
    1.42422974e+02, 1.77240173e+02, 1.48228088e+02, 1.93146057e+02,
    1.54072296e+02, 2.09408585e+02, 1.60012634e+02, 2.26080246e+02,
    1.66109192e+02, 2.43068558e+02, 1.72331696e+02, 2.60478424e+02,
    1.27312874e+02, 1.85029602e+02, 1.32883453e+02, 2.00898575e+02,
    1.38586349e+02, 2.17124405e+02, 1.44228912e+02, 2.33731949e+02,
    1.50172150e+02, 2.50670456e+02, 1.56087860e+02, 2.68087524e+02,
    1.12456299e+02, 1.92735199e+02, 1.17832764e+02, 2.08565125e+02,
    1.23217957e+02, 2.24733688e+02, 1.28787201e+02, 2.41228180e+02,
    1.34350113e+02, 2.58206177e+02, 1.40126968e+02, 2.75571747e+02,
    9.79515762e+01, 2.00271988e+02, 1.03030487e+02, 2.16103546e+02,
    1.08231895e+02, 2.32255157e+02, 1.13509552e+02, 2.48694229e+02,
    1.18904633e+02, 2.65646393e+02, 1.24414299e+02, 2.82924683e+02,
    8.36979370e+01, 2.07621506e+02, 8.85561981e+01, 2.23508987e+02,
    9.34353790e+01, 2.39584869e+02, 9.85809250e+01, 2.56071106e+02,
    1.03799156e+02, 2.72936951e+02, 1.09178764e+02, 2.90161377e+02,
    6.97667007e+01, 2.15162003e+02, 7.42869873e+01, 2.30780319e+02,
    7.90718002e+01, 2.46849457e+02, 8.39931259e+01, 2.63283630e+02,
    8.90206375e+01, 2.80102295e+02, 9.40938110e+01, 2.97237244e+02,
    5.62258453e+01, 2.22094620e+02, 6.06659126e+01, 2.37904053e+02,
    6.51676254e+01, 2.53874817e+02, 6.98583145e+01, 2.70333221e+02,
    7.45376358e+01, 2.86915375e+02, 7.95102768e+01, 3.03848389e+02 ]
