%YAML:1.0
---
points: [ 6.34026680e+01, 2.18494400e+02, 7.11445923e+01, 2.08494690e+02,
    7.86953430e+01, 1.98566177e+02, 8.65382843e+01, 1.88622833e+02,
    9.41809540e+01, 1.78533554e+02, 1.02000778e+02, 1.68462311e+02,
    7.30825500e+01, 2.26436218e+02, 8.06926041e+01, 2.16615158e+02,
    8.84537964e+01, 2.06576828e+02, 9.61653595e+01, 1.96560669e+02,
    1.04098633e+02, 1.86514282e+02, 1.11850777e+02, 1.76455215e+02,
    8.27459030e+01, 2.34655243e+02, 9.05701294e+01, 2.24637711e+02,
    9.82550583e+01, 2.14640625e+02, 1.06136757e+02, 2.04597382e+02,
    1.13969887e+02, 1.94602356e+02, 1.21782921e+02, 1.84544708e+02,
    9.25801315e+01, 2.42657761e+02, 1.00273216e+02, 2.32694092e+02,
    1.08164612e+02, 2.22693359e+02, 1.16036865e+02, 2.12651260e+02,
    1.23947556e+02, 2.02666199e+02, 1.31806534e+02, 1.92648666e+02,
    1.02315605e+02, 2.50699921e+02, 1.10215942e+02, 2.40744949e+02,
    1.18071014e+02, 2.30773529e+02, 1.25968475e+02, 2.20791977e+02,
    1.33893555e+02, 2.10753113e+02, 1.41818787e+02, 2.00702133e+02,
    1.12210342e+02, 2.58789001e+02, 1.20059128e+02, 2.48804337e+02,
    1.27998047e+02, 2.38815536e+02, 1.35939133e+02, 2.28881287e+02,
    1.43892715e+02, 2.18839996e+02, 1.51841949e+02, 2.08753387e+02,
    1.22068634e+02, 2.66857208e+02, 1.30019897e+02, 2.56849884e+02,
    1.37908585e+02, 2.46845703e+02, 1.45877670e+02, 2.36919495e+02,
    1.53839233e+02, 2.26886215e+02, 1.61817825e+02, 2.16876617e+02,
    1.32017456e+02, 2.74959473e+02, 1.39940109e+02, 2.64930389e+02,
    1.47890259e+02, 2.55016846e+02, 1.55921783e+02, 2.45008682e+02,
    1.63906006e+02, 2.34940033e+02, 1.71855438e+02, 2.24967361e+02 ]
