%YAML:1.0
---
points: [ 6.28459656e+02, 3.23502716e+02, 6.38686890e+02, 3.60115814e+02,
    6.49052185e+02, 3.96403473e+02, 6.59334900e+02, 4.33210907e+02,
    6.69497986e+02, 4.69552368e+02, 6.79640503e+02, 5.06522614e+02,
    5.94798767e+02, 3.35433502e+02, 6.05202087e+02, 3.71627075e+02,
    6.15294006e+02, 4.07995575e+02, 6.25162109e+02, 4.44362640e+02,
    6.35519531e+02, 4.80781464e+02, 6.45412292e+02, 5.17323975e+02,
    5.61763611e+02, 3.47280182e+02, 5.71698364e+02, 3.83195190e+02,
    5.81815857e+02, 4.19376831e+02, 5.91797485e+02, 4.55409424e+02,
    6.01792236e+02, 4.91604004e+02, 6.12013550e+02, 5.28044739e+02,
    5.29266113e+02, 3.58866425e+02, 5.39398743e+02, 3.94434509e+02,
    5.48885620e+02, 4.30467926e+02, 5.58859924e+02, 4.66298523e+02,
    5.68666504e+02, 5.02453552e+02, 5.78573547e+02, 5.38338684e+02,
    4.96925201e+02, 3.70253815e+02, 5.06646057e+02, 4.05787292e+02,
    5.16641479e+02, 4.41349091e+02, 5.26348999e+02, 4.77057648e+02,
    5.36108093e+02, 5.12855225e+02, 5.45854492e+02, 5.49106995e+02,
    4.65230347e+02, 3.81555023e+02, 4.74997711e+02, 4.16562805e+02,
    4.84498352e+02, 4.52384399e+02, 4.94259644e+02, 4.87658203e+02,
    5.03844635e+02, 5.23550842e+02, 5.13337097e+02, 5.59032288e+02,
    4.33911499e+02, 3.92659332e+02, 4.43375305e+02, 4.28007812e+02,
    4.52718384e+02, 4.63058990e+02, 4.62380737e+02, 4.98376923e+02,
    4.71597687e+02, 5.33697693e+02, 4.81327667e+02, 5.69433228e+02,
    4.02778198e+02, 4.03828552e+02, 4.12454987e+02, 4.38570801e+02,
    4.21795441e+02, 4.73681488e+02, 4.31191406e+02, 5.08621399e+02,
    4.40652802e+02, 5.44089539e+02, 4.49706818e+02, 5.79182739e+02 ]
