%YAML:1.0
---
points: [ 1.66188965e+02, 1.41997726e+02, 1.69639084e+02, 1.54381638e+02,
    1.73090668e+02, 1.66735474e+02, 1.76558884e+02, 1.79113419e+02,
    1.80130066e+02, 1.91521027e+02, 1.83574142e+02, 2.03967728e+02,
    1.54746368e+02, 1.46094269e+02, 1.58150650e+02, 1.58345032e+02,
    1.61587296e+02, 1.70602615e+02, 1.65009628e+02, 1.82944336e+02,
    1.68443008e+02, 1.95253250e+02, 1.71846848e+02, 2.07662842e+02,
    1.43452057e+02, 1.50126038e+02, 1.46858749e+02, 1.62270523e+02,
    1.50259277e+02, 1.74433029e+02, 1.53599335e+02, 1.86715027e+02,
    1.57086624e+02, 1.98912796e+02, 1.60424469e+02, 2.11228424e+02,
    1.32393570e+02, 1.54076538e+02, 1.35707230e+02, 1.66153824e+02,
    1.39056702e+02, 1.78227859e+02, 1.42429169e+02, 1.90343445e+02,
    1.45757111e+02, 2.02555054e+02, 1.49060928e+02, 2.14749039e+02,
    1.21458389e+02, 1.57980377e+02, 1.24726524e+02, 1.69899353e+02,
    1.27988289e+02, 1.82004425e+02, 1.31288788e+02, 1.94079636e+02,
    1.34585617e+02, 2.06161102e+02, 1.37919479e+02, 2.18251740e+02,
    1.10657616e+02, 1.61788467e+02, 1.13887314e+02, 1.73717422e+02,
    1.17133659e+02, 1.85658142e+02, 1.20373154e+02, 1.97618881e+02,
    1.23681702e+02, 2.09583786e+02, 1.26932579e+02, 2.21796799e+02,
    1.00157204e+02, 1.65633377e+02, 1.03204636e+02, 1.77421631e+02,
    1.06348717e+02, 1.89312149e+02, 1.09554398e+02, 2.01229370e+02,
    1.12764069e+02, 2.13203415e+02, 1.16038857e+02, 2.25174911e+02,
    8.96666260e+01, 1.69299255e+02, 9.28277359e+01, 1.81189194e+02,
    9.59873734e+01, 1.92930542e+02, 9.90718307e+01, 2.04772095e+02,
    1.02142258e+02, 2.16586990e+02, 1.05333397e+02, 2.28532104e+02 ]
