%YAML:1.0
---
points: [ 1.09851086e+03, 3.47235443e+02, 1.09781067e+03, 4.00531708e+02,
    1.09733533e+03, 4.53613037e+02, 1.09678027e+03, 5.06507263e+02,
    1.09641772e+03, 5.59485413e+02, 1.09596851e+03, 6.12375732e+02,
    1.04542358e+03, 3.48594299e+02, 1.04483716e+03, 4.01269501e+02,
    1.04436914e+03, 4.53800690e+02, 1.04382129e+03, 5.06309875e+02,
    1.04350378e+03, 5.58685425e+02, 1.04310486e+03, 6.11117004e+02,
    9.93445190e+02, 3.49642487e+02, 9.92893433e+02, 4.01849335e+02,
    9.92472839e+02, 4.54062347e+02, 9.92006897e+02, 5.05967560e+02,
    9.91442017e+02, 5.58038025e+02, 9.91183777e+02, 6.09699768e+02,
    9.42408081e+02, 3.50567871e+02, 9.41976929e+02, 4.02522278e+02,
    9.41543884e+02, 4.54239532e+02, 9.41104675e+02, 5.05579346e+02,
    9.40596863e+02, 5.57133362e+02, 9.39961426e+02, 6.08535339e+02,
    8.92052124e+02, 3.51654694e+02, 8.91618408e+02, 4.03078522e+02,
    8.91403564e+02, 4.54356812e+02, 8.90916443e+02, 5.05277527e+02,
    8.90513794e+02, 5.56392578e+02, 8.90136353e+02, 6.07531006e+02,
    8.42697571e+02, 3.52546021e+02, 8.42511780e+02, 4.03445831e+02,
    8.42225403e+02, 4.54436401e+02, 8.41751526e+02, 5.04922638e+02,
    8.41316895e+02, 5.55682556e+02, 8.40720093e+02, 6.06474915e+02,
    7.93866943e+02, 3.53496521e+02, 7.93568481e+02, 4.03959473e+02,
    7.93223450e+02, 4.54488159e+02, 7.92710449e+02, 5.04596954e+02,
    7.92340637e+02, 5.55011108e+02, 7.91890320e+02, 6.05395081e+02,
    7.45915649e+02, 3.54429260e+02, 7.45686401e+02, 4.04355072e+02,
    7.45457214e+02, 4.54535736e+02, 7.45107483e+02, 5.04326019e+02,
    7.44684143e+02, 5.54444336e+02, 7.44311646e+02, 6.04236694e+02 ]
