%YAML:1.0
---
points: [ 7.63617172e+01, 2.30518646e+02, 8.16466827e+01, 2.20722748e+02,
    8.69724426e+01, 2.10940308e+02, 9.23900146e+01, 2.00846634e+02,
    9.77715225e+01, 1.90670105e+02, 1.03285461e+02, 1.80400192e+02,
    8.43815918e+01, 2.37309921e+02, 8.96725769e+01, 2.27433365e+02,
    9.51079865e+01, 2.17448074e+02, 1.00544197e+02, 2.07417816e+02,
    1.06282349e+02, 1.97277832e+02, 1.11887413e+02, 1.87035889e+02,
    9.24496918e+01, 2.44220459e+02, 9.79199982e+01, 2.34351242e+02,
    1.03499748e+02, 2.24365997e+02, 1.09115135e+02, 2.14264008e+02,
    1.14802979e+02, 2.04052383e+02, 1.20503754e+02, 1.93719162e+02,
    1.00834541e+02, 2.51188812e+02, 1.06343117e+02, 2.41331894e+02,
    1.12045502e+02, 2.31219391e+02, 1.17722549e+02, 2.21154617e+02,
    1.23550705e+02, 2.10847870e+02, 1.29352356e+02, 2.00487930e+02,
    1.09201065e+02, 2.58303925e+02, 1.14936653e+02, 2.48333374e+02,
    1.20664398e+02, 2.38323700e+02, 1.26507164e+02, 2.28129166e+02,
    1.32391373e+02, 2.17852402e+02, 1.38311111e+02, 2.07378204e+02,
    1.17841568e+02, 2.65527618e+02, 1.23587517e+02, 2.55570038e+02,
    1.29437775e+02, 2.45405853e+02, 1.35437836e+02, 2.35240540e+02,
    1.41478500e+02, 2.24871613e+02, 1.47479385e+02, 2.14426712e+02,
    1.26500755e+02, 2.72902496e+02, 1.32414185e+02, 2.62846954e+02,
    1.38405991e+02, 2.52656036e+02, 1.44478485e+02, 2.42391495e+02,
    1.50597870e+02, 2.32062393e+02, 1.56789078e+02, 2.21473450e+02,
    1.35434509e+02, 2.80366028e+02, 1.41384064e+02, 2.70240997e+02,
    1.47566116e+02, 2.60068665e+02, 1.53711151e+02, 2.49776413e+02,
    1.59999924e+02, 2.39245010e+02, 1.66222198e+02, 2.28750107e+02 ]
