%YAML:1.0
---
points: [ 1.66202301e+02, 1.42095886e+02, 1.69581772e+02, 1.54478409e+02,
    1.72904144e+02, 1.66863556e+02, 1.76229889e+02, 1.79277771e+02,
    1.79610168e+02, 1.91711288e+02, 1.82964172e+02, 2.04202499e+02,
    1.54821152e+02, 1.46158615e+02, 1.58155640e+02, 1.58386871e+02,
    1.61475128e+02, 1.70676788e+02, 1.64733505e+02, 1.83028351e+02,
    1.68100845e+02, 1.95338242e+02, 1.71337738e+02, 2.07729584e+02,
    1.43708008e+02, 1.50078537e+02, 1.46954117e+02, 1.62257278e+02,
    1.50265991e+02, 1.74455505e+02, 1.53453857e+02, 1.86701111e+02,
    1.56761169e+02, 1.98922821e+02, 1.59983215e+02, 2.11223709e+02,
    1.32699570e+02, 1.54060318e+02, 1.35922714e+02, 1.66037079e+02,
    1.39150284e+02, 1.78170166e+02, 1.42389206e+02, 1.90300018e+02,
    1.45557373e+02, 2.02435699e+02, 1.48718765e+02, 2.14660202e+02,
    1.22009651e+02, 1.57841476e+02, 1.25134109e+02, 1.69693146e+02,
    1.28217270e+02, 1.81838333e+02, 1.31365326e+02, 1.93862930e+02,
    1.34566345e+02, 2.06046219e+02, 1.37695984e+02, 2.18139984e+02,
    1.11302658e+02, 1.61549942e+02, 1.14393013e+02, 1.73430984e+02,
    1.17521378e+02, 1.85336121e+02, 1.20628464e+02, 1.97367523e+02,
    1.23749962e+02, 2.09301926e+02, 1.26833771e+02, 2.21499435e+02,
    1.00917946e+02, 1.65298996e+02, 1.03901611e+02, 1.77139420e+02,
    1.06863480e+02, 1.89019012e+02, 1.09911438e+02, 2.00931961e+02,
    1.13014427e+02, 2.12834503e+02, 1.16124779e+02, 2.24813721e+02,
    9.06105194e+01, 1.68966217e+02, 9.36406250e+01, 1.80791565e+02,
    9.66566849e+01, 1.92413528e+02, 9.95834579e+01, 2.04265381e+02,
    1.02629112e+02, 2.16148300e+02, 1.05592987e+02, 2.28109680e+02 ]
