%YAML:1.0
---
points: [ 1.08080688e+03, 3.81464355e+02, 1.08042017e+03, 4.29442932e+02,
    1.07990540e+03, 4.77480164e+02, 1.07955469e+03, 5.25449646e+02,
    1.07921692e+03, 5.73558777e+02, 1.07894873e+03, 6.21891663e+02,
    1.03563879e+03, 3.78686279e+02, 1.03515527e+03, 4.27457672e+02,
    1.03460962e+03, 4.76023132e+02, 1.03429980e+03, 5.24553223e+02,
    1.03374109e+03, 5.73197937e+02, 1.03350037e+03, 6.22072693e+02,
    9.89749939e+02, 3.76100861e+02, 9.89217590e+02, 4.25293610e+02,
    9.88622498e+02, 4.74491425e+02, 9.88200073e+02, 5.23625488e+02,
    9.87535095e+02, 5.72828491e+02, 9.87104126e+02, 6.22303467e+02,
    9.42464172e+02, 3.73326904e+02, 9.41758728e+02, 4.23106812e+02,
    9.41375488e+02, 4.72755432e+02, 9.40763733e+02, 5.22630920e+02,
    9.40149353e+02, 5.72464233e+02, 9.39630066e+02, 6.22510803e+02,
    8.93806946e+02, 3.70349060e+02, 8.93248901e+02, 4.20630066e+02,
    8.92574097e+02, 4.71240723e+02, 8.92050171e+02, 5.21605591e+02,
    8.91541138e+02, 5.72063843e+02, 8.90906982e+02, 6.22756409e+02,
    8.44130005e+02, 3.67196381e+02, 8.43531616e+02, 4.18370209e+02,
    8.42924316e+02, 4.69511658e+02, 8.42296326e+02, 5.20493713e+02,
    8.41613708e+02, 5.71762085e+02, 8.40873840e+02, 6.23115112e+02,
    7.92452393e+02, 3.63969421e+02, 7.91888611e+02, 4.15746490e+02,
    7.91335449e+02, 4.67582733e+02, 7.90598022e+02, 5.19432556e+02,
    7.90013184e+02, 5.71422241e+02, 7.89278198e+02, 6.23486816e+02,
    7.39789856e+02, 3.60620758e+02, 7.39310059e+02, 4.13215729e+02,
    7.38637146e+02, 4.65792511e+02, 7.38053284e+02, 5.18368896e+02,
    7.37349976e+02, 5.71134399e+02, 7.36397339e+02, 6.23725830e+02 ]
