%YAML:1.0
---
points: [ 6.28485474e+02, 3.23803680e+02, 6.38392517e+02, 3.60399841e+02,
    6.48349182e+02, 3.96805603e+02, 6.58245056e+02, 4.33614532e+02,
    6.68035522e+02, 4.70230347e+02, 6.77768250e+02, 5.07309296e+02,
    5.95299622e+02, 3.35540466e+02, 6.05334717e+02, 3.71663177e+02,
    6.14824585e+02, 4.08270447e+02, 6.24348511e+02, 4.44584076e+02,
    6.34385071e+02, 4.81206970e+02, 6.44018677e+02, 5.17508240e+02,
    5.62692383e+02, 3.47209778e+02, 5.72212769e+02, 3.83159637e+02,
    5.81740417e+02, 4.19448242e+02, 5.91510193e+02, 4.55414459e+02,
    6.01148499e+02, 4.91528503e+02, 6.10671387e+02, 5.28121704e+02,
    5.30490967e+02, 3.58686340e+02, 5.40095703e+02, 3.94326752e+02,
    5.49377991e+02, 4.30279877e+02, 5.58853027e+02, 4.66094147e+02,
    5.68383789e+02, 5.02258820e+02, 5.77620056e+02, 5.38256042e+02,
    4.98713409e+02, 3.69697510e+02, 5.08087524e+02, 4.05346832e+02,
    5.17490051e+02, 4.40922699e+02, 5.26793701e+02, 4.76619171e+02,
    5.36215759e+02, 5.12388306e+02, 5.45480408e+02, 5.48476868e+02,
    4.67394836e+02, 3.80966827e+02, 4.76490265e+02, 4.16248230e+02,
    4.85818146e+02, 4.51576965e+02, 4.95218842e+02, 4.86806152e+02,
    5.04431396e+02, 5.22728882e+02, 5.13419434e+02, 5.58291321e+02,
    4.36811340e+02, 3.91678284e+02, 4.45783508e+02, 4.27007294e+02,
    4.54595032e+02, 4.62217346e+02, 4.63693817e+02, 4.97447174e+02,
    4.72751648e+02, 5.32543335e+02, 4.81876099e+02, 5.68251404e+02,
    4.06240387e+02, 4.02734802e+02, 4.15395874e+02, 4.37459778e+02,
    4.24291138e+02, 4.72415588e+02, 4.33249420e+02, 5.07300903e+02,
    4.42181885e+02, 5.42473572e+02, 4.50805420e+02, 5.77686096e+02 ]
