%YAML:1.0
---
points: [ 7.46672897e+01, 2.60321930e+02, 7.77744370e+01, 2.49632294e+02,
    8.07625809e+01, 2.38940750e+02, 8.39225769e+01, 2.28062347e+02,
    8.70136490e+01, 2.17131119e+02, 9.02259369e+01, 2.06027405e+02,
    8.30975723e+01, 2.64887848e+02, 8.61200638e+01, 2.54249039e+02,
    8.91968002e+01, 2.43265579e+02, 9.23072968e+01, 2.32369919e+02,
    9.56034775e+01, 2.21296600e+02, 9.88528442e+01, 2.10191422e+02,
    9.15139465e+01, 2.69683350e+02, 9.46951141e+01, 2.58796204e+02,
    9.79178543e+01, 2.47813187e+02, 1.01189400e+02, 2.36772537e+02,
    1.04418869e+02, 2.25635727e+02, 1.07704788e+02, 2.14381195e+02,
    1.00231133e+02, 2.74394989e+02, 1.03441902e+02, 2.63553314e+02,
    1.06871559e+02, 2.52434723e+02, 1.10117500e+02, 2.41274200e+02,
    1.13478348e+02, 2.30137314e+02, 1.16958862e+02, 2.18747589e+02,
    1.09104813e+02, 2.79345642e+02, 1.12442917e+02, 2.68355225e+02,
    1.15919853e+02, 2.57218964e+02, 1.19365799e+02, 2.45942322e+02,
    1.22794060e+02, 2.34618408e+02, 1.26237778e+02, 2.23164352e+02,
    1.18229790e+02, 2.84362305e+02, 1.21682663e+02, 2.73274841e+02,
    1.25205048e+02, 2.61948151e+02, 1.28658798e+02, 2.50611404e+02,
    1.32250320e+02, 2.39189178e+02, 1.35799133e+02, 2.27605087e+02,
    1.27514320e+02, 2.89583557e+02, 1.31132568e+02, 2.78296906e+02,
    1.34707184e+02, 2.66902679e+02, 1.38320282e+02, 2.55411041e+02,
    1.41965790e+02, 2.43903671e+02, 1.45592361e+02, 2.32188263e+02,
    1.37164444e+02, 2.94771820e+02, 1.40768951e+02, 2.83404694e+02,
    1.44454254e+02, 2.71885284e+02, 1.48151535e+02, 2.60389984e+02,
    1.51888107e+02, 2.48642960e+02, 1.55628403e+02, 2.36939240e+02 ]
