%YAML:1.0
---
points: [ 1.45073639e+02, 2.00216888e+02, 1.47249100e+02, 2.13251953e+02,
    1.49328323e+02, 2.26161850e+02, 1.51447235e+02, 2.39040756e+02,
    1.53562088e+02, 2.51767303e+02, 1.55648468e+02, 2.64504181e+02,
    1.31574249e+02, 2.02138718e+02, 1.33803345e+02, 2.15153259e+02,
    1.36026001e+02, 2.28104630e+02, 1.38149826e+02, 2.41021927e+02,
    1.40272354e+02, 2.53802719e+02, 1.42344757e+02, 2.66589447e+02,
    1.18185829e+02, 2.03985107e+02, 1.20393669e+02, 2.17111618e+02,
    1.22579559e+02, 2.30022278e+02, 1.24777184e+02, 2.43071991e+02,
    1.27011581e+02, 2.55802597e+02, 1.29131409e+02, 2.68595398e+02,
    1.04655289e+02, 2.05993668e+02, 1.06987282e+02, 2.19049530e+02,
    1.09150558e+02, 2.32044067e+02, 1.11398964e+02, 2.45016556e+02,
    1.13593384e+02, 2.57942413e+02, 1.15853523e+02, 2.70690857e+02,
    9.12547607e+01, 2.07815491e+02, 9.34304352e+01, 2.20984924e+02,
    9.56395187e+01, 2.33913055e+02, 9.79880371e+01, 2.46981003e+02,
    1.00261383e+02, 2.59898926e+02, 1.02536278e+02, 2.72768463e+02,
    7.75381088e+01, 2.09596436e+02, 7.99896774e+01, 2.22777359e+02,
    8.22257004e+01, 2.36061035e+02, 8.44263840e+01, 2.48900284e+02,
    8.69635849e+01, 2.61822083e+02, 8.91748047e+01, 2.74803375e+02,
    6.41477509e+01, 2.11600159e+02, 6.64439087e+01, 2.24698654e+02,
    6.88198166e+01, 2.37960068e+02, 7.11234665e+01, 2.51043427e+02,
    7.34992142e+01, 2.64006775e+02, 7.59402542e+01, 2.76764709e+02,
    5.08071251e+01, 2.13358200e+02, 5.32230415e+01, 2.26768311e+02,
    5.54541702e+01, 2.39706146e+02, 5.79207497e+01, 2.52931122e+02,
    6.03390923e+01, 2.65798492e+02, 6.26947975e+01, 2.78770905e+02 ]
