%YAML:1.0
---
points: [ 7.37056122e+01, 2.17400009e+02, 8.28936844e+01, 2.09433624e+02,
    9.19450989e+01, 2.01325180e+02, 1.01240692e+02, 1.93248764e+02,
    1.10553200e+02, 1.85117844e+02, 1.19945984e+02, 1.76894287e+02,
    8.12617340e+01, 2.27103561e+02, 9.03541641e+01, 2.19101624e+02,
    9.95926514e+01, 2.11060806e+02, 1.08908669e+02, 2.03012360e+02,
    1.18348282e+02, 1.94873993e+02, 1.27808792e+02, 1.86744049e+02,
    8.88188553e+01, 2.37024048e+02, 9.80894394e+01, 2.28955200e+02,
    1.07351242e+02, 2.21002380e+02, 1.16760239e+02, 2.12870102e+02,
    1.26226677e+02, 2.04737579e+02, 1.35665894e+02, 1.96561600e+02,
    9.64762421e+01, 2.46735123e+02, 1.05763107e+02, 2.38782944e+02,
    1.15157013e+02, 2.30706711e+02, 1.24560539e+02, 2.22670853e+02,
    1.34118103e+02, 2.14554825e+02, 1.43651443e+02, 2.06381851e+02,
    1.04191101e+02, 2.56545288e+02, 1.13467186e+02, 2.48650787e+02,
    1.22935165e+02, 2.40627945e+02, 1.32447556e+02, 2.32554260e+02,
    1.41944412e+02, 2.24464371e+02, 1.51510757e+02, 2.16309814e+02,
    1.11871140e+02, 2.66476501e+02, 1.21271667e+02, 2.58494507e+02,
    1.30761505e+02, 2.50466293e+02, 1.40288147e+02, 2.42439545e+02,
    1.49900223e+02, 2.34385605e+02, 1.59482498e+02, 2.26294678e+02,
    1.19599709e+02, 2.76372284e+02, 1.29105255e+02, 2.68400391e+02,
    1.38601456e+02, 2.60396606e+02, 1.48199493e+02, 2.52374634e+02,
    1.57820831e+02, 2.44345367e+02, 1.67405426e+02, 2.36192535e+02,
    1.27377533e+02, 2.86393524e+02, 1.36963852e+02, 2.78396973e+02,
    1.46497437e+02, 2.70479980e+02, 1.56130859e+02, 2.62375275e+02,
    1.65803406e+02, 2.54299408e+02, 1.75493073e+02, 2.46228210e+02 ]
