%YAML:1.0
---
points: [ 9.86354980e+02, 2.34280685e+02, 1.00746582e+03, 1.89739105e+02,
    1.02821118e+03, 1.45773483e+02, 1.04861084e+03, 1.02390457e+02,
    1.06881616e+03, 5.95412712e+01, 1.08891577e+03, 1.74423275e+01,
    1.03121667e+03, 2.59387817e+02, 1.05165552e+03, 2.15252090e+02,
    1.07220825e+03, 1.71408463e+02, 1.09231445e+03, 1.28292114e+02,
    1.11217981e+03, 8.55682526e+01, 1.13158704e+03, 4.34928551e+01,
    1.07572351e+03, 2.84266022e+02, 1.09583240e+03, 2.40222717e+02,
    1.11568286e+03, 1.96638199e+02, 1.13555420e+03, 1.53580063e+02,
    1.15496497e+03, 1.11259850e+02, 1.17417700e+03, 6.93031693e+01,
    1.11939197e+03, 3.08453369e+02, 1.13914282e+03, 2.64671783e+02,
    1.15850024e+03, 2.21316635e+02, 1.17767603e+03, 1.78665619e+02,
    1.19676453e+03, 1.36273239e+02, 1.21543677e+03, 9.45841599e+01,
    1.16237830e+03, 3.32218018e+02, 1.18155127e+03, 2.88642853e+02,
    1.20059924e+03, 2.45546722e+02, 1.21952832e+03, 2.02929337e+02,
    1.23793091e+03, 1.61027176e+02, 1.25647852e+03, 1.19489777e+02,
    1.20458972e+03, 3.55527527e+02, 1.22347888e+03, 3.12304169e+02,
    1.24224597e+03, 2.69329468e+02, 1.26056958e+03, 2.27113083e+02,
    1.27873438e+03, 1.85092972e+02, 1.29669275e+03, 1.43811157e+02,
    1.24640222e+03, 3.78670624e+02, 1.26467322e+03, 3.35401184e+02,
    1.28312073e+03, 2.92740326e+02, 1.30096069e+03, 2.50587112e+02,
    1.31881873e+03, 2.09005859e+02, 1.33632446e+03, 1.67832932e+02,
    1.28764124e+03, 4.01300751e+02, 1.30555286e+03, 3.58424927e+02,
    1.32350623e+03, 3.15752136e+02, 1.34088110e+03, 2.73998810e+02,
    1.35835571e+03, 2.32471390e+02, 1.37546460e+03, 1.91562500e+02 ]
