%YAML:1.0
---
points: [ 5.64947632e+02, 4.95416290e+02, 5.71398254e+02, 5.33815979e+02,
    5.77779358e+02, 5.71901184e+02, 5.84308044e+02, 6.09932861e+02,
    5.90580627e+02, 6.47665283e+02, 5.96708801e+02, 6.85522766e+02,
    5.24755371e+02, 5.01116058e+02, 5.31549072e+02, 5.39406006e+02,
    5.38158447e+02, 5.77630920e+02, 5.44449158e+02, 6.15877136e+02,
    5.50964111e+02, 6.53939514e+02, 5.57361572e+02, 6.91587769e+02,
    4.84650513e+02, 5.06391296e+02, 4.91391785e+02, 5.45095032e+02,
    4.97977325e+02, 5.83485657e+02, 5.04645142e+02, 6.21964783e+02,
    5.11313019e+02, 6.59949219e+02, 5.17645264e+02, 6.97668335e+02,
    4.44068207e+02, 5.12155151e+02, 4.50776062e+02, 5.50623718e+02,
    4.57775543e+02, 5.89411499e+02, 4.64600647e+02, 6.27683472e+02,
    4.71254791e+02, 6.66042725e+02, 4.77662231e+02, 7.03839661e+02,
    4.03170959e+02, 5.17594116e+02, 4.10373169e+02, 5.56439819e+02,
    4.17430298e+02, 5.95277771e+02, 4.24207947e+02, 6.33771729e+02,
    4.31050201e+02, 6.71832397e+02, 4.37777740e+02, 7.10181274e+02,
    3.62447205e+02, 5.23387695e+02, 3.69647552e+02, 5.62289551e+02,
    3.76590546e+02, 6.01301697e+02, 3.83725800e+02, 6.39617737e+02,
    3.90631073e+02, 6.78112000e+02, 3.97524261e+02, 7.16408386e+02,
    3.21437836e+02, 5.28785156e+02, 3.28500732e+02, 5.68136597e+02,
    3.35665283e+02, 6.07153320e+02, 3.42839508e+02, 6.45690857e+02,
    3.49976135e+02, 6.84309692e+02, 3.57033997e+02, 7.22745239e+02,
    2.80370178e+02, 5.34610168e+02, 2.87597351e+02, 5.73885315e+02,
    2.95214294e+02, 6.13005981e+02, 3.02312469e+02, 6.51645569e+02,
    3.09524261e+02, 6.90483459e+02, 3.16843628e+02, 7.28684387e+02 ]
