%YAML:1.0
---
points: [ 3.63238098e+02, 1.34254440e+02, 4.00324066e+02, 1.64286835e+02,
    4.36625610e+02, 1.93676559e+02, 4.72114502e+02, 2.22308655e+02,
    5.06734528e+02, 2.50360611e+02, 5.40585144e+02, 2.77566010e+02,
    3.40559357e+02, 1.65547485e+02, 3.77570251e+02, 1.94787933e+02,
    4.13834991e+02, 2.23506638e+02, 4.49198822e+02, 2.51603745e+02,
    4.83848114e+02, 2.78807495e+02, 5.17658691e+02, 3.05484314e+02,
    3.18398651e+02, 1.96142563e+02, 3.55320496e+02, 2.24687469e+02,
    3.91565186e+02, 2.52732391e+02, 4.26740509e+02, 2.80070099e+02,
    4.61463531e+02, 3.06758789e+02, 4.95144958e+02, 3.32646790e+02,
    2.96714813e+02, 2.26294876e+02, 3.33551208e+02, 2.54141174e+02,
    3.69599670e+02, 2.81417114e+02, 4.04878876e+02, 3.08148956e+02,
    4.39465485e+02, 3.34044342e+02, 4.73057617e+02, 3.59441925e+02,
    2.75550781e+02, 2.55627106e+02, 3.12253143e+02, 2.82837952e+02,
    3.48281738e+02, 3.09617554e+02, 3.83405243e+02, 3.35475616e+02,
    4.17878784e+02, 3.60873108e+02, 4.51473602e+02, 3.85548370e+02,
    2.54700760e+02, 2.84497772e+02, 2.91330200e+02, 3.11143005e+02,
    3.27098877e+02, 3.37109833e+02, 3.62284973e+02, 3.62428528e+02,
    3.96644409e+02, 3.87187805e+02, 4.30220337e+02, 4.11303223e+02,
    2.34401749e+02, 3.12839111e+02, 2.70793091e+02, 3.38752289e+02,
    3.06420898e+02, 3.64260284e+02, 3.41453522e+02, 3.88920624e+02,
    3.75660400e+02, 4.13175446e+02, 4.09246490e+02, 4.36696381e+02,
    2.14526794e+02, 3.40489258e+02, 2.50772964e+02, 3.65837616e+02,
    2.86374207e+02, 3.90577759e+02, 3.21223602e+02, 4.14834106e+02,
    3.55323944e+02, 4.38414886e+02, 3.88672211e+02, 4.61394867e+02 ]
