%YAML:1.0
---
points: [ 7.38546982e+01, 1.83064606e+02, 8.31625595e+01, 1.74825592e+02,
    9.24578781e+01, 1.66435593e+02, 1.01939285e+02, 1.58145630e+02,
    1.11303329e+02, 1.49724503e+02, 1.20854095e+02, 1.41290161e+02,
    8.17559891e+01, 1.92795822e+02, 9.10950165e+01, 1.84479721e+02,
    1.00496788e+02, 1.76151062e+02, 1.09942703e+02, 1.67793304e+02,
    1.19442879e+02, 1.59376083e+02, 1.29016846e+02, 1.51079712e+02,
    8.97371674e+01, 2.02444702e+02, 9.91072235e+01, 1.94247070e+02,
    1.08624664e+02, 1.85889252e+02, 1.18153862e+02, 1.77609131e+02,
    1.27661987e+02, 1.69258026e+02, 1.37235229e+02, 1.60867737e+02,
    9.77831268e+01, 2.12248520e+02, 1.07218338e+02, 2.04050171e+02,
    1.16775467e+02, 1.95630463e+02, 1.26280991e+02, 1.87334152e+02,
    1.35908783e+02, 1.79005325e+02, 1.45486404e+02, 1.70631470e+02,
    1.05859177e+02, 2.21981247e+02, 1.15364052e+02, 2.13745346e+02,
    1.24958450e+02, 2.05426315e+02, 1.34550354e+02, 1.97188309e+02,
    1.44127487e+02, 1.88810211e+02, 1.53695908e+02, 1.80395676e+02,
    1.13989731e+02, 2.31783432e+02, 1.23493378e+02, 2.23510788e+02,
    1.33124054e+02, 2.15210907e+02, 1.42708954e+02, 2.06933014e+02,
    1.52354248e+02, 1.98589600e+02, 1.62022873e+02, 1.90258530e+02,
    1.22128143e+02, 2.41527206e+02, 1.31654297e+02, 2.33283218e+02,
    1.41245544e+02, 2.25056046e+02, 1.50930618e+02, 2.16711105e+02,
    1.60631058e+02, 2.08353317e+02, 1.70238998e+02, 2.00061295e+02,
    1.30262253e+02, 2.51354065e+02, 1.39886261e+02, 2.43072021e+02,
    1.49507767e+02, 2.34846985e+02, 1.59208206e+02, 2.26562164e+02,
    1.68906387e+02, 2.18258209e+02, 1.78568558e+02, 2.09934570e+02 ]
