%YAML:1.0
---
points: [ 7.34579651e+02, 6.74412781e+02, 7.35573792e+02, 6.36540710e+02,
    7.36549622e+02, 5.98565430e+02, 7.37499146e+02, 5.60920593e+02,
    7.38271118e+02, 5.23084351e+02, 7.38997742e+02, 4.85194855e+02,
    7.72465271e+02, 6.75316711e+02, 7.73457458e+02, 6.37456360e+02,
    7.74453369e+02, 5.99654419e+02, 7.75307434e+02, 5.61683960e+02,
    7.76203796e+02, 5.24070557e+02, 7.76938599e+02, 4.86272797e+02,
    8.10636353e+02, 6.76008667e+02, 8.11496887e+02, 6.38370850e+02,
    8.12360596e+02, 6.00509705e+02, 8.13278625e+02, 5.62850403e+02,
    8.14117126e+02, 5.24926025e+02, 8.15027039e+02, 4.87206421e+02,
    8.48437195e+02, 6.76868530e+02, 8.49212646e+02, 6.39297913e+02,
    8.50179688e+02, 6.01456848e+02, 8.50954346e+02, 5.63685608e+02,
    8.51853821e+02, 5.25927795e+02, 8.52820251e+02, 4.88220001e+02,
    8.86044128e+02, 6.77639160e+02, 8.86854309e+02, 6.40184265e+02,
    8.87775757e+02, 6.02392456e+02, 8.88702759e+02, 5.64751831e+02,
    8.89668396e+02, 5.26827209e+02, 8.90454956e+02, 4.89129944e+02,
    9.23557800e+02, 6.78661926e+02, 9.24545959e+02, 6.40856079e+02,
    9.25464844e+02, 6.03271912e+02, 9.26374146e+02, 5.65546570e+02,
    9.27349182e+02, 5.27904663e+02, 9.28145813e+02, 4.90212158e+02,
    9.61251221e+02, 6.79590027e+02, 9.62194092e+02, 6.41916870e+02,
    9.63126587e+02, 6.04224854e+02, 9.63948242e+02, 5.66509460e+02,
    9.64820374e+02, 5.28680298e+02, 9.65595764e+02, 4.91114929e+02,
    9.98966187e+02, 6.80628357e+02, 9.99844299e+02, 6.42852478e+02,
    1.00057098e+03, 6.04993896e+02, 1.00157452e+03, 5.67433044e+02,
    1.00249103e+03, 5.29706787e+02, 1.00332336e+03, 4.92013306e+02 ]
