%YAML:1.0
---
points: [ 7.98226471e+01, 7.94803772e+01, 9.14742432e+01, 8.92697525e+01,
    1.03143143e+02, 9.87852554e+01, 1.14471817e+02, 1.08242889e+02,
    1.25807121e+02, 1.17510071e+02, 1.36842285e+02, 1.26609467e+02,
    7.20412979e+01, 9.01295700e+01, 8.36531601e+01, 9.95169449e+01,
    9.52415009e+01, 1.08888641e+02, 1.06693260e+02, 1.18141327e+02,
    1.17888428e+02, 1.27167313e+02, 1.28985291e+02, 1.36097397e+02,
    6.44594727e+01, 1.00366409e+02, 7.60613480e+01, 1.09624825e+02,
    8.76257019e+01, 1.18764107e+02, 9.89753036e+01, 1.27724358e+02,
    1.10225639e+02, 1.36607407e+02, 1.21213631e+02, 1.45226273e+02,
    5.70664368e+01, 1.10440910e+02, 6.86804581e+01, 1.19462509e+02,
    8.01295319e+01, 1.28384323e+02, 9.15087585e+01, 1.37221329e+02,
    1.02638496e+02, 1.45847000e+02, 1.13608574e+02, 1.54326614e+02,
    4.99853859e+01, 1.20304359e+02, 6.13440514e+01, 1.29185257e+02,
    7.28561859e+01, 1.37889755e+02, 8.40983353e+01, 1.46454147e+02,
    9.52915955e+01, 1.54979538e+02, 1.06187927e+02, 1.63232208e+02,
    4.29428215e+01, 1.30117432e+02, 5.43795090e+01, 1.38691299e+02,
    6.56154022e+01, 1.47221420e+02, 7.69442291e+01, 1.55588562e+02,
    8.79996796e+01, 1.63858215e+02, 9.89674301e+01, 1.71937042e+02,
    3.62504692e+01, 1.39525299e+02, 4.73532791e+01, 1.48040726e+02,
    5.86983147e+01, 1.56377258e+02, 6.97837143e+01, 1.64573853e+02,
    8.08940201e+01, 1.72616150e+02, 9.17008743e+01, 1.80461258e+02,
    2.95305920e+01, 1.48970779e+02, 4.08090363e+01, 1.57149857e+02,
    5.18813248e+01, 1.65270813e+02, 6.30002060e+01, 1.73290375e+02,
    7.39334869e+01, 1.81154617e+02, 8.47583694e+01, 1.88904770e+02 ]
