%YAML:1.0
---
points: [ 8.52661057e+01, 1.71205856e+02, 8.76733322e+01, 1.58815903e+02,
    8.99912949e+01, 1.46576035e+02, 9.23190384e+01, 1.34140167e+02,
    9.46660309e+01, 1.21694130e+02, 9.70916138e+01, 1.09224411e+02,
    9.64624557e+01, 1.73746353e+02, 9.88063431e+01, 1.61403351e+02,
    1.01187317e+02, 1.49024841e+02, 1.03569191e+02, 1.36629318e+02,
    1.06094780e+02, 1.24037811e+02, 1.08456604e+02, 1.11500252e+02,
    1.07931732e+02, 1.76449753e+02, 1.10243416e+02, 1.64063980e+02,
    1.12661011e+02, 1.51511154e+02, 1.15116318e+02, 1.39035690e+02,
    1.17468452e+02, 1.26455238e+02, 1.20015564e+02, 1.13836197e+02,
    1.19469299e+02, 1.79097412e+02, 1.21844734e+02, 1.66701675e+02,
    1.24306366e+02, 1.54130844e+02, 1.26733566e+02, 1.41530472e+02,
    1.29222488e+02, 1.28865738e+02, 1.31644943e+02, 1.16224693e+02,
    1.31101578e+02, 1.81841843e+02, 1.33558090e+02, 1.69326630e+02,
    1.36094467e+02, 1.56787048e+02, 1.38461166e+02, 1.44121719e+02,
    1.40963165e+02, 1.31354660e+02, 1.43367661e+02, 1.18635513e+02,
    1.42894592e+02, 1.84566864e+02, 1.45424866e+02, 1.72072845e+02,
    1.47899185e+02, 1.59361313e+02, 1.50380295e+02, 1.46688889e+02,
    1.52929291e+02, 1.33932495e+02, 1.55341583e+02, 1.21102829e+02,
    1.54846741e+02, 1.87360962e+02, 1.57342392e+02, 1.74772827e+02,
    1.59875656e+02, 1.62071136e+02, 1.62395203e+02, 1.49330627e+02,
    1.64949539e+02, 1.36495605e+02, 1.67469528e+02, 1.23612846e+02,
    1.66874405e+02, 1.90179962e+02, 1.69449509e+02, 1.77491714e+02,
    1.71990509e+02, 1.64789825e+02, 1.74586685e+02, 1.52041763e+02,
    1.77180588e+02, 1.39144623e+02, 1.79728806e+02, 1.26187012e+02 ]
