%YAML:1.0
---
points: [ 7.40232056e+02, 6.79602051e+02, 7.41505066e+02, 6.41096436e+02,
    7.42572327e+02, 6.02469360e+02, 7.43648193e+02, 5.63950928e+02,
    7.44705261e+02, 5.25306458e+02, 7.45680725e+02, 4.86599182e+02,
    7.76340942e+02, 6.82152954e+02, 7.77358337e+02, 6.43293884e+02,
    7.78631104e+02, 6.04280029e+02, 7.79651306e+02, 5.65518005e+02,
    7.80710022e+02, 5.26383850e+02, 7.81847717e+02, 4.87395935e+02,
    8.13053284e+02, 6.84531250e+02, 8.14296631e+02, 6.45402649e+02,
    8.15404053e+02, 6.06274963e+02, 8.16587463e+02, 5.66944824e+02,
    8.17592896e+02, 5.27661316e+02, 8.18604919e+02, 4.88365601e+02,
    8.50363464e+02, 6.87197510e+02, 8.51470520e+02, 6.47523499e+02,
    8.52677490e+02, 6.08008972e+02, 8.53704102e+02, 5.68449890e+02,
    8.54809326e+02, 5.28869141e+02, 8.55966858e+02, 4.89351379e+02,
    8.88041443e+02, 6.89664917e+02, 8.89423523e+02, 6.49826782e+02,
    8.90492188e+02, 6.09846313e+02, 8.91587341e+02, 5.70206299e+02,
    8.92774536e+02, 5.30209778e+02, 8.93850769e+02, 4.90226288e+02,
    9.26586243e+02, 6.92344666e+02, 9.27636963e+02, 6.52286194e+02,
    9.28868225e+02, 6.11989258e+02, 9.30160217e+02, 5.71575806e+02,
    9.31458801e+02, 5.31360657e+02, 9.32566528e+02, 4.91282349e+02,
    9.65747742e+02, 6.95226379e+02, 9.66830750e+02, 6.54538391e+02,
    9.68171570e+02, 6.13867065e+02, 9.69440002e+02, 5.73389160e+02,
    9.70535400e+02, 5.32693970e+02, 9.71675842e+02, 4.92182312e+02,
    1.00565961e+03, 6.97871155e+02, 1.00690833e+03, 6.56902649e+02,
    1.00810687e+03, 6.16037598e+02, 1.00920618e+03, 5.75099792e+02,
    1.01064069e+03, 5.34082764e+02, 1.01169244e+03, 4.93016693e+02 ]
