%YAML:1.0
---
points: [ 1.39566101e+02, 3.22858032e+02, 1.86374252e+02, 3.10721832e+02,
    2.33339035e+02, 2.98773865e+02, 2.80518555e+02, 2.87106628e+02,
    3.27861481e+02, 2.75463989e+02, 3.75058563e+02, 2.63610046e+02,
    1.68560791e+02, 3.64510101e+02, 2.14415848e+02, 3.52951569e+02,
    2.60424408e+02, 3.41288971e+02, 3.06395844e+02, 3.29845520e+02,
    3.52599060e+02, 3.18430603e+02, 3.98857239e+02, 3.07329742e+02,
    1.96214584e+02, 4.04235107e+02, 2.41068649e+02, 3.92699188e+02,
    2.86134460e+02, 3.81527832e+02, 3.31139923e+02, 3.70384583e+02,
    3.76384827e+02, 3.59316925e+02, 4.21349548e+02, 3.48219543e+02,
    2.22844727e+02, 4.41848480e+02, 2.66594940e+02, 4.30687378e+02,
    3.10572754e+02, 4.19628906e+02, 3.54565369e+02, 4.08731903e+02,
    3.98704224e+02, 3.97889984e+02, 4.42719452e+02, 3.87254425e+02,
    2.48168655e+02, 4.77722870e+02, 2.91008392e+02, 4.66847839e+02,
    3.34156738e+02, 4.56104828e+02, 3.77237091e+02, 4.45379120e+02,
    4.20238495e+02, 4.34615631e+02, 4.63278107e+02, 4.24145752e+02,
    2.72448395e+02, 5.12103271e+02, 3.14593933e+02, 5.01524414e+02,
    3.56583832e+02, 4.90769409e+02, 3.98723114e+02, 4.80350800e+02,
    4.40689819e+02, 4.69721039e+02, 4.82699432e+02, 4.59402283e+02,
    2.95742065e+02, 5.44733643e+02, 3.36869293e+02, 5.34258789e+02,
    3.78142151e+02, 5.24013123e+02, 4.19301147e+02, 5.13548584e+02,
    4.60303955e+02, 5.03275055e+02, 5.01263489e+02, 4.92956207e+02,
    3.17828552e+02, 5.75719727e+02, 3.58186890e+02, 5.65606018e+02,
    3.98472717e+02, 5.55286560e+02, 4.38652740e+02, 5.45255310e+02,
    4.78616119e+02, 5.34916199e+02, 5.18648071e+02, 5.24806519e+02 ]
