%YAML:1.0
---
points: [ 1.05911665e+01, 1.43254410e+02, 2.52300186e+01, 1.39061493e+02,
    4.00676842e+01, 1.34715851e+02, 5.53276520e+01, 1.30671936e+02,
    7.06940308e+01, 1.26426109e+02, 8.62321548e+01, 1.22404228e+02,
    1.88254967e+01, 1.56991043e+02, 3.32040443e+01, 1.52758072e+02,
    4.79804764e+01, 1.48775909e+02, 6.29557533e+01, 1.44733231e+02,
    7.81360397e+01, 1.40812622e+02, 9.33335953e+01, 1.36803589e+02,
    2.67174244e+01, 1.69972519e+02, 4.11510582e+01, 1.66158417e+02,
    5.55342064e+01, 1.62023102e+02, 7.03905258e+01, 1.58323654e+02,
    8.52572403e+01, 1.54367538e+02, 1.00146286e+02, 1.50632462e+02,
    3.46689987e+01, 1.82579407e+02, 4.86745796e+01, 1.78651306e+02,
    6.29306793e+01, 1.74900772e+02, 7.75118713e+01, 1.71110687e+02,
    9.21592026e+01, 1.67453033e+02, 1.06704437e+02, 1.63704727e+02,
    4.21304169e+01, 1.94359009e+02, 5.60718460e+01, 1.90771835e+02,
    7.01081543e+01, 1.87023132e+02, 8.43760681e+01, 1.83435379e+02,
    9.87125168e+01, 1.79839966e+02, 1.12993347e+02, 1.76208984e+02,
    4.94051552e+01, 2.05926498e+02, 6.31282310e+01, 2.02288040e+02,
    7.70547409e+01, 1.98803268e+02, 9.10479736e+01, 1.95140808e+02,
    1.04988243e+02, 1.91631409e+02, 1.19037926e+02, 1.88094772e+02,
    5.65322762e+01, 2.16858292e+02, 7.00400162e+01, 2.13439880e+02,
    8.36743546e+01, 2.09886307e+02, 9.73261261e+01, 2.06411850e+02,
    1.11031158e+02, 2.02889435e+02, 1.24664925e+02, 1.99415543e+02,
    6.33421783e+01, 2.27358002e+02, 7.66616058e+01, 2.23848694e+02,
    8.99994736e+01, 2.20475388e+02, 1.03309990e+02, 2.17041534e+02,
    1.16705772e+02, 2.13673813e+02, 1.30175644e+02, 2.10223618e+02 ]
