%YAML:1.0
---
points: [ 9.57044067e+01, 1.38743240e+02, 9.50447617e+01, 1.25471642e+02,
    9.45644913e+01, 1.11847763e+02, 9.37929153e+01, 9.84102859e+01,
    9.34388885e+01, 8.47888336e+01, 9.27112122e+01, 7.09433746e+01,
    1.08794746e+02, 1.38783783e+02, 1.08222992e+02, 1.25634720e+02,
    1.07677788e+02, 1.11881607e+02, 1.06900764e+02, 9.84963531e+01,
    1.06579025e+02, 8.47338638e+01, 1.05991692e+02, 7.09808731e+01,
    1.21953255e+02, 1.38903915e+02, 1.21577408e+02, 1.25642609e+02,
    1.20789970e+02, 1.11999687e+02, 1.20316643e+02, 9.84736481e+01,
    1.19748177e+02, 8.47276993e+01, 1.19176239e+02, 7.07279434e+01,
    1.35177597e+02, 1.39030960e+02, 1.34695374e+02, 1.25780396e+02,
    1.33996338e+02, 1.12191635e+02, 1.33669098e+02, 9.86403885e+01,
    1.32921616e+02, 8.47965698e+01, 1.32663681e+02, 7.08925781e+01,
    1.48433929e+02, 1.39329346e+02, 1.47749939e+02, 1.25842491e+02,
    1.47425262e+02, 1.12368469e+02, 1.46784271e+02, 9.86798019e+01,
    1.46544907e+02, 8.47857437e+01, 1.45785263e+02, 7.08228149e+01,
    1.61625977e+02, 1.39603317e+02, 1.61000641e+02, 1.25908638e+02,
    1.60694641e+02, 1.12560127e+02, 1.60119125e+02, 9.87660141e+01,
    1.59738190e+02, 8.50178604e+01, 1.59399338e+02, 7.11169205e+01,
    1.74643723e+02, 1.39639664e+02, 1.74267044e+02, 1.26259712e+02,
    1.73849213e+02, 1.12707520e+02, 1.73583786e+02, 9.89316254e+01,
    1.73018311e+02, 8.51044083e+01, 1.72670395e+02, 7.13113022e+01,
    1.87790115e+02, 1.39761230e+02, 1.87513519e+02, 1.26421059e+02,
    1.87022476e+02, 1.12867615e+02, 1.86776535e+02, 9.91199417e+01,
    1.86596939e+02, 8.53226242e+01, 1.86229919e+02, 7.15134201e+01 ]
