%YAML:1.0
---
points: [ 3.80279877e+02, 4.10489685e+02, 4.03120270e+02, 3.97458527e+02,
    4.26969482e+02, 3.83742859e+02, 4.51711273e+02, 3.69462189e+02,
    4.77643616e+02, 3.54726349e+02, 5.04606354e+02, 3.39129089e+02,
    3.79560059e+02, 4.49401733e+02, 4.02673523e+02, 4.37070679e+02,
    4.26879211e+02, 4.24055450e+02, 4.51930695e+02, 4.10445984e+02,
    4.78224518e+02, 3.96426361e+02, 5.05667664e+02, 3.81694519e+02,
    3.78860809e+02, 4.88973267e+02, 4.02277039e+02, 4.77325348e+02,
    4.26875092e+02, 4.65016907e+02, 4.52119202e+02, 4.52196808e+02,
    4.78753357e+02, 4.38987274e+02, 5.06572998e+02, 4.25112640e+02,
    3.78260803e+02, 5.29385803e+02, 4.01993591e+02, 5.18499756e+02,
    4.26527649e+02, 5.06710846e+02, 4.52230072e+02, 4.94945648e+02,
    4.79396454e+02, 4.82376251e+02, 5.07254669e+02, 4.69432007e+02,
    3.77457916e+02, 5.70875793e+02, 4.01355835e+02, 5.60521240e+02,
    4.26574066e+02, 5.49798157e+02, 4.52536987e+02, 5.38511963e+02,
    4.79845734e+02, 5.26813049e+02, 5.08324310e+02, 5.14739502e+02,
    3.76524017e+02, 6.12895081e+02, 4.00928833e+02, 6.03405518e+02,
    4.26125641e+02, 5.93554199e+02, 4.52662384e+02, 5.83172913e+02,
    4.80227600e+02, 5.72394653e+02, 5.09080048e+02, 5.61157959e+02,
    3.76056854e+02, 6.56187805e+02, 4.00465057e+02, 6.47527283e+02,
    4.26063812e+02, 6.38555908e+02, 4.52699799e+02, 6.28947754e+02,
    4.80694183e+02, 6.19181946e+02, 5.09994995e+02, 6.08796326e+02,
    3.75275391e+02, 7.00079041e+02, 3.99919525e+02, 6.92370056e+02,
    4.25704468e+02, 6.84150024e+02, 4.52711426e+02, 6.75660278e+02,
    4.80844360e+02, 6.66723694e+02, 5.10684631e+02, 6.57317505e+02 ]
