%YAML:1.0
---
points: [ 8.46982651e+01, 1.71522690e+02, 9.27133026e+01, 1.67262512e+02,
    1.00865822e+02, 1.62625961e+02, 1.09776375e+02, 1.57726196e+02,
    1.18825218e+02, 1.52722305e+02, 1.28525635e+02, 1.47395447e+02,
    8.46902847e+01, 1.84827576e+02, 9.27481384e+01, 1.80406219e+02,
    1.01048248e+02, 1.76247757e+02, 1.09850723e+02, 1.71633469e+02,
    1.19299706e+02, 1.66782516e+02, 1.28899002e+02, 1.61833878e+02,
    8.45777893e+01, 1.97984665e+02, 9.27066727e+01, 1.94187164e+02,
    1.01269890e+02, 1.89992432e+02, 1.10242706e+02, 1.85613724e+02,
    1.19655945e+02, 1.81165451e+02, 1.29533112e+02, 1.76467804e+02,
    8.45656586e+01, 2.11783173e+02, 9.27270432e+01, 2.08018448e+02,
    1.01539146e+02, 2.04090790e+02, 1.10604103e+02, 2.00130188e+02,
    1.20073097e+02, 1.95893875e+02, 1.29965302e+02, 1.91411575e+02,
    8.45845413e+01, 2.25620605e+02, 9.28032761e+01, 2.22302414e+02,
    1.01730736e+02, 2.18564484e+02, 1.10818626e+02, 2.14873093e+02,
    1.20577942e+02, 2.10887222e+02, 1.30671219e+02, 2.06814453e+02,
    8.44405899e+01, 2.39962128e+02, 9.28536148e+01, 2.36716858e+02,
    1.01828583e+02, 2.33361816e+02, 1.11171722e+02, 2.29930801e+02,
    1.20899635e+02, 2.26290619e+02, 1.31271423e+02, 2.22364548e+02,
    8.46127167e+01, 2.54356415e+02, 9.29800186e+01, 2.51593613e+02,
    1.01914001e+02, 2.48585281e+02, 1.11591095e+02, 2.45342911e+02,
    1.21392220e+02, 2.42079346e+02, 1.31782516e+02, 2.38618851e+02,
    8.47300491e+01, 2.69316071e+02, 9.30713806e+01, 2.66725372e+02,
    1.02217300e+02, 2.64005737e+02, 1.11753540e+02, 2.61153076e+02,
    1.21800247e+02, 2.58194916e+02, 1.32314926e+02, 2.54957306e+02 ]
