%YAML:1.0
---
points: [ 7.63710266e+02, 6.71307007e+02, 7.66228821e+02, 6.33589050e+02,
    7.68821106e+02, 5.95909424e+02, 7.71272766e+02, 5.58323364e+02,
    7.73683899e+02, 5.20387573e+02, 7.76231567e+02, 4.82622284e+02,
    8.01465088e+02, 6.73810852e+02, 8.03801392e+02, 6.35975098e+02,
    8.06426636e+02, 5.98402344e+02, 8.08772705e+02, 5.60635986e+02,
    8.11451721e+02, 5.23132874e+02, 8.13680664e+02, 4.85343231e+02,
    8.39295044e+02, 6.76250000e+02, 8.41776855e+02, 6.38619507e+02,
    8.44333801e+02, 6.00865112e+02, 8.46748169e+02, 5.63385925e+02,
    8.49330750e+02, 5.25542847e+02, 8.51684998e+02, 4.87756927e+02,
    8.76738525e+02, 6.78668945e+02, 8.79427795e+02, 6.41079590e+02,
    8.81737427e+02, 6.03399963e+02, 8.84428345e+02, 5.65794556e+02,
    8.86714844e+02, 5.28217407e+02, 8.89395691e+02, 4.90530823e+02,
    9.14445557e+02, 6.81293640e+02, 9.16946716e+02, 6.43657166e+02,
    9.19453735e+02, 6.05980225e+02, 9.22125244e+02, 5.68431946e+02,
    9.24414490e+02, 5.30577271e+02, 9.26901672e+02, 4.93009583e+02,
    9.52067444e+02, 6.83696350e+02, 9.54349548e+02, 6.46160706e+02,
    9.56982727e+02, 6.08479736e+02, 9.59488770e+02, 5.70867065e+02,
    9.61978455e+02, 5.33341003e+02, 9.64509766e+02, 4.95624023e+02,
    9.89602661e+02, 6.86422668e+02, 9.91927124e+02, 6.48649170e+02,
    9.94514526e+02, 6.11157410e+02, 9.96918274e+02, 5.73468018e+02,
    9.99543335e+02, 5.35669067e+02, 1.00196436e+03, 4.98211823e+02,
    1.02732312e+03, 6.88839783e+02, 1.02953784e+03, 6.51181824e+02,
    1.03223425e+03, 6.13564209e+02, 1.03453259e+03, 5.75958313e+02,
    1.03722852e+03, 5.38458801e+02, 1.03958240e+03, 5.00734467e+02 ]
