%YAML:1.0
---
points: [ 1.00699286e+03, 4.75401367e+02, 1.00770441e+03, 5.14382690e+02,
    1.00844885e+03, 5.53508545e+02, 1.00929767e+03, 5.92505127e+02,
    1.01028052e+03, 6.31661987e+02, 1.01108551e+03, 6.70887817e+02,
    9.71236633e+02, 4.74989929e+02, 9.72085754e+02, 5.14472107e+02,
    9.72897522e+02, 5.54374512e+02, 9.73657898e+02, 5.93845093e+02,
    9.74403809e+02, 6.33666626e+02, 9.75308228e+02, 6.73448792e+02,
    9.34569641e+02, 4.74672363e+02, 9.35368042e+02, 5.14726196e+02,
    9.36283936e+02, 5.54959412e+02, 9.37098877e+02, 5.95399231e+02,
    9.37657471e+02, 6.35519104e+02, 9.38484985e+02, 6.75921021e+02,
    8.96913635e+02, 4.74348724e+02, 8.97526184e+02, 5.14967041e+02,
    8.98416870e+02, 5.55763733e+02, 8.99327209e+02, 5.96743652e+02,
    8.99929871e+02, 6.37700195e+02, 9.00761292e+02, 6.78539673e+02,
    8.57952820e+02, 4.73993896e+02, 8.58734009e+02, 5.15294800e+02,
    8.59453430e+02, 5.56664307e+02, 8.60193420e+02, 5.98270630e+02,
    8.60911926e+02, 6.39695435e+02, 8.61632690e+02, 6.81289246e+02,
    8.17831604e+02, 4.73480988e+02, 8.18540344e+02, 5.15551453e+02,
    8.19303772e+02, 5.57607727e+02, 8.20074097e+02, 5.99634277e+02,
    8.20852356e+02, 6.41966370e+02, 8.21545288e+02, 6.84185669e+02,
    7.76119568e+02, 4.72963837e+02, 7.76843628e+02, 5.15806702e+02,
    7.77586914e+02, 5.58600952e+02, 7.78400757e+02, 6.01441833e+02,
    7.79047668e+02, 6.44320862e+02, 7.79807983e+02, 6.87191650e+02,
    7.33367004e+02, 4.72570251e+02, 7.34092102e+02, 5.16082275e+02,
    7.34790466e+02, 5.59575867e+02, 7.35559143e+02, 6.02911194e+02,
    7.36307861e+02, 6.46475342e+02, 7.36870117e+02, 6.90266418e+02 ]
