%YAML:1.0
---
points: [ 1.20880791e+02, 1.79589279e+02, 1.31580505e+02, 1.76252472e+02,
    1.42688049e+02, 1.72680099e+02, 1.54044861e+02, 1.69129639e+02,
    1.65888992e+02, 1.65359329e+02, 1.78189026e+02, 1.61445709e+02,
    1.17251427e+02, 1.91801300e+02, 1.28039307e+02, 1.88544708e+02,
    1.39324371e+02, 1.85276733e+02, 1.50875671e+02, 1.81671265e+02,
    1.62997421e+02, 1.78098953e+02, 1.75422638e+02, 1.74394653e+02,
    1.13463577e+02, 2.04325012e+02, 1.24393875e+02, 2.01343109e+02,
    1.35740417e+02, 1.98131134e+02, 1.47660980e+02, 1.94764465e+02,
    1.59900177e+02, 1.91375595e+02, 1.72629700e+02, 1.87942032e+02,
    1.09502014e+02, 2.17582199e+02, 1.20518158e+02, 2.14708771e+02,
    1.32232620e+02, 2.11702042e+02, 1.44193008e+02, 2.08527557e+02,
    1.56726440e+02, 2.05401520e+02, 1.69636536e+02, 2.01912552e+02,
    1.05393295e+02, 2.31231262e+02, 1.16604019e+02, 2.28608124e+02,
    1.28482635e+02, 2.25742279e+02, 1.40669769e+02, 2.22873627e+02,
    1.53368423e+02, 2.19840515e+02, 1.66656799e+02, 2.16661560e+02,
    1.00966049e+02, 2.45686234e+02, 1.12373787e+02, 2.43190689e+02,
    1.24400742e+02, 2.40493195e+02, 1.36897705e+02, 2.37869659e+02,
    1.49768997e+02, 2.35128113e+02, 1.63272430e+02, 2.32191376e+02,
    9.64852753e+01, 2.60622223e+02, 1.08141487e+02, 2.58364685e+02,
    1.20230240e+02, 2.56050537e+02, 1.32886108e+02, 2.53663040e+02,
    1.46065857e+02, 2.51143509e+02, 1.59794449e+02, 2.48522964e+02,
    9.19006729e+01, 2.76230377e+02, 1.03602928e+02, 2.74395355e+02,
    1.15925110e+02, 2.72264740e+02, 1.28676636e+02, 2.70154602e+02,
    1.42157837e+02, 2.67893433e+02, 1.56123611e+02, 2.65590546e+02 ]
