%YAML:1.0
---
points: [ 1.89375488e+02, 1.04011326e+01, 1.90851578e+02, 2.68921070e+01,
    1.92765625e+02, 4.27699013e+01, 1.94438965e+02, 5.82745171e+01,
    1.96075272e+02, 7.28893509e+01, 1.97634293e+02, 8.70312729e+01,
    1.73585083e+02, 1.12620239e+01, 1.75904099e+02, 2.77291317e+01,
    1.77694901e+02, 4.36439438e+01, 1.79852570e+02, 5.87481575e+01,
    1.81822418e+02, 7.35477676e+01, 1.83733917e+02, 8.76952057e+01,
    1.58324570e+02, 1.20263948e+01, 1.60393341e+02, 2.86062145e+01,
    1.63066620e+02, 4.43934135e+01, 1.65189194e+02, 5.97139626e+01,
    1.67555206e+02, 7.44249039e+01, 1.69792282e+02, 8.84188385e+01,
    1.42317078e+02, 1.29060898e+01, 1.45311493e+02, 2.92407055e+01,
    1.47844376e+02, 4.51297569e+01, 1.50588867e+02, 6.04741249e+01,
    1.53137161e+02, 7.51288834e+01, 1.55728165e+02, 8.91704407e+01,
    1.27160980e+02, 1.39493675e+01, 1.29746521e+02, 3.00864010e+01,
    1.32984680e+02, 4.59040794e+01, 1.35770813e+02, 6.11425438e+01,
    1.38811142e+02, 7.58601227e+01, 1.41628067e+02, 8.99066925e+01,
    1.11167618e+02, 1.50712013e+01, 1.14615738e+02, 3.11473064e+01,
    1.17686615e+02, 4.68137932e+01, 1.21129295e+02, 6.19346771e+01,
    1.24270966e+02, 7.66391068e+01, 1.27452797e+02, 9.07013702e+01,
    9.60892181e+01, 1.64227123e+01, 9.90874023e+01, 3.22885246e+01,
    1.02825447e+02, 4.78654480e+01, 1.06196327e+02, 6.29075050e+01,
    1.09756027e+02, 7.75947876e+01, 1.13174591e+02, 9.15547180e+01,
    8.02855911e+01, 1.78990517e+01, 8.42570496e+01, 3.36806107e+01,
    8.77302628e+01, 4.90156212e+01, 9.16045074e+01, 6.39547768e+01,
    9.52797699e+01, 7.83947678e+01, 9.89722061e+01, 9.23981247e+01 ]
