%YAML:1.0
---
points: [ 4.87018738e+02, 4.34390808e+02, 5.17732788e+02, 4.24407501e+02,
    5.49545593e+02, 4.13997620e+02, 5.82278442e+02, 4.03418427e+02,
    6.16291992e+02, 3.92343353e+02, 6.51272766e+02, 3.80743439e+02,
    4.74806305e+02, 4.70163147e+02, 5.06139618e+02, 4.60721191e+02,
    5.38301025e+02, 4.50875183e+02, 5.71421875e+02, 4.40462189e+02,
    6.06084961e+02, 4.30072205e+02, 6.41885071e+02, 4.18948822e+02,
    4.62154510e+02, 5.07599945e+02, 4.93788300e+02, 4.98494110e+02,
    5.26605225e+02, 4.89087372e+02, 5.60300049e+02, 4.79223114e+02,
    5.95529968e+02, 4.69496765e+02, 6.31846985e+02, 4.58678345e+02,
    4.49126160e+02, 5.46429443e+02, 4.81100555e+02, 5.38249878e+02,
    5.14282410e+02, 5.28971558e+02, 5.48594177e+02, 5.19654236e+02,
    5.84423462e+02, 5.10294647e+02, 6.21389160e+02, 5.00382721e+02,
    4.35046417e+02, 5.87320679e+02, 4.67544678e+02, 5.79294189e+02,
    5.01506378e+02, 5.71077026e+02, 5.36411743e+02, 5.62324646e+02,
    5.72584229e+02, 5.53426697e+02, 6.10382446e+02, 5.44071106e+02,
    4.20553955e+02, 6.29516357e+02, 4.53549713e+02, 6.22426514e+02,
    4.87748962e+02, 6.14507935e+02, 5.23298584e+02, 6.06809692e+02,
    5.60395935e+02, 5.98326599e+02, 5.98676086e+02, 5.89751526e+02,
    4.05567383e+02, 6.74470215e+02, 4.38946320e+02, 6.67578186e+02,
    4.73554138e+02, 6.60651917e+02, 5.09620178e+02, 6.53446045e+02,
    5.47460266e+02, 6.45838379e+02, 5.86455139e+02, 6.38143433e+02,
    3.89757446e+02, 7.20626465e+02, 4.23442780e+02, 7.14777649e+02,
    4.58654297e+02, 7.08567017e+02, 4.95420532e+02, 7.02362183e+02,
    5.33505737e+02, 6.95511475e+02, 5.73627869e+02, 6.88461182e+02 ]
