%YAML:1.0
---
points: [ 1.37867279e+02, 1.35630966e+02, 1.51872314e+02, 1.38243225e+02,
    1.66100540e+02, 1.40927750e+02, 1.80540634e+02, 1.43623322e+02,
    1.95079102e+02, 1.46381210e+02, 2.09846710e+02, 1.49090469e+02,
    1.31139603e+02, 1.46852798e+02, 1.45333359e+02, 1.49540039e+02,
    1.59869125e+02, 1.52349762e+02, 1.74561249e+02, 1.55165207e+02,
    1.89488495e+02, 1.58033966e+02, 2.04499496e+02, 1.60977066e+02,
    1.24154686e+02, 1.58331238e+02, 1.38663116e+02, 1.61291611e+02,
    1.53409988e+02, 1.64272079e+02, 1.68415726e+02, 1.67219650e+02,
    1.83546921e+02, 1.70256195e+02, 1.98938644e+02, 1.73420151e+02,
    1.16875328e+02, 1.70562851e+02, 1.31542542e+02, 1.73575989e+02,
    1.46644440e+02, 1.76702454e+02, 1.61871567e+02, 1.79892975e+02,
    1.77366165e+02, 1.83123383e+02, 1.92990189e+02, 1.86259018e+02,
    1.09192467e+02, 1.83218964e+02, 1.24165398e+02, 1.86429672e+02,
    1.39457275e+02, 1.89732559e+02, 1.55118683e+02, 1.93128448e+02,
    1.70897339e+02, 1.96419571e+02, 1.86943848e+02, 1.99847488e+02,
    1.01087563e+02, 1.96450668e+02, 1.16371552e+02, 1.99909378e+02,
    1.32070496e+02, 2.03279373e+02, 1.47929825e+02, 2.06872849e+02,
    1.64188461e+02, 2.10473923e+02, 1.80507553e+02, 2.14026917e+02,
    9.26162567e+01, 2.10457123e+02, 1.08234283e+02, 2.14159637e+02,
    1.24199005e+02, 2.17733017e+02, 1.40402802e+02, 2.21494339e+02,
    1.56861313e+02, 2.25252594e+02, 1.73577499e+02, 2.29075821e+02,
    8.38457413e+01, 2.25067581e+02, 9.96726837e+01, 2.28907761e+02,
    1.15987495e+02, 2.32817078e+02, 1.32420258e+02, 2.36673889e+02,
    1.49303223e+02, 2.40694870e+02, 1.66416077e+02, 2.44725616e+02 ]
