%YAML:1.0
---
points: [ 5.34142578e+02, 3.04305725e+02, 5.75206604e+02, 3.12294159e+02,
    6.17068054e+02, 3.20271271e+02, 6.59198608e+02, 3.28351624e+02,
    7.02065979e+02, 3.36403931e+02, 7.45312256e+02, 3.44590210e+02,
    5.12576904e+02, 3.37332092e+02, 5.54635498e+02, 3.45468536e+02,
    5.97083679e+02, 3.54058899e+02, 6.40339661e+02, 3.62332855e+02,
    6.83737976e+02, 3.71024506e+02, 7.28034302e+02, 3.79624451e+02,
    4.90415985e+02, 3.71459351e+02, 5.33000610e+02, 3.80375916e+02,
    5.76501465e+02, 3.89055939e+02, 6.20338013e+02, 3.97741302e+02,
    6.64801147e+02, 4.07185486e+02, 7.09675659e+02, 4.16233459e+02,
    4.66930084e+02, 4.07424622e+02, 5.10513245e+02, 4.16569214e+02,
    5.54744019e+02, 4.25584930e+02, 5.99520874e+02, 4.35082733e+02,
    6.44892395e+02, 4.44674774e+02, 6.90696472e+02, 4.54260071e+02,
    4.42499573e+02, 4.44919830e+02, 4.86664368e+02, 4.54585907e+02,
    5.31903992e+02, 4.64471680e+02, 5.77518555e+02, 4.74334198e+02,
    6.24069763e+02, 4.84251038e+02, 6.70952209e+02, 4.94324402e+02,
    4.16683167e+02, 4.83999420e+02, 4.62025116e+02, 4.94336395e+02,
    5.08006012e+02, 5.04423859e+02, 5.54670044e+02, 5.15147278e+02,
    6.01962708e+02, 5.25510315e+02, 6.49888916e+02, 5.36331482e+02,
    3.89643677e+02, 5.25704895e+02, 4.35703552e+02, 5.36425781e+02,
    4.82595947e+02, 5.47354126e+02, 5.30145996e+02, 5.58364807e+02,
    5.78547852e+02, 5.69512146e+02, 6.27500122e+02, 5.80736450e+02,
    3.61384186e+02, 5.69109497e+02, 4.08310059e+02, 5.80361389e+02,
    4.56124664e+02, 5.91760498e+02, 5.04668610e+02, 6.03367554e+02,
    5.54173218e+02, 6.15062317e+02, 6.04270203e+02, 6.27225342e+02 ]
