%YAML:1.0
---
points: [ 1.05247993e+02, 8.65061035e+01, 1.03092781e+02, 7.16574173e+01,
    1.01180595e+02, 5.66950340e+01, 9.88912277e+01, 4.09778481e+01,
    9.71595993e+01, 2.47841797e+01, 9.51024323e+01, 8.17755985e+00,
    1.20188660e+02, 8.67410049e+01, 1.18361046e+02, 7.21810150e+01,
    1.16446594e+02, 5.70152702e+01, 1.14870018e+02, 4.13808594e+01,
    1.12935867e+02, 2.49893723e+01, 1.11723579e+02, 8.59715652e+00,
    1.35146957e+02, 8.70802612e+01, 1.33607224e+02, 7.26228333e+01,
    1.32141769e+02, 5.75075989e+01, 1.30503723e+02, 4.18835487e+01,
    1.29246353e+02, 2.55937443e+01, 1.27581604e+02, 8.79464912e+00,
    1.49841675e+02, 8.75921631e+01, 1.48703384e+02, 7.30480804e+01,
    1.47355499e+02, 5.80512733e+01, 1.46247116e+02, 4.23446312e+01,
    1.44977783e+02, 2.59699650e+01, 1.44169724e+02, 9.55561352e+00,
    1.64459518e+02, 8.79069595e+01, 1.63581360e+02, 7.37613831e+01,
    1.62689682e+02, 5.86483765e+01, 1.61605927e+02, 4.28949814e+01,
    1.60891510e+02, 2.67844486e+01, 1.59864487e+02, 1.01305027e+01,
    1.78754181e+02, 8.85826492e+01, 1.78195755e+02, 7.42022400e+01,
    1.77641159e+02, 5.91949501e+01, 1.77043137e+02, 4.36181717e+01,
    1.76553818e+02, 2.76178799e+01, 1.76239059e+02, 1.08248053e+01,
    1.92784836e+02, 8.89328079e+01, 1.92677261e+02, 7.47276459e+01,
    1.92527664e+02, 5.97932358e+01, 1.91998047e+02, 4.45109138e+01,
    1.91983521e+02, 2.84183121e+01, 1.91670273e+02, 1.17047100e+01,
    2.06825943e+02, 8.95672302e+01, 2.06832581e+02, 7.53462982e+01,
    2.06897263e+02, 6.05501976e+01, 2.07150848e+02, 4.51112671e+01,
    2.07125351e+02, 2.92223206e+01, 2.07715240e+02, 1.26389418e+01 ]
