%YAML:1.0
---
points: [ 1.00642212e+03, 4.83855957e+02, 1.00629712e+03, 5.22272461e+02,
    1.00613025e+03, 5.60453613e+02, 1.00603503e+03, 5.98585388e+02,
    1.00587280e+03, 6.36954285e+02, 1.00582611e+03, 6.75212036e+02,
    9.69624695e+02, 4.83272949e+02, 9.69554077e+02, 5.22052063e+02,
    9.69444214e+02, 5.60593201e+02, 9.69426819e+02, 5.99072754e+02,
    9.69241577e+02, 6.37771362e+02, 9.69154541e+02, 6.76316589e+02,
    9.32396240e+02, 4.82680756e+02, 9.32273071e+02, 5.21886047e+02,
    9.32135193e+02, 5.60775391e+02, 9.32017151e+02, 5.99729492e+02,
    9.31844849e+02, 6.38767822e+02, 9.31716125e+02, 6.77515015e+02,
    8.94312439e+02, 4.82290253e+02, 8.94146057e+02, 5.21661987e+02,
    8.94113892e+02, 5.61033447e+02, 8.94024658e+02, 6.00357605e+02,
    8.93806274e+02, 6.39620056e+02, 8.93729736e+02, 6.79047485e+02,
    8.55294922e+02, 4.81605804e+02, 8.55233154e+02, 5.21475647e+02,
    8.55072693e+02, 5.61207703e+02, 8.54955200e+02, 6.00917053e+02,
    8.54848816e+02, 6.40616821e+02, 8.54693848e+02, 6.80457092e+02,
    8.15782166e+02, 4.81145874e+02, 8.15727905e+02, 5.21297607e+02,
    8.15600159e+02, 5.61425049e+02, 8.15518066e+02, 6.01481445e+02,
    8.15385742e+02, 6.41603516e+02, 8.15239624e+02, 6.81645203e+02,
    7.74993774e+02, 4.80468109e+02, 7.74977844e+02, 5.21110901e+02,
    7.74892944e+02, 5.61581299e+02, 7.74739563e+02, 6.02225647e+02,
    7.74611145e+02, 6.42719482e+02, 7.74487000e+02, 6.83253723e+02,
    7.33573425e+02, 4.79806000e+02, 7.33546692e+02, 5.20832031e+02,
    7.33536072e+02, 5.61784058e+02, 7.33447876e+02, 6.02704956e+02,
    7.33384155e+02, 6.43829956e+02, 7.33242432e+02, 6.84703308e+02 ]
