%YAML:1.0
---
points: [ 7.29226196e+02, 6.09529724e+02, 7.26273010e+02, 5.76212585e+02,
    7.22874756e+02, 5.41425110e+02, 7.19501526e+02, 5.05474304e+02,
    7.16046326e+02, 4.67971954e+02, 7.12297974e+02, 4.29232025e+02,
    7.68458008e+02, 6.10410339e+02, 7.65844055e+02, 5.76797363e+02,
    7.63544312e+02, 5.42270325e+02, 7.60780640e+02, 5.06420319e+02,
    7.58302856e+02, 4.69102570e+02, 7.55317810e+02, 4.30242706e+02,
    8.07604553e+02, 6.11148499e+02, 8.06120911e+02, 5.77675964e+02,
    8.04394653e+02, 5.43175110e+02, 8.02473877e+02, 5.07311859e+02,
    8.00603210e+02, 4.70039368e+02, 7.98506470e+02, 4.31234100e+02,
    8.46782227e+02, 6.11840210e+02, 8.45695801e+02, 5.78446899e+02,
    8.44700745e+02, 5.43811340e+02, 8.43625549e+02, 5.08020569e+02,
    8.42633545e+02, 4.70808014e+02, 8.41375427e+02, 4.32311646e+02,
    8.85639160e+02, 6.12598083e+02, 8.85506653e+02, 5.79287415e+02,
    8.85246033e+02, 5.44662231e+02, 8.84887329e+02, 5.08815338e+02,
    8.84539246e+02, 4.71558929e+02, 8.84146118e+02, 4.33147064e+02,
    9.24583374e+02, 6.13257568e+02, 9.24942749e+02, 5.80071045e+02,
    9.25515015e+02, 5.45481384e+02, 9.25898193e+02, 5.09549316e+02,
    9.26420410e+02, 4.72545807e+02, 9.26798096e+02, 4.34050751e+02,
    9.63577026e+02, 6.13884155e+02, 9.64550354e+02, 5.80694580e+02,
    9.65637756e+02, 5.46351257e+02, 9.66756470e+02, 5.10448151e+02,
    9.68180481e+02, 4.73404144e+02, 9.69472717e+02, 4.34775269e+02,
    1.00241473e+03, 6.14605469e+02, 1.00422015e+03, 5.81446899e+02,
    1.00607623e+03, 5.46898865e+02, 1.00776984e+03, 5.11344330e+02,
    1.00994507e+03, 4.74219818e+02, 1.01200055e+03, 4.35541809e+02 ]
