%YAML:1.0
---
points: [ 5.82302490e+02, 2.47850250e+02, 6.23779724e+02, 2.60707336e+02,
    6.65550903e+02, 2.73503021e+02, 7.07169922e+02, 2.86298462e+02,
    7.49193726e+02, 2.99155579e+02, 7.91039856e+02, 3.11803528e+02,
    5.59670288e+02, 2.69652313e+02, 6.02611938e+02, 2.82826050e+02,
    6.45430359e+02, 2.96220093e+02, 6.88565430e+02, 3.09214844e+02,
    7.31536926e+02, 3.22611908e+02, 7.74940979e+02, 3.35668915e+02,
    5.36199402e+02, 2.92508698e+02, 5.80032532e+02, 3.06283356e+02,
    6.24437317e+02, 3.19830170e+02, 6.68548523e+02, 3.33476715e+02,
    7.13075012e+02, 3.47340393e+02, 7.57529480e+02, 3.60916473e+02,
    5.10796021e+02, 3.16958130e+02, 5.56270081e+02, 3.31295044e+02,
    6.01833496e+02, 3.45194031e+02, 6.47546082e+02, 3.59363037e+02,
    6.93365051e+02, 3.73611511e+02, 7.39280029e+02, 3.87639557e+02,
    4.83964722e+02, 3.43035400e+02, 5.30686707e+02, 3.57596741e+02,
    5.77826172e+02, 3.72443634e+02, 6.24905334e+02, 3.87016785e+02,
    6.72365540e+02, 4.01619720e+02, 7.19518799e+02, 4.16433044e+02,
    4.55080078e+02, 3.70644196e+02, 5.03639313e+02, 3.85748138e+02,
    5.52132996e+02, 4.01068573e+02, 6.00833557e+02, 4.16410522e+02,
    6.49702881e+02, 4.31573395e+02, 6.98718750e+02, 4.46903931e+02,
    4.24336487e+02, 4.00657928e+02, 4.74260193e+02, 4.16478638e+02,
    5.24477600e+02, 4.32108582e+02, 5.74835632e+02, 4.47943054e+02,
    6.25421448e+02, 4.63892761e+02, 6.75950012e+02, 4.79715393e+02,
    3.91490204e+02, 4.32507629e+02, 4.42933319e+02, 4.48713867e+02,
    4.94890350e+02, 4.65275085e+02, 5.47119080e+02, 4.81547821e+02,
    5.99556946e+02, 4.98048553e+02, 6.51969849e+02, 5.14682800e+02 ]
