%YAML:1.0
---
points: [ 1.53466888e+02, 1.16493477e+02, 1.67570755e+02, 1.20784546e+02,
    1.81588196e+02, 1.25092369e+02, 1.95808777e+02, 1.29368881e+02,
    2.09942047e+02, 1.33699799e+02, 2.24279297e+02, 1.38001114e+02,
    1.46642258e+02, 1.23927124e+02, 1.61024826e+02, 1.28248718e+02,
    1.75540588e+02, 1.32726898e+02, 1.90145538e+02, 1.37087738e+02,
    2.04760788e+02, 1.41640884e+02, 2.19389008e+02, 1.46129166e+02,
    1.39299576e+02, 1.31626434e+02, 1.54138931e+02, 1.36230621e+02,
    1.69045532e+02, 1.40788330e+02, 1.84107208e+02, 1.45349686e+02,
    1.99048157e+02, 1.50043777e+02, 2.14197815e+02, 1.54702927e+02,
    1.31637466e+02, 1.40033081e+02, 1.46831909e+02, 1.44658051e+02,
    1.62267944e+02, 1.49376450e+02, 1.77652847e+02, 1.54189926e+02,
    1.93169174e+02, 1.59030960e+02, 2.08705994e+02, 1.63724304e+02,
    1.23268616e+02, 1.48720749e+02, 1.38969208e+02, 1.53666855e+02,
    1.54811310e+02, 1.58580475e+02, 1.70849976e+02, 1.63542984e+02,
    1.86857834e+02, 1.68444046e+02, 2.02867645e+02, 1.73450897e+02,
    1.14405304e+02, 1.58198593e+02, 1.30668533e+02, 1.63194458e+02,
    1.47111389e+02, 1.68298019e+02, 1.63485626e+02, 1.73498016e+02,
    1.80092239e+02, 1.78703278e+02, 1.96608429e+02, 1.83870850e+02,
    1.04860046e+02, 1.68301483e+02, 1.21663254e+02, 1.73530853e+02,
    1.38635956e+02, 1.78863113e+02, 1.55687088e+02, 1.84205856e+02,
    1.72743347e+02, 1.89593216e+02, 1.89922455e+02, 1.94893173e+02,
    9.48528366e+01, 1.79052414e+02, 1.12212616e+02, 1.84471375e+02,
    1.29699142e+02, 1.90082016e+02, 1.47232056e+02, 1.95560593e+02,
    1.65009323e+02, 2.01161728e+02, 1.82743698e+02, 2.06751846e+02 ]
