%YAML:1.0
---
points: [ 2.57465942e+02, 3.49218903e+01, 2.56632812e+02, 5.05639496e+01,
    2.55938766e+02, 6.52975311e+01, 2.55479050e+02, 7.91746063e+01,
    2.54740875e+02, 9.23552170e+01, 2.54350296e+02, 1.04665634e+02,
    2.41337387e+02, 3.56032562e+01, 2.41265457e+02, 5.12560806e+01,
    2.41012146e+02, 6.61176147e+01, 2.40801056e+02, 8.01101837e+01,
    2.40773407e+02, 9.31764908e+01, 2.40682922e+02, 1.05678017e+02,
    2.25430740e+02, 3.62387962e+01, 2.25712433e+02, 5.21475143e+01,
    2.25917725e+02, 6.69100952e+01, 2.26328644e+02, 8.09852066e+01,
    2.26685745e+02, 9.41755524e+01, 2.26864441e+02, 1.06470177e+02,
    2.08849808e+02, 3.70289001e+01, 2.09877106e+02, 5.26908188e+01,
    2.10728577e+02, 6.76645203e+01, 2.11579666e+02, 8.16897659e+01,
    2.12310364e+02, 9.49227600e+01, 2.12987732e+02, 1.07427223e+02,
    1.92564880e+02, 3.76239624e+01, 1.93853531e+02, 5.36470375e+01,
    1.95247391e+02, 6.84745560e+01, 1.96628937e+02, 8.25879517e+01,
    1.97832382e+02, 9.58734207e+01, 1.98995209e+02, 1.08201363e+02,
    1.75791061e+02, 3.84895630e+01, 1.77781281e+02, 5.42421761e+01,
    1.79679550e+02, 6.92909775e+01, 1.81395096e+02, 8.33446274e+01,
    1.83165482e+02, 9.66662750e+01, 1.84818466e+02, 1.09177689e+02,
    1.58913025e+02, 3.92441330e+01, 1.61337982e+02, 5.50306931e+01,
    1.63761108e+02, 7.00342636e+01, 1.66074081e+02, 8.41323624e+01,
    1.68215317e+02, 9.75392075e+01, 1.70266373e+02, 1.10112106e+02,
    1.41860474e+02, 4.01051788e+01, 1.44935242e+02, 5.58965378e+01,
    1.47814026e+02, 7.08708420e+01, 1.50567261e+02, 8.49808197e+01,
    1.53253983e+02, 9.85043030e+01, 1.55786682e+02, 1.10929642e+02 ]
