%YAML:1.0
---
points: [ 7.25575195e+02, 5.90625977e+02, 7.29341675e+02, 5.51475891e+02,
    7.32883728e+02, 5.13474609e+02, 7.36509521e+02, 4.76511566e+02,
    7.39611084e+02, 4.40312836e+02, 7.43105408e+02, 4.04936493e+02,
    7.66688293e+02, 5.91533752e+02, 7.69980896e+02, 5.52487305e+02,
    7.73227295e+02, 5.14387939e+02, 7.76094116e+02, 4.77410828e+02,
    7.79082703e+02, 4.41259827e+02, 7.81641479e+02, 4.05966095e+02,
    8.08245605e+02, 5.92379822e+02, 8.10911316e+02, 5.53449829e+02,
    8.13431763e+02, 5.15391907e+02, 8.15951416e+02, 4.78342834e+02,
    8.18297119e+02, 4.42290680e+02, 8.20648560e+02, 4.06905792e+02,
    8.49468323e+02, 5.93282227e+02, 8.51507263e+02, 5.54387939e+02,
    8.53525269e+02, 5.16393860e+02, 8.55403870e+02, 4.79459167e+02,
    8.57442566e+02, 4.43301849e+02, 8.59263794e+02, 4.07810852e+02,
    8.90490540e+02, 5.94144775e+02, 8.92090149e+02, 5.55280090e+02,
    8.93555969e+02, 5.17353760e+02, 8.95207336e+02, 4.80347504e+02,
    8.96513855e+02, 4.44333954e+02, 8.97701843e+02, 4.08871033e+02,
    9.31572021e+02, 5.95267151e+02, 9.32534302e+02, 5.56250000e+02,
    9.33514893e+02, 5.18222229e+02, 9.34487854e+02, 4.81338593e+02,
    9.35502502e+02, 4.45209625e+02, 9.36451904e+02, 4.09700256e+02,
    9.72604126e+02, 5.96290588e+02, 9.73139587e+02, 5.57181396e+02,
    9.73557861e+02, 5.19299988e+02, 9.73981384e+02, 4.82241486e+02,
    9.74464172e+02, 4.46109314e+02, 9.74771606e+02, 4.10867249e+02,
    1.01368567e+03, 5.97158325e+02, 1.01356964e+03, 5.58226624e+02,
    1.01350049e+03, 5.20157349e+02, 1.01344312e+03, 4.83151733e+02,
    1.01343213e+03, 4.47024597e+02, 1.01343542e+03, 4.11668457e+02 ]
