%YAML:1.0
---
points: [ 6.91527954e+02, 1.42611832e+02, 7.20978394e+02, 1.77875870e+02,
    7.50058472e+02, 2.12751312e+02, 7.79100586e+02, 2.47439758e+02,
    8.07662415e+02, 2.81810760e+02, 8.36266602e+02, 3.15841980e+02,
    6.57890442e+02, 1.57687103e+02, 6.88061157e+02, 1.93607559e+02,
    7.18134888e+02, 2.29459442e+02, 7.47837524e+02, 2.64676758e+02,
    7.77389099e+02, 3.00076477e+02, 8.06586548e+02, 3.34846313e+02,
    6.22560608e+02, 1.73325439e+02, 6.53588684e+02, 2.10209625e+02,
    6.84418213e+02, 2.46679367e+02, 7.15181580e+02, 2.82964081e+02,
    7.45401367e+02, 3.19019440e+02, 7.75574768e+02, 3.54731262e+02,
    5.85438416e+02, 1.89863068e+02, 6.17171326e+02, 2.27485672e+02,
    6.49115845e+02, 2.64904633e+02, 6.80632446e+02, 3.02083008e+02,
    7.11883667e+02, 3.39072327e+02, 7.42834229e+02, 3.75489380e+02,
    5.45921143e+02, 2.07256073e+02, 5.78885498e+02, 2.45839432e+02,
    6.11641968e+02, 2.84299957e+02, 6.44195007e+02, 3.22298828e+02,
    6.76522278e+02, 3.59980957e+02, 7.08436890e+02, 3.97483002e+02,
    5.04594269e+02, 2.25530350e+02, 5.38431458e+02, 2.64972992e+02,
    5.72341187e+02, 3.04452271e+02, 6.05709473e+02, 3.43417480e+02,
    6.39170837e+02, 3.82255310e+02, 6.71930847e+02, 4.20566772e+02,
    4.60422882e+02, 2.45141251e+02, 4.95472778e+02, 2.85641357e+02,
    5.30298279e+02, 3.25951935e+02, 5.64875732e+02, 3.65965057e+02,
    5.99154236e+02, 4.05623474e+02, 6.33296448e+02, 4.45123444e+02,
    4.14334229e+02, 2.65643005e+02, 4.50270538e+02, 3.07191254e+02,
    4.86270752e+02, 3.48539581e+02, 5.21765991e+02, 3.89480286e+02,
    5.57442444e+02, 4.30332153e+02, 5.92430786e+02, 4.70689667e+02 ]
