%YAML:1.0
---
points: [ 2.57509827e+02, 5.10137024e+01, 2.57904297e+02, 6.54315872e+01,
    2.58450195e+02, 7.88494568e+01, 2.58860077e+02, 9.14854584e+01,
    2.59185730e+02, 1.03171837e+02, 2.59716766e+02, 1.14261604e+02,
    2.41405121e+02, 5.33579750e+01, 2.42526428e+02, 6.77552261e+01,
    2.43553726e+02, 8.11890945e+01, 2.44470398e+02, 9.36694336e+01,
    2.45359131e+02, 1.05513237e+02, 2.46118408e+02, 1.16357887e+02,
    2.25297791e+02, 5.58264618e+01, 2.26940582e+02, 7.00825806e+01,
    2.28478195e+02, 8.35036850e+01, 2.30026031e+02, 9.59620438e+01,
    2.31328033e+02, 1.07685616e+02, 2.32708313e+02, 1.18555717e+02,
    2.09054321e+02, 5.83403435e+01, 2.11275757e+02, 7.24262466e+01,
    2.13462296e+02, 8.57861862e+01, 2.15399170e+02, 9.83017502e+01,
    2.17313950e+02, 1.09831207e+02, 2.19081879e+02, 1.20733856e+02,
    1.92762314e+02, 6.07717896e+01, 1.95576904e+02, 7.49295349e+01,
    1.98217072e+02, 8.80445099e+01, 2.00855148e+02, 1.00512787e+02,
    2.03167801e+02, 1.12039314e+02, 2.05387924e+02, 1.22848419e+02,
    1.76272064e+02, 6.32305031e+01, 1.79748306e+02, 7.73121719e+01,
    1.83070496e+02, 9.04911118e+01, 1.85976013e+02, 1.02675011e+02,
    1.88949615e+02, 1.14186302e+02, 1.91574768e+02, 1.24918816e+02,
    1.59698730e+02, 6.56027527e+01, 1.63736755e+02, 7.95455704e+01,
    1.67496887e+02, 9.27316208e+01, 1.71150970e+02, 1.05000275e+02,
    1.74388107e+02, 1.16364471e+02, 1.77701645e+02, 1.27151154e+02,
    1.43093094e+02, 6.81500778e+01, 1.47742401e+02, 8.20618362e+01,
    1.52187988e+02, 9.50564041e+01, 1.56255554e+02, 1.07270088e+02,
    1.60160706e+02, 1.18614693e+02, 1.63702667e+02, 1.29222641e+02 ]
