%YAML:1.0
---
points: [ 1.90986603e+02, 8.07968979e+01, 2.00734772e+02, 9.26093826e+01,
    2.10415878e+02, 1.04353287e+02, 2.20149902e+02, 1.16030975e+02,
    2.29673660e+02, 1.27669006e+02, 2.39298645e+02, 1.39263077e+02,
    1.80131271e+02, 8.58655930e+01, 1.90084625e+02, 9.78782272e+01,
    2.00199722e+02, 1.09955589e+02, 2.10094925e+02, 1.21920029e+02,
    2.19977997e+02, 1.33891388e+02, 2.29807175e+02, 1.45718384e+02,
    1.68757080e+02, 9.12353668e+01, 1.79011307e+02, 1.03575592e+02,
    1.89250641e+02, 1.15864494e+02, 1.99525742e+02, 1.28155060e+02,
    2.09663361e+02, 1.40329422e+02, 2.19782471e+02, 1.52505219e+02,
    1.56759506e+02, 9.68928223e+01, 1.67282227e+02, 1.09457314e+02,
    1.77987167e+02, 1.22109306e+02, 1.88393097e+02, 1.34687119e+02,
    1.98903229e+02, 1.47163589e+02, 2.09303864e+02, 1.59478500e+02,
    1.44153122e+02, 1.02792107e+02, 1.55024719e+02, 1.15713890e+02,
    1.65901230e+02, 1.28665329e+02, 1.76739914e+02, 1.41570816e+02,
    1.87549133e+02, 1.54282837e+02, 1.98267441e+02, 1.66935806e+02,
    1.30882263e+02, 1.09003273e+02, 1.42076935e+02, 1.22245674e+02,
    1.53305435e+02, 1.35476227e+02, 1.64442932e+02, 1.48708084e+02,
    1.75524673e+02, 1.61794525e+02, 1.86564133e+02, 1.74766739e+02,
    1.16772629e+02, 1.15689034e+02, 1.28298080e+02, 1.29284775e+02,
    1.39811096e+02, 1.42811401e+02, 1.51362442e+02, 1.56342163e+02,
    1.62784500e+02, 1.69778381e+02, 1.74186005e+02, 1.83098083e+02,
    1.02113388e+02, 1.22712593e+02, 1.13908424e+02, 1.36572037e+02,
    1.25799881e+02, 1.50536682e+02, 1.37594437e+02, 1.64283142e+02,
    1.49475021e+02, 1.78078049e+02, 1.61094910e+02, 1.91788239e+02 ]
