%YAML:1.0
---
points: [ 2.17480057e+02, 7.30598755e+01, 2.26259338e+02, 8.61072998e+01,
    2.34940109e+02, 9.90297699e+01, 2.43605057e+02, 1.11856415e+02,
    2.52099777e+02, 1.24597397e+02, 2.60696747e+02, 1.37348267e+02,
    2.06087646e+02, 7.77726974e+01, 2.15043884e+02, 9.10434723e+01,
    2.23944809e+02, 1.04243599e+02, 2.32844162e+02, 1.17353889e+02,
    2.41654602e+02, 1.30391052e+02, 2.50373398e+02, 1.43327728e+02,
    1.94096497e+02, 8.25273285e+01, 2.03314819e+02, 9.61233292e+01,
    2.12432724e+02, 1.09623184e+02, 2.21640152e+02, 1.23027176e+02,
    2.30659500e+02, 1.36379562e+02, 2.39551987e+02, 1.49603119e+02,
    1.81500641e+02, 8.77213593e+01, 1.90886475e+02, 1.01473167e+02,
    2.00481430e+02, 1.15338371e+02, 2.09788727e+02, 1.29033417e+02,
    2.19170395e+02, 1.42665329e+02, 2.28407257e+02, 1.56121063e+02,
    1.68378159e+02, 9.30105743e+01, 1.78160400e+02, 1.07156281e+02,
    1.87800980e+02, 1.21288002e+02, 1.97496140e+02, 1.35323410e+02,
    2.07064529e+02, 1.49204224e+02, 2.16623444e+02, 1.63039261e+02,
    1.54549286e+02, 9.85523987e+01, 1.64526093e+02, 1.13072945e+02,
    1.74600510e+02, 1.27519417e+02, 1.84517914e+02, 1.41909088e+02,
    1.94367386e+02, 1.56171463e+02, 2.04147293e+02, 1.70205582e+02,
    1.39806519e+02, 1.04450630e+02, 1.50191101e+02, 1.19313026e+02,
    1.60485260e+02, 1.34090866e+02, 1.70777847e+02, 1.48821716e+02,
    1.80976746e+02, 1.63423096e+02, 1.91029053e+02, 1.77882980e+02,
    1.24635941e+02, 1.10662857e+02, 1.35178268e+02, 1.25827209e+02,
    1.45809494e+02, 1.40982132e+02, 1.56334549e+02, 1.55967789e+02,
    1.66924545e+02, 1.70972961e+02, 1.77288757e+02, 1.85782074e+02 ]
