%YAML:1.0
---
points: [ 7.69788330e+02, 1.19956276e+02, 7.96074524e+02, 1.58625320e+02,
    8.21900818e+02, 1.96927658e+02, 8.47783997e+02, 2.35146774e+02,
    8.73287109e+02, 2.72654144e+02, 8.98641663e+02, 3.10059418e+02,
    7.34560608e+02, 1.33640610e+02, 7.61403076e+02, 1.73122330e+02,
    7.88153259e+02, 2.12422165e+02, 8.14589539e+02, 2.51111374e+02,
    8.40810486e+02, 2.89642487e+02, 8.66781311e+02, 3.27731689e+02,
    6.97541504e+02, 1.47615662e+02, 7.25326965e+02, 1.88245361e+02,
    7.52734131e+02, 2.28131943e+02, 7.80074951e+02, 2.67774353e+02,
    8.06882019e+02, 3.07246002e+02, 8.33619812e+02, 3.46276215e+02,
    6.58846130e+02, 1.62614899e+02, 6.87149536e+02, 2.03951279e+02,
    7.15591187e+02, 2.44765991e+02, 7.43596313e+02, 2.85375885e+02,
    7.71466614e+02, 3.25739014e+02, 7.99006958e+02, 3.65404816e+02,
    6.17831787e+02, 1.78293396e+02, 6.47294250e+02, 2.20422623e+02,
    6.76466187e+02, 2.62480835e+02, 7.05409851e+02, 3.03880585e+02,
    7.34056519e+02, 3.44971313e+02, 7.62344604e+02, 3.85659210e+02,
    5.75089294e+02, 1.94444199e+02, 6.05293091e+02, 2.37609390e+02,
    6.35476379e+02, 2.80561768e+02, 6.65117126e+02, 3.23105804e+02,
    6.94760498e+02, 3.65257568e+02, 7.23868835e+02, 4.06878540e+02,
    5.29457642e+02, 2.11778687e+02, 5.60763794e+02, 2.56190826e+02,
    5.91707153e+02, 3.00031097e+02, 6.22554993e+02, 3.43502106e+02,
    6.53022156e+02, 3.86581604e+02, 6.83289185e+02, 4.29373810e+02,
    4.82007355e+02, 2.30083023e+02, 5.14152893e+02, 2.75188812e+02,
    5.46172058e+02, 3.20305725e+02, 5.77782837e+02, 3.64667542e+02,
    6.09432190e+02, 4.08905579e+02, 6.40473206e+02, 4.52700928e+02 ]
