%YAML:1.0
---
points: [ 8.27616821e+02, 2.99337250e+02, 8.25795105e+02, 2.57981934e+02,
    8.23738159e+02, 2.14853119e+02, 8.21942810e+02, 1.70570511e+02,
    8.19708801e+02, 1.24400551e+02, 8.17678162e+02, 7.66238480e+01,
    8.64440186e+02, 3.02922974e+02, 8.63234802e+02, 2.61094299e+02,
    8.61847900e+02, 2.17633942e+02, 8.60399353e+02, 1.72582108e+02,
    8.59291321e+02, 1.25782738e+02, 8.57749390e+02, 7.74791794e+01,
    9.02308960e+02, 3.06492920e+02, 9.01768677e+02, 2.64236328e+02,
    9.01242432e+02, 2.20309845e+02, 9.00617798e+02, 1.74838867e+02,
    8.99982727e+02, 1.27577904e+02, 8.99146423e+02, 7.85709381e+01,
    9.40957031e+02, 3.10052979e+02, 9.40901550e+02, 2.67303101e+02,
    9.41073669e+02, 2.22951233e+02, 9.41161011e+02, 1.76714691e+02,
    9.41394958e+02, 1.29085938e+02, 9.41462891e+02, 7.95377960e+01,
    9.80440125e+02, 3.13569702e+02, 9.81305664e+02, 2.70453491e+02,
    9.82065186e+02, 2.25520660e+02, 9.83071655e+02, 1.79089310e+02,
    9.84065796e+02, 1.30527786e+02, 9.84882080e+02, 8.04308929e+01,
    1.02120789e+03, 3.17391907e+02, 1.02255054e+03, 2.73645996e+02,
    1.02438647e+03, 2.28278778e+02, 1.02609387e+03, 1.81294434e+02,
    1.02769653e+03, 1.32161789e+02, 1.02956213e+03, 8.13781357e+01,
    1.06273340e+03, 3.21019775e+02, 1.06524268e+03, 2.76748840e+02,
    1.06745032e+03, 2.30822372e+02, 1.07019836e+03, 1.83139236e+02,
    1.07272058e+03, 1.33586792e+02, 1.07547986e+03, 8.20642471e+01,
    1.10566101e+03, 3.24670013e+02, 1.10863721e+03, 2.80215027e+02,
    1.11219775e+03, 2.33576279e+02, 1.11551733e+03, 1.85391937e+02,
    1.11917261e+03, 1.34975937e+02, 1.12279382e+03, 8.26851349e+01 ]
