%YAML:1.0
---
points: [ 2.59568024e+02, 6.56755524e+01, 2.60831512e+02, 7.99513092e+01,
    2.62252014e+02, 9.40576324e+01, 2.63682709e+02, 1.08138489e+02,
    2.65024414e+02, 1.22088036e+02, 2.66414917e+02, 1.35938232e+02,
    2.47722061e+02, 6.45807190e+01, 2.49236893e+02, 7.89567413e+01,
    2.50685776e+02, 9.33300934e+01, 2.52146118e+02, 1.07776321e+02,
    2.53596786e+02, 1.22000183e+02, 2.55063766e+02, 1.36126373e+02,
    2.35560104e+02, 6.31149292e+01, 2.37046356e+02, 7.79657898e+01,
    2.38568436e+02, 9.26716003e+01, 2.40137543e+02, 1.07342819e+02,
    2.41559021e+02, 1.21826111e+02, 2.43057068e+02, 1.36313873e+02,
    2.22712433e+02, 6.20007858e+01, 2.24324585e+02, 7.68045044e+01,
    2.25976379e+02, 9.20268555e+01, 2.27496597e+02, 1.06870018e+02,
    2.29171478e+02, 1.21732574e+02, 2.30770493e+02, 1.36375015e+02,
    2.09452545e+02, 6.03795662e+01, 2.11047241e+02, 7.59828720e+01,
    2.12748718e+02, 9.11131592e+01, 2.14457901e+02, 1.06366447e+02,
    2.16188828e+02, 1.21578796e+02, 2.17792709e+02, 1.36608704e+02,
    1.95531799e+02, 5.90680618e+01, 1.97257233e+02, 7.46390839e+01,
    1.99052185e+02, 9.02763519e+01, 2.00733627e+02, 1.05864433e+02,
    2.02564911e+02, 1.21442520e+02, 2.04307953e+02, 1.36845627e+02,
    1.80895416e+02, 5.74484177e+01, 1.82660355e+02, 7.35052032e+01,
    1.84513412e+02, 8.94313507e+01, 1.86427948e+02, 1.05367149e+02,
    1.88268387e+02, 1.21245430e+02, 1.90105362e+02, 1.36974960e+02,
    1.65670242e+02, 5.58624115e+01, 1.67679138e+02, 7.22650528e+01,
    1.69533798e+02, 8.86447296e+01, 1.71415970e+02, 1.04765350e+02,
    1.73438950e+02, 1.21105576e+02, 1.75354340e+02, 1.37057510e+02 ]
