%YAML:1.0
---
points: [ 1.42460800e+02, 1.40665955e+02, 1.58538300e+02, 1.52856064e+02,
    1.74359756e+02, 1.64905212e+02, 1.89875565e+02, 1.76764420e+02,
    2.05249756e+02, 1.88338364e+02, 2.20221985e+02, 1.99770279e+02,
    1.36242004e+02, 1.53244736e+02, 1.51888184e+02, 1.64977402e+02,
    1.67237946e+02, 1.76468948e+02, 1.82327957e+02, 1.87904282e+02,
    1.97226501e+02, 1.99024841e+02, 2.11812424e+02, 2.09979889e+02,
    1.30478378e+02, 1.65091522e+02, 1.45683472e+02, 1.76278778e+02,
    1.60611542e+02, 1.87322006e+02, 1.75215088e+02, 1.98243271e+02,
    1.89745834e+02, 2.08973312e+02, 2.03896133e+02, 2.19514328e+02,
    1.25062592e+02, 1.76123520e+02, 1.39853958e+02, 1.86863052e+02,
    1.54333344e+02, 1.97439026e+02, 1.68729492e+02, 2.07923370e+02,
    1.82682434e+02, 2.18313477e+02, 1.96510178e+02, 2.28531479e+02,
    1.20084625e+02, 1.86313919e+02, 1.34353226e+02, 1.96695709e+02,
    1.48457077e+02, 2.07042709e+02, 1.62370850e+02, 2.17188232e+02,
    1.76089188e+02, 2.27126770e+02, 1.89534439e+02, 2.36874405e+02,
    1.15248901e+02, 1.96116974e+02, 1.29182877e+02, 2.06164902e+02,
    1.42885681e+02, 2.16025070e+02, 1.56451370e+02, 2.25771530e+02,
    1.69783401e+02, 2.35346680e+02, 1.82965546e+02, 2.44841125e+02,
    1.10791969e+02, 2.05240097e+02, 1.24278725e+02, 2.14978363e+02,
    1.37671906e+02, 2.24597000e+02, 1.50813934e+02, 2.33967087e+02,
    1.63878952e+02, 2.43218460e+02, 1.76693970e+02, 2.52359924e+02,
    1.06459900e+02, 2.13929504e+02, 1.19720642e+02, 2.23280899e+02,
    1.32713745e+02, 2.32477356e+02, 1.45610565e+02, 2.41642929e+02,
    1.58246628e+02, 2.50595947e+02, 1.70773254e+02, 2.59480927e+02 ]
