%YAML:1.0
---
points: [ 1.13272559e+03, 4.92291931e+02, 1.17026184e+03, 4.92829651e+02,
    1.20770508e+03, 4.93551239e+02, 1.24557690e+03, 4.94214081e+02,
    1.28357971e+03, 4.94856171e+02, 1.32175439e+03, 4.95496979e+02,
    1.13187415e+03, 5.29419434e+02, 1.16932312e+03, 5.30072571e+02,
    1.20678979e+03, 5.30772705e+02, 1.24449463e+03, 5.31582153e+02,
    1.28237561e+03, 5.32386169e+02, 1.32054919e+03, 5.32911865e+02,
    1.13095044e+03, 5.66321838e+02, 1.16832910e+03, 5.67171082e+02,
    1.20578979e+03, 5.67878845e+02, 1.24346716e+03, 5.68696960e+02,
    1.28147693e+03, 5.69568237e+02, 1.31931531e+03, 5.70437256e+02,
    1.13004614e+03, 6.03353638e+02, 1.16734509e+03, 6.03996094e+02,
    1.20490955e+03, 6.04871826e+02, 1.24251538e+03, 6.05814880e+02,
    1.28032080e+03, 6.06659424e+02, 1.31833057e+03, 6.07582092e+02,
    1.12923022e+03, 6.40186829e+02, 1.16638611e+03, 6.40987976e+02,
    1.20377319e+03, 6.41890503e+02, 1.24147742e+03, 6.42884583e+02,
    1.27942053e+03, 6.43811401e+02, 1.31722168e+03, 6.44628296e+02,
    1.12840869e+03, 6.76769226e+02, 1.16549609e+03, 6.77776855e+02,
    1.20303345e+03, 6.78824585e+02, 1.24049231e+03, 6.79847168e+02,
    1.27842065e+03, 6.80727173e+02, 1.31622510e+03, 6.81763062e+02,
    1.12751331e+03, 7.13784241e+02, 1.16474731e+03, 7.14761536e+02,
    1.20215637e+03, 7.15967224e+02, 1.23961230e+03, 7.17095032e+02,
    1.27736523e+03, 7.18096191e+02, 1.31531616e+03, 7.19183228e+02,
    1.12683484e+03, 7.50522888e+02, 1.16390234e+03, 7.51584167e+02,
    1.20134314e+03, 7.52727966e+02, 1.23867578e+03, 7.53910767e+02,
    1.27643066e+03, 7.54851562e+02, 1.31406958e+03, 7.55948486e+02 ]
