%YAML:1.0
---
points: [ 5.29637573e+02, 3.19217957e+02, 5.78229309e+02, 3.55437653e+02,
    6.26010437e+02, 3.91175079e+02, 6.72651978e+02, 4.26183960e+02,
    7.18675049e+02, 4.60469543e+02, 7.63689026e+02, 4.94246613e+02,
    5.14355591e+02, 3.56475983e+02, 5.61357483e+02, 3.91255341e+02,
    6.07610962e+02, 4.25383453e+02, 6.52922180e+02, 4.59089294e+02,
    6.97623840e+02, 4.91826935e+02, 7.41415527e+02, 5.24372192e+02,
    4.99675995e+02, 3.91313568e+02, 5.45553894e+02, 4.24338470e+02,
    5.90466492e+02, 4.57412537e+02, 6.34446960e+02, 4.89570801e+02,
    6.77943726e+02, 5.21418457e+02, 7.20462463e+02, 5.52435913e+02,
    4.86274261e+02, 4.23971466e+02, 5.30609741e+02, 4.55774231e+02,
    5.74196716e+02, 4.87417908e+02, 6.17122803e+02, 5.18530518e+02,
    6.59400696e+02, 5.48885132e+02, 7.00763794e+02, 5.79043274e+02,
    4.73459686e+02, 4.54483917e+02, 5.16465454e+02, 4.85221680e+02,
    5.59112488e+02, 5.15657227e+02, 6.00745605e+02, 5.45327148e+02,
    6.41846130e+02, 5.74904358e+02, 6.82348938e+02, 6.03747803e+02,
    4.61450226e+02, 4.83242828e+02, 5.03371002e+02, 5.12970581e+02,
    5.44553345e+02, 5.42270630e+02, 5.85349915e+02, 5.70966675e+02,
    6.25398499e+02, 5.99379028e+02, 6.64714355e+02, 6.27273804e+02,
    4.50211700e+02, 5.10419220e+02, 4.90853180e+02, 5.38895996e+02,
    5.31114258e+02, 5.67514771e+02, 5.70530029e+02, 5.95235657e+02,
    6.09663574e+02, 6.22548950e+02, 6.48186096e+02, 6.49584229e+02,
    4.39494507e+02, 5.35901917e+02, 4.79148224e+02, 5.63738403e+02,
    5.18365173e+02, 5.90876892e+02, 5.56809692e+02, 6.17878845e+02,
    5.94823975e+02, 6.44443481e+02, 6.32421265e+02, 6.70572388e+02 ]
