%YAML:1.0
---
points: [ 2.90922974e+02, 8.65310440e+01, 2.93079803e+02, 1.00094574e+02,
    2.95198914e+02, 1.13483635e+02, 2.97339722e+02, 1.26714386e+02,
    2.99448792e+02, 1.39970673e+02, 3.01575226e+02, 1.53019043e+02,
    2.78516998e+02, 8.78215103e+01, 2.80806213e+02, 1.01504089e+02,
    2.83021973e+02, 1.15097473e+02, 2.85226898e+02, 1.28566132e+02,
    2.87368835e+02, 1.41836121e+02, 2.89574005e+02, 1.55007980e+02,
    2.66130768e+02, 8.93265686e+01, 2.68380249e+02, 1.03059875e+02,
    2.70682831e+02, 1.16747475e+02, 2.72954529e+02, 1.30271149e+02,
    2.75196564e+02, 1.43707611e+02, 2.77359100e+02, 1.57073303e+02,
    2.53275208e+02, 9.06012192e+01, 2.55618301e+02, 1.04524811e+02,
    2.58078583e+02, 1.18455605e+02, 2.60373383e+02, 1.32018478e+02,
    2.62714417e+02, 1.45710602e+02, 2.65101044e+02, 1.59124069e+02,
    2.40234116e+02, 9.21320801e+01, 2.42680542e+02, 1.06142708e+02,
    2.45174210e+02, 1.20051094e+02, 2.47586655e+02, 1.33871109e+02,
    2.50056854e+02, 1.47690475e+02, 2.52377594e+02, 1.61072006e+02,
    2.26926041e+02, 9.34019547e+01, 2.29448166e+02, 1.07722351e+02,
    2.32068268e+02, 1.21786484e+02, 2.34517761e+02, 1.35790375e+02,
    2.37100662e+02, 1.49647446e+02, 2.39487045e+02, 1.63285522e+02,
    2.13235641e+02, 9.48574982e+01, 2.15965744e+02, 1.09307159e+02,
    2.18544601e+02, 1.23542511e+02, 2.21170517e+02, 1.37655853e+02,
    2.23800217e+02, 1.51612930e+02, 2.26308823e+02, 1.65459167e+02,
    1.99346909e+02, 9.63597031e+01, 2.02125504e+02, 1.10883904e+02,
    2.04847321e+02, 1.25267494e+02, 2.07559662e+02, 1.39451782e+02,
    2.10285141e+02, 1.53669052e+02, 2.12874481e+02, 1.67582977e+02 ]
