%YAML:1.0
---
points: [ 1.15848425e+03, 4.89893311e+02, 1.19714148e+03, 4.90583954e+02,
    1.23689502e+03, 4.91395996e+02, 1.27773071e+03, 4.92289215e+02,
    1.31965942e+03, 4.93042206e+02, 1.36269849e+03, 4.93813904e+02,
    1.15715637e+03, 5.27561646e+02, 1.19564771e+03, 5.28741943e+02,
    1.23549585e+03, 5.30110718e+02, 1.27631970e+03, 5.31334839e+02,
    1.31807483e+03, 5.32708008e+02, 1.36090613e+03, 5.34043030e+02,
    1.15574268e+03, 5.65084656e+02, 1.19452283e+03, 5.66526367e+02,
    1.23426855e+03, 5.68498779e+02, 1.27476550e+03, 5.70418091e+02,
    1.31664026e+03, 5.72267517e+02, 1.35929395e+03, 5.74247437e+02,
    1.15466309e+03, 6.02478882e+02, 1.19317798e+03, 6.04552551e+02,
    1.23283655e+03, 6.06804443e+02, 1.27340393e+03, 6.09151367e+02,
    1.31516614e+03, 6.11595520e+02, 1.35772046e+03, 6.13872375e+02,
    1.15353442e+03, 6.39760071e+02, 1.19191211e+03, 6.42487854e+02,
    1.23151868e+03, 6.45205322e+02, 1.27192639e+03, 6.47919800e+02,
    1.31350549e+03, 6.50669983e+02, 1.35632678e+03, 6.53723083e+02,
    1.15233496e+03, 6.77055664e+02, 1.19063269e+03, 6.80291138e+02,
    1.23026538e+03, 6.83382141e+02, 1.27056458e+03, 6.86603210e+02,
    1.31223267e+03, 6.90118774e+02, 1.35467664e+03, 6.93370178e+02,
    1.15116748e+03, 7.14489868e+02, 1.18965601e+03, 7.18182739e+02,
    1.22905835e+03, 7.21745056e+02, 1.26949707e+03, 7.25462891e+02,
    1.31084192e+03, 7.29364014e+02, 1.35355115e+03, 7.33351196e+02,
    1.15008630e+03, 7.51626343e+02, 1.18846216e+03, 7.55552185e+02,
    1.22791125e+03, 7.59788940e+02, 1.26819092e+03, 7.64023987e+02,
    1.30950305e+03, 7.68288757e+02, 1.35200769e+03, 7.72607239e+02 ]
