%YAML:1.0
---
points: [ 4.65493927e+02, 4.93916840e+02, 5.04584747e+02, 4.45847260e+02,
    5.43167175e+02, 3.98503693e+02, 5.80951050e+02, 3.52210846e+02,
    6.18086487e+02, 3.06326202e+02, 6.54643616e+02, 2.61282227e+02,
    5.12825256e+02, 5.22921997e+02, 5.50098083e+02, 4.76612488e+02,
    5.86619080e+02, 4.31086212e+02, 6.22590820e+02, 3.86403564e+02,
    6.57844543e+02, 3.42229736e+02, 6.92541931e+02, 2.98746796e+02,
    5.56435974e+02, 5.49548828e+02, 5.91725220e+02, 5.04815765e+02,
    6.26539734e+02, 4.60806396e+02, 6.60813904e+02, 4.17835449e+02,
    6.94382263e+02, 3.75115936e+02, 7.27482483e+02, 3.33262146e+02,
    5.96659363e+02, 5.74019104e+02, 6.30330322e+02, 5.30821472e+02,
    6.63462219e+02, 4.88496368e+02, 6.96091736e+02, 4.46779755e+02,
    7.28220642e+02, 4.05565796e+02, 7.59777710e+02, 3.64992737e+02,
    6.33724121e+02, 5.96639099e+02, 6.65794006e+02, 5.54970093e+02,
    6.97530396e+02, 5.13926575e+02, 7.28615723e+02, 4.73559875e+02,
    7.59389648e+02, 4.33597076e+02, 7.89499207e+02, 3.94487701e+02,
    6.68138306e+02, 6.17696167e+02, 6.98884155e+02, 5.77293884e+02,
    7.29304382e+02, 5.37566711e+02, 7.58900940e+02, 4.98420776e+02,
    7.88398193e+02, 4.59692535e+02, 8.17359802e+02, 4.21668854e+02,
    7.00189331e+02, 6.37283569e+02, 7.29625183e+02, 5.98118774e+02,
    7.58696716e+02, 5.59643616e+02, 7.87368958e+02, 5.21682434e+02,
    8.15499084e+02, 4.84246307e+02, 8.43401489e+02, 4.47296814e+02,
    7.29942871e+02, 6.55440979e+02, 7.58226624e+02, 6.17557190e+02,
    7.86090759e+02, 5.80070312e+02, 8.13573853e+02, 5.43297424e+02,
    8.40676941e+02, 5.06802948e+02, 8.67419434e+02, 4.71003174e+02 ]
