%YAML:1.0
---
points: [ 3.11366425e+02, 8.44785080e+01, 3.11222137e+02, 9.94295120e+01,
    3.10983154e+02, 1.14101242e+02, 3.10899597e+02, 1.28133301e+02,
    3.10641479e+02, 1.41512848e+02, 3.10618683e+02, 1.54622498e+02,
    2.97002136e+02, 8.56478653e+01, 2.97124268e+02, 1.00636032e+02,
    2.97162720e+02, 1.15209106e+02, 2.97294250e+02, 1.29217529e+02,
    2.97332245e+02, 1.42726669e+02, 2.97462646e+02, 1.55795822e+02,
    2.82707062e+02, 8.67803955e+01, 2.83062592e+02, 1.01761757e+02,
    2.83426331e+02, 1.16283127e+02, 2.83790283e+02, 1.30325211e+02,
    2.84014862e+02, 1.43893433e+02, 2.84336456e+02, 1.56993591e+02,
    2.68425018e+02, 8.78098068e+01, 2.68874176e+02, 1.02982819e+02,
    2.69618256e+02, 1.17426888e+02, 2.70074097e+02, 1.31455658e+02,
    2.70657684e+02, 1.45111694e+02, 2.71223297e+02, 1.58116867e+02,
    2.53867416e+02, 8.89236298e+01, 2.54778366e+02, 1.04027039e+02,
    2.55600220e+02, 1.18623268e+02, 2.56501587e+02, 1.32619583e+02,
    2.57231903e+02, 1.46155579e+02, 2.57984863e+02, 1.59247482e+02,
    2.39399094e+02, 9.01076813e+01, 2.40560287e+02, 1.05170517e+02,
    2.41679489e+02, 1.19694618e+02, 2.42685364e+02, 1.33727036e+02,
    2.43766541e+02, 1.47346588e+02, 2.44725006e+02, 1.60274170e+02,
    2.24675659e+02, 9.10542908e+01, 2.26169144e+02, 1.06228676e+02,
    2.27529984e+02, 1.20879341e+02, 2.28822266e+02, 1.34890381e+02,
    2.30149216e+02, 1.48349991e+02, 2.31408569e+02, 1.61450531e+02,
    2.10136093e+02, 9.22195587e+01, 2.11775604e+02, 1.07316086e+02,
    2.13466354e+02, 1.21934097e+02, 2.15096649e+02, 1.35920578e+02,
    2.16619751e+02, 1.49524582e+02, 2.18069916e+02, 1.62503876e+02 ]
