%YAML:1.0
---
points: [ 1.22386833e+02, 2.00217896e+02, 1.35238708e+02, 1.84022156e+02,
    1.47892563e+02, 1.67903900e+02, 1.60286636e+02, 1.52225418e+02,
    1.72523590e+02, 1.36686844e+02, 1.84534409e+02, 1.21278107e+02,
    1.37168060e+02, 2.09961868e+02, 1.49379883e+02, 1.94224167e+02,
    1.61409500e+02, 1.78856979e+02, 1.73260330e+02, 1.63744095e+02,
    1.84804565e+02, 1.48586365e+02, 1.96315262e+02, 1.33821854e+02,
    1.50710159e+02, 2.18843292e+02, 1.62332275e+02, 2.03696869e+02,
    1.73830841e+02, 1.88797440e+02, 1.85100342e+02, 1.74190842e+02,
    1.96168701e+02, 1.59633713e+02, 2.07091766e+02, 1.45364212e+02,
    1.63262421e+02, 2.27070480e+02, 1.74323029e+02, 2.12346252e+02,
    1.85252457e+02, 1.98009064e+02, 1.96047852e+02, 1.83821884e+02,
    2.06666336e+02, 1.69878922e+02, 2.17121429e+02, 1.55977386e+02,
    1.74781097e+02, 2.34584442e+02, 1.85362228e+02, 2.20498383e+02,
    1.95881760e+02, 2.06487778e+02, 2.06144073e+02, 1.92795929e+02,
    2.16323685e+02, 1.79159866e+02, 2.26341492e+02, 1.65876266e+02,
    1.85565765e+02, 2.41632477e+02, 1.95707047e+02, 2.27954880e+02,
    2.05710434e+02, 2.14500885e+02, 2.15623215e+02, 2.01150589e+02,
    2.25365891e+02, 1.88081223e+02, 2.34958496e+02, 1.75008896e+02,
    1.95453186e+02, 2.48146637e+02, 2.05224289e+02, 2.34934525e+02,
    2.14950119e+02, 2.21853409e+02, 2.24374847e+02, 2.09015350e+02,
    2.33766739e+02, 1.96215546e+02, 2.43003815e+02, 1.83630569e+02,
    2.04781052e+02, 2.54364166e+02, 2.14221512e+02, 2.41398392e+02,
    2.23388550e+02, 2.28801056e+02, 2.32638748e+02, 2.16265793e+02,
    2.41561371e+02, 2.03880966e+02, 2.50528275e+02, 1.91615417e+02 ]
