%YAML:1.0
---
points: [ 6.61668091e+02, 5.86446960e+02, 6.65372864e+02, 5.38232361e+02,
    6.69166931e+02, 4.86927063e+02, 6.72733582e+02, 4.32598419e+02,
    6.76480896e+02, 3.74615112e+02, 6.80311646e+02, 3.12474640e+02,
    7.20052063e+02, 5.98082520e+02, 7.25408508e+02, 5.50356750e+02,
    7.30965637e+02, 4.99723785e+02, 7.36579834e+02, 4.46132935e+02,
    7.42554688e+02, 3.88696747e+02, 7.48509033e+02, 3.27565186e+02,
    7.77566528e+02, 6.09562805e+02, 7.84590149e+02, 5.62468872e+02,
    7.91722839e+02, 5.12490723e+02, 7.99544312e+02, 4.59512024e+02,
    8.07503418e+02, 4.02650085e+02, 8.16043396e+02, 3.42294525e+02,
    8.34611145e+02, 6.21156494e+02, 8.43366577e+02, 5.74495300e+02,
    8.52439331e+02, 5.25022583e+02, 8.61862305e+02, 4.72471405e+02,
    8.71884827e+02, 4.16418121e+02, 8.82532288e+02, 3.56652679e+02,
    8.91277039e+02, 6.32678711e+02, 9.01582886e+02, 5.86500854e+02,
    9.12425293e+02, 5.37462402e+02, 9.23717468e+02, 4.85467285e+02,
    9.35854431e+02, 4.30051453e+02, 9.48728210e+02, 3.70835663e+02,
    9.47560120e+02, 6.44195740e+02, 9.59412292e+02, 5.98274658e+02,
    9.71890930e+02, 5.49803833e+02, 9.85319641e+02, 4.98235046e+02,
    9.99339966e+02, 4.43544556e+02, 1.01430835e+03, 3.84998688e+02,
    1.00366791e+03, 6.55298584e+02, 1.01724585e+03, 6.10050293e+02,
    1.03152600e+03, 5.61978210e+02, 1.04660840e+03, 5.11209961e+02,
    1.06278528e+03, 4.56708557e+02, 1.08005676e+03, 3.98851501e+02,
    1.05933386e+03, 6.66601929e+02, 1.07423730e+03, 6.21824402e+02,
    1.09033203e+03, 5.74292114e+02, 1.10733228e+03, 5.23841736e+02,
    1.12531458e+03, 4.70195312e+02, 1.14466003e+03, 4.12626099e+02 ]
