%YAML:1.0
---
points: [ 1.14930762e+03, 5.11211029e+02, 1.18275256e+03, 5.15334778e+02,
    1.21624963e+03, 5.19536377e+02, 1.24938440e+03, 5.23707153e+02,
    1.28201025e+03, 5.27861877e+02, 1.31469409e+03, 5.31964905e+02,
    1.14953406e+03, 5.44535156e+02, 1.18362646e+03, 5.48650269e+02,
    1.21734448e+03, 5.52729065e+02, 1.25067773e+03, 5.56602173e+02,
    1.28397046e+03, 5.60785706e+02, 1.31687488e+03, 5.64861755e+02,
    1.14988147e+03, 5.78351440e+02, 1.18442126e+03, 5.82339355e+02,
    1.21838831e+03, 5.86465027e+02, 1.25237659e+03, 5.90522095e+02,
    1.28581226e+03, 5.94462708e+02, 1.31901477e+03, 5.98342529e+02,
    1.15036194e+03, 6.13286682e+02, 1.18513477e+03, 6.17321167e+02,
    1.21957727e+03, 6.21034973e+02, 1.25388501e+03, 6.24785339e+02,
    1.28781433e+03, 6.28814270e+02, 1.32161108e+03, 6.32684875e+02,
    1.15074792e+03, 6.48980408e+02, 1.18603748e+03, 6.52761841e+02,
    1.22090247e+03, 6.56537048e+02, 1.25543433e+03, 6.60448975e+02,
    1.29002039e+03, 6.64255615e+02, 1.32384680e+03, 6.67744263e+02,
    1.15131238e+03, 6.85608215e+02, 1.18687195e+03, 6.89293030e+02,
    1.22240283e+03, 6.92866272e+02, 1.25739868e+03, 6.96645874e+02,
    1.29199414e+03, 7.00315491e+02, 1.32658093e+03, 7.03730530e+02,
    1.15174963e+03, 7.23396973e+02, 1.18768445e+03, 7.26988098e+02,
    1.22358081e+03, 7.30429260e+02, 1.25929138e+03, 7.34090759e+02,
    1.29441187e+03, 7.37606628e+02, 1.32914490e+03, 7.41001465e+02,
    1.15232300e+03, 7.61789124e+02, 1.18882703e+03, 7.65464417e+02,
    1.22516870e+03, 7.68729248e+02, 1.26097131e+03, 7.72103577e+02,
    1.29654797e+03, 7.75539856e+02, 1.33188623e+03, 7.78839600e+02 ]
