%YAML:1.0
---
points: [ 1.87252548e+02, 2.31009430e+02, 1.89345627e+02, 2.14669815e+02,
    1.91505417e+02, 1.97337601e+02, 1.93779968e+02, 1.79052658e+02,
    1.96154449e+02, 1.59366592e+02, 1.98726669e+02, 1.38285522e+02,
    2.06893829e+02, 2.34996063e+02, 2.09512482e+02, 2.18876190e+02,
    2.12278198e+02, 2.01735291e+02, 2.15182114e+02, 1.83598923e+02,
    2.18314392e+02, 1.64183197e+02, 2.21559433e+02, 1.43403809e+02,
    2.26208191e+02, 2.38943726e+02, 2.29434738e+02, 2.22981247e+02,
    2.32723953e+02, 2.06049850e+02, 2.36362228e+02, 1.88069962e+02,
    2.40112747e+02, 1.68941483e+02, 2.44256592e+02, 1.48366943e+02,
    2.45509125e+02, 2.42850861e+02, 2.49173355e+02, 2.27041718e+02,
    2.53155960e+02, 2.10276566e+02, 2.57328766e+02, 1.92607330e+02,
    2.61821533e+02, 1.73589767e+02, 2.66564117e+02, 1.53351746e+02,
    2.64573639e+02, 2.46748016e+02, 2.68834503e+02, 2.31152039e+02,
    2.73315735e+02, 2.14481277e+02, 2.78236359e+02, 1.96925110e+02,
    2.83348877e+02, 1.78146393e+02, 2.88882355e+02, 1.58076859e+02,
    2.83552948e+02, 2.50706055e+02, 2.88377136e+02, 2.35233063e+02,
    2.93502594e+02, 2.18746414e+02, 2.98983032e+02, 2.01344849e+02,
    3.04814972e+02, 1.82683395e+02, 3.10990509e+02, 1.62849564e+02,
    3.02545380e+02, 2.54573380e+02, 3.07970612e+02, 2.39195923e+02,
    3.13654999e+02, 2.22928619e+02, 3.19775665e+02, 2.05690140e+02,
    3.26239349e+02, 1.87266876e+02, 3.33264740e+02, 1.67628311e+02,
    3.21498260e+02, 2.58456116e+02, 3.27374695e+02, 2.43230621e+02,
    3.33706024e+02, 2.27131195e+02, 3.40431122e+02, 2.10030746e+02,
    3.47508057e+02, 1.91803680e+02, 3.55198456e+02, 1.72237930e+02 ]
