%YAML:1.0
---
points: [ 2.35914490e+02, 1.92813110e+02, 2.36213913e+02, 1.81194962e+02,
    2.36330276e+02, 1.69114868e+02, 2.36555450e+02, 1.56381668e+02,
    2.36686752e+02, 1.43173126e+02, 2.36864166e+02, 1.29231476e+02,
    2.49299957e+02, 1.93348541e+02, 2.49682739e+02, 1.81815704e+02,
    2.50140472e+02, 1.69708603e+02, 2.50642807e+02, 1.57159821e+02,
    2.51200745e+02, 1.43834244e+02, 2.51701828e+02, 1.29887848e+02,
    2.62529602e+02, 1.93990387e+02, 2.63296570e+02, 1.82489532e+02,
    2.64059692e+02, 1.70393356e+02, 2.64926697e+02, 1.57823837e+02,
    2.65726501e+02, 1.44458252e+02, 2.66690582e+02, 1.30617142e+02,
    2.75854767e+02, 1.94693451e+02, 2.76858887e+02, 1.83210266e+02,
    2.77927673e+02, 1.71158585e+02, 2.79062469e+02, 1.58373291e+02,
    2.80266785e+02, 1.45223419e+02, 2.81519043e+02, 1.31298508e+02,
    2.89110809e+02, 1.95320511e+02, 2.90416809e+02, 1.83678680e+02,
    2.91735229e+02, 1.71700180e+02, 2.93300690e+02, 1.59183868e+02,
    2.94802002e+02, 1.45840851e+02, 2.96396637e+02, 1.32128952e+02,
    3.02437134e+02, 1.95832870e+02, 3.04005432e+02, 1.84414642e+02,
    3.05684082e+02, 1.72366898e+02, 3.07442474e+02, 1.59707352e+02,
    3.09347687e+02, 1.46507309e+02, 3.11265137e+02, 1.32614777e+02,
    3.15665070e+02, 1.96511063e+02, 3.17574036e+02, 1.84964996e+02,
    3.19567535e+02, 1.72941132e+02, 3.21686218e+02, 1.60355881e+02,
    3.23834442e+02, 1.47203049e+02, 3.26232880e+02, 1.33281326e+02,
    3.29065430e+02, 1.97109772e+02, 3.31254761e+02, 1.85566986e+02,
    3.33554321e+02, 1.73567764e+02, 3.35893036e+02, 1.60940491e+02,
    3.38517700e+02, 1.47745392e+02, 3.41080505e+02, 1.33966965e+02 ]
