%YAML:1.0
---
points: [ 1.16491382e+03, 4.71434601e+02, 1.19661841e+03, 4.73554199e+02,
    1.22763757e+03, 4.75623657e+02, 1.25795557e+03, 4.77621429e+02,
    1.28737817e+03, 4.79561157e+02, 1.31635266e+03, 4.81477417e+02,
    1.16463062e+03, 5.09227905e+02, 1.19643262e+03, 5.10890869e+02,
    1.22750952e+03, 5.12592529e+02, 1.25784558e+03, 5.14047729e+02,
    1.28718396e+03, 5.15622314e+02, 1.31630481e+03, 5.17259888e+02,
    1.16449109e+03, 5.47091187e+02, 1.19624341e+03, 5.48395325e+02,
    1.22741284e+03, 5.49456482e+02, 1.25775330e+03, 5.50538879e+02,
    1.28723242e+03, 5.51586853e+02, 1.31627075e+03, 5.52764099e+02,
    1.16427478e+03, 5.85263855e+02, 1.19591528e+03, 5.85816528e+02,
    1.22728149e+03, 5.86527161e+02, 1.25769336e+03, 5.87238159e+02,
    1.28716101e+03, 5.87802673e+02, 1.31635608e+03, 5.88509521e+02,
    1.16403430e+03, 6.23366211e+02, 1.19585632e+03, 6.23528381e+02,
    1.22696191e+03, 6.23735840e+02, 1.25758044e+03, 6.24011719e+02,
    1.28717688e+03, 6.24189331e+02, 1.31635986e+03, 6.24423950e+02,
    1.16397253e+03, 6.61601013e+02, 1.19577502e+03, 6.61391418e+02,
    1.22710828e+03, 6.61176575e+02, 1.25755334e+03, 6.60851624e+02,
    1.28725342e+03, 6.60693359e+02, 1.31638806e+03, 6.60502747e+02,
    1.16359082e+03, 7.00446960e+02, 1.19563135e+03, 6.99633118e+02,
    1.22700159e+03, 6.98873962e+02, 1.25762036e+03, 6.98221680e+02,
    1.28724915e+03, 6.97493958e+02, 1.31655029e+03, 6.96877563e+02,
    1.16350598e+03, 7.39234680e+02, 1.19560315e+03, 7.37891663e+02,
    1.22705750e+03, 7.36588745e+02, 1.25769031e+03, 7.35471924e+02,
    1.28746631e+03, 7.34344482e+02, 1.31662939e+03, 7.33366089e+02 ]
