%YAML:1.0
---
points: [ 1.88978424e+02, 1.08793747e+02, 2.02973099e+02, 1.03018044e+02,
    2.16143692e+02, 9.77308273e+01, 2.28417709e+02, 9.25518494e+01,
    2.40007660e+02, 8.77754745e+01, 2.50929703e+02, 8.31959076e+01,
    2.01763092e+02, 1.23497299e+02, 2.15364120e+02, 1.17207802e+02,
    2.28053329e+02, 1.11422134e+02, 2.40091644e+02, 1.05826263e+02,
    2.51297867e+02, 1.00619339e+02, 2.62038330e+02, 9.57505264e+01,
    2.14534470e+02, 1.38157303e+02, 2.27681168e+02, 1.31483170e+02,
    2.40094101e+02, 1.25144279e+02, 2.51719864e+02, 1.19165413e+02,
    2.62711761e+02, 1.13581718e+02, 2.73025940e+02, 1.08236450e+02,
    2.27245346e+02, 1.52970551e+02, 2.40157928e+02, 1.45735107e+02,
    2.52142380e+02, 1.38924515e+02, 2.63501221e+02, 1.32596817e+02,
    2.74097534e+02, 1.26577919e+02, 2.84152679e+02, 1.20842613e+02,
    2.40116867e+02, 1.67742493e+02, 2.52559616e+02, 1.60117752e+02,
    2.64225861e+02, 1.52952408e+02, 2.75165955e+02, 1.46065308e+02,
    2.85547516e+02, 1.39624832e+02, 2.95327576e+02, 1.33472321e+02,
    2.53074280e+02, 1.82686752e+02, 2.65139587e+02, 1.74484436e+02,
    2.76383392e+02, 1.66750702e+02, 2.86990845e+02, 1.59551254e+02,
    2.97001129e+02, 1.52636108e+02, 3.06564758e+02, 1.46202911e+02,
    2.66021637e+02, 1.97841553e+02, 2.77728851e+02, 1.89093674e+02,
    2.88682831e+02, 1.80866425e+02, 2.99035919e+02, 1.73163467e+02,
    3.08699432e+02, 1.65928055e+02, 3.17838501e+02, 1.59013626e+02,
    2.79111816e+02, 2.12954376e+02, 2.90390900e+02, 2.03707169e+02,
    3.00947998e+02, 1.94939316e+02, 3.10958618e+02, 1.86793564e+02,
    3.20357269e+02, 1.79052063e+02, 3.29269745e+02, 1.71870163e+02 ]
