%YAML:1.0
---
points: [ 6.65870850e+02, 2.25395554e+02, 7.10250549e+02, 2.08647308e+02,
    7.51915222e+02, 1.92876602e+02, 7.90763916e+02, 1.78024704e+02,
    8.27638550e+02, 1.64051498e+02, 8.62153503e+02, 1.50587234e+02,
    7.03356628e+02, 2.68885010e+02, 7.46622925e+02, 2.50791031e+02,
    7.87002319e+02, 2.33656830e+02, 8.25161316e+02, 2.17467514e+02,
    8.60648132e+02, 2.02341995e+02, 8.94449829e+02, 1.87914352e+02,
    7.40838440e+02, 3.12538666e+02, 7.82825378e+02, 2.93006439e+02,
    8.22327881e+02, 2.74476685e+02, 8.59212402e+02, 2.57107666e+02,
    8.94110474e+02, 2.40688782e+02, 9.26667664e+02, 2.25262939e+02,
    7.78499817e+02, 3.56470337e+02, 8.19340454e+02, 3.35483948e+02,
    8.57534668e+02, 3.15420898e+02, 8.93557312e+02, 2.96710266e+02,
    9.27261230e+02, 2.79244507e+02, 9.59238098e+02, 2.62437500e+02,
    8.16166748e+02, 4.00553375e+02, 8.55741699e+02, 3.77920868e+02,
    8.93078491e+02, 3.56800079e+02, 9.27815430e+02, 3.36668762e+02,
    9.60787354e+02, 3.17712219e+02, 9.91703369e+02, 3.00087402e+02,
    8.54040894e+02, 4.44477203e+02, 8.92593323e+02, 4.20466156e+02,
    9.28635315e+02, 3.97718109e+02, 9.62481995e+02, 3.76640106e+02,
    9.94373840e+02, 3.56489075e+02, 1.02445093e+03, 3.37526581e+02,
    8.92218933e+02, 4.89288727e+02, 9.29500366e+02, 4.63602325e+02,
    9.64577881e+02, 4.39487793e+02, 9.97460876e+02, 4.16834259e+02,
    1.02836499e+03, 3.95599182e+02, 1.05759424e+03, 3.75486664e+02,
    9.30356873e+02, 5.33763977e+02, 9.66567444e+02, 5.06522461e+02,
    1.00044946e+03, 4.80981720e+02, 1.03229468e+03, 4.57024292e+02,
    1.06235913e+03, 4.34469238e+02, 1.09053564e+03, 4.13298279e+02 ]
