%YAML:1.0
---
points: [ 2.44803696e+02, 2.16109009e+02, 2.48115707e+02, 2.03391129e+02,
    2.51500656e+02, 1.91296600e+02, 2.55006897e+02, 1.79630661e+02,
    2.58175812e+02, 1.65951157e+02, 2.61380096e+02, 1.53186371e+02,
    2.57190796e+02, 2.19395493e+02, 2.60350677e+02, 2.06920609e+02,
    2.63566162e+02, 1.94386154e+02, 2.67256805e+02, 1.81718628e+02,
    2.70599487e+02, 1.69290710e+02, 2.74039459e+02, 1.56660202e+02,
    2.69562408e+02, 2.22749359e+02, 2.72984894e+02, 2.10349808e+02,
    2.76348724e+02, 1.97790558e+02, 2.79675659e+02, 1.85397964e+02,
    2.83195953e+02, 1.72754593e+02, 2.86713776e+02, 1.60002426e+02,
    2.81998444e+02, 2.26123596e+02, 2.85345551e+02, 2.13787552e+02,
    2.88787384e+02, 2.01290268e+02, 2.92305176e+02, 1.88645203e+02,
    2.95748474e+02, 1.76181793e+02, 2.99250336e+02, 1.63439468e+02,
    2.94381836e+02, 2.29469986e+02, 2.97796295e+02, 2.17079437e+02,
    3.01274231e+02, 2.04617249e+02, 3.04786194e+02, 1.92102310e+02,
    3.08349823e+02, 1.79477753e+02, 3.11909393e+02, 1.66690903e+02,
    3.06793549e+02, 2.32809067e+02, 3.10248535e+02, 2.20403061e+02,
    3.13765350e+02, 2.07952072e+02, 3.17332642e+02, 1.95452621e+02,
    3.20884857e+02, 1.82810165e+02, 3.24484741e+02, 1.70108765e+02,
    3.19310547e+02, 2.36158249e+02, 3.22752167e+02, 2.23775223e+02,
    3.26296326e+02, 2.11332489e+02, 3.29876038e+02, 1.98811172e+02,
    3.33540283e+02, 1.86164230e+02, 3.37157623e+02, 1.73460480e+02,
    3.31765533e+02, 2.39530731e+02, 3.35354370e+02, 2.27139557e+02,
    3.38879608e+02, 2.14648758e+02, 3.42485687e+02, 2.02202530e+02,
    3.46212006e+02, 1.89563248e+02, 3.49881256e+02, 1.76882080e+02 ]
