%YAML:1.0
---
points: [ 1.17377722e+03, 1.16485573e+02, 1.21493518e+03, 1.17578857e+02,
    1.25630188e+03, 1.18628433e+02, 1.29761389e+03, 1.19537949e+02,
    1.33913782e+03, 1.20564529e+02, 1.38060278e+03, 1.21728477e+02,
    1.16923303e+03, 1.60435440e+02, 1.20977405e+03, 1.61269226e+02,
    1.25043835e+03, 1.62478424e+02, 1.29130371e+03, 1.63455063e+02,
    1.33229260e+03, 1.64557098e+02, 1.37329651e+03, 1.65519928e+02,
    1.16461230e+03, 2.02794876e+02, 1.20464355e+03, 2.03703369e+02,
    1.24470093e+03, 2.04693054e+02, 1.28516235e+03, 2.05854019e+02,
    1.32549683e+03, 2.06872192e+02, 1.36566821e+03, 2.07985046e+02,
    1.16023547e+03, 2.44141388e+02, 1.19966089e+03, 2.45081451e+02,
    1.23919153e+03, 2.46059006e+02, 1.27901184e+03, 2.47013153e+02,
    1.31861523e+03, 2.48305695e+02, 1.35867456e+03, 2.49255997e+02,
    1.15585461e+03, 2.83998444e+02, 1.19479016e+03, 2.85313660e+02,
    1.23370715e+03, 2.86288971e+02, 1.27287732e+03, 2.87275909e+02,
    1.31226135e+03, 2.88188843e+02, 1.35160449e+03, 2.89262451e+02,
    1.15184741e+03, 3.22867279e+02, 1.19022083e+03, 3.24067200e+02,
    1.22856079e+03, 3.25169861e+02, 1.26719019e+03, 3.26104767e+02,
    1.30603784e+03, 3.27368561e+02, 1.34464050e+03, 3.28308777e+02,
    1.14780615e+03, 3.60800415e+02, 1.18565833e+03, 3.61802765e+02,
    1.22349622e+03, 3.63039368e+02, 1.26151868e+03, 3.64318939e+02,
    1.29982544e+03, 3.65344513e+02, 1.33820850e+03, 3.66395203e+02,
    1.14388318e+03, 3.97494690e+02, 1.18126953e+03, 3.98522705e+02,
    1.21859326e+03, 3.99629822e+02, 1.25612598e+03, 4.00903381e+02,
    1.29385413e+03, 4.02071167e+02, 1.33175098e+03, 4.03125061e+02 ]
