%YAML:1.0
---
points: [ 2.55029633e+02, 2.54236908e+02, 2.58268005e+02, 2.41734818e+02,
    2.61474731e+02, 2.29205017e+02, 2.64679718e+02, 2.16701080e+02,
    2.67954041e+02, 2.04157486e+02, 2.71163757e+02, 1.91583435e+02,
    2.67468811e+02, 2.57314514e+02, 2.70669922e+02, 2.44919815e+02,
    2.73854919e+02, 2.32326675e+02, 2.77020264e+02, 2.19868759e+02,
    2.80291138e+02, 2.07366714e+02, 2.83448212e+02, 1.94809479e+02,
    2.79934448e+02, 2.60493225e+02, 2.83105499e+02, 2.48041733e+02,
    2.86257935e+02, 2.35512390e+02, 2.89442902e+02, 2.23118927e+02,
    2.92690491e+02, 2.10661148e+02, 2.95855103e+02, 1.98143723e+02,
    2.92262543e+02, 2.63656494e+02, 2.95403107e+02, 2.51186920e+02,
    2.98609528e+02, 2.38656250e+02, 3.01777161e+02, 2.26243820e+02,
    3.04963287e+02, 2.13781921e+02, 3.08214539e+02, 2.01407684e+02,
    3.04589386e+02, 2.66720612e+02, 3.07694733e+02, 2.54227661e+02,
    3.10877228e+02, 2.41834763e+02, 3.14054871e+02, 2.29390305e+02,
    3.17275085e+02, 2.16984802e+02, 3.20435303e+02, 2.04608307e+02,
    3.16827881e+02, 2.69849731e+02, 3.20003906e+02, 2.57380981e+02,
    3.23113434e+02, 2.45005341e+02, 3.26328217e+02, 2.32614914e+02,
    3.29475067e+02, 2.20176193e+02, 3.32658722e+02, 2.07744690e+02,
    3.29092804e+02, 2.72925781e+02, 3.32258789e+02, 2.60578827e+02,
    3.35423218e+02, 2.48148254e+02, 3.38477051e+02, 2.35755661e+02,
    3.41690674e+02, 2.23345825e+02, 3.44868042e+02, 2.10903854e+02,
    3.41350586e+02, 2.76131287e+02, 3.44431427e+02, 2.63614471e+02,
    3.47589996e+02, 2.51290848e+02, 3.50704437e+02, 2.38911285e+02,
    3.53919891e+02, 2.26562408e+02, 3.57006683e+02, 2.14197205e+02 ]
