%YAML:1.0
---
points: [ 7.09113647e+02, 3.46358582e+02, 7.19618286e+02, 2.97431763e+02,
    7.30182434e+02, 2.49323441e+02, 7.40376831e+02, 2.01886810e+02,
    7.50294067e+02, 1.55446777e+02, 7.60127075e+02, 1.09738777e+02,
    7.59784302e+02, 3.62814240e+02, 7.69833252e+02, 3.14721954e+02,
    7.79685974e+02, 2.67612457e+02, 7.89212341e+02, 2.21053619e+02,
    7.98437622e+02, 1.75300034e+02, 8.07498352e+02, 1.30285751e+02,
    8.08369507e+02, 3.78534393e+02, 8.17630798e+02, 3.31471527e+02,
    8.26720764e+02, 2.85013733e+02, 8.35731873e+02, 2.39326279e+02,
    8.44489990e+02, 1.94177658e+02, 8.53249695e+02, 1.50214294e+02,
    8.54743225e+02, 3.93543732e+02, 8.63537598e+02, 3.47381592e+02,
    8.72032227e+02, 3.01486359e+02, 8.80495972e+02, 2.56694214e+02,
    8.88675049e+02, 2.12545898e+02, 8.96716980e+02, 1.68892715e+02,
    8.99488953e+02, 4.08116547e+02, 9.07467773e+02, 3.62503204e+02,
    9.15519470e+02, 3.17789886e+02, 9.23344727e+02, 2.73551636e+02,
    9.31098938e+02, 2.30054657e+02, 9.38702087e+02, 1.87214417e+02,
    9.42388184e+02, 4.21940338e+02, 9.49719971e+02, 3.77077606e+02,
    9.57477356e+02, 3.32989410e+02, 9.64635742e+02, 2.89596527e+02,
    9.71831604e+02, 2.46700943e+02, 9.79069336e+02, 2.04657913e+02,
    9.83534912e+02, 4.35292389e+02, 9.90661072e+02, 3.91280487e+02,
    9.97631104e+02, 3.47770355e+02, 1.00467438e+03, 3.05233704e+02,
    1.01148932e+03, 2.62987183e+02, 1.01822827e+03, 2.21366425e+02,
    1.02313470e+03, 4.48193359e+02, 1.02970947e+03, 4.04645630e+02,
    1.03645154e+03, 3.62004089e+02, 1.04295496e+03, 3.19859833e+02,
    1.04926611e+03, 2.78450562e+02, 1.05545435e+03, 2.37549805e+02 ]
