%YAML:1.0
---
points: [ 2.00774048e+02, 1.49696106e+02, 2.04070755e+02, 1.33135971e+02,
    2.07404541e+02, 1.16755196e+02, 2.10612640e+02, 1.00815254e+02,
    2.13804367e+02, 8.49996338e+01, 2.16924149e+02, 6.96402512e+01,
    2.17403839e+02, 1.55267761e+02, 2.20536423e+02, 1.38989471e+02,
    2.23629059e+02, 1.22899956e+02, 2.26681274e+02, 1.07175117e+02,
    2.29578156e+02, 9.16852798e+01, 2.32493286e+02, 7.64816437e+01,
    2.33299515e+02, 1.60627029e+02, 2.36190674e+02, 1.44594009e+02,
    2.39089798e+02, 1.28785400e+02, 2.41933517e+02, 1.13270294e+02,
    2.44672211e+02, 9.80465469e+01, 2.47415939e+02, 8.30795822e+01,
    2.48622452e+02, 1.65642639e+02, 2.51227341e+02, 1.49909409e+02,
    2.53907379e+02, 1.34430038e+02, 2.56539490e+02, 1.19177345e+02,
    2.59236420e+02, 1.04189697e+02, 2.61848419e+02, 8.93468933e+01,
    2.63131927e+02, 1.70539719e+02, 2.65643555e+02, 1.55040817e+02,
    2.68252716e+02, 1.39879684e+02, 2.70692657e+02, 1.24897270e+02,
    2.73137329e+02, 1.10056091e+02, 2.75571991e+02, 9.55020447e+01,
    2.77313660e+02, 1.75172516e+02, 2.79638489e+02, 1.59974823e+02,
    2.81948883e+02, 1.44964462e+02, 2.84341187e+02, 1.30235733e+02,
    2.86596954e+02, 1.15704109e+02, 2.88820312e+02, 1.01350121e+02,
    2.90801331e+02, 1.79762177e+02, 2.93044830e+02, 1.64778015e+02,
    2.95326569e+02, 1.50005676e+02, 2.97512756e+02, 1.35484634e+02,
    2.99609863e+02, 1.21124954e+02, 3.01750732e+02, 1.07105484e+02,
    3.03842224e+02, 1.84080948e+02, 3.05949219e+02, 1.69321152e+02,
    3.08039001e+02, 1.54789246e+02, 3.10100922e+02, 1.40387924e+02,
    3.12112091e+02, 1.26361000e+02, 3.14069366e+02, 1.12573730e+02 ]
