%YAML:1.0
---
points: [ 2.66027466e+02, 2.70130035e+02, 2.67478027e+02, 2.56724701e+02,
    2.69095032e+02, 2.43249588e+02, 2.70647186e+02, 2.29887726e+02,
    2.72260651e+02, 2.16534149e+02, 2.73755646e+02, 2.03296631e+02,
    2.78071838e+02, 2.71073334e+02, 2.79565002e+02, 2.57723541e+02,
    2.81094269e+02, 2.44514893e+02, 2.82636078e+02, 2.31343109e+02,
    2.84169037e+02, 2.18213135e+02, 2.85641205e+02, 2.05008484e+02,
    2.89949890e+02, 2.71997559e+02, 2.91366638e+02, 2.58881042e+02,
    2.92826630e+02, 2.45755219e+02, 2.94362335e+02, 2.32733521e+02,
    2.95860565e+02, 2.19819489e+02, 2.97374969e+02, 2.06830734e+02,
    3.01400299e+02, 2.72904724e+02, 3.02898254e+02, 2.59883057e+02,
    3.04279907e+02, 2.46995377e+02, 3.05771088e+02, 2.34087387e+02,
    3.07205597e+02, 2.21283600e+02, 3.08722687e+02, 2.08501694e+02,
    3.12742615e+02, 2.73761047e+02, 3.14041260e+02, 2.60909058e+02,
    3.15515137e+02, 2.48164200e+02, 3.16901825e+02, 2.35455124e+02,
    3.18280365e+02, 2.22741943e+02, 3.19793671e+02, 2.10116440e+02,
    3.23648560e+02, 2.74610748e+02, 3.25009125e+02, 2.61875641e+02,
    3.26421478e+02, 2.49290253e+02, 3.27779266e+02, 2.36707748e+02,
    3.29131714e+02, 2.24216568e+02, 3.30519623e+02, 2.11719299e+02,
    3.34373566e+02, 2.75380585e+02, 3.35684174e+02, 2.62917084e+02,
    3.37067261e+02, 2.50367493e+02, 3.38360931e+02, 2.38048019e+02,
    3.39687103e+02, 2.25592926e+02, 3.41039429e+02, 2.13272644e+02,
    3.44907166e+02, 2.76269287e+02, 3.46207184e+02, 2.63866547e+02,
    3.47469574e+02, 2.51584045e+02, 3.48778290e+02, 2.39261627e+02,
    3.50075562e+02, 2.27060974e+02, 3.51429810e+02, 2.14809387e+02 ]
