%YAML:1.0
---
points: [ 1.96474869e+02, 1.79825317e+02, 2.09274323e+02, 1.69601532e+02,
    2.22301132e+02, 1.59200775e+02, 2.35566956e+02, 1.48706726e+02,
    2.49094452e+02, 1.37755371e+02, 2.62813904e+02, 1.26766068e+02,
    2.06978119e+02, 1.88945236e+02, 2.19474991e+02, 1.79134460e+02,
    2.32100159e+02, 1.69198441e+02, 2.45070145e+02, 1.59018417e+02,
    2.58149261e+02, 1.48672440e+02, 2.71656555e+02, 1.38079636e+02,
    2.16766449e+02, 1.97451248e+02, 2.28931137e+02, 1.88097015e+02,
    2.41352509e+02, 1.78492188e+02, 2.53981537e+02, 1.68794464e+02,
    2.66760590e+02, 1.58721481e+02, 2.79750763e+02, 1.48637268e+02,
    2.26065018e+02, 2.05614639e+02, 2.37906677e+02, 1.96417847e+02,
    2.49981888e+02, 1.87211319e+02, 2.62293427e+02, 1.77793411e+02,
    2.74768311e+02, 1.68272980e+02, 2.87572632e+02, 1.58492706e+02,
    2.34722580e+02, 2.13124100e+02, 2.46292664e+02, 2.04340149e+02,
    2.58160400e+02, 1.95420120e+02, 2.70122162e+02, 1.86394699e+02,
    2.82378021e+02, 1.77102463e+02, 2.94755005e+02, 1.67771942e+02,
    2.42973297e+02, 2.20366028e+02, 2.54304352e+02, 2.11810654e+02,
    2.65814941e+02, 2.03230103e+02, 2.77536713e+02, 1.94398895e+02,
    2.89455414e+02, 1.85589798e+02, 3.01585724e+02, 1.76536728e+02,
    2.50710388e+02, 2.27051834e+02, 2.61827087e+02, 2.18960663e+02,
    2.73207581e+02, 2.10602219e+02, 2.84649384e+02, 2.02148148e+02,
    2.96251495e+02, 1.93499664e+02, 3.08029114e+02, 1.84771011e+02,
    2.58122314e+02, 2.33563522e+02, 2.69036469e+02, 2.25539948e+02,
    2.79986145e+02, 2.17525284e+02, 2.91241821e+02, 2.09264160e+02,
    3.02570831e+02, 2.01068802e+02, 3.14219879e+02, 1.92534378e+02 ]
