%YAML:1.0
---
points: [ 7.01491699e+02, 4.35143250e+02, 7.38751221e+02, 4.05062195e+02,
    7.76735779e+02, 3.74421112e+02, 8.15261292e+02, 3.43244781e+02,
    8.54370239e+02, 3.11446899e+02, 8.94221619e+02, 2.78940826e+02,
    7.34747925e+02, 4.62196167e+02, 7.71281921e+02, 4.33281372e+02,
    8.08144348e+02, 4.03773956e+02, 8.45733215e+02, 3.74035522e+02,
    8.83687378e+02, 3.43387970e+02, 9.22556274e+02, 3.12391937e+02,
    7.65917664e+02, 4.87531036e+02, 8.01383362e+02, 4.59528778e+02,
    8.37440247e+02, 4.31297058e+02, 8.74057800e+02, 4.02673126e+02,
    9.11144836e+02, 3.73337585e+02, 9.48977905e+02, 3.43463409e+02,
    7.95393555e+02, 5.11274475e+02, 8.29848877e+02, 4.84400696e+02,
    8.65103333e+02, 4.57154205e+02, 9.00622437e+02, 4.29568085e+02,
    9.37016357e+02, 4.01303711e+02, 9.73772034e+02, 3.72729584e+02,
    8.22801025e+02, 5.33657471e+02, 8.56557129e+02, 5.07685211e+02,
    8.91016479e+02, 4.81420807e+02, 9.25666016e+02, 4.54740540e+02,
    9.61293640e+02, 4.27584076e+02, 9.97185730e+02, 4.00015747e+02,
    8.48803955e+02, 5.54827026e+02, 8.81852783e+02, 5.29782898e+02,
    9.15449524e+02, 5.04431793e+02, 9.49380493e+02, 4.78563873e+02,
    9.83934814e+02, 4.52405365e+02, 1.01915472e+03, 4.25715607e+02,
    8.73423523e+02, 5.74826965e+02, 9.05695862e+02, 5.50606812e+02,
    9.38669189e+02, 5.26178894e+02, 9.71872986e+02, 5.01270203e+02,
    1.00563342e+03, 4.75889069e+02, 1.04010022e+03, 4.50275208e+02,
    8.96671021e+02, 5.93811768e+02, 9.28371582e+02, 5.70382568e+02,
    9.60393311e+02, 5.46568359e+02, 9.93061584e+02, 5.22512268e+02,
    1.02590393e+03, 4.98111237e+02, 1.05956213e+03, 4.73124115e+02 ]
