%YAML:1.0
---
points: [ 1.16206006e+03, 1.41370300e+02, 1.20071448e+03, 1.37546082e+02,
    1.24030042e+03, 1.33713028e+02, 1.28092322e+03, 1.29556931e+02,
    1.32258545e+03, 1.25423973e+02, 1.36551013e+03, 1.21290794e+02,
    1.16061218e+03, 1.80268021e+02, 1.19924438e+03, 1.76602371e+02,
    1.23866321e+03, 1.73345322e+02, 1.27949963e+03, 1.69653351e+02,
    1.32109204e+03, 1.66197372e+02, 1.36385303e+03, 1.62366760e+02,
    1.15936353e+03, 2.18381439e+02, 1.19760645e+03, 2.15610641e+02,
    1.23728430e+03, 2.12655594e+02, 1.27770117e+03, 2.09511597e+02,
    1.31948596e+03, 2.06605743e+02, 1.36213062e+03, 2.03256424e+02,
    1.15804041e+03, 2.56713562e+02, 1.19634692e+03, 2.54414383e+02,
    1.23571069e+03, 2.51685440e+02, 1.27625732e+03, 2.49357468e+02,
    1.31760291e+03, 2.46599915e+02, 1.36039343e+03, 2.44099686e+02,
    1.15667651e+03, 2.94713684e+02, 1.19483374e+03, 2.92776550e+02,
    1.23427209e+03, 2.90816254e+02, 1.27454761e+03, 2.88681824e+02,
    1.31606958e+03, 2.86621307e+02, 1.35858020e+03, 2.84648315e+02,
    1.15535535e+03, 3.32528198e+02, 1.19350403e+03, 3.31124451e+02,
    1.23281030e+03, 3.29547272e+02, 1.27307581e+03, 3.28288483e+02,
    1.31427649e+03, 3.26592773e+02, 1.35685242e+03, 3.24832825e+02,
    1.15424207e+03, 3.70422302e+02, 1.19213049e+03, 3.69390320e+02,
    1.23137219e+03, 3.68496246e+02, 1.27133789e+03, 3.67346436e+02,
    1.31256494e+03, 3.66401825e+02, 1.35518188e+03, 3.65459412e+02,
    1.15293567e+03, 4.07588257e+02, 1.19073718e+03, 4.07166473e+02,
    1.22977283e+03, 4.06653625e+02, 1.26976978e+03, 4.06230164e+02,
    1.31111243e+03, 4.05791992e+02, 1.35351782e+03, 4.05125610e+02 ]
