%YAML:1.0
---
points: [ 7.42175049e+02, 6.19399719e+02, 7.79922302e+02, 5.88816162e+02,
    8.17629822e+02, 5.58374023e+02, 8.55330139e+02, 5.27965576e+02,
    8.92914551e+02, 4.97574585e+02, 9.30513245e+02, 4.67169495e+02,
    7.70418152e+02, 6.43644592e+02, 8.06999573e+02, 6.14141113e+02,
    8.43535828e+02, 5.84554504e+02, 8.80116882e+02, 5.55181641e+02,
    9.16538391e+02, 5.25567383e+02, 9.53071533e+02, 4.96047852e+02,
    7.96912720e+02, 6.66665039e+02, 8.32333740e+02, 6.37722473e+02,
    8.67840698e+02, 6.09147705e+02, 9.03386780e+02, 5.80601135e+02,
    9.38791748e+02, 5.51784424e+02, 9.74274353e+02, 5.23216125e+02,
    8.22020569e+02, 6.88347839e+02, 8.56457581e+02, 6.60234314e+02,
    8.90885193e+02, 6.32360107e+02, 9.25376892e+02, 6.04522217e+02,
    9.59796570e+02, 5.76600098e+02, 9.94385559e+02, 5.48842590e+02,
    8.45541443e+02, 7.08681885e+02, 8.78982117e+02, 6.81449524e+02,
    9.12629333e+02, 6.54291504e+02, 9.46170715e+02, 6.27168152e+02,
    9.79599304e+02, 6.00120789e+02, 1.01328790e+03, 5.73048706e+02,
    8.67854492e+02, 7.28155273e+02, 9.00505737e+02, 7.01576599e+02,
    9.33271912e+02, 6.75133789e+02, 9.65821899e+02, 6.48634094e+02,
    9.98511658e+02, 6.22337463e+02, 1.03116821e+03, 5.95882141e+02,
    8.88996704e+02, 7.46522949e+02, 9.20800293e+02, 7.20666992e+02,
    9.52723511e+02, 6.94923157e+02, 9.84570679e+02, 6.69221924e+02,
    1.01639233e+03, 6.43501221e+02, 1.04826440e+03, 6.17760010e+02,
    9.09163879e+02, 7.63994202e+02, 9.40291382e+02, 7.38776428e+02,
    9.71236633e+02, 7.13668213e+02, 1.00226556e+03, 6.88557922e+02,
    1.03331885e+03, 6.63524902e+02, 1.06435608e+03, 6.38432983e+02 ]
