%YAML:1.0
---
points: [ 3.51402405e+02, 2.11478821e+02, 3.51216919e+02, 2.23586792e+02,
    3.51112488e+02, 2.35539459e+02, 3.50994049e+02, 2.47472900e+02,
    3.50729370e+02, 2.59472137e+02, 3.50585266e+02, 2.71541504e+02,
    3.42305908e+02, 2.11330917e+02, 3.42153961e+02, 2.23462402e+02,
    3.42039612e+02, 2.35734848e+02, 3.41935242e+02, 2.47826340e+02,
    3.41637146e+02, 2.60151611e+02, 3.41474030e+02, 2.72309631e+02,
    3.33203003e+02, 2.11029739e+02, 3.32999969e+02, 2.23544342e+02,
    3.32809052e+02, 2.35871994e+02, 3.32553680e+02, 2.48241470e+02,
    3.32318451e+02, 2.60639679e+02, 3.32294159e+02, 2.73114929e+02,
    3.23540619e+02, 2.10879669e+02, 3.23235962e+02, 2.23483826e+02,
    3.23160004e+02, 2.36078979e+02, 3.23048126e+02, 2.48662842e+02,
    3.22816620e+02, 2.61304291e+02, 3.22647858e+02, 2.73963379e+02,
    3.13759583e+02, 2.10653305e+02, 3.13391785e+02, 2.23449112e+02,
    3.13226318e+02, 2.36242340e+02, 3.13082672e+02, 2.49108475e+02,
    3.12914307e+02, 2.61918213e+02, 3.12709167e+02, 2.74800049e+02,
    3.03411163e+02, 2.10442261e+02, 3.03175751e+02, 2.23454544e+02,
    3.03052246e+02, 2.36478210e+02, 3.02799438e+02, 2.49507843e+02,
    3.02606567e+02, 2.62603058e+02, 3.02513672e+02, 2.75703705e+02,
    2.92797729e+02, 2.10156723e+02, 2.92567078e+02, 2.23439407e+02,
    2.92270996e+02, 2.36709732e+02, 2.92113617e+02, 2.49955185e+02,
    2.91892883e+02, 2.63248962e+02, 2.91740509e+02, 2.76566101e+02,
    2.81835785e+02, 2.09901978e+02, 2.81618317e+02, 2.23558777e+02,
    2.81346558e+02, 2.37009796e+02, 2.81140350e+02, 2.50427719e+02,
    2.80928589e+02, 2.64020447e+02, 2.80724335e+02, 2.77442841e+02 ]
