%YAML:1.0
---
points: [ 2.09710754e+02, 2.42282776e+02, 2.22397995e+02, 2.31997955e+02,
    2.35230911e+02, 2.21556717e+02, 2.47891998e+02, 2.11386230e+02,
    2.60752655e+02, 2.00956680e+02, 2.73484711e+02, 1.90653748e+02,
    2.18563339e+02, 2.50502945e+02, 2.30954819e+02, 2.40543747e+02,
    2.43294449e+02, 2.30501617e+02, 2.55656570e+02, 2.20548447e+02,
    2.68067505e+02, 2.10522842e+02, 2.80494873e+02, 2.00412338e+02,
    2.26896057e+02, 2.58261658e+02, 2.38864838e+02, 2.48554016e+02,
    2.50870850e+02, 2.38803772e+02, 2.62923645e+02, 2.29180176e+02,
    2.74925659e+02, 2.19356247e+02, 2.86984009e+02, 2.09751343e+02,
    2.34758606e+02, 2.65678375e+02, 2.46418045e+02, 2.56145203e+02,
    2.58053406e+02, 2.46720520e+02, 2.69720917e+02, 2.37197464e+02,
    2.81484650e+02, 2.27801361e+02, 2.93204132e+02, 2.18438614e+02,
    2.42118423e+02, 2.72462616e+02, 2.53429199e+02, 2.63354675e+02,
    2.64829224e+02, 2.54146896e+02, 2.76211792e+02, 2.44975006e+02,
    2.87644745e+02, 2.35744598e+02, 2.98992035e+02, 2.26609085e+02,
    2.49136261e+02, 2.79141907e+02, 2.60207062e+02, 2.70137177e+02,
    2.71268005e+02, 2.61231354e+02, 2.82323273e+02, 2.52246643e+02,
    2.93459595e+02, 2.43353897e+02, 3.04615845e+02, 2.34390091e+02,
    2.55786758e+02, 2.85358246e+02, 2.66604126e+02, 2.76658752e+02,
    2.77437347e+02, 2.67940277e+02, 2.88245667e+02, 2.59265411e+02,
    2.99047791e+02, 2.50455795e+02, 3.09860413e+02, 2.41809814e+02,
    2.62188232e+02, 2.91384705e+02, 2.72616882e+02, 2.82778687e+02,
    2.83198395e+02, 2.74265045e+02, 2.93741638e+02, 2.65781097e+02,
    3.04309967e+02, 2.57274689e+02, 3.14856232e+02, 2.48792374e+02 ]
