%YAML:1.0
---
points: [ 1.16819177e+03, 1.69751450e+02, 1.20362964e+03, 1.70450089e+02,
    1.23918445e+03, 1.71007812e+02, 1.27467456e+03, 1.71478256e+02,
    1.30995813e+03, 1.72128998e+02, 1.34521191e+03, 1.72633881e+02,
    1.16749255e+03, 2.06452209e+02, 1.20288843e+03, 2.06838287e+02,
    1.23840881e+03, 2.07489517e+02, 1.27395239e+03, 2.07833694e+02,
    1.30924292e+03, 2.08418015e+02, 1.34445886e+03, 2.08802933e+02,
    1.16687512e+03, 2.42760239e+02, 1.20236694e+03, 2.43240219e+02,
    1.23774353e+03, 2.43613876e+02, 1.27333044e+03, 2.44067047e+02,
    1.30855957e+03, 2.44548187e+02, 1.34361157e+03, 2.45039108e+02,
    1.16628003e+03, 2.78840698e+02, 1.20163416e+03, 2.79326569e+02,
    1.23723999e+03, 2.79763611e+02, 1.27248999e+03, 2.80266113e+02,
    1.30767261e+03, 2.80571686e+02, 1.34296704e+03, 2.80816193e+02,
    1.16564233e+03, 3.14956360e+02, 1.20113953e+03, 3.15391418e+02,
    1.23649536e+03, 3.15753143e+02, 1.27161755e+03, 3.16190094e+02,
    1.30702820e+03, 3.16402130e+02, 1.34228979e+03, 3.16819305e+02,
    1.16522974e+03, 3.50817291e+02, 1.20058716e+03, 3.51184052e+02,
    1.23601099e+03, 3.51549438e+02, 1.27110071e+03, 3.51886536e+02,
    1.30643701e+03, 3.52272614e+02, 1.34150500e+03, 3.52472107e+02,
    1.16457739e+03, 3.86861633e+02, 1.19989893e+03, 3.87302032e+02,
    1.23526050e+03, 3.87492584e+02, 1.27039343e+03, 3.87752808e+02,
    1.30564355e+03, 3.88070496e+02, 1.34065344e+03, 3.88287262e+02,
    1.16413770e+03, 4.22631989e+02, 1.19941125e+03, 4.22857941e+02,
    1.23456189e+03, 4.23202759e+02, 1.26974475e+03, 4.23340088e+02,
    1.30497839e+03, 4.23542358e+02, 1.33993188e+03, 4.23767670e+02 ]
