%YAML:1.0
---
points: [ 3.51271027e+02, 2.01630875e+02, 3.51347656e+02, 2.13938202e+02,
    3.51436340e+02, 2.26210876e+02, 3.51565887e+02, 2.38499374e+02,
    3.51772888e+02, 2.50744522e+02, 3.52007324e+02, 2.63058838e+02,
    3.40953522e+02, 2.01726593e+02, 3.40964203e+02, 2.14126175e+02,
    3.41136383e+02, 2.26681519e+02, 3.41244141e+02, 2.38993134e+02,
    3.41345123e+02, 2.51442657e+02, 3.41450653e+02, 2.63823303e+02,
    3.30273132e+02, 2.01835983e+02, 3.30300232e+02, 2.14390121e+02,
    3.30440460e+02, 2.26972092e+02, 3.30641388e+02, 2.39549622e+02,
    3.30780945e+02, 2.52108948e+02, 3.30972473e+02, 2.64648346e+02,
    3.19315674e+02, 2.01905380e+02, 3.19397369e+02, 2.14631912e+02,
    3.19572144e+02, 2.27369766e+02, 3.19719635e+02, 2.40098434e+02,
    3.19871246e+02, 2.52840561e+02, 3.20099487e+02, 2.65458221e+02,
    3.08187286e+02, 2.02000336e+02, 3.08267914e+02, 2.14795517e+02,
    3.08375519e+02, 2.27751923e+02, 3.08530853e+02, 2.40625046e+02,
    3.08832458e+02, 2.53528122e+02, 3.08889252e+02, 2.66328979e+02,
    2.96778839e+02, 2.02108398e+02, 2.96878326e+02, 2.15086853e+02,
    2.97016205e+02, 2.28157410e+02, 2.97103394e+02, 2.41253601e+02,
    2.97284180e+02, 2.54236069e+02, 2.97480774e+02, 2.67278931e+02,
    2.84947083e+02, 2.02165344e+02, 2.85068787e+02, 2.15405243e+02,
    2.85237061e+02, 2.28587128e+02, 2.85372986e+02, 2.41808777e+02,
    2.85567688e+02, 2.55081543e+02, 2.85763428e+02, 2.68201355e+02,
    2.72949890e+02, 2.02257278e+02, 2.73095337e+02, 2.15632660e+02,
    2.73269928e+02, 2.29065125e+02, 2.73436310e+02, 2.42358505e+02,
    2.73646851e+02, 2.55776932e+02, 2.73762512e+02, 2.69110565e+02 ]
