%YAML:1.0
---
points: [ 7.73085266e+02, 6.29254456e+02, 8.14153320e+02, 6.01014282e+02,
    8.55195740e+02, 5.73023315e+02, 8.96217468e+02, 5.45028137e+02,
    9.37138672e+02, 5.16828552e+02, 9.78105225e+02, 4.88772644e+02,
    7.97422974e+02, 6.52708557e+02, 8.37053650e+02, 6.25503845e+02,
    8.76730469e+02, 5.98411804e+02, 9.16466614e+02, 5.71423401e+02,
    9.56089172e+02, 5.44164673e+02, 9.95690369e+02, 5.16969238e+02,
    8.20343384e+02, 6.74683777e+02, 8.58476685e+02, 6.48356934e+02,
    8.97032043e+02, 6.22062561e+02, 9.35393005e+02, 5.95993896e+02,
    9.73703247e+02, 5.69544312e+02, 1.01216809e+03, 5.43363586e+02,
    8.41624329e+02, 6.95403687e+02, 8.78683411e+02, 6.69680908e+02,
    9.15908813e+02, 6.44337158e+02, 9.53099365e+02, 6.18858215e+02,
    9.90369446e+02, 5.93402710e+02, 1.02757019e+03, 5.68101624e+02,
    8.61591980e+02, 7.14666504e+02, 8.97652283e+02, 6.89831055e+02,
    9.33672974e+02, 6.65151062e+02, 9.69701843e+02, 6.40476929e+02,
    1.00584491e+03, 6.15745789e+02, 1.04204150e+03, 5.91102966e+02,
    8.80505554e+02, 7.32913269e+02, 9.15432922e+02, 7.08872681e+02,
    9.50555725e+02, 6.84868958e+02, 9.85418091e+02, 6.60767395e+02,
    1.02052814e+03, 6.36811279e+02, 1.05557520e+03, 6.12921631e+02,
    8.98203552e+02, 7.50176453e+02, 9.32220520e+02, 7.26666077e+02,
    9.66444702e+02, 7.03477173e+02, 1.00044794e+03, 6.80182739e+02,
    1.03438318e+03, 6.56811707e+02, 1.06855750e+03, 6.33550232e+02,
    9.15030884e+02, 7.66410278e+02, 9.48193848e+02, 7.43589600e+02,
    9.81248169e+02, 7.20798706e+02, 1.01430292e+03, 6.98265808e+02,
    1.04745300e+03, 6.75526062e+02, 1.08056299e+03, 6.52937988e+02 ]
