%YAML:1.0
---
points: [ 2.20839478e+02, 2.45571182e+02, 2.34680740e+02, 2.36102036e+02,
    2.48634537e+02, 2.26529205e+02, 2.62511932e+02, 2.17119431e+02,
    2.76447632e+02, 2.07473877e+02, 2.90350739e+02, 1.97999100e+02,
    2.28265060e+02, 2.53565948e+02, 2.41735565e+02, 2.44349152e+02,
    2.55192490e+02, 2.35142975e+02, 2.68648285e+02, 2.26010117e+02,
    2.82073608e+02, 2.16801056e+02, 2.95621185e+02, 2.07505341e+02,
    2.35232132e+02, 2.61002258e+02, 2.48210724e+02, 2.52069107e+02,
    2.61239288e+02, 2.43194061e+02, 2.74258148e+02, 2.34403824e+02,
    2.87296875e+02, 2.25306763e+02, 3.00358002e+02, 2.16566071e+02,
    2.41866898e+02, 2.68013306e+02, 2.54402130e+02, 2.59359863e+02,
    2.66947449e+02, 2.50702209e+02, 2.79593536e+02, 2.42126968e+02,
    2.92226807e+02, 2.33540466e+02, 3.04913849e+02, 2.24857025e+02,
    2.47858917e+02, 2.74521729e+02, 2.60036591e+02, 2.66130920e+02,
    2.72366028e+02, 2.57778290e+02, 2.84529175e+02, 2.49456436e+02,
    2.96863586e+02, 2.41108078e+02, 3.09170105e+02, 2.32801682e+02,
    2.53710083e+02, 2.80795898e+02, 2.65550934e+02, 2.72656525e+02,
    2.77391449e+02, 2.64537933e+02, 2.89310242e+02, 2.56419708e+02,
    3.01255402e+02, 2.48348740e+02, 3.13229980e+02, 2.40199417e+02,
    2.59102264e+02, 2.86616699e+02, 2.70659637e+02, 2.78750305e+02,
    2.82332642e+02, 2.70909851e+02, 2.93858337e+02, 2.63059296e+02,
    3.05418549e+02, 2.55119339e+02, 3.17037872e+02, 2.47309753e+02,
    2.64287323e+02, 2.92157501e+02, 2.75397247e+02, 2.84444977e+02,
    2.86689850e+02, 2.76611755e+02, 2.97898285e+02, 2.68962646e+02,
    3.09184021e+02, 2.61190063e+02, 3.20595001e+02, 2.53814545e+02 ]
