%YAML:1.0
---
points: [ 1.16572888e+03, 1.88483383e+02, 1.19762305e+03, 1.94402756e+02,
    1.22939832e+03, 2.00214554e+02, 1.26052380e+03, 2.05952393e+02,
    1.29144214e+03, 2.11537354e+02, 1.32181348e+03, 2.17154739e+02,
    1.16647815e+03, 2.19123306e+02, 1.19888342e+03, 2.24713608e+02,
    1.23072314e+03, 2.30453903e+02, 1.26232837e+03, 2.35815170e+02,
    1.29321204e+03, 2.41370529e+02, 1.32385022e+03, 2.46652237e+02,
    1.16739014e+03, 2.50127716e+02, 1.19980322e+03, 2.55670822e+02,
    1.23227307e+03, 2.61216614e+02, 1.26377808e+03, 2.66392517e+02,
    1.29537683e+03, 2.71678619e+02, 1.32614795e+03, 2.77013641e+02,
    1.16820837e+03, 2.81755585e+02, 1.20098572e+03, 2.87157288e+02,
    1.23343372e+03, 2.92320923e+02, 1.26544287e+03, 2.97503540e+02,
    1.29695776e+03, 3.02752411e+02, 1.32841846e+03, 3.07665192e+02,
    1.16900195e+03, 3.13779358e+02, 1.20208057e+03, 3.19092743e+02,
    1.23465283e+03, 3.24218384e+02, 1.26699060e+03, 3.29278137e+02,
    1.29911206e+03, 3.34135315e+02, 1.33048303e+03, 3.39066498e+02,
    1.16965308e+03, 3.46447723e+02, 1.20319067e+03, 3.51499512e+02,
    1.23636328e+03, 3.56458282e+02, 1.26878271e+03, 3.61366852e+02,
    1.30110693e+03, 3.66159302e+02, 1.33274487e+03, 3.70812714e+02,
    1.17055469e+03, 3.80228302e+02, 1.20436414e+03, 3.85077118e+02,
    1.23764429e+03, 3.89568146e+02, 1.27051697e+03, 3.94261017e+02,
    1.30306323e+03, 3.98764008e+02, 1.33517358e+03, 4.03439209e+02,
    1.17138184e+03, 4.13828735e+02, 1.20557178e+03, 4.18551331e+02,
    1.23919458e+03, 4.23208069e+02, 1.27246472e+03, 4.27632568e+02,
    1.30527185e+03, 4.32128937e+02, 1.33753662e+03, 4.36353729e+02 ]
