%YAML:1.0
---
points: [ 2.04188614e+02, 2.01368240e+02, 2.17561401e+02, 2.11085541e+02,
    2.31024704e+02, 2.20805984e+02, 2.44228989e+02, 2.30408585e+02,
    2.57608185e+02, 2.40089111e+02, 2.70785278e+02, 2.49724838e+02,
    1.98333206e+02, 2.11013489e+02, 2.11444305e+02, 2.20426712e+02,
    2.24458847e+02, 2.29804779e+02, 2.37389191e+02, 2.39196930e+02,
    2.50278519e+02, 2.48478592e+02, 2.63164490e+02, 2.57869324e+02,
    1.92946777e+02, 2.20001938e+02, 2.05635895e+02, 2.29129379e+02,
    2.18328308e+02, 2.38245148e+02, 2.30827209e+02, 2.47425766e+02,
    2.43465439e+02, 2.56384216e+02, 2.55889893e+02, 2.65466309e+02,
    1.87779633e+02, 2.28667114e+02, 2.00212738e+02, 2.37440613e+02,
    2.12505112e+02, 2.46234818e+02, 2.24778458e+02, 2.55090118e+02,
    2.36965912e+02, 2.63862640e+02, 2.49087097e+02, 2.72714661e+02,
    1.83078766e+02, 2.36596939e+02, 1.95061462e+02, 2.45206665e+02,
    2.07051941e+02, 2.53867340e+02, 2.18952316e+02, 2.62366180e+02,
    2.30846466e+02, 2.70963409e+02, 2.42669571e+02, 2.79450623e+02,
    1.78348389e+02, 2.44377792e+02, 1.90122986e+02, 2.52681442e+02,
    2.01802200e+02, 2.61040283e+02, 2.13484314e+02, 2.69297424e+02,
    2.25048462e+02, 2.77651794e+02, 2.36562485e+02, 2.85947388e+02,
    1.74095673e+02, 2.51469528e+02, 1.85423737e+02, 2.59742126e+02,
    1.96829666e+02, 2.67920563e+02, 2.08155228e+02, 2.75958405e+02,
    2.19488205e+02, 2.84038574e+02, 2.30774887e+02, 2.92034088e+02,
    1.69850616e+02, 2.58466766e+02, 1.81122162e+02, 2.66259521e+02,
    1.92185822e+02, 2.74291534e+02, 2.03266449e+02, 2.82123413e+02,
    2.14268509e+02, 2.90073395e+02, 2.25242844e+02, 2.97948425e+02 ]
