%YAML:1.0
---
points: [ 7.24941345e+02, 4.98715546e+02, 7.64817200e+02, 5.27409363e+02,
    8.04676086e+02, 5.56116028e+02, 8.44162964e+02, 5.84603760e+02,
    8.83435608e+02, 6.13047546e+02, 9.22575012e+02, 6.41395508e+02,
    7.09910522e+02, 5.27140198e+02, 7.48859436e+02, 5.54899536e+02,
    7.87510681e+02, 5.82647644e+02, 8.25762878e+02, 6.10476624e+02,
    8.64015808e+02, 6.37819885e+02, 9.02087891e+02, 6.65336426e+02,
    6.95880676e+02, 5.53993164e+02, 7.33850525e+02, 5.80531860e+02,
    7.71388489e+02, 6.07649719e+02, 8.08530212e+02, 6.34551453e+02,
    8.45756409e+02, 6.61231262e+02, 8.82737305e+02, 6.87727844e+02,
    6.82626892e+02, 5.79247803e+02, 7.19463989e+02, 6.05235962e+02,
    7.56064453e+02, 6.31339050e+02, 7.92336853e+02, 6.57392944e+02,
    8.28516052e+02, 6.83263550e+02, 8.64332214e+02, 7.09259277e+02,
    6.70200073e+02, 6.03106445e+02, 7.05936035e+02, 6.28328735e+02,
    7.41526794e+02, 6.53590698e+02, 7.76948181e+02, 6.78783386e+02,
    8.12105347e+02, 7.04196411e+02, 8.47203430e+02, 7.29182922e+02,
    6.58261597e+02, 6.25607117e+02, 6.93129333e+02, 6.50343018e+02,
    7.27697510e+02, 6.74869690e+02, 7.62335327e+02, 6.99417175e+02,
    7.96685059e+02, 7.23781616e+02, 8.30717712e+02, 7.48288696e+02,
    6.46885681e+02, 6.47165405e+02, 6.81018250e+02, 6.70931946e+02,
    7.14628845e+02, 6.95137512e+02, 7.48363831e+02, 7.18916565e+02,
    7.81800598e+02, 7.42679749e+02, 8.15216980e+02, 7.66553589e+02,
    6.36232666e+02, 6.67418518e+02, 6.69365173e+02, 6.90784851e+02,
    7.02495422e+02, 7.13979614e+02, 7.35088562e+02, 7.37360168e+02,
    7.67810425e+02, 7.60553345e+02, 8.00439026e+02, 7.83731262e+02 ]
