%YAML:1.0
---
points: [ 1.22467249e+03, 1.00174385e+02, 1.26133826e+03, 1.02332657e+02,
    1.29790393e+03, 1.04247704e+02, 1.33429297e+03, 1.06473427e+02,
    1.37067737e+03, 1.08460266e+02, 1.40716345e+03, 1.10620277e+02,
    1.22251135e+03, 1.37575882e+02, 1.25921313e+03, 1.39566284e+02,
    1.29552710e+03, 1.41631256e+02, 1.33222803e+03, 1.43629440e+02,
    1.36858154e+03, 1.45640213e+02, 1.40485840e+03, 1.47606171e+02,
    1.22032532e+03, 1.74770401e+02, 1.25671680e+03, 1.76667068e+02,
    1.29331433e+03, 1.78666473e+02, 1.32971155e+03, 1.80698547e+02,
    1.36618860e+03, 1.82704880e+02, 1.40245422e+03, 1.84748749e+02,
    1.21777795e+03, 2.12142883e+02, 1.25443152e+03, 2.13854126e+02,
    1.29083728e+03, 2.15757568e+02, 1.32737976e+03, 2.17711685e+02,
    1.36375806e+03, 2.19638641e+02, 1.40028125e+03, 2.21550613e+02,
    1.21562366e+03, 2.49205536e+02, 1.25196948e+03, 2.50961105e+02,
    1.28841284e+03, 2.52885834e+02, 1.32483862e+03, 2.54744705e+02,
    1.36131982e+03, 2.56569946e+02, 1.39755627e+03, 2.58578552e+02,
    1.21320654e+03, 2.86026062e+02, 1.24958997e+03, 2.87649506e+02,
    1.28613159e+03, 2.89687439e+02, 1.32244067e+03, 2.91587311e+02,
    1.35884229e+03, 2.93433990e+02, 1.39532104e+03, 2.95369232e+02,
    1.21103174e+03, 3.23024048e+02, 1.24740979e+03, 3.24701538e+02,
    1.28365540e+03, 3.26581940e+02, 1.32007263e+03, 3.28559265e+02,
    1.35642920e+03, 3.30373596e+02, 1.39269128e+03, 3.32371460e+02,
    1.20859338e+03, 3.59529236e+02, 1.24485632e+03, 3.61329895e+02,
    1.28134094e+03, 3.63252960e+02, 1.31757190e+03, 3.64955872e+02,
    1.35410999e+03, 3.66671265e+02, 1.39035706e+03, 3.68617859e+02 ]
