%YAML:1.0
---
points: [ 1.59871399e+02, 2.61443085e+02, 1.63228912e+02, 2.52548889e+02,
    1.66752411e+02, 2.43334213e+02, 1.70401443e+02, 2.33615189e+02,
    1.74171494e+02, 2.23496506e+02, 1.78140106e+02, 2.12972061e+02,
    1.71903198e+02, 2.67482635e+02, 1.75458344e+02, 2.58736542e+02,
    1.79246124e+02, 2.49566254e+02, 1.83144852e+02, 2.40117157e+02,
    1.87248764e+02, 2.30129852e+02, 1.91508270e+02, 2.19709671e+02,
    1.83979462e+02, 2.73511505e+02, 1.87809311e+02, 2.64849457e+02,
    1.91784561e+02, 2.55881165e+02, 1.96007568e+02, 2.46552628e+02,
    2.00339233e+02, 2.36779663e+02, 2.04917557e+02, 2.26569000e+02,
    1.95882141e+02, 2.79506134e+02, 2.00012192e+02, 2.70998901e+02,
    2.04205444e+02, 2.62152588e+02, 2.08679077e+02, 2.52807617e+02,
    2.13320190e+02, 2.43277649e+02, 2.18157364e+02, 2.33261627e+02,
    2.07822952e+02, 2.85528931e+02, 2.12160309e+02, 2.77123627e+02,
    2.16608017e+02, 2.68367249e+02, 2.21359772e+02, 2.59294922e+02,
    2.26214432e+02, 2.49803406e+02, 2.31331451e+02, 2.39933777e+02,
    2.19716797e+02, 2.91460022e+02, 2.24240311e+02, 2.83199768e+02,
    2.29019485e+02, 2.74585724e+02, 2.33961380e+02, 2.65669556e+02,
    2.39130264e+02, 2.56305206e+02, 2.44518219e+02, 2.46569504e+02,
    2.31473663e+02, 2.97403473e+02, 2.36316803e+02, 2.89276276e+02,
    2.41260437e+02, 2.80824829e+02, 2.46533035e+02, 2.71957550e+02,
    2.51897324e+02, 2.62834351e+02, 2.57635590e+02, 2.53242432e+02,
    2.43307526e+02, 3.03434052e+02, 2.48366455e+02, 2.95378143e+02,
    2.53608475e+02, 2.87113129e+02, 2.59095398e+02, 2.78356262e+02,
    2.64799561e+02, 2.69358917e+02, 2.70701813e+02, 2.59887177e+02 ]
