%YAML:1.0
---
points: [ 1.21939185e+03, 3.00071320e+02, 1.22194287e+03, 2.61548370e+02,
    1.22444299e+03, 2.23009293e+02, 1.22724805e+03, 1.84217545e+02,
    1.22957544e+03, 1.45367432e+02, 1.23231921e+03, 1.06480873e+02,
    1.25846350e+03, 3.01523041e+02, 1.26087439e+03, 2.62828064e+02,
    1.26353833e+03, 2.24145874e+02, 1.26620898e+03, 1.85448303e+02,
    1.26880493e+03, 1.46338852e+02, 1.27131812e+03, 1.07454529e+02,
    1.29748804e+03, 3.02856140e+02, 1.30029968e+03, 2.64316071e+02,
    1.30269812e+03, 2.25369415e+02, 1.30549731e+03, 1.86530746e+02,
    1.30810779e+03, 1.47469284e+02, 1.31063281e+03, 1.08523476e+02,
    1.33716443e+03, 3.04290741e+02, 1.33955823e+03, 2.65599731e+02,
    1.34232031e+03, 2.26619888e+02, 1.34489819e+03, 1.87718094e+02,
    1.34759656e+03, 1.48708252e+02, 1.35021802e+03, 1.09565948e+02,
    1.37670728e+03, 3.05899658e+02, 1.37945728e+03, 2.66897217e+02,
    1.38192786e+03, 2.28245361e+02, 1.38467810e+03, 1.89054153e+02,
    1.38727380e+03, 1.49850693e+02, 1.38990112e+03, 1.10731796e+02,
    1.41662683e+03, 3.07434357e+02, 1.41934326e+03, 2.68459961e+02,
    1.42205774e+03, 2.29420502e+02, 1.42447510e+03, 1.90458496e+02,
    1.42730884e+03, 1.51104202e+02, 1.42950342e+03, 1.12231850e+02,
    1.45676062e+03, 3.08981598e+02, 1.45943652e+03, 2.70006897e+02,
    1.46211902e+03, 2.30761612e+02, 1.46470068e+03, 1.91582291e+02,
    1.46731433e+03, 1.52551865e+02, 1.46971533e+03, 1.13391998e+02,
    1.49691260e+03, 3.10624298e+02, 1.49969324e+03, 2.71540344e+02,
    1.50205957e+03, 2.32416702e+02, 1.50482642e+03, 1.93139648e+02,
    1.50723206e+03, 1.54013199e+02, 1.50968042e+03, 1.14672539e+02 ]
