%YAML:1.0
---
points: [ 7.52632080e+02, 3.56119629e+02, 7.93991150e+02, 3.52752838e+02,
    8.35395386e+02, 3.49512970e+02, 8.76792358e+02, 3.45955597e+02,
    9.18345093e+02, 3.42660278e+02, 9.59872375e+02, 3.39119904e+02,
    7.48759521e+02, 3.82838013e+02, 7.91258728e+02, 3.79620514e+02,
    8.33684692e+02, 3.76304810e+02, 8.76399170e+02, 3.72575073e+02,
    9.18940125e+02, 3.69335083e+02, 9.61618347e+02, 3.65647827e+02,
    7.44697083e+02, 4.11200714e+02, 7.88414246e+02, 4.07726288e+02,
    8.32304138e+02, 4.04296936e+02, 8.75755676e+02, 4.00722321e+02,
    9.19678101e+02, 3.97377838e+02, 9.63551086e+02, 3.93625702e+02,
    7.40630981e+02, 4.40818390e+02, 7.85500244e+02, 4.37583618e+02,
    8.30417969e+02, 4.33896454e+02, 8.75398315e+02, 4.30371674e+02,
    9.20402039e+02, 4.26886719e+02, 9.65430115e+02, 4.23219666e+02,
    7.36314819e+02, 4.72550995e+02, 7.82298279e+02, 4.69136810e+02,
    8.28560547e+02, 4.65606140e+02, 8.74812134e+02, 4.61803284e+02,
    9.21176514e+02, 4.58283325e+02, 9.67478088e+02, 4.54609985e+02,
    7.31487427e+02, 5.05906952e+02, 7.79059814e+02, 5.02458221e+02,
    8.26628479e+02, 4.98652252e+02, 8.74338745e+02, 4.95331390e+02,
    9.21831482e+02, 4.91531982e+02, 9.69566284e+02, 4.87676056e+02,
    7.26476257e+02, 5.42096558e+02, 7.75447388e+02, 5.38400574e+02,
    8.24467285e+02, 5.34458740e+02, 8.73574768e+02, 5.30633301e+02,
    9.22700256e+02, 5.27102295e+02, 9.71902771e+02, 5.23370056e+02,
    7.20934875e+02, 5.79806213e+02, 7.71508240e+02, 5.76037720e+02,
    8.22345947e+02, 5.72222534e+02, 8.72772522e+02, 5.68379639e+02,
    9.23468079e+02, 5.64609741e+02, 9.74323792e+02, 5.60739197e+02 ]
