%YAML:1.0
---
points: [ 2.09852173e+02, 1.53259109e+02, 2.23962799e+02, 1.52141556e+02,
    2.37879562e+02, 1.50997467e+02, 2.52132202e+02, 1.49782135e+02,
    2.66126495e+02, 1.48568832e+02, 2.80357391e+02, 1.47384872e+02,
    2.09206558e+02, 1.62333420e+02, 2.23548935e+02, 1.61219727e+02,
    2.37960175e+02, 1.60045807e+02, 2.52426224e+02, 1.58789429e+02,
    2.66931519e+02, 1.57643082e+02, 2.81426208e+02, 1.56409622e+02,
    2.08357620e+02, 1.71860519e+02, 2.23188492e+02, 1.70750198e+02,
    2.38015152e+02, 1.69648422e+02, 2.52863098e+02, 1.68368637e+02,
    2.67682312e+02, 1.67308334e+02, 2.82647736e+02, 1.66031250e+02,
    2.07668762e+02, 1.82038452e+02, 2.22750305e+02, 1.81025650e+02,
    2.38112167e+02, 1.79718719e+02, 2.53220490e+02, 1.78553574e+02,
    2.68582001e+02, 1.77396835e+02, 2.83881378e+02, 1.76042404e+02,
    2.06708908e+02, 1.92852097e+02, 2.22424393e+02, 1.91666534e+02,
    2.37906326e+02, 1.90512222e+02, 2.53741196e+02, 1.89303940e+02,
    2.69356049e+02, 1.87928207e+02, 2.85235565e+02, 1.86743484e+02,
    2.05868286e+02, 2.04239548e+02, 2.21935211e+02, 2.02934723e+02,
    2.38014435e+02, 2.01695160e+02, 2.54203751e+02, 2.00581131e+02,
    2.70396576e+02, 1.99280029e+02, 2.86633820e+02, 1.98091949e+02,
    2.04866150e+02, 2.16332611e+02, 2.21395264e+02, 2.15150970e+02,
    2.38048874e+02, 2.13942688e+02, 2.54701401e+02, 2.12615326e+02,
    2.71331055e+02, 2.11366119e+02, 2.88147644e+02, 2.10086807e+02,
    2.03829834e+02, 2.29258957e+02, 2.20954880e+02, 2.27877563e+02,
    2.38116211e+02, 2.26553207e+02, 2.55170013e+02, 2.25393005e+02,
    2.72446228e+02, 2.24133911e+02, 2.89594177e+02, 2.22832184e+02 ]
