%YAML:1.0
---
points: [ 1.89258148e+02, 2.18636414e+02, 1.95610733e+02, 2.16779968e+02,
    2.03058289e+02, 2.14613678e+02, 2.10746658e+02, 2.12354935e+02,
    2.18905029e+02, 2.09852997e+02, 2.27602295e+02, 2.07338486e+02,
    1.92220398e+02, 2.31752151e+02, 1.99334457e+02, 2.30040146e+02,
    2.06887009e+02, 2.28297531e+02, 2.14698502e+02, 2.26468094e+02,
    2.22982101e+02, 2.24533310e+02, 2.31846924e+02, 2.22366974e+02,
    1.96489273e+02, 2.44633926e+02, 2.03249771e+02, 2.43524185e+02,
    2.10749527e+02, 2.42138748e+02, 2.18699295e+02, 2.40724152e+02,
    2.27081116e+02, 2.39258133e+02, 2.36017120e+02, 2.37677399e+02,
    1.99654526e+02, 2.57770020e+02, 2.06903687e+02, 2.56838837e+02,
    2.14608292e+02, 2.55843887e+02, 2.22685333e+02, 2.54809052e+02,
    2.31162811e+02, 2.53750687e+02, 2.40181000e+02, 2.52649567e+02,
    2.03667130e+02, 2.70683838e+02, 2.10636322e+02, 2.70200439e+02,
    2.18363022e+02, 2.69539551e+02, 2.26526901e+02, 2.68982971e+02,
    2.35270370e+02, 2.68360352e+02, 2.44396011e+02, 2.67662018e+02,
    2.06214188e+02, 2.83599579e+02, 2.14218735e+02, 2.83442749e+02,
    2.22198242e+02, 2.83232330e+02, 2.30496613e+02, 2.83073242e+02,
    2.39266113e+02, 2.82911133e+02, 2.48562775e+02, 2.82725922e+02,
    2.10962738e+02, 2.96631622e+02, 2.18179657e+02, 2.96838104e+02,
    2.26084229e+02, 2.97073853e+02, 2.34457443e+02, 2.97254120e+02,
    2.43270020e+02, 2.97379852e+02, 2.52833557e+02, 2.97848236e+02,
    2.13265076e+02, 3.09447449e+02, 2.21750580e+02, 3.10187103e+02,
    2.29854340e+02, 3.10763794e+02, 2.38381760e+02, 3.11458801e+02,
    2.47379593e+02, 3.12141235e+02, 2.57041199e+02, 3.12881042e+02 ]
