%YAML:1.0
---
points: [ 7.87009705e+02, 3.45758911e+02, 8.26295654e+02, 3.61784241e+02,
    8.65126709e+02, 3.77891571e+02, 9.03488525e+02, 3.93429230e+02,
    9.41475281e+02, 4.09128510e+02, 9.79248718e+02, 4.24387909e+02,
    7.74758850e+02, 3.68728058e+02, 8.15304688e+02, 3.85237396e+02,
    8.55297363e+02, 4.01612579e+02, 8.94858887e+02, 4.17422485e+02,
    9.33811035e+02, 4.33474121e+02, 9.72720825e+02, 4.49068085e+02,
    7.62024963e+02, 3.93169556e+02, 8.03705627e+02, 4.09876831e+02,
    8.44966492e+02, 4.26599518e+02, 8.85613464e+02, 4.42873260e+02,
    9.26000854e+02, 4.59201782e+02, 9.65757751e+02, 4.75309998e+02,
    7.48454346e+02, 4.18945404e+02, 7.91359802e+02, 4.36390015e+02,
    8.33910645e+02, 4.53202545e+02, 8.76036987e+02, 4.69856384e+02,
    9.17538818e+02, 4.86593414e+02, 9.58726074e+02, 5.02855225e+02,
    7.33764038e+02, 4.46622681e+02, 7.78225220e+02, 4.64312836e+02,
    8.22251221e+02, 4.81632172e+02, 8.65656189e+02, 4.98710388e+02,
    9.08471130e+02, 5.15570557e+02, 9.50864624e+02, 5.32443909e+02,
    7.18288391e+02, 4.75830658e+02, 7.64324951e+02, 4.93998688e+02,
    8.09665100e+02, 5.11526398e+02, 8.54545105e+02, 5.29322266e+02,
    8.98957214e+02, 5.46596252e+02, 9.42906616e+02, 5.63751221e+02,
    7.01439087e+02, 5.07501343e+02, 7.49230774e+02, 5.25968201e+02,
    7.96395325e+02, 5.44161194e+02, 8.42688965e+02, 5.61983521e+02,
    8.88604187e+02, 5.79782532e+02, 9.33954956e+02, 5.97440796e+02,
    6.83569763e+02, 5.41162476e+02, 7.33214661e+02, 5.59916687e+02,
    7.82123718e+02, 5.78523865e+02, 8.30162537e+02, 5.96837036e+02,
    8.77654846e+02, 6.15010193e+02, 9.24532959e+02, 6.32954041e+02 ]
