%YAML:1.0
---
points: [ 1.61981689e+03, 8.26101608e+01, 1.61434705e+03, 1.28703064e+02,
    1.60903345e+03, 1.73585648e+02, 1.60353528e+03, 2.17349121e+02,
    1.59830237e+03, 2.59808533e+02, 1.59308276e+03, 3.01237488e+02,
    1.57177917e+03, 8.64714813e+01, 1.56690466e+03, 1.32211884e+02,
    1.56217200e+03, 1.76483292e+02, 1.55744153e+03, 2.19578659e+02,
    1.55258936e+03, 2.61628265e+02, 1.54787109e+03, 3.02719666e+02,
    1.52406506e+03, 9.04580765e+01, 1.51987878e+03, 1.35474380e+02,
    1.51563196e+03, 1.79512878e+02, 1.51146765e+03, 2.22329895e+02,
    1.50729260e+03, 2.63883179e+02, 1.50309741e+03, 3.04402802e+02,
    1.47758289e+03, 9.42379532e+01, 1.47385291e+03, 1.39140320e+02,
    1.47023669e+03, 1.82532654e+02, 1.46659546e+03, 2.24767685e+02,
    1.46303210e+03, 2.66030457e+02, 1.45951282e+03, 3.06268707e+02,
    1.43189905e+03, 9.82709198e+01, 1.42868286e+03, 1.42492783e+02,
    1.42565222e+03, 1.85671356e+02, 1.42253406e+03, 2.27491516e+02,
    1.41956934e+03, 2.68281738e+02, 1.41668103e+03, 3.07668854e+02,
    1.38713574e+03, 1.02288834e+02, 1.38451331e+03, 1.45753876e+02,
    1.38182153e+03, 1.88556992e+02, 1.37946948e+03, 2.29919952e+02,
    1.37696643e+03, 2.70436340e+02, 1.37458301e+03, 3.09509430e+02,
    1.34310730e+03, 1.06195946e+02, 1.34118225e+03, 1.49451752e+02,
    1.33914404e+03, 1.91621933e+02, 1.33734375e+03, 2.32577621e+02,
    1.33536011e+03, 2.72442291e+02, 1.33352161e+03, 3.11360443e+02,
    1.30008179e+03, 1.09992081e+02, 1.29850806e+03, 1.52862015e+02,
    1.29725366e+03, 1.94590927e+02, 1.29579651e+03, 2.35121841e+02,
    1.29457666e+03, 2.74584351e+02, 1.29325818e+03, 3.12910919e+02 ]
