%YAML:1.0
---
points: [ 1.98911285e+02, 2.11456223e+02, 2.06236862e+02, 2.10145752e+02,
    2.13987854e+02, 2.08572937e+02, 2.22218338e+02, 2.06932251e+02,
    2.31006668e+02, 2.05161560e+02, 2.40263779e+02, 2.03336212e+02,
    2.01350296e+02, 2.24836624e+02, 2.08754120e+02, 2.23690796e+02,
    2.16534897e+02, 2.22515640e+02, 2.24872192e+02, 2.21359070e+02,
    2.33765976e+02, 2.20128494e+02, 2.43078445e+02, 2.18660904e+02,
    2.03827911e+02, 2.38016586e+02, 2.11248688e+02, 2.37401718e+02,
    2.19185699e+02, 2.36637131e+02, 2.27515259e+02, 2.35840439e+02,
    2.36468155e+02, 2.35131653e+02, 2.45851837e+02, 2.34223450e+02,
    2.06231903e+02, 2.51347916e+02, 2.13761459e+02, 2.50987091e+02,
    2.21810760e+02, 2.50707977e+02, 2.30255051e+02, 2.50263199e+02,
    2.39195557e+02, 2.49911072e+02, 2.48733047e+02, 2.49463120e+02,
    2.08679718e+02, 2.64617645e+02, 2.16345001e+02, 2.64652588e+02,
    2.24309204e+02, 2.64620087e+02, 2.32860748e+02, 2.64796112e+02,
    2.41879120e+02, 2.64742981e+02, 2.51574570e+02, 2.64962158e+02,
    2.11121429e+02, 2.77777222e+02, 2.18774841e+02, 2.78214966e+02,
    2.26870758e+02, 2.78668091e+02, 2.35525711e+02, 2.79075623e+02,
    2.44654312e+02, 2.79699310e+02, 2.54315796e+02, 2.80247498e+02,
    2.13561707e+02, 2.91016632e+02, 2.21315643e+02, 2.91786041e+02,
    2.29471802e+02, 2.92639313e+02, 2.38171005e+02, 2.93539764e+02,
    2.47326355e+02, 2.94531158e+02, 2.57169495e+02, 2.95616150e+02,
    2.15971329e+02, 3.04271057e+02, 2.23833221e+02, 3.05483429e+02,
    2.32094849e+02, 3.06720581e+02, 2.40836823e+02, 3.07968079e+02,
    2.50181274e+02, 3.09617279e+02, 2.60016571e+02, 3.11016510e+02 ]
