%YAML:1.0
---
points: [ 2.21546463e+02, 1.49458069e+02, 2.34789597e+02, 1.54917679e+02,
    2.47776123e+02, 1.60324448e+02, 2.60787384e+02, 1.65616257e+02,
    2.73532043e+02, 1.70822220e+02, 2.86347321e+02, 1.76124512e+02,
    2.18097244e+02, 1.57257401e+02, 2.31627258e+02, 1.62827240e+02,
    2.45096085e+02, 1.68371811e+02, 2.58379425e+02, 1.73730576e+02,
    2.71606842e+02, 1.79216553e+02, 2.84657593e+02, 1.84445038e+02,
    2.14306351e+02, 1.65540314e+02, 2.28320435e+02, 1.71232330e+02,
    2.42165451e+02, 1.76838043e+02, 2.55925095e+02, 1.82391510e+02,
    2.69469727e+02, 1.87946075e+02, 2.82888550e+02, 1.93317902e+02,
    2.10449692e+02, 1.74339279e+02, 2.24766205e+02, 1.80148605e+02,
    2.39093384e+02, 1.85880341e+02, 2.53220001e+02, 1.91641632e+02,
    2.67277588e+02, 1.97260406e+02, 2.81172363e+02, 2.02705765e+02,
    2.06169724e+02, 1.83680435e+02, 2.21034470e+02, 1.89683167e+02,
    2.35768768e+02, 1.95536972e+02, 2.50450638e+02, 2.01359070e+02,
    2.64840363e+02, 2.07016235e+02, 2.79185669e+02, 2.12689835e+02,
    2.01670212e+02, 1.93588043e+02, 2.17099289e+02, 1.99738678e+02,
    2.32342010e+02, 2.05678925e+02, 2.47400848e+02, 2.11690811e+02,
    2.62372955e+02, 2.17618790e+02, 2.77086609e+02, 2.23438843e+02,
    1.96744888e+02, 2.04299927e+02, 2.12825882e+02, 2.10589859e+02,
    2.28591827e+02, 2.16741760e+02, 2.44189865e+02, 2.22836990e+02,
    2.59592407e+02, 2.28853882e+02, 2.74874023e+02, 2.34785141e+02,
    1.91718460e+02, 2.15697418e+02, 2.08174744e+02, 2.22064682e+02,
    2.24631729e+02, 2.28399002e+02, 2.40710098e+02, 2.34645782e+02,
    2.56789764e+02, 2.40761871e+02, 2.72450104e+02, 2.46904572e+02 ]
