%YAML:1.0
---
points: [ 1.96369476e+02, 1.27539635e+02, 2.03910629e+02, 1.37766968e+02,
    2.11772659e+02, 1.48464264e+02, 2.19987289e+02, 1.59649719e+02,
    2.28697845e+02, 1.71357574e+02, 2.37761520e+02, 1.83764603e+02,
    1.87499603e+02, 1.41146912e+02, 1.94675354e+02, 1.51381943e+02,
    2.02181610e+02, 1.62275497e+02, 2.09997482e+02, 1.73542877e+02,
    2.18264374e+02, 1.85392914e+02, 2.26957855e+02, 1.97874176e+02,
    1.78945541e+02, 1.54117630e+02, 1.85797897e+02, 1.64591812e+02,
    1.92967224e+02, 1.75459610e+02, 2.00409241e+02, 1.86886703e+02,
    2.08281326e+02, 1.98828644e+02, 2.16456696e+02, 2.11488602e+02,
    1.70677124e+02, 1.66828018e+02, 1.77252014e+02, 1.77270676e+02,
    1.84060638e+02, 1.88199890e+02, 1.91214066e+02, 1.99725876e+02,
    1.98672333e+02, 2.11884064e+02, 2.06448746e+02, 2.24513657e+02,
    1.62737350e+02, 1.78869690e+02, 1.68922867e+02, 1.89403595e+02,
    1.75465164e+02, 2.00531693e+02, 1.82267685e+02, 2.12208008e+02,
    1.89397797e+02, 2.24333878e+02, 1.96804398e+02, 2.37062637e+02,
    1.54929199e+02, 1.90609970e+02, 1.60933777e+02, 2.01251572e+02,
    1.67125061e+02, 2.12436691e+02, 1.73672974e+02, 2.24157364e+02,
    1.80379456e+02, 2.36384308e+02, 1.87521591e+02, 2.49188354e+02,
    1.47511261e+02, 2.01965912e+02, 1.53166962e+02, 2.12774643e+02,
    1.59061844e+02, 2.24109848e+02, 1.65234436e+02, 2.35764542e+02,
    1.71734116e+02, 2.48036911e+02, 1.78451752e+02, 2.60916290e+02,
    1.40211563e+02, 2.13029236e+02, 1.45647568e+02, 2.23823654e+02,
    1.51293961e+02, 2.35119995e+02, 1.57188400e+02, 2.46912186e+02,
    1.63296387e+02, 2.59311249e+02, 1.69768799e+02, 2.72228790e+02 ]
