%YAML:1.0
---
points: [ 6.99676514e+02, 2.80706726e+02, 7.20188171e+02, 3.10705536e+02,
    7.41610229e+02, 3.42492004e+02, 7.63958862e+02, 3.75362061e+02,
    7.87602478e+02, 4.10347839e+02, 8.12382202e+02, 4.46633392e+02,
    6.74685181e+02, 3.20602264e+02, 6.94263062e+02, 3.51230225e+02,
    7.14636414e+02, 3.83089752e+02, 7.35827332e+02, 4.16604584e+02,
    7.58473816e+02, 4.51565338e+02, 7.81922241e+02, 4.88469238e+02,
    6.50591309e+02, 3.59160797e+02, 6.69351501e+02, 3.89780182e+02,
    6.88679871e+02, 4.22256897e+02, 7.08913757e+02, 4.55756989e+02,
    7.30416626e+02, 4.91310852e+02, 7.52628174e+02, 5.28486633e+02,
    6.27350830e+02, 3.96400909e+02, 6.45299255e+02, 4.27433075e+02,
    6.63597046e+02, 4.59740845e+02, 6.82923401e+02, 4.93962128e+02,
    7.03371887e+02, 5.29542114e+02, 7.24357544e+02, 5.67068726e+02,
    6.04761658e+02, 4.32295135e+02, 6.21666321e+02, 4.63424316e+02,
    6.39515808e+02, 4.96404602e+02, 6.57896790e+02, 5.30609985e+02,
    6.77208252e+02, 5.66530701e+02, 6.97361511e+02, 6.04174377e+02,
    5.82846802e+02, 4.66741943e+02, 5.99250549e+02, 4.98384949e+02,
    6.15826172e+02, 5.31512512e+02, 6.33694702e+02, 5.65859802e+02,
    6.51885071e+02, 6.02098022e+02, 6.71221008e+02, 6.39702820e+02,
    5.61894287e+02, 5.00633057e+02, 5.77322937e+02, 5.32260498e+02,
    5.93275574e+02, 5.65682983e+02, 6.09885620e+02, 6.00465515e+02,
    6.27434204e+02, 6.36656006e+02, 6.45600037e+02, 6.74727966e+02,
    5.41388489e+02, 5.33113281e+02, 5.56180359e+02, 5.65125488e+02,
    5.71383118e+02, 5.98471863e+02, 5.87297852e+02, 6.33151978e+02,
    6.03763428e+02, 6.69809875e+02, 6.21284302e+02, 7.08055908e+02 ]
