%YAML:1.0
---
points: [ 1.60275134e+03, 1.15297905e+02, 1.59320996e+03, 1.58268555e+02,
    1.58368896e+03, 1.99903107e+02, 1.57441833e+03, 2.40362228e+02,
    1.56531421e+03, 2.79890289e+02, 1.55641284e+03, 3.18149780e+02,
    1.56787671e+03, 1.15666145e+02, 1.55852869e+03, 1.59155472e+02,
    1.54931885e+03, 2.01233124e+02, 1.54048645e+03, 2.41863281e+02,
    1.53168054e+03, 2.81632874e+02, 1.52315564e+03, 3.20257294e+02,
    1.53180896e+03, 1.16324387e+02, 1.52283337e+03, 1.60096497e+02,
    1.51410742e+03, 2.02518097e+02, 1.50572107e+03, 2.43598175e+02,
    1.49733972e+03, 2.83538422e+02, 1.48927954e+03, 3.22375610e+02,
    1.49542407e+03, 1.17061485e+02, 1.48674194e+03, 1.61119110e+02,
    1.47857617e+03, 2.03675980e+02, 1.47032739e+03, 2.45272491e+02,
    1.46244800e+03, 2.85570526e+02, 1.45460815e+03, 3.24501984e+02,
    1.45841357e+03, 1.17779228e+02, 1.45010498e+03, 1.62154770e+02,
    1.44239551e+03, 2.05258362e+02, 1.43443225e+03, 2.46837769e+02,
    1.42713733e+03, 2.87400452e+02, 1.41977917e+03, 3.26630829e+02,
    1.42057886e+03, 1.18546906e+02, 1.41282361e+03, 1.63318039e+02,
    1.40556641e+03, 2.06742157e+02, 1.39807190e+03, 2.48754791e+02,
    1.39104028e+03, 2.89485016e+02, 1.38443213e+03, 3.29003174e+02,
    1.38195618e+03, 1.19342278e+02, 1.37491943e+03, 1.64594467e+02,
    1.36824915e+03, 2.08304962e+02, 1.36118616e+03, 2.50492981e+02,
    1.35461316e+03, 2.91632111e+02, 1.34846375e+03, 3.31258759e+02,
    1.34300378e+03, 1.20284348e+02, 1.33641492e+03, 1.65835587e+02,
    1.32993628e+03, 2.09785049e+02, 1.32368005e+03, 2.52518906e+02,
    1.31769556e+03, 2.93684509e+02, 1.31189343e+03, 3.33700653e+02 ]
