%YAML:1.0
---
points: [ 2.19569809e+02, 2.09705856e+02, 2.28620712e+02, 2.10412476e+02,
    2.38281967e+02, 2.11126282e+02, 2.48444763e+02, 2.11985336e+02,
    2.59130676e+02, 2.12656662e+02, 2.70418671e+02, 2.13582642e+02,
    2.18707367e+02, 2.23193329e+02, 2.27827148e+02, 2.24104721e+02,
    2.37508728e+02, 2.25246292e+02, 2.47604721e+02, 2.26271744e+02,
    2.58243134e+02, 2.27545990e+02, 2.69539673e+02, 2.28775223e+02,
    2.17927917e+02, 2.36507141e+02, 2.27072220e+02, 2.37913239e+02,
    2.36640121e+02, 2.39350494e+02, 2.46712387e+02, 2.40819946e+02,
    2.57395935e+02, 2.42378723e+02, 2.68630127e+02, 2.44099701e+02,
    2.17191849e+02, 2.49972885e+02, 2.26201614e+02, 2.51564728e+02,
    2.35818970e+02, 2.53334244e+02, 2.45895615e+02, 2.55185089e+02,
    2.56561096e+02, 2.57207245e+02, 2.67739594e+02, 2.59309814e+02,
    2.16412369e+02, 2.63265289e+02, 2.25540283e+02, 2.65279419e+02,
    2.34988846e+02, 2.67375854e+02, 2.45057297e+02, 2.69707947e+02,
    2.55678177e+02, 2.72015198e+02, 2.66891266e+02, 2.74592163e+02,
    2.15668320e+02, 2.76647644e+02, 2.24692871e+02, 2.78962372e+02,
    2.34209167e+02, 2.81502045e+02, 2.44213013e+02, 2.84125946e+02,
    2.54840836e+02, 2.86909210e+02, 2.65982574e+02, 2.89817108e+02,
    2.14822525e+02, 2.89987274e+02, 2.23893707e+02, 2.92717529e+02,
    2.33430954e+02, 2.95578552e+02, 2.43521210e+02, 2.98567047e+02,
    2.53920456e+02, 3.01674255e+02, 2.65197510e+02, 3.05199768e+02,
    2.14030106e+02, 3.03464661e+02, 2.23142990e+02, 3.06421021e+02,
    2.32653366e+02, 3.09742249e+02, 2.42649887e+02, 3.13025299e+02,
    2.53140900e+02, 3.16675201e+02, 2.64361847e+02, 3.20422577e+02 ]
