%YAML:1.0
---
points: [ 1.31584082e+03, 3.35082886e+02, 1.31172974e+03, 3.01484985e+02,
    1.30771411e+03, 2.68578491e+02, 1.30397644e+03, 2.36549698e+02,
    1.30027588e+03, 2.05570953e+02, 1.29653101e+03, 1.75296387e+02,
    1.35645190e+03, 3.36440796e+02, 1.35166870e+03, 3.02657196e+02,
    1.34732629e+03, 2.69928436e+02, 1.34287256e+03, 2.37991165e+02,
    1.33844470e+03, 2.06816391e+02, 1.33420337e+03, 1.76488831e+02,
    1.39682471e+03, 3.37740051e+02, 1.39153711e+03, 3.03873352e+02,
    1.38630396e+03, 2.71251617e+02, 1.38155078e+03, 2.39312622e+02,
    1.37651147e+03, 2.08204193e+02, 1.37189844e+03, 1.77838776e+02,
    1.43750989e+03, 3.39225281e+02, 1.43149158e+03, 3.05583191e+02,
    1.42573889e+03, 2.72485168e+02, 1.42022107e+03, 2.40534180e+02,
    1.41476343e+03, 2.09561127e+02, 1.40959937e+03, 1.79408890e+02,
    1.47772424e+03, 3.40589874e+02, 1.47127051e+03, 3.06960083e+02,
    1.46483801e+03, 2.74249847e+02, 1.45879065e+03, 2.42131104e+02,
    1.45285596e+03, 2.11176025e+02, 1.44720593e+03, 1.80884811e+02,
    1.51810522e+03, 3.42033478e+02, 1.51099707e+03, 3.08459473e+02,
    1.50410571e+03, 2.75465607e+02, 1.49720337e+03, 2.43618179e+02,
    1.49078394e+03, 2.12555191e+02, 1.48449451e+03, 1.82444733e+02,
    1.55845691e+03, 3.43775604e+02, 1.55058203e+03, 3.09970856e+02,
    1.54325696e+03, 2.77166351e+02, 1.53589514e+03, 2.45210419e+02,
    1.52862720e+03, 2.14261093e+02, 1.52197424e+03, 1.83892700e+02,
    1.59830261e+03, 3.45463043e+02, 1.59004932e+03, 3.11609680e+02,
    1.58172034e+03, 2.78604736e+02, 1.57407166e+03, 2.46709564e+02,
    1.56641589e+03, 2.15727127e+02, 1.55891052e+03, 1.85728439e+02 ]
