%YAML:1.0
---
points: [ 2.37448471e+02, 2.11665329e+02, 2.46114975e+02, 2.13843475e+02,
    2.55340591e+02, 2.16051437e+02, 2.65163239e+02, 2.18496201e+02,
    2.75421326e+02, 2.21065170e+02, 2.86446655e+02, 2.23817398e+02,
    2.34637299e+02, 2.24775970e+02, 2.43228760e+02, 2.27207794e+02,
    2.52351028e+02, 2.29931778e+02, 2.62024139e+02, 2.32732361e+02,
    2.72287964e+02, 2.35749725e+02, 2.83154083e+02, 2.38884476e+02,
    2.31778015e+02, 2.37906219e+02, 2.40272324e+02, 2.40746994e+02,
    2.49365097e+02, 2.43818222e+02, 2.58860535e+02, 2.47038422e+02,
    2.69069641e+02, 2.50438766e+02, 2.79752960e+02, 2.54075928e+02,
    2.28895950e+02, 2.51050766e+02, 2.37378983e+02, 2.54228745e+02,
    2.46330063e+02, 2.57674500e+02, 2.55891922e+02, 2.61236938e+02,
    2.65882507e+02, 2.65131134e+02, 2.76453125e+02, 2.69214569e+02,
    2.26051666e+02, 2.64115570e+02, 2.34440521e+02, 2.67757660e+02,
    2.43309067e+02, 2.71499786e+02, 2.52707184e+02, 2.75607910e+02,
    2.62676300e+02, 2.79773743e+02, 2.73229980e+02, 2.84364319e+02,
    2.23216370e+02, 2.77287903e+02, 2.31548645e+02, 2.81176147e+02,
    2.40319580e+02, 2.85361938e+02, 2.49642654e+02, 2.89798523e+02,
    2.59512756e+02, 2.94518036e+02, 2.70030670e+02, 2.99469360e+02,
    2.20373886e+02, 2.90321686e+02, 2.28613083e+02, 2.94682953e+02,
    2.37298004e+02, 2.99268982e+02, 2.46553772e+02, 3.04093445e+02,
    2.56336151e+02, 3.09209717e+02, 2.66744141e+02, 3.14748535e+02,
    2.17475677e+02, 3.03545532e+02, 2.25752518e+02, 3.08208130e+02,
    2.34299286e+02, 3.13196259e+02, 2.43452957e+02, 3.18377106e+02,
    2.53210312e+02, 3.24017212e+02, 2.63497986e+02, 3.29904541e+02 ]
