%YAML:1.0
---
points: [ 6.02267456e+02, 3.39674622e+02, 6.06742493e+02, 3.83126740e+02,
    6.11243103e+02, 4.26632965e+02, 6.15424011e+02, 4.70610382e+02,
    6.19591187e+02, 5.14580688e+02, 6.23817017e+02, 5.59191223e+02,
    5.75692200e+02, 3.50429779e+02, 5.80044434e+02, 3.92692413e+02,
    5.84264221e+02, 4.35308655e+02, 5.88168884e+02, 4.78260376e+02,
    5.92315002e+02, 5.21420105e+02, 5.96404541e+02, 5.64635986e+02,
    5.50440308e+02, 3.60379272e+02, 5.54593872e+02, 4.01977264e+02,
    5.58591553e+02, 4.43507599e+02, 5.62472473e+02, 4.85577942e+02,
    5.66298218e+02, 5.27664001e+02, 5.70339478e+02, 5.70250427e+02,
    5.26352356e+02, 3.70312134e+02, 5.30288208e+02, 4.10595245e+02,
    5.33918823e+02, 4.51522125e+02, 5.37780640e+02, 4.92514771e+02,
    5.41649353e+02, 5.33874817e+02, 5.45236511e+02, 5.75224243e+02,
    5.03158417e+02, 3.79409729e+02, 5.06874207e+02, 4.19137146e+02,
    5.10619171e+02, 4.58900421e+02, 5.14240723e+02, 4.99225037e+02,
    5.17658508e+02, 5.39620667e+02, 5.21458801e+02, 5.80332764e+02,
    4.80933929e+02, 3.88354523e+02, 4.84540802e+02, 4.27105042e+02,
    4.87992096e+02, 4.66367004e+02, 4.91670898e+02, 5.05512726e+02,
    4.95200439e+02, 5.45224243e+02, 4.98559570e+02, 5.84881104e+02,
    4.59787048e+02, 3.96759674e+02, 4.63341156e+02, 4.34864166e+02,
    4.66532196e+02, 4.73364410e+02, 4.69829773e+02, 5.11999329e+02,
    4.73360504e+02, 5.50526733e+02, 4.76501923e+02, 5.89607483e+02,
    4.39530396e+02, 4.05108765e+02, 4.42858002e+02, 4.42269775e+02,
    4.46255890e+02, 4.80084106e+02, 4.49255554e+02, 5.17591858e+02,
    4.52430847e+02, 5.55583313e+02, 4.55529236e+02, 5.93796814e+02 ]
