%YAML:1.0
---
points: [ 1.60374649e+02, 1.47648224e+02, 1.61920609e+02, 1.62247086e+02,
    1.63399841e+02, 1.77007233e+02, 1.64894196e+02, 1.91830719e+02,
    1.66424545e+02, 2.06789612e+02, 1.68023392e+02, 2.21776718e+02,
    1.50915375e+02, 1.51175049e+02, 1.52388458e+02, 1.65490189e+02,
    1.53840363e+02, 1.79975601e+02, 1.55237366e+02, 1.94452927e+02,
    1.56705475e+02, 2.08985672e+02, 1.58186554e+02, 2.23712540e+02,
    1.41842285e+02, 1.54644012e+02, 1.43322647e+02, 1.68655228e+02,
    1.44690659e+02, 1.82739319e+02, 1.46035782e+02, 1.96919327e+02,
    1.47545975e+02, 2.11159241e+02, 1.48783676e+02, 2.25550903e+02,
    1.33191788e+02, 1.57964874e+02, 1.34632172e+02, 1.71637894e+02,
    1.36004654e+02, 1.85319183e+02, 1.37285904e+02, 1.99312714e+02,
    1.38620911e+02, 2.13231476e+02, 1.39917038e+02, 2.27253220e+02,
    1.25161186e+02, 1.61077484e+02, 1.26409225e+02, 1.74447769e+02,
    1.27618217e+02, 1.88013565e+02, 1.28903595e+02, 2.01531982e+02,
    1.30146805e+02, 2.15201920e+02, 1.31413681e+02, 2.28995117e+02,
    1.17182533e+02, 1.64127792e+02, 1.18476067e+02, 1.77211563e+02,
    1.19692833e+02, 1.90373688e+02, 1.20882233e+02, 2.03731491e+02,
    1.22060341e+02, 2.17088425e+02, 1.23301300e+02, 2.30586273e+02,
    1.09664948e+02, 1.66993179e+02, 1.10831657e+02, 1.79826797e+02,
    1.11902992e+02, 1.92819168e+02, 1.13099098e+02, 2.05845627e+02,
    1.14381561e+02, 2.18946701e+02, 1.15578201e+02, 2.32057724e+02,
    1.02597816e+02, 1.69707352e+02, 1.03649757e+02, 1.82347565e+02,
    1.04725723e+02, 1.95019043e+02, 1.05811394e+02, 2.07873856e+02,
    1.06934532e+02, 2.20592117e+02, 1.08090424e+02, 2.33565338e+02 ]
