%YAML:1.0
---
points: [ 2.15027100e+02, 1.97026550e+02, 2.27084030e+02, 1.97855194e+02,
    2.38398773e+02, 1.98766830e+02, 2.49170532e+02, 1.99443100e+02,
    2.59352875e+02, 2.00289886e+02, 2.69034637e+02, 2.00851517e+02,
    2.14515060e+02, 2.12291306e+02, 2.26461899e+02, 2.12682159e+02,
    2.37823990e+02, 2.13093414e+02, 2.48620392e+02, 2.13542862e+02,
    2.58802643e+02, 2.13883102e+02, 2.68525269e+02, 2.14299484e+02,
    2.13826248e+02, 2.27631729e+02, 2.25865814e+02, 2.27568619e+02,
    2.37290863e+02, 2.27610886e+02, 2.48052780e+02, 2.27604340e+02,
    2.58303955e+02, 2.27651077e+02, 2.67982239e+02, 2.27573425e+02,
    2.13366028e+02, 2.42729996e+02, 2.25369858e+02, 2.42284821e+02,
    2.36680573e+02, 2.41816376e+02, 2.47529312e+02, 2.41555038e+02,
    2.57745056e+02, 2.41182663e+02, 2.67425903e+02, 2.40908142e+02,
    2.12677292e+02, 2.57998993e+02, 2.24740738e+02, 2.57049744e+02,
    2.36147156e+02, 2.56332092e+02, 2.46874954e+02, 2.55445282e+02,
    2.57200073e+02, 2.54842133e+02, 2.66847351e+02, 2.54169632e+02,
    2.11936783e+02, 2.73176331e+02, 2.24117065e+02, 2.71998505e+02,
    2.35624680e+02, 2.70689117e+02, 2.46388443e+02, 2.69567047e+02,
    2.56663757e+02, 2.68494995e+02, 2.66458099e+02, 2.67411865e+02,
    2.11364182e+02, 2.88597961e+02, 2.23518890e+02, 2.86785126e+02,
    2.34887665e+02, 2.85144867e+02, 2.45749710e+02, 2.83544128e+02,
    2.56048706e+02, 2.82192566e+02, 2.65796448e+02, 2.80835114e+02,
    2.10689072e+02, 3.03808319e+02, 2.22782364e+02, 3.01724304e+02,
    2.34356461e+02, 2.99617126e+02, 2.45131424e+02, 2.97818268e+02,
    2.55549469e+02, 2.95836823e+02, 2.65361237e+02, 2.94242126e+02 ]
