%YAML:1.0
---
points: [ 1.20126823e+02, 1.19237091e+02, 1.25238716e+02, 1.30063324e+02,
    1.30307678e+02, 1.40770950e+02, 1.35274963e+02, 1.51253250e+02,
    1.40127136e+02, 1.61410248e+02, 1.44880188e+02, 1.71462448e+02,
    1.09183525e+02, 1.23167213e+02, 1.14419014e+02, 1.34156448e+02,
    1.19598946e+02, 1.44720123e+02, 1.24643410e+02, 1.55192978e+02,
    1.29642105e+02, 1.65347015e+02, 1.34486084e+02, 1.75373581e+02,
    9.82539749e+01, 1.27254875e+02, 1.03626175e+02, 1.38124268e+02,
    1.08871582e+02, 1.48802521e+02, 1.14083809e+02, 1.59161072e+02,
    1.19154800e+02, 1.69389465e+02, 1.24204155e+02, 1.79332001e+02,
    8.72417679e+01, 1.31337021e+02, 9.27329254e+01, 1.42265152e+02,
    9.81096039e+01, 1.52798950e+02, 1.03356285e+02, 1.63182999e+02,
    1.08542801e+02, 1.73349289e+02, 1.13673347e+02, 1.83310959e+02,
    7.63182755e+01, 1.35541611e+02, 8.18700027e+01, 1.46283279e+02,
    8.72543869e+01, 1.56958588e+02, 9.26463013e+01, 1.67236908e+02,
    9.79524307e+01, 1.77438263e+02, 1.03233597e+02, 1.87293045e+02,
    6.53147354e+01, 1.39719421e+02, 7.10279541e+01, 1.50497177e+02,
    7.63695755e+01, 1.61024719e+02, 8.19933014e+01, 1.71391037e+02,
    8.73012009e+01, 1.81429581e+02, 9.26297150e+01, 1.91414734e+02,
    5.44793854e+01, 1.44040955e+02, 6.00043983e+01, 1.54645767e+02,
    6.55950470e+01, 1.65171585e+02, 7.11766357e+01, 1.75439041e+02,
    7.66549072e+01, 1.85630890e+02, 8.20458755e+01, 1.95445786e+02,
    4.34183121e+01, 1.48198700e+02, 4.92466736e+01, 1.58949768e+02,
    5.48679619e+01, 1.69281662e+02, 6.05358353e+01, 1.79703278e+02,
    6.61090088e+01, 1.89716019e+02, 7.15860825e+01, 1.99617477e+02 ]
