%YAML:1.0
---
points: [ 1.58806555e+03, 4.19089661e+02, 1.59095227e+03, 4.58590881e+02,
    1.59382874e+03, 4.97329529e+02, 1.59642993e+03, 5.35285767e+02,
    1.59930005e+03, 5.72616577e+02, 1.60182727e+03, 6.09422180e+02,
    1.54258472e+03, 4.25609375e+02, 1.54576636e+03, 4.64774292e+02,
    1.54898193e+03, 5.02871277e+02, 1.55220618e+03, 5.40484619e+02,
    1.55515198e+03, 5.77469910e+02, 1.55835754e+03, 6.13720520e+02,
    1.49752319e+03, 4.32580841e+02, 1.50105090e+03, 4.70875519e+02,
    1.50476526e+03, 5.08615143e+02, 1.50811365e+03, 5.45718628e+02,
    1.51160046e+03, 5.82349487e+02, 1.51520410e+03, 6.18159302e+02,
    1.45365869e+03, 4.39110870e+02, 1.45773120e+03, 4.76886108e+02,
    1.46154553e+03, 5.14242859e+02, 1.46532751e+03, 5.50710327e+02,
    1.46926086e+03, 5.86856812e+02, 1.47304089e+03, 6.22382629e+02,
    1.41079944e+03, 4.45512146e+02, 1.41492908e+03, 4.82719604e+02,
    1.41904639e+03, 5.19650146e+02, 1.42326648e+03, 5.55662415e+02,
    1.42757043e+03, 5.91396729e+02, 1.43170959e+03, 6.26211792e+02,
    1.36872791e+03, 4.51601410e+02, 1.37342493e+03, 4.88522003e+02,
    1.37781921e+03, 5.24895264e+02, 1.38219507e+03, 5.60598083e+02,
    1.38663464e+03, 5.95670471e+02, 1.39118616e+03, 6.30152588e+02,
    1.32769360e+03, 4.57813873e+02, 1.33257349e+03, 4.94196075e+02,
    1.33738684e+03, 5.29962463e+02, 1.34235864e+03, 5.65295044e+02,
    1.34692676e+03, 5.99761230e+02, 1.35159143e+03, 6.33900085e+02,
    1.28748767e+03, 4.63930389e+02, 1.29251074e+03, 4.99737000e+02,
    1.29770752e+03, 5.34974854e+02, 1.30275867e+03, 5.69879456e+02,
    1.30777991e+03, 6.03837341e+02, 1.31274988e+03, 6.37691833e+02 ]
