%YAML:1.0
---
points: [ 4.97070618e+02, 2.56831970e+02, 5.13111511e+02, 2.89307800e+02,
    5.28670166e+02, 3.21089355e+02, 5.44014038e+02, 3.51995361e+02,
    5.58929199e+02, 3.82219574e+02, 5.73653076e+02, 4.11794525e+02,
    4.64150970e+02, 2.68490356e+02, 4.80488678e+02, 3.00790436e+02,
    4.96638214e+02, 3.32615356e+02, 5.12287231e+02, 3.63437714e+02,
    5.27592590e+02, 3.93694427e+02, 5.42657837e+02, 4.23244812e+02,
    4.31177338e+02, 2.80056427e+02, 4.47818848e+02, 3.12504181e+02,
    4.64381134e+02, 3.44125336e+02, 4.80439484e+02, 3.75201080e+02,
    4.96220062e+02, 4.05374390e+02, 5.11588806e+02, 4.34885529e+02,
    3.98032715e+02, 2.92056702e+02, 4.15111450e+02, 3.24241333e+02,
    4.31912994e+02, 3.55926270e+02, 4.48322968e+02, 3.86648193e+02,
    4.64593658e+02, 4.17133453e+02, 4.80276001e+02, 4.46557404e+02,
    3.64428741e+02, 3.03919861e+02, 3.82029694e+02, 3.36230316e+02,
    3.99182404e+02, 3.67716309e+02, 4.15950836e+02, 3.98579132e+02,
    4.32549103e+02, 4.28705963e+02, 4.48793884e+02, 4.58286560e+02,
    3.30793915e+02, 3.15942505e+02, 3.48693298e+02, 3.47989380e+02,
    3.66429901e+02, 3.79793243e+02, 3.83494354e+02, 4.10411530e+02,
    4.00412048e+02, 4.40590637e+02, 4.16958984e+02, 4.70008148e+02,
    2.96888184e+02, 3.28058197e+02, 3.15256500e+02, 3.60333130e+02,
    3.33106628e+02, 3.91707428e+02, 3.50787903e+02, 4.22706329e+02,
    3.67954407e+02, 4.52650879e+02, 3.85098419e+02, 4.82160095e+02,
    2.62943298e+02, 3.40352448e+02, 2.81741272e+02, 3.72503204e+02,
    3.00188721e+02, 4.03931335e+02, 3.17962555e+02, 4.34588379e+02,
    3.35779907e+02, 4.64774597e+02, 3.52859833e+02, 4.94125183e+02 ]
