%YAML:1.0
---
points: [ 1.37561316e+03, 3.64832733e+02, 1.41978003e+03, 3.64460663e+02,
    1.46475891e+03, 3.63976135e+02, 1.51083740e+03, 3.63791779e+02,
    1.55812561e+03, 3.63287842e+02, 1.60603589e+03, 3.63049011e+02,
    1.37310229e+03, 4.05036774e+02, 1.41676917e+03, 4.05031403e+02,
    1.46157007e+03, 4.05255554e+02, 1.50728613e+03, 4.05329346e+02,
    1.55403796e+03, 4.05554169e+02, 1.60158447e+03, 4.05772095e+02,
    1.37052185e+03, 4.44991547e+02, 1.41384399e+03, 4.45495087e+02,
    1.45838049e+03, 4.46075562e+02, 1.50365857e+03, 4.46702118e+02,
    1.55006946e+03, 4.47368530e+02, 1.59728564e+03, 4.48260529e+02,
    1.36809009e+03, 4.84063599e+02, 1.41115576e+03, 4.85147095e+02,
    1.45510547e+03, 4.86231293e+02, 1.50020703e+03, 4.87121765e+02,
    1.54619385e+03, 4.88350403e+02, 1.59293933e+03, 4.89448914e+02,
    1.36556567e+03, 5.22671387e+02, 1.40833179e+03, 5.24164978e+02,
    1.45226660e+03, 5.25540283e+02, 1.49673523e+03, 5.27329407e+02,
    1.54244177e+03, 5.28680603e+02, 1.58900940e+03, 5.30373779e+02,
    1.36347400e+03, 5.60539734e+02, 1.40569519e+03, 5.62424622e+02,
    1.44925293e+03, 5.64553711e+02, 1.49341064e+03, 5.66448303e+02,
    1.53868030e+03, 5.68543579e+02, 1.58486267e+03, 5.70624207e+02,
    1.36108081e+03, 5.97895935e+02, 1.40321118e+03, 6.00368286e+02,
    1.44625989e+03, 6.02653748e+02, 1.49024292e+03, 6.05177429e+02,
    1.53495386e+03, 6.07607971e+02, 1.58070093e+03, 6.10146179e+02,
    1.35907812e+03, 6.34876282e+02, 1.40074402e+03, 6.37661560e+02,
    1.44343103e+03, 6.40485352e+02, 1.48679004e+03, 6.43418335e+02,
    1.53151794e+03, 6.46288635e+02, 1.57672241e+03, 6.49233521e+02 ]
