%YAML:1.0
---
points: [ 5.27052124e+02, 3.59483917e+02, 5.38138367e+02, 3.90539215e+02,
    5.48924927e+02, 4.20846527e+02, 5.59670776e+02, 4.51141479e+02,
    5.70340149e+02, 4.80798157e+02, 5.80818909e+02, 5.10555603e+02,
    4.95924072e+02, 3.68370758e+02, 5.07270844e+02, 3.99047943e+02,
    5.18311401e+02, 4.29540527e+02, 5.29153320e+02, 4.59659088e+02,
    5.40150635e+02, 4.89613586e+02, 5.50563416e+02, 5.19188721e+02,
    4.65129578e+02, 3.76944366e+02, 4.76461334e+02, 4.07678070e+02,
    4.87606110e+02, 4.38264587e+02, 4.98678223e+02, 4.68420959e+02,
    5.09535065e+02, 4.98303864e+02, 5.20522034e+02, 5.27948120e+02,
    4.34215820e+02, 3.85773102e+02, 4.45590759e+02, 4.16418030e+02,
    4.57027740e+02, 4.46980835e+02, 4.68275604e+02, 4.76962769e+02,
    4.79298431e+02, 5.06980530e+02, 4.90239258e+02, 5.36341248e+02,
    4.03113647e+02, 3.94429169e+02, 4.14750244e+02, 4.25215515e+02,
    4.26300964e+02, 4.55540314e+02, 4.37648041e+02, 4.85965149e+02,
    4.48772003e+02, 5.15503052e+02, 4.59817688e+02, 5.45187439e+02,
    3.72261841e+02, 4.03300446e+02, 3.84037231e+02, 4.33753113e+02,
    3.95566803e+02, 4.64573090e+02, 4.07057465e+02, 4.94324493e+02,
    4.18428162e+02, 5.24272461e+02, 4.29559662e+02, 5.53566040e+02,
    3.41294708e+02, 4.12075775e+02, 3.52939545e+02, 4.42846497e+02,
    3.64713654e+02, 4.73053925e+02, 3.76303528e+02, 5.03219635e+02,
    3.87692627e+02, 5.32877014e+02, 3.99063721e+02, 5.62471436e+02,
    3.10228821e+02, 4.20796570e+02, 3.22450836e+02, 4.51476654e+02,
    3.34252655e+02, 4.81822937e+02, 3.45779327e+02, 5.11714905e+02,
    3.57347290e+02, 5.41624451e+02, 3.69022125e+02, 5.70962952e+02 ]
