%YAML:1.0
---
points: [ 2.37082184e+02, 1.87877823e+02, 2.48072052e+02, 1.90613052e+02,
    2.58385529e+02, 1.93341309e+02, 2.68206909e+02, 1.95833221e+02,
    2.77398254e+02, 1.98249100e+02, 2.86318024e+02, 2.00448578e+02,
    2.34057022e+02, 2.02751617e+02, 2.45076675e+02, 2.05142059e+02,
    2.55522064e+02, 2.07439926e+02, 2.65378296e+02, 2.09553940e+02,
    2.74750854e+02, 2.11614517e+02, 2.83611359e+02, 2.13584137e+02,
    2.30939133e+02, 2.17817413e+02, 2.42169937e+02, 2.19771362e+02,
    2.52642731e+02, 2.21683655e+02, 2.62596802e+02, 2.23393341e+02,
    2.71998993e+02, 2.25118561e+02, 2.80996735e+02, 2.26668625e+02,
    2.27966461e+02, 2.32828171e+02, 2.39189224e+02, 2.34324615e+02,
    2.49754822e+02, 2.35764786e+02, 2.59728302e+02, 2.37190125e+02,
    2.69322052e+02, 2.38407822e+02, 2.78277618e+02, 2.39723587e+02,
    2.24901566e+02, 2.47846817e+02, 2.36245575e+02, 2.48895370e+02,
    2.46921204e+02, 2.49972977e+02, 2.56963226e+02, 2.50938660e+02,
    2.66603302e+02, 2.51869125e+02, 2.75681061e+02, 2.52755768e+02,
    2.21830109e+02, 2.62802094e+02, 2.33300568e+02, 2.63437531e+02,
    2.44040314e+02, 2.64195038e+02, 2.54148468e+02, 2.64729858e+02,
    2.63889435e+02, 2.65230865e+02, 2.73030151e+02, 2.65853119e+02,
    2.18727753e+02, 2.77980194e+02, 2.30209183e+02, 2.78152374e+02,
    2.41116013e+02, 2.78374207e+02, 2.51344604e+02, 2.78541046e+02,
    2.61081482e+02, 2.78772369e+02, 2.70343109e+02, 2.78996704e+02,
    2.15660309e+02, 2.93045898e+02, 2.27233871e+02, 2.92879700e+02,
    2.38197357e+02, 2.92592682e+02, 2.48533340e+02, 2.92394653e+02,
    2.58330750e+02, 2.92218964e+02, 2.67678650e+02, 2.92125336e+02 ]
