%YAML:1.0
---
points: [ 1.28700806e+02, 1.54361465e+02, 1.32293686e+02, 1.64730392e+02,
    1.35911972e+02, 1.75132858e+02, 1.39399368e+02, 1.85275620e+02,
    1.42957718e+02, 1.95404022e+02, 1.46420898e+02, 2.05358719e+02,
    1.18298462e+02, 1.57295975e+02, 1.22008904e+02, 1.67747070e+02,
    1.25549561e+02, 1.78049149e+02, 1.29168961e+02, 1.88222473e+02,
    1.32710449e+02, 1.98295364e+02, 1.36229065e+02, 2.08351791e+02,
    1.07989464e+02, 1.60319763e+02, 1.11689812e+02, 1.70665970e+02,
    1.15325714e+02, 1.81018799e+02, 1.19004219e+02, 1.91153107e+02,
    1.22540787e+02, 2.01246201e+02, 1.26104492e+02, 2.11204498e+02,
    9.76034622e+01, 1.63267044e+02, 1.01333458e+02, 1.73685715e+02,
    1.05000626e+02, 1.83934738e+02, 1.08702057e+02, 1.94092377e+02,
    1.12312927e+02, 2.04152481e+02, 1.15912689e+02, 2.14167892e+02,
    8.73660126e+01, 1.66293289e+02, 9.11373596e+01, 1.76592636e+02,
    9.47762299e+01, 1.86946320e+02, 9.84951172e+01, 1.97040924e+02,
    1.02134499e+02, 2.07188385e+02, 1.05750732e+02, 2.17064453e+02,
    7.70776596e+01, 1.69268997e+02, 8.08108292e+01, 1.79660736e+02,
    8.45470047e+01, 1.89820007e+02, 8.82915115e+01, 1.99973053e+02,
    9.20217896e+01, 2.10066833e+02, 9.56216278e+01, 2.20054047e+02,
    6.69607697e+01, 1.72335495e+02, 7.06124191e+01, 1.82536148e+02,
    7.43737946e+01, 1.92971298e+02, 7.80665131e+01, 2.02912186e+02,
    8.18164062e+01, 2.13002869e+02, 8.55312500e+01, 2.22845703e+02,
    5.67568817e+01, 1.75282349e+02, 6.05639114e+01, 1.85650208e+02,
    6.43016434e+01, 1.95813980e+02, 6.81189346e+01, 2.05951736e+02,
    7.17880707e+01, 2.15869125e+02, 7.54896469e+01, 2.25843216e+02 ]
