%YAML:1.0
---
points: [ 2.59792175e+02, 1.88083527e+02, 2.70340546e+02, 1.95139069e+02,
    2.80456207e+02, 2.01882675e+02, 2.90223083e+02, 2.08367310e+02,
    2.99741425e+02, 2.14674301e+02, 3.08942261e+02, 2.20852982e+02,
    2.52191528e+02, 2.00230103e+02, 2.62852539e+02, 2.07076950e+02,
    2.73144531e+02, 2.13572678e+02, 2.83024292e+02, 2.19923843e+02,
    2.92656036e+02, 2.26019836e+02, 3.01880859e+02, 2.31980438e+02,
    2.44485657e+02, 2.12518051e+02, 2.55316025e+02, 2.19092239e+02,
    2.65748718e+02, 2.25401703e+02, 2.75805359e+02, 2.31479248e+02,
    2.85558228e+02, 2.37446320e+02, 2.94942383e+02, 2.43170807e+02,
    2.36981659e+02, 2.24693314e+02, 2.47897308e+02, 2.30979584e+02,
    2.58425720e+02, 2.37111465e+02, 2.68572662e+02, 2.43066116e+02,
    2.78456116e+02, 2.48808777e+02, 2.87919830e+02, 2.54299622e+02,
    2.29356689e+02, 2.36889175e+02, 2.40411606e+02, 2.42961105e+02,
    2.51107437e+02, 2.48840179e+02, 2.61361847e+02, 2.54574081e+02,
    2.71278381e+02, 2.60076385e+02, 2.81013824e+02, 2.65410919e+02,
    2.21743378e+02, 2.48976562e+02, 2.32950760e+02, 2.54910858e+02,
    2.43714478e+02, 2.60623169e+02, 2.54192215e+02, 2.66102295e+02,
    2.64249390e+02, 2.71420135e+02, 2.74022827e+02, 2.76590240e+02,
    2.14078918e+02, 2.61219788e+02, 2.25396088e+02, 2.66914490e+02,
    2.36350128e+02, 2.72371094e+02, 2.47003708e+02, 2.77615631e+02,
    2.57184052e+02, 2.82782379e+02, 2.67056000e+02, 2.87703857e+02,
    2.06351349e+02, 2.73469604e+02, 2.17934143e+02, 2.78904358e+02,
    2.28998947e+02, 2.84148315e+02, 2.39698288e+02, 2.89257111e+02,
    2.50054764e+02, 2.94160004e+02, 2.60042542e+02, 2.99000824e+02 ]
