%YAML:1.0
---
points: [ 1.39246411e+03, 4.26158875e+02, 1.42723486e+03, 4.30130188e+02,
    1.46135376e+03, 4.34098846e+02, 1.49537598e+03, 4.38259460e+02,
    1.52876611e+03, 4.42094788e+02, 1.56223730e+03, 4.46024719e+02,
    1.39247583e+03, 4.61655487e+02, 1.42742920e+03, 4.65672272e+02,
    1.46173401e+03, 4.69636993e+02, 1.49612488e+03, 4.73447357e+02,
    1.52970349e+03, 4.77334381e+02, 1.56342004e+03, 4.81253326e+02,
    1.39252173e+03, 4.98209717e+02, 1.42768066e+03, 5.02152191e+02,
    1.46246997e+03, 5.05704193e+02, 1.49669836e+03, 5.09445770e+02,
    1.53089221e+03, 5.13260437e+02, 1.56461804e+03, 5.17060913e+02,
    1.39258215e+03, 5.34765564e+02, 1.42801831e+03, 5.38584900e+02,
    1.46295862e+03, 5.42277771e+02, 1.49745947e+03, 5.45775818e+02,
    1.53190771e+03, 5.49592590e+02, 1.56562305e+03, 5.53032898e+02,
    1.39284875e+03, 5.71974304e+02, 1.42840381e+03, 5.75640442e+02,
    1.46363379e+03, 5.79255188e+02, 1.49846204e+03, 5.82644836e+02,
    1.53278308e+03, 5.86252563e+02, 1.56684631e+03, 5.89560730e+02,
    1.39295691e+03, 6.09663086e+02, 1.42874438e+03, 6.13201721e+02,
    1.46442297e+03, 6.16681213e+02, 1.49936816e+03, 6.19919495e+02,
    1.53376416e+03, 6.23370972e+02, 1.56843970e+03, 6.26602051e+02,
    1.39329529e+03, 6.47919617e+02, 1.42925122e+03, 6.51167603e+02,
    1.46488721e+03, 6.54489563e+02, 1.50016187e+03, 6.57745850e+02,
    1.53503516e+03, 6.60871521e+02, 1.56950208e+03, 6.64221985e+02,
    1.39363354e+03, 6.86803772e+02, 1.42966223e+03, 6.89870972e+02,
    1.46558740e+03, 6.92939148e+02, 1.50096460e+03, 6.96178101e+02,
    1.53611060e+03, 6.99117310e+02, 1.57068420e+03, 7.02126892e+02 ]
