%YAML:1.0
---
points: [ 1.35157227e+02, 2.02594711e+02, 1.37770554e+02, 2.11977402e+02,
    1.40458862e+02, 2.21407196e+02, 1.43040207e+02, 2.30876984e+02,
    1.45745422e+02, 2.40419937e+02, 1.48377960e+02, 2.50054184e+02,
    1.25267807e+02, 2.05396515e+02, 1.27883018e+02, 2.14824951e+02,
    1.30451385e+02, 2.24320511e+02, 1.33171875e+02, 2.33852539e+02,
    1.35796936e+02, 2.43384506e+02, 1.38487305e+02, 2.53059875e+02,
    1.15391815e+02, 2.08263153e+02, 1.17969070e+02, 2.17760727e+02,
    1.20637466e+02, 2.27225708e+02, 1.23207489e+02, 2.36762787e+02,
    1.25857224e+02, 2.46343063e+02, 1.28425720e+02, 2.56094391e+02,
    1.05525566e+02, 2.11113464e+02, 1.08113014e+02, 2.20616821e+02,
    1.10625938e+02, 2.30141937e+02, 1.13227043e+02, 2.39751236e+02,
    1.15838020e+02, 2.49380661e+02, 1.18448029e+02, 2.59077911e+02,
    9.55941010e+01, 2.13990143e+02, 9.81680222e+01, 2.23431625e+02,
    1.00644768e+02, 2.33131210e+02, 1.03262405e+02, 2.42642029e+02,
    1.05833023e+02, 2.52399429e+02, 1.08369400e+02, 2.62162323e+02,
    8.55614548e+01, 2.16802612e+02, 8.81635590e+01, 2.26422607e+02,
    9.06470108e+01, 2.36079269e+02, 9.32484512e+01, 2.45674744e+02,
    9.57628250e+01, 2.55381821e+02, 9.83352890e+01, 2.65157593e+02,
    7.57228546e+01, 2.19812515e+02, 7.81545715e+01, 2.29353836e+02,
    8.05143967e+01, 2.38950134e+02, 8.31231842e+01, 2.48740051e+02,
    8.56901245e+01, 2.58436981e+02, 8.82310867e+01, 2.68157745e+02,
    6.57349014e+01, 2.22600647e+02, 6.82153549e+01, 2.32326141e+02,
    7.06948929e+01, 2.41915634e+02, 7.31653519e+01, 2.51741592e+02,
    7.56484528e+01, 2.61413391e+02, 7.81837692e+01, 2.71240387e+02 ]
