%YAML:1.0
---
points: [ 5.49824097e+02, 5.02291168e+02, 5.57442078e+02, 5.29877441e+02,
    5.65294006e+02, 5.57782288e+02, 5.73013733e+02, 5.85858643e+02,
    5.80811096e+02, 6.13955200e+02, 5.88543213e+02, 6.42341187e+02,
    5.20346741e+02, 5.10584351e+02, 5.28209412e+02, 5.38291321e+02,
    5.35805847e+02, 5.66461304e+02, 5.43452148e+02, 5.94495483e+02,
    5.51286926e+02, 6.22860413e+02, 5.59063904e+02, 6.51188965e+02,
    4.91249817e+02, 5.18673828e+02, 4.98511322e+02, 5.46702148e+02,
    5.06219269e+02, 5.74774841e+02, 5.13660156e+02, 6.03120972e+02,
    5.21488098e+02, 6.31469482e+02, 5.29093323e+02, 6.60313782e+02,
    4.61294250e+02, 5.27516724e+02, 4.69097198e+02, 5.55114136e+02,
    4.76604889e+02, 5.83570862e+02, 4.84136444e+02, 6.11689026e+02,
    4.91458954e+02, 6.40514099e+02, 4.98919312e+02, 6.69172668e+02,
    4.31537964e+02, 5.35652527e+02, 4.39192810e+02, 5.64185303e+02,
    4.46320221e+02, 5.92269409e+02, 4.53792175e+02, 6.20876404e+02,
    4.61283875e+02, 6.49503601e+02, 4.68929474e+02, 6.78406494e+02,
    4.01633606e+02, 5.44576172e+02, 4.09132782e+02, 5.72385681e+02,
    4.16376801e+02, 6.01435059e+02, 4.23570129e+02, 6.29567444e+02,
    4.31271271e+02, 6.58617065e+02, 4.38576691e+02, 6.87455444e+02,
    3.71192200e+02, 5.52843201e+02, 3.78395844e+02, 5.81364380e+02,
    3.85738922e+02, 6.09977356e+02, 3.93397522e+02, 6.38797424e+02,
    4.00578278e+02, 6.67558777e+02, 4.08050720e+02, 6.96855652e+02,
    3.40803619e+02, 5.61307068e+02, 3.48513489e+02, 5.89822754e+02,
    3.55493286e+02, 6.18831726e+02, 3.62801788e+02, 6.47479004e+02,
    3.70187500e+02, 6.76732544e+02, 3.77378967e+02, 7.05811523e+02 ]
