%YAML:1.0
---
points: [ 2.26836731e+02, 2.05585449e+02, 2.28262177e+02, 2.21875397e+02,
    2.29483032e+02, 2.37977448e+02, 2.30815323e+02, 2.53921082e+02,
    2.32082413e+02, 2.69672852e+02, 2.33360382e+02, 2.85253113e+02,
    2.10422089e+02, 2.06935974e+02, 2.11763596e+02, 2.23180130e+02,
    2.13237946e+02, 2.39303177e+02, 2.14619568e+02, 2.55188934e+02,
    2.15962540e+02, 2.70988953e+02, 2.17306671e+02, 2.86719940e+02,
    1.93658051e+02, 2.08198517e+02, 1.95238419e+02, 2.24391357e+02,
    1.96753342e+02, 2.40651154e+02, 1.98188599e+02, 2.56647980e+02,
    1.99611465e+02, 2.72525085e+02, 2.01025345e+02, 2.88288269e+02,
    1.76839096e+02, 2.09449997e+02, 1.78477249e+02, 2.25760101e+02,
    1.80171219e+02, 2.41942368e+02, 1.81739822e+02, 2.57963501e+02,
    1.83241455e+02, 2.73896149e+02, 1.84750183e+02, 2.89650726e+02,
    1.59942017e+02, 2.10604904e+02, 1.61726196e+02, 2.27060226e+02,
    1.63380768e+02, 2.43345291e+02, 1.65068314e+02, 2.59460358e+02,
    1.66718216e+02, 2.75344604e+02, 1.68279144e+02, 2.91114777e+02,
    1.42976944e+02, 2.11852478e+02, 1.44745834e+02, 2.28504120e+02,
    1.46547348e+02, 2.44729218e+02, 1.48384201e+02, 2.60837708e+02,
    1.50155289e+02, 2.76836609e+02, 1.51825516e+02, 2.92665192e+02,
    1.25773506e+02, 2.13173874e+02, 1.27768616e+02, 2.29736389e+02,
    1.29700256e+02, 2.46045914e+02, 1.31634888e+02, 2.62197388e+02,
    1.33426331e+02, 2.78249542e+02, 1.35303619e+02, 2.94090576e+02,
    1.08517601e+02, 2.14551758e+02, 1.10625931e+02, 2.31066956e+02,
    1.12674904e+02, 2.47495483e+02, 1.14727142e+02, 2.63753113e+02,
    1.16694740e+02, 2.79675110e+02, 1.18604187e+02, 2.95599670e+02 ]
