%YAML:1.0
---
points: [ 4.49787292e+02, 2.42698837e+02, 4.67482788e+02, 2.67538666e+02,
    4.84886078e+02, 2.91996918e+02, 5.02195404e+02, 3.16268127e+02,
    5.19197571e+02, 3.40132080e+02, 5.36206787e+02, 3.63723419e+02,
    4.25596802e+02, 2.57712097e+02, 4.43331635e+02, 2.82325562e+02,
    4.60963562e+02, 3.06790741e+02, 4.78230316e+02, 3.30860107e+02,
    4.95511261e+02, 3.54740967e+02, 5.12512329e+02, 3.78333588e+02,
    4.01342102e+02, 2.72429474e+02, 4.19325165e+02, 2.97095856e+02,
    4.36920868e+02, 3.21445648e+02, 4.54397400e+02, 3.45461212e+02,
    4.71722229e+02, 3.69298157e+02, 4.88970581e+02, 3.92848969e+02,
    3.77135193e+02, 2.87483368e+02, 3.95077301e+02, 3.11860321e+02,
    4.12860138e+02, 3.36285461e+02, 4.30452637e+02, 3.60139313e+02,
    4.47976044e+02, 3.84001526e+02, 4.65244995e+02, 4.07426117e+02,
    3.52662170e+02, 3.02402466e+02, 3.70821472e+02, 3.26828430e+02,
    3.88607239e+02, 3.51029663e+02, 4.06505157e+02, 3.75052643e+02,
    4.24098450e+02, 3.98608795e+02, 4.41622131e+02, 4.22107697e+02,
    3.28353119e+02, 3.17295135e+02, 3.46536835e+02, 3.41637451e+02,
    3.64585358e+02, 3.65935089e+02, 3.82455017e+02, 3.89624084e+02,
    4.00321686e+02, 4.13429565e+02, 4.17731476e+02, 4.36604156e+02,
    3.03849335e+02, 3.32469116e+02, 3.22193878e+02, 3.56771149e+02,
    3.40309662e+02, 3.80837677e+02, 3.58314209e+02, 4.04685883e+02,
    3.76198364e+02, 4.28243103e+02, 3.93968567e+02, 4.51587891e+02,
    2.79303162e+02, 3.47466400e+02, 2.97905640e+02, 3.71747925e+02,
    3.16229340e+02, 3.95767059e+02, 3.34241943e+02, 4.19436859e+02,
    3.52283936e+02, 4.43026794e+02, 3.70075500e+02, 4.66064270e+02 ]
