%YAML:1.0
---
points: [ 1.01363281e+02, 1.15247566e+02, 1.07084259e+02, 1.23442856e+02,
    1.12689415e+02, 1.31639709e+02, 1.18314316e+02, 1.39734085e+02,
    1.23990265e+02, 1.47837723e+02, 1.29510193e+02, 1.55741272e+02,
    9.32472839e+01, 1.20285652e+02, 9.90575333e+01, 1.28510132e+02,
    1.04695427e+02, 1.36651474e+02, 1.10359131e+02, 1.44745941e+02,
    1.16054756e+02, 1.52767120e+02, 1.21647667e+02, 1.60672333e+02,
    8.52389526e+01, 1.25316132e+02, 9.10383224e+01, 1.33502716e+02,
    9.67237015e+01, 1.41651657e+02, 1.02365273e+02, 1.49662949e+02,
    1.08140625e+02, 1.57708771e+02, 1.13699081e+02, 1.65612854e+02,
    7.71856079e+01, 1.30411240e+02, 8.29920120e+01, 1.38566620e+02,
    8.87193832e+01, 1.46608948e+02, 9.44184036e+01, 1.54707642e+02,
    1.00189041e+02, 1.62679688e+02, 1.05863853e+02, 1.70526932e+02,
    6.92591171e+01, 1.35509109e+02, 7.49603729e+01, 1.43604172e+02,
    8.07066193e+01, 1.51715759e+02, 8.64082870e+01, 1.59670715e+02,
    9.22115936e+01, 1.67640686e+02, 9.79328308e+01, 1.75491867e+02,
    6.11824150e+01, 1.40582504e+02, 6.70164871e+01, 1.48720703e+02,
    7.26679153e+01, 1.56706192e+02, 7.84501038e+01, 1.64702255e+02,
    8.42204361e+01, 1.72633606e+02, 9.00444717e+01, 1.80479095e+02,
    5.33118019e+01, 1.45778717e+02, 5.89373512e+01, 1.53770294e+02,
    6.47713242e+01, 1.61874329e+02, 7.04364929e+01, 1.69724411e+02,
    7.62854233e+01, 1.77708221e+02, 8.20843735e+01, 1.85454330e+02,
    4.52695618e+01, 1.50813995e+02, 5.11455803e+01, 1.58952240e+02,
    5.68040810e+01, 1.66809753e+02, 6.26903267e+01, 1.74820145e+02,
    6.83448486e+01, 1.82600403e+02, 7.41820374e+01, 1.90464294e+02 ]
