%YAML:1.0
---
points: [ 1.23731104e+03, 4.73558990e+02, 1.27155774e+03, 4.72727173e+02,
    1.30663550e+03, 4.71566010e+02, 1.34218384e+03, 4.70695007e+02,
    1.37829700e+03, 4.69642395e+02, 1.41476294e+03, 4.68597778e+02,
    1.23710229e+03, 5.04897583e+02, 1.27124451e+03, 5.04071594e+02,
    1.30586353e+03, 5.03365540e+02, 1.34096875e+03, 5.02590637e+02,
    1.37673926e+03, 5.01927124e+02, 1.41289160e+03, 5.01225922e+02,
    1.23721973e+03, 5.35600098e+02, 1.27076929e+03, 5.35249634e+02,
    1.30533704e+03, 5.34604919e+02, 1.33992712e+03, 5.34224976e+02,
    1.37551172e+03, 5.33714539e+02, 1.41136401e+03, 5.33364868e+02,
    1.23721960e+03, 5.65841919e+02, 1.27050085e+03, 5.65599243e+02,
    1.30463086e+03, 5.65427002e+02, 1.33896533e+03, 5.65077271e+02,
    1.37424280e+03, 5.64817932e+02, 1.40958423e+03, 5.64525391e+02,
    1.23728149e+03, 5.95548157e+02, 1.27029907e+03, 5.95515137e+02,
    1.30396960e+03, 5.95533936e+02, 1.33821497e+03, 5.95575256e+02,
    1.37296558e+03, 5.95357544e+02, 1.40810498e+03, 5.95349487e+02,
    1.23733386e+03, 6.24519653e+02, 1.27005151e+03, 6.24605164e+02,
    1.30350879e+03, 6.24881165e+02, 1.33742017e+03, 6.25044250e+02,
    1.37181970e+03, 6.25311035e+02, 1.40654175e+03, 6.25432861e+02,
    1.23740491e+03, 6.53214661e+02, 1.26991028e+03, 6.53589661e+02,
    1.30293359e+03, 6.53964294e+02, 1.33661658e+03, 6.54358765e+02,
    1.37064087e+03, 6.54718628e+02, 1.40533728e+03, 6.55106567e+02,
    1.23752405e+03, 6.81476013e+02, 1.26974487e+03, 6.81839111e+02,
    1.30251025e+03, 6.82460815e+02, 1.33576721e+03, 6.83056519e+02,
    1.36956836e+03, 6.83671326e+02, 1.40377844e+03, 6.84157715e+02 ]
