%YAML:1.0
---
points: [ 4.89141449e+02, 3.77344757e+02, 4.96896271e+02, 4.04244446e+02,
    5.04964539e+02, 4.30371674e+02, 5.12695862e+02, 4.56288330e+02,
    5.20557434e+02, 4.81744324e+02, 5.28349670e+02, 5.07378235e+02,
    4.61446716e+02, 3.83458496e+02, 4.69664032e+02, 4.09845734e+02,
    4.77683960e+02, 4.36215179e+02, 4.85729248e+02, 4.62008575e+02,
    4.93588898e+02, 4.87654297e+02, 5.01538239e+02, 5.13167114e+02,
    4.33842194e+02, 3.89291565e+02, 4.42281006e+02, 4.15713776e+02,
    4.50421631e+02, 4.42005402e+02, 4.58517090e+02, 4.67946838e+02,
    4.66494720e+02, 4.93620514e+02, 4.74447845e+02, 5.19187622e+02,
    4.06184570e+02, 3.95159821e+02, 4.14643158e+02, 4.21574951e+02,
    4.23161194e+02, 4.48059387e+02, 4.31388062e+02, 4.73778442e+02,
    4.39512634e+02, 4.99643311e+02, 4.47572327e+02, 5.25132141e+02,
    3.78454132e+02, 4.00878601e+02, 3.87064301e+02, 4.27632599e+02,
    3.95589508e+02, 4.53660828e+02, 4.03980286e+02, 4.80021332e+02,
    4.12323120e+02, 5.05584656e+02, 4.20470764e+02, 5.31249695e+02,
    3.50583923e+02, 4.06800781e+02, 3.59338104e+02, 4.33336151e+02,
    3.67909851e+02, 4.59944672e+02, 3.76343323e+02, 4.85776947e+02,
    3.84909454e+02, 5.11910217e+02, 3.93276947e+02, 5.37314148e+02,
    3.22512268e+02, 4.12643494e+02, 3.31285706e+02, 4.39379425e+02,
    3.39935242e+02, 4.65673798e+02, 3.48658051e+02, 4.92019806e+02,
    3.57318115e+02, 5.17732422e+02, 3.65924072e+02, 5.43615723e+02,
    2.94358002e+02, 4.18534912e+02, 3.03386932e+02, 4.45331268e+02,
    3.12295563e+02, 4.71739594e+02, 3.21170593e+02, 4.97746552e+02,
    3.29842468e+02, 5.24032227e+02, 3.38499115e+02, 5.49451050e+02 ]
