%YAML:1.0
---
points: [ 1.25866931e+03, 4.36845306e+02, 1.28567908e+03, 4.40358459e+02,
    1.31241992e+03, 4.43840668e+02, 1.33852820e+03, 4.47241364e+02,
    1.36454712e+03, 4.50466431e+02, 1.39019531e+03, 4.53890045e+02,
    1.26151135e+03, 4.65934631e+02, 1.28894067e+03, 4.69354492e+02,
    1.31583313e+03, 4.72448822e+02, 1.34248547e+03, 4.75686859e+02,
    1.36852197e+03, 4.78890289e+02, 1.39427527e+03, 4.81876312e+02,
    1.26467004e+03, 4.95886993e+02, 1.29221033e+03, 4.98818420e+02,
    1.31941492e+03, 5.02000702e+02, 1.34618555e+03, 5.04795807e+02,
    1.37254675e+03, 5.07778229e+02, 1.39847168e+03, 5.10716980e+02,
    1.26796790e+03, 5.26019897e+02, 1.29572144e+03, 5.28800293e+02,
    1.32303650e+03, 5.31695251e+02, 1.34982043e+03, 5.34407959e+02,
    1.37654150e+03, 5.37364136e+02, 1.40260352e+03, 5.39850098e+02,
    1.27123914e+03, 5.56656921e+02, 1.29937170e+03, 5.59569702e+02,
    1.32702466e+03, 5.62078674e+02, 1.35408179e+03, 5.64750732e+02,
    1.38064343e+03, 5.67171631e+02, 1.40696326e+03, 5.69715576e+02,
    1.27464514e+03, 5.88199524e+02, 1.30284180e+03, 5.90709351e+02,
    1.33079407e+03, 5.93000671e+02, 1.35817725e+03, 5.95460510e+02,
    1.38523621e+03, 5.97836975e+02, 1.41160425e+03, 5.99832397e+02,
    1.27815637e+03, 6.20273132e+02, 1.30664404e+03, 6.22509949e+02,
    1.33457935e+03, 6.24456787e+02, 1.36228076e+03, 6.26744812e+02,
    1.38956262e+03, 6.28711853e+02, 1.41621301e+03, 6.30709290e+02,
    1.28163013e+03, 6.53095703e+02, 1.31050598e+03, 6.54917969e+02,
    1.33865088e+03, 6.56765564e+02, 1.36646350e+03, 6.58604126e+02,
    1.39392859e+03, 6.60543457e+02, 1.42087537e+03, 6.62287476e+02 ]
