%YAML:1.0
---
points: [ 1.13528938e+02, 1.60493317e+02, 1.16123360e+02, 1.69423813e+02,
    1.18684464e+02, 1.78279663e+02, 1.21206032e+02, 1.87077545e+02,
    1.23799629e+02, 1.95713104e+02, 1.26344719e+02, 2.04261414e+02,
    1.04339699e+02, 1.62512634e+02, 1.06961037e+02, 1.71450516e+02,
    1.09594017e+02, 1.80281906e+02, 1.12187920e+02, 1.89072281e+02,
    1.14793770e+02, 1.97709747e+02, 1.17325050e+02, 2.06312515e+02,
    9.51718750e+01, 1.64486740e+02, 9.78125839e+01, 1.73397964e+02,
    1.00452377e+02, 1.82271011e+02, 1.03160492e+02, 1.91075439e+02,
    1.05771317e+02, 1.99722717e+02, 1.08320488e+02, 2.08301407e+02,
    8.59668350e+01, 1.66515060e+02, 8.86976166e+01, 1.75445541e+02,
    9.13458557e+01, 1.84238251e+02, 9.40965042e+01, 1.93091614e+02,
    9.66602020e+01, 2.01771225e+02, 9.93519745e+01, 2.10337616e+02,
    7.68018494e+01, 1.68542221e+02, 7.95388260e+01, 1.77390640e+02,
    8.22653503e+01, 1.86292465e+02, 8.49682770e+01, 1.95132782e+02,
    8.77510834e+01, 2.03789948e+02, 9.03752136e+01, 2.12291367e+02,
    6.76207733e+01, 1.70513153e+02, 7.04026871e+01, 1.79461090e+02,
    7.31772919e+01, 1.88306992e+02, 7.59922256e+01, 1.97194717e+02,
    7.86578064e+01, 2.05801498e+02, 8.12763824e+01, 2.14460785e+02,
    5.85645218e+01, 1.72604416e+02, 6.12216034e+01, 1.81471207e+02,
    6.40693436e+01, 1.90410385e+02, 6.68022079e+01, 1.99192032e+02,
    6.95132751e+01, 2.07902130e+02, 7.22991562e+01, 2.16491791e+02,
    4.94030266e+01, 1.74591339e+02, 5.22808990e+01, 1.83668808e+02,
    5.50932732e+01, 1.92417175e+02, 5.78318176e+01, 2.01290894e+02,
    6.05400848e+01, 2.09926941e+02, 6.33555298e+01, 2.18566437e+02 ]
