%YAML:1.0
---
points: [ 2.17411224e+02, 2.07066589e+02, 2.18706207e+02, 2.24857635e+02,
    2.19763840e+02, 2.42580170e+02, 2.20828979e+02, 2.60220276e+02,
    2.21910400e+02, 2.77641052e+02, 2.22998489e+02, 2.95071899e+02,
    1.99551895e+02, 2.08201370e+02, 2.00593140e+02, 2.25945358e+02,
    2.01833282e+02, 2.43762619e+02, 2.02995575e+02, 2.61400543e+02,
    2.04118225e+02, 2.79043335e+02, 2.05199173e+02, 2.96443756e+02,
    1.80940765e+02, 2.09090332e+02, 1.82276642e+02, 2.27169235e+02,
    1.83481171e+02, 2.45065720e+02, 1.84702667e+02, 2.62797668e+02,
    1.85978836e+02, 2.80471680e+02, 1.87146088e+02, 2.97997772e+02,
    1.62278595e+02, 2.10195282e+02, 1.63657104e+02, 2.28304810e+02,
    1.65104568e+02, 2.46285751e+02, 1.66429672e+02, 2.64113495e+02,
    1.67701126e+02, 2.81886414e+02, 1.68968658e+02, 2.99461487e+02,
    1.43459579e+02, 2.11303345e+02, 1.44943420e+02, 2.29553665e+02,
    1.46405060e+02, 2.47607101e+02, 1.47780762e+02, 2.65549957e+02,
    1.49242905e+02, 2.83303101e+02, 1.50605637e+02, 3.00991333e+02,
    1.24443779e+02, 2.12426666e+02, 1.26020042e+02, 2.30733124e+02,
    1.27580147e+02, 2.48812637e+02, 1.29132507e+02, 2.66893890e+02,
    1.30629776e+02, 2.84716888e+02, 1.32132065e+02, 3.02586975e+02,
    1.05247658e+02, 2.13558853e+02, 1.06990990e+02, 2.31790298e+02,
    1.08660484e+02, 2.50039459e+02, 1.10286964e+02, 2.68185913e+02,
    1.11931267e+02, 2.86143402e+02, 1.13627975e+02, 3.03979004e+02,
    8.60075684e+01, 2.14693970e+02, 8.78150864e+01, 2.33065186e+02,
    8.96121521e+01, 2.51431549e+02, 9.12953033e+01, 2.69563751e+02,
    9.30983887e+01, 2.87634186e+02, 9.48338928e+01, 3.05345276e+02 ]
