%YAML:1.0
---
points: [ 1.27765222e+03, 3.97826324e+02, 1.31024341e+03, 3.95196503e+02,
    1.34355334e+03, 3.92283966e+02, 1.37815076e+03, 3.89414703e+02,
    1.41360730e+03, 3.86393860e+02, 1.45026465e+03, 3.83252716e+02,
    1.27624231e+03, 4.26771729e+02, 1.30873181e+03, 4.24437012e+02,
    1.34255725e+03, 4.22116730e+02, 1.37736865e+03, 4.19528137e+02,
    1.41303284e+03, 4.17208832e+02, 1.44995984e+03, 4.14421661e+02,
    1.27478638e+03, 4.56275879e+02, 1.30758289e+03, 4.54514221e+02,
    1.34173181e+03, 4.52428589e+02, 1.37647656e+03, 4.50413666e+02,
    1.41264478e+03, 4.48397552e+02, 1.44980298e+03, 4.46215515e+02,
    1.27346851e+03, 4.86142761e+02, 1.30655054e+03, 4.84553741e+02,
    1.34062244e+03, 4.83118378e+02, 1.37582458e+03, 4.81559875e+02,
    1.41233423e+03, 4.80054413e+02, 1.44971399e+03, 4.78399353e+02,
    1.27187231e+03, 5.16325562e+02, 1.30538586e+03, 5.15334961e+02,
    1.33961670e+03, 5.14194336e+02, 1.37531421e+03, 5.13288025e+02,
    1.41178174e+03, 5.12252136e+02, 1.44958752e+03, 5.11151703e+02,
    1.27065332e+03, 5.46844604e+02, 1.30415356e+03, 5.46299805e+02,
    1.33873816e+03, 5.46007507e+02, 1.37451746e+03, 5.45456482e+02,
    1.41154724e+03, 5.44945007e+02, 1.44958606e+03, 5.44326477e+02,
    1.26939734e+03, 5.77906921e+02, 1.30306641e+03, 5.78016357e+02,
    1.33791101e+03, 5.77810059e+02, 1.37397729e+03, 5.78074402e+02,
    1.41118152e+03, 5.77841125e+02, 1.44959705e+03, 5.77924500e+02,
    1.26807825e+03, 6.09646729e+02, 1.30189636e+03, 6.10087769e+02,
    1.33714209e+03, 6.10749573e+02, 1.37344580e+03, 6.11240967e+02,
    1.41088599e+03, 6.11839172e+02, 1.44947852e+03, 6.12343994e+02 ]
