%YAML:1.0
---
points: [ 4.86122437e+02, 4.85477295e+02, 4.89691101e+02, 5.12007080e+02,
    4.93340240e+02, 5.38335571e+02, 4.96739075e+02, 5.64744385e+02,
    5.00506897e+02, 5.90862488e+02, 5.03857208e+02, 6.17296814e+02,
    4.58152466e+02, 4.88415771e+02, 4.61765381e+02, 5.14784302e+02,
    4.65460968e+02, 5.41429932e+02, 4.69026489e+02, 5.67767212e+02,
    4.72531128e+02, 5.94307068e+02, 4.76059692e+02, 6.20564453e+02,
    4.30174255e+02, 4.91450836e+02, 4.33835968e+02, 5.18123108e+02,
    4.37577148e+02, 5.44643494e+02, 4.41123749e+02, 5.71220154e+02,
    4.44601685e+02, 5.97581787e+02, 4.48297882e+02, 6.24060120e+02,
    4.02041199e+02, 4.94523346e+02, 4.05900360e+02, 5.21194458e+02,
    4.09530518e+02, 5.48061584e+02, 4.13113037e+02, 5.74468384e+02,
    4.16811493e+02, 6.01162598e+02, 4.20236237e+02, 6.27437988e+02,
    3.73873749e+02, 4.97560883e+02, 3.77452881e+02, 5.24436218e+02,
    3.81214661e+02, 5.51013977e+02, 3.85053436e+02, 5.77730286e+02,
    3.88492523e+02, 6.04417480e+02, 3.92165558e+02, 6.30875366e+02,
    3.45399109e+02, 5.00772308e+02, 3.49383484e+02, 5.27442932e+02,
    3.53120300e+02, 5.54581055e+02, 3.56558777e+02, 5.81052124e+02,
    3.60333588e+02, 6.07853638e+02, 3.64123840e+02, 6.34311829e+02,
    3.17060272e+02, 5.03562317e+02, 3.20663025e+02, 5.30579834e+02,
    3.24296295e+02, 5.57585632e+02, 3.28217865e+02, 5.84615906e+02,
    3.31885345e+02, 6.11236206e+02, 3.35585815e+02, 6.38083679e+02,
    2.88153259e+02, 5.06719727e+02, 2.92314758e+02, 5.33861511e+02,
    2.96242340e+02, 5.60973938e+02, 2.99741638e+02, 5.87641846e+02,
    3.03513824e+02, 6.14592590e+02, 3.07337097e+02, 6.41401917e+02 ]
