%YAML:1.0
---
points: [ 1.54210251e+02, 1.86808334e+02, 1.63467636e+02, 2.03303040e+02,
    1.72485092e+02, 2.19519302e+02, 1.81365799e+02, 2.35381836e+02,
    1.90019104e+02, 2.51037552e+02, 1.98497910e+02, 2.66373657e+02,
    1.37638794e+02, 1.95092392e+02, 1.47019821e+02, 2.11517761e+02,
    1.56193130e+02, 2.27665573e+02, 1.65146744e+02, 2.43439285e+02,
    1.73909744e+02, 2.59093384e+02, 1.82589508e+02, 2.74358490e+02,
    1.20898285e+02, 2.03510849e+02, 1.30365753e+02, 2.19835617e+02,
    1.39766556e+02, 2.35890991e+02, 1.48805908e+02, 2.51654175e+02,
    1.57768921e+02, 2.67170715e+02, 1.66523041e+02, 2.82424042e+02,
    1.04354462e+02, 2.11883942e+02, 1.13922951e+02, 2.28114563e+02,
    1.23370522e+02, 2.44123260e+02, 1.32656097e+02, 2.59738129e+02,
    1.41718857e+02, 2.75178040e+02, 1.50614273e+02, 2.90322266e+02,
    8.78273010e+01, 2.20218536e+02, 9.75670700e+01, 2.36255219e+02,
    1.07105339e+02, 2.52271255e+02, 1.16393600e+02, 2.67963531e+02,
    1.25683434e+02, 2.83211426e+02, 1.34702866e+02, 2.98292542e+02,
    7.16071014e+01, 2.28279510e+02, 8.13252869e+01, 2.44527878e+02,
    9.09905548e+01, 2.60340576e+02, 1.00474068e+02, 2.75989777e+02,
    1.09737488e+02, 2.91144775e+02, 1.18978317e+02, 3.06201508e+02,
    5.56650581e+01, 2.36789261e+02, 6.53259964e+01, 2.52692169e+02,
    7.50969162e+01, 2.68460022e+02, 8.45437241e+01, 2.83810455e+02,
    9.40735397e+01, 2.99064331e+02, 1.03347847e+02, 3.13963409e+02,
    3.98847466e+01, 2.44954971e+02, 4.97364311e+01, 2.60855591e+02,
    5.93584213e+01, 2.76404755e+02, 6.90664062e+01, 2.91665314e+02,
    7.84944534e+01, 3.06678375e+02, 8.79771118e+01, 3.21643646e+02 ]
