%YAML:1.0
---
points: [ 1.12425735e+02, 1.96862045e+02, 1.13634926e+02, 2.05880661e+02,
    1.14755241e+02, 2.14854523e+02, 1.16002823e+02, 2.23700317e+02,
    1.17155266e+02, 2.32587677e+02, 1.18326881e+02, 2.41530182e+02,
    1.03065865e+02, 1.97986969e+02, 1.04257126e+02, 2.07013672e+02,
    1.05464539e+02, 2.15824173e+02, 1.06672264e+02, 2.24821533e+02,
    1.07916412e+02, 2.33736328e+02, 1.09118202e+02, 2.42650162e+02,
    9.37433853e+01, 1.98943176e+02, 9.49659348e+01, 2.08092361e+02,
    9.62664948e+01, 2.16959885e+02, 9.73145905e+01, 2.25903046e+02,
    9.85877151e+01, 2.34862976e+02, 9.98427505e+01, 2.43813095e+02,
    8.43756409e+01, 2.00079987e+02, 8.56415405e+01, 2.09081772e+02,
    8.69043732e+01, 2.18022720e+02, 8.81773834e+01, 2.27112137e+02,
    8.93707428e+01, 2.36035645e+02, 9.04893646e+01, 2.44879410e+02,
    7.51681824e+01, 2.01131577e+02, 7.63565903e+01, 2.10100311e+02,
    7.75368347e+01, 2.19221497e+02, 7.87353363e+01, 2.28140625e+02,
    7.99618912e+01, 2.37138351e+02, 8.12643433e+01, 2.46120270e+02,
    6.58178406e+01, 2.02206253e+02, 6.70393143e+01, 2.11173950e+02,
    6.82855225e+01, 2.20170731e+02, 6.95358658e+01, 2.29287094e+02,
    7.07103195e+01, 2.38265945e+02, 7.19941635e+01, 2.47241852e+02,
    5.65804596e+01, 2.03316360e+02, 5.77661285e+01, 2.12245926e+02,
    5.89486618e+01, 2.21419937e+02, 6.02100868e+01, 2.30277603e+02,
    6.13611374e+01, 2.39334259e+02, 6.26746635e+01, 2.48234436e+02,
    4.72779350e+01, 2.04274765e+02, 4.84735413e+01, 2.13436279e+02,
    4.98113937e+01, 2.22250290e+02, 5.10542030e+01, 2.31492493e+02,
    5.22523384e+01, 2.40456497e+02, 5.35352097e+01, 2.49574875e+02 ]
