%YAML:1.0
---
points: [ 5.33834839e+02, 4.88359802e+02, 5.42548096e+02, 5.11089386e+02,
    5.51105591e+02, 5.32944641e+02, 5.59297180e+02, 5.54334534e+02,
    5.67263428e+02, 5.74942200e+02, 5.74965759e+02, 5.95321655e+02,
    5.06707489e+02, 4.91243286e+02, 5.15922852e+02, 5.13604126e+02,
    5.24706726e+02, 5.35515808e+02, 5.33260071e+02, 5.56687683e+02,
    5.41540710e+02, 5.77495667e+02, 5.49595703e+02, 5.97638367e+02,
    4.79676270e+02, 4.93792175e+02, 4.89299896e+02, 5.16352112e+02,
    4.98527496e+02, 5.38333984e+02, 5.07400238e+02, 5.59503784e+02,
    5.16203247e+02, 5.80146545e+02, 5.24555115e+02, 6.00288208e+02,
    4.52664429e+02, 4.96695160e+02, 4.62596191e+02, 5.18983276e+02,
    4.72210052e+02, 5.40817627e+02, 4.81408783e+02, 5.61926514e+02,
    4.90387604e+02, 5.82596313e+02, 4.99288452e+02, 6.02688721e+02,
    4.25724243e+02, 4.99304840e+02, 4.36103912e+02, 5.21791260e+02,
    4.45995026e+02, 5.43401367e+02, 4.55572357e+02, 5.64601562e+02,
    4.65126251e+02, 5.85200195e+02, 4.74003540e+02, 6.05306763e+02,
    3.98953369e+02, 5.02260162e+02, 4.09502533e+02, 5.24378174e+02,
    4.19751984e+02, 5.46185608e+02, 4.29664429e+02, 5.67062012e+02,
    4.39499298e+02, 5.87724915e+02, 4.48863617e+02, 6.07622253e+02,
    3.72042969e+02, 5.04590851e+02, 3.83012054e+02, 5.27065857e+02,
    3.93569397e+02, 5.48705750e+02, 4.03792969e+02, 5.69864197e+02,
    4.13962830e+02, 5.90307007e+02, 4.23680298e+02, 6.10243469e+02,
    3.45365234e+02, 5.07375946e+02, 3.56589417e+02, 5.29546387e+02,
    3.67547272e+02, 5.51260376e+02, 3.78234283e+02, 5.72263428e+02,
    3.88534210e+02, 5.92835022e+02, 3.98640961e+02, 6.12581543e+02 ]
