%YAML:1.0
---
points: [ 1.73569260e+02, 1.95497070e+02, 1.78736069e+02, 2.10833466e+02,
    1.83818985e+02, 2.25733963e+02, 1.88822723e+02, 2.40435318e+02,
    1.93700653e+02, 2.55008865e+02, 1.98549942e+02, 2.69393585e+02,
    1.58243439e+02, 2.00497040e+02, 1.63592438e+02, 2.15997452e+02,
    1.68954056e+02, 2.31225159e+02, 1.74032364e+02, 2.46243301e+02,
    1.79195694e+02, 2.61131226e+02, 1.84146667e+02, 2.75745544e+02,
    1.41983368e+02, 2.05790482e+02, 1.47671844e+02, 2.21539444e+02,
    1.53189560e+02, 2.37101700e+02, 1.58668091e+02, 2.52397903e+02,
    1.63995392e+02, 2.67434021e+02, 1.69217041e+02, 2.82333679e+02,
    1.25210106e+02, 2.11306519e+02, 1.31110306e+02, 2.27300720e+02,
    1.36982605e+02, 2.43178528e+02, 1.42589020e+02, 2.58718353e+02,
    1.48181274e+02, 2.74128235e+02, 1.53637604e+02, 2.89140503e+02,
    1.07716705e+02, 2.17043015e+02, 1.13908142e+02, 2.33337860e+02,
    1.19998535e+02, 2.49461594e+02, 1.25881271e+02, 2.65308838e+02,
    1.31712006e+02, 2.80934418e+02, 1.37408112e+02, 2.96237488e+02,
    8.95913696e+01, 2.22881577e+02, 9.60431290e+01, 2.39598053e+02,
    1.02308571e+02, 2.56144684e+02, 1.08441841e+02, 2.72170319e+02,
    1.14610565e+02, 2.88136627e+02, 1.20621574e+02, 3.03689148e+02,
    7.10343323e+01, 2.29015106e+02, 7.73297653e+01, 2.46020889e+02,
    8.41105576e+01, 2.62904572e+02, 9.05226517e+01, 2.79273560e+02,
    9.69592285e+01, 2.95408752e+02, 1.03202286e+02, 3.11350494e+02,
    5.13596954e+01, 2.35474976e+02, 5.83527756e+01, 2.52947342e+02,
    6.51288757e+01, 2.69936768e+02, 7.20500412e+01, 2.86590851e+02,
    7.86346436e+01, 3.02978455e+02, 8.52438049e+01, 3.19213776e+02 ]
