%YAML:1.0
---
points: [ 1.26478796e+03, 2.73005951e+02, 1.29148718e+03, 2.78307678e+02,
    1.31753491e+03, 2.83525085e+02, 1.34323535e+03, 2.88630676e+02,
    1.36827173e+03, 2.93601898e+02, 1.39255420e+03, 2.98524139e+02,
    1.26311584e+03, 3.05499908e+02, 1.28973730e+03, 3.10437836e+02,
    1.31588147e+03, 3.15288696e+02, 1.34156299e+03, 3.20034454e+02,
    1.36653760e+03, 3.24759277e+02, 1.39119995e+03, 3.29403076e+02,
    1.26112402e+03, 3.38269562e+02, 1.28784668e+03, 3.42938812e+02,
    1.31411768e+03, 3.47340363e+02, 1.33978345e+03, 3.51687500e+02,
    1.36516528e+03, 3.56155029e+02, 1.38979248e+03, 3.60385834e+02,
    1.25944897e+03, 3.70803680e+02, 1.28622217e+03, 3.75193695e+02,
    1.31242749e+03, 3.79259552e+02, 1.33825037e+03, 3.83304657e+02,
    1.36359497e+03, 3.87357300e+02, 1.38822119e+03, 3.91349579e+02,
    1.25779602e+03, 4.03438507e+02, 1.28451831e+03, 4.07431305e+02,
    1.31091260e+03, 4.11297607e+02, 1.33668225e+03, 4.14978058e+02,
    1.36196301e+03, 4.18633270e+02, 1.38657458e+03, 4.22395355e+02,
    1.25574219e+03, 4.36152039e+02, 1.28284497e+03, 4.39683136e+02,
    1.30928125e+03, 4.43392548e+02, 1.33504895e+03, 4.46626282e+02,
    1.36045203e+03, 4.50186188e+02, 1.38535498e+03, 4.53450195e+02,
    1.25414709e+03, 4.69071655e+02, 1.28115564e+03, 4.72217499e+02,
    1.30756201e+03, 4.75438629e+02, 1.33344055e+03, 4.78496216e+02,
    1.35888135e+03, 4.81486633e+02, 1.38377014e+03, 4.84550293e+02,
    1.25246692e+03, 5.02151337e+02, 1.27950403e+03, 5.04766541e+02,
    1.30613245e+03, 5.07667084e+02, 1.33198035e+03, 5.10440430e+02,
    1.35743713e+03, 5.13224548e+02, 1.38237512e+03, 5.15815369e+02 ]
