%YAML:1.0
---
points: [ 1.28725250e+02, 1.97891830e+02, 1.31579758e+02, 2.05526413e+02,
    1.34137131e+02, 2.12993011e+02, 1.36757202e+02, 2.20152237e+02,
    1.39257111e+02, 2.27232803e+02, 1.41692368e+02, 2.33998459e+02,
    1.19675438e+02, 1.98828979e+02, 1.22430336e+02, 2.06505463e+02,
    1.25294640e+02, 2.13812149e+02, 1.28015213e+02, 2.21083023e+02,
    1.30624466e+02, 2.28053696e+02, 1.33182114e+02, 2.34852066e+02,
    1.10599693e+02, 1.99767761e+02, 1.13593208e+02, 2.07370728e+02,
    1.16481171e+02, 2.14734741e+02, 1.19261330e+02, 2.21937897e+02,
    1.22065880e+02, 2.28931152e+02, 1.24674377e+02, 2.35749115e+02,
    1.01446938e+02, 2.00683136e+02, 1.04670898e+02, 2.08322220e+02,
    1.07661522e+02, 2.15576660e+02, 1.10576660e+02, 2.22799576e+02,
    1.13443954e+02, 2.29768387e+02, 1.16245598e+02, 2.36605087e+02,
    9.25440216e+01, 2.01617294e+02, 9.57847900e+01, 2.09098068e+02,
    9.88792419e+01, 2.16638535e+02, 1.01883766e+02, 2.23672165e+02,
    1.04896385e+02, 2.30775558e+02, 1.07796036e+02, 2.37518524e+02,
    8.36048965e+01, 2.02527039e+02, 8.69640121e+01, 2.10103775e+02,
    9.01307297e+01, 2.17393143e+02, 9.33926239e+01, 2.24606552e+02,
    9.63860397e+01, 2.31566483e+02, 9.93281860e+01, 2.38251083e+02,
    7.46682434e+01, 2.03474838e+02, 7.81515427e+01, 2.10989120e+02,
    8.13730011e+01, 2.18289536e+02, 8.47021027e+01, 2.25444809e+02,
    8.77531738e+01, 2.32359406e+02, 9.09288712e+01, 2.39096619e+02,
    6.58466034e+01, 2.04351059e+02, 6.94181137e+01, 2.11952637e+02,
    7.28775787e+01, 2.19165466e+02, 7.62103806e+01, 2.26339325e+02,
    7.94524231e+01, 2.33170120e+02, 8.26248322e+01, 2.39829391e+02 ]
