%YAML:1.0
---
points: [ 1.27720142e+03, 8.84574814e+01, 1.31241370e+03, 8.69476547e+01,
    1.34750623e+03, 8.54899063e+01, 1.38235571e+03, 8.38078918e+01,
    1.41715076e+03, 8.24791183e+01, 1.45167236e+03, 8.12725983e+01,
    1.27272656e+03, 1.26620789e+02, 1.30749817e+03, 1.24868362e+02,
    1.34213513e+03, 1.23518860e+02, 1.37643091e+03, 1.21925705e+02,
    1.41080811e+03, 1.20378525e+02, 1.44480627e+03, 1.18944763e+02,
    1.26853613e+03, 1.64057358e+02, 1.30254004e+03, 1.62376450e+02,
    1.33676038e+03, 1.60598114e+02, 1.37056128e+03, 1.59129913e+02,
    1.40460791e+03, 1.57417801e+02, 1.43830066e+03, 1.55774384e+02,
    1.26435547e+03, 1.99778839e+02, 1.29787720e+03, 1.98198013e+02,
    1.33155713e+03, 1.96483948e+02, 1.36489758e+03, 1.94669281e+02,
    1.39847974e+03, 1.92936111e+02, 1.43172302e+03, 1.91471573e+02,
    1.26026807e+03, 2.34794830e+02, 1.29341199e+03, 2.33147781e+02,
    1.32664709e+03, 2.31292740e+02, 1.35948083e+03, 2.29571899e+02,
    1.39235461e+03, 2.27773590e+02, 1.42530054e+03, 2.26121246e+02,
    1.25632568e+03, 2.68562042e+02, 1.28907947e+03, 2.66654388e+02,
    1.32169507e+03, 2.65131683e+02, 1.35424658e+03, 2.63217865e+02,
    1.38659937e+03, 2.61552856e+02, 1.41887354e+03, 2.59720123e+02,
    1.25256360e+03, 3.01499512e+02, 1.28463049e+03, 2.99529785e+02,
    1.31682251e+03, 2.97640869e+02, 1.34891077e+03, 2.95873596e+02,
    1.38093457e+03, 2.93931366e+02, 1.41283093e+03, 2.92323486e+02,
    1.24871680e+03, 3.33472748e+02, 1.28052490e+03, 3.31358887e+02,
    1.31228796e+03, 3.29485779e+02, 1.34381519e+03, 3.27676819e+02,
    1.37551428e+03, 3.25713684e+02, 1.40687891e+03, 3.24002869e+02 ]
