%YAML:1.0
---
points: [ 5.77186584e+02, 4.24050476e+02, 5.85342773e+02, 4.49407928e+02,
    5.93193970e+02, 4.74434540e+02, 6.01062012e+02, 4.99298767e+02,
    6.08805237e+02, 5.23928406e+02, 6.16602417e+02, 5.48520264e+02,
    5.52247192e+02, 4.29702179e+02, 5.60514587e+02, 4.55418030e+02,
    5.68608948e+02, 4.80915344e+02, 5.76780518e+02, 5.06201843e+02,
    5.84725281e+02, 5.31216675e+02, 5.92637146e+02, 5.56066345e+02,
    5.26534607e+02, 4.35480957e+02, 5.34991272e+02, 4.61576660e+02,
    5.43445618e+02, 4.87507416e+02, 5.51754517e+02, 5.13266113e+02,
    5.59956482e+02, 5.38571289e+02, 5.68121460e+02, 5.63971191e+02,
    4.99896820e+02, 4.41676361e+02, 5.08535980e+02, 4.68253326e+02,
    5.17324951e+02, 4.94488342e+02, 5.25842041e+02, 5.20502258e+02,
    5.34305664e+02, 5.46392395e+02, 5.42702942e+02, 5.72014099e+02,
    4.72377899e+02, 4.48120789e+02, 4.81418457e+02, 4.75157104e+02,
    4.90304626e+02, 5.01571381e+02, 4.99033630e+02, 5.28289856e+02,
    5.07675751e+02, 5.54395020e+02, 5.16389343e+02, 5.80493042e+02,
    4.44016052e+02, 4.54643158e+02, 4.53209534e+02, 4.81789673e+02,
    4.62305878e+02, 5.09078796e+02, 4.71242462e+02, 5.35979309e+02,
    4.80250549e+02, 5.62614807e+02, 4.89176453e+02, 5.89183350e+02,
    4.14269104e+02, 4.61363373e+02, 4.23686646e+02, 4.89272217e+02,
    4.33258850e+02, 5.16688965e+02, 4.42495667e+02, 5.44323730e+02,
    4.51617859e+02, 5.71398499e+02, 4.60728088e+02, 5.98271912e+02,
    3.83796326e+02, 4.68468079e+02, 3.93649780e+02, 4.96705902e+02,
    4.03279907e+02, 5.24713867e+02, 4.12820648e+02, 5.52506836e+02,
    4.22412689e+02, 5.80289978e+02, 4.31730530e+02, 6.07401733e+02 ]
