%YAML:1.0
---
points: [ 1.89956329e+02, 2.00680435e+02, 1.93527100e+02, 2.13794556e+02,
    1.97008118e+02, 2.26688797e+02, 2.00537079e+02, 2.39669037e+02,
    2.04029663e+02, 2.52493622e+02, 2.07511673e+02, 2.65436432e+02,
    1.77302063e+02, 2.03719284e+02, 1.81000977e+02, 2.16948044e+02,
    1.84571045e+02, 2.30210541e+02, 1.88177673e+02, 2.43361450e+02,
    1.91737137e+02, 2.56596619e+02, 1.95176071e+02, 2.69733917e+02,
    1.64001419e+02, 2.06846817e+02, 1.67798904e+02, 2.20370438e+02,
    1.71424698e+02, 2.33901459e+02, 1.75179504e+02, 2.47371719e+02,
    1.78794632e+02, 2.60740051e+02, 1.82449905e+02, 2.74200714e+02,
    1.50224228e+02, 2.10130280e+02, 1.54103867e+02, 2.23929901e+02,
    1.57934891e+02, 2.37725143e+02, 1.61647934e+02, 2.51406967e+02,
    1.65408539e+02, 2.65214935e+02, 1.69161209e+02, 2.78800720e+02,
    1.35837265e+02, 2.13472565e+02, 1.39832153e+02, 2.27615952e+02,
    1.43738464e+02, 2.41696213e+02, 1.47638947e+02, 2.55733887e+02,
    1.51451065e+02, 2.69705200e+02, 1.55271896e+02, 2.83678680e+02,
    1.20857330e+02, 2.17165802e+02, 1.24950935e+02, 2.31434937e+02,
    1.28946503e+02, 2.45908600e+02, 1.32934296e+02, 2.60209747e+02,
    1.36910126e+02, 2.74456757e+02, 1.40860779e+02, 2.88692627e+02,
    1.05320740e+02, 2.20750244e+02, 1.09473991e+02, 2.35439728e+02,
    1.13590927e+02, 2.50186508e+02, 1.17721481e+02, 2.64867249e+02,
    1.21799751e+02, 2.79394775e+02, 1.25898468e+02, 2.93950409e+02,
    8.91166153e+01, 2.24604568e+02, 9.34565887e+01, 2.39732498e+02,
    9.75823135e+01, 2.54488968e+02, 1.01829643e+02, 2.69646912e+02,
    1.06048500e+02, 2.84418732e+02, 1.10261314e+02, 2.99296265e+02 ]
