%YAML:1.0
---
points: [ 1.42770905e+02, 1.76067307e+02, 1.45386230e+02, 1.84611893e+02,
    1.48061707e+02, 1.93112778e+02, 1.50680191e+02, 2.01498962e+02,
    1.53188522e+02, 2.09883804e+02, 1.55795761e+02, 2.18234390e+02,
    1.34558868e+02, 1.78040314e+02, 1.37281815e+02, 1.86649170e+02,
    1.40072754e+02, 1.95302536e+02, 1.42713699e+02, 2.03845230e+02,
    1.45352112e+02, 2.12300537e+02, 1.47958939e+02, 2.20761841e+02,
    1.26148682e+02, 1.79997238e+02, 1.28957916e+02, 1.88804474e+02,
    1.31710403e+02, 1.97499130e+02, 1.34496979e+02, 2.06243896e+02,
    1.37177292e+02, 2.14866669e+02, 1.39892700e+02, 2.23403030e+02,
    1.17463570e+02, 1.82110123e+02, 1.20280746e+02, 1.90997147e+02,
    1.23152275e+02, 1.99948914e+02, 1.25972794e+02, 2.08742111e+02,
    1.28738220e+02, 2.17449356e+02, 1.31554626e+02, 2.26173096e+02,
    1.08339600e+02, 1.84203705e+02, 1.11349075e+02, 1.93262527e+02,
    1.14268265e+02, 2.02304581e+02, 1.17199409e+02, 2.11290390e+02,
    1.20103340e+02, 2.20197662e+02, 1.22974533e+02, 2.29033188e+02,
    9.92026825e+01, 1.86460938e+02, 1.02209648e+02, 1.95613434e+02,
    1.05207481e+02, 2.04850311e+02, 1.08155098e+02, 2.13970078e+02,
    1.11097717e+02, 2.23033386e+02, 1.14028328e+02, 2.31936356e+02,
    8.95811691e+01, 1.88735107e+02, 9.26541977e+01, 1.98092926e+02,
    9.57524948e+01, 2.07510803e+02, 9.87510452e+01, 2.16717468e+02,
    1.01775604e+02, 2.25907822e+02, 1.04791489e+02, 2.35048767e+02,
    7.97330170e+01, 1.91179581e+02, 8.29537354e+01, 2.00675919e+02,
    8.61095505e+01, 2.10194275e+02, 8.91861267e+01, 2.19519867e+02,
    9.22334442e+01, 2.28837280e+02, 9.52759247e+01, 2.38074860e+02 ]
