%YAML:1.0
---
points: [ 4.98809875e+02, 2.88439484e+02, 5.25060852e+02, 3.06426605e+02,
    5.51227173e+02, 3.24306946e+02, 5.77069153e+02, 3.41856445e+02,
    6.02994690e+02, 3.59564178e+02, 6.29940491e+02, 3.77267029e+02,
    4.88922943e+02, 3.12856262e+02, 5.14793884e+02, 3.30501556e+02,
    5.40634155e+02, 3.48001404e+02, 5.66297791e+02, 3.65464783e+02,
    5.91751343e+02, 3.82639893e+02, 6.17137390e+02, 3.99990173e+02,
    4.79313538e+02, 3.36698944e+02, 5.04836517e+02, 3.53810638e+02,
    5.30402039e+02, 3.71185791e+02, 5.55672485e+02, 3.88162598e+02,
    5.80932007e+02, 4.05235962e+02, 6.05840698e+02, 4.22187195e+02,
    4.69856812e+02, 3.59679993e+02, 4.95252441e+02, 3.76837036e+02,
    5.20327209e+02, 3.93665680e+02, 5.45403503e+02, 4.10526886e+02,
    5.70303223e+02, 4.27279724e+02, 5.95066833e+02, 4.43931152e+02,
    4.60729889e+02, 3.82310669e+02, 4.85681122e+02, 3.98882843e+02,
    5.10595428e+02, 4.15634644e+02, 5.35398865e+02, 4.32169373e+02,
    5.60069946e+02, 4.48667542e+02, 5.84436829e+02, 4.64922516e+02,
    4.51634399e+02, 4.04246368e+02, 4.76487183e+02, 4.20665131e+02,
    5.00955322e+02, 4.36904602e+02, 5.25508179e+02, 4.53309937e+02,
    5.49790771e+02, 4.69469604e+02, 5.74148376e+02, 4.85632721e+02,
    4.43088348e+02, 4.25728821e+02, 4.67482666e+02, 4.41737427e+02,
    4.91661530e+02, 4.57996948e+02, 5.15840271e+02, 4.73933624e+02,
    5.40054565e+02, 4.90067230e+02, 5.63814941e+02, 5.05710938e+02,
    4.34508026e+02, 4.46502075e+02, 4.58571838e+02, 4.62455627e+02,
    4.82660736e+02, 4.78251099e+02, 5.06487518e+02, 4.94161377e+02,
    5.30364685e+02, 5.09695465e+02, 5.54101440e+02, 5.25464844e+02 ]
