%YAML:1.0
---
points: [ 1.18651276e+02, 1.30450974e+02, 1.27336662e+02, 1.36335983e+02,
    1.36129776e+02, 1.42376526e+02, 1.44742615e+02, 1.48293533e+02,
    1.53438019e+02, 1.54297791e+02, 1.62091278e+02, 1.60171753e+02,
    1.15127953e+02, 1.38656097e+02, 1.23704895e+02, 1.44557693e+02,
    1.32332138e+02, 1.50419525e+02, 1.40902603e+02, 1.56313217e+02,
    1.49461411e+02, 1.62166183e+02, 1.58010651e+02, 1.67954971e+02,
    1.11638504e+02, 1.46713806e+02, 1.20172554e+02, 1.52412704e+02,
    1.28670624e+02, 1.58276047e+02, 1.37165344e+02, 1.64061951e+02,
    1.45616272e+02, 1.69763336e+02, 1.54022385e+02, 1.75449036e+02,
    1.08283501e+02, 1.54543823e+02, 1.16718811e+02, 1.60224823e+02,
    1.25145828e+02, 1.65896210e+02, 1.33460861e+02, 1.71568329e+02,
    1.41837936e+02, 1.77228851e+02, 1.50203125e+02, 1.82860687e+02,
    1.05153267e+02, 1.62080795e+02, 1.13306625e+02, 1.67635849e+02,
    1.21663139e+02, 1.73333618e+02, 1.29941116e+02, 1.78860092e+02,
    1.38208481e+02, 1.84410629e+02, 1.46385559e+02, 1.90033707e+02,
    1.01801788e+02, 1.69513626e+02, 1.10067886e+02, 1.75085999e+02,
    1.18236435e+02, 1.80486603e+02, 1.26433907e+02, 1.86134720e+02,
    1.34549728e+02, 1.91471695e+02, 1.42776642e+02, 1.97028122e+02,
    9.87241364e+01, 1.76746155e+02, 1.06820015e+02, 1.82246628e+02,
    1.14932144e+02, 1.87659637e+02, 1.23004875e+02, 1.93182373e+02,
    1.31106873e+02, 1.98453156e+02, 1.39142990e+02, 2.03896072e+02,
    9.57086563e+01, 1.83682617e+02, 1.03896973e+02, 1.88848328e+02,
    1.11732597e+02, 1.94333145e+02, 1.19944450e+02, 1.99372131e+02,
    1.27695930e+02, 2.05118011e+02, 1.35798920e+02, 2.10053589e+02 ]
