%YAML:1.0
---
points: [ 2.93941406e+02, 2.10315948e+02, 3.01952148e+02, 2.27790741e+02,
    3.09786438e+02, 2.44928101e+02, 3.17465363e+02, 2.61748535e+02,
    3.25025238e+02, 2.78259247e+02, 3.32427155e+02, 2.94459808e+02,
    2.76351349e+02, 2.16697006e+02, 2.84362152e+02, 2.33755936e+02,
    2.92178925e+02, 2.50406830e+02, 2.99839722e+02, 2.66840729e+02,
    3.07436035e+02, 2.82931793e+02, 3.14843140e+02, 2.98782684e+02,
    2.59336823e+02, 2.22808228e+02, 2.67322266e+02, 2.39452408e+02,
    2.75144165e+02, 2.55803268e+02, 2.82808990e+02, 2.71812225e+02,
    2.90411285e+02, 2.87548645e+02, 2.97825287e+02, 3.02958069e+02,
    2.43084091e+02, 2.28707932e+02, 2.51025040e+02, 2.44910828e+02,
    2.58929474e+02, 2.60838776e+02, 2.66639862e+02, 2.76506317e+02,
    2.74205231e+02, 2.91909088e+02, 2.81592133e+02, 3.07083862e+02,
    2.27436859e+02, 2.34397278e+02, 2.35449554e+02, 2.50222504e+02,
    2.43301895e+02, 2.65828644e+02, 2.50957428e+02, 2.81150421e+02,
    2.58549011e+02, 2.96188507e+02, 2.65914246e+02, 3.10998627e+02,
    2.12380417e+02, 2.39801544e+02, 2.20400482e+02, 2.55420044e+02,
    2.28219299e+02, 2.70622528e+02, 2.35901855e+02, 2.85581573e+02,
    2.43496933e+02, 3.00340729e+02, 2.50930588e+02, 3.14823273e+02,
    1.97853775e+02, 2.45058014e+02, 2.05830521e+02, 2.60285583e+02,
    2.13706223e+02, 2.75210388e+02, 2.21428223e+02, 2.89855591e+02,
    2.28969131e+02, 3.04271149e+02, 2.36360779e+02, 3.18448975e+02,
    1.83772522e+02, 2.50170715e+02, 1.91858765e+02, 2.65049744e+02,
    1.99635025e+02, 2.79655823e+02, 2.07329132e+02, 2.93993073e+02,
    2.14875565e+02, 3.08162292e+02, 2.22348755e+02, 3.22132263e+02 ]
