%YAML:1.0
---
points: [ 1.30498425e+03, 9.48284073e+01, 1.33643762e+03, 9.93732300e+01,
    1.36797241e+03, 1.03691406e+02, 1.39948657e+03, 1.08414154e+02,
    1.43093115e+03, 1.13051865e+02, 1.46237231e+03, 1.17674019e+02,
    1.30070422e+03, 1.25510910e+02, 1.33228796e+03, 1.29979126e+02,
    1.36372913e+03, 1.34535080e+02, 1.39543567e+03, 1.39105057e+02,
    1.42693408e+03, 1.43715256e+02, 1.45850854e+03, 1.48244141e+02,
    1.29631616e+03, 1.56577957e+02, 1.32781238e+03, 1.61187683e+02,
    1.35951013e+03, 1.65560928e+02, 1.39120850e+03, 1.70172607e+02,
    1.42285376e+03, 1.74510788e+02, 1.45450793e+03, 1.79165878e+02,
    1.29186072e+03, 1.87582291e+02, 1.32351379e+03, 1.92029266e+02,
    1.35524939e+03, 1.96609238e+02, 1.38685645e+03, 2.00972565e+02,
    1.41871338e+03, 2.05551132e+02, 1.45050415e+03, 2.09979507e+02,
    1.28749414e+03, 2.18567932e+02, 1.31923010e+03, 2.23228561e+02,
    1.35096289e+03, 2.27547623e+02, 1.38276221e+03, 2.32269592e+02,
    1.41463611e+03, 2.36548203e+02, 1.44651404e+03, 2.41019928e+02,
    1.28319666e+03, 2.49826981e+02, 1.31489307e+03, 2.54335495e+02,
    1.34671814e+03, 2.58885468e+02, 1.37867908e+03, 2.63251953e+02,
    1.41056067e+03, 2.67786835e+02, 1.44254150e+03, 2.72245483e+02,
    1.27875647e+03, 2.81171570e+02, 1.31052234e+03, 2.85687439e+02,
    1.34249695e+03, 2.89810150e+02, 1.37446277e+03, 2.94481934e+02,
    1.40640613e+03, 2.98863495e+02, 1.43832532e+03, 3.03486237e+02,
    1.27431738e+03, 3.12444183e+02, 1.30622412e+03, 3.16820465e+02,
    1.33796838e+03, 3.21412720e+02, 1.37001477e+03, 3.25689423e+02,
    1.40200073e+03, 3.30381531e+02, 1.43408667e+03, 3.34768005e+02 ]
