%YAML:1.0
---
points: [ 5.15910461e+02, 2.19664032e+02, 5.31705872e+02, 2.39773163e+02,
    5.47251709e+02, 2.59531219e+02, 5.63113953e+02, 2.79532593e+02,
    5.78692139e+02, 2.99450714e+02, 5.94534058e+02, 3.19437012e+02,
    4.98421051e+02, 2.36718567e+02, 5.13885620e+02, 2.56376617e+02,
    5.29658142e+02, 2.76323120e+02, 5.44998718e+02, 2.96074921e+02,
    5.60919556e+02, 3.16014130e+02, 5.76451111e+02, 3.35989868e+02,
    4.80745239e+02, 2.53224121e+02, 4.96386047e+02, 2.73069000e+02,
    5.11853363e+02, 2.92726379e+02, 5.27449890e+02, 3.12475555e+02,
    5.42935852e+02, 3.32407196e+02, 5.58575500e+02, 3.52198364e+02,
    4.63554260e+02, 2.69847107e+02, 4.78717194e+02, 2.89517487e+02,
    4.94362244e+02, 3.09248718e+02, 5.09659912e+02, 3.29202026e+02,
    5.25330811e+02, 3.48569061e+02, 5.40764282e+02, 3.68267609e+02,
    4.46185852e+02, 2.86475098e+02, 4.61611786e+02, 3.05696259e+02,
    4.76791931e+02, 3.25735046e+02, 4.92361908e+02, 3.44985687e+02,
    5.07750000e+02, 3.64499481e+02, 5.23264648e+02, 3.84274841e+02,
    4.29049408e+02, 3.02549744e+02, 4.44289825e+02, 3.22544250e+02,
    4.59609802e+02, 3.41441803e+02, 4.75014465e+02, 3.60742767e+02,
    4.90354736e+02, 3.80482086e+02, 5.05719421e+02, 4.00005798e+02,
    4.12028809e+02, 3.19156830e+02, 4.27325317e+02, 3.37940155e+02,
    4.42514862e+02, 3.57412811e+02, 4.57625702e+02, 3.77000977e+02,
    4.72963837e+02, 3.96275726e+02, 4.88353668e+02, 4.15843597e+02,
    3.95453461e+02, 3.34581635e+02, 4.10477051e+02, 3.53932465e+02,
    4.25488373e+02, 3.73358948e+02, 4.40752594e+02, 3.92468536e+02,
    4.55929504e+02, 4.12066345e+02, 4.71227692e+02, 4.31435059e+02 ]
