%YAML:1.0
---
points: [ 2.97355042e+02, 2.05213608e+02, 3.06836243e+02, 2.25159348e+02,
    3.16280945e+02, 2.44916397e+02, 3.25618927e+02, 2.64464478e+02,
    3.34889465e+02, 2.83791077e+02, 3.44140289e+02, 3.02951538e+02,
    2.77750671e+02, 2.13459259e+02, 2.87243317e+02, 2.32919418e+02,
    2.96487976e+02, 2.52080017e+02, 3.05777985e+02, 2.71171570e+02,
    3.14919739e+02, 2.90042084e+02, 3.24061401e+02, 3.08875122e+02,
    2.58995697e+02, 2.21436646e+02, 2.68273041e+02, 2.40387756e+02,
    2.77490112e+02, 2.59142242e+02, 2.86611176e+02, 2.77716034e+02,
    2.95684601e+02, 2.96189758e+02, 3.04719025e+02, 3.14490875e+02,
    2.41168518e+02, 2.28943314e+02, 2.50349945e+02, 2.47553391e+02,
    2.59466583e+02, 2.65829590e+02, 2.68531342e+02, 2.83920105e+02,
    2.77461945e+02, 3.01989624e+02, 2.86332214e+02, 3.19849548e+02,
    2.23987091e+02, 2.36295883e+02, 2.33100372e+02, 2.54329529e+02,
    2.42143387e+02, 2.72229156e+02, 2.51056473e+02, 2.89974304e+02,
    2.59922363e+02, 3.07633301e+02, 2.68669159e+02, 3.25066681e+02,
    2.07567490e+02, 2.43280136e+02, 2.16610062e+02, 2.61011749e+02,
    2.25471527e+02, 2.78430481e+02, 2.34351181e+02, 2.95819153e+02,
    2.43133072e+02, 3.13049744e+02, 2.51823380e+02, 3.30172363e+02,
    1.91672867e+02, 2.49970703e+02, 2.00672607e+02, 2.67305695e+02,
    2.09532730e+02, 2.84466522e+02, 2.18275604e+02, 3.01413239e+02,
    2.26977020e+02, 3.18247772e+02, 2.35562378e+02, 3.34935486e+02,
    1.76381744e+02, 2.56464050e+02, 1.85305420e+02, 2.73418427e+02,
    1.94056366e+02, 2.90182007e+02, 2.02800735e+02, 3.06790710e+02,
    2.11366562e+02, 3.23281708e+02, 2.19837662e+02, 3.39656281e+02 ]
