%YAML:1.0
---
points: [ 1.47154883e+03, 1.06702965e+02, 1.50478809e+03, 1.08404053e+02,
    1.53789441e+03, 1.10071228e+02, 1.57090222e+03, 1.11996910e+02,
    1.60419727e+03, 1.13685837e+02, 1.63723120e+03, 1.15640053e+02,
    1.46931152e+03, 1.39176926e+02, 1.50236646e+03, 1.40622360e+02,
    1.53569543e+03, 1.42491364e+02, 1.56889099e+03, 1.44314194e+02,
    1.60186987e+03, 1.46136124e+02, 1.63521912e+03, 1.48073929e+02,
    1.46678967e+03, 1.71569107e+02, 1.50019434e+03, 1.73406296e+02,
    1.53341809e+03, 1.75133453e+02, 1.56660901e+03, 1.76742554e+02,
    1.59995508e+03, 1.78667938e+02, 1.63320984e+03, 1.80630692e+02,
    1.46450391e+03, 2.04244995e+02, 1.49765881e+03, 2.05857864e+02,
    1.53105823e+03, 2.07591125e+02, 1.56437805e+03, 2.09371979e+02,
    1.59765222e+03, 2.11408447e+02, 1.63098413e+03, 2.13198654e+02,
    1.46217688e+03, 2.36566071e+02, 1.49546948e+03, 2.38465134e+02,
    1.52865991e+03, 2.40140991e+02, 1.56215796e+03, 2.41874664e+02,
    1.59551282e+03, 2.43813919e+02, 1.62863464e+03, 2.45583984e+02,
    1.45952454e+03, 2.69325989e+02, 1.49285986e+03, 2.70766815e+02,
    1.52644055e+03, 2.72561462e+02, 1.55966858e+03, 2.74603485e+02,
    1.59323022e+03, 2.76575989e+02, 1.62656079e+03, 2.78282440e+02,
    1.45726282e+03, 3.01754181e+02, 1.49052161e+03, 3.03514313e+02,
    1.52391785e+03, 3.05223663e+02, 1.55741760e+03, 3.07308685e+02,
    1.59086572e+03, 3.08920166e+02, 1.62424011e+03, 3.10978180e+02,
    1.45454004e+03, 3.34387634e+02, 1.48807288e+03, 3.35904633e+02,
    1.52158643e+03, 3.37836365e+02, 1.55487585e+03, 3.39686432e+02,
    1.58846204e+03, 3.41655609e+02, 1.62195044e+03, 3.43679749e+02 ]
