%YAML:1.0
---
points: [ 1.22185608e+02, 1.07242485e+02, 1.27282906e+02, 1.13790886e+02,
    1.32602432e+02, 1.20544647e+02, 1.37771576e+02, 1.27150612e+02,
    1.43112030e+02, 1.33947098e+02, 1.48329605e+02, 1.40609116e+02,
    1.16122856e+02, 1.12929047e+02, 1.21320580e+02, 1.19497292e+02,
    1.26495964e+02, 1.26216461e+02, 1.31700256e+02, 1.32833359e+02,
    1.37009171e+02, 1.39469131e+02, 1.42228516e+02, 1.46193649e+02,
    1.10229355e+02, 1.18530609e+02, 1.15296738e+02, 1.25188820e+02,
    1.20514198e+02, 1.31774200e+02, 1.25704994e+02, 1.38364334e+02,
    1.30895187e+02, 1.45048157e+02, 1.36130295e+02, 1.51694763e+02,
    1.04301292e+02, 1.24242760e+02, 1.09410004e+02, 1.30735779e+02,
    1.14570480e+02, 1.37284195e+02, 1.19722244e+02, 1.43974792e+02,
    1.24892609e+02, 1.50477325e+02, 1.30125076e+02, 1.57152512e+02,
    9.84570312e+01, 1.29773331e+02, 1.03601151e+02, 1.36226212e+02,
    1.08670563e+02, 1.42852173e+02, 1.13760445e+02, 1.49353333e+02,
    1.18929344e+02, 1.56017242e+02, 1.24091759e+02, 1.62572739e+02,
    9.27222824e+01, 1.35218872e+02, 9.77146454e+01, 1.41701859e+02,
    1.02846405e+02, 1.48233002e+02, 1.07974892e+02, 1.54838257e+02,
    1.13035934e+02, 1.61348267e+02, 1.18190010e+02, 1.67998596e+02,
    8.70933151e+01, 1.40737656e+02, 9.19590836e+01, 1.47179749e+02,
    9.69869080e+01, 1.53712814e+02, 1.02048462e+02, 1.60248199e+02,
    1.07193535e+02, 1.66810349e+02, 1.12243065e+02, 1.73379089e+02,
    8.13868256e+01, 1.46160339e+02, 8.63732300e+01, 1.52546234e+02,
    9.12909927e+01, 1.59102203e+02, 9.63000565e+01, 1.65483276e+02,
    1.01394371e+02, 1.72133377e+02, 1.06447105e+02, 1.78567200e+02 ]
