%YAML:1.0
---
points: [ 8.29375458e+01, 1.45561462e+02, 9.12539673e+01, 1.44199371e+02,
    9.95899506e+01, 1.42858566e+02, 1.07871475e+02, 1.41467407e+02,
    1.16205940e+02, 1.40173752e+02, 1.24392319e+02, 1.38866150e+02,
    8.47179718e+01, 1.53711517e+02, 9.30766983e+01, 1.52255753e+02,
    1.01403870e+02, 1.50985245e+02, 1.09688942e+02, 1.49512909e+02,
    1.17962982e+02, 1.48249466e+02, 1.26151413e+02, 1.46924332e+02,
    8.65329437e+01, 1.61694290e+02, 9.48612137e+01, 1.60323151e+02,
    1.03160362e+02, 1.58967453e+02, 1.11406914e+02, 1.57532135e+02,
    1.19667961e+02, 1.56223190e+02, 1.27919174e+02, 1.54933731e+02,
    8.83670349e+01, 1.69863312e+02, 9.66516647e+01, 1.68331024e+02,
    1.05011795e+02, 1.66977402e+02, 1.13244759e+02, 1.65555786e+02,
    1.21449623e+02, 1.64213913e+02, 1.29612350e+02, 1.62804962e+02,
    9.01553726e+01, 1.77726242e+02, 9.84089127e+01, 1.76301117e+02,
    1.06730812e+02, 1.74957977e+02, 1.14952095e+02, 1.73475632e+02,
    1.23190277e+02, 1.72122345e+02, 1.31349701e+02, 1.70734695e+02,
    9.20054550e+01, 1.85758484e+02, 1.00259277e+02, 1.84229843e+02,
    1.08531548e+02, 1.82835022e+02, 1.16742332e+02, 1.81346252e+02,
    1.24970322e+02, 1.80025879e+02, 1.33106506e+02, 1.78528198e+02,
    9.37760620e+01, 1.93622650e+02, 1.02052940e+02, 1.92225067e+02,
    1.10298050e+02, 1.90695236e+02, 1.18502167e+02, 1.89266922e+02,
    1.26705772e+02, 1.87863266e+02, 1.34803680e+02, 1.86390289e+02,
    9.55949631e+01, 2.01484329e+02, 1.03833054e+02, 2.00053070e+02,
    1.12063049e+02, 1.98502533e+02, 1.20250259e+02, 1.97095032e+02,
    1.28377136e+02, 1.95586594e+02, 1.36488327e+02, 1.94206116e+02 ]
