%YAML:1.0
---
points: [ 1.43295410e+03, 9.59938354e+01, 1.47024817e+03, 9.63920517e+01,
    1.50776819e+03, 9.66587296e+01, 1.54619067e+03, 9.72592926e+01,
    1.58497571e+03, 9.75983963e+01, 1.62415747e+03, 9.83391113e+01,
    1.42663672e+03, 1.32448868e+02, 1.46333630e+03, 1.32912033e+02,
    1.50049585e+03, 1.33572922e+02, 1.53822803e+03, 1.34248245e+02,
    1.57644482e+03, 1.35040665e+02, 1.61537903e+03, 1.35774734e+02,
    1.42033301e+03, 1.67989517e+02, 1.45641833e+03, 1.68932739e+02,
    1.49321106e+03, 1.69582596e+02, 1.53038770e+03, 1.70590622e+02,
    1.56833020e+03, 1.71509659e+02, 1.60641101e+03, 1.72591904e+02,
    1.41405103e+03, 2.02679993e+02, 1.44970227e+03, 2.03502914e+02,
    1.48606287e+03, 2.04630219e+02, 1.52269702e+03, 2.05679276e+02,
    1.55991760e+03, 2.07039291e+02, 1.59753101e+03, 2.08207535e+02,
    1.40785547e+03, 2.36326233e+02, 1.44332568e+03, 2.37535385e+02,
    1.47905127e+03, 2.38745499e+02, 1.51530896e+03, 2.40122375e+02,
    1.55208020e+03, 2.41436646e+02, 1.58917493e+03, 2.43045334e+02,
    1.40212207e+03, 2.69122070e+02, 1.43683191e+03, 2.70364777e+02,
    1.47224316e+03, 2.71926147e+02, 1.50775122e+03, 2.73431732e+02,
    1.54422510e+03, 2.75304230e+02, 1.58073962e+03, 2.76658813e+02,
    1.39640759e+03, 3.00796661e+02, 1.43061121e+03, 3.02500885e+02,
    1.46542578e+03, 3.04138947e+02, 1.50061194e+03, 3.06010162e+02,
    1.53665442e+03, 3.07667725e+02, 1.57276074e+03, 3.09533752e+02,
    1.39073584e+03, 3.32191681e+02, 1.42453357e+03, 3.33771912e+02,
    1.45886023e+03, 3.35663605e+02, 1.49366455e+03, 3.37539886e+02,
    1.52900867e+03, 3.39617706e+02, 1.56478015e+03, 3.41600128e+02 ]
