%YAML:1.0
---
points: [ 4.00579010e+02, 3.33156464e+02, 4.26102661e+02, 3.29093597e+02,
    4.51079163e+02, 3.25189697e+02, 4.76167725e+02, 3.21422180e+02,
    5.01079773e+02, 3.17643860e+02, 5.25621765e+02, 3.13621063e+02,
    4.06539246e+02, 3.57035797e+02, 4.31606110e+02, 3.53239899e+02,
    4.56717255e+02, 3.49321106e+02, 4.81551514e+02, 3.45314514e+02,
    5.06542938e+02, 3.41397095e+02, 5.31183044e+02, 3.37673004e+02,
    4.12167664e+02, 3.81249725e+02, 4.37349335e+02, 3.76830933e+02,
    4.62387115e+02, 3.73053619e+02, 4.87146088e+02, 3.69089661e+02,
    5.11869202e+02, 3.65246613e+02, 5.36538391e+02, 3.61270752e+02,
    4.17881500e+02, 4.04808716e+02, 4.42923065e+02, 4.01010895e+02,
    4.67908905e+02, 3.96661316e+02, 4.92592865e+02, 3.92684784e+02,
    5.17438416e+02, 3.88581268e+02, 5.41718689e+02, 3.84770782e+02,
    4.23459412e+02, 4.28694519e+02, 4.48429535e+02, 4.24386230e+02,
    4.73387085e+02, 4.20305634e+02, 4.98078125e+02, 4.16238953e+02,
    5.22701416e+02, 4.12238739e+02, 5.47211487e+02, 4.08043365e+02,
    4.28837952e+02, 4.52215179e+02, 4.54063812e+02, 4.48094788e+02,
    4.78910309e+02, 4.43659607e+02, 5.03466278e+02, 4.39568359e+02,
    5.28094849e+02, 4.35322784e+02, 5.52399048e+02, 4.31268921e+02,
    4.34540955e+02, 4.75799713e+02, 4.59533173e+02, 4.71291779e+02,
    4.84307343e+02, 4.67112457e+02, 5.08784454e+02, 4.62848267e+02,
    5.33411072e+02, 4.58772064e+02, 5.57614563e+02, 4.54487152e+02,
    4.40072968e+02, 4.98916656e+02, 4.64928436e+02, 4.94627014e+02,
    4.89816254e+02, 4.90171448e+02, 5.14281799e+02, 4.86039764e+02,
    5.38575562e+02, 4.81527832e+02, 5.62617737e+02, 4.77368439e+02 ]
