%YAML:1.0
---
points: [ 2.97523010e+02, 1.98767059e+02, 3.06696075e+02, 2.15611816e+02,
    3.16090973e+02, 2.32530243e+02, 3.25580353e+02, 2.49763382e+02,
    3.35246155e+02, 2.67187378e+02, 3.45054047e+02, 2.84874268e+02,
    2.81040710e+02, 2.07158432e+02, 2.90225098e+02, 2.24140350e+02,
    2.99619049e+02, 2.41358246e+02, 3.09131348e+02, 2.58736877e+02,
    3.18730133e+02, 2.76463013e+02, 3.28539612e+02, 2.94446808e+02,
    2.64110779e+02, 2.15792923e+02, 2.73357086e+02, 2.33007965e+02,
    2.82735748e+02, 2.50440063e+02, 2.92234283e+02, 2.68028809e+02,
    3.01880219e+02, 2.85967682e+02, 3.11613647e+02, 3.04256836e+02,
    2.47040649e+02, 2.24662033e+02, 2.56318359e+02, 2.42050995e+02,
    2.65628754e+02, 2.59682709e+02, 2.75075104e+02, 2.77578918e+02,
    2.84724976e+02, 2.95673004e+02, 2.94460205e+02, 3.14135712e+02,
    2.29638123e+02, 2.33667587e+02, 2.38826431e+02, 2.51296951e+02,
    2.48117859e+02, 2.69088074e+02, 2.57597473e+02, 2.87255859e+02,
    2.67214081e+02, 3.05732117e+02, 2.76889740e+02, 3.24368774e+02,
    2.11799423e+02, 2.42807693e+02, 2.21088730e+02, 2.60417084e+02,
    2.29978683e+02, 2.78970856e+02, 2.39698059e+02, 2.97236877e+02,
    2.49263062e+02, 3.15930511e+02, 2.59033234e+02, 3.34881012e+02,
    1.93462234e+02, 2.52149994e+02, 2.02740036e+02, 2.70526428e+02,
    2.12020187e+02, 2.88700989e+02, 2.21435226e+02, 3.07460510e+02,
    2.31003754e+02, 3.26401764e+02, 2.40680420e+02, 3.45649719e+02,
    1.74667526e+02, 2.61906464e+02, 1.84043961e+02, 2.80101746e+02,
    1.93242188e+02, 2.98918304e+02, 2.02673920e+02, 3.17877045e+02,
    2.12249390e+02, 3.37122040e+02, 2.21927917e+02, 3.56626678e+02 ]
