%YAML:1.0
---
points: [ 2.64061859e+02, 2.31715363e+02, 2.73408081e+02, 2.42151154e+02,
    2.83194672e+02, 2.52925720e+02, 2.93316345e+02, 2.64323151e+02,
    3.03859070e+02, 2.75947510e+02, 3.14952423e+02, 2.88285675e+02,
    2.52917145e+02, 2.36557266e+02, 2.62377197e+02, 2.47286179e+02,
    2.72176331e+02, 2.58523712e+02, 2.82382538e+02, 2.70160004e+02,
    2.92973846e+02, 2.82418396e+02, 3.04068848e+02, 2.95104431e+02,
    2.41212585e+02, 2.41616257e+02, 2.50665619e+02, 2.52797913e+02,
    2.60493561e+02, 2.64405334e+02, 2.70737793e+02, 2.76535645e+02,
    2.81412567e+02, 2.89167725e+02, 2.92609100e+02, 3.02396332e+02,
    2.28840698e+02, 2.46986618e+02, 2.38378387e+02, 2.58537292e+02,
    2.48282928e+02, 2.70639526e+02, 2.58490356e+02, 2.83229309e+02,
    2.69181824e+02, 2.96455109e+02, 2.80420715e+02, 3.10118988e+02,
    2.15828629e+02, 2.52602798e+02, 2.25338425e+02, 2.64672729e+02,
    2.35185440e+02, 2.77202118e+02, 2.45451630e+02, 2.90369843e+02,
    2.56302917e+02, 3.04027588e+02, 2.67581116e+02, 3.18415955e+02,
    2.02025696e+02, 2.58667938e+02, 2.11466110e+02, 2.71135010e+02,
    2.21410690e+02, 2.84220795e+02, 2.31673599e+02, 2.97888947e+02,
    2.42458099e+02, 3.12253021e+02, 2.53851471e+02, 3.27206665e+02,
    1.87324463e+02, 2.65012970e+02, 1.96820740e+02, 2.78101410e+02,
    2.06755493e+02, 2.91715454e+02, 2.17039413e+02, 3.06005524e+02,
    2.27824646e+02, 3.20952667e+02, 2.39137405e+02, 3.36681793e+02,
    1.71719620e+02, 2.71868561e+02, 1.81183167e+02, 2.85465576e+02,
    1.91038193e+02, 2.99725677e+02, 2.01366898e+02, 3.14652466e+02,
    2.12139709e+02, 3.30321198e+02, 2.23451752e+02, 3.46782074e+02 ]
