%YAML:1.0
---
points: [ 1.42311646e+03, 1.50111496e+02, 1.45762805e+03, 1.44226639e+02,
    1.49298486e+03, 1.38190811e+02, 1.52898206e+03, 1.32014435e+02,
    1.56601697e+03, 1.25574783e+02, 1.60394763e+03, 1.19427490e+02,
    1.42322266e+03, 1.76409653e+02, 1.45825476e+03, 1.70556580e+02,
    1.49393726e+03, 1.64832993e+02, 1.53053528e+03, 1.58962982e+02,
    1.56799487e+03, 1.53108093e+02, 1.60634033e+03, 1.46843826e+02,
    1.42352856e+03, 2.03302582e+02, 1.45873462e+03, 1.97745209e+02,
    1.49522986e+03, 1.92235718e+02, 1.53190881e+03, 1.86705688e+02,
    1.56978333e+03, 1.81164261e+02, 1.60850439e+03, 1.75386368e+02,
    1.42386926e+03, 2.30548401e+02, 1.45946570e+03, 2.25357132e+02,
    1.49603967e+03, 2.20163727e+02, 1.53335571e+03, 2.14797974e+02,
    1.57162683e+03, 2.09510788e+02, 1.61094739e+03, 2.03963730e+02,
    1.42427893e+03, 2.58268402e+02, 1.45993201e+03, 2.53573822e+02,
    1.49704297e+03, 2.48602554e+02, 1.53473328e+03, 2.43688034e+02,
    1.57364148e+03, 2.38676270e+02, 1.61308130e+03, 2.33556671e+02,
    1.42441882e+03, 2.86553131e+02, 1.46070837e+03, 2.82049408e+02,
    1.49811182e+03, 2.77505951e+02, 1.53634863e+03, 2.72816833e+02,
    1.57552039e+03, 2.68345520e+02, 1.61565173e+03, 2.63401184e+02,
    1.42475781e+03, 3.15341125e+02, 1.46143860e+03, 3.11337769e+02,
    1.49925488e+03, 3.06979645e+02, 1.53769568e+03, 3.02816254e+02,
    1.57748523e+03, 2.98381287e+02, 1.61782312e+03, 2.93997742e+02,
    1.42512317e+03, 3.44739075e+02, 1.46220776e+03, 3.40875458e+02,
    1.50029248e+03, 3.37178802e+02, 1.53926160e+03, 3.33390839e+02,
    1.57939087e+03, 3.29368011e+02, 1.62043677e+03, 3.25297729e+02 ]
