%YAML:1.0
---
points: [ 3.89665314e+02, 2.81533051e+02, 4.31753632e+02, 3.11477631e+02,
    4.73184509e+02, 3.40727631e+02, 5.13690308e+02, 3.69311035e+02,
    5.53347351e+02, 3.97407745e+02, 5.92236938e+02, 4.24700470e+02,
    3.57678528e+02, 3.09397430e+02, 4.01068268e+02, 3.39594666e+02,
    4.43875549e+02, 3.69414551e+02, 4.85730682e+02, 3.98376495e+02,
    5.26589966e+02, 4.26774445e+02, 5.66752319e+02, 4.54460358e+02,
    3.23993195e+02, 3.38464325e+02, 3.68796814e+02, 3.69359558e+02,
    4.13021240e+02, 3.99475922e+02, 4.56293274e+02, 4.28753815e+02,
    4.98564331e+02, 4.57629364e+02, 5.39963074e+02, 4.85757904e+02,
    2.88527710e+02, 3.69507324e+02, 3.34700470e+02, 4.00738281e+02,
    3.80455750e+02, 4.31277954e+02, 4.25192047e+02, 4.61115173e+02,
    4.68835358e+02, 4.90350555e+02, 5.11744049e+02, 5.18725891e+02,
    2.50875229e+02, 4.02294250e+02, 2.98862579e+02, 4.33895874e+02,
    3.45908478e+02, 4.65043579e+02, 3.92251709e+02, 4.95336975e+02,
    4.37576752e+02, 5.24820190e+02, 4.81819855e+02, 5.53677002e+02,
    2.11387009e+02, 4.36739532e+02, 2.60865784e+02, 4.69083710e+02,
    3.09700226e+02, 5.00526978e+02, 3.57431854e+02, 5.31366760e+02,
    4.04403046e+02, 5.61359558e+02, 4.50234955e+02, 5.90570007e+02,
    1.69315674e+02, 4.73924255e+02, 2.20633301e+02, 5.06601471e+02,
    2.71052399e+02, 5.38592041e+02, 3.20590942e+02, 5.69762634e+02,
    3.69068268e+02, 6.00353821e+02, 4.16603180e+02, 6.29865356e+02,
    1.25494034e+02, 5.12923462e+02, 1.78468155e+02, 5.46247314e+02,
    2.30714783e+02, 5.78595032e+02, 2.81788849e+02, 6.10276001e+02,
    3.32134399e+02, 6.41132141e+02, 3.81220428e+02, 6.71231628e+02 ]
