%YAML:1.0
---
points: [ 9.02848282e+01, 1.28247360e+02, 1.03965256e+02, 1.38204254e+02,
    1.17413124e+02, 1.48031479e+02, 1.30800003e+02, 1.57627731e+02,
    1.43793442e+02, 1.67078049e+02, 1.56726028e+02, 1.76309052e+02,
    8.01558228e+01, 1.37666092e+02, 9.42314682e+01, 1.47726959e+02,
    1.08162376e+02, 1.57717224e+02, 1.21941864e+02, 1.67451492e+02,
    1.35464539e+02, 1.77053848e+02, 1.48698425e+02, 1.86405899e+02,
    6.96226196e+01, 1.47552032e+02, 8.41052094e+01, 1.57819702e+02,
    9.84572525e+01, 1.67893387e+02, 1.12691605e+02, 1.77756073e+02,
    1.26577583e+02, 1.87460663e+02, 1.40291199e+02, 1.97086212e+02,
    5.85558052e+01, 1.58026413e+02, 7.34728928e+01, 1.68358215e+02,
    8.82625656e+01, 1.78628418e+02, 1.02863625e+02, 1.88700806e+02,
    1.17245811e+02, 1.98547394e+02, 1.31411362e+02, 2.08136154e+02,
    4.69527512e+01, 1.69094513e+02, 6.21771393e+01, 1.79691681e+02,
    7.74716949e+01, 1.90056137e+02, 9.25353851e+01, 2.00198257e+02,
    1.07417351e+02, 2.10210999e+02, 1.22022591e+02, 2.19984146e+02,
    3.48686600e+01, 1.80779434e+02, 5.05150414e+01, 1.91464752e+02,
    6.62042160e+01, 2.01979172e+02, 8.16688614e+01, 2.12390198e+02,
    9.70529785e+01, 2.22545715e+02, 1.12114578e+02, 2.32364502e+02,
    2.22346172e+01, 1.93186523e+02, 3.81551781e+01, 2.04141922e+02,
    5.42358437e+01, 2.14789520e+02, 7.02581558e+01, 2.25205383e+02,
    8.60617371e+01, 2.35550247e+02, 1.01609756e+02, 2.45680313e+02,
    9.08218861e+00, 2.06281952e+02, 2.55151787e+01, 2.17316010e+02,
    4.18958588e+01, 2.28395355e+02, 5.82902718e+01, 2.38915085e+02,
    7.45585175e+01, 2.49308884e+02, 9.05768814e+01, 2.59473938e+02 ]
