%YAML:1.0
---
points: [ 3.04117432e+02, 2.20279617e+02, 3.08761230e+02, 2.32171234e+02,
    3.13053864e+02, 2.43518036e+02, 3.17186554e+02, 2.54318634e+02,
    3.21203705e+02, 2.64709290e+02, 3.25051910e+02, 2.74634857e+02,
    2.88850830e+02, 2.25809555e+02, 2.93742279e+02, 2.37521164e+02,
    2.98343353e+02, 2.48645981e+02, 3.02816437e+02, 2.59293121e+02,
    3.07038391e+02, 2.69500885e+02, 3.11203949e+02, 2.79310577e+02,
    2.73508179e+02, 2.31356262e+02, 2.78777771e+02, 2.42832184e+02,
    2.83741364e+02, 2.53782486e+02, 2.88517334e+02, 2.64296021e+02,
    2.93098877e+02, 2.74365265e+02, 2.97417908e+02, 2.83959991e+02,
    2.58599335e+02, 2.36819107e+02, 2.64115753e+02, 2.48092712e+02,
    2.69354401e+02, 2.58815704e+02, 2.74364502e+02, 2.69185394e+02,
    2.79284760e+02, 2.79017151e+02, 2.83860382e+02, 2.88488068e+02,
    2.43677582e+02, 2.42240585e+02, 2.49557541e+02, 2.53326385e+02,
    2.55143616e+02, 2.63872986e+02, 2.60452362e+02, 2.73984467e+02,
    2.65627136e+02, 2.83792511e+02, 2.70455383e+02, 2.92976318e+02,
    2.29086044e+02, 2.47536377e+02, 2.35196869e+02, 2.58474792e+02,
    2.41011292e+02, 2.68888855e+02, 2.46612183e+02, 2.78846680e+02,
    2.52070206e+02, 2.88437592e+02, 2.57171661e+02, 2.97634033e+02,
    2.14500992e+02, 2.52807861e+02, 2.20993149e+02, 2.63572021e+02,
    2.27152512e+02, 2.73824036e+02, 2.33024338e+02, 2.83645782e+02,
    2.38666748e+02, 2.93011688e+02, 2.44144440e+02, 3.02017120e+02,
    1.99984070e+02, 2.58068726e+02, 2.06749420e+02, 2.68630768e+02,
    2.13279099e+02, 2.78704803e+02, 2.19467285e+02, 2.88418243e+02,
    2.25318481e+02, 2.97697845e+02, 2.30992096e+02, 3.06608582e+02 ]
