%YAML:1.0
---
points: [ 1.40323303e+03, 5.36235275e+01, 1.43188391e+03, 9.22095642e+01,
    1.46029431e+03, 1.30510406e+02, 1.48843591e+03, 1.68390274e+02,
    1.51630383e+03, 2.06025620e+02, 1.54409814e+03, 2.43214722e+02,
    1.36085107e+03, 8.79685059e+01, 1.38882727e+03, 1.25455727e+02,
    1.41668469e+03, 1.62578049e+02, 1.44417822e+03, 1.99466080e+02,
    1.47163611e+03, 2.35692352e+02, 1.49875830e+03, 2.71831818e+02,
    1.32063965e+03, 1.20672974e+02, 1.34819299e+03, 1.56842407e+02,
    1.37539136e+03, 1.93039673e+02, 1.40237891e+03, 2.28622192e+02,
    1.42921497e+03, 2.64107758e+02, 1.45576062e+03, 2.98981842e+02,
    1.28253699e+03, 1.51682877e+02, 1.30929517e+03, 1.87039276e+02,
    1.33597852e+03, 2.21848358e+02, 1.36241504e+03, 2.56562469e+02,
    1.38873315e+03, 2.90778442e+02, 1.41477808e+03, 3.24916595e+02,
    1.24620105e+03, 1.81369431e+02, 1.27251184e+03, 2.15470642e+02,
    1.29853674e+03, 2.49468231e+02, 1.32452686e+03, 2.82983551e+02,
    1.35032727e+03, 3.16409973e+02, 1.37595740e+03, 3.49382812e+02,
    1.21171411e+03, 2.09437042e+02, 1.23743567e+03, 2.42641602e+02,
    1.26299329e+03, 2.75654602e+02, 1.28842725e+03, 3.08292145e+02,
    1.31370105e+03, 3.40596252e+02, 1.33876868e+03, 3.72757782e+02,
    1.17878076e+03, 2.36282684e+02, 1.20412952e+03, 2.68465485e+02,
    1.22904456e+03, 3.00711243e+02, 1.25401172e+03, 3.32381195e+02,
    1.27869202e+03, 3.63789948e+02, 1.30340063e+03, 3.95062897e+02,
    1.14764868e+03, 2.61577362e+02, 1.17240601e+03, 2.93067047e+02,
    1.19701697e+03, 3.24175323e+02, 1.22140698e+03, 3.55102203e+02,
    1.24569836e+03, 3.85660156e+02, 1.26978284e+03, 4.16115875e+02 ]
