%YAML:1.0
---
points: [ 4.30983368e+02, 5.26444969e+01, 4.40577942e+02, 6.56250916e+01,
    4.49919312e+02, 7.82845459e+01, 4.59279205e+02, 9.11053238e+01,
    4.68173065e+02, 1.03649170e+02, 4.77334351e+02, 1.16279816e+02,
    4.17072937e+02, 6.34929657e+01, 4.26425598e+02, 7.58950958e+01,
    4.35755676e+02, 8.84202957e+01, 4.44784149e+02, 1.00766937e+02,
    4.53924438e+02, 1.13121002e+02, 4.62647736e+02, 1.25289703e+02,
    4.03535370e+02, 7.37593536e+01, 4.12765411e+02, 8.60556564e+01,
    4.21843353e+02, 9.81367035e+01, 4.30932861e+02, 1.10210327e+02,
    4.39755676e+02, 1.22187317e+02, 4.48576813e+02, 1.34085831e+02,
    3.90549194e+02, 8.39209290e+01, 3.99540253e+02, 9.58477249e+01,
    4.08537964e+02, 1.07633003e+02, 4.17319061e+02, 1.19350121e+02,
    4.26130096e+02, 1.31023056e+02, 4.34740295e+02, 1.42525131e+02,
    3.77955994e+02, 9.36433640e+01, 3.86866302e+02, 1.05181519e+02,
    3.95582672e+02, 1.16742928e+02, 4.04304047e+02, 1.28121185e+02,
    4.12888763e+02, 1.39434021e+02, 4.21475464e+02, 1.50678543e+02,
    3.65910492e+02, 1.03012421e+02, 3.74611206e+02, 1.14276031e+02,
    3.83237091e+02, 1.25453239e+02, 3.91717804e+02, 1.36539627e+02,
    4.00236786e+02, 1.47607010e+02, 4.08637482e+02, 1.58526764e+02,
    3.54351227e+02, 1.12038200e+02, 3.62816101e+02, 1.22959953e+02,
    3.71257324e+02, 1.33905121e+02, 3.79668823e+02, 1.44662033e+02,
    3.87990784e+02, 1.55376312e+02, 3.96289764e+02, 1.66013062e+02,
    3.43272522e+02, 1.20602432e+02, 3.51660522e+02, 1.31255966e+02,
    3.59912537e+02, 1.41814819e+02, 3.68139709e+02, 1.52367691e+02,
    3.76347168e+02, 1.62767181e+02, 3.84462738e+02, 1.73114334e+02 ]
