%YAML:1.0
---
points: [ 1.29597510e+03, 4.53744232e+02, 1.32362183e+03, 4.52682739e+02,
    1.35161060e+03, 4.51529144e+02, 1.37978967e+03, 4.50491333e+02,
    1.40832312e+03, 4.49477386e+02, 1.43719958e+03, 4.48391724e+02,
    1.29639978e+03, 4.79817871e+02, 1.32379395e+03, 4.78720215e+02,
    1.35188721e+03, 4.77850616e+02, 1.38013672e+03, 4.76848450e+02,
    1.40848767e+03, 4.76049561e+02, 1.43739197e+03, 4.75149445e+02,
    1.29670972e+03, 5.05875061e+02, 1.32424219e+03, 5.05170319e+02,
    1.35230835e+03, 5.04254517e+02, 1.38040222e+03, 5.03427856e+02,
    1.40869849e+03, 5.02536072e+02, 1.43759094e+03, 5.01973114e+02,
    1.29704053e+03, 5.31848083e+02, 1.32456726e+03, 5.31062866e+02,
    1.35254053e+03, 5.30407471e+02, 1.38055261e+03, 5.29616272e+02,
    1.40901794e+03, 5.29147522e+02, 1.43772168e+03, 5.28425110e+02,
    1.29750146e+03, 5.57580322e+02, 1.32508667e+03, 5.57149536e+02,
    1.35289404e+03, 5.56469666e+02, 1.38078076e+03, 5.56035034e+02,
    1.40933533e+03, 5.55483398e+02, 1.43784546e+03, 5.55011780e+02,
    1.29797778e+03, 5.83326538e+02, 1.32548865e+03, 5.82919128e+02,
    1.35339392e+03, 5.82633667e+02, 1.38122131e+03, 5.82292786e+02,
    1.40961243e+03, 5.81886658e+02, 1.43826758e+03, 5.81403015e+02,
    1.29848792e+03, 6.09126831e+02, 1.32589685e+03, 6.08844604e+02,
    1.35367310e+03, 6.08531860e+02, 1.38158643e+03, 6.08332764e+02,
    1.40994458e+03, 6.08083191e+02, 1.43853809e+03, 6.07781921e+02,
    1.29896851e+03, 6.34836670e+02, 1.32647534e+03, 6.34623474e+02,
    1.35414587e+03, 6.34533264e+02, 1.38199756e+03, 6.34430847e+02,
    1.41039355e+03, 6.34388428e+02, 1.43872485e+03, 6.34231567e+02 ]
