%YAML:1.0
---
points: [ 4.07440643e+02, 9.85551071e+01, 4.18842743e+02, 1.09416412e+02,
    4.30096649e+02, 1.20328491e+02, 4.41330200e+02, 1.31208771e+02,
    4.52321472e+02, 1.42108887e+02, 4.63492065e+02, 1.52953796e+02,
    3.95281403e+02, 1.10302704e+02, 4.06309814e+02, 1.21002213e+02,
    4.17394379e+02, 1.31604477e+02, 4.28351929e+02, 1.42263596e+02,
    4.39428619e+02, 1.52862518e+02, 4.50152069e+02, 1.63451660e+02,
    3.83377655e+02, 1.21751427e+02, 3.94330566e+02, 1.32053680e+02,
    4.05115753e+02, 1.42503555e+02, 4.15982513e+02, 1.52781052e+02,
    4.26785889e+02, 1.63254883e+02, 4.37614990e+02, 1.73509735e+02,
    3.72054810e+02, 1.32658966e+02, 3.82714020e+02, 1.42834473e+02,
    3.93380920e+02, 1.52958542e+02, 4.03918304e+02, 1.63087036e+02,
    4.14631409e+02, 1.73228424e+02, 4.25135925e+02, 1.83310822e+02,
    3.61142365e+02, 1.43165390e+02, 3.71498077e+02, 1.53058167e+02,
    3.81924042e+02, 1.62991074e+02, 3.92375641e+02, 1.72854401e+02,
    4.02789124e+02, 1.82814819e+02, 4.13242859e+02, 1.92626175e+02,
    3.50589844e+02, 1.53263947e+02, 3.60803986e+02, 1.62991821e+02,
    3.71020996e+02, 1.72567276e+02, 3.81233978e+02, 1.82254868e+02,
    3.91487518e+02, 1.91946381e+02, 4.01650299e+02, 2.01629715e+02,
    3.40556244e+02, 1.62910248e+02, 3.50472015e+02, 1.72327881e+02,
    3.60493835e+02, 1.81835587e+02, 3.70503143e+02, 1.91324432e+02,
    3.80512329e+02, 2.00757446e+02, 3.90584900e+02, 2.10253174e+02,
    3.30791534e+02, 1.72119019e+02, 3.40646698e+02, 1.81420212e+02,
    3.50480225e+02, 1.90656494e+02, 3.60364990e+02, 1.99901230e+02,
    3.70132355e+02, 2.09180435e+02, 3.79920837e+02, 2.18529312e+02 ]
