%YAML:1.0
---
points: [ 1.27088086e+03, 4.63297119e+02, 1.29942761e+03, 4.62155548e+02,
    1.32833887e+03, 4.61204742e+02, 1.35746460e+03, 4.60107574e+02,
    1.38725049e+03, 4.58937469e+02, 1.41738269e+03, 4.57836731e+02,
    1.27088123e+03, 4.87614349e+02, 1.29901868e+03, 4.86692169e+02,
    1.32766553e+03, 4.85927032e+02, 1.35661133e+03, 4.85128052e+02,
    1.38604993e+03, 4.84079376e+02, 1.41586328e+03, 4.83273651e+02,
    1.27090869e+03, 5.11684601e+02, 1.29876599e+03, 5.11067047e+02,
    1.32720203e+03, 5.10348267e+02, 1.35562817e+03, 5.09637207e+02,
    1.38483044e+03, 5.08812103e+02, 1.41438647e+03, 5.08323303e+02,
    1.27099036e+03, 5.35127197e+02, 1.29856946e+03, 5.34521851e+02,
    1.32664282e+03, 5.34081909e+02, 1.35486206e+03, 5.33568726e+02,
    1.38374634e+03, 5.33050232e+02, 1.41269238e+03, 5.32541504e+02,
    1.27115771e+03, 5.58150146e+02, 1.29841687e+03, 5.57725830e+02,
    1.32621558e+03, 5.57431335e+02, 1.35419104e+03, 5.57157959e+02,
    1.38255188e+03, 5.56560181e+02, 1.41148303e+03, 5.56350464e+02,
    1.27130603e+03, 5.80594299e+02, 1.29826892e+03, 5.80454590e+02,
    1.32564978e+03, 5.80334778e+02, 1.35351672e+03, 5.80062134e+02,
    1.38147058e+03, 5.79969727e+02, 1.41028406e+03, 5.79684021e+02,
    1.27134753e+03, 6.02567505e+02, 1.29807202e+03, 6.02567139e+02,
    1.32528760e+03, 6.02584229e+02, 1.35268774e+03, 6.02526306e+02,
    1.38056226e+03, 6.02505798e+02, 1.40877332e+03, 6.02504761e+02,
    1.27147986e+03, 6.24298706e+02, 1.29793262e+03, 6.24342468e+02,
    1.32478369e+03, 6.24479004e+02, 1.35212976e+03, 6.24536072e+02,
    1.37960059e+03, 6.24643982e+02, 1.40752734e+03, 6.24795715e+02 ]
