%YAML:1.0
---
points: [ 1.32953162e+03, 1.94677475e+02, 1.36317529e+03, 2.26628616e+02,
    1.39694519e+03, 2.58694427e+02, 1.43052673e+03, 2.90592438e+02,
    1.46431946e+03, 3.22648956e+02, 1.49806335e+03, 3.54583984e+02,
    1.29390173e+03, 2.30430923e+02, 1.32681091e+03, 2.61621918e+02,
    1.35965283e+03, 2.92811615e+02, 1.39259131e+03, 3.24158661e+02,
    1.42561670e+03, 3.55307404e+02, 1.45864661e+03, 3.86371429e+02,
    1.25990735e+03, 2.64458984e+02, 1.29200061e+03, 2.94933807e+02,
    1.32421448e+03, 3.25435089e+02, 1.35638696e+03, 3.55869873e+02,
    1.38863611e+03, 3.86336212e+02, 1.42090442e+03, 4.16650513e+02,
    1.22754651e+03, 2.96957916e+02, 1.25882983e+03, 3.26636475e+02,
    1.29029858e+03, 3.56511810e+02, 1.32172913e+03, 3.86229126e+02,
    1.35331494e+03, 4.15869293e+02, 1.38494910e+03, 4.45673431e+02,
    1.19651758e+03, 3.28010498e+02, 1.22719165e+03, 3.56977448e+02,
    1.25791699e+03, 3.86173676e+02, 1.28861682e+03, 4.15153748e+02,
    1.31955383e+03, 4.44220032e+02, 1.35046545e+03, 4.73323761e+02,
    1.16697339e+03, 3.57593506e+02, 1.19690027e+03, 3.85969574e+02,
    1.22691785e+03, 4.14486511e+02, 1.25712366e+03, 4.42741058e+02,
    1.28726697e+03, 4.71308777e+02, 1.31748474e+03, 4.99665985e+02,
    1.13862524e+03, 3.85963898e+02, 1.16802686e+03, 4.13719727e+02,
    1.19741504e+03, 4.41716888e+02, 1.22672888e+03, 4.69405426e+02,
    1.25634204e+03, 4.97283539e+02, 1.28574487e+03, 5.25131653e+02,
    1.11168640e+03, 4.12970917e+02, 1.14041553e+03, 4.40226532e+02,
    1.16912500e+03, 4.67466766e+02, 1.19791028e+03, 4.94711212e+02,
    1.22673181e+03, 5.21933044e+02, 1.25574146e+03, 5.49247620e+02 ]
