%YAML:1.0
---
points: [ 4.24634590e+01, 2.23266113e+02, 5.24597321e+01, 2.25625504e+02,
    6.26127930e+01, 2.27821198e+02, 7.29190140e+01, 2.30124786e+02,
    8.31567230e+01, 2.32308762e+02, 9.34252625e+01, 2.34583191e+02,
    3.77231255e+01, 2.32182800e+02, 4.78940468e+01, 2.34359177e+02,
    5.81680679e+01, 2.36684479e+02, 6.84725342e+01, 2.38965515e+02,
    7.88785019e+01, 2.41231720e+02, 8.93275986e+01, 2.43423431e+02,
    3.29826317e+01, 2.41158630e+02, 4.31235428e+01, 2.43555344e+02,
    5.35131721e+01, 2.45890320e+02, 6.39280472e+01, 2.48224991e+02,
    7.45008240e+01, 2.50490875e+02, 8.49898300e+01, 2.52999451e+02,
    2.80115623e+01, 2.50617096e+02, 3.83519974e+01, 2.52923691e+02,
    4.87632332e+01, 2.55398682e+02, 5.92777939e+01, 2.57715820e+02,
    6.99721298e+01, 2.60203339e+02, 8.06286545e+01, 2.62409241e+02,
    2.31228409e+01, 2.60093079e+02, 3.33992958e+01, 2.62708832e+02,
    4.40331078e+01, 2.65054169e+02, 5.45762520e+01, 2.67588135e+02,
    6.53085251e+01, 2.69991699e+02, 7.61274948e+01, 2.72317291e+02,
    1.80208187e+01, 2.70151520e+02, 2.84555798e+01, 2.72597748e+02,
    3.90813599e+01, 2.75155151e+02, 4.98082085e+01, 2.77598969e+02,
    6.06235771e+01, 2.80114136e+02, 7.16245651e+01, 2.82392822e+02,
    1.30706272e+01, 2.80086792e+02, 2.34549561e+01, 2.82891785e+02,
    3.41722870e+01, 2.85332733e+02, 4.49750328e+01, 2.87942261e+02,
    5.60118446e+01, 2.90390015e+02, 6.69553528e+01, 2.93046631e+02,
    7.93956232e+00, 2.90635803e+02, 1.85400810e+01, 2.93225006e+02,
    2.91370945e+01, 2.95990601e+02, 4.00550995e+01, 2.98545624e+02,
    5.10845985e+01, 3.01278046e+02, 6.22699280e+01, 3.03668457e+02 ]
