%YAML:1.0
---
points: [ 3.90216797e+02, 1.49887772e+02, 4.02875427e+02, 1.59386978e+02,
    4.15570709e+02, 1.68971725e+02, 4.28217346e+02, 1.78562454e+02,
    4.40810211e+02, 1.88239563e+02, 4.53712219e+02, 1.97906830e+02,
    3.79477417e+02, 1.61840286e+02, 3.91815521e+02, 1.71167053e+02,
    4.04299316e+02, 1.80513657e+02, 4.16722168e+02, 1.90005966e+02,
    4.29264191e+02, 1.99466690e+02, 4.41559723e+02, 2.09037872e+02,
    3.69184906e+02, 1.73340042e+02, 3.81282318e+02, 1.82364594e+02,
    3.93480164e+02, 1.91632812e+02, 4.05720856e+02, 2.00899933e+02,
    4.17906677e+02, 2.10181259e+02, 4.30188660e+02, 2.19411667e+02,
    3.59331848e+02, 1.84280396e+02, 3.71171326e+02, 1.93233917e+02,
    3.83112030e+02, 2.02190155e+02, 3.95014282e+02, 2.11319702e+02,
    4.07057861e+02, 2.20503906e+02, 4.18942566e+02, 2.29677963e+02,
    3.49914917e+02, 1.94703217e+02, 3.61477753e+02, 2.03575226e+02,
    3.73122040e+02, 2.12450073e+02, 3.84786346e+02, 2.21325577e+02,
    3.96581573e+02, 2.30314392e+02, 4.08341309e+02, 2.39241119e+02,
    3.40829437e+02, 2.04870316e+02, 3.52143463e+02, 2.13505219e+02,
    3.63533386e+02, 2.22163742e+02, 3.75001373e+02, 2.30970032e+02,
    3.86412079e+02, 2.39746918e+02, 3.97979950e+02, 2.48666489e+02,
    3.32192505e+02, 2.14458786e+02, 3.43176361e+02, 2.22957687e+02,
    3.54296539e+02, 2.31595840e+02, 3.65534821e+02, 2.40199768e+02,
    3.76718262e+02, 2.48835693e+02, 3.88092773e+02, 2.57548645e+02,
    3.23787598e+02, 2.23760040e+02, 3.34694214e+02, 2.32076950e+02,
    3.45535187e+02, 2.40509979e+02, 3.56469086e+02, 2.49028427e+02,
    3.67569733e+02, 2.57543915e+02, 3.78574585e+02, 2.66135040e+02 ]
