%YAML:1.0
---
points: [ 2.53093777e+01, 1.50715134e+02, 3.70901299e+01, 1.52898697e+02,
    4.86595535e+01, 1.54653015e+02, 6.02327118e+01, 1.56624207e+02,
    7.15917053e+01, 1.58463699e+02, 8.28538437e+01, 1.60357071e+02,
    2.34107571e+01, 1.61155502e+02, 3.52972946e+01, 1.62760925e+02,
    4.70750275e+01, 1.64722336e+02, 5.86573448e+01, 1.66391113e+02,
    7.02229004e+01, 1.68329590e+02, 8.14497910e+01, 1.70199066e+02,
    2.17336349e+01, 1.71200607e+02, 3.35427513e+01, 1.73154449e+02,
    4.54233780e+01, 1.74839798e+02, 5.72149582e+01, 1.76558075e+02,
    6.87397995e+01, 1.78295532e+02, 8.01836929e+01, 1.80012711e+02,
    1.99229908e+01, 1.81949173e+02, 3.17631855e+01, 1.83471512e+02,
    4.38373642e+01, 1.85120560e+02, 5.57183037e+01, 1.86780869e+02,
    6.73195801e+01, 1.88368637e+02, 7.87423477e+01, 1.89978470e+02,
    1.81722069e+01, 1.92426193e+02, 3.01524181e+01, 1.94039398e+02,
    4.22075806e+01, 1.95509109e+02, 5.41885071e+01, 1.97189621e+02,
    6.60189590e+01, 1.98555069e+02, 7.74380341e+01, 2.00094925e+02,
    1.62640915e+01, 2.03375916e+02, 2.84528008e+01, 2.04746902e+02,
    4.06184731e+01, 2.06239075e+02, 5.25651512e+01, 2.07580963e+02,
    6.45254059e+01, 2.08857864e+02, 7.62627258e+01, 2.10219940e+02,
    1.44509764e+01, 2.14184494e+02, 2.68522167e+01, 2.15543625e+02,
    3.90543289e+01, 2.16864243e+02, 5.11436768e+01, 2.18128738e+02,
    6.30958138e+01, 2.19411942e+02, 7.48048859e+01, 2.20696350e+02,
    1.27674818e+01, 2.25351501e+02, 2.52073250e+01, 2.26373138e+02,
    3.72912788e+01, 2.27831573e+02, 4.95710068e+01, 2.28828613e+02,
    6.15416946e+01, 2.30138123e+02, 7.33979263e+01, 2.31145554e+02 ]
