%YAML:1.0
---
points: [ 1.27434277e+03, 4.58962524e+02, 1.29685608e+03, 4.56252686e+02,
    1.31940344e+03, 4.53769897e+02, 1.34150134e+03, 4.51142548e+02,
    1.36340076e+03, 4.48713562e+02, 1.38473499e+03, 4.46101227e+02,
    1.27775842e+03, 4.85605438e+02, 1.30058081e+03, 4.82575195e+02,
    1.32285852e+03, 4.79986328e+02, 1.34489099e+03, 4.77231354e+02,
    1.36665723e+03, 4.74587402e+02, 1.38823267e+03, 4.71746277e+02,
    1.28140283e+03, 5.12466309e+02, 1.30415527e+03, 5.09344330e+02,
    1.32655566e+03, 5.06466583e+02, 1.34859448e+03, 5.03405396e+02,
    1.37034155e+03, 5.00644104e+02, 1.39174609e+03, 4.97676178e+02,
    1.28513586e+03, 5.39175964e+02, 1.30762622e+03, 5.35804871e+02,
    1.33006689e+03, 5.32722717e+02, 1.35221436e+03, 5.29494080e+02,
    1.37401038e+03, 5.26501221e+02, 1.39534229e+03, 5.23491943e+02,
    1.28892700e+03, 5.65824036e+02, 1.31144934e+03, 5.62426025e+02,
    1.33367371e+03, 5.59184021e+02, 1.35564514e+03, 5.55693604e+02,
    1.37745520e+03, 5.52480774e+02, 1.39883765e+03, 5.49460388e+02,
    1.29240100e+03, 5.92600403e+02, 1.31527649e+03, 5.88915344e+02,
    1.33753406e+03, 5.85582214e+02, 1.35944128e+03, 5.81871033e+02,
    1.38096338e+03, 5.78562866e+02, 1.40244055e+03, 5.75203369e+02,
    1.29627808e+03, 6.19406006e+02, 1.31868005e+03, 6.15669128e+02,
    1.34122217e+03, 6.11965515e+02, 1.36311987e+03, 6.08245850e+02,
    1.38473730e+03, 6.04437744e+02, 1.40598340e+03, 6.00921204e+02,
    1.30005261e+03, 6.46443542e+02, 1.32256506e+03, 6.42416809e+02,
    1.34475269e+03, 6.38555847e+02, 1.36664380e+03, 6.34466492e+02,
    1.38833411e+03, 6.30589294e+02, 1.40966284e+03, 6.26873047e+02 ]
