%YAML:1.0
---
points: [ 1.27724805e+03, 3.47469360e+02, 1.31437305e+03, 3.75380798e+02,
    1.35193262e+03, 4.03381470e+02, 1.38961011e+03, 4.31532776e+02,
    1.42776807e+03, 4.59854767e+02, 1.46621692e+03, 4.88566864e+02,
    1.24676184e+03, 3.82833771e+02, 1.28316138e+03, 4.10143097e+02,
    1.31960132e+03, 4.37583527e+02, 1.35651318e+03, 4.65308716e+02,
    1.39360291e+03, 4.93146362e+02, 1.43118408e+03, 5.21222900e+02,
    1.21793469e+03, 4.16485626e+02, 1.25332214e+03, 4.43332916e+02,
    1.28898389e+03, 4.70204071e+02, 1.32496509e+03, 4.97474304e+02,
    1.36141089e+03, 5.24813538e+02, 1.39776147e+03, 5.52374207e+02,
    1.19033899e+03, 4.48761292e+02, 1.22482361e+03, 4.74958160e+02,
    1.25966980e+03, 5.01531799e+02, 1.29466394e+03, 5.28142639e+02,
    1.33013904e+03, 5.55017944e+02, 1.36580457e+03, 5.82142212e+02,
    1.16392761e+03, 4.79553986e+02, 1.19767590e+03, 5.05397705e+02,
    1.23159460e+03, 5.31371094e+02, 1.26587793e+03, 5.57522705e+02,
    1.30051086e+03, 5.84023438e+02, 1.33520142e+03, 6.10489929e+02,
    1.13868542e+03, 5.09090729e+02, 1.17158508e+03, 5.34487732e+02,
    1.20482507e+03, 5.60174011e+02, 1.23841077e+03, 5.85706055e+02,
    1.27194446e+03, 6.11575745e+02, 1.30611389e+03, 6.37661926e+02,
    1.11439062e+03, 5.37492676e+02, 1.14657715e+03, 5.62452271e+02,
    1.17917065e+03, 5.87689209e+02, 1.21161353e+03, 6.12886169e+02,
    1.24471826e+03, 6.38412231e+02, 1.27788391e+03, 6.64137268e+02,
    1.09118787e+03, 5.64699280e+02, 1.12267603e+03, 5.89269287e+02,
    1.15460510e+03, 6.13925171e+02, 1.18653821e+03, 6.38794922e+02,
    1.21864905e+03, 6.63854675e+02, 1.25122363e+03, 6.89163635e+02 ]
