%YAML:1.0
---
points: [ 7.39978333e+01, 1.73124817e+02, 8.33181381e+01, 1.75673538e+02,
    9.27035599e+01, 1.78365295e+02, 1.02092339e+02, 1.80645020e+02,
    1.11202423e+02, 1.83434219e+02, 1.20341194e+02, 1.85810287e+02,
    7.07113419e+01, 1.79595551e+02, 8.02884140e+01, 1.82112717e+02,
    8.99306870e+01, 1.84639877e+02, 9.93373947e+01, 1.87156158e+02,
    1.08814049e+02, 1.89605286e+02, 1.18029190e+02, 1.92103668e+02,
    6.73859634e+01, 1.86293625e+02, 7.72143173e+01, 1.88962784e+02,
    8.68383942e+01, 1.91429825e+02, 9.65472183e+01, 1.94077179e+02,
    1.05985847e+02, 1.96546371e+02, 1.15474319e+02, 1.99082184e+02,
    6.39783401e+01, 1.93386139e+02, 7.40170517e+01, 1.95803345e+02,
    8.38155289e+01, 1.98450333e+02, 9.36260757e+01, 2.01008179e+02,
    1.03274139e+02, 2.03493774e+02, 1.12830162e+02, 2.05962143e+02,
    6.05643044e+01, 2.00534256e+02, 7.05870132e+01, 2.03190353e+02,
    8.06202698e+01, 2.05692245e+02, 9.05616684e+01, 2.08268692e+02,
    1.00365669e+02, 2.10660828e+02, 1.10175789e+02, 2.13111771e+02,
    5.69182854e+01, 2.08116272e+02, 6.71135406e+01, 2.10574371e+02,
    7.73263779e+01, 2.13123077e+02, 8.74469528e+01, 2.15675262e+02,
    9.74502792e+01, 2.18151962e+02, 1.07405495e+02, 2.20584503e+02,
    5.32407188e+01, 2.15686249e+02, 6.36741142e+01, 2.18281891e+02,
    7.39903641e+01, 2.20794418e+02, 8.42861252e+01, 2.23358078e+02,
    9.44356155e+01, 2.25786942e+02, 1.04619354e+02, 2.28227875e+02,
    4.93788414e+01, 2.23732620e+02, 6.01104774e+01, 2.26179367e+02,
    7.04714737e+01, 2.28829269e+02, 8.10510178e+01, 2.31285873e+02,
    9.13611832e+01, 2.33838760e+02, 1.01667694e+02, 2.36124283e+02 ]
