%YAML:1.0
---
points: [ 3.73566711e+02, 2.01338547e+02, 3.86760376e+02, 2.09687363e+02,
    3.99939880e+02, 2.18199722e+02, 4.13111572e+02, 2.26660217e+02,
    4.26215759e+02, 2.35130859e+02, 4.39362976e+02, 2.43523788e+02,
    3.64060120e+02, 2.12695938e+02, 3.76922394e+02, 2.20985031e+02,
    3.89877380e+02, 2.29219162e+02, 4.02729828e+02, 2.37608612e+02,
    4.15776459e+02, 2.45867172e+02, 4.28532806e+02, 2.54212723e+02,
    3.55029663e+02, 2.23555954e+02, 3.67660828e+02, 2.31649918e+02,
    3.80264374e+02, 2.39804657e+02, 3.92914764e+02, 2.47954269e+02,
    4.05567963e+02, 2.56134399e+02, 4.18271515e+02, 2.64290894e+02,
    3.46261261e+02, 2.34012741e+02, 3.58649567e+02, 2.41913162e+02,
    3.71019958e+02, 2.49906097e+02, 3.83487701e+02, 2.57944702e+02,
    3.95889832e+02, 2.66010406e+02, 4.08215973e+02, 2.74066010e+02,
    3.37947205e+02, 2.43965759e+02, 3.49979309e+02, 2.51725281e+02,
    3.62149292e+02, 2.59690643e+02, 3.74314056e+02, 2.67535797e+02,
    3.86526581e+02, 2.75511169e+02, 3.98690613e+02, 2.83272278e+02,
    3.29898712e+02, 2.53668808e+02, 3.41674622e+02, 2.61288483e+02,
    3.53661896e+02, 2.69035614e+02, 3.65516785e+02, 2.76793060e+02,
    3.77527954e+02, 2.84598236e+02, 3.89426605e+02, 2.92322571e+02,
    3.22163391e+02, 2.62847290e+02, 3.33785919e+02, 2.70440979e+02,
    3.45427490e+02, 2.78114380e+02, 3.57119843e+02, 2.85774567e+02,
    3.68787323e+02, 2.93364227e+02, 3.80532806e+02, 3.00966461e+02,
    3.14743408e+02, 2.71880737e+02, 3.26135498e+02, 2.79277496e+02,
    3.37527435e+02, 2.86722565e+02, 3.49075684e+02, 2.94270386e+02,
    3.60500671e+02, 3.01770020e+02, 3.71968262e+02, 3.09259857e+02 ]
