%YAML:1.0
---
points: [ 1.22890198e+03, 4.98789368e+02, 1.26744958e+03, 5.23531860e+02,
    1.30636169e+03, 5.48327148e+02, 1.34538379e+03, 5.73280945e+02,
    1.38459839e+03, 5.98266724e+02, 1.42415137e+03, 6.23455688e+02,
    1.20236609e+03, 5.32222107e+02, 1.24012561e+03, 5.56383850e+02,
    1.27799023e+03, 5.80718933e+02, 1.31616467e+03, 6.05314392e+02,
    1.35458350e+03, 6.29737976e+02, 1.39324731e+03, 6.54473572e+02,
    1.17701721e+03, 5.64067993e+02, 1.21383276e+03, 5.87785828e+02,
    1.25104431e+03, 6.11683655e+02, 1.28826941e+03, 6.35796509e+02,
    1.32591699e+03, 6.60045776e+02, 1.36350879e+03, 6.84297180e+02,
    1.15263696e+03, 5.94737549e+02, 1.18872241e+03, 6.18013123e+02,
    1.22518726e+03, 6.41572266e+02, 1.26160498e+03, 6.65256836e+02,
    1.29839978e+03, 6.88983643e+02, 1.33528162e+03, 7.12802307e+02,
    1.12940613e+03, 6.24146423e+02, 1.16472205e+03, 6.47089966e+02,
    1.20026880e+03, 6.70183594e+02, 1.23592480e+03, 6.93363403e+02,
    1.27198340e+03, 7.16710510e+02, 1.30803271e+03, 7.40262207e+02,
    1.10709143e+03, 6.52490479e+02, 1.14158215e+03, 6.74968201e+02,
    1.17649646e+03, 6.97777588e+02, 1.21144641e+03, 7.20495239e+02,
    1.24664990e+03, 7.43542358e+02, 1.28204187e+03, 7.66500305e+02,
    1.08541675e+03, 6.79730652e+02, 1.11935376e+03, 7.01949158e+02,
    1.15343127e+03, 7.24394653e+02, 1.18769312e+03, 7.46798767e+02,
    1.22216846e+03, 7.69422302e+02, 1.25681897e+03, 7.92179077e+02,
    1.06467969e+03, 7.06051208e+02, 1.09789355e+03, 7.27822876e+02,
    1.13144202e+03, 7.49810669e+02, 1.16501123e+03, 7.71947144e+02,
    1.19872986e+03, 7.94175964e+02, 1.23278186e+03, 8.16490173e+02 ]
