%YAML:1.0
---
points: [ 1.28374902e+03, 4.67816711e+02, 1.31061108e+03, 4.64348389e+02,
    1.33740991e+03, 4.60475922e+02, 1.36413452e+03, 4.56688568e+02,
    1.39139624e+03, 4.52952667e+02, 1.41836938e+03, 4.49438080e+02,
    1.28941895e+03, 4.92159149e+02, 1.31620081e+03, 4.88358398e+02,
    1.34327551e+03, 4.84727448e+02, 1.37042737e+03, 4.81102417e+02,
    1.39756348e+03, 4.77468964e+02, 1.42515076e+03, 4.73541748e+02,
    1.29487854e+03, 5.16994446e+02, 1.32200769e+03, 5.13327148e+02,
    1.34934253e+03, 5.09495331e+02, 1.37663257e+03, 5.05964264e+02,
    1.40427002e+03, 5.02324432e+02, 1.43186487e+03, 4.98477295e+02,
    1.30062109e+03, 5.41927490e+02, 1.32793494e+03, 5.38412476e+02,
    1.35535840e+03, 5.34654114e+02, 1.38293457e+03, 5.30969543e+02,
    1.41090234e+03, 5.27488159e+02, 1.43866565e+03, 5.23650818e+02,
    1.30645935e+03, 5.67331787e+02, 1.33373975e+03, 5.63913574e+02,
    1.36167041e+03, 5.60279419e+02, 1.38959204e+03, 5.56585754e+02,
    1.41758752e+03, 5.53078064e+02, 1.44558044e+03, 5.49498352e+02,
    1.31221460e+03, 5.93353516e+02, 1.34014172e+03, 5.89721802e+02,
    1.36828894e+03, 5.86319580e+02, 1.39629297e+03, 5.82492859e+02,
    1.42441626e+03, 5.79217773e+02, 1.45265796e+03, 5.75411438e+02,
    1.31832996e+03, 6.19551147e+02, 1.34643799e+03, 6.16235168e+02,
    1.37467017e+03, 6.12579285e+02, 1.40274658e+03, 6.09025513e+02,
    1.43142432e+03, 6.05464050e+02, 1.45971521e+03, 6.01879700e+02,
    1.32444006e+03, 6.46522705e+02, 1.35289697e+03, 6.43052246e+02,
    1.38111145e+03, 6.39549927e+02, 1.40975317e+03, 6.35801025e+02,
    1.43846204e+03, 6.32505676e+02, 1.46733313e+03, 6.28739990e+02 ]
