%YAML:1.0
---
points: [ 4.29477051e+02, 4.77350464e+01, 4.39467010e+02, 5.45245781e+01,
    4.48974426e+02, 6.10403099e+01, 4.58772156e+02, 6.78178329e+01,
    4.68004242e+02, 7.43753510e+01, 4.77637512e+02, 8.10762787e+01,
    4.22465118e+02, 5.86577911e+01, 4.32102692e+02, 6.50696411e+01,
    4.41962433e+02, 7.16723328e+01, 4.51378113e+02, 7.81550140e+01,
    4.61077179e+02, 8.47195435e+01, 4.70260254e+02, 9.12080841e+01,
    4.15144318e+02, 6.91293945e+01, 4.24965668e+02, 7.56385345e+01,
    4.34611389e+02, 8.20862961e+01, 4.44251312e+02, 8.85292511e+01,
    4.53591278e+02, 9.50061722e+01, 4.63185699e+02, 1.01368629e+02,
    4.07992584e+02, 7.97947693e+01, 4.17607056e+02, 8.61977158e+01,
    4.27324677e+02, 9.25198669e+01, 4.36815582e+02, 9.89056473e+01,
    4.46399231e+02, 1.05202797e+02, 4.55711273e+02, 1.11538971e+02,
    4.00704224e+02, 9.02827148e+01, 4.10369110e+02, 9.65812302e+01,
    4.19888458e+02, 1.02892410e+02, 4.29529755e+02, 1.09116226e+02,
    4.38969727e+02, 1.15360863e+02, 4.48419739e+02, 1.21525894e+02,
    3.93542480e+02, 1.00717758e+02, 4.03097748e+02, 1.06953133e+02,
    4.12701996e+02, 1.13088135e+02, 4.22126373e+02, 1.19279305e+02,
    4.31710449e+02, 1.25381844e+02, 4.40912811e+02, 1.31509811e+02,
    3.86326263e+02, 1.11123177e+02, 3.95945740e+02, 1.17115143e+02,
    4.05409576e+02, 1.23231995e+02, 4.14915436e+02, 1.29294113e+02,
    4.24293182e+02, 1.35325409e+02, 4.33677277e+02, 1.41299652e+02,
    3.79389648e+02, 1.21119797e+02, 3.88763306e+02, 1.27194046e+02,
    3.98313751e+02, 1.33152390e+02, 4.07732117e+02, 1.39129822e+02,
    4.17129547e+02, 1.45012924e+02, 4.26392120e+02, 1.51028214e+02 ]
