%YAML:1.0
---
points: [ 9.79008255e+01, 1.98063202e+02, 1.07762451e+02, 2.00881607e+02,
    1.17141563e+02, 2.03604095e+02, 1.26275169e+02, 2.06301453e+02,
    1.35268921e+02, 2.08876205e+02, 1.43977142e+02, 2.11366745e+02,
    9.50574799e+01, 2.07243454e+02, 1.04813278e+02, 2.09903290e+02,
    1.14225616e+02, 2.12431870e+02, 1.23502411e+02, 2.15038422e+02,
    1.32526810e+02, 2.17519409e+02, 1.41322800e+02, 2.19969025e+02,
    9.20970993e+01, 2.16398270e+02, 1.01818848e+02, 2.19037216e+02,
    1.11378349e+02, 2.21542191e+02, 1.20743912e+02, 2.23931534e+02,
    1.29768845e+02, 2.26293091e+02, 1.38548599e+02, 2.28593521e+02,
    8.91142960e+01, 2.25694885e+02, 9.88983765e+01, 2.28161331e+02,
    1.08478554e+02, 2.30497177e+02, 1.17849731e+02, 2.32816757e+02,
    1.27040985e+02, 2.35060760e+02, 1.35840347e+02, 2.37203064e+02,
    8.61296616e+01, 2.35069275e+02, 9.58823853e+01, 2.37379318e+02,
    1.05564758e+02, 2.39621094e+02, 1.15006798e+02, 2.41759552e+02,
    1.24209389e+02, 2.43846344e+02, 1.33165787e+02, 2.45870087e+02,
    8.31059418e+01, 2.44373856e+02, 9.30651703e+01, 2.46518845e+02,
    1.02667290e+02, 2.48679916e+02, 1.12211060e+02, 2.50708359e+02,
    1.21355629e+02, 2.52679123e+02, 1.30340469e+02, 2.54628174e+02,
    7.99355316e+01, 2.53772842e+02, 8.99850616e+01, 2.55895386e+02,
    9.97506180e+01, 2.57869720e+02, 1.09261650e+02, 2.59739197e+02,
    1.18559082e+02, 2.61529877e+02, 1.27540382e+02, 2.63433289e+02,
    7.69691391e+01, 2.63319763e+02, 8.70868988e+01, 2.65192291e+02,
    9.68218155e+01, 2.67087524e+02, 1.06394691e+02, 2.68816498e+02,
    1.15706139e+02, 2.70576416e+02, 1.24801147e+02, 2.72249756e+02 ]
