%YAML:1.0
---
points: [ 1.29830151e+03, 2.67513580e+02, 1.32740320e+03, 2.68940125e+02,
    1.35664954e+03, 2.70270172e+02, 1.38635254e+03, 2.71539612e+02,
    1.41665967e+03, 2.72710388e+02, 1.44717688e+03, 2.74329895e+02,
    1.29441919e+03, 2.94781128e+02, 1.32292822e+03, 2.96247192e+02,
    1.35206531e+03, 2.97654236e+02, 1.38133447e+03, 2.99030304e+02,
    1.41126306e+03, 3.00659027e+02, 1.44142810e+03, 3.02248657e+02,
    1.29055847e+03, 3.21408081e+02, 1.31864722e+03, 3.23048645e+02,
    1.34758630e+03, 3.24517822e+02, 1.37646277e+03, 3.26281311e+02,
    1.40590283e+03, 3.27937714e+02, 1.43565039e+03, 3.29617188e+02,
    1.28670129e+03, 3.47359802e+02, 1.31466370e+03, 3.49200958e+02,
    1.34309387e+03, 3.50781433e+02, 1.37158936e+03, 3.52507080e+02,
    1.40079797e+03, 3.54482574e+02, 1.43017151e+03, 3.56188934e+02,
    1.28329529e+03, 3.72554352e+02, 1.31076965e+03, 3.74556305e+02,
    1.33863306e+03, 3.76410583e+02, 1.36700281e+03, 3.78309052e+02,
    1.39577087e+03, 3.80318909e+02, 1.42479456e+03, 3.82336121e+02,
    1.27971765e+03, 3.97335114e+02, 1.30696777e+03, 3.99266510e+02,
    1.33446997e+03, 4.01439758e+02, 1.36252271e+03, 4.03377777e+02,
    1.39083362e+03, 4.05527496e+02, 1.41956311e+03, 4.07569092e+02,
    1.27620825e+03, 4.21402466e+02, 1.30312744e+03, 4.23537354e+02,
    1.33046729e+03, 4.25598694e+02, 1.35804834e+03, 4.28015167e+02,
    1.38613196e+03, 4.29991241e+02, 1.41446570e+03, 4.32425751e+02,
    1.27290845e+03, 4.45091888e+02, 1.29962732e+03, 4.47278442e+02,
    1.32650500e+03, 4.49627380e+02, 1.35381592e+03, 4.51722443e+02,
    1.38141748e+03, 4.54302155e+02, 1.40954700e+03, 4.56497070e+02 ]
