%YAML:1.0
---
points: [ 1.41618054e+03, 3.82060547e+01, 1.44624121e+03, 5.76957893e+01,
    1.47616418e+03, 7.70889206e+01, 1.50586194e+03, 9.64262924e+01,
    1.53563245e+03, 1.15692818e+02, 1.56518066e+03, 1.34964951e+02,
    1.39318445e+03, 7.22964478e+01, 1.42291809e+03, 9.13295059e+01,
    1.45254688e+03, 1.10572845e+02, 1.48223376e+03, 1.29518204e+02,
    1.51157043e+03, 1.48542099e+02, 1.54104907e+03, 1.67467621e+02,
    1.37060205e+03, 1.05465942e+02, 1.40008484e+03, 1.24440109e+02,
    1.42959094e+03, 1.43242981e+02, 1.45871948e+03, 1.62102997e+02,
    1.48814185e+03, 1.80758179e+02, 1.51723987e+03, 1.99388901e+02,
    1.34831824e+03, 1.38384720e+02, 1.37758984e+03, 1.56830948e+02,
    1.40667456e+03, 1.75431519e+02, 1.43586584e+03, 1.93847015e+02,
    1.46475256e+03, 2.12397095e+02, 1.49378882e+03, 2.30666519e+02,
    1.32650232e+03, 1.70366180e+02, 1.35542346e+03, 1.88734879e+02,
    1.38440515e+03, 2.07010895e+02, 1.41312842e+03, 2.25301163e+02,
    1.44204712e+03, 2.43298080e+02, 1.47059741e+03, 2.61457275e+02,
    1.30512549e+03, 2.01818512e+02, 1.33378796e+03, 2.19743637e+02,
    1.36239746e+03, 2.37920227e+02, 1.39110596e+03, 2.55804398e+02,
    1.41950122e+03, 2.73686615e+02, 1.44795630e+03, 2.91437897e+02,
    1.28395496e+03, 2.32636353e+02, 1.31238379e+03, 2.50551758e+02,
    1.34078442e+03, 2.68234070e+02, 1.36897473e+03, 2.86040314e+02,
    1.39740210e+03, 3.03549927e+02, 1.42552502e+03, 3.21297668e+02,
    1.26341113e+03, 2.62802917e+02, 1.29154150e+03, 2.80284882e+02,
    1.31962708e+03, 2.97844086e+02, 1.34782715e+03, 3.15235168e+02,
    1.37575964e+03, 3.32646790e+02, 1.40374158e+03, 3.49943695e+02 ]
