%YAML:1.0
---
points: [ 4.27101685e+02, 1.06871841e+02, 4.37081055e+02, 1.13299713e+02,
    4.46896698e+02, 1.19924637e+02, 4.56875183e+02, 1.26367897e+02,
    4.66676208e+02, 1.33035324e+02, 4.76579712e+02, 1.39584930e+02,
    4.19606689e+02, 1.17155861e+02, 4.29470337e+02, 1.23589714e+02,
    4.39381775e+02, 1.30002090e+02, 4.49132812e+02, 1.36434021e+02,
    4.59007385e+02, 1.42976273e+02, 4.68710388e+02, 1.49514618e+02,
    4.11897491e+02, 1.27275459e+02, 4.21897980e+02, 1.33581421e+02,
    4.31709381e+02, 1.39958878e+02, 4.41510071e+02, 1.46327301e+02,
    4.51271149e+02, 1.52830276e+02, 4.61098175e+02, 1.59228607e+02,
    4.04666534e+02, 1.37142471e+02, 4.14383698e+02, 1.43455948e+02,
    4.24173096e+02, 1.49718826e+02, 4.33869324e+02, 1.56170380e+02,
    4.43680176e+02, 1.62479660e+02, 4.53309967e+02, 1.68952698e+02,
    3.97297424e+02, 1.46988190e+02, 4.07000916e+02, 1.53127029e+02,
    4.16650421e+02, 1.59446243e+02, 4.26357391e+02, 1.65739731e+02,
    4.36034424e+02, 1.72083298e+02, 4.45786652e+02, 1.78343826e+02,
    3.90088318e+02, 1.56518433e+02, 3.99707153e+02, 1.62691681e+02,
    4.09322937e+02, 1.68920898e+02, 4.18928162e+02, 1.75207489e+02,
    4.28569489e+02, 1.81396378e+02, 4.38084442e+02, 1.87745056e+02,
    3.82867554e+02, 1.66071213e+02, 3.92478271e+02, 1.72155655e+02,
    4.01929962e+02, 1.78319077e+02, 4.11511353e+02, 1.84451630e+02,
    4.20969604e+02, 1.90724228e+02, 4.30692932e+02, 1.96866791e+02,
    3.75997681e+02, 1.75224045e+02, 3.85368591e+02, 1.81312683e+02,
    3.94867249e+02, 1.87385468e+02, 4.04242859e+02, 1.93564163e+02,
    4.13787781e+02, 1.99713638e+02, 4.23240936e+02, 2.05898285e+02 ]
