%YAML:1.0
---
points: [ 1.30681323e+03, 2.55268265e+02, 1.33323682e+03, 2.57966827e+02,
    1.35941882e+03, 2.60512482e+02, 1.38560938e+03, 2.63182281e+02,
    1.41186047e+03, 2.65695343e+02, 1.43791772e+03, 2.68446320e+02,
    1.30134814e+03, 2.82738800e+02, 1.32745996e+03, 2.85427734e+02,
    1.35361743e+03, 2.87822418e+02, 1.37967981e+03, 2.90449310e+02,
    1.40559827e+03, 2.93090942e+02, 1.43158252e+03, 2.95597107e+02,
    1.29569226e+03, 3.10078033e+02, 1.32170923e+03, 3.12599640e+02,
    1.34775867e+03, 3.14989990e+02, 1.37357507e+03, 3.17659698e+02,
    1.39952771e+03, 3.19974579e+02, 1.42529285e+03, 3.22710327e+02,
    1.29036951e+03, 3.36877686e+02, 1.31619629e+03, 3.39318390e+02,
    1.34198413e+03, 3.41646851e+02, 1.36763635e+03, 3.44212372e+02,
    1.39344751e+03, 3.46500824e+02, 1.41879846e+03, 3.49102753e+02,
    1.28505579e+03, 3.63201294e+02, 1.31061243e+03, 3.65585297e+02,
    1.33637769e+03, 3.67857117e+02, 1.36173840e+03, 3.70410522e+02,
    1.38727161e+03, 3.72588226e+02, 1.41272119e+03, 3.75211090e+02,
    1.27983423e+03, 3.89046722e+02, 1.30542041e+03, 3.91456757e+02,
    1.33069275e+03, 3.93759186e+02, 1.35592297e+03, 3.96223877e+02,
    1.38144922e+03, 3.98426819e+02, 1.40662512e+03, 4.00779846e+02,
    1.27470825e+03, 4.14501678e+02, 1.29994482e+03, 4.16937805e+02,
    1.32529309e+03, 4.19175751e+02, 1.35038928e+03, 4.21549164e+02,
    1.37559399e+03, 4.23749023e+02, 1.40075330e+03, 4.26099670e+02,
    1.26963196e+03, 4.39819916e+02, 1.29476721e+03, 4.42051605e+02,
    1.31977173e+03, 4.44370697e+02, 1.34473193e+03, 4.46461731e+02,
    1.36978979e+03, 4.48929291e+02, 1.39487488e+03, 4.51030914e+02 ]
