%YAML:1.0
---
points: [ 3.46766548e+01, 1.77301392e+02, 4.19391174e+01, 1.71237061e+02,
    4.89199638e+01, 1.64828857e+02, 5.63881187e+01, 1.58783997e+02,
    6.33756790e+01, 1.52399139e+02, 7.08062439e+01, 1.46342911e+02,
    3.87086372e+01, 1.83759750e+02, 4.58138199e+01, 1.77451111e+02,
    5.32340622e+01, 1.71248611e+02, 6.03100891e+01, 1.64892822e+02,
    6.77862091e+01, 1.58688431e+02, 7.51162033e+01, 1.52456238e+02,
    4.27297249e+01, 1.90396439e+02, 5.01569405e+01, 1.84139313e+02,
    5.73813629e+01, 1.77781921e+02, 6.47852325e+01, 1.71470490e+02,
    7.22273941e+01, 1.65219742e+02, 7.95745239e+01, 1.58953842e+02,
    4.70316811e+01, 1.97250854e+02, 5.43205795e+01, 1.90832275e+02,
    6.19605484e+01, 1.84571915e+02, 6.92592850e+01, 1.78153030e+02,
    7.68693848e+01, 1.71917908e+02, 8.43473663e+01, 1.65484024e+02,
    5.12862549e+01, 2.04155518e+02, 5.89206123e+01, 1.97881317e+02,
    6.63218613e+01, 1.91335281e+02, 7.39511337e+01, 1.85032761e+02,
    8.14810257e+01, 1.78583267e+02, 8.91943817e+01, 1.72285583e+02,
    5.59715996e+01, 2.11364166e+02, 6.33612442e+01, 2.04862717e+02,
    7.10818939e+01, 1.98380768e+02, 7.86646957e+01, 1.92026138e+02,
    8.63662720e+01, 1.85492096e+02, 9.40026855e+01, 1.79110428e+02,
    6.03328743e+01, 2.18461716e+02, 6.81026535e+01, 2.12088959e+02,
    7.57675323e+01, 2.05452682e+02, 8.34470367e+01, 1.98961487e+02,
    9.12202301e+01, 1.92438400e+02, 9.89327469e+01, 1.86028778e+02,
    6.49953995e+01, 2.25959015e+02, 7.28380127e+01, 2.19234604e+02,
    8.06220703e+01, 2.12735977e+02, 8.84061813e+01, 2.06157410e+02,
    9.62975006e+01, 1.99584763e+02, 1.04119804e+02, 1.93059723e+02 ]
