%YAML:1.0
---
points: [ 1.40515979e+03, 2.18644638e+02, 1.43503101e+03, 2.37635056e+02,
    1.46530066e+03, 2.56512939e+02, 1.49544934e+03, 2.75560303e+02,
    1.52584045e+03, 2.94606689e+02, 1.55626648e+03, 3.13915222e+02,
    1.38224194e+03, 2.49734497e+02, 1.41187170e+03, 2.68368011e+02,
    1.44156616e+03, 2.87284882e+02, 1.47168860e+03, 3.06085663e+02,
    1.50155554e+03, 3.25198578e+02, 1.53181946e+03, 3.44045532e+02,
    1.35987195e+03, 2.79970978e+02, 1.38913049e+03, 2.98560974e+02,
    1.41869934e+03, 3.17124268e+02, 1.44824609e+03, 3.35936096e+02,
    1.47795361e+03, 3.54741302e+02, 1.50770776e+03, 3.73643982e+02,
    1.33783313e+03, 3.09750366e+02, 1.36685364e+03, 3.28086517e+02,
    1.39605139e+03, 3.46621704e+02, 1.42534290e+03, 3.65064148e+02,
    1.45466479e+03, 3.83778534e+02, 1.48424500e+03, 4.02525848e+02,
    1.31644153e+03, 3.38701172e+02, 1.34493286e+03, 3.57092804e+02,
    1.37384766e+03, 3.75333771e+02, 1.40278064e+03, 3.93706146e+02,
    1.43186682e+03, 4.12186432e+02, 1.46097607e+03, 4.30896484e+02,
    1.29541406e+03, 3.67255524e+02, 1.32368970e+03, 3.85180756e+02,
    1.35216333e+03, 4.03532837e+02, 1.38075708e+03, 4.21620697e+02,
    1.40946399e+03, 4.40104736e+02, 1.43845752e+03, 4.58417725e+02,
    1.27475867e+03, 3.95014313e+02, 1.30260046e+03, 4.13071503e+02,
    1.33082288e+03, 4.31067963e+02, 1.35894141e+03, 4.49282196e+02,
    1.38750659e+03, 4.67411987e+02, 1.41594983e+03, 4.85794464e+02,
    1.25460657e+03, 4.22278931e+02, 1.28231262e+03, 4.39923981e+02,
    1.30994751e+03, 4.57923828e+02, 1.33793713e+03, 4.75829437e+02,
    1.36607446e+03, 4.94093781e+02, 1.39427209e+03, 5.12133789e+02 ]
