%YAML:1.0
---
points: [ 1.29911121e+03, 3.14467041e+02, 1.32505591e+03, 3.16689636e+02,
    1.35143689e+03, 3.18595306e+02, 1.37817175e+03, 3.20638580e+02,
    1.40532043e+03, 3.22745239e+02, 1.43277698e+03, 3.24738525e+02,
    1.29521021e+03, 3.39628662e+02, 1.32106030e+03, 3.41612701e+02,
    1.34723950e+03, 3.43865723e+02, 1.37389709e+03, 3.45951904e+02,
    1.40081958e+03, 3.48441437e+02, 1.42815710e+03, 3.50500427e+02,
    1.29125818e+03, 3.64417633e+02, 1.31690601e+03, 3.66679260e+02,
    1.34306116e+03, 3.69042053e+02, 1.36947900e+03, 3.71366608e+02,
    1.39636096e+03, 3.73752991e+02, 1.42353503e+03, 3.76305328e+02,
    1.28735095e+03, 3.88824982e+02, 1.31282703e+03, 3.91369385e+02,
    1.33879102e+03, 3.93749573e+02, 1.36518176e+03, 3.96392639e+02,
    1.39192603e+03, 3.98893097e+02, 1.41892773e+03, 4.01507324e+02,
    1.28366003e+03, 4.13128082e+02, 1.30899976e+03, 4.15701172e+02,
    1.33471960e+03, 4.18424774e+02, 1.36094507e+03, 4.21205719e+02,
    1.38757874e+03, 4.23787292e+02, 1.41461609e+03, 4.26681732e+02,
    1.27991382e+03, 4.37206177e+02, 1.30530249e+03, 4.39876648e+02,
    1.33088086e+03, 4.42842896e+02, 1.35691260e+03, 4.45537018e+02,
    1.38339124e+03, 4.48684998e+02, 1.41032251e+03, 4.51433228e+02,
    1.27618433e+03, 4.60868652e+02, 1.30137195e+03, 4.63938690e+02,
    1.32693127e+03, 4.66731323e+02, 1.35290063e+03, 4.70033142e+02,
    1.37925598e+03, 4.72972321e+02, 1.40585620e+03, 4.76219360e+02,
    1.27259607e+03, 4.84689453e+02, 1.29757031e+03, 4.87608521e+02,
    1.32292285e+03, 4.90948975e+02, 1.34880322e+03, 4.94060150e+02,
    1.37498145e+03, 4.97384308e+02, 1.40160730e+03, 5.00618988e+02 ]
