%YAML:1.0
---
points: [ 7.46051559e+01, 1.40025772e+02, 8.35337296e+01, 1.48495346e+02,
    9.23912964e+01, 1.57020950e+02, 1.01118790e+02, 1.65320023e+02,
    1.09815689e+02, 1.73471359e+02, 1.18366531e+02, 1.81493546e+02,
    6.61175995e+01, 1.46636551e+02, 7.52266846e+01, 1.55238235e+02,
    8.43037567e+01, 1.63760406e+02, 9.32541428e+01, 1.72155838e+02,
    1.02156586e+02, 1.80407990e+02, 1.10823090e+02, 1.88500275e+02,
    5.73475952e+01, 1.53522827e+02, 6.66274033e+01, 1.62251282e+02,
    7.59622726e+01, 1.70877243e+02, 8.51130676e+01, 1.79271805e+02,
    9.41753464e+01, 1.87638107e+02, 1.03125717e+02, 1.95809860e+02,
    4.82578545e+01, 1.60711044e+02, 5.78384018e+01, 1.69475296e+02,
    6.72548752e+01, 1.78163574e+02, 7.66990356e+01, 1.86660202e+02,
    8.59776993e+01, 1.95147125e+02, 9.50901108e+01, 2.03300201e+02,
    3.91116104e+01, 1.68129150e+02, 4.86891136e+01, 1.77037338e+02,
    5.83978348e+01, 1.85773132e+02, 6.79727020e+01, 1.94399246e+02,
    7.74359436e+01, 2.02826263e+02, 8.67805099e+01, 2.11151215e+02,
    2.94375019e+01, 1.75835938e+02, 3.94151382e+01, 1.84826569e+02,
    4.91998749e+01, 1.93662033e+02, 5.90081978e+01, 2.02338974e+02,
    6.86626282e+01, 2.10948441e+02, 7.83092575e+01, 2.19266251e+02,
    1.98223629e+01, 1.83868240e+02, 2.97503052e+01, 1.92916260e+02,
    3.98699608e+01, 2.01800156e+02, 4.97387238e+01, 2.10657394e+02,
    5.96585121e+01, 2.19198395e+02, 6.94578934e+01, 2.27667923e+02,
    9.65584660e+00, 1.92211014e+02, 1.99956379e+01, 2.01323410e+02,
    3.00696907e+01, 2.10369049e+02, 4.02910728e+01, 2.19219711e+02,
    5.02697029e+01, 2.28004578e+02, 6.02935562e+01, 2.36398468e+02 ]
