%YAML:1.0
---
points: [ 1.43733655e+03, 4.10651428e+02, 1.46088794e+03, 4.51242249e+02,
    1.48499414e+03, 4.92619415e+02, 1.50957812e+03, 5.34626221e+02,
    1.53464392e+03, 5.77906616e+02, 1.56027454e+03, 6.21733704e+02,
    1.39700330e+03, 4.33417694e+02, 1.41960669e+03, 4.73158997e+02,
    1.44255676e+03, 5.13366699e+02, 1.46602112e+03, 5.54487122e+02,
    1.49015430e+03, 5.96435425e+02, 1.51445691e+03, 6.39353027e+02,
    1.35872693e+03, 4.55422852e+02, 1.38029980e+03, 4.93800598e+02,
    1.40239270e+03, 5.33184937e+02, 1.42475000e+03, 5.73227295e+02,
    1.44762817e+03, 6.14204041e+02, 1.47098694e+03, 6.55618896e+02,
    1.32298083e+03, 4.75651367e+02, 1.34354700e+03, 5.13384033e+02,
    1.36464917e+03, 5.51620728e+02, 1.38616919e+03, 5.90574036e+02,
    1.40809851e+03, 6.30432312e+02, 1.43044824e+03, 6.71133545e+02,
    1.28908496e+03, 4.95142273e+02, 1.30885901e+03, 5.31549011e+02,
    1.32908081e+03, 5.69155334e+02, 1.34960596e+03, 6.07168640e+02,
    1.37070532e+03, 6.46117798e+02, 1.39203271e+03, 6.85470093e+02,
    1.25732556e+03, 5.13181335e+02, 1.27622449e+03, 5.48982300e+02,
    1.29542627e+03, 5.85501587e+02, 1.31516333e+03, 6.22606750e+02,
    1.33536926e+03, 6.60513306e+02, 1.35583508e+03, 6.99320923e+02,
    1.22705457e+03, 5.30461792e+02, 1.24536084e+03, 5.65387024e+02,
    1.26368518e+03, 6.01114624e+02, 1.28278516e+03, 6.37300415e+02,
    1.30207788e+03, 6.74336670e+02, 1.32170605e+03, 7.12042603e+02,
    1.19841833e+03, 5.46750061e+02, 1.21580786e+03, 5.81030640e+02,
    1.23370789e+03, 6.15779175e+02, 1.25196497e+03, 6.51369507e+02,
    1.27051306e+03, 6.87400940e+02, 1.28937549e+03, 7.24321716e+02 ]
