%YAML:1.0
---
points: [ 4.43822662e+02, 1.71730057e+02, 4.51826141e+02, 1.85433289e+02,
    4.59921387e+02, 1.99401108e+02, 4.68089233e+02, 2.13605438e+02,
    4.76279144e+02, 2.28168839e+02, 4.84542297e+02, 2.42893951e+02,
    4.29957062e+02, 1.79416733e+02, 4.37615906e+02, 1.92768631e+02,
    4.45477600e+02, 2.06559250e+02, 4.53328033e+02, 2.20263504e+02,
    4.61256653e+02, 2.34508484e+02, 4.69150513e+02, 2.48772903e+02,
    4.16572998e+02, 1.86707504e+02, 4.24008148e+02, 1.99763397e+02,
    4.31639893e+02, 2.13172821e+02, 4.39144958e+02, 2.26634979e+02,
    4.46820770e+02, 2.40411972e+02, 4.54599426e+02, 2.54438126e+02,
    4.04016174e+02, 1.93590088e+02, 4.11038147e+02, 2.06358368e+02,
    4.18409760e+02, 2.19341934e+02, 4.25770294e+02, 2.32593277e+02,
    4.33141449e+02, 2.46075760e+02, 4.40547272e+02, 2.59662933e+02,
    3.92000854e+02, 2.00176285e+02, 3.98886169e+02, 2.12559509e+02,
    4.05833435e+02, 2.25286499e+02, 4.12925873e+02, 2.38194580e+02,
    4.20028137e+02, 2.51332077e+02, 4.27318726e+02, 2.64739960e+02,
    3.80681122e+02, 2.06280930e+02, 3.87243500e+02, 2.18508026e+02,
    3.93926697e+02, 2.30900757e+02, 4.00769928e+02, 2.43541718e+02,
    4.07726105e+02, 2.56339050e+02, 4.14647308e+02, 2.69379395e+02,
    3.69842499e+02, 2.12204254e+02, 3.76233337e+02, 2.24027252e+02,
    3.82695068e+02, 2.36207092e+02, 3.89256805e+02, 2.48457672e+02,
    3.95915131e+02, 2.61086823e+02, 4.02689911e+02, 2.73781281e+02,
    3.59584290e+02, 2.17715439e+02, 3.65771423e+02, 2.29369080e+02,
    3.71929840e+02, 2.41214279e+02, 3.78301178e+02, 2.53258453e+02,
    3.84705963e+02, 2.65501343e+02, 3.91171539e+02, 2.77995026e+02 ]
