%YAML:1.0
---
points: [ 1.45448450e+03, 4.35368439e+02, 1.47730615e+03, 4.77228851e+02,
    1.50056531e+03, 5.20086670e+02, 1.52443652e+03, 5.63516235e+02,
    1.54858655e+03, 6.08172363e+02, 1.57338318e+03, 6.53375488e+02,
    1.41225452e+03, 4.56770721e+02, 1.43405005e+03, 4.97752411e+02,
    1.45633008e+03, 5.39368164e+02, 1.47885266e+03, 5.81802063e+02,
    1.50220581e+03, 6.24968018e+02, 1.52568176e+03, 6.69280701e+02,
    1.37217981e+03, 4.77553040e+02, 1.39303784e+03, 5.17197266e+02,
    1.41428052e+03, 5.57780090e+02, 1.43573132e+03, 5.98954651e+02,
    1.45802197e+03, 6.41362122e+02, 1.48050903e+03, 6.84200195e+02,
    1.33461328e+03, 4.96604462e+02, 1.35452832e+03, 5.35508789e+02,
    1.37487720e+03, 5.74832703e+02, 1.39565051e+03, 6.15265015e+02,
    1.41672546e+03, 6.56184570e+02, 1.43841663e+03, 6.98111023e+02,
    1.29913672e+03, 5.14918457e+02, 1.31833032e+03, 5.52541077e+02,
    1.33755408e+03, 5.91264648e+02, 1.35747778e+03, 6.30387207e+02,
    1.37783350e+03, 6.70458374e+02, 1.39850903e+03, 7.11168701e+02,
    1.26572900e+03, 5.31854492e+02, 1.28393079e+03, 5.68861145e+02,
    1.30261523e+03, 6.06469055e+02, 1.32160327e+03, 6.44772949e+02,
    1.34097241e+03, 6.83679016e+02, 1.36073230e+03, 7.23596436e+02,
    1.23421790e+03, 5.48251892e+02, 1.25166675e+03, 5.84207214e+02,
    1.26950293e+03, 6.20998718e+02, 1.28778992e+03, 6.58220276e+02,
    1.30641760e+03, 6.96375854e+02, 1.32530798e+03, 7.35018188e+02,
    1.20420435e+03, 5.63527222e+02, 1.22099292e+03, 5.98809692e+02,
    1.23813574e+03, 6.34576843e+02, 1.25570654e+03, 6.71231689e+02,
    1.27345813e+03, 7.08289429e+02, 1.29164038e+03, 7.46340637e+02 ]
