%YAML:1.0
---
points: [ 4.49882538e+02, 1.79893158e+02, 4.57563141e+02, 1.94289597e+02,
    4.65246002e+02, 2.08606400e+02, 4.73127136e+02, 2.23321625e+02,
    4.80930908e+02, 2.38220932e+02, 4.88774597e+02, 2.53314575e+02,
    4.35361603e+02, 1.87160156e+02, 4.42857544e+02, 2.01054031e+02,
    4.50330475e+02, 2.15155548e+02, 4.57824310e+02, 2.29368134e+02,
    4.65417389e+02, 2.44195770e+02, 4.72973145e+02, 2.58715607e+02,
    4.21351501e+02, 1.94009232e+02, 4.28558746e+02, 2.07662430e+02,
    4.35793854e+02, 2.21326187e+02, 4.43079834e+02, 2.35397507e+02,
    4.50387939e+02, 2.49485214e+02, 4.57867310e+02, 2.63975861e+02,
    4.08277435e+02, 2.00638428e+02, 4.15112762e+02, 2.13785339e+02,
    4.22147247e+02, 2.27259445e+02, 4.29223724e+02, 2.40923538e+02,
    4.36328888e+02, 2.54720337e+02, 4.43398773e+02, 2.68746368e+02,
    3.95643188e+02, 2.06780060e+02, 4.02348389e+02, 2.19681549e+02,
    4.09067322e+02, 2.32716782e+02, 4.15836212e+02, 2.46052780e+02,
    4.22724945e+02, 2.59560150e+02, 4.29595917e+02, 2.73406891e+02,
    3.83838257e+02, 2.12510910e+02, 3.90252441e+02, 2.25189484e+02,
    3.96613892e+02, 2.38029739e+02, 4.03224304e+02, 2.51007248e+02,
    4.09829498e+02, 2.64217682e+02, 4.16474548e+02, 2.77551941e+02,
    3.72608704e+02, 2.18051498e+02, 3.78693573e+02, 2.30452927e+02,
    3.84875977e+02, 2.42887878e+02, 3.91177948e+02, 2.55552216e+02,
    3.97611023e+02, 2.68458496e+02, 4.04109528e+02, 2.81549683e+02,
    3.61812042e+02, 2.23350952e+02, 3.67799683e+02, 2.35395172e+02,
    3.73680298e+02, 2.47572464e+02, 3.79801666e+02, 2.59958008e+02,
    3.85943634e+02, 2.72577972e+02, 3.92195343e+02, 2.85401764e+02 ]
