%YAML:1.0
---
points: [ 1.30004724e+03, 3.39778351e+02, 1.32264990e+03, 3.44368988e+02,
    1.34510718e+03, 3.48659760e+02, 1.36739795e+03, 3.53144928e+02,
    1.38970020e+03, 3.57382141e+02, 1.41155249e+03, 3.61520020e+02,
    1.30167078e+03, 3.60722870e+02, 1.32448645e+03, 3.65237000e+02,
    1.34733105e+03, 3.69617188e+02, 1.36976697e+03, 3.73706573e+02,
    1.39205884e+03, 3.78095184e+02, 1.41436829e+03, 3.82355286e+02,
    1.30340613e+03, 3.82237885e+02, 1.32663000e+03, 3.86606842e+02,
    1.34949939e+03, 3.90898529e+02, 1.37221973e+03, 3.95207947e+02,
    1.39485461e+03, 3.99369873e+02, 1.41720874e+03, 4.03492767e+02,
    1.30536292e+03, 4.03934387e+02, 1.32850757e+03, 4.08217560e+02,
    1.35169971e+03, 4.12589203e+02, 1.37467383e+03, 4.16776703e+02,
    1.39738867e+03, 4.20982239e+02, 1.42007349e+03, 4.25073914e+02,
    1.30726953e+03, 4.26178772e+02, 1.33060754e+03, 4.30343384e+02,
    1.35406750e+03, 4.34505554e+02, 1.37715002e+03, 4.38888031e+02,
    1.40029468e+03, 4.43082184e+02, 1.42289490e+03, 4.47083221e+02,
    1.30892163e+03, 4.48934326e+02, 1.33280884e+03, 4.53110962e+02,
    1.35643213e+03, 4.57139008e+02, 1.37978003e+03, 4.61284515e+02,
    1.40284448e+03, 4.65508667e+02, 1.42616345e+03, 4.69505157e+02,
    1.31108948e+03, 4.71773468e+02, 1.33489136e+03, 4.76120667e+02,
    1.35881165e+03, 4.80134674e+02, 1.38227734e+03, 4.84281097e+02,
    1.40582153e+03, 4.88221680e+02, 1.42890808e+03, 4.92269318e+02,
    1.31300024e+03, 4.95537354e+02, 1.33731909e+03, 4.99502808e+02,
    1.36121887e+03, 5.03507568e+02, 1.38507373e+03, 5.07611389e+02,
    1.40864429e+03, 5.11777161e+02, 1.43224451e+03, 5.15597839e+02 ]
