%YAML:1.0
---
points: [ 6.58470840e+01, 5.19348030e+01, 7.39338379e+01, 6.08994484e+01,
    8.23708572e+01, 6.96089706e+01, 9.05807190e+01, 7.84636841e+01,
    9.88819504e+01, 8.72059860e+01, 1.07072800e+02, 9.58765259e+01,
    5.75789986e+01, 5.75727158e+01, 6.61959000e+01, 6.62907333e+01,
    7.45332565e+01, 7.52958298e+01, 8.30966187e+01, 8.41337433e+01,
    9.14700394e+01, 9.29798126e+01, 9.98464355e+01, 1.01716934e+02,
    4.93759727e+01, 6.30756531e+01, 5.77785835e+01, 7.22345123e+01,
    6.65384674e+01, 8.11042099e+01, 7.51773224e+01, 9.00642242e+01,
    8.38824310e+01, 9.89822998e+01, 9.23587265e+01, 1.07734734e+02,
    4.07017670e+01, 6.91639938e+01, 4.95353127e+01, 7.80795059e+01,
    5.82391510e+01, 8.72327499e+01, 6.71939240e+01, 9.61475220e+01,
    7.59607620e+01, 1.05171463e+02, 8.47200012e+01, 1.13979721e+02,
    3.20031624e+01, 7.51209488e+01, 4.07697296e+01, 8.43291397e+01,
    4.98910294e+01, 9.34030533e+01, 5.87870255e+01, 1.02510544e+02,
    6.78595581e+01, 1.11524895e+02, 7.68312225e+01, 1.20311684e+02,
    2.29488506e+01, 8.16278610e+01, 3.20280380e+01, 9.07091599e+01,
    4.10828056e+01, 9.99301071e+01, 5.03323364e+01, 1.09095810e+02,
    5.94455528e+01, 1.18184875e+02, 6.87458344e+01, 1.27111824e+02,
    1.38999691e+01, 8.81846924e+01, 2.28976135e+01, 9.74830017e+01,
    3.22292366e+01, 1.06663132e+02, 4.14590683e+01, 1.15944366e+02,
    5.09874573e+01, 1.25086227e+02, 6.02778206e+01, 1.34073318e+02,
    2.97377324e+00, 9.51178970e+01, 1.37186766e+01, 1.04439522e+02,
    2.29318047e+01, 1.13789192e+02, 3.25165977e+01, 1.23016373e+02,
    4.20212059e+01, 1.32214722e+02, 5.16107483e+01, 1.41284760e+02 ]
