%YAML:1.0
---
points: [ 4.24205078e+02, 8.93725052e+01, 4.27741913e+02, 1.00133682e+02,
    4.31449768e+02, 1.10763313e+02, 4.35027740e+02, 1.21239418e+02,
    4.38458252e+02, 1.31683365e+02, 4.41981567e+02, 1.42182526e+02,
    4.12979309e+02, 9.40623169e+01, 4.16651642e+02, 1.04453224e+02,
    4.20240143e+02, 1.14948059e+02, 4.23690125e+02, 1.25226128e+02,
    4.27211517e+02, 1.35563248e+02, 4.30625061e+02, 1.45805969e+02,
    4.02018555e+02, 9.84290161e+01, 4.05563812e+02, 1.08815071e+02,
    4.09123718e+02, 1.19063843e+02, 4.12654419e+02, 1.29217636e+02,
    4.16025909e+02, 1.39309128e+02, 4.19516663e+02, 1.49350967e+02,
    3.91374359e+02, 1.02859657e+02, 3.94887848e+02, 1.13017891e+02,
    3.98452545e+02, 1.23120514e+02, 4.01830414e+02, 1.33131592e+02,
    4.05326935e+02, 1.43066772e+02, 4.08711365e+02, 1.52858978e+02,
    3.80890167e+02, 1.07192574e+02, 3.84561340e+02, 1.17124878e+02,
    3.87935883e+02, 1.27015106e+02, 3.91414032e+02, 1.36864120e+02,
    3.94795715e+02, 1.46625305e+02, 3.98238220e+02, 1.56208740e+02,
    3.70963287e+02, 1.11316925e+02, 3.74428314e+02, 1.21163254e+02,
    3.77868073e+02, 1.30858582e+02, 3.81303314e+02, 1.40503571e+02,
    3.84702118e+02, 1.50108582e+02, 3.88004028e+02, 1.59611649e+02,
    3.61216461e+02, 1.15434372e+02, 3.64699127e+02, 1.25011620e+02,
    3.68063324e+02, 1.34641159e+02, 3.71492706e+02, 1.44009918e+02,
    3.74871613e+02, 1.53497620e+02, 3.78187683e+02, 1.62800079e+02,
    3.51696106e+02, 1.19343529e+02, 3.55187073e+02, 1.28909027e+02,
    3.58549835e+02, 1.38205765e+02, 3.61876526e+02, 1.47522217e+02,
    3.65183624e+02, 1.56826324e+02, 3.68618713e+02, 1.66028152e+02 ]
