%YAML:1.0
---
points: [ 1.40042920e+03, 1.66424255e+02, 1.41095337e+03, 1.98215118e+02,
    1.42147766e+03, 2.29968323e+02, 1.43185120e+03, 2.61283112e+02,
    1.44234216e+03, 2.92376129e+02, 1.45258667e+03, 3.23246185e+02,
    1.36696179e+03, 1.80552368e+02, 1.37744324e+03, 2.11920761e+02,
    1.38792407e+03, 2.42909470e+02, 1.39811267e+03, 2.73791840e+02,
    1.40852576e+03, 3.04199127e+02, 1.41861133e+03, 3.34561890e+02,
    1.33424536e+03, 1.94698166e+02, 1.34479785e+03, 2.25275497e+02,
    1.35495947e+03, 2.55905319e+02, 1.36547083e+03, 2.85805298e+02,
    1.37551953e+03, 3.15861816e+02, 1.38576917e+03, 3.45373169e+02,
    1.30322961e+03, 2.07955490e+02, 1.31329602e+03, 2.38203934e+02,
    1.32381519e+03, 2.67880005e+02, 1.33378064e+03, 2.97670258e+02,
    1.34421826e+03, 3.26875641e+02, 1.35427454e+03, 3.56084534e+02,
    1.27275220e+03, 2.21157761e+02, 1.28314355e+03, 2.50480484e+02,
    1.29311060e+03, 2.79956696e+02, 1.30347913e+03, 3.08834198e+02,
    1.31346924e+03, 3.37655518e+02, 1.32367822e+03, 3.66135376e+02,
    1.24362244e+03, 2.33566757e+02, 1.25375830e+03, 2.62692078e+02,
    1.26390149e+03, 2.91386047e+02, 1.27398767e+03, 3.19895203e+02,
    1.28411816e+03, 3.48143188e+02, 1.29411401e+03, 3.76159515e+02,
    1.21537817e+03, 2.45806839e+02, 1.22565027e+03, 2.74241241e+02,
    1.23561646e+03, 3.02429352e+02, 1.24579932e+03, 3.30333801e+02,
    1.25563000e+03, 3.58195038e+02, 1.26575610e+03, 3.85506012e+02,
    1.18813513e+03, 2.57510590e+02, 1.19826758e+03, 2.85471497e+02,
    1.20842212e+03, 3.13067657e+02, 1.21824487e+03, 3.40607239e+02,
    1.22828735e+03, 3.67634033e+02, 1.23801123e+03, 3.94790161e+02 ]
