%YAML:1.0
---
points: [ 1.06388557e+02, 3.80174904e+01, 1.15167320e+02, 4.70769081e+01,
    1.24282875e+02, 5.58656349e+01, 1.33347366e+02, 6.51226120e+01,
    1.42650589e+02, 7.42750168e+01, 1.51987244e+02, 8.36717758e+01,
    9.66304321e+01, 4.70503044e+01, 1.05643929e+02, 5.56754341e+01,
    1.14579338e+02, 6.47747803e+01, 1.23858246e+02, 7.39276962e+01,
    1.33044739e+02, 8.33671494e+01, 1.42383133e+02, 9.26418839e+01,
    8.70497894e+01, 5.57027779e+01, 9.57816238e+01, 6.47123642e+01,
    1.04963326e+02, 7.37238007e+01, 1.14067184e+02, 8.29220047e+01,
    1.23382942e+02, 9.22859116e+01, 1.32709045e+02, 1.01691612e+02,
    7.72668076e+01, 6.47598953e+01, 8.62625046e+01, 7.35950775e+01,
    9.52224121e+01, 8.27535324e+01, 1.04427628e+02, 92., 1.13671532e+02,
    1.01381844e+02, 1.23099792e+02, 1.10733818e+02, 6.76385727e+01,
    7.36484146e+01, 7.63894958e+01, 8.27409363e+01, 8.54845200e+01,
    9.18213730e+01, 9.45947571e+01, 1.01134186e+02, 1.04033424e+02,
    1.10433189e+02, 1.13320572e+02, 1.19806213e+02, 5.79430656e+01,
    8.29068680e+01, 6.67754440e+01, 9.17818527e+01, 7.56949081e+01,
    1.01017593e+02, 8.49143524e+01, 1.10235054e+02, 9.41920853e+01,
    1.19596512e+02, 1.03605705e+02, 1.29028107e+02, 4.83736687e+01,
    9.19124298e+01, 5.69916992e+01, 1.01051125e+02, 6.60588303e+01,
    1.10174179e+02, 7.51574173e+01, 1.19383194e+02, 8.44093933e+01,
    1.28790863e+02, 9.37669220e+01, 1.38251724e+02, 3.86657257e+01,
    1.01223358e+02, 4.74212608e+01, 1.10246323e+02, 5.62261124e+01,
    1.19451576e+02, 6.53793106e+01, 1.28678131e+02, 7.46189041e+01,
    1.38159409e+02, 8.40477295e+01, 1.47471024e+02 ]
