%YAML:1.0
---
points: [ 1.31006616e+03, 2.84176117e+02, 1.33240710e+03, 2.88738342e+02,
    1.35446497e+03, 2.93438507e+02, 1.37601270e+03, 2.97747559e+02,
    1.39753687e+03, 3.02020813e+02, 1.41877161e+03, 3.06534546e+02,
    1.31176880e+03, 3.06793396e+02, 1.33399988e+03, 3.10955475e+02,
    1.35629761e+03, 3.15569153e+02, 1.37835413e+03, 3.19865479e+02,
    1.39997327e+03, 3.24196716e+02, 1.42149158e+03, 3.28354919e+02,
    1.31342188e+03, 3.29591339e+02, 1.33603064e+03, 3.34087158e+02,
    1.35837317e+03, 3.37919830e+02, 1.38053271e+03, 3.42451813e+02,
    1.40228784e+03, 3.46583374e+02, 1.42387207e+03, 3.50627747e+02,
    1.31524243e+03, 3.52796875e+02, 1.33791663e+03, 3.56894318e+02,
    1.36034668e+03, 3.61072845e+02, 1.38269250e+03, 3.65087311e+02,
    1.40471069e+03, 3.69423767e+02, 1.42654114e+03, 3.73293701e+02,
    1.31705420e+03, 3.76127197e+02, 1.33981750e+03, 3.80376007e+02,
    1.36262012e+03, 3.84279816e+02, 1.38491650e+03, 3.88416687e+02,
    1.40704541e+03, 3.92395996e+02, 1.42883545e+03, 3.96406219e+02,
    1.31863147e+03, 4.00060944e+02, 1.34199805e+03, 4.04182892e+02,
    1.36469995e+03, 4.08026123e+02, 1.38717859e+03, 4.11698669e+02,
    1.40953906e+03, 4.15832977e+02, 1.43167456e+03, 4.19513062e+02,
    1.32063696e+03, 4.24313446e+02, 1.34376270e+03, 4.28134857e+02,
    1.36670337e+03, 4.31743073e+02, 1.38946509e+03, 4.35709412e+02,
    1.41191992e+03, 4.39361328e+02, 1.43403369e+03, 4.43200806e+02,
    1.32244836e+03, 4.49006226e+02, 1.34580615e+03, 4.52603455e+02,
    1.36904370e+03, 4.56204010e+02, 1.39172217e+03, 4.59912201e+02,
    1.41438647e+03, 4.63779602e+02, 1.43685889e+03, 4.67309845e+02 ]
