%YAML:1.0
---
points: [ 1.45029004e+03, 3.34867615e+02, 1.45117529e+03, 3.67726257e+02,
    1.45163074e+03, 4.01289764e+02, 1.45264490e+03, 4.34085632e+02,
    1.45335425e+03, 4.67102631e+02, 1.45430701e+03, 5.00290619e+02,
    1.41549927e+03, 3.39177704e+02, 1.41619336e+03, 3.71720795e+02,
    1.41682629e+03, 4.04250153e+02, 1.41754187e+03, 4.36614685e+02,
    1.41840381e+03, 4.69116150e+02, 1.41920715e+03, 5.01513672e+02,
    1.38147681e+03, 3.43661133e+02, 1.38218787e+03, 3.75582642e+02,
    1.38285400e+03, 4.07478973e+02, 1.38373376e+03, 4.39055115e+02,
    1.38440881e+03, 4.70835052e+02, 1.38529150e+03, 5.02463806e+02,
    1.34892371e+03, 3.47835205e+02, 1.34971240e+03, 3.79157196e+02,
    1.35050037e+03, 4.10194122e+02, 1.35131238e+03, 4.41502777e+02,
    1.35218774e+03, 4.72436249e+02, 1.35276147e+03, 5.03662567e+02,
    1.31777563e+03, 3.51844879e+02, 1.31849280e+03, 3.82445770e+02,
    1.31902698e+03, 4.13248688e+02, 1.31989624e+03, 4.43681366e+02,
    1.32070654e+03, 4.74406830e+02, 1.32165039e+03, 5.04627441e+02,
    1.28770166e+03, 3.55657349e+02, 1.28851355e+03, 3.85884430e+02,
    1.28927747e+03, 4.15881866e+02, 1.28994507e+03, 4.45808319e+02,
    1.29062170e+03, 4.75862091e+02, 1.29144336e+03, 5.05857178e+02,
    1.25871814e+03, 3.59547363e+02, 1.25960217e+03, 3.88902618e+02,
    1.26022058e+03, 4.18539825e+02, 1.26095093e+03, 4.48104370e+02,
    1.26161426e+03, 4.77473633e+02, 1.26252258e+03, 5.06771271e+02,
    1.23082654e+03, 3.63063019e+02, 1.23157104e+03, 3.92188110e+02,
    1.23234192e+03, 4.21128021e+02, 1.23302686e+03, 4.50124908e+02,
    1.23375378e+03, 4.78866333e+02, 1.23450439e+03, 5.07822784e+02 ]
