%YAML:1.0
---
points: [ 4.41460938e+02, 1.46069077e+02, 4.41873444e+02, 1.57263321e+02,
    4.42197205e+02, 1.68346848e+02, 4.42574463e+02, 1.79583969e+02,
    4.42883545e+02, 1.90621063e+02, 4.43171570e+02, 2.01834229e+02,
    4.29861267e+02, 1.47516190e+02, 4.30134735e+02, 1.58429581e+02,
    4.30402771e+02, 1.69460327e+02, 4.30781464e+02, 1.80339005e+02,
    4.30985046e+02, 1.91395218e+02, 4.31348267e+02, 2.02342529e+02,
    4.18291382e+02, 1.48698898e+02, 4.18617035e+02, 1.59574799e+02,
    4.18926727e+02, 1.70411911e+02, 4.19160828e+02, 1.81140305e+02,
    4.19403748e+02, 1.91863419e+02, 4.19632690e+02, 2.02759445e+02,
    4.07204468e+02, 1.50136642e+02, 4.07364319e+02, 1.60658981e+02,
    4.07783264e+02, 1.71314377e+02, 4.08128723e+02, 1.81839249e+02,
    4.08285370e+02, 1.92476929e+02, 4.08471375e+02, 2.02944931e+02,
    3.96324982e+02, 1.51387497e+02, 3.96735596e+02, 1.61790405e+02,
    3.97096191e+02, 1.72174576e+02, 3.97285187e+02, 1.82546860e+02,
    3.97442535e+02, 1.92950363e+02, 3.97732391e+02, 2.03323624e+02,
    3.86165070e+02, 1.52661453e+02, 3.86283478e+02, 1.62875519e+02,
    3.86452057e+02, 1.73111252e+02, 3.86748627e+02, 1.83299133e+02,
    3.87148773e+02, 1.93527725e+02, 3.87312317e+02, 2.03676392e+02,
    3.76036072e+02, 1.53873596e+02, 3.76250854e+02, 1.64007980e+02,
    3.76425018e+02, 1.73996735e+02, 3.76670380e+02, 1.84046295e+02,
    3.77078430e+02, 1.94026169e+02, 3.77259064e+02, 2.03936844e+02,
    3.66239349e+02, 1.55106018e+02, 3.66358124e+02, 1.64989487e+02,
    3.66682098e+02, 1.74819626e+02, 3.67002991e+02, 1.84703110e+02,
    3.67250671e+02, 1.94555389e+02, 3.67378693e+02, 2.04383591e+02 ]
