%YAML:1.0
---
points: [ 1.32458203e+03, 1.51662857e+02, 1.34981934e+03, 1.54726044e+02,
    1.37523621e+03, 1.57457153e+02, 1.40027466e+03, 1.60533279e+02,
    1.42528271e+03, 1.63352020e+02, 1.45000427e+03, 1.66272980e+02,
    1.32081641e+03, 1.79016708e+02, 1.34601611e+03, 1.81791199e+02,
    1.37117700e+03, 1.84656937e+02, 1.39630579e+03, 1.87356018e+02,
    1.42128394e+03, 1.90400131e+02, 1.44589319e+03, 1.92845566e+02,
    1.31695190e+03, 2.06324280e+02, 1.34231079e+03, 2.08991501e+02,
    1.36727759e+03, 2.11725983e+02, 1.39225049e+03, 2.14432953e+02,
    1.41715796e+03, 2.17211533e+02, 1.44199915e+03, 2.19783264e+02,
    1.31310815e+03, 2.33331268e+02, 1.33832239e+03, 2.35729507e+02,
    1.36339526e+03, 2.38577621e+02, 1.38830493e+03, 2.40961212e+02,
    1.41304822e+03, 2.43821381e+02, 1.43777490e+03, 2.46239441e+02,
    1.30941809e+03, 2.60013245e+02, 1.33442627e+03, 2.62478668e+02,
    1.35941296e+03, 2.65128265e+02, 1.38443323e+03, 2.67576141e+02,
    1.40896997e+03, 2.70241516e+02, 1.43364038e+03, 2.72661072e+02,
    1.30570032e+03, 2.86624756e+02, 1.33069324e+03, 2.88957123e+02,
    1.35551562e+03, 2.91581512e+02, 1.38038110e+03, 2.93880463e+02,
    1.40510461e+03, 2.96638885e+02, 1.42959131e+03, 2.98793335e+02,
    1.30187646e+03, 3.12859497e+02, 1.32685791e+03, 3.15362427e+02,
    1.35176160e+03, 3.17721466e+02, 1.37637756e+03, 3.20178131e+02,
    1.40113464e+03, 3.22588318e+02, 1.42565735e+03, 3.24920990e+02,
    1.29818018e+03, 3.39232635e+02, 1.32306299e+03, 3.41437012e+02,
    1.34788696e+03, 3.44018494e+02, 1.37252844e+03, 3.46103607e+02,
    1.39696094e+03, 3.48656403e+02, 1.42172815e+03, 3.50743469e+02 ]
