%YAML:1.0
---
points: [ 9.52090530e+01, 4.24157562e+01, 1.04289108e+02, 5.20174942e+01,
    1.13743118e+02, 6.14170189e+01, 1.23126831e+02, 7.13489151e+01,
    1.32711029e+02, 8.09652328e+01, 1.42257004e+02, 9.07638931e+01,
    8.53868790e+01, 5.16827736e+01, 9.47368622e+01, 6.09498367e+01,
    1.04088966e+02, 7.06446228e+01, 1.13516586e+02, 8.02380524e+01,
    1.23110657e+02, 9.00700912e+01, 1.32664627e+02, 9.98181229e+01,
    7.57728500e+01, 6.06934929e+01, 8.48995285e+01, 7.03041687e+01,
    9.43333130e+01, 7.97592621e+01, 1.03805626e+02, 8.94299240e+01,
    1.13454765e+02, 9.91967468e+01, 1.23059555e+02, 1.08880104e+02,
    6.59849091e+01, 7.00697479e+01, 7.53341751e+01, 7.93230057e+01,
    8.46543121e+01, 8.90717087e+01, 9.42058945e+01, 9.85984573e+01,
    1.03762901e+02, 1.08344513e+02, 1.13404808e+02, 1.18078812e+02,
    5.64703560e+01, 7.91760025e+01, 6.55427094e+01, 8.86891327e+01,
    7.50614700e+01, 9.81885986e+01, 8.44300461e+01, 1.07886711e+02,
    9.41772995e+01, 1.17539848e+02, 1.03772667e+02, 1.27188660e+02,
    4.67910614e+01, 8.86035385e+01, 5.60878716e+01, 9.79459076e+01,
    6.52826385e+01, 1.07512177e+02, 7.49134674e+01, 1.17134193e+02,
    8.44128342e+01, 1.26750969e+02, 9.41491394e+01, 1.36406250e+02,
    3.74288940e+01, 9.78016891e+01, 4.63697815e+01, 1.07262451e+02,
    5.58180313e+01, 1.16814049e+02, 6.51711655e+01, 1.26346756e+02,
    7.48873291e+01, 1.36030609e+02, 8.44702530e+01, 1.45604691e+02,
    2.77936192e+01, 1.07299683e+02, 3.70654945e+01, 1.16667145e+02,
    4.61471138e+01, 1.26138618e+02, 5.57079620e+01, 1.35696548e+02,
    6.51839371e+01, 1.45286057e+02, 7.49675751e+01, 1.54898636e+02 ]
