%YAML:1.0
---
points: [ 3.45364136e+02, 2.35709488e+02, 3.50613678e+02, 2.27375931e+02,
    3.55802032e+02, 2.19104111e+02, 3.61104980e+02, 2.10673859e+02,
    3.66261932e+02, 2.02345383e+02, 3.71597015e+02, 1.93899673e+02,
    3.53533417e+02, 2.40364532e+02, 3.58792877e+02, 2.31978897e+02,
    3.64169220e+02, 2.23420776e+02, 3.69471008e+02, 2.14982071e+02,
    3.74865540e+02, 2.06437378e+02, 3.80177399e+02, 1.97886795e+02,
    3.61881317e+02, 2.45238388e+02, 3.67335571e+02, 2.36541473e+02,
    3.72697174e+02, 2.27987961e+02, 3.78108185e+02, 2.19324005e+02,
    3.83663605e+02, 2.10721725e+02, 3.89103973e+02, 2.02011841e+02,
    3.70625824e+02, 2.50143158e+02, 3.76125061e+02, 2.41479950e+02,
    3.81582367e+02, 2.32641266e+02, 3.87168610e+02, 2.23913361e+02,
    3.92751190e+02, 2.15065216e+02, 3.98225433e+02, 2.06217606e+02,
    3.79634827e+02, 2.55296722e+02, 3.85224365e+02, 2.46452515e+02,
    3.90850372e+02, 2.37613663e+02, 3.96535614e+02, 2.28608246e+02,
    4.02171234e+02, 2.19627747e+02, 4.07734924e+02, 2.10597076e+02,
    3.88869781e+02, 2.60691437e+02, 3.94671722e+02, 2.51635513e+02,
    4.00347900e+02, 2.42523163e+02, 4.06102112e+02, 2.33472412e+02,
    4.11893524e+02, 2.24325836e+02, 4.17712860e+02, 2.15259201e+02,
    3.98645416e+02, 2.66329681e+02, 4.04370392e+02, 2.57099304e+02,
    4.10301666e+02, 2.47832672e+02, 4.16122284e+02, 2.38523148e+02,
    4.21977692e+02, 2.29318634e+02, 4.27768097e+02, 2.19990540e+02,
    4.08532654e+02, 2.71956909e+02, 4.14506256e+02, 2.62590332e+02,
    4.20396851e+02, 2.53231903e+02, 4.26401917e+02, 2.43811615e+02,
    4.32326569e+02, 2.34311371e+02, 4.38257202e+02, 2.24865189e+02 ]
