%YAML:1.0
---
points: [ 1.33725415e+03, 1.37561569e+02, 1.36494397e+03, 1.37729828e+02,
    1.39283594e+03, 1.37746979e+02, 1.42069385e+03, 1.37966095e+02,
    1.44860400e+03, 1.38012543e+02, 1.47636133e+03, 1.38270187e+02,
    1.33135645e+03, 1.66108856e+02, 1.35872009e+03, 1.66130066e+02,
    1.38627246e+03, 1.66273697e+02, 1.41370874e+03, 1.66271515e+02,
    1.44129297e+03, 1.66414398e+02, 1.46876965e+03, 1.66488556e+02,
    1.32555310e+03, 1.93936691e+02, 1.35261487e+03, 1.94009125e+02,
    1.37986755e+03, 1.94020523e+02, 1.40681335e+03, 1.94207840e+02,
    1.43391431e+03, 1.94240982e+02, 1.46118030e+03, 1.94396347e+02,
    1.31983423e+03, 2.21005142e+02, 1.34669080e+03, 2.21043518e+02,
    1.37348145e+03, 2.21054367e+02, 1.40037366e+03, 2.21079285e+02,
    1.42710986e+03, 2.21208084e+02, 1.45372009e+03, 2.21221985e+02,
    1.31442468e+03, 2.47269028e+02, 1.34082629e+03, 2.47189713e+02,
    1.36736182e+03, 2.47286209e+02, 1.39368628e+03, 2.47357117e+02,
    1.42025037e+03, 2.47312714e+02, 1.44662952e+03, 2.47418030e+02,
    1.30912622e+03, 2.72814972e+02, 1.33521179e+03, 2.72781616e+02,
    1.36131702e+03, 2.72867523e+02, 1.38732007e+03, 2.72757477e+02,
    1.41347974e+03, 2.72956543e+02, 1.43949170e+03, 2.72855835e+02,
    1.30388440e+03, 2.97618164e+02, 1.32961621e+03, 2.97645386e+02,
    1.35539709e+03, 2.97620392e+02, 1.38122131e+03, 2.97629700e+02,
    1.40693982e+03, 2.97596802e+02, 1.43270996e+03, 2.97688660e+02,
    1.29872034e+03, 3.22134552e+02, 1.32416309e+03, 3.21977020e+02,
    1.34959851e+03, 3.22054535e+02, 1.37510498e+03, 3.21974762e+02,
    1.40058789e+03, 3.22005402e+02, 1.42616602e+03, 3.21932648e+02 ]
