%YAML:1.0
---
points: [ 1.17009790e+03, 5.99699463e+02, 1.18538696e+03, 5.75379883e+02,
    1.20050146e+03, 5.50944092e+02, 1.21578699e+03, 5.26327576e+02,
    1.23126379e+03, 5.01732300e+02, 1.24662061e+03, 4.77040558e+02,
    1.19328772e+03, 6.13456360e+02, 1.20866479e+03, 5.88689392e+02,
    1.22432996e+03, 5.63653076e+02, 1.23980273e+03, 5.38718628e+02,
    1.25562329e+03, 5.13705933e+02, 1.27132007e+03, 4.88667694e+02,
    1.21699438e+03, 6.27597351e+02, 1.23282434e+03, 6.02309570e+02,
    1.24872180e+03, 5.77064392e+02, 1.26466101e+03, 5.51630615e+02,
    1.28068433e+03, 5.26288574e+02, 1.29682739e+03, 5.00599579e+02,
    1.24178430e+03, 6.42210876e+02, 1.25801416e+03, 6.16687500e+02,
    1.27414624e+03, 5.90686829e+02, 1.29038464e+03, 5.65082214e+02,
    1.30684558e+03, 5.39025452e+02, 1.32314612e+03, 5.13240051e+02,
    1.26757703e+03, 6.57516235e+02, 1.28411218e+03, 6.31338013e+02,
    1.30060535e+03, 6.05268799e+02, 1.31735681e+03, 5.78805542e+02,
    1.33390625e+03, 5.52509766e+02, 1.35073267e+03, 5.26037842e+02,
    1.29428052e+03, 6.73220947e+02, 1.31112964e+03, 6.46708435e+02,
    1.32811536e+03, 6.19862793e+02, 1.34500732e+03, 5.93375183e+02,
    1.36196289e+03, 5.66437622e+02, 1.37919995e+03, 5.39581360e+02,
    1.32234485e+03, 6.89844177e+02, 1.33950330e+03, 6.62662781e+02,
    1.35667383e+03, 6.35538513e+02, 1.37391943e+03, 6.08257080e+02,
    1.39141907e+03, 5.81053833e+02, 1.40887085e+03, 5.53380249e+02,
    1.35114282e+03, 7.06717163e+02, 1.36862439e+03, 6.79304504e+02,
    1.38628638e+03, 6.51435669e+02, 1.40396167e+03, 6.23799133e+02,
    1.42169873e+03, 5.95804321e+02, 1.43949878e+03, 5.68134583e+02 ]
