%YAML:1.0
---
points: [ 1.54252228e+02, 9.78978729e+01, 1.58155151e+02, 1.10831787e+02,
    1.62084167e+02, 1.23748154e+02, 1.65942429e+02, 1.36594360e+02,
    1.69726562e+02, 1.49327927e+02, 1.73591400e+02, 1.62053543e+02,
    1.41327942e+02, 1.01263023e+02, 1.45247971e+02, 1.14200867e+02,
    1.49218399e+02, 1.27158806e+02, 1.53091232e+02, 1.39930832e+02,
    1.56961365e+02, 1.52743866e+02, 1.60801254e+02, 1.65404968e+02,
    1.28308075e+02, 1.04630821e+02, 1.32260162e+02, 1.17544220e+02,
    1.36177780e+02, 1.30504089e+02, 1.40082825e+02, 1.43348038e+02,
    1.44081116e+02, 1.56214355e+02, 1.47898148e+02, 1.68896423e+02,
    1.15227379e+02, 1.08047806e+02, 1.19144821e+02, 1.20980865e+02,
    1.23179970e+02, 1.33922104e+02, 1.27128578e+02, 1.46802475e+02,
    1.31123047e+02, 1.59658173e+02, 1.34987381e+02, 1.72369965e+02,
    1.02202774e+02, 1.11438721e+02, 1.06146370e+02, 1.24417747e+02,
    1.10075470e+02, 1.37341614e+02, 1.14028191e+02, 1.50267090e+02,
    1.18042358e+02, 1.63151764e+02, 1.21953491e+02, 1.75880859e+02,
    8.91282883e+01, 1.14927872e+02, 9.30294952e+01, 1.27922112e+02,
    9.69320984e+01, 1.40896744e+02, 1.01016319e+02, 1.53803452e+02,
    1.04974770e+02, 1.66538345e+02, 1.08890305e+02, 1.79400940e+02,
    7.60529785e+01, 1.18551041e+02, 7.99684830e+01, 1.31386459e+02,
    8.38730621e+01, 1.44408951e+02, 8.78424606e+01, 1.57277588e+02,
    9.18084030e+01, 1.70208099e+02, 9.58005066e+01, 1.83026443e+02,
    6.30400696e+01, 1.22147346e+02, 6.68083267e+01, 1.35041016e+02,
    7.07045975e+01, 1.47919342e+02, 7.46664429e+01, 1.60893051e+02,
    7.86218414e+01, 1.73736557e+02, 8.26493759e+01, 1.86613373e+02 ]
