%YAML:1.0
---
points: [ 1.17303482e+02, 7.27791748e+01, 1.24401375e+02, 8.21315689e+01,
    1.31667114e+02, 9.13903580e+01, 1.38760864e+02, 1.00580124e+02,
    1.45846817e+02, 1.09761932e+02, 1.52875671e+02, 1.18755409e+02,
    1.08158318e+02, 7.83862915e+01, 1.15402969e+02, 8.77770157e+01,
    1.22693481e+02, 9.71070404e+01, 1.30050980e+02, 1.06328896e+02,
    1.37222214e+02, 1.15496696e+02, 1.44259506e+02, 1.24586761e+02,
    9.87478714e+01, 8.41681747e+01, 1.06167290e+02, 9.35752335e+01,
    1.13546089e+02, 1.02953903e+02, 1.20969070e+02, 1.12198494e+02,
    1.28222488e+02, 1.21434998e+02, 1.35510483e+02, 1.30505325e+02,
    8.92064209e+01, 9.00570526e+01, 9.67456741e+01, 9.94501495e+01,
    1.04292404e+02, 1.08857109e+02, 1.11785896e+02, 1.18202408e+02,
    1.19234978e+02, 1.27399689e+02, 1.26627823e+02, 1.36549927e+02,
    7.95789566e+01, 9.60125885e+01, 8.72110443e+01, 1.05463585e+02,
    9.48098297e+01, 1.14972656e+02, 1.02408989e+02, 1.24293579e+02,
    1.09989159e+02, 1.33570023e+02, 1.17475243e+02, 1.42689682e+02,
    6.97833710e+01, 1.02164528e+02, 7.74777374e+01, 1.11680214e+02,
    8.52130203e+01, 1.21150589e+02, 9.29710236e+01, 1.30529755e+02,
    1.00566078e+02, 1.39861008e+02, 1.08238426e+02, 1.49068802e+02,
    5.99708099e+01, 1.08479240e+02, 6.76479492e+01, 1.17996735e+02,
    7.54761200e+01, 1.27497993e+02, 8.32511826e+01, 1.36892624e+02,
    9.11072540e+01, 1.46251282e+02, 9.88154526e+01, 1.55473877e+02,
    4.97610741e+01, 1.14884972e+02, 5.76976700e+01, 1.24449539e+02,
    6.55244141e+01, 1.34031906e+02, 7.34190521e+01, 1.43400436e+02,
    8.12683258e+01, 1.52773895e+02, 8.91743011e+01, 1.62115250e+02 ]
