%YAML:1.0
---
points: [ 1.13271741e+03, 6.69936218e+02, 1.15142261e+03, 6.47417908e+02,
    1.16998804e+03, 6.24884644e+02, 1.18848877e+03, 6.02460144e+02,
    1.20695813e+03, 5.80101929e+02, 1.22549268e+03, 5.57681091e+02,
    1.15163452e+03, 6.83877991e+02, 1.17056763e+03, 6.60936096e+02,
    1.18959155e+03, 6.37855713e+02, 1.20852966e+03, 6.14938232e+02,
    1.22750012e+03, 5.92138000e+02, 1.24632532e+03, 5.69290894e+02,
    1.17134399e+03, 6.98543030e+02, 1.19068201e+03, 6.74903564e+02,
    1.21013623e+03, 6.51466370e+02, 1.22944629e+03, 6.27872864e+02,
    1.24884155e+03, 6.04566711e+02, 1.26815308e+03, 5.81225281e+02,
    1.19193445e+03, 7.13868591e+02, 1.21181445e+03, 6.89820007e+02,
    1.23161816e+03, 6.65612061e+02, 1.25143127e+03, 6.41609619e+02,
    1.27132996e+03, 6.17642639e+02, 1.29104102e+03, 5.93725891e+02,
    1.21367859e+03, 7.30172302e+02, 1.23401306e+03, 7.05372925e+02,
    1.25432800e+03, 6.80645020e+02, 1.27462061e+03, 6.56013184e+02,
    1.29473438e+03, 6.31418457e+02, 1.31511523e+03, 6.06836487e+02,
    1.23636584e+03, 7.46995300e+02, 1.25726062e+03, 7.21656860e+02,
    1.27807605e+03, 6.96293823e+02, 1.29879846e+03, 6.71175537e+02,
    1.31964783e+03, 6.45738098e+02, 1.34037073e+03, 6.20736450e+02,
    1.26057666e+03, 7.65127319e+02, 1.28188013e+03, 7.38848206e+02,
    1.30324451e+03, 7.12926575e+02, 1.32451416e+03, 6.86992249e+02,
    1.34577795e+03, 6.61187439e+02, 1.36707422e+03, 6.35347656e+02,
    1.28579407e+03, 7.83800598e+02, 1.30765796e+03, 7.57160034e+02,
    1.32954773e+03, 7.30286743e+02, 1.35130408e+03, 7.03674438e+02,
    1.37312109e+03, 6.77061340e+02, 1.39477722e+03, 6.50659912e+02 ]
