%YAML:1.0
---
points: [ 3.33005676e+02, 2.59561493e+02, 3.39281006e+02, 2.51863770e+02,
    3.45685150e+02, 2.44309586e+02, 3.51905640e+02, 2.36599533e+02,
    3.58292206e+02, 2.29162781e+02, 3.64510773e+02, 2.21359482e+02,
    3.39719269e+02, 2.64300323e+02, 3.46123138e+02, 2.56510376e+02,
    3.52624786e+02, 2.48686737e+02, 3.58931763e+02, 2.40864502e+02,
    3.65475159e+02, 2.33098206e+02, 3.71890564e+02, 2.25316422e+02,
    3.46728394e+02, 2.69291443e+02, 3.53352997e+02, 2.61294586e+02,
    3.59933411e+02, 2.53284500e+02, 3.66508636e+02, 2.45302322e+02,
    3.73139771e+02, 2.37337402e+02, 3.79604462e+02, 2.29333084e+02,
    3.54168518e+02, 2.74505829e+02, 3.60887146e+02, 2.66354004e+02,
    3.67643311e+02, 2.58106903e+02, 3.74332855e+02, 2.49995789e+02,
    3.81110504e+02, 2.41798340e+02, 3.87774353e+02, 2.33636780e+02,
    3.61874023e+02, 2.79970947e+02, 3.68820953e+02, 2.71607788e+02,
    3.75689728e+02, 2.63238190e+02, 3.82595337e+02, 2.54838165e+02,
    3.89423920e+02, 2.46471619e+02, 3.96267426e+02, 2.38122192e+02,
    3.70026947e+02, 2.85714935e+02, 3.77056976e+02, 2.77157196e+02,
    3.84100372e+02, 2.68475616e+02, 3.91212036e+02, 2.59969299e+02,
    3.98191833e+02, 2.51301498e+02, 4.05256317e+02, 2.42801559e+02,
    3.78590698e+02, 2.91849640e+02, 3.85766907e+02, 2.82995514e+02,
    3.92975708e+02, 2.74152069e+02, 4.00157227e+02, 2.65284668e+02,
    4.07372040e+02, 2.56477264e+02, 4.14435974e+02, 2.47747528e+02,
    3.87471130e+02, 2.98138153e+02, 3.94884430e+02, 2.89086426e+02,
    4.02232178e+02, 2.79966858e+02, 4.09582336e+02, 2.70877045e+02,
    4.16857452e+02, 2.61886902e+02, 4.24180023e+02, 2.52913116e+02 ]
