%YAML:1.0
---
points: [ 1.31844019e+03, 1.60233887e+02, 1.33720862e+03, 1.65056854e+02,
    1.35536536e+03, 1.69410919e+02, 1.37318091e+03, 1.73919983e+02,
    1.39051770e+03, 1.78263062e+02, 1.40741882e+03, 1.82476440e+02,
    1.31733911e+03, 1.87268723e+02, 1.33596899e+03, 1.91496765e+02,
    1.35422278e+03, 1.95895706e+02, 1.37206702e+03, 1.99848907e+02,
    1.38942542e+03, 2.03958054e+02, 1.40639600e+03, 2.07897141e+02,
    1.31631995e+03, 2.14415375e+02, 1.33477686e+03, 2.18371399e+02,
    1.35324084e+03, 2.22372635e+02, 1.37094104e+03, 2.26068039e+02,
    1.38841211e+03, 2.29682587e+02, 1.40546484e+03, 2.33599792e+02,
    1.31527625e+03, 2.41334030e+02, 1.33368384e+03, 2.44925110e+02,
    1.35209680e+03, 2.48696976e+02, 1.36974487e+03, 2.51996170e+02,
    1.38728760e+03, 2.55541306e+02, 1.40431946e+03, 2.58875519e+02,
    1.31398767e+03, 2.68282776e+02, 1.33260632e+03, 2.71566559e+02,
    1.35078723e+03, 2.74808899e+02, 1.36875671e+03, 2.77988708e+02,
    1.38615527e+03, 2.81283447e+02, 1.40317529e+03, 2.84236053e+02,
    1.31275586e+03, 2.95238098e+02, 1.33171326e+03, 2.98205933e+02,
    1.34971838e+03, 3.01276703e+02, 1.36758582e+03, 3.03926819e+02,
    1.38500085e+03, 3.07031372e+02, 1.40219702e+03, 3.09517700e+02,
    1.31167004e+03, 3.22009979e+02, 1.33038660e+03, 3.24590912e+02,
    1.34870374e+03, 3.27324280e+02, 1.36635767e+03, 3.29787170e+02,
    1.38399438e+03, 3.32477844e+02, 1.40106555e+03, 3.34732788e+02,
    1.31051111e+03, 3.48910889e+02, 1.32925208e+03, 3.51060516e+02,
    1.34752356e+03, 3.53565613e+02, 1.36536462e+03, 3.55666443e+02,
    1.38264819e+03, 3.57971497e+02, 1.39986133e+03, 3.60202576e+02 ]
