%YAML:1.0
---
points: [ 6.96908875e+01, 2.37329426e+01, 7.74636383e+01, 3.10918865e+01,
    8.55047150e+01, 3.79552689e+01, 9.34373398e+01, 4.54390335e+01,
    1.01612732e+02, 5.24852600e+01, 1.09628242e+02, 5.99298897e+01,
    6.22367744e+01, 2.98116684e+01, 7.03410568e+01, 3.64363556e+01,
    7.82093430e+01, 4.39951897e+01, 8.64760971e+01, 5.09711609e+01,
    9.46143341e+01, 5.85361938e+01, 1.02845596e+02, 6.57265396e+01,
    5.47749519e+01, 3.51846962e+01, 6.26977425e+01, 4.26653404e+01,
    7.09986267e+01, 4.96783371e+01, 7.91419907e+01, 5.71815033e+01,
    8.75382919e+01, 6.43767776e+01, 9.58294296e+01, 7.19884033e+01,
    4.70923843e+01, 4.15904579e+01, 5.52712593e+01, 4.83709373e+01,
    6.34244881e+01, 5.59542961e+01, 7.18847656e+01, 6.30977516e+01,
    8.02176208e+01, 7.06892548e+01, 8.88017044e+01, 7.79831009e+01,
    3.93767433e+01, 4.73794327e+01, 4.73798637e+01, 5.48502693e+01,
    5.59052811e+01, 6.20116234e+01, 6.42577362e+01, 6.95022202e+01,
    7.29006653e+01, 7.68811417e+01, 8.13966141e+01, 8.43888168e+01,
    3.12995090e+01, 5.40934982e+01, 3.97285805e+01, 6.10765800e+01,
    4.80947342e+01, 6.85531769e+01, 5.66688690e+01, 7.59031677e+01,
    6.52797012e+01, 8.34424133e+01, 7.41868286e+01, 9.08640900e+01,
    2.34959869e+01, 6.03108673e+01, 3.16393051e+01, 6.78694992e+01,
    4.02194977e+01, 7.50682449e+01, 4.87742157e+01, 8.26453476e+01,
    5.76426773e+01, 9.00741501e+01, 6.64522247e+01, 9.77240219e+01,
    1.51120834e+01, 6.73976288e+01, 2.36987896e+01, 7.44531708e+01,
    3.20881958e+01, 8.20363693e+01, 4.09262238e+01, 8.94479446e+01,
    4.97142220e+01, 9.70700378e+01, 5.88264160e+01, 1.04544113e+02 ]
