%YAML:1.0
---
points: [ 1.33912219e+03, 2.99436226e+01, 1.37525024e+03, 5.38194504e+01,
    1.41251929e+03, 7.83954773e+01, 1.45059216e+03, 1.03765045e+02,
    1.49001746e+03, 1.29808945e+02, 1.53023535e+03, 1.56689667e+02,
    1.30758093e+03, 5.76659622e+01, 1.34360315e+03, 8.21288834e+01,
    1.38055457e+03, 1.07220337e+02, 1.41870886e+03, 1.33002045e+02,
    1.45754712e+03, 1.59680847e+02, 1.49790869e+03, 1.87098602e+02,
    1.27561377e+03, 8.61607895e+01, 1.31108044e+03, 1.11025230e+02,
    1.34808142e+03, 1.36708481e+02, 1.38565759e+03, 1.62901779e+02,
    1.42472241e+03, 1.90029633e+02, 1.46457007e+03, 2.17885880e+02,
    1.24326685e+03, 1.14737320e+02, 1.27870032e+03, 1.40180359e+02,
    1.31499817e+03, 1.66418182e+02, 1.35260669e+03, 1.93269516e+02,
    1.39120227e+03, 2.20848892e+02, 1.43097583e+03, 2.49297424e+02,
    1.21063708e+03, 1.43544174e+02, 1.24558850e+03, 1.69629715e+02,
    1.28195178e+03, 1.96305466e+02, 1.31891589e+03, 2.23749344e+02,
    1.35734216e+03, 2.52162125e+02, 1.39664111e+03, 2.80928680e+02,
    1.17752637e+03, 1.73027786e+02, 1.21231787e+03, 1.99456360e+02,
    1.24804932e+03, 2.26695145e+02, 1.28497107e+03, 2.54814896e+02,
    1.32290479e+03, 2.83620300e+02, 1.36215088e+03, 3.13181244e+02,
    1.14430713e+03, 2.02582382e+02, 1.17853357e+03, 2.29691742e+02,
    1.21419470e+03, 2.57439789e+02, 1.25045935e+03, 2.86014740e+02,
    1.28825793e+03, 3.15455353e+02, 1.32696765e+03, 3.45664490e+02,
    1.11046021e+03, 2.32514008e+02, 1.14463782e+03, 2.60199921e+02,
    1.17956262e+03, 2.88455933e+02, 1.21570117e+03, 3.17611389e+02,
    1.25296680e+03, 3.47642914e+02, 1.29153992e+03, 3.78577454e+02 ]
