%YAML:1.0
---
points: [ 1.32542480e+03, 6.61700516e+01, 1.35275293e+03, 6.43979034e+01,
    1.38029456e+03, 6.23439369e+01, 1.40756787e+03, 6.05690765e+01,
    1.43534668e+03, 5.87300758e+01, 1.46319653e+03, 5.68296585e+01,
    1.32278027e+03, 9.45866928e+01, 1.34981433e+03, 9.27451477e+01,
    1.37694104e+03, 9.11619568e+01, 1.40436536e+03, 8.91929398e+01,
    1.43177808e+03, 8.74563980e+01, 1.45915088e+03, 8.56799164e+01,
    1.32033411e+03, 1.22734261e+02, 1.34714087e+03, 1.20871223e+02,
    1.37404675e+03, 1.19217957e+02, 1.40102747e+03, 1.17569550e+02,
    1.42810107e+03, 1.15703362e+02, 1.45526526e+03, 1.14112473e+02,
    1.31771851e+03, 1.50090378e+02, 1.34422888e+03, 1.48440125e+02,
    1.37084827e+03, 1.46566467e+02, 1.39758875e+03, 1.44930374e+02,
    1.42442212e+03, 1.43474701e+02, 1.45142993e+03, 1.41596146e+02,
    1.31547046e+03, 1.76817215e+02, 1.34154419e+03, 1.75322662e+02,
    1.36799194e+03, 1.73508438e+02, 1.39449548e+03, 1.71830765e+02,
    1.42100916e+03, 1.70372223e+02, 1.44765259e+03, 1.68658661e+02,
    1.31283533e+03, 2.03084244e+02, 1.33882117e+03, 2.01572983e+02,
    1.36490552e+03, 1.99887482e+02, 1.39121497e+03, 1.98260345e+02,
    1.41747278e+03, 1.96768661e+02, 1.44381274e+03, 1.95233826e+02,
    1.31060925e+03, 2.28641312e+02, 1.33632935e+03, 2.27245407e+02,
    1.36215442e+03, 2.25552216e+02, 1.38794446e+03, 2.24173126e+02,
    1.41397046e+03, 2.22667679e+02, 1.44009460e+03, 2.21224503e+02,
    1.30820325e+03, 2.53915588e+02, 1.33361340e+03, 2.52315399e+02,
    1.35928796e+03, 2.50802704e+02, 1.38482373e+03, 2.49502670e+02,
    1.41065137e+03, 2.48109299e+02, 1.43664246e+03, 2.46500641e+02 ]
