%YAML:1.0
---
points: [ 4.07979553e+02, 4.39451408e+01, 4.20464386e+02, 5.22906799e+01,
    4.32819794e+02, 6.05677147e+01, 4.45698944e+02, 6.95182953e+01,
    4.58452057e+02, 7.83773270e+01, 4.71991577e+02, 8.78730774e+01,
    3.98238647e+02, 5.27497826e+01, 4.10342346e+02, 6.09907570e+01,
    4.23083832e+02, 6.97194519e+01, 4.35700439e+02, 7.84899445e+01,
    4.48952972e+02, 8.78346405e+01, 4.62089966e+02, 9.72315140e+01,
    3.87803436e+02, 6.16307106e+01, 4.00211853e+02, 7.02720642e+01,
    4.12578247e+02, 7.90121918e+01, 4.25653839e+02, 8.80923462e+01,
    4.38652557e+02, 9.73789978e+01, 4.52143951e+02, 1.06991524e+02,
    3.77395996e+02, 7.10051117e+01, 3.89558044e+02, 7.95916290e+01,
    4.02180786e+02, 8.86317215e+01, 4.14991394e+02, 9.78174820e+01,
    4.28140686e+02, 1.07374481e+02, 4.41474762e+02, 1.17149895e+02,
    3.66582855e+02, 8.03384628e+01, 3.78829987e+02, 8.93235397e+01,
    3.91241058e+02, 9.84118423e+01, 4.04141663e+02, 1.07854942e+02,
    4.17222626e+02, 1.17492638e+02, 4.30757202e+02, 1.27418465e+02,
    3.55672577e+02, 9.00991135e+01, 3.67724457e+02, 9.91622009e+01,
    3.80253845e+02, 1.08435219e+02, 3.93003265e+02, 1.18065979e+02,
    4.06164093e+02, 1.27974289e+02, 4.19530182e+02, 1.38122345e+02,
    3.44542786e+02, 9.99707031e+01, 3.56531067e+02, 1.09220604e+02,
    3.68886353e+02, 1.18716614e+02, 3.81660645e+02, 1.28534103e+02,
    3.94715118e+02, 1.38606445e+02, 4.08249817e+02, 1.49032242e+02,
    3.33173523e+02, 1.10029968e+02, 3.45110291e+02, 1.19475685e+02,
    3.57351929e+02, 1.29167755e+02, 3.69993225e+02, 1.39141205e+02,
    3.82989716e+02, 1.49409302e+02, 3.96441406e+02, 1.60017273e+02 ]
