%YAML:1.0
---
points: [ 2.63948326e+01, 1.09840988e+02, 3.31174469e+01, 1.02630600e+02,
    3.96781273e+01, 9.54541931e+01, 4.65878677e+01, 8.81488647e+01,
    5.33815117e+01, 8.08628235e+01, 6.05363770e+01, 7.33393707e+01,
    3.54784851e+01, 1.14575455e+02, 4.18157806e+01, 1.07607048e+02,
    4.86199608e+01, 1.00526917e+02, 5.52892876e+01, 9.35596008e+01,
    6.22178955e+01, 8.63378601e+01, 6.91841736e+01, 7.92025299e+01,
    4.41243019e+01, 1.19164742e+02, 5.05972023e+01, 1.12326614e+02,
    5.71075859e+01, 1.05551308e+02, 6.38632050e+01, 9.86909485e+01,
    7.06115265e+01, 9.17375870e+01, 7.74922791e+01, 8.47347336e+01,
    5.26586647e+01, 1.23550781e+02, 5.90160103e+01, 1.17000366e+02,
    6.55236206e+01, 1.10368805e+02, 7.21174240e+01, 1.03678398e+02,
    7.88139954e+01, 9.69304581e+01, 8.56206665e+01, 9.01542969e+01,
    6.07779579e+01, 1.27832298e+02, 6.71542892e+01, 1.21450333e+02,
    7.35824738e+01, 1.15027023e+02, 8.01181335e+01, 1.08490196e+02,
    8.67420654e+01, 1.01999954e+02, 9.34991684e+01, 9.53065948e+01,
    6.88320618e+01, 1.32042862e+02, 7.50233841e+01, 1.25806908e+02,
    8.13641205e+01, 1.19476929e+02, 8.78142014e+01, 1.13154762e+02,
    9.43099213e+01, 1.06764984e+02, 1.00923019e+02, 1.00250069e+02,
    7.64325409e+01, 1.36079529e+02, 8.27207489e+01, 1.29990356e+02,
    8.90574417e+01, 1.23894562e+02, 9.53112183e+01, 1.17671669e+02,
    1.01728348e+02, 1.11427055e+02, 1.08241234e+02, 1.05167610e+02,
    8.39396744e+01, 1.39884232e+02, 8.98134308e+01, 1.33872879e+02,
    9.60985260e+01, 1.27985184e+02, 1.02250961e+02, 1.21924957e+02,
    1.08847557e+02, 1.15951637e+02, 1.15073006e+02, 1.09730667e+02 ]
