%YAML:1.0
---
points: [ 1.25334790e+03, 2.29570206e+02, 1.28243323e+03, 2.55030960e+02,
    1.31269714e+03, 2.81514221e+02, 1.34432556e+03, 3.09249634e+02,
    1.37753540e+03, 3.37971039e+02, 1.41217700e+03, 3.68149109e+02,
    1.21791406e+03, 2.58817871e+02, 1.24626270e+03, 2.84756622e+02,
    1.27559424e+03, 3.11699005e+02, 1.30628735e+03, 3.39754913e+02,
    1.33832141e+03, 3.69262146e+02, 1.37192969e+03, 3.99804565e+02,
    1.18288440e+03, 2.88211029e+02, 1.21014355e+03, 3.14438965e+02,
    1.23865979e+03, 3.41830322e+02, 1.26822412e+03, 3.70384857e+02,
    1.29946301e+03, 4.00148804e+02, 1.33177747e+03, 4.31216309e+02,
    1.14850549e+03, 3.16755890e+02, 1.17484900e+03, 3.43483612e+02,
    1.20248877e+03, 3.71437897e+02, 1.23122314e+03, 4.00469147e+02,
    1.26113574e+03, 4.30601501e+02, 1.29261621e+03, 4.62150146e+02,
    1.11451672e+03, 3.45073944e+02, 1.14011169e+03, 3.72349030e+02,
    1.16668335e+03, 4.00494843e+02, 1.19437280e+03, 4.29882690e+02,
    1.22353003e+03, 4.60567627e+02, 1.25385229e+03, 4.92539551e+02,
    1.08080286e+03, 3.73203796e+02, 1.10556921e+03, 4.00593018e+02,
    1.13142090e+03, 4.29380402e+02, 1.15832043e+03, 4.59176758e+02,
    1.18639575e+03, 4.90339355e+02, 1.21564880e+03, 5.22698608e+02,
    1.04764380e+03, 4.00711212e+02, 1.07170374e+03, 4.28723755e+02,
    1.09666785e+03, 4.57658386e+02, 1.12264062e+03, 4.87974731e+02,
    1.14978918e+03, 5.19545532e+02, 1.17818201e+03, 5.52409058e+02,
    1.01490759e+03, 4.28263306e+02, 1.03820081e+03, 4.56487915e+02,
    1.06231055e+03, 4.85844513e+02, 1.08743665e+03, 5.16554077e+02,
    1.11365796e+03, 5.48543091e+02, 1.14110327e+03, 5.81800598e+02 ]
