%YAML:1.0
---
points: [ 3.80897400e+02, 1.09945435e+02, 3.91113586e+02, 1.18578033e+02,
    4.01827209e+02, 1.27656349e+02, 4.12953491e+02, 1.37022522e+02,
    4.24514038e+02, 1.46876755e+02, 4.36687286e+02, 1.57157730e+02,
    3.68890320e+02, 1.19812096e+02, 3.78864685e+02, 1.28575912e+02,
    3.89308716e+02, 1.37776947e+02, 4.00126495e+02, 1.47299393e+02,
    4.11479553e+02, 1.57374542e+02, 4.23179901e+02, 1.67812225e+02,
    3.56894775e+02, 1.29603622e+02, 3.66569855e+02, 1.38627472e+02,
    3.76755432e+02, 1.47912460e+02, 3.87286377e+02, 1.57670654e+02,
    3.98336151e+02, 1.67789307e+02, 4.09791168e+02, 1.78339523e+02,
    3.45028015e+02, 1.39353958e+02, 3.54515259e+02, 1.48441895e+02,
    3.64349243e+02, 1.57918015e+02, 3.74659851e+02, 1.67768036e+02,
    3.85239532e+02, 1.78112534e+02, 3.96360382e+02, 1.88821945e+02,
    3.33332458e+02, 1.48988098e+02, 3.42455688e+02, 1.58213882e+02,
    3.52014008e+02, 1.67865799e+02, 3.61895264e+02, 1.77887299e+02,
    3.72338287e+02, 1.88273270e+02, 3.83196259e+02, 1.99199615e+02,
    3.21749512e+02, 1.58589569e+02, 3.30607880e+02, 1.67925827e+02,
    3.39831757e+02, 1.77668808e+02, 3.49468872e+02, 1.87808167e+02,
    3.59537415e+02, 1.98431076e+02, 3.70055634e+02, 2.09476837e+02,
    3.10359344e+02, 1.67940598e+02, 3.18884888e+02, 1.77476059e+02,
    3.27861725e+02, 1.87333023e+02, 3.37189392e+02, 1.97635773e+02,
    3.46887207e+02, 2.08351212e+02, 3.57104645e+02, 2.19576538e+02,
    2.98974976e+02, 1.77287292e+02, 3.07413666e+02, 1.86925293e+02,
    3.15968079e+02, 1.96932022e+02, 3.25026123e+02, 2.07365433e+02,
    3.34430695e+02, 2.18251846e+02, 3.44317230e+02, 2.29567169e+02 ]
