%YAML:1.0
---
points: [ 1.23671692e+03, 4.90176788e+02, 1.25692957e+03, 4.89045807e+02,
    1.27706799e+03, 4.88056396e+02, 1.29725452e+03, 4.87057220e+02,
    1.31748645e+03, 4.86045258e+02, 1.33784363e+03, 4.85155243e+02,
    1.23764136e+03, 5.09936432e+02, 1.25777637e+03, 5.08892090e+02,
    1.27803564e+03, 5.08021179e+02, 1.29824744e+03, 5.07078064e+02,
    1.31842468e+03, 5.06075958e+02, 1.33865698e+03, 5.05075439e+02,
    1.23839453e+03, 5.30101440e+02, 1.25869153e+03, 5.29095215e+02,
    1.27888965e+03, 5.28100403e+02, 1.29907397e+03, 5.27257202e+02,
    1.31932776e+03, 5.26031616e+02, 1.33954480e+03, 5.25173462e+02,
    1.23942456e+03, 5.50092834e+02, 1.25961145e+03, 5.49184448e+02,
    1.27980334e+03, 5.48204224e+02, 1.30015894e+03, 5.47126953e+02,
    1.32033264e+03, 5.46067627e+02, 1.34045532e+03, 5.45239197e+02,
    1.24034326e+03, 5.70083679e+02, 1.26040955e+03, 5.69223694e+02,
    1.28063733e+03, 5.68019531e+02, 1.30084412e+03, 5.67157654e+02,
    1.32126624e+03, 5.66169434e+02, 1.34145630e+03, 5.65295837e+02,
    1.24136536e+03, 5.90044434e+02, 1.26143542e+03, 5.89058411e+02,
    1.28158301e+03, 5.88029846e+02, 1.30177771e+03, 5.87163879e+02,
    1.32208032e+03, 5.86245728e+02, 1.34238269e+03, 5.85229065e+02,
    1.24230981e+03, 6.09793030e+02, 1.26239026e+03, 6.08882263e+02,
    1.28247693e+03, 6.08059692e+02, 1.30264697e+03, 6.07154236e+02,
    1.32296204e+03, 6.06193176e+02, 1.34328357e+03, 6.05177612e+02,
    1.24321167e+03, 6.29769592e+02, 1.26335754e+03, 6.28902771e+02,
    1.28352795e+03, 6.28146057e+02, 1.30356274e+03, 6.27119812e+02,
    1.32376294e+03, 6.26256409e+02, 1.34416492e+03, 6.25167542e+02 ]
