%YAML:1.0
---
points: [ 9.97586594e+01, 8.97227783e+01, 1.01157547e+02, 9.93079453e+01,
    1.02445946e+02, 1.08782875e+02, 1.03854027e+02, 1.18001617e+02,
    1.05199310e+02, 1.26977165e+02, 1.06544479e+02, 1.35779114e+02,
    8.99115524e+01, 9.06481094e+01, 9.13713379e+01, 1.00403152e+02,
    9.29382935e+01, 1.09914299e+02, 9.43286819e+01, 1.19230850e+02,
    9.58952103e+01, 1.28290710e+02, 9.72770309e+01, 1.37166534e+02,
    7.97799683e+01, 9.17233963e+01, 8.14378204e+01, 1.01580360e+02,
    8.30523148e+01, 1.11170601e+02, 8.46654587e+01, 1.20536674e+02,
    8.62024231e+01, 1.29740173e+02, 8.78617401e+01, 1.38655655e+02,
    6.95216904e+01, 9.27592239e+01, 7.13059540e+01, 1.02802658e+02,
    7.30746994e+01, 1.12416206e+02, 7.47317963e+01, 1.21949585e+02,
    7.63803329e+01, 1.31203461e+02, 7.81807327e+01, 1.40224899e+02,
    5.91263809e+01, 9.40362320e+01, 6.08831024e+01, 1.04045135e+02,
    6.27761497e+01, 1.13834717e+02, 6.45826569e+01, 1.23322166e+02,
    6.64011459e+01, 1.32727753e+02, 6.82731705e+01, 1.41820129e+02,
    4.83695488e+01, 9.52731018e+01, 5.03564529e+01, 1.05306900e+02,
    5.23328705e+01, 1.15195755e+02, 5.43322983e+01, 1.24954811e+02,
    5.62244644e+01, 1.34201096e+02, 5.82613945e+01, 1.43562637e+02,
    3.77334862e+01, 9.67329407e+01, 3.97507324e+01, 1.06722946e+02,
    4.17889404e+01, 1.16772881e+02, 4.38556404e+01, 1.26421852e+02,
    4.58951912e+01, 1.36004562e+02, 4.80369225e+01, 1.45173981e+02,
    2.66925430e+01, 9.80852585e+01, 2.89139862e+01, 1.08389397e+02,
    3.10367813e+01, 1.18301971e+02, 3.32279625e+01, 1.28188202e+02,
    3.53719788e+01, 1.37634720e+02, 3.75500984e+01, 1.47107941e+02 ]
