%YAML:1.0
---
points: [ 1.23638464e+03, 4.90147247e+02, 1.25762866e+03, 4.88787323e+02,
    1.27912524e+03, 4.87627258e+02, 1.30080273e+03, 4.86616272e+02,
    1.32284924e+03, 4.85383087e+02, 1.34529797e+03, 4.84104156e+02,
    1.23718176e+03, 5.10254608e+02, 1.25842834e+03, 5.09074432e+02,
    1.27993384e+03, 5.08205780e+02, 1.30166431e+03, 5.07103027e+02,
    1.32366113e+03, 5.06173798e+02, 1.34616260e+03, 5.04988586e+02,
    1.23806299e+03, 5.30418823e+02, 1.25940710e+03, 5.29565002e+02,
    1.28072913e+03, 5.28629578e+02, 1.30253027e+03, 5.27749573e+02,
    1.32459619e+03, 5.26795349e+02, 1.34720789e+03, 5.25762756e+02,
    1.23893018e+03, 5.50672119e+02, 1.26007910e+03, 5.49827454e+02,
    1.28163538e+03, 5.49252319e+02, 1.30347839e+03, 5.48405884e+02,
    1.32556958e+03, 5.47581116e+02, 1.34806567e+03, 5.46598145e+02,
    1.23969336e+03, 5.70833374e+02, 1.26112744e+03, 5.70271973e+02,
    1.28254016e+03, 5.69542053e+02, 1.30448303e+03, 5.69020569e+02,
    1.32658032e+03, 5.68196045e+02, 1.34882935e+03, 5.67504822e+02,
    1.24090710e+03, 5.91112305e+02, 1.26212207e+03, 5.90567200e+02,
    1.28362256e+03, 5.90056763e+02, 1.30547559e+03, 5.89468201e+02,
    1.32749182e+03, 5.88901428e+02, 1.34973279e+03, 5.88285034e+02,
    1.24173145e+03, 6.11335510e+02, 1.26314783e+03, 6.10801941e+02,
    1.28456787e+03, 6.10387939e+02, 1.30646497e+03, 6.09843140e+02,
    1.32846289e+03, 6.09445190e+02, 1.35063721e+03, 6.09145508e+02,
    1.24277588e+03, 6.31378723e+02, 1.26399207e+03, 6.31056946e+02,
    1.28546191e+03, 6.30782593e+02, 1.30728662e+03, 6.30431458e+02,
    1.32937512e+03, 6.30115479e+02, 1.35173157e+03, 6.29816833e+02 ]
