%YAML:1.0
---
points: [ 3.96338837e+02, 1.53168823e+02, 3.98598877e+02, 1.67473114e+02,
    4.00613647e+02, 1.81027313e+02, 4.02513428e+02, 1.94235870e+02,
    4.04397308e+02, 2.06877213e+02, 4.06416260e+02, 2.19188614e+02,
    3.82702057e+02, 1.59586945e+02, 3.85109161e+02, 1.73701828e+02,
    3.87524750e+02, 1.87313141e+02, 3.89737061e+02, 2.00371460e+02,
    3.91875793e+02, 2.13148483e+02, 3.93882233e+02, 2.25235596e+02,
    3.68722748e+02, 1.65981064e+02, 3.71491211e+02, 1.80123260e+02,
    3.74038177e+02, 1.93739029e+02, 3.76628448e+02, 2.06809937e+02,
    3.79013000e+02, 2.19364639e+02, 3.81414154e+02, 2.31424927e+02,
    3.54706970e+02, 1.72577103e+02, 3.57730499e+02, 1.86630325e+02,
    3.60608978e+02, 2.00135391e+02, 3.63370941e+02, 2.13092834e+02,
    3.66079712e+02, 2.25614914e+02, 3.68718811e+02, 2.37651993e+02,
    3.40469116e+02, 1.79186737e+02, 3.43779755e+02, 1.93172424e+02,
    3.46906006e+02, 2.06592087e+02, 3.50093964e+02, 2.19468338e+02,
    3.53086609e+02, 2.31879318e+02, 3.55963318e+02, 2.43829208e+02,
    3.26165924e+02, 1.85834442e+02, 3.29705383e+02, 1.99799896e+02,
    3.33272217e+02, 2.13063446e+02, 3.36603821e+02, 2.25902863e+02,
    3.39847076e+02, 2.38370422e+02, 3.42950989e+02, 2.50212814e+02,
    3.11624481e+02, 1.92523636e+02, 3.15620300e+02, 2.06390701e+02,
    3.19439636e+02, 2.19654617e+02, 3.23040710e+02, 2.32447937e+02,
    3.26579041e+02, 2.44722290e+02, 3.29970673e+02, 2.56580902e+02,
    2.96944427e+02, 1.99318893e+02, 3.01286530e+02, 2.13105667e+02,
    3.05368317e+02, 2.26283066e+02, 3.09346680e+02, 2.38971008e+02,
    3.13083740e+02, 2.51219162e+02, 3.16793213e+02, 2.62983276e+02 ]
