%YAML:1.0
---
points: [ 1.29333887e+03, 3.57324249e+02, 1.30110889e+03, 3.99152069e+02,
    1.30827429e+03, 4.39494110e+02, 1.31545813e+03, 4.78028900e+02,
    1.32240247e+03, 5.15369141e+02, 1.32911987e+03, 5.51285034e+02,
    1.25266394e+03, 3.75976105e+02, 1.26086719e+03, 4.17730042e+02,
    1.26934973e+03, 4.57664429e+02, 1.27716553e+03, 4.96345581e+02,
    1.28477344e+03, 5.33325256e+02, 1.29203735e+03, 5.69311829e+02,
    1.21129688e+03, 3.95137939e+02, 1.22051221e+03, 4.36597412e+02,
    1.22943567e+03, 4.76591766e+02, 1.23830090e+03, 5.14794922e+02,
    1.24670923e+03, 5.51738586e+02, 1.25485474e+03, 5.87375671e+02,
    1.16956909e+03, 4.14364197e+02, 1.17983679e+03, 4.55618042e+02,
    1.18964343e+03, 4.95296967e+02, 1.19926929e+03, 5.33323425e+02,
    1.20840588e+03, 5.70212769e+02, 1.21736096e+03, 6.05460876e+02,
    1.12769690e+03, 4.33673157e+02, 1.13871863e+03, 4.74746124e+02,
    1.14941101e+03, 5.14412903e+02, 1.15981042e+03, 5.52251648e+02,
    1.16969849e+03, 5.88695557e+02, 1.17947290e+03, 6.23683411e+02,
    1.08533887e+03, 4.53212128e+02, 1.09723865e+03, 4.94268188e+02,
    1.10895483e+03, 5.33441284e+02, 1.11992407e+03, 5.71196655e+02,
    1.13076379e+03, 6.07468506e+02, 1.14138098e+03, 6.42516785e+02,
    1.04250928e+03, 4.72925812e+02, 1.05543311e+03, 5.13540405e+02,
    1.06800781e+03, 5.52601013e+02, 1.07987500e+03, 5.90234924e+02,
    1.09151477e+03, 6.26421692e+02, 1.10271545e+03, 6.61316345e+02,
    9.99017822e+02, 4.92831573e+02, 1.01296777e+03, 5.33355713e+02,
    1.02643787e+03, 5.72335388e+02, 1.03933850e+03, 6.09626770e+02,
    1.05164954e+03, 6.45572937e+02, 1.06383813e+03, 6.80269226e+02 ]
