%YAML:1.0
---
points: [ 1.08202812e+02, 1.16808548e+02, 1.10600258e+02, 1.25465683e+02,
    1.12909096e+02, 1.34122818e+02, 1.15297127e+02, 1.42601379e+02,
    1.17601776e+02, 1.50866837e+02, 1.19922050e+02, 1.59117203e+02,
    9.96309891e+01, 1.18395500e+02, 1.02094215e+02, 1.27246002e+02,
    1.04547691e+02, 1.35924561e+02, 1.07006439e+02, 1.44466812e+02,
    1.09353691e+02, 1.52864716e+02, 1.11682869e+02, 1.61126419e+02,
    9.07919617e+01, 1.20127533e+02, 9.33322296e+01, 1.28996658e+02,
    9.58694229e+01, 1.37796356e+02, 9.83804550e+01, 1.46333664e+02,
    1.00860893e+02, 1.54929611e+02, 1.03329132e+02, 1.63235001e+02,
    8.17507172e+01, 1.21807213e+02, 8.43623199e+01, 1.30801605e+02,
    8.70574799e+01, 1.39660950e+02, 8.96150970e+01, 1.48349396e+02,
    9.21959991e+01, 1.57011322e+02, 9.47521591e+01, 1.65379562e+02,
    7.25883484e+01, 1.23673943e+02, 7.52713699e+01, 1.32679306e+02,
    7.80659027e+01, 1.41612625e+02, 8.06420059e+01, 1.50414841e+02,
    8.33081894e+01, 1.59090546e+02, 8.59902267e+01, 1.67557220e+02,
    6.32285690e+01, 1.25444519e+02, 6.60298462e+01, 1.34635818e+02,
    6.87521515e+01, 1.43664703e+02, 7.14812012e+01, 1.52540909e+02,
    7.42458191e+01, 1.61207199e+02, 7.70512009e+01, 1.69925186e+02,
    5.37194824e+01, 1.27471161e+02, 5.64725723e+01, 1.36630600e+02,
    5.93372955e+01, 1.45774490e+02, 6.21855164e+01, 1.54677353e+02,
    6.50629654e+01, 1.63610229e+02, 6.78098145e+01, 1.72244354e+02,
    4.39310837e+01, 1.29432007e+02, 4.68705444e+01, 1.38789307e+02,
    4.97757263e+01, 1.47892914e+02, 5.26887627e+01, 1.57087555e+02,
    5.55438766e+01, 1.65831757e+02, 5.85092773e+01, 1.74726151e+02 ]
