%YAML:1.0
---
points: [ 1.23606262e+03, 4.90132324e+02, 1.25724304e+03, 4.88743530e+02,
    1.27869128e+03, 4.87587189e+02, 1.30056287e+03, 4.86559875e+02,
    1.32273218e+03, 4.85323273e+02, 1.34529163e+03, 4.83971191e+02,
    1.23679004e+03, 5.10313965e+02, 1.25822937e+03, 5.09119537e+02,
    1.27965527e+03, 5.08237549e+02, 1.30149146e+03, 5.07205353e+02,
    1.32357349e+03, 5.06209198e+02, 1.34620911e+03, 5.04998993e+02,
    1.23768481e+03, 5.30454285e+02, 1.25898511e+03, 5.29636169e+02,
    1.28048535e+03, 5.28674866e+02, 1.30235681e+03, 5.27884888e+02,
    1.32449829e+03, 5.27055786e+02, 1.34709485e+03, 5.26029419e+02,
    1.23855811e+03, 5.50741333e+02, 1.25979346e+03, 5.50065247e+02,
    1.28144824e+03, 5.49357788e+02, 1.30333667e+03, 5.48586243e+02,
    1.32545544e+03, 5.47759094e+02, 1.34801733e+03, 5.46922119e+02,
    1.23945215e+03, 5.70930115e+02, 1.26074768e+03, 5.70449463e+02,
    1.28233960e+03, 5.69694458e+02, 1.30425415e+03, 5.69303101e+02,
    1.32648096e+03, 5.68497986e+02, 1.34883118e+03, 5.67817627e+02,
    1.24053467e+03, 5.91253418e+02, 1.26162891e+03, 5.90734070e+02,
    1.28340247e+03, 5.90330566e+02, 1.30530920e+03, 5.89721497e+02,
    1.32740173e+03, 5.89304810e+02, 1.34973401e+03, 5.88672791e+02,
    1.24149744e+03, 6.11427429e+02, 1.26273547e+03, 6.11156860e+02,
    1.28436902e+03, 6.10690613e+02, 1.30627295e+03, 6.10368652e+02,
    1.32838538e+03, 6.09875732e+02, 1.35063599e+03, 6.09651489e+02,
    1.24252124e+03, 6.31582092e+02, 1.26367175e+03, 6.31393066e+02,
    1.28528345e+03, 6.31187744e+02, 1.30715125e+03, 6.30935486e+02,
    1.32923438e+03, 6.30804138e+02, 1.35178833e+03, 6.30546143e+02 ]
