%YAML:1.0
---
points: [ 1.30484167e+03, 3.75451447e+02, 1.32020544e+03, 4.19029053e+02,
    1.33517480e+03, 4.61521027e+02, 1.34985425e+03, 5.02760620e+02,
    1.36434290e+03, 5.43335449e+02, 1.37852307e+03, 5.82770020e+02,
    1.25971362e+03, 3.96107574e+02, 1.27547241e+03, 4.39276398e+02,
    1.29105566e+03, 4.81218384e+02, 1.30633240e+03, 5.22269409e+02,
    1.32112561e+03, 5.62377197e+02, 1.33569006e+03, 6.01580322e+02,
    1.21443921e+03, 4.16756927e+02, 1.23084558e+03, 4.59466156e+02,
    1.24682483e+03, 5.01110535e+02, 1.26250671e+03, 5.41757935e+02,
    1.27797009e+03, 5.81552368e+02, 1.29323108e+03, 6.20373169e+02,
    1.17003210e+03, 4.37183350e+02, 1.18675659e+03, 4.79475891e+02,
    1.20342517e+03, 5.20654663e+02, 1.21946191e+03, 5.61005615e+02,
    1.23542090e+03, 6.00337097e+02, 1.25103650e+03, 6.38761597e+02,
    1.12585583e+03, 4.57495636e+02, 1.14315356e+03, 4.99247253e+02,
    1.16024158e+03, 5.40289673e+02, 1.17675330e+03, 5.79947815e+02,
    1.19303967e+03, 6.19158081e+02, 1.20916602e+03, 6.57070068e+02,
    1.08212659e+03, 4.77484802e+02, 1.09975671e+03, 5.18972534e+02,
    1.11734338e+03, 5.59525757e+02, 1.13439294e+03, 5.99112610e+02,
    1.15110474e+03, 6.37669861e+02, 1.16753149e+03, 6.75512817e+02,
    1.03852148e+03, 4.97471619e+02, 1.05676697e+03, 5.38490356e+02,
    1.07473535e+03, 5.78596008e+02, 1.09234412e+03, 6.17710815e+02,
    1.10947717e+03, 6.56309265e+02, 1.12621387e+03, 6.93689453e+02,
    9.95266296e+02, 5.17273987e+02, 1.01404468e+03, 5.57900330e+02,
    1.03238818e+03, 5.97744507e+02, 1.05036121e+03, 6.36596252e+02,
    1.06790381e+03, 6.74597961e+02, 1.08525220e+03, 7.11883484e+02 ]
