%YAML:1.0
---
points: [ 4.00835236e+02, 1.59480942e+02, 4.05775604e+02, 1.74347031e+02,
    4.10534851e+02, 1.88743896e+02, 4.15273315e+02, 2.02882919e+02,
    4.19830505e+02, 2.16528381e+02, 4.24375244e+02, 2.30116867e+02,
    3.85532349e+02, 1.66534012e+02, 3.90583405e+02, 1.81172501e+02,
    3.95622437e+02, 1.95531586e+02, 4.00501343e+02, 2.09343002e+02,
    4.05296814e+02, 2.23097656e+02, 4.09884033e+02, 2.36338608e+02,
    3.70083405e+02, 1.73551041e+02, 3.75413757e+02, 1.88005478e+02,
    3.80594086e+02, 2.02200653e+02, 3.85718384e+02, 2.16006409e+02,
    3.90630402e+02, 2.29572510e+02, 3.95471985e+02, 2.42803055e+02,
    3.54884827e+02, 1.80442047e+02, 3.60330383e+02, 1.94811539e+02,
    3.65686188e+02, 2.08781784e+02, 3.70823700e+02, 2.22604126e+02,
    3.76043152e+02, 2.36019943e+02, 3.81027893e+02, 2.48988831e+02,
    3.39677490e+02, 1.87410217e+02, 3.45340149e+02, 2.01604996e+02,
    3.50837402e+02, 2.15485001e+02, 3.56281982e+02, 2.29103592e+02,
    3.61593475e+02, 2.42373810e+02, 3.66790192e+02, 2.55312607e+02,
    3.24699921e+02, 1.94191101e+02, 3.30505310e+02, 2.08350739e+02,
    3.36215790e+02, 2.22104782e+02, 3.41739471e+02, 2.35540421e+02,
    3.47190857e+02, 2.48719849e+02, 3.52579468e+02, 2.61567871e+02,
    3.09747864e+02, 2.00994522e+02, 3.15730286e+02, 2.14967957e+02,
    3.21622955e+02, 2.28650894e+02, 3.27340179e+02, 2.41892288e+02,
    3.32948547e+02, 2.54939377e+02, 3.38443420e+02, 2.67685852e+02,
    2.94943604e+02, 2.07746307e+02, 3.01050262e+02, 2.21634262e+02,
    3.07075165e+02, 2.35083939e+02, 3.12932434e+02, 2.48270142e+02,
    3.18699738e+02, 2.61237885e+02, 3.24346436e+02, 2.73867523e+02 ]
