%YAML:1.0
---
points: [ 1.24391064e+03, 4.88321075e+02, 1.26345862e+03, 4.87028656e+02,
    1.28255542e+03, 4.85771393e+02, 1.30160974e+03, 4.84519165e+02,
    1.32058398e+03, 4.83156799e+02, 1.33913403e+03, 4.81890900e+02,
    1.24724731e+03, 5.09427094e+02, 1.26650952e+03, 5.08043793e+02,
    1.28581226e+03, 5.06700134e+02, 1.30510010e+03, 5.05280792e+02,
    1.32378516e+03, 5.03835968e+02, 1.34270557e+03, 5.02608765e+02,
    1.25036340e+03, 5.30757141e+02, 1.26987378e+03, 5.29391357e+02,
    1.28929980e+03, 5.27846191e+02, 1.30831531e+03, 5.26453796e+02,
    1.32747498e+03, 5.24951965e+02, 1.34621704e+03, 5.23548401e+02,
    1.25380225e+03, 5.52333557e+02, 1.27332324e+03, 5.50665833e+02,
    1.29248682e+03, 5.49293457e+02, 1.31172852e+03, 5.47542297e+02,
    1.33085889e+03, 5.45907104e+02, 1.34958972e+03, 5.44443665e+02,
    1.25725232e+03, 5.73864197e+02, 1.27652600e+03, 5.72159302e+02,
    1.29606921e+03, 5.70518188e+02, 1.31530884e+03, 5.68803162e+02,
    1.33423145e+03, 5.67100830e+02, 1.35324536e+03, 5.65525879e+02,
    1.26038513e+03, 5.95653076e+02, 1.28016040e+03, 5.93662048e+02,
    1.29956787e+03, 5.91935120e+02, 1.31864722e+03, 5.90315918e+02,
    1.33779065e+03, 5.88415955e+02, 1.35671106e+03, 5.86646118e+02,
    1.26382544e+03, 6.17493591e+02, 1.28351050e+03, 6.15482422e+02,
    1.30280798e+03, 6.13508301e+02, 1.32221179e+03, 6.11758301e+02,
    1.34138232e+03, 6.09676453e+02, 1.36016345e+03, 6.07919434e+02,
    1.26726807e+03, 6.39507507e+02, 1.28682141e+03, 6.37479492e+02,
    1.30650049e+03, 6.35354919e+02, 1.32575195e+03, 6.33418396e+02,
    1.34479541e+03, 6.31472351e+02, 1.36391113e+03, 6.29428833e+02 ]
