%YAML:1.0
---
points: [ 1.19255096e+02, 1.40763031e+02, 1.19967850e+02, 1.48711945e+02,
    1.20781456e+02, 1.56518951e+02, 1.21573929e+02, 1.64149475e+02,
    1.22330940e+02, 1.71752579e+02, 1.23070442e+02, 1.79277725e+02,
    1.11457489e+02, 1.41037491e+02, 1.12251312e+02, 1.48984787e+02,
    1.13084366e+02, 1.56915176e+02, 1.13831627e+02, 1.64729614e+02,
    1.14653168e+02, 1.72515793e+02, 1.15437698e+02, 1.80103806e+02,
    1.03377586e+02, 1.41538666e+02, 1.04201546e+02, 1.49603439e+02,
    1.05085793e+02, 1.57548645e+02, 1.05915215e+02, 1.65438553e+02,
    1.06784782e+02, 1.73218109e+02, 1.07650146e+02, 1.80897308e+02,
    9.51646957e+01, 1.41751831e+02, 9.60785751e+01, 1.49879349e+02,
    9.69459229e+01, 1.58007858e+02, 9.78509064e+01, 1.65950668e+02,
    9.87364807e+01, 1.73874985e+02, 9.96231232e+01, 1.81760635e+02,
    8.67052689e+01, 1.42177475e+02, 8.76631622e+01, 1.50501923e+02,
    8.86281052e+01, 1.58608948e+02, 8.95526276e+01, 1.66679810e+02,
    9.05384369e+01, 1.74750458e+02, 9.15011063e+01, 1.82555664e+02,
    7.81467590e+01, 1.42581985e+02, 7.91054993e+01, 1.50890060e+02,
    8.01184387e+01, 1.59223160e+02, 8.10922775e+01, 1.67404953e+02,
    8.20566406e+01, 1.75498703e+02, 8.31079025e+01, 1.83572983e+02,
    6.92875900e+01, 1.42915649e+02, 7.03760300e+01, 1.51382111e+02,
    7.14046936e+01, 1.59767075e+02, 7.23868332e+01, 1.68094482e+02,
    7.34588013e+01, 1.76385071e+02, 7.44706879e+01, 1.84438660e+02,
    6.03396072e+01, 1.43422272e+02, 6.13520470e+01, 1.51969574e+02,
    6.24587631e+01, 1.60519897e+02, 6.34445190e+01, 1.68829788e+02,
    6.46275940e+01, 1.77123932e+02, 6.56794815e+01, 1.85440414e+02 ]
