%YAML:1.0
---
points: [ 1.25346094e+03, 2.84285553e+02, 1.26049390e+03, 3.26711884e+02,
    1.26752844e+03, 3.69030304e+02, 1.27460596e+03, 4.11077271e+02,
    1.28158228e+03, 4.52840118e+02, 1.28872388e+03, 4.94413788e+02,
    1.21610498e+03, 2.89703033e+02, 1.22314197e+03, 3.32807373e+02,
    1.23047766e+03, 3.75500214e+02, 1.23763733e+03, 4.17831665e+02,
    1.24466479e+03, 4.60151886e+02, 1.25209326e+03, 5.02211578e+02,
    1.17747693e+03, 2.95637024e+02, 1.18501233e+03, 3.38927216e+02,
    1.19201025e+03, 3.82185028e+02, 1.19967041e+03, 4.24715088e+02,
    1.20694788e+03, 4.67511536e+02, 1.21441248e+03, 5.09771667e+02,
    1.13853467e+03, 3.01545715e+02, 1.14596509e+03, 3.45299927e+02,
    1.15355615e+03, 3.88646484e+02, 1.16094934e+03, 4.32171844e+02,
    1.16864111e+03, 4.75217896e+02, 1.17608301e+03, 5.17951050e+02,
    1.09863550e+03, 3.07501526e+02, 1.10638953e+03, 3.51541199e+02,
    1.11401196e+03, 3.95665039e+02, 1.12176880e+03, 4.39311218e+02,
    1.12930530e+03, 4.82696442e+02, 1.13733643e+03, 5.25744507e+02,
    1.05797131e+03, 3.13424866e+02, 1.06573901e+03, 3.58176941e+02,
    1.07378503e+03, 4.02624542e+02, 1.08144202e+03, 4.46675201e+02,
    1.08951782e+03, 4.90686401e+02, 1.09728784e+03, 5.34362671e+02,
    1.01636713e+03, 3.19497375e+02, 1.02443152e+03, 3.64897186e+02,
    1.03266406e+03, 4.09570374e+02, 1.04062524e+03, 4.54396332e+02,
    1.04863342e+03, 4.98589355e+02, 1.05671899e+03, 5.42831238e+02,
    9.73588562e+02, 3.25747925e+02, 9.81850159e+02, 3.71539154e+02,
    9.90515808e+02, 4.17040741e+02, 9.98548828e+02, 4.61856750e+02,
    1.00694672e+03, 5.06904663e+02, 1.01527277e+03, 5.51418335e+02 ]
