%YAML:1.0
---
points: [ 3.80623077e+02, 1.28405945e+02, 3.82999420e+02, 1.42780609e+02,
    3.85371552e+02, 1.57072021e+02, 3.87718689e+02, 1.71470795e+02,
    3.90059387e+02, 1.85641876e+02, 3.92443878e+02, 1.99881668e+02,
    3.68154510e+02, 1.30204132e+02, 3.70583160e+02, 1.44792999e+02,
    3.73044464e+02, 1.59317688e+02, 3.75434723e+02, 1.73780350e+02,
    3.77821320e+02, 1.88127335e+02, 3.80138123e+02, 2.02374237e+02,
    3.55275543e+02, 1.32116592e+02, 3.57784424e+02, 1.46859955e+02,
    3.60237000e+02, 1.61596893e+02, 3.62691742e+02, 1.76162613e+02,
    3.65153870e+02, 1.90643845e+02, 3.67682159e+02, 2.05102081e+02,
    3.42221313e+02, 1.34143707e+02, 3.44785217e+02, 1.48988510e+02,
    3.47317871e+02, 1.63809601e+02, 3.49789764e+02, 1.78644547e+02,
    3.52233826e+02, 1.93222931e+02, 3.54699799e+02, 2.07812927e+02,
    3.28881226e+02, 1.36146484e+02, 3.31523010e+02, 1.51190002e+02,
    3.34001190e+02, 1.66165924e+02, 3.36565002e+02, 1.81073502e+02,
    3.39115753e+02, 1.95793289e+02, 3.41736298e+02, 2.10481384e+02,
    3.15319672e+02, 1.38229797e+02, 3.17785706e+02, 1.53481796e+02,
    3.20546478e+02, 1.68585556e+02, 3.23050812e+02, 1.83621246e+02,
    3.25658264e+02, 1.98535614e+02, 3.28336731e+02, 2.13412643e+02,
    3.01364227e+02, 1.40395370e+02, 3.04038574e+02, 1.55724899e+02,
    3.06726746e+02, 1.70970047e+02, 3.09393188e+02, 1.86132523e+02,
    3.12089539e+02, 2.01217041e+02, 3.14739319e+02, 2.16289825e+02,
    2.87049744e+02, 1.42525467e+02, 2.89804077e+02, 1.58032272e+02,
    2.92598480e+02, 1.73484085e+02, 2.95294403e+02, 1.88781601e+02,
    2.97989563e+02, 2.04048584e+02, 3.00750061e+02, 2.19215836e+02 ]
