%YAML:1.0
---
points: [ 9.85238419e+01, 9.24723740e+01, 1.02224815e+02, 1.00424683e+02,
    1.06036926e+02, 1.08369064e+02, 1.09595100e+02, 1.16167809e+02,
    1.13275284e+02, 1.23901794e+02, 1.16828194e+02, 1.31365707e+02,
    9.07143021e+01, 9.52508850e+01, 9.45588608e+01, 1.03292641e+02,
    9.83267288e+01, 1.11281029e+02, 1.02105003e+02, 1.19165390e+02,
    1.05828140e+02, 1.26866959e+02, 1.09478035e+02, 1.34354736e+02,
    8.27254486e+01, 9.82311783e+01, 8.66667938e+01, 1.06289284e+02,
    9.05903397e+01, 1.14306229e+02, 9.43464966e+01, 1.22118935e+02,
    9.81863022e+01, 1.29913269e+02, 1.02062256e+02, 1.37457855e+02,
    7.47331238e+01, 1.01240532e+02, 7.86787491e+01, 1.09306473e+02,
    8.26942368e+01, 1.17325264e+02, 8.66253738e+01, 1.25236244e+02,
    9.04912643e+01, 1.33011230e+02, 9.43510132e+01, 1.40574310e+02,
    6.65416641e+01, 1.04289268e+02, 7.06390076e+01, 1.12362488e+02,
    7.47203522e+01, 1.20491226e+02, 7.86801758e+01, 1.28365051e+02,
    8.26611023e+01, 1.36199921e+02, 8.65837326e+01, 1.43825302e+02,
    5.82892227e+01, 1.07389862e+02, 6.24306946e+01, 1.15596512e+02,
    6.65676422e+01, 1.23621132e+02, 7.06723022e+01, 1.31627274e+02,
    7.47290268e+01, 1.39367447e+02, 7.87962418e+01, 1.47151031e+02,
    5.00724678e+01, 1.10789536e+02, 5.41954269e+01, 1.18820457e+02,
    5.83770027e+01, 1.26963303e+02, 6.24913864e+01, 1.34857483e+02,
    6.66713791e+01, 1.42702988e+02, 7.08331375e+01, 1.50389328e+02,
    4.15230064e+01, 1.13956856e+02, 4.58449898e+01, 1.22228371e+02,
    5.00874596e+01, 1.30240860e+02, 5.43758545e+01, 1.38291656e+02,
    5.84379120e+01, 1.46083221e+02, 6.27099800e+01, 1.53868210e+02 ]
