%YAML:1.0
---
points: [ 1.20072473e+03, 3.63859406e+02, 1.20338391e+03, 4.07215118e+02,
    1.20593335e+03, 4.48802765e+02, 1.20833081e+03, 4.89361298e+02,
    1.21099438e+03, 5.28528015e+02, 1.21327356e+03, 5.66806030e+02,
    1.16748889e+03, 3.75478210e+02, 1.17057153e+03, 4.19207306e+02,
    1.17375610e+03, 4.61396881e+02, 1.17678821e+03, 5.02433807e+02,
    1.17971375e+03, 5.42264954e+02, 1.18264490e+03, 5.80753052e+02,
    1.13263867e+03, 3.87462769e+02, 1.13653357e+03, 4.31665833e+02,
    1.14013977e+03, 4.74590637e+02, 1.14388855e+03, 5.16171875e+02,
    1.14754553e+03, 5.56413513e+02, 1.15093323e+03, 5.95475708e+02,
    1.09662842e+03, 3.99767059e+02, 1.10126526e+03, 4.44635040e+02,
    1.10563330e+03, 4.88131775e+02, 1.10982507e+03, 5.30202881e+02,
    1.11399268e+03, 5.71067444e+02, 1.11808398e+03, 6.10466492e+02,
    1.05956262e+03, 4.12605896e+02, 1.06466077e+03, 4.58187012e+02,
    1.06970667e+03, 5.02267792e+02, 1.07458997e+03, 5.44785767e+02,
    1.07943787e+03, 5.85918457e+02, 1.08428821e+03, 6.25760925e+02,
    1.02067596e+03, 4.25864746e+02, 1.02665295e+03, 4.72170319e+02,
    1.03258313e+03, 5.16812195e+02, 1.03794971e+03, 5.59841431e+02,
    1.04348132e+03, 6.01673950e+02, 1.04885461e+03, 6.42322327e+02,
    9.80240601e+02, 4.39672913e+02, 9.86949646e+02, 4.86632446e+02,
    9.93775330e+02, 5.31892761e+02, 1.00005383e+03, 5.75557190e+02,
    1.00623419e+03, 6.18001282e+02, 1.01227521e+03, 6.59032837e+02,
    9.38041382e+02, 4.54209137e+02, 9.45605652e+02, 5.01687073e+02,
    9.53349243e+02, 5.47676575e+02, 9.60299438e+02, 5.92141296e+02,
    9.67376465e+02, 6.35056274e+02, 9.74168823e+02, 6.76543579e+02 ]
