%YAML:1.0
---
points: [ 3.63805603e+02, 1.55356506e+02, 3.64287018e+02, 1.70105133e+02,
    3.64860748e+02, 1.84297470e+02, 3.65355957e+02, 1.98105164e+02,
    3.65941559e+02, 2.11444519e+02, 3.66462219e+02, 2.24461731e+02,
    3.52851257e+02, 1.59296188e+02, 3.53510498e+02, 1.74214676e+02,
    3.54312775e+02, 1.88547043e+02, 3.54987000e+02, 2.02494461e+02,
    3.55611694e+02, 2.16179260e+02, 3.56320831e+02, 2.29226700e+02,
    3.41372620e+02, 1.63439697e+02, 3.42336578e+02, 1.78511734e+02,
    3.43172333e+02, 1.93050049e+02, 3.44186554e+02, 2.07228363e+02,
    3.45036743e+02, 2.20898865e+02, 3.45955688e+02, 2.34205490e+02,
    3.29558105e+02, 1.67700851e+02, 3.30708893e+02, 1.82906967e+02,
    3.31852325e+02, 1.97717148e+02, 3.32966095e+02, 2.11945892e+02,
    3.33961975e+02, 2.25869247e+02, 3.35027924e+02, 2.39306213e+02,
    3.17319763e+02, 1.72040375e+02, 3.18750153e+02, 1.87388992e+02,
    3.19959900e+02, 2.02443771e+02, 3.21303375e+02, 2.16927322e+02,
    3.22631989e+02, 2.30965698e+02, 3.23877106e+02, 2.44588806e+02,
    3.04584106e+02, 1.76571625e+02, 3.06117310e+02, 1.92298401e+02,
    3.07795837e+02, 2.07446594e+02, 3.09187378e+02, 2.22087051e+02,
    3.10686005e+02, 2.36377686e+02, 3.12263763e+02, 2.50074951e+02,
    2.91249146e+02, 1.81208023e+02, 2.93156281e+02, 1.97185883e+02,
    2.94965363e+02, 2.12686310e+02, 2.96710266e+02, 2.27429855e+02,
    2.98527588e+02, 2.41850357e+02, 3.00195007e+02, 2.55779922e+02,
    2.77440613e+02, 1.86254364e+02, 2.79607910e+02, 2.02297684e+02,
    2.81755310e+02, 2.17935257e+02, 2.83731110e+02, 2.32975922e+02,
    2.85727356e+02, 2.47578354e+02, 2.87617188e+02, 2.61756531e+02 ]
