%YAML:1.0
---
points: [ 1.24463574e+03, 3.06470398e+02, 1.26481165e+03, 3.07357361e+02,
    1.28520972e+03, 3.08159546e+02, 1.30551501e+03, 3.08963196e+02,
    1.32577258e+03, 3.09738770e+02, 1.34599634e+03, 3.10761780e+02,
    1.24343591e+03, 3.26526184e+02, 1.26364893e+03, 3.27446320e+02,
    1.28399463e+03, 3.28367249e+02, 1.30419055e+03, 3.29129333e+02,
    1.32444592e+03, 3.30126312e+02, 1.34480164e+03, 3.30845215e+02,
    1.24237207e+03, 3.46657684e+02, 1.26253357e+03, 3.47628906e+02,
    1.28271887e+03, 3.48605652e+02, 1.30293445e+03, 3.49483185e+02,
    1.32332153e+03, 3.50385101e+02, 1.34355469e+03, 3.51225128e+02,
    1.24134790e+03, 3.66828125e+02, 1.26128455e+03, 3.67662323e+02,
    1.28146997e+03, 3.68713715e+02, 1.30175562e+03, 3.69577393e+02,
    1.32222107e+03, 3.70575531e+02, 1.34239722e+03, 3.71372559e+02,
    1.23984729e+03, 3.86951843e+02, 1.26018750e+03, 3.87804596e+02,
    1.28039270e+03, 3.88665619e+02, 1.30056873e+03, 3.89698181e+02,
    1.32085986e+03, 3.90655273e+02, 1.34120203e+03, 3.91569153e+02,
    1.23865674e+03, 4.07185150e+02, 1.25904675e+03, 4.08013184e+02,
    1.27936108e+03, 4.08883453e+02, 1.29951245e+03, 4.09669189e+02,
    1.31963379e+03, 4.10782104e+02, 1.33990479e+03, 4.11628448e+02,
    1.23765161e+03, 4.27289032e+02, 1.25780176e+03, 4.28197052e+02,
    1.27811279e+03, 4.28947174e+02, 1.29827844e+03, 4.29851318e+02,
    1.31844922e+03, 4.30683289e+02, 1.33864636e+03, 4.31694489e+02,
    1.23652319e+03, 4.47234680e+02, 1.25662354e+03, 4.48265167e+02,
    1.27667847e+03, 4.49185699e+02, 1.29691528e+03, 4.50026367e+02,
    1.31731384e+03, 4.50963226e+02, 1.33755518e+03, 4.51743103e+02 ]
