%YAML:1.0
---
points: [ 1.07321472e+02, 1.79897491e+02, 1.08412933e+02, 1.86825729e+02,
    1.09444038e+02, 1.93863678e+02, 1.10530411e+02, 2.00860092e+02,
    1.11618340e+02, 2.07820648e+02, 1.12664948e+02, 2.14813034e+02,
    1.00125717e+02, 1.80390335e+02, 1.01182465e+02, 1.87539093e+02,
    1.02245895e+02, 1.94546295e+02, 1.03277931e+02, 2.01633957e+02,
    1.04373665e+02, 2.08705841e+02, 1.05365059e+02, 2.15673889e+02,
    9.26366043e+01, 1.80812912e+02, 9.36873322e+01, 1.87931396e+02,
    9.48079376e+01, 1.95100769e+02, 9.58572769e+01, 2.02306213e+02,
    9.69522324e+01, 2.09505447e+02, 9.80130768e+01, 2.16582397e+02,
    8.50126266e+01, 1.81279266e+02, 8.61245804e+01, 1.88568115e+02,
    8.71692581e+01, 1.95790955e+02, 8.82529831e+01, 2.02949921e+02,
    8.93214951e+01, 2.10224091e+02, 9.04245377e+01, 2.17445541e+02,
    7.71913071e+01, 1.81741974e+02, 7.83109055e+01, 1.89086609e+02,
    7.93504410e+01, 1.96390717e+02, 8.04403687e+01, 2.03727066e+02,
    8.15346909e+01, 2.11124054e+02, 8.26414032e+01, 2.18298233e+02,
    6.92627945e+01, 1.82218460e+02, 7.03276138e+01, 1.89620499e+02,
    7.14118042e+01, 1.97055511e+02, 7.25132751e+01, 2.04552078e+02,
    7.37146606e+01, 2.11843170e+02, 7.48133163e+01, 2.19338501e+02,
    6.11901321e+01, 1.82780731e+02, 6.22824059e+01, 1.90216751e+02,
    6.32961235e+01, 1.97778717e+02, 6.45169907e+01, 2.05206604e+02,
    6.55306091e+01, 2.12812012e+02, 6.67212982e+01, 2.20185303e+02,
    5.29012489e+01, 1.83217606e+02, 5.40583687e+01, 1.90950928e+02,
    5.51120605e+01, 1.98404556e+02, 5.62414894e+01, 2.06168793e+02,
    5.73350601e+01, 2.13613876e+02, 5.84994240e+01, 2.21330917e+02 ]
