%YAML:1.0
---
points: [ 1.24701245e+03, 1.10659256e+02, 1.26718640e+03, 1.12132202e+02,
    1.28747717e+03, 1.13341690e+02, 1.30763721e+03, 1.14478142e+02,
    1.32813538e+03, 1.15719933e+02, 1.34833545e+03, 1.17289062e+02,
    1.24534717e+03, 1.31101700e+02, 1.26558044e+03, 1.32378586e+02,
    1.28578296e+03, 1.33770187e+02, 1.30632715e+03, 1.34793640e+02,
    1.32651709e+03, 1.36188980e+02, 1.34681030e+03, 1.37533218e+02,
    1.24384351e+03, 1.51549469e+02, 1.26410010e+03, 1.52945633e+02,
    1.28443958e+03, 1.54260880e+02, 1.30458228e+03, 1.55454361e+02,
    1.32486389e+03, 1.56547440e+02, 1.34511707e+03, 1.57876831e+02,
    1.24232825e+03, 1.71977921e+02, 1.26256030e+03, 1.73267349e+02,
    1.28271094e+03, 1.74564713e+02, 1.30294299e+03, 1.75712311e+02,
    1.32332483e+03, 1.77082230e+02, 1.34357959e+03, 1.78198517e+02,
    1.24068921e+03, 1.92454041e+02, 1.26078577e+03, 1.93618057e+02,
    1.28121399e+03, 1.94807281e+02, 1.30145227e+03, 1.96284882e+02,
    1.32177502e+03, 1.97444611e+02, 1.34202429e+03, 1.98530289e+02,
    1.23899158e+03, 2.12940094e+02, 1.25944568e+03, 2.14075928e+02,
    1.27964648e+03, 2.15246857e+02, 1.29990161e+03, 2.16534286e+02,
    1.32013892e+03, 2.17817993e+02, 1.34036328e+03, 2.18866196e+02,
    1.23754504e+03, 2.33337494e+02, 1.25775415e+03, 2.34471024e+02,
    1.27808618e+03, 2.35517487e+02, 1.29815649e+03, 2.36776520e+02,
    1.31843933e+03, 2.38220261e+02, 1.33864282e+03, 2.39383270e+02,
    1.23589441e+03, 2.53650787e+02, 1.25615552e+03, 2.54811539e+02,
    1.27628918e+03, 2.56001160e+02, 1.29656262e+03, 2.57193634e+02,
    1.31679907e+03, 2.58492828e+02, 1.33718201e+03, 2.59672913e+02 ]
