%YAML:1.0
---
points: [ 1.21568420e+03, 3.25483734e+02, 1.23000830e+03, 3.64595917e+02,
    1.24432629e+03, 4.04531494e+02, 1.25931665e+03, 4.45410339e+02,
    1.27453882e+03, 4.87253296e+02, 1.29029224e+03, 5.29928040e+02,
    1.18036914e+03, 3.27078491e+02, 1.19426099e+03, 3.66782257e+02,
    1.20861792e+03, 4.07627686e+02, 1.22328894e+03, 4.49305267e+02,
    1.23823975e+03, 4.91794128e+02, 1.25370068e+03, 5.35463989e+02,
    1.14319397e+03, 3.28783661e+02, 1.15698926e+03, 3.69366669e+02,
    1.17095203e+03, 4.10817474e+02, 1.18568420e+03, 4.53186584e+02,
    1.20057703e+03, 4.96635498e+02, 1.21571252e+03, 5.40856445e+02,
    1.10520447e+03, 3.30474243e+02, 1.11852747e+03, 3.71715118e+02,
    1.13251245e+03, 4.14055237e+02, 1.14684680e+03, 4.57353577e+02,
    1.16157092e+03, 5.01671661e+02, 1.17656628e+03, 5.46949890e+02,
    1.06569800e+03, 3.32366394e+02, 1.07898682e+03, 3.74517853e+02,
    1.09265320e+03, 4.17501099e+02, 1.10659753e+03, 4.61412811e+02,
    1.12119641e+03, 5.06756165e+02, 1.13611829e+03, 5.52885742e+02,
    1.02469446e+03, 3.34256195e+02, 1.03781018e+03, 3.76880188e+02,
    1.05136707e+03, 4.20876373e+02, 1.06488428e+03, 4.65941345e+02,
    1.07925183e+03, 5.12115173e+02, 1.09379456e+03, 5.59375183e+02,
    9.82039978e+02, 3.35906372e+02, 9.95185181e+02, 3.79960968e+02,
    1.00831812e+03, 4.24606384e+02, 1.02168298e+03, 4.70612610e+02,
    1.03556775e+03, 5.17637756e+02, 1.04982520e+03, 5.65961853e+02,
    9.38000061e+02, 3.37900085e+02, 9.50409973e+02, 3.82623840e+02,
    9.63513489e+02, 4.28527832e+02, 9.76518494e+02, 4.75434052e+02,
    9.90291687e+02, 5.23515320e+02, 1.00413177e+03, 5.72759949e+02 ]
