%YAML:1.0
---
points: [ 3.68568634e+02, 1.42419769e+02, 3.73551208e+02, 1.55654861e+02,
    3.78737732e+02, 1.69242538e+02, 3.84107544e+02, 1.83199768e+02,
    3.89454865e+02, 1.97315063e+02, 3.95178192e+02, 2.11999252e+02,
    3.56753479e+02, 1.43001801e+02, 3.61795593e+02, 1.56411819e+02,
    3.66972534e+02, 1.70291641e+02, 3.72267792e+02, 1.84465195e+02,
    3.77615021e+02, 1.99068039e+02, 3.83129517e+02, 2.13843430e+02,
    3.44539825e+02, 1.43462311e+02, 3.49561523e+02, 1.57313873e+02,
    3.54622589e+02, 1.71391159e+02, 3.59859100e+02, 1.85856934e+02,
    3.65180878e+02, 2.00651794e+02, 3.70714081e+02, 2.15661545e+02,
    3.32001129e+02, 1.44140137e+02, 3.36866150e+02, 1.58161713e+02,
    3.41838287e+02, 1.72579483e+02, 3.47020477e+02, 1.87206253e+02,
    3.52294800e+02, 2.02268188e+02, 3.57810822e+02, 2.17697708e+02,
    3.18930695e+02, 1.44618118e+02, 3.23769684e+02, 1.59062897e+02,
    3.28639557e+02, 1.73710373e+02, 3.33718689e+02, 1.88656708e+02,
    3.38969757e+02, 2.04006638e+02, 3.44467926e+02, 2.19747055e+02,
    3.05430054e+02, 1.45336197e+02, 3.10102448e+02, 1.60000961e+02,
    3.15042358e+02, 1.74934357e+02, 3.19956665e+02, 1.90221527e+02,
    3.25122498e+02, 2.05878265e+02, 3.30378632e+02, 2.21931625e+02,
    2.91431274e+02, 1.46148331e+02, 2.96007050e+02, 1.60915833e+02,
    3.00886505e+02, 1.76212570e+02, 3.05671509e+02, 1.91764816e+02,
    3.10683411e+02, 2.07766342e+02, 3.15900726e+02, 2.24196381e+02,
    2.76831329e+02, 1.46673355e+02, 2.81399872e+02, 1.62034836e+02,
    2.86041962e+02, 1.77506439e+02, 2.90816742e+02, 1.93360291e+02,
    2.95785706e+02, 2.09730316e+02, 3.00839050e+02, 2.26508301e+02 ]
