%YAML:1.0
---
points: [ 9.41037064e+01, 1.87289185e+02, 9.61894302e+01, 1.93204041e+02,
    9.92748032e+01, 1.99801041e+02, 1.01741005e+02, 2.06251205e+02,
    1.04814713e+02, 2.12635117e+02, 1.07010277e+02, 2.19162567e+02,
    8.66699905e+01, 1.88742157e+02, 8.95160294e+01, 1.95344238e+02,
    9.21321411e+01, 2.01896698e+02, 9.48691940e+01, 2.08195587e+02,
    9.74642639e+01, 2.15327499e+02, 1.00435539e+02, 2.21170609e+02,
    7.93309708e+01, 1.91115738e+02, 8.20802536e+01, 1.97448792e+02,
    8.46937637e+01, 2.04107819e+02, 8.76421890e+01, 2.10585526e+02,
    9.03298798e+01, 2.17321243e+02, 9.30942535e+01, 2.24072586e+02,
    7.18728104e+01, 1.93020935e+02, 7.46738434e+01, 1.99432907e+02,
    7.73937225e+01, 2.06285660e+02, 8.01733475e+01, 2.13237061e+02,
    8.30406723e+01, 2.19807541e+02, 8.58133163e+01, 2.26207123e+02,
    6.42382812e+01, 1.95148956e+02, 6.70341644e+01, 2.01934601e+02,
    6.99802475e+01, 2.08654556e+02, 7.26812134e+01, 2.15290115e+02,
    7.54790726e+01, 2.22233582e+02, 7.82984238e+01, 2.29036179e+02,
    5.65886993e+01, 1.97262650e+02, 5.93962364e+01, 2.04176468e+02,
    6.22443504e+01, 2.11163162e+02, 6.50754623e+01, 2.17969330e+02,
    6.79363632e+01, 2.24655731e+02, 7.07766647e+01, 2.31300247e+02,
    4.89320221e+01, 1.99702438e+02, 5.16760712e+01, 2.06411835e+02,
    5.45782852e+01, 2.13504318e+02, 5.73008614e+01, 2.20171631e+02,
    6.02700500e+01, 2.27269058e+02, 6.30301056e+01, 2.34104172e+02,
    4.09621277e+01, 2.01883835e+02, 4.38744049e+01, 2.09027664e+02,
    4.66601486e+01, 2.15744278e+02, 4.95081482e+01, 2.22861298e+02,
    5.22813911e+01, 2.29773697e+02, 5.52806244e+01, 2.36712234e+02 ]
