%YAML:1.0
---
points: [ 1.25792566e+03, 9.95571289e+01, 1.27929272e+03, 1.00362503e+02,
    1.30066797e+03, 1.00869553e+02, 1.32195337e+03, 1.01645058e+02,
    1.34344653e+03, 1.02247162e+02, 1.36468542e+03, 1.02759125e+02,
    1.25519946e+03, 1.22577362e+02, 1.27634460e+03, 1.23246567e+02,
    1.29756323e+03, 1.23788300e+02, 1.31895959e+03, 1.24328148e+02,
    1.34028845e+03, 1.24977325e+02, 1.36160364e+03, 1.25541328e+02,
    1.25264160e+03, 1.45338562e+02, 1.27380945e+03, 1.45845642e+02,
    1.29486755e+03, 1.46371155e+02, 1.31616626e+03, 1.47115387e+02,
    1.33726135e+03, 1.47642593e+02, 1.35839111e+03, 1.48376587e+02,
    1.24995154e+03, 1.67710587e+02, 1.27093469e+03, 1.68265869e+02,
    1.29195740e+03, 1.68949448e+02, 1.31296802e+03, 1.69498795e+02,
    1.33406641e+03, 1.70169205e+02, 1.35517676e+03, 1.70565598e+02,
    1.24758337e+03, 1.89808136e+02, 1.26843896e+03, 1.90454529e+02,
    1.28941138e+03, 1.91066895e+02, 1.31026465e+03, 1.91570389e+02,
    1.33127100e+03, 1.92086426e+02, 1.35214685e+03, 1.92651764e+02,
    1.24483887e+03, 2.11733749e+02, 1.26561914e+03, 2.12367966e+02,
    1.28641113e+03, 2.12898972e+02, 1.30734387e+03, 2.13382797e+02,
    1.32814783e+03, 2.14019913e+02, 1.34899915e+03, 2.14499130e+02,
    1.24250464e+03, 2.33379684e+02, 1.26316663e+03, 2.33813797e+02,
    1.28380200e+03, 2.34397934e+02, 1.30446692e+03, 2.34880493e+02,
    1.32520459e+03, 2.35429825e+02, 1.34580066e+03, 2.36084442e+02,
    1.23980212e+03, 2.54810455e+02, 1.26041589e+03, 2.55256485e+02,
    1.28098389e+03, 2.55739700e+02, 1.30155994e+03, 2.56323151e+02,
    1.32235364e+03, 2.56777985e+02, 1.34284497e+03, 2.57419281e+02 ]
