%YAML:1.0
---
points: [ 1.19729883e+03, 3.33973541e+02, 1.20778784e+03, 3.64480560e+02,
    1.21857764e+03, 3.96589203e+02, 1.23026123e+03, 4.30402771e+02,
    1.24251208e+03, 4.66164825e+02, 1.25553943e+03, 5.03734406e+02,
    1.15444043e+03, 3.35128632e+02, 1.16373889e+03, 3.65848633e+02,
    1.17349768e+03, 3.98273163e+02, 1.18404834e+03, 4.32255951e+02,
    1.19471143e+03, 4.68033661e+02, 1.20651599e+03, 5.05999329e+02,
    1.11087024e+03, 3.36555908e+02, 1.11905774e+03, 3.67337402e+02,
    1.12773816e+03, 3.99875824e+02, 1.13710413e+03, 4.33811035e+02,
    1.14668555e+03, 4.69979156e+02, 1.15698499e+03, 5.07797760e+02,
    1.06739746e+03, 3.37930695e+02, 1.07451794e+03, 3.68858337e+02,
    1.08202209e+03, 4.01605865e+02, 1.09019238e+03, 4.35837219e+02,
    1.09847607e+03, 4.72081268e+02, 1.10742676e+03, 5.10259399e+02,
    1.02342218e+03, 3.39043274e+02, 1.02955029e+03, 3.70510803e+02,
    1.03609143e+03, 4.03122345e+02, 1.04286279e+03, 4.37600800e+02,
    1.04988684e+03, 4.74246948e+02, 1.05762219e+03, 5.12431519e+02,
    9.79510071e+02, 3.40524384e+02, 9.84528259e+02, 3.71733948e+02,
    9.89741455e+02, 4.04664185e+02, 9.95382324e+02, 4.39480835e+02,
    1.00121826e+03, 4.76153076e+02, 1.00737781e+03, 5.14521484e+02,
    9.34907715e+02, 3.41713898e+02, 9.38956726e+02, 3.73422028e+02,
    9.43291199e+02, 4.06435760e+02, 9.47562500e+02, 4.41380249e+02,
    9.52109375e+02, 4.78072906e+02, 9.56871887e+02, 5.17032288e+02,
    8.90291382e+02, 3.43230377e+02, 8.92977478e+02, 3.74834076e+02,
    8.96124146e+02, 4.08150696e+02, 8.99200012e+02, 4.43289764e+02,
    9.02327087e+02, 4.80315247e+02, 9.05831177e+02, 5.19272217e+02 ]
