%YAML:1.0
---
points: [ 3.62195831e+02, 1.45250473e+02, 3.66267517e+02, 1.55544510e+02,
    3.70559357e+02, 1.66466354e+02, 3.75132507e+02, 1.78087845e+02,
    3.80037933e+02, 1.90262405e+02, 3.85069641e+02, 2.03075455e+02,
    3.47528931e+02, 1.45609634e+02, 3.51344818e+02, 1.56163788e+02,
    3.55262024e+02, 1.67112289e+02, 3.59391724e+02, 1.78611130e+02,
    3.63759155e+02, 1.90827972e+02, 3.68431244e+02, 2.03741989e+02,
    3.32810181e+02, 1.46165298e+02, 3.36144592e+02, 1.56542740e+02,
    3.39704895e+02, 1.67672592e+02, 3.43443420e+02, 1.79263763e+02,
    3.47398834e+02, 1.91509811e+02, 3.51621552e+02, 2.04418945e+02,
    3.17974152e+02, 1.46536621e+02, 3.21028412e+02, 1.57173492e+02,
    3.24175262e+02, 1.68324097e+02, 3.27607422e+02, 1.79979919e+02,
    3.31026855e+02, 1.92258438e+02, 3.34762146e+02, 2.05232498e+02,
    3.03209686e+02, 1.47086746e+02, 3.05746521e+02, 1.57564697e+02,
    3.08592865e+02, 1.68837692e+02, 3.11441040e+02, 1.80485962e+02,
    3.14610931e+02, 1.92905014e+02, 3.17893921e+02, 2.05985275e+02,
    2.88246796e+02, 1.47525269e+02, 2.90504883e+02, 1.58194580e+02,
    2.92875793e+02, 1.69416519e+02, 2.95431458e+02, 1.81238968e+02,
    2.97979706e+02, 1.93561813e+02, 3.00861969e+02, 2.06708618e+02,
    2.73323792e+02, 1.48113678e+02, 2.75156372e+02, 1.58712631e+02,
    2.77158813e+02, 1.70046570e+02, 2.79222260e+02, 1.81807632e+02,
    2.81469055e+02, 1.94308640e+02, 2.83747437e+02, 2.07573624e+02,
    2.58035431e+02, 1.48432312e+02, 2.59670746e+02, 1.59299423e+02,
    2.61227020e+02, 1.70432800e+02, 2.62899933e+02, 1.82364349e+02,
    2.64655334e+02, 1.95145279e+02, 2.66603546e+02, 2.08392242e+02 ]
