%YAML:1.0
---
points: [ 1.26238635e+03, 2.35945847e+02, 1.27959631e+03, 2.37974075e+02,
    1.29640857e+03, 2.39631546e+02, 1.31287854e+03, 2.41467773e+02,
    1.32929968e+03, 2.43306213e+02, 1.34548645e+03, 2.45077698e+02,
    1.26247778e+03, 2.57218903e+02, 1.27957935e+03, 2.59096405e+02,
    1.29639856e+03, 2.60672668e+02, 1.31296045e+03, 2.62262329e+02,
    1.32932251e+03, 2.63976074e+02, 1.34548804e+03, 2.65570862e+02,
    1.26253149e+03, 2.78682434e+02, 1.27961682e+03, 2.80319855e+02,
    1.29643774e+03, 2.81711121e+02, 1.31300623e+03, 2.83244049e+02,
    1.32942224e+03, 2.84714142e+02, 1.34556323e+03, 2.86178162e+02,
    1.26259167e+03, 3.00004822e+02, 1.27967944e+03, 3.01465729e+02,
    1.29642944e+03, 3.02740143e+02, 1.31302527e+03, 3.03891418e+02,
    1.32944495e+03, 3.05426331e+02, 1.34554309e+03, 3.06660309e+02,
    1.26270715e+03, 3.21261902e+02, 1.27977734e+03, 3.22509613e+02,
    1.29653040e+03, 3.23602173e+02, 1.31301196e+03, 3.24815765e+02,
    1.32948853e+03, 3.25877747e+02, 1.34555334e+03, 3.27283447e+02,
    1.26271936e+03, 3.42429138e+02, 1.27978748e+03, 3.43566498e+02,
    1.29659021e+03, 3.44539154e+02, 1.31304053e+03, 3.45522980e+02,
    1.32948425e+03, 3.46563507e+02, 1.34562109e+03, 3.47568604e+02,
    1.26276465e+03, 3.63644318e+02, 1.27981091e+03, 3.64558746e+02,
    1.29660986e+03, 3.65470093e+02, 1.31309119e+03, 3.66261627e+02,
    1.32957800e+03, 3.67170410e+02, 1.34564844e+03, 3.67936005e+02,
    1.26284888e+03, 3.84810974e+02, 1.27989062e+03, 3.85609344e+02,
    1.29665100e+03, 3.86381958e+02, 1.31322583e+03, 3.87014374e+02,
    1.32958142e+03, 3.87695435e+02, 1.34570825e+03, 3.88390198e+02 ]
