%YAML:1.0
---
points: [ 1.18147681e+03, 3.21582672e+02, 1.19045776e+03, 3.46344849e+02,
    1.20009912e+03, 3.72831543e+02, 1.21039038e+03, 4.01400848e+02,
    1.22135645e+03, 4.31462524e+02, 1.23330505e+03, 4.63915649e+02,
    1.13663867e+03, 3.27487122e+02, 1.14409375e+03, 3.52538605e+02,
    1.15230188e+03, 3.79057220e+02, 1.16069739e+03, 4.07494141e+02,
    1.17007056e+03, 4.37842621e+02, 1.18003455e+03, 4.70343414e+02,
    1.09160132e+03, 3.33457581e+02, 1.09775281e+03, 3.58494324e+02,
    1.10444556e+03, 3.85310089e+02, 1.11144189e+03, 4.13460083e+02,
    1.11872034e+03, 4.44157074e+02, 1.12683545e+03, 4.76399292e+02,
    1.04744519e+03, 3.39157898e+02, 1.05221362e+03, 3.64388489e+02,
    1.05731091e+03, 3.91345917e+02, 1.06265466e+03, 4.19754761e+02,
    1.06848376e+03, 4.50355988e+02, 1.07467212e+03, 4.82780853e+02,
    1.00320184e+03, 3.44671204e+02, 1.00668060e+03, 3.70342102e+02,
    1.01042169e+03, 3.97142151e+02, 1.01425671e+03, 4.25713867e+02,
    1.01833923e+03, 4.56537872e+02, 1.02267401e+03, 4.89190155e+02,
    9.59450745e+02, 3.50514587e+02, 9.61482178e+02, 3.75998871e+02,
    9.63766785e+02, 4.03008148e+02, 9.66027954e+02, 4.31803925e+02,
    9.68657349e+02, 4.62551758e+02, 9.71272095e+02, 4.95479370e+02,
    9.15844910e+02, 3.56138245e+02, 9.16736328e+02, 3.81803040e+02,
    9.17471436e+02, 4.08746368e+02, 9.18349304e+02, 4.37968933e+02,
    9.19269531e+02, 4.68704437e+02, 9.20257874e+02, 5.01842316e+02,
    8.72398743e+02, 3.61632385e+02, 8.71827454e+02, 3.87498535e+02,
    8.71364624e+02, 4.14700500e+02, 8.70682983e+02, 4.44027283e+02,
    8.70052429e+02, 4.74952972e+02, 8.69269165e+02, 5.07969116e+02 ]
