%YAML:1.0
---
points: [ 8.34586182e+01, 1.79286240e+02, 9.01115189e+01, 1.86052460e+02,
    9.66995773e+01, 1.92668030e+02, 1.03151405e+02, 1.99138855e+02,
    1.09586441e+02, 2.05553497e+02, 1.15730110e+02, 2.11820969e+02,
    7.70619888e+01, 1.84479233e+02, 8.36962967e+01, 1.91162018e+02,
    9.02637939e+01, 1.97661194e+02, 9.67840652e+01, 2.04132599e+02,
    1.03159210e+02, 2.10438599e+02, 1.09485008e+02, 2.16649673e+02,
    7.07592010e+01, 1.89625305e+02, 7.73062515e+01, 1.96252563e+02,
    8.40341873e+01, 2.02692703e+02, 9.04060974e+01, 2.09091110e+02,
    9.68552170e+01, 2.15337753e+02, 1.03042778e+02, 2.21466110e+02,
    6.43459778e+01, 1.94759811e+02, 7.11260986e+01, 2.01290649e+02,
    7.76557465e+01, 2.07587967e+02, 8.42252121e+01, 2.14012177e+02,
    9.06007614e+01, 2.20181870e+02, 9.69093094e+01, 2.26254242e+02,
    5.82697449e+01, 1.99833588e+02, 6.48240433e+01, 2.06166473e+02,
    7.15415344e+01, 2.12602402e+02, 7.79073334e+01, 2.18711258e+02,
    8.43876419e+01, 2.24969650e+02, 9.06488495e+01, 2.31061188e+02,
    5.21746445e+01, 2.04814240e+02, 5.88469505e+01, 2.11169479e+02,
    6.53123398e+01, 2.17474304e+02, 7.18999329e+01, 2.23615875e+02,
    7.82023926e+01, 2.29661057e+02, 8.47039261e+01, 2.35587143e+02,
    4.62402954e+01, 2.09768753e+02, 5.27006226e+01, 2.16082184e+02,
    5.94016380e+01, 2.22281296e+02, 6.57996521e+01, 2.28350693e+02,
    7.23494339e+01, 2.34331970e+02, 7.85412445e+01, 2.40281021e+02,
    4.03424339e+01, 2.14620636e+02, 4.69294968e+01, 2.20894669e+02,
    5.35052147e+01, 2.27007050e+02, 5.99517212e+01, 2.33088242e+02,
    6.64731674e+01, 2.38979523e+02, 7.27204590e+01, 2.44831696e+02 ]
