%YAML:1.0
---
points: [ 3.57225739e+02, 1.40998291e+02, 3.60899536e+02, 1.49464905e+02,
    3.64893158e+02, 1.58408585e+02, 3.69218658e+02, 1.68087875e+02,
    3.73804016e+02, 1.78367676e+02, 3.78723145e+02, 1.89380371e+02,
    3.41756927e+02, 1.42990097e+02, 3.45114685e+02, 1.51508209e+02,
    3.48566650e+02, 1.60560425e+02, 3.52318573e+02, 1.70200867e+02,
    3.56197815e+02, 1.80631027e+02, 3.60543152e+02, 1.91598373e+02,
    3.26476654e+02, 1.45009567e+02, 3.29140808e+02, 1.53572205e+02,
    3.32149536e+02, 1.62691360e+02, 3.35309845e+02, 1.72259277e+02,
    3.38688843e+02, 1.82717575e+02, 3.42236572e+02, 1.93730667e+02,
    3.11250580e+02, 1.46975082e+02, 3.13596222e+02, 1.55568832e+02,
    3.15942841e+02, 1.64780426e+02, 3.18615143e+02, 1.74533310e+02,
    3.21366638e+02, 1.84890366e+02, 3.24384064e+02, 1.95949661e+02,
    2.96197021e+02, 1.48968094e+02, 2.97910797e+02, 1.57617355e+02,
    2.99958313e+02, 1.66817413e+02, 3.01944000e+02, 1.76550430e+02,
    3.04249481e+02, 1.86969803e+02, 3.06574432e+02, 1.98036057e+02,
    2.81170959e+02, 1.51055222e+02, 2.82574493e+02, 1.59623734e+02,
    2.84004913e+02, 1.68828110e+02, 2.85600525e+02, 1.78655548e+02,
    2.87161377e+02, 1.89029083e+02, 2.88935455e+02, 2.00209274e+02,
    2.66388519e+02, 1.52955902e+02, 2.67265472e+02, 1.61642166e+02,
    2.68260223e+02, 1.70844391e+02, 2.69234253e+02, 1.80734299e+02,
    2.70409302e+02, 1.91157516e+02, 2.71523529e+02, 2.02350876e+02,
    2.51470642e+02, 1.54809189e+02, 2.52095779e+02, 1.63694855e+02,
    2.52479736e+02, 1.72787064e+02, 2.53141357e+02, 1.82794983e+02,
    2.53585312e+02, 1.93238739e+02, 2.54285492e+02, 2.04542511e+02 ]
