%YAML:1.0
---
points: [ 1.23535522e+03, 2.51616318e+02, 1.25557007e+03, 2.50972229e+02,
    1.27589294e+03, 2.50215637e+02, 1.29625452e+03, 2.49527313e+02,
    1.31658032e+03, 2.48633255e+02, 1.33683325e+03, 2.47938797e+02,
    1.23576672e+03, 2.71888031e+02, 1.25602625e+03, 2.71235962e+02,
    1.27631714e+03, 2.70469025e+02, 1.29656946e+03, 2.69703552e+02,
    1.31690051e+03, 2.68878662e+02, 1.33735156e+03, 2.68211487e+02,
    1.23627942e+03, 2.92303467e+02, 1.25643555e+03, 2.91636444e+02,
    1.27664392e+03, 2.90725494e+02, 1.29684375e+03, 2.90196198e+02,
    1.31734497e+03, 2.89294037e+02, 1.33760327e+03, 2.88467743e+02,
    1.23662439e+03, 3.12551788e+02, 1.25678345e+03, 3.11801208e+02,
    1.27694861e+03, 3.11125732e+02, 1.29730383e+03, 3.10357300e+02,
    1.31764893e+03, 3.09487854e+02, 1.33800720e+03, 3.08693939e+02,
    1.23703809e+03, 3.32774658e+02, 1.25734961e+03, 3.32129822e+02,
    1.27751636e+03, 3.31263702e+02, 1.29772900e+03, 3.30503418e+02,
    1.31808118e+03, 3.29703644e+02, 1.33841467e+03, 3.29040161e+02,
    1.23752905e+03, 3.52927521e+02, 1.25786584e+03, 3.52292542e+02,
    1.27804065e+03, 3.51434753e+02, 1.29828601e+03, 3.50683624e+02,
    1.31845740e+03, 3.50000458e+02, 1.33876465e+03, 3.49324036e+02,
    1.23787646e+03, 3.73003296e+02, 1.25828821e+03, 3.72344727e+02,
    1.27847241e+03, 3.71513672e+02, 1.29858899e+03, 3.70889404e+02,
    1.31883167e+03, 3.70287933e+02, 1.33912939e+03, 3.69499115e+02,
    1.23837476e+03, 3.93139130e+02, 1.25863733e+03, 3.92515991e+02,
    1.27883875e+03, 3.91793854e+02, 1.29913342e+03, 3.91219330e+02,
    1.31937097e+03, 3.90439087e+02, 1.33958557e+03, 3.89555084e+02 ]
