%YAML:1.0
---
points: [ 1.17358032e+03, 3.70691650e+02, 1.20818262e+03, 4.15597260e+02,
    1.24178003e+03, 4.59292206e+02, 1.27475049e+03, 5.01782990e+02,
    1.30716980e+03, 5.43523254e+02, 1.33881274e+03, 5.84202148e+02,
    1.12545264e+03, 4.03056610e+02, 1.15959131e+03, 4.46298828e+02,
    1.19293115e+03, 4.88429352e+02, 1.22560767e+03, 5.29556458e+02,
    1.25765295e+03, 5.69711609e+02, 1.28919397e+03, 6.09250305e+02,
    1.07941272e+03, 4.33728241e+02, 1.11333044e+03, 4.75499451e+02,
    1.14639600e+03, 5.16281677e+02, 1.17867102e+03, 5.56118774e+02,
    1.21050659e+03, 5.95052063e+02, 1.24156433e+03, 6.33191650e+02,
    1.03608948e+03, 4.62775696e+02, 1.06952808e+03, 5.03188110e+02,
    1.10243958e+03, 5.42476929e+02, 1.13453162e+03, 5.80887024e+02,
    1.16586499e+03, 6.18754395e+02, 1.19672144e+03, 6.55627258e+02,
    9.94840454e+02, 4.90424591e+02, 1.02795374e+03, 5.29346191e+02,
    1.06048352e+03, 5.67627258e+02, 1.09224170e+03, 6.04835754e+02,
    1.12344409e+03, 6.41458862e+02, 1.15383936e+03, 6.77278076e+02,
    9.55572144e+02, 5.16585022e+02, 9.88517700e+02, 5.54393433e+02,
    1.02051361e+03, 5.91504639e+02, 1.05200281e+03, 6.27574768e+02,
    1.08296289e+03, 6.63108093e+02, 1.11327966e+03, 6.97978271e+02,
    9.18193909e+02, 5.41614441e+02, 9.50726440e+02, 5.78254822e+02,
    9.82480713e+02, 6.14328491e+02, 1.01374811e+03, 6.49228760e+02,
    1.04431348e+03, 6.83773804e+02, 1.07421082e+03, 7.17583130e+02,
    8.82282715e+02, 5.65559021e+02, 9.14513672e+02, 6.01200378e+02,
    9.46142761e+02, 6.36038513e+02, 9.77031128e+02, 6.70126038e+02,
    1.00730725e+03, 7.03586548e+02, 1.03690833e+03, 7.36609924e+02 ]
