%YAML:1.0
---
points: [ 7.09510651e+01, 1.89636322e+02, 7.79344940e+01, 1.97529312e+02,
    8.51123047e+01, 2.05288315e+02, 9.21398468e+01, 2.13037064e+02,
    9.91702652e+01, 2.20619019e+02, 1.06088531e+02, 2.28145828e+02,
    6.26914368e+01, 1.96109039e+02, 6.98700104e+01, 2.03848480e+02,
    7.70617371e+01, 2.11678452e+02, 8.41440125e+01, 2.19323486e+02,
    9.11769714e+01, 2.26932373e+02, 9.81603241e+01, 2.34424805e+02,
    5.46607513e+01, 2.02501816e+02, 6.17334900e+01, 2.10345764e+02,
    6.89644165e+01, 2.18133255e+02, 7.60279617e+01, 2.25723801e+02,
    8.31067047e+01, 2.33321960e+02, 9.00951004e+01, 2.40821350e+02,
    4.64648170e+01, 2.08967728e+02, 5.37698250e+01, 2.16753189e+02,
    6.08428650e+01, 2.24449341e+02, 6.80558090e+01, 2.32153900e+02,
    7.51174469e+01, 2.39666641e+02, 8.21358185e+01, 2.47184158e+02,
    3.85554047e+01, 2.15443085e+02, 4.56291428e+01, 2.23214890e+02,
    5.30053902e+01, 2.30936691e+02, 5.99668617e+01, 2.38521027e+02,
    6.71603088e+01, 2.46095963e+02, 7.41190186e+01, 2.53455322e+02,
    3.05213413e+01, 2.21935638e+02, 3.78154793e+01, 2.29663483e+02,
    4.48618584e+01, 2.37359436e+02, 5.21150246e+01, 2.44932022e+02,
    5.91574020e+01, 2.52457397e+02, 6.62853241e+01, 2.59923401e+02,
    2.27908573e+01, 2.28381058e+02, 2.98425369e+01, 2.36145767e+02,
    3.71072731e+01, 2.43798920e+02, 4.41270447e+01, 2.51328751e+02,
    5.13462791e+01, 2.58884796e+02, 5.83381882e+01, 2.66230621e+02,
    1.48933983e+01, 2.34853271e+02, 2.21838799e+01, 2.42632629e+02,
    2.91540241e+01, 2.50201950e+02, 3.64297256e+01, 2.57807617e+02,
    4.33847618e+01, 2.65227570e+02, 5.06201744e+01, 2.72695160e+02 ]
