%YAML:1.0
---
points: [ 3.61647552e+02, 1.57806381e+02, 3.73075653e+02, 1.73037750e+02,
    3.84158417e+02, 1.87894394e+02, 3.94979675e+02, 2.02413437e+02,
    4.05577118e+02, 2.16584702e+02, 4.15911407e+02, 2.30398239e+02,
    3.44443939e+02, 1.68735580e+02, 3.55749329e+02, 1.83484085e+02,
    3.66811646e+02, 1.97819931e+02, 3.77562561e+02, 2.11858398e+02,
    3.88131622e+02, 2.25420975e+02, 3.98497864e+02, 2.38934631e+02,
    3.27958099e+02, 1.79236099e+02, 3.39189514e+02, 1.93386383e+02,
    3.50210114e+02, 2.07308197e+02, 3.60868408e+02, 2.20803177e+02,
    3.71414520e+02, 2.34092834e+02, 3.81725616e+02, 2.47119507e+02,
    3.12467377e+02, 1.89143219e+02, 3.23592499e+02, 2.02812241e+02,
    3.34490784e+02, 2.16237381e+02, 3.45118622e+02, 2.29305969e+02,
    3.55625793e+02, 2.42186005e+02, 3.65749725e+02, 2.54764023e+02,
    2.97749420e+02, 1.98540390e+02, 3.08752899e+02, 2.11714447e+02,
    3.19515259e+02, 2.24753296e+02, 3.30067230e+02, 2.37420334e+02,
    3.40454010e+02, 2.49867249e+02, 3.50584442e+02, 2.61998291e+02,
    2.83823395e+02, 2.07397705e+02, 2.94657532e+02, 2.20297028e+02,
    3.05336639e+02, 2.32866562e+02, 3.15805176e+02, 2.45128403e+02,
    3.26101685e+02, 2.57192078e+02, 3.36112640e+02, 2.69086273e+02,
    2.70513245e+02, 2.15898727e+02, 2.81238983e+02, 2.28365143e+02,
    2.91817322e+02, 2.40583664e+02, 3.02198425e+02, 2.52438766e+02,
    3.12429962e+02, 2.64256805e+02, 3.22319122e+02, 2.75719543e+02,
    2.57733398e+02, 2.24049683e+02, 2.68440155e+02, 2.36131134e+02,
    2.78880646e+02, 2.47887039e+02, 2.89238312e+02, 2.59542725e+02,
    2.99276794e+02, 2.70921783e+02, 3.09246887e+02, 2.82234711e+02 ]
