%YAML:1.0
---
points: [ 9.08301392e+01, 1.22279831e+02, 1.00823975e+02, 1.23671394e+02,
    1.10928711e+02, 1.24946327e+02, 1.21078026e+02, 1.26384605e+02,
    1.31207748e+02, 1.27800980e+02, 1.41473114e+02, 1.29217209e+02,
    8.69437103e+01, 1.30147339e+02, 9.71183624e+01, 1.31443451e+02,
    1.07314560e+02, 1.32902817e+02, 1.17594749e+02, 1.34248367e+02,
    1.28022888e+02, 1.35724045e+02, 1.38329453e+02, 1.37224075e+02,
    8.30087967e+01, 1.38186844e+02, 9.32309036e+01, 1.39571564e+02,
    1.03629501e+02, 1.41049881e+02, 1.14065208e+02, 1.42406662e+02,
    1.24572052e+02, 1.43946716e+02, 1.35070633e+02, 1.45344254e+02,
    7.89626694e+01, 1.46438980e+02, 8.93314896e+01, 1.47921021e+02,
    9.99211884e+01, 1.49288406e+02, 1.10456650e+02, 1.50804428e+02,
    1.21153343e+02, 1.52332718e+02, 1.31764008e+02, 1.53857162e+02,
    7.47977066e+01, 1.54977570e+02, 8.52884521e+01, 1.56431732e+02,
    9.59569931e+01, 1.57984344e+02, 1.06713051e+02, 1.59482910e+02,
    1.17481316e+02, 1.61070190e+02, 1.28290710e+02, 1.62421677e+02,
    7.05152435e+01, 1.63866592e+02, 8.11538467e+01, 1.65306442e+02,
    9.20712051e+01, 1.66786911e+02, 1.02869263e+02, 1.68273254e+02,
    1.13812958e+02, 1.69962555e+02, 1.24815430e+02, 1.71434418e+02,
    6.61657562e+01, 1.72773453e+02, 7.69268265e+01, 1.74365250e+02,
    8.80318985e+01, 1.75789612e+02, 9.88796234e+01, 1.77499847e+02,
    1.10067673e+02, 1.79124741e+02, 1.21245461e+02, 1.80727539e+02,
    6.15728683e+01, 1.82309174e+02, 7.26951828e+01, 1.83677856e+02,
    8.36638794e+01, 1.85343674e+02, 9.48281631e+01, 1.87038559e+02,
    1.06169075e+02, 1.88554901e+02, 1.17411720e+02, 1.90242004e+02 ]
