%YAML:1.0
---
points: [ 1.30250208e+03, 4.03420135e+02, 1.30919055e+03, 4.40658356e+02,
    1.31549329e+03, 4.75812622e+02, 1.32134729e+03, 5.09163391e+02,
    1.32697998e+03, 5.40799622e+02, 1.33241235e+03, 5.70687012e+02,
    1.26025537e+03, 4.27836670e+02, 1.26809326e+03, 4.64437897e+02,
    1.27542432e+03, 4.99230560e+02, 1.28242908e+03, 5.31917175e+02,
    1.28902515e+03, 5.62901001e+02, 1.29542102e+03, 5.92459412e+02,
    1.21733313e+03, 4.52716003e+02, 1.22642175e+03, 4.88637756e+02,
    1.23482898e+03, 5.22773804e+02, 1.24320471e+03, 5.54798157e+02,
    1.25076697e+03, 5.85542236e+02, 1.25836157e+03, 6.14401794e+02,
    1.17455798e+03, 4.77468018e+02, 1.18491174e+03, 5.12730713e+02,
    1.19454224e+03, 5.46194275e+02, 1.20369543e+03, 5.77718384e+02,
    1.21259668e+03, 6.07753052e+02, 1.22115137e+03, 6.36150940e+02,
    1.13177893e+03, 5.02421082e+02, 1.14322644e+03, 5.36994690e+02,
    1.15421240e+03, 5.69865662e+02, 1.16444250e+03, 6.00756653e+02,
    1.17434863e+03, 6.30143738e+02, 1.18361951e+03, 6.57987488e+02,
    1.08856018e+03, 5.27286194e+02, 1.10132617e+03, 5.61350159e+02,
    1.11361926e+03, 5.93554688e+02, 1.12482324e+03, 6.23884033e+02,
    1.13572961e+03, 6.52747253e+02, 1.14630554e+03, 6.80261780e+02,
    1.04527502e+03, 5.52365051e+02, 1.05932263e+03, 5.85675842e+02,
    1.07268469e+03, 6.17393982e+02, 1.08520911e+03, 6.47089539e+02,
    1.09726147e+03, 6.75441956e+02, 1.10863184e+03, 7.02341248e+02,
    1.00150751e+03, 5.77626221e+02, 1.01696124e+03, 6.10380310e+02,
    1.03146008e+03, 6.41372070e+02, 1.04533289e+03, 6.70502869e+02,
    1.05827808e+03, 6.98304016e+02, 1.07065503e+03, 7.24741150e+02 ]
