%YAML:1.0
---
points: [ 1.41166162e+03, 2.03539108e+02, 1.43214209e+03, 2.03988251e+02,
    1.45244690e+03, 2.04406921e+02, 1.47252649e+03, 2.04770020e+02,
    1.49276501e+03, 2.05247467e+02, 1.51295190e+03, 2.05763382e+02,
    1.41112378e+03, 2.23842178e+02, 1.43136804e+03, 2.24272797e+02,
    1.45158618e+03, 2.24619156e+02, 1.47186377e+03, 2.24945496e+02,
    1.49208228e+03, 2.25478516e+02, 1.51243787e+03, 2.25969772e+02,
    1.41042725e+03, 2.44369644e+02, 1.43060889e+03, 2.44699371e+02,
    1.45087866e+03, 2.45022141e+02, 1.47123218e+03, 2.45457733e+02,
    1.49153247e+03, 2.45768387e+02, 1.51173022e+03, 2.46344925e+02,
    1.40958484e+03, 2.64685760e+02, 1.42976404e+03, 2.65117859e+02,
    1.45021533e+03, 2.65418732e+02, 1.47049097e+03, 2.65742432e+02,
    1.49084253e+03, 2.66277954e+02, 1.51117993e+03, 2.66555664e+02,
    1.40888489e+03, 2.85039215e+02, 1.42918311e+03, 2.85428650e+02,
    1.44957520e+03, 2.85696838e+02, 1.46983789e+03, 2.86224396e+02,
    1.49024561e+03, 2.86531891e+02, 1.51040894e+03, 2.86849640e+02,
    1.40814746e+03, 3.05302338e+02, 1.42854321e+03, 3.05593689e+02,
    1.44888635e+03, 3.06074280e+02, 1.46928394e+03, 3.06502136e+02,
    1.48951331e+03, 3.06885986e+02, 1.50973694e+03, 3.07239197e+02,
    1.40748828e+03, 3.25460754e+02, 1.42786243e+03, 3.25790985e+02,
    1.44827515e+03, 3.26164795e+02, 1.46847522e+03, 3.26657410e+02,
    1.48875574e+03, 3.27116180e+02, 1.50906555e+03, 3.27496368e+02,
    1.40671350e+03, 3.45749969e+02, 1.42729492e+03, 3.46074127e+02,
    1.44760083e+03, 3.46452576e+02, 1.46779480e+03, 3.46839813e+02,
    1.48807776e+03, 3.47402740e+02, 1.50834473e+03, 3.47709961e+02 ]
