%YAML:1.0
---
points: [ 4.00910675e+02, 1.68925476e+02, 4.02402649e+02, 1.81674500e+02,
    4.03742889e+02, 1.93451843e+02, 4.05137970e+02, 2.04984131e+02,
    4.06462494e+02, 2.15595627e+02, 4.07863220e+02, 2.25766129e+02,
    3.86668915e+02, 1.77186325e+02, 3.88452942e+02, 1.89674789e+02,
    3.90364502e+02, 2.01458969e+02, 3.92123108e+02, 2.12586670e+02,
    3.93770691e+02, 2.23234039e+02, 3.95179047e+02, 2.33224915e+02,
    3.71952484e+02, 1.85662079e+02, 3.74457306e+02, 1.97872971e+02,
    3.76725891e+02, 2.09458099e+02, 3.78841217e+02, 2.20475342e+02,
    3.80802765e+02, 2.30921555e+02, 3.82835846e+02, 2.40681305e+02,
    3.57641937e+02, 1.94081543e+02, 3.60307678e+02, 2.06167419e+02,
    3.62929047e+02, 2.17521866e+02, 3.65489136e+02, 2.28190140e+02,
    3.67873566e+02, 2.38470703e+02, 3.70081970e+02, 2.48115936e+02,
    3.42854675e+02, 2.02544220e+02, 3.46202271e+02, 2.14385834e+02,
    3.49247467e+02, 2.25548004e+02, 3.52133942e+02, 2.36076614e+02,
    3.54814514e+02, 2.46049240e+02, 3.57535370e+02, 2.55593842e+02,
    3.28317352e+02, 2.11062088e+02, 3.31852844e+02, 2.22736603e+02,
    3.35452362e+02, 2.33568192e+02, 3.38684235e+02, 2.43927628e+02,
    3.41777802e+02, 2.53758408e+02, 3.44747101e+02, 2.63067291e+02,
    3.13595642e+02, 2.19539062e+02, 3.17671875e+02, 2.30938919e+02,
    3.21557037e+02, 2.41649094e+02, 3.25217468e+02, 2.51780060e+02,
    3.28667084e+02, 2.61421692e+02, 3.32001740e+02, 2.70549225e+02,
    2.98785889e+02, 2.28079712e+02, 3.03245056e+02, 2.39258926e+02,
    3.07622650e+02, 2.49761948e+02, 3.11636993e+02, 2.59729431e+02,
    3.15460297e+02, 2.69180054e+02, 3.19111145e+02, 2.78149109e+02 ]
