%YAML:1.0
---
points: [ 1.35898291e+03, 3.75495331e+02, 1.38471790e+03, 4.00572784e+02,
    1.41025745e+03, 4.25385620e+02, 1.43532263e+03, 4.49834045e+02,
    1.46032568e+03, 4.74005890e+02, 1.48487329e+03, 4.98192322e+02,
    1.33723303e+03, 4.03568146e+02, 1.36320190e+03, 4.28546051e+02,
    1.38893457e+03, 4.53288788e+02, 1.41446777e+03, 4.77766266e+02,
    1.43958948e+03, 5.02030884e+02, 1.46446350e+03, 5.26001770e+02,
    1.31510254e+03, 4.32167358e+02, 1.34132324e+03, 4.57110168e+02,
    1.36737268e+03, 4.81716156e+02, 1.39322534e+03, 5.06150452e+02,
    1.41858557e+03, 5.30361938e+02, 1.44379895e+03, 5.54328491e+02,
    1.29287854e+03, 4.60784821e+02, 1.31942212e+03, 4.85610687e+02,
    1.34563977e+03, 5.10339417e+02, 1.37159363e+03, 5.34610168e+02,
    1.39747437e+03, 5.58858643e+02, 1.42286462e+03, 5.82675781e+02,
    1.27059900e+03, 4.89647247e+02, 1.29729822e+03, 5.14589600e+02,
    1.32378870e+03, 5.39172607e+02, 1.35001282e+03, 5.63578247e+02,
    1.37594519e+03, 5.87656494e+02, 1.40170764e+03, 6.11525513e+02,
    1.24791272e+03, 5.18959717e+02, 1.27490063e+03, 5.43708008e+02,
    1.30169031e+03, 5.68425964e+02, 1.32816626e+03, 5.92664551e+02,
    1.35441748e+03, 6.16832642e+02, 1.38046582e+03, 6.40674011e+02,
    1.22517664e+03, 5.48391357e+02, 1.25237256e+03, 5.73304382e+02,
    1.27949536e+03, 5.97697144e+02, 1.30612610e+03, 6.22086548e+02,
    1.33266553e+03, 6.46139160e+02, 1.35891577e+03, 6.69912476e+02,
    1.20212048e+03, 5.78359863e+02, 1.22961768e+03, 6.02980591e+02,
    1.25687915e+03, 6.27535583e+02, 1.28381506e+03, 6.51783569e+02,
    1.31060901e+03, 6.75790100e+02, 1.33722461e+03, 6.99657837e+02 ]
