%YAML:1.0
---
points: [ 4.09413269e+02, 1.83824463e+02, 4.27430481e+02, 1.83225021e+02,
    4.45136414e+02, 1.82670441e+02, 4.62712067e+02, 1.82064590e+02,
    4.79956909e+02, 1.81609283e+02, 4.96833374e+02, 1.80870346e+02,
    4.10146301e+02, 2.01026505e+02, 4.27958038e+02, 2.00550964e+02,
    4.45702972e+02, 1.99916306e+02, 4.63282928e+02, 1.99495041e+02,
    4.80457062e+02, 1.98777435e+02, 4.97514709e+02, 1.98641541e+02,
    4.10449707e+02, 2.18557922e+02, 4.28526398e+02, 2.18036331e+02,
    4.46231293e+02, 2.17559616e+02, 4.63835266e+02, 2.16875397e+02,
    4.81134460e+02, 2.16529556e+02, 4.98063873e+02, 2.15768051e+02,
    4.11126221e+02, 2.35662567e+02, 4.29045929e+02, 2.35477142e+02,
    4.46699371e+02, 2.34793884e+02, 4.64237854e+02, 2.34477142e+02,
    4.81506104e+02, 2.33724121e+02, 4.98418213e+02, 2.33421448e+02,
    4.11585205e+02, 2.53135193e+02, 4.29505798e+02, 2.52815155e+02,
    4.47276611e+02, 2.52311188e+02, 4.64689453e+02, 2.51753540e+02,
    4.81885559e+02, 2.51329285e+02, 4.98629578e+02, 2.50541489e+02,
    4.12183990e+02, 2.70477112e+02, 4.30000946e+02, 2.70081512e+02,
    4.47605164e+02, 2.69700806e+02, 4.65017914e+02, 2.69217438e+02,
    4.82249847e+02, 2.68578674e+02, 4.98941986e+02, 2.67989014e+02,
    4.12620361e+02, 2.87923126e+02, 4.30394562e+02, 2.87540283e+02,
    4.47867554e+02, 2.86955872e+02, 4.65328918e+02, 2.86522827e+02,
    4.82341187e+02, 2.85941254e+02, 4.98901245e+02, 2.84943512e+02,
    4.13140839e+02, 3.05091034e+02, 4.30735229e+02, 3.04764496e+02,
    4.48211121e+02, 3.04329468e+02, 4.65417999e+02, 3.03813202e+02,
    4.82348907e+02, 3.02991241e+02, 4.98982483e+02, 3.02467499e+02 ]
