%YAML:1.0
---
points: [ 4.13757812e+02, 1.59491135e+02, 4.22286438e+02, 1.68054016e+02,
    4.30570953e+02, 1.76502655e+02, 4.38893524e+02, 1.84834732e+02,
    4.46882111e+02, 1.93059265e+02, 4.54974335e+02, 2.01161423e+02,
    4.06608246e+02, 1.69001114e+02, 4.15228119e+02, 1.77497070e+02,
    4.23751984e+02, 1.85869690e+02, 4.32048798e+02, 1.94207901e+02,
    4.40406250e+02, 2.02448883e+02, 4.48331482e+02, 2.10614273e+02,
    3.99294678e+02, 1.78659210e+02, 4.08015015e+02, 1.87152359e+02,
    4.16645752e+02, 1.95554504e+02, 4.25194824e+02, 2.03864868e+02,
    4.33454132e+02, 2.12182205e+02, 4.41760345e+02, 2.20163666e+02,
    3.91886292e+02, 1.88338531e+02, 4.00764160e+02, 1.96903519e+02,
    4.09408722e+02, 2.05221512e+02, 4.18025024e+02, 2.13551178e+02,
    4.26584686e+02, 2.21727020e+02, 4.34772766e+02, 2.29865402e+02,
    3.84389709e+02, 1.98279465e+02, 3.93334137e+02, 2.06670654e+02,
    4.02163666e+02, 2.15117218e+02, 4.10886566e+02, 2.23313049e+02,
    4.19452515e+02, 2.31630692e+02, 4.27971863e+02, 2.39589294e+02,
    3.76813599e+02, 2.08137939e+02, 3.85841583e+02, 2.16707611e+02,
    3.94827393e+02, 2.24982040e+02, 4.03577148e+02, 2.33342194e+02,
    4.12337616e+02, 2.41402740e+02, 4.20891602e+02, 2.49556396e+02,
    3.69053406e+02, 2.18274368e+02, 3.78272858e+02, 2.26686920e+02,
    3.87293213e+02, 2.35047394e+02, 3.96269714e+02, 2.43247986e+02,
    4.05060150e+02, 2.51433655e+02, 4.13764130e+02, 2.59455109e+02,
    3.61361115e+02, 2.28444977e+02, 3.70588013e+02, 2.36838135e+02,
    3.79803680e+02, 2.45190521e+02, 3.88780518e+02, 2.53409286e+02,
    3.97729279e+02, 2.61439087e+02, 4.06469330e+02, 2.69599640e+02 ]
