%YAML:1.0
---
points: [ 1.47534656e+03, 2.03024719e+02, 1.49559033e+03, 2.02579163e+02,
    1.51583582e+03, 2.02171677e+02, 1.53584363e+03, 2.01720795e+02,
    1.55595239e+03, 2.01415039e+02, 1.57591296e+03, 2.01130768e+02,
    1.47552478e+03, 2.23281357e+02, 1.49576611e+03, 2.22804810e+02,
    1.51604285e+03, 2.22451096e+02, 1.53627661e+03, 2.21948853e+02,
    1.55626599e+03, 2.21621078e+02, 1.57631775e+03, 2.21316879e+02,
    1.47570190e+03, 2.43607895e+02, 1.49599695e+03, 2.43280884e+02,
    1.51632288e+03, 2.42680328e+02, 1.53650781e+03, 2.42309494e+02,
    1.55655188e+03, 2.41823471e+02, 1.57656653e+03, 2.41483215e+02,
    1.47592395e+03, 2.63976166e+02, 1.49631519e+03, 2.63438416e+02,
    1.51653687e+03, 2.62937775e+02, 1.53665454e+03, 2.62484406e+02,
    1.55686536e+03, 2.62122894e+02, 1.57680823e+03, 2.61699738e+02,
    1.47623669e+03, 2.84241608e+02, 1.49647791e+03, 2.83644226e+02,
    1.51675085e+03, 2.83328705e+02, 1.53690906e+03, 2.82845306e+02,
    1.55722949e+03, 2.82430603e+02, 1.57713403e+03, 2.82040253e+02,
    1.47639111e+03, 3.04487518e+02, 1.49673108e+03, 3.04048645e+02,
    1.51693945e+03, 3.03625580e+02, 1.53721863e+03, 3.03233826e+02,
    1.55738489e+03, 3.02700653e+02, 1.57741821e+03, 3.02358612e+02,
    1.47654993e+03, 3.24682861e+02, 1.49678223e+03, 3.24322845e+02,
    1.51711902e+03, 3.23732819e+02, 1.53738440e+03, 3.23427368e+02,
    1.55758484e+03, 3.22935028e+02, 1.57759668e+03, 3.22565613e+02,
    1.47669226e+03, 3.45153015e+02, 1.49700061e+03, 3.44557251e+02,
    1.51733472e+03, 3.44215698e+02, 1.53750659e+03, 3.43688232e+02,
    1.55770203e+03, 3.43307251e+02, 1.57787146e+03, 3.42742340e+02 ]
