%YAML:1.0
---
points: [ 4.09190369e+02, 1.88468658e+02, 4.26622467e+02, 1.88482773e+02,
    4.44192474e+02, 1.88763046e+02, 4.61242615e+02, 1.88775620e+02,
    4.78009216e+02, 1.89040695e+02, 4.94545258e+02, 1.89203323e+02,
    4.09050110e+02, 2.05697998e+02, 4.26653259e+02, 2.05899399e+02,
    4.44061676e+02, 2.05991974e+02, 4.61298065e+02, 2.06317902e+02,
    4.78157379e+02, 2.06463394e+02, 4.94567017e+02, 2.06781906e+02,
    4.08888428e+02, 2.23446045e+02, 4.26492554e+02, 2.23629120e+02,
    4.43974335e+02, 2.23724182e+02, 4.61212280e+02, 2.23755203e+02,
    4.77993439e+02, 2.23837799e+02, 4.94529358e+02, 2.23818024e+02,
    4.08838959e+02, 2.40883102e+02, 4.26516235e+02, 2.40970352e+02,
    4.43811127e+02, 2.41000214e+02, 4.61035248e+02, 2.41342590e+02,
    4.77868835e+02, 2.41253510e+02, 4.94384644e+02, 2.41414001e+02,
    4.08772278e+02, 2.58587738e+02, 4.26313080e+02, 2.58509277e+02,
    4.43652588e+02, 2.58781281e+02, 4.60996429e+02, 2.58728973e+02,
    4.77645020e+02, 2.58760315e+02, 4.94077942e+02, 2.58569733e+02,
    4.08599182e+02, 2.75879883e+02, 4.26338287e+02, 2.75910675e+02,
    4.43543732e+02, 2.76082520e+02, 4.60503754e+02, 2.76140778e+02,
    4.77409637e+02, 2.75968597e+02, 4.93598541e+02, 2.76018341e+02,
    4.08463623e+02, 2.93479706e+02, 4.26075409e+02, 2.93568390e+02,
    4.43319641e+02, 2.93584930e+02, 4.60355255e+02, 2.93486938e+02,
    4.77029053e+02, 2.93368317e+02, 4.93038971e+02, 2.92828491e+02,
    4.08319397e+02, 3.10842712e+02, 4.25786987e+02, 3.11042084e+02,
    4.43045654e+02, 3.10964203e+02, 4.59953094e+02, 3.10864594e+02,
    4.76542053e+02, 3.10582092e+02, 4.92387939e+02, 3.10397766e+02 ]
