%YAML:1.0
---
points: [ 1.47148853e+03, 3.99853638e+02, 1.49177161e+03, 3.98698456e+02,
    1.51206787e+03, 3.97710297e+02, 1.53226685e+03, 3.96716644e+02,
    1.55246838e+03, 3.95739227e+02, 1.57251306e+03, 3.94586823e+02,
    1.47247107e+03, 4.19942139e+02, 1.49252100e+03, 4.18914124e+02,
    1.51278345e+03, 4.18000458e+02, 1.53306567e+03, 4.16794708e+02,
    1.55330469e+03, 4.15793915e+02, 1.57342981e+03, 4.14738068e+02,
    1.47339099e+03, 4.40257355e+02, 1.49350708e+03, 4.39321747e+02,
    1.51364783e+03, 4.38288483e+02, 1.53376978e+03, 4.37263062e+02,
    1.55407178e+03, 4.36077728e+02, 1.57425208e+03, 4.34952118e+02,
    1.47426587e+03, 4.60411743e+02, 1.49444104e+03, 4.59425873e+02,
    1.51455762e+03, 4.58407471e+02, 1.53460938e+03, 4.57175323e+02,
    1.55478833e+03, 4.56247101e+02, 1.57498450e+03, 4.55206573e+02,
    1.47512610e+03, 4.80603882e+02, 1.49529614e+03, 4.79504303e+02,
    1.51546008e+03, 4.78402100e+02, 1.53546729e+03, 4.77446136e+02,
    1.55563904e+03, 4.76442841e+02, 1.57570105e+03, 4.75434265e+02,
    1.47578577e+03, 5.00661530e+02, 1.49621790e+03, 4.99584869e+02,
    1.51641187e+03, 4.98554199e+02, 1.53649988e+03, 4.97492859e+02,
    1.55651672e+03, 4.96575775e+02, 1.57654431e+03, 4.95475006e+02,
    1.47661926e+03, 5.20727661e+02, 1.49678357e+03, 5.19660767e+02,
    1.51718555e+03, 5.18618835e+02, 1.53730737e+03, 5.17605652e+02,
    1.55749072e+03, 5.16644165e+02, 1.57746375e+03, 5.15516602e+02,
    1.47753320e+03, 5.40813477e+02, 1.49770251e+03, 5.39876770e+02,
    1.51788367e+03, 5.38941772e+02, 1.53815564e+03, 5.37791809e+02,
    1.55824817e+03, 5.36667358e+02, 1.57839160e+03, 5.35617310e+02 ]
