%YAML:1.0
---
points: [ 1.39796057e+03, 1.99368515e+02, 1.42033850e+03, 2.24105759e+02,
    1.44289819e+03, 2.49070496e+02, 1.46567334e+03, 2.73970795e+02,
    1.48854993e+03, 2.99281067e+02, 1.51149963e+03, 3.24513977e+02,
    1.37383142e+03, 2.21037628e+02, 1.39571912e+03, 2.45309998e+02,
    1.41769470e+03, 2.69577423e+02, 1.43978479e+03, 2.94150940e+02,
    1.46195337e+03, 3.18600067e+02, 1.48445374e+03, 3.43345428e+02,
    1.35077917e+03, 2.42060303e+02, 1.37204407e+03, 2.65560089e+02,
    1.39353528e+03, 2.89399200e+02, 1.41482605e+03, 3.13285980e+02,
    1.43661877e+03, 3.37253296e+02, 1.45833093e+03, 3.61384430e+02,
    1.32904480e+03, 2.61741333e+02, 1.34968274e+03, 2.84874268e+02,
    1.37059631e+03, 3.08094940e+02, 1.39148254e+03, 3.31476013e+02,
    1.41263782e+03, 3.54801880e+02, 1.43374048e+03, 3.78463135e+02,
    1.30818140e+03, 2.80687531e+02, 1.32840967e+03, 3.03243439e+02,
    1.34860315e+03, 3.26058716e+02, 1.36894080e+03, 3.48720917e+02,
    1.38957092e+03, 3.71624084e+02, 1.41016406e+03, 3.94620667e+02,
    1.28834680e+03, 2.98620331e+02, 1.30799634e+03, 3.20756409e+02,
    1.32772327e+03, 3.42942657e+02, 1.34766870e+03, 3.65244659e+02,
    1.36764014e+03, 3.87619751e+02, 1.38776575e+03, 4.10218597e+02,
    1.26941064e+03, 3.15833893e+02, 1.28855823e+03, 3.37389282e+02,
    1.30785449e+03, 3.59199646e+02, 1.32734778e+03, 3.80939575e+02,
    1.34680505e+03, 4.02871033e+02, 1.36646594e+03, 4.24827454e+02,
    1.25131787e+03, 3.32277496e+02, 1.27002271e+03, 3.53439209e+02,
    1.28878381e+03, 3.74642273e+02, 1.30780225e+03, 3.95987457e+02,
    1.32682288e+03, 4.17413483e+02, 1.34602783e+03, 4.39035156e+02 ]
