%YAML:1.0
---
points: [ 4.23743408e+02, 1.00419029e+02, 4.31381348e+02, 1.08793495e+02,
    4.38916687e+02, 1.17255363e+02, 4.46606598e+02, 1.25743774e+02,
    4.54094360e+02, 1.34254669e+02, 4.61746124e+02, 1.42884506e+02,
    4.15630585e+02, 1.07560768e+02, 4.22931610e+02, 1.15719933e+02,
    4.30426208e+02, 1.24033981e+02, 4.37740295e+02, 1.32280991e+02,
    4.45255066e+02, 1.40638031e+02, 4.52590881e+02, 1.49060028e+02,
    4.07669525e+02, 1.14463913e+02, 4.14940247e+02, 1.22408195e+02,
    4.22101471e+02, 1.30455200e+02, 4.29388489e+02, 1.38642227e+02,
    4.36581635e+02, 1.46777130e+02, 4.43886414e+02, 1.55018204e+02,
    4.00154877e+02, 1.20934578e+02, 4.07077057e+02, 1.28861633e+02,
    4.14307190e+02, 1.36706284e+02, 4.21244385e+02, 1.44676514e+02,
    4.28400482e+02, 1.52627090e+02, 4.35422882e+02, 1.60652863e+02,
    3.92825317e+02, 1.27341537e+02, 3.99753937e+02, 1.34949127e+02,
    4.06587982e+02, 1.42687927e+02, 4.13567474e+02, 1.50404053e+02,
    4.20440338e+02, 1.58222839e+02, 4.27386810e+02, 1.66110733e+02,
    3.85869812e+02, 1.33371811e+02, 3.92635620e+02, 1.40846588e+02,
    3.99315887e+02, 1.48432877e+02, 4.05999603e+02, 1.56037979e+02,
    4.12877594e+02, 1.63596115e+02, 4.19597870e+02, 1.71253601e+02,
    3.79207672e+02, 1.39166016e+02, 3.85737366e+02, 1.46456680e+02,
    3.92355072e+02, 1.53898209e+02, 3.98908783e+02, 1.61236389e+02,
    4.05546692e+02, 1.68771606e+02, 4.12224915e+02, 1.76189972e+02,
    3.72744995e+02, 1.44722275e+02, 3.79160217e+02, 1.51926987e+02,
    3.85636658e+02, 1.59106369e+02, 3.92044525e+02, 1.66372818e+02,
    3.98567627e+02, 1.73658234e+02, 4.05018219e+02, 1.81073242e+02 ]
