%YAML:1.0
---
points: [ 3.80256165e+02, 2.12840179e+02, 3.96264679e+02, 2.12550430e+02,
    4.12158112e+02, 2.12049332e+02, 4.28286804e+02, 2.11740051e+02,
    4.44441711e+02, 2.11599060e+02, 4.60435425e+02, 2.10950119e+02,
    3.82821686e+02, 2.24844467e+02, 3.99139404e+02, 2.24553894e+02,
    4.15618744e+02, 2.24353470e+02, 4.32052460e+02, 2.24023315e+02,
    4.48637543e+02, 2.23694107e+02, 4.65019501e+02, 2.23470276e+02,
    3.85427185e+02, 2.37663528e+02, 4.02266357e+02, 2.37386093e+02,
    4.19136139e+02, 2.37256790e+02, 4.36036316e+02, 2.36740417e+02,
    4.52986298e+02, 2.36645233e+02, 4.69763702e+02, 2.36270035e+02,
    3.88406738e+02, 2.51173096e+02, 4.05530853e+02, 2.50850479e+02,
    4.22876526e+02, 2.50715042e+02, 4.40301575e+02, 2.50667252e+02,
    4.57628143e+02, 2.50230469e+02, 4.74723145e+02, 2.49952942e+02,
    3.91272858e+02, 2.65221985e+02, 4.09036224e+02, 2.65209656e+02,
    4.26822266e+02, 2.64992004e+02, 4.44655273e+02, 2.64922058e+02,
    4.62417297e+02, 2.64737579e+02, 4.79874146e+02, 2.64303894e+02,
    3.94497650e+02, 2.80360077e+02, 4.12744385e+02, 2.80528137e+02,
    4.31098755e+02, 2.80296875e+02, 4.49239532e+02, 2.80206421e+02,
    4.67331390e+02, 2.79848419e+02, 4.85323029e+02, 2.79754517e+02,
    3.97770355e+02, 2.96492645e+02, 4.16554840e+02, 2.96565979e+02,
    4.35382751e+02, 2.96559814e+02, 4.53965607e+02, 2.96252686e+02,
    4.72533112e+02, 2.95995789e+02, 4.90557495e+02, 2.95491486e+02,
    4.01146454e+02, 3.13604950e+02, 4.20504059e+02, 3.13836548e+02,
    4.39817017e+02, 3.13582916e+02, 4.58914917e+02, 3.13530670e+02,
    4.77697876e+02, 3.12855591e+02, 4.96188141e+02, 3.12752625e+02 ]
