%YAML:1.0
---
points: [ 4.38124634e+02, 1.75212097e+02, 4.47523804e+02, 1.82363052e+02,
    4.56955933e+02, 1.89794144e+02, 4.66888885e+02, 1.97413391e+02,
    4.76729095e+02, 2.05229797e+02, 4.86936127e+02, 2.13183640e+02,
    4.29584320e+02, 1.83575714e+02, 4.38751923e+02, 1.90777191e+02,
    4.48334503e+02, 1.98256683e+02, 4.57885132e+02, 2.05943268e+02,
    4.67830444e+02, 2.13810715e+02, 4.77665375e+02, 2.22034073e+02,
    4.20882904e+02, 1.91799545e+02, 4.30072357e+02, 1.99150467e+02,
    4.39375488e+02, 2.06724457e+02, 4.49000275e+02, 2.14458786e+02,
    4.58696655e+02, 2.22483856e+02, 4.68729645e+02, 2.30689041e+02,
    4.12482178e+02, 2.00068344e+02, 4.21329681e+02, 2.07414093e+02,
    4.30631165e+02, 2.15035873e+02, 4.39991577e+02, 2.22942108e+02,
    4.49739441e+02, 2.31060089e+02, 4.59435059e+02, 2.39313889e+02,
    4.03847900e+02, 2.08183670e+02, 4.12847656e+02, 2.15651520e+02,
    4.21823639e+02, 2.23362854e+02, 4.31234528e+02, 2.31287262e+02,
    4.40700195e+02, 2.39394821e+02, 4.50470490e+02, 2.47838623e+02,
    3.95629272e+02, 2.16139175e+02, 4.04224976e+02, 2.23740479e+02,
    4.13214203e+02, 2.31588882e+02, 4.22292999e+02, 2.39551117e+02,
    4.31766205e+02, 2.47832230e+02, 4.41345428e+02, 2.56279602e+02,
    3.87248840e+02, 2.24078583e+02, 3.95829437e+02, 2.31734100e+02,
    4.04573456e+02, 2.39633240e+02, 4.13637695e+02, 2.47738480e+02,
    4.22817017e+02, 2.56009430e+02, 4.32323822e+02, 2.64613098e+02,
    3.79034149e+02, 2.31935699e+02, 3.87389252e+02, 2.39715485e+02,
    3.96089630e+02, 2.47643051e+02, 4.04903778e+02, 2.55744186e+02,
    4.13985291e+02, 2.64223877e+02, 4.23242340e+02, 2.72822968e+02 ]
