%YAML:1.0
---
points: [ 1.51788049e+03, 4.08316101e+02, 1.54603650e+03, 4.02084076e+02,
    1.57486511e+03, 3.95457733e+02, 1.60416479e+03, 3.88653992e+02,
    1.63413135e+03, 3.81779358e+02, 1.66449939e+03, 3.74779633e+02,
    1.52322961e+03, 4.32078125e+02, 1.55151660e+03, 4.25679871e+02,
    1.58057947e+03, 4.19436188e+02, 1.61018774e+03, 4.13043976e+02,
    1.64027844e+03, 4.06474609e+02, 1.67080933e+03, 3.99603638e+02,
    1.52849194e+03, 4.55890198e+02, 1.55737683e+03, 4.50143921e+02,
    1.58653455e+03, 4.44151031e+02, 1.61635229e+03, 4.37690338e+02,
    1.64641382e+03, 4.31352661e+02, 1.67722900e+03, 4.24980957e+02,
    1.53399951e+03, 4.80357330e+02, 1.56296533e+03, 4.74613953e+02,
    1.59228809e+03, 4.68773926e+02, 1.62229333e+03, 4.62603394e+02,
    1.65289099e+03, 4.56582092e+02, 1.68376892e+03, 4.50357544e+02,
    1.53973828e+03, 5.04634125e+02, 1.56873572e+03, 4.99296448e+02,
    1.59822803e+03, 4.93479462e+02, 1.62839490e+03, 4.87856689e+02,
    1.65911633e+03, 4.81958405e+02, 1.69050195e+03, 4.76281464e+02,
    1.54528406e+03, 5.29413269e+02, 1.57461340e+03, 5.24209534e+02,
    1.60432837e+03, 5.18932251e+02, 1.63477161e+03, 5.13453857e+02,
    1.66569690e+03, 5.07974518e+02, 1.69720825e+03, 5.02268158e+02,
    1.55104480e+03, 5.54388123e+02, 1.58039099e+03, 5.49476562e+02,
    1.61044238e+03, 5.44405579e+02, 1.64091296e+03, 5.39346619e+02,
    1.67217957e+03, 5.33875854e+02, 1.70378210e+03, 5.28485352e+02,
    1.55684839e+03, 5.79622620e+02, 1.58645178e+03, 5.74948364e+02,
    1.61665210e+03, 5.70267578e+02, 1.64727966e+03, 5.65315063e+02,
    1.67869092e+03, 5.60277222e+02, 1.71058008e+03, 5.55060547e+02 ]
