%YAML:1.0
---
points: [ 1.43805188e+03, 4.21519562e+02, 1.46555212e+03, 4.42658356e+02,
    1.49425024e+03, 4.64288391e+02, 1.52352173e+03, 4.86711823e+02,
    1.55381372e+03, 5.09800903e+02, 1.58499194e+03, 5.33744385e+02,
    1.41209448e+03, 4.46171600e+02, 1.43940356e+03, 4.67467865e+02,
    1.46740344e+03, 4.89492981e+02, 1.49629651e+03, 5.12053589e+02,
    1.52590894e+03, 5.35607361e+02, 1.55665161e+03, 5.59738220e+02,
    1.38658704e+03, 4.70746765e+02, 1.41304309e+03, 4.92323486e+02,
    1.44070947e+03, 5.14577209e+02, 1.46882031e+03, 5.37455139e+02,
    1.49832825e+03, 5.61192078e+02, 1.52822876e+03, 5.85593750e+02,
    1.36130872e+03, 4.94875305e+02, 1.38736035e+03, 5.16631042e+02,
    1.41428491e+03, 5.39334412e+02, 1.44217480e+03, 5.62368469e+02,
    1.47082166e+03, 5.86344116e+02, 1.50041028e+03, 6.10962341e+02,
    1.33626013e+03, 5.18690063e+02, 1.36189233e+03, 5.40810974e+02,
    1.38847375e+03, 5.63445129e+02, 1.41552307e+03, 5.86904175e+02,
    1.44366931e+03, 6.11066101e+02, 1.47256824e+03, 6.36187012e+02,
    1.31168555e+03, 5.42469299e+02, 1.33676831e+03, 5.64572449e+02,
    1.36257898e+03, 5.87622131e+02, 1.38941113e+03, 6.11236938e+02,
    1.41697327e+03, 6.35732483e+02, 1.44554639e+03, 6.60946350e+02,
    1.28741321e+03, 5.65676880e+02, 1.31190149e+03, 5.88177490e+02,
    1.33738660e+03, 6.11275024e+02, 1.36351343e+03, 6.35313843e+02,
    1.39060083e+03, 6.59817749e+02, 1.41850903e+03, 6.85438416e+02,
    1.26340735e+03, 5.88802307e+02, 1.28744910e+03, 6.11456238e+02,
    1.31227332e+03, 6.34853638e+02, 1.33801318e+03, 6.58951599e+02,
    1.36447290e+03, 6.83932556e+02, 1.39191309e+03, 7.09631042e+02 ]
