%YAML:1.0
---
points: [ 1.46834521e+03, 4.06255798e+02, 1.49529504e+03, 4.02783569e+02,
    1.52243738e+03, 3.99424377e+02, 1.54950525e+03, 3.96255035e+02,
    1.57669922e+03, 3.92667816e+02, 1.60378223e+03, 3.89407074e+02,
    1.47695215e+03, 4.25111542e+02, 1.50443103e+03, 4.21719635e+02,
    1.53185547e+03, 4.18385101e+02, 1.55949841e+03, 4.14867035e+02,
    1.58717004e+03, 4.11745789e+02, 1.61476440e+03, 4.08242310e+02,
    1.48625354e+03, 4.44680237e+02, 1.51389685e+03, 4.41363708e+02,
    1.54194543e+03, 4.38013947e+02, 1.56981116e+03, 4.34497803e+02,
    1.59786108e+03, 4.31112610e+02, 1.62584839e+03, 4.27852722e+02,
    1.49550220e+03, 4.64788544e+02, 1.52376099e+03, 4.61358093e+02,
    1.55198364e+03, 4.58104950e+02, 1.58049219e+03, 4.54650513e+02,
    1.60896289e+03, 4.51317871e+02, 1.63747595e+03, 4.47981262e+02,
    1.50520679e+03, 4.85498627e+02, 1.53372998e+03, 4.82211578e+02,
    1.56258191e+03, 4.78741821e+02, 1.59148218e+03, 4.75582520e+02,
    1.62037073e+03, 4.72076965e+02, 1.64916199e+03, 4.68666290e+02,
    1.51499438e+03, 5.06980469e+02, 1.54426501e+03, 5.03511383e+02,
    1.57345642e+03, 5.00296387e+02, 1.60277295e+03, 4.96941956e+02,
    1.63203430e+03, 4.93531860e+02, 1.66146057e+03, 4.90152924e+02,
    1.52529224e+03, 5.28982483e+02, 1.55474768e+03, 5.25717834e+02,
    1.58460803e+03, 5.22405151e+02, 1.61425513e+03, 5.19126770e+02,
    1.64412781e+03, 5.15585266e+02, 1.67383643e+03, 5.12393616e+02,
    1.53571326e+03, 5.51964783e+02, 1.56605835e+03, 5.48697876e+02,
    1.59605664e+03, 5.45380737e+02, 1.62620691e+03, 5.41972046e+02,
    1.65650220e+03, 5.38705139e+02, 1.68672998e+03, 5.35127563e+02 ]
