%YAML:1.0
---
points: [ 3.79619995e+02, 1.77494934e+02, 3.96328339e+02, 1.76718063e+02,
    4.13875244e+02, 1.75936920e+02, 4.32031097e+02, 1.75268250e+02,
    4.50955872e+02, 1.74591797e+02, 4.70363861e+02, 1.73606079e+02,
    3.79382660e+02, 1.93183868e+02, 3.96203491e+02, 1.92788330e+02,
    4.13595947e+02, 1.92507050e+02, 4.31740845e+02, 1.92121582e+02,
    4.50702271e+02, 1.91649719e+02, 4.70051514e+02, 1.91641129e+02,
    3.79173737e+02, 2.09055038e+02, 3.95902893e+02, 2.09114746e+02,
    4.13352600e+02, 2.09063049e+02, 4.31560181e+02, 2.09159271e+02,
    4.50526031e+02, 2.09191116e+02, 4.69723175e+02, 2.09069031e+02,
    3.78888733e+02, 2.24807571e+02, 3.95587555e+02, 2.25286835e+02,
    4.13184906e+02, 2.25700684e+02, 4.31430878e+02, 2.26089340e+02,
    4.50251038e+02, 2.26560806e+02, 4.69402679e+02, 2.27222198e+02,
    3.78587524e+02, 2.40728378e+02, 3.95376923e+02, 2.41375916e+02,
    4.13009979e+02, 2.42271698e+02, 4.31236084e+02, 2.43103394e+02,
    4.50033508e+02, 2.43934692e+02, 4.69447327e+02, 2.44019806e+02,
    3.78351898e+02, 2.56496674e+02, 3.95151398e+02, 2.57742798e+02,
    4.12624237e+02, 2.58976318e+02, 4.30911682e+02, 2.60134949e+02,
    4.49739441e+02, 2.61284912e+02, 4.69095306e+02, 2.62654083e+02,
    3.78191711e+02, 2.72391449e+02, 3.94992157e+02, 2.73847412e+02,
    4.12403076e+02, 2.75479950e+02, 4.30516388e+02, 2.77133820e+02,
    4.49418884e+02, 2.78811005e+02, 4.68724152e+02, 2.80206207e+02,
    3.78037354e+02, 2.88316986e+02, 3.94725281e+02, 2.90328552e+02,
    4.12173645e+02, 2.92213165e+02, 4.30288940e+02, 2.94103912e+02,
    4.49022400e+02, 2.96054138e+02, 4.68276581e+02, 2.98115540e+02 ]
