%YAML:1.0
---
points: [ 1.41237805e+03, 5.81439392e+02, 1.43117029e+03, 6.07382874e+02,
    1.45044080e+03, 6.34216919e+02, 1.47037341e+03, 6.61739014e+02,
    1.49099768e+03, 6.90423828e+02, 1.51200830e+03, 7.19736145e+02,
    1.38354761e+03, 5.93245605e+02, 1.40199402e+03, 6.19557739e+02,
    1.42083118e+03, 6.46437012e+02, 1.44044495e+03, 6.74347107e+02,
    1.46048206e+03, 7.03204895e+02, 1.48137134e+03, 7.33076477e+02,
    1.35455981e+03, 6.05350220e+02, 1.37253210e+03, 6.31596313e+02,
    1.39105872e+03, 6.58952698e+02, 1.41010071e+03, 6.86884033e+02,
    1.42993933e+03, 7.16206177e+02, 1.45023279e+03, 7.46139893e+02,
    1.32573804e+03, 6.17287964e+02, 1.34316565e+03, 6.43812927e+02,
    1.36126831e+03, 6.71360168e+02, 1.38000781e+03, 6.99743408e+02,
    1.39924609e+03, 7.29114685e+02, 1.41922937e+03, 7.59446655e+02,
    1.29670337e+03, 6.29306641e+02, 1.31368848e+03, 6.56036194e+02,
    1.33144458e+03, 6.83811523e+02, 1.34961035e+03, 7.12445984e+02,
    1.36847559e+03, 7.42175842e+02, 1.38781409e+03, 7.72622131e+02,
    1.26758862e+03, 6.41316040e+02, 1.28429517e+03, 6.68381958e+02,
    1.30153113e+03, 6.96294556e+02, 1.31930115e+03, 7.25342773e+02,
    1.33756848e+03, 7.55236633e+02, 1.35662549e+03, 7.86169312e+02,
    1.23855811e+03, 6.53316772e+02, 1.25474158e+03, 6.80612915e+02,
    1.27157190e+03, 7.08937195e+02, 1.28871814e+03, 7.38058228e+02,
    1.30676123e+03, 7.68310608e+02, 1.32529419e+03, 7.99427429e+02,
    1.20938220e+03, 6.65511169e+02, 1.22521411e+03, 6.93252686e+02,
    1.24142358e+03, 7.21458984e+02, 1.25833398e+03, 7.50942017e+02,
    1.27565845e+03, 7.81391357e+02, 1.29365027e+03, 8.12880249e+02 ]
