%YAML:1.0
---
points: [ 4.28726105e+02, 2.29382095e+02, 4.35084442e+02, 2.38220428e+02,
    4.41577545e+02, 2.47188187e+02, 4.48363953e+02, 2.56549591e+02,
    4.55084900e+02, 2.66037964e+02, 4.62203827e+02, 2.75933411e+02,
    4.19128540e+02, 2.33516525e+02, 4.25448883e+02, 2.42319519e+02,
    4.31933441e+02, 2.51447144e+02, 4.38513702e+02, 2.60801941e+02,
    4.45331848e+02, 2.70512848e+02, 4.52100342e+02, 2.80359894e+02,
    4.09411469e+02, 2.37536148e+02, 4.15674072e+02, 2.46565414e+02,
    4.22002167e+02, 2.55684341e+02, 4.28615540e+02, 2.65217529e+02,
    4.35127655e+02, 2.74903748e+02, 4.42062378e+02, 2.85040985e+02,
    3.99736725e+02, 2.41639420e+02, 4.05739319e+02, 2.50600037e+02,
    4.12048615e+02, 2.60066803e+02, 4.18496704e+02, 2.69473694e+02,
    4.25076111e+02, 2.79452942e+02, 4.31793274e+02, 2.89579773e+02,
    3.89867676e+02, 2.45692276e+02, 3.95875458e+02, 2.54825089e+02,
    4.01985382e+02, 2.64171753e+02, 4.08366241e+02, 2.73987427e+02,
    4.14871368e+02, 2.83873169e+02, 4.21598938e+02, 2.94116211e+02,
    3.80071686e+02, 2.49856491e+02, 3.85966614e+02, 2.59028015e+02,
    3.91975677e+02, 2.68419373e+02, 3.98157654e+02, 2.78268372e+02,
    4.04558594e+02, 2.88348206e+02, 4.11086090e+02, 2.98690674e+02,
    3.70263397e+02, 2.53938599e+02, 3.75910492e+02, 2.63199493e+02,
    3.81887421e+02, 2.72804993e+02, 3.87929962e+02, 2.82604614e+02,
    3.94109802e+02, 2.92756531e+02, 4.00602844e+02, 3.03383362e+02,
    3.60308868e+02, 2.58055908e+02, 3.65908447e+02, 2.67398834e+02,
    3.71666138e+02, 2.77076508e+02, 3.77628357e+02, 2.87051178e+02,
    3.83681732e+02, 2.97352722e+02, 3.89953247e+02, 3.07893616e+02 ]
