%YAML:1.0
---
points: [ 3.87875854e+02, 1.71355759e+02, 4.05364197e+02, 1.70954666e+02,
    4.23325104e+02, 1.70643341e+02, 4.42138458e+02, 1.70440018e+02,
    4.61340820e+02, 1.70116730e+02, 4.81188538e+02, 1.69745163e+02,
    3.87247162e+02, 1.87432587e+02, 4.04625336e+02, 1.87585236e+02,
    4.22687286e+02, 1.87496475e+02, 4.41378754e+02, 1.88013199e+02,
    4.60709808e+02, 1.87658997e+02, 4.80567261e+02, 1.87857544e+02,
    3.86552002e+02, 2.03623932e+02, 4.03992920e+02, 2.04104965e+02,
    4.22208435e+02, 2.04669052e+02, 4.41832336e+02, 2.01478714e+02,
    4.60240417e+02, 2.04570633e+02, 4.79890839e+02, 2.05821121e+02,
    3.86034393e+02, 2.19882675e+02, 4.03348114e+02, 2.20573303e+02,
    4.21216003e+02, 2.21282059e+02, 4.40258850e+02, 2.22172958e+02,
    4.59278046e+02, 2.23317795e+02, 4.78922028e+02, 2.23800949e+02,
    3.85302704e+02, 2.35902039e+02, 4.02560516e+02, 2.37033401e+02,
    4.20567200e+02, 2.38177887e+02, 4.39279633e+02, 2.39429123e+02,
    4.58627014e+02, 2.40680420e+02, 4.78182404e+02, 2.41613235e+02,
    3.84776276e+02, 2.51826431e+02, 4.02139313e+02, 2.53370514e+02,
    4.19995941e+02, 2.54809906e+02, 4.38603149e+02, 2.56459106e+02,
    4.57713074e+02, 2.57909515e+02, 4.77222107e+02, 2.59726349e+02,
    3.84192505e+02, 2.67969635e+02, 4.01347137e+02, 2.69641449e+02,
    4.19233002e+02, 2.71557526e+02, 4.37757935e+02, 2.73480652e+02,
    4.56773651e+02, 2.75463318e+02, 4.76253906e+02, 2.77065125e+02,
    3.83553894e+02, 2.83890533e+02, 4.00738068e+02, 2.86137634e+02,
    4.18530334e+02, 2.88301453e+02, 4.36932068e+02, 2.90431152e+02,
    4.55817535e+02, 2.92670288e+02, 4.75241180e+02, 2.94973022e+02 ]
