%YAML:1.0
---
points: [ 1.33766345e+03, 6.09336670e+02, 1.36932312e+03, 6.03338196e+02,
    1.40155298e+03, 5.97177002e+02, 1.43390710e+03, 5.90814453e+02,
    1.46749463e+03, 5.84108093e+02, 1.50132263e+03, 5.77487183e+02,
    1.34470605e+03, 6.37639954e+02, 1.37670264e+03, 6.31607239e+02,
    1.40934534e+03, 6.25536621e+02, 1.44252722e+03, 6.19331726e+02,
    1.47626855e+03, 6.13198303e+02, 1.51076501e+03, 6.06677917e+02,
    1.35213330e+03, 6.66542175e+02, 1.38456018e+03, 6.60825684e+02,
    1.41762073e+03, 6.54946289e+02, 1.45127759e+03, 6.49118225e+02,
    1.48556689e+03, 6.42909241e+02, 1.52048254e+03, 6.36710083e+02,
    1.35965552e+03, 6.96297729e+02, 1.39262402e+03, 6.90792664e+02,
    1.42618530e+03, 6.85137756e+02, 1.46026794e+03, 6.79338989e+02,
    1.49492468e+03, 6.73455994e+02, 1.53025403e+03, 6.67265503e+02,
    1.36743835e+03, 7.26573914e+02, 1.40077014e+03, 7.21366516e+02,
    1.43464331e+03, 7.15797729e+02, 1.46936584e+03, 7.10382507e+02,
    1.50442175e+03, 7.04567749e+02, 1.54025122e+03, 6.98826782e+02,
    1.37533020e+03, 7.57645447e+02, 1.40904443e+03, 7.52618530e+02,
    1.44362683e+03, 7.47531921e+02, 1.47855518e+03, 7.42269409e+02,
    1.51444263e+03, 7.36806519e+02, 1.55065869e+03, 7.31077515e+02,
    1.38340320e+03, 7.89656433e+02, 1.41758765e+03, 7.84953491e+02,
    1.45254797e+03, 7.79962708e+02, 1.48817773e+03, 7.74943787e+02,
    1.52450366e+03, 7.69674622e+02, 1.56127661e+03, 7.64481995e+02,
    1.39165686e+03, 8.22627991e+02, 1.42656189e+03, 8.17924194e+02,
    1.46186243e+03, 8.13353271e+02, 1.49793872e+03, 8.08437439e+02,
    1.53451587e+03, 8.03512695e+02, 1.57215698e+03, 7.98260803e+02 ]
