%YAML:1.0
---
points: [ 4.22853333e+02, 2.41513397e+02, 4.27180939e+02, 2.48235947e+02,
    4.31605774e+02, 2.55209351e+02, 4.36327942e+02, 2.62697937e+02,
    4.41297455e+02, 2.70547791e+02, 4.46593170e+02, 2.78923584e+02,
    4.11509857e+02, 2.42744919e+02, 4.15540527e+02, 2.49477692e+02,
    4.19769775e+02, 2.56653229e+02, 4.24093079e+02, 2.64048248e+02,
    4.28770813e+02, 2.72061676e+02, 4.33581726e+02, 2.80277954e+02,
    3.99993591e+02, 2.43973953e+02, 4.03724426e+02, 2.50796753e+02,
    4.07623810e+02, 2.57924286e+02, 4.11790558e+02, 2.65412933e+02,
    4.16110413e+02, 2.73332855e+02, 4.20702301e+02, 2.81668396e+02,
    3.88720886e+02, 2.45313950e+02, 3.92087158e+02, 2.52047714e+02,
    3.95660736e+02, 2.59269135e+02, 3.99509186e+02, 2.66797211e+02,
    4.03440887e+02, 2.74849823e+02, 4.07659790e+02, 2.83067566e+02,
    3.77353760e+02, 2.46611298e+02, 3.80429626e+02, 2.53329819e+02,
    3.83818146e+02, 2.60478180e+02, 3.87231537e+02, 2.68155914e+02,
    3.90873260e+02, 2.75984558e+02, 3.94847900e+02, 2.84467072e+02,
    3.66057800e+02, 2.47771591e+02, 3.68916473e+02, 2.54590637e+02,
    3.71843903e+02, 2.61793854e+02, 3.75052765e+02, 2.69383636e+02,
    3.78312622e+02, 2.77296570e+02, 3.81863098e+02, 2.85755859e+02,
    3.54859894e+02, 2.49088974e+02, 3.57379761e+02, 2.55889923e+02,
    3.60029663e+02, 2.63021667e+02, 3.62888977e+02, 2.70681122e+02,
    3.65848358e+02, 2.78559021e+02, 3.68913605e+02, 2.87154846e+02,
    3.43734833e+02, 2.50267593e+02, 3.45931152e+02, 2.57042664e+02,
    3.48326782e+02, 2.64355835e+02, 3.50851410e+02, 2.71944275e+02,
    3.53440948e+02, 2.80002716e+02, 3.56312012e+02, 2.88464783e+02 ]
