%YAML:1.0
---
points: [ 1.39323486e+03, 6.17087158e+02, 1.40482422e+03, 6.36649719e+02,
    1.41727075e+03, 6.57655151e+02, 1.43037134e+03, 6.79836304e+02,
    1.44424072e+03, 7.03383545e+02, 1.45889905e+03, 7.28269470e+02,
    1.35926306e+03, 6.20490967e+02, 1.37000391e+03, 6.40469299e+02,
    1.38148132e+03, 6.61386230e+02, 1.39351770e+03, 6.83566589e+02,
    1.40631433e+03, 7.07291077e+02, 1.41978577e+03, 7.32210938e+02,
    1.32532385e+03, 6.24277344e+02, 1.33525122e+03, 6.44211121e+02,
    1.34562549e+03, 6.65355469e+02, 1.35660120e+03, 6.87298096e+02,
    1.36830444e+03, 7.10929504e+02, 1.38053040e+03, 7.35679260e+02,
    1.29190527e+03, 6.27886047e+02, 1.30077466e+03, 6.47874268e+02,
    1.31029126e+03, 6.69103210e+02, 1.32037939e+03, 6.91398315e+02,
    1.33068274e+03, 7.14665894e+02, 1.34199731e+03, 7.39685120e+02,
    1.25859790e+03, 6.31488892e+02, 1.26658801e+03, 6.51449524e+02,
    1.27501807e+03, 6.72525818e+02, 1.28395215e+03, 6.94873840e+02,
    1.29351782e+03, 7.18571228e+02, 1.30369812e+03, 7.43519409e+02,
    1.22558447e+03, 6.35233215e+02, 1.23270215e+03, 6.55187866e+02,
    1.24031421e+03, 6.76243408e+02, 1.24813367e+03, 6.98556763e+02,
    1.25659424e+03, 7.22352600e+02, 1.26548389e+03, 7.47316711e+02,
    1.19287231e+03, 6.38898010e+02, 1.19919128e+03, 6.58941711e+02,
    1.20582483e+03, 6.80101440e+02, 1.21263806e+03, 7.02442932e+02,
    1.22001270e+03, 7.26035095e+02, 1.22779724e+03, 7.51085266e+02,
    1.16041296e+03, 6.42543701e+02, 1.16562561e+03, 6.62630188e+02,
    1.17137891e+03, 6.83676941e+02, 1.17738892e+03, 7.06297729e+02,
    1.18361255e+03, 7.29730286e+02, 1.19044556e+03, 7.54895020e+02 ]
