%YAML:1.0
---
points: [ 1.16032471e+03, 3.16135132e+02, 1.17562158e+03, 2.93029419e+02,
    1.19084424e+03, 2.69848755e+02, 1.20651465e+03, 2.46523956e+02,
    1.22184729e+03, 2.23148621e+02, 1.23766113e+03, 1.99387253e+02,
    1.18298450e+03, 3.30619507e+02, 1.19828198e+03, 3.07599426e+02,
    1.21372351e+03, 2.84382568e+02, 1.22930261e+03, 2.61153870e+02,
    1.24498999e+03, 2.37590897e+02, 1.26068506e+03, 2.14045685e+02,
    1.20548438e+03, 3.45132782e+02, 1.22087573e+03, 3.21978119e+02,
    1.23647607e+03, 2.98906128e+02, 1.25218542e+03, 2.75572052e+02,
    1.26783679e+03, 2.52241379e+02, 1.28378149e+03, 2.28543549e+02,
    1.22825708e+03, 3.59503082e+02, 1.24368933e+03, 3.36559357e+02,
    1.25947522e+03, 3.13402313e+02, 1.27515527e+03, 2.90209961e+02,
    1.29105005e+03, 2.66670959e+02, 1.30690747e+03, 2.43177155e+02,
    1.25088989e+03, 3.74146637e+02, 1.26659607e+03, 3.51129944e+02,
    1.28234753e+03, 3.28116730e+02, 1.29824341e+03, 3.04764862e+02,
    1.31408093e+03, 2.81365967e+02, 1.33026172e+03, 2.57785858e+02,
    1.27387170e+03, 3.88566528e+02, 1.28945972e+03, 3.65731842e+02,
    1.30547363e+03, 3.42570740e+02, 1.32126367e+03, 3.19438599e+02,
    1.33735791e+03, 2.95920471e+02, 1.35338757e+03, 2.72510345e+02,
    1.29675415e+03, 4.03362610e+02, 1.31257507e+03, 3.80371490e+02,
    1.32859045e+03, 3.57386871e+02, 1.34462378e+03, 3.34109711e+02,
    1.36067419e+03, 3.10703949e+02, 1.37690051e+03, 2.87216217e+02,
    1.31978186e+03, 4.17881073e+02, 1.33563708e+03, 3.95105713e+02,
    1.35173938e+03, 3.71906738e+02, 1.36773926e+03, 3.48822723e+02,
    1.38396545e+03, 3.25393738e+02, 1.40015344e+03, 3.02122162e+02 ]
