%YAML:1.0
---
points: [ 1.55200659e+03, 5.42830933e+02, 1.57845874e+03, 5.29684631e+02,
    1.60525562e+03, 5.16244568e+02, 1.63259473e+03, 5.02512817e+02,
    1.66037488e+03, 4.88487335e+02, 1.68841101e+03, 4.74237183e+02,
    1.56712390e+03, 5.65079895e+02, 1.59380029e+03, 5.51893799e+02,
    1.62112122e+03, 5.38456970e+02, 1.64875464e+03, 5.24840881e+02,
    1.67698389e+03, 5.10905945e+02, 1.70541492e+03, 4.96654449e+02,
    1.58246289e+03, 5.87949768e+02, 1.60971021e+03, 5.74804932e+02,
    1.63747070e+03, 5.61529053e+02, 1.66552026e+03, 5.47879700e+02,
    1.69405994e+03, 5.33926636e+02, 1.72301892e+03, 5.20033325e+02,
    1.59825684e+03, 6.11226501e+02, 1.62595312e+03, 5.98285217e+02,
    1.65393921e+03, 5.84936462e+02, 1.68252844e+03, 5.71399963e+02,
    1.71158020e+03, 5.57548767e+02, 1.74081238e+03, 5.43448181e+02,
    1.61438586e+03, 6.34931885e+02, 1.64240564e+03, 6.22013611e+02,
    1.67082617e+03, 6.08820068e+02, 1.69985205e+03, 5.95356873e+02,
    1.72928906e+03, 5.81605164e+02, 1.75912476e+03, 5.67768799e+02,
    1.63073230e+03, 6.59313660e+02, 1.65924011e+03, 6.46436462e+02,
    1.68826367e+03, 6.33353943e+02, 1.71762170e+03, 6.20083191e+02,
    1.74751599e+03, 6.06328491e+02, 1.77767017e+03, 5.92418213e+02,
    1.64749878e+03, 6.84259521e+02, 1.67636108e+03, 6.71523193e+02,
    1.70574915e+03, 6.58424011e+02, 1.73555103e+03, 6.45298401e+02,
    1.76590771e+03, 6.31580811e+02, 1.79658557e+03, 6.17642761e+02,
    1.66458130e+03, 7.09766541e+02, 1.69381970e+03, 6.97014832e+02,
    1.72367395e+03, 6.84145996e+02, 1.75389453e+03, 6.70826233e+02,
    1.78473743e+03, 6.57456116e+02, 1.81590845e+03, 6.43576050e+02 ]
