%YAML:1.0
---
points: [ 3.40944641e+02, 1.38993851e+02, 3.46233002e+02, 1.31190063e+02,
    3.51543671e+02, 1.23360558e+02, 3.56834045e+02, 1.15440353e+02,
    3.62055878e+02, 1.07519638e+02, 3.67347809e+02, 9.96022415e+01,
    3.48690826e+02, 1.43931625e+02, 3.53938660e+02, 1.36115021e+02,
    3.59250610e+02, 1.28262863e+02, 3.64556000e+02, 1.20411568e+02,
    3.69815582e+02, 1.12551056e+02, 3.75182983e+02, 1.04558472e+02,
    3.56391266e+02, 1.48887741e+02, 3.61686371e+02, 1.41080490e+02,
    3.66979156e+02, 1.33229111e+02, 3.72314423e+02, 1.25375061e+02,
    3.77662872e+02, 1.17452698e+02, 3.82986420e+02, 1.09562393e+02,
    3.64088287e+02, 1.53859161e+02, 3.69465607e+02, 1.46043350e+02,
    3.74698059e+02, 1.38245316e+02, 3.80083984e+02, 1.30341583e+02,
    3.85438843e+02, 1.22464233e+02, 3.90759705e+02, 1.14515060e+02,
    3.71868927e+02, 1.58815201e+02, 3.77179413e+02, 1.51026749e+02,
    3.82597778e+02, 1.43198120e+02, 3.87883667e+02, 1.35328629e+02,
    3.93285309e+02, 1.27420959e+02, 3.98646118e+02, 1.19601860e+02,
    3.79641296e+02, 1.63772751e+02, 3.84979828e+02, 1.56030975e+02,
    3.90321655e+02, 1.48206268e+02, 3.95705841e+02, 1.40395721e+02,
    4.01056519e+02, 1.32488434e+02, 4.06470978e+02, 1.24628517e+02,
    3.87497772e+02, 1.68802460e+02, 3.92808868e+02, 1.61063202e+02,
    3.98249451e+02, 1.53217987e+02, 4.03506805e+02, 1.45411880e+02,
    4.08935120e+02, 1.37569107e+02, 4.14358704e+02, 1.29690430e+02,
    3.95235107e+02, 1.73820480e+02, 4.00620636e+02, 1.66059464e+02,
    4.05933594e+02, 1.58261871e+02, 4.11416840e+02, 1.50404373e+02,
    4.16719330e+02, 1.42646255e+02, 4.22120636e+02, 1.34726303e+02 ]
