%YAML:1.0
---
points: [ 4.00642548e+02, 1.49428253e+02, 4.21294678e+02, 1.50515060e+02,
    4.41918182e+02, 1.51675079e+02, 4.62702209e+02, 1.52763367e+02,
    4.83224426e+02, 1.54309830e+02, 5.03426300e+02, 1.55525681e+02,
    3.97018463e+02, 1.67162842e+02, 4.17133667e+02, 1.68386017e+02,
    4.37304108e+02, 1.69462967e+02, 4.57570282e+02, 1.70921326e+02,
    4.77839630e+02, 1.72223312e+02, 4.97723419e+02, 1.73842133e+02,
    3.93646820e+02, 1.84248505e+02, 4.13183929e+02, 1.85525024e+02,
    4.32949707e+02, 1.86789124e+02, 4.52764618e+02, 1.88143234e+02,
    4.72465576e+02, 1.89652130e+02, 4.92235992e+02, 1.91027954e+02,
    3.90494202e+02, 2.00314331e+02, 4.09461121e+02, 2.01638275e+02,
    4.28795288e+02, 2.02904007e+02, 4.48108032e+02, 2.04404083e+02,
    4.67376465e+02, 2.05808380e+02, 4.86478943e+02, 2.07491867e+02,
    3.87433319e+02, 2.15575089e+02, 4.06033966e+02, 2.16989822e+02,
    4.24663452e+02, 2.18461548e+02, 4.43580933e+02, 2.19951141e+02,
    4.62518127e+02, 2.21458069e+02, 4.81217804e+02, 2.22923996e+02,
    3.84566559e+02, 2.29904221e+02, 4.02622009e+02, 2.31467102e+02,
    4.20842224e+02, 2.33038803e+02, 4.39258148e+02, 2.34643158e+02,
    4.57713348e+02, 2.36127396e+02, 4.75992065e+02, 2.37782837e+02,
    3.81792542e+02, 2.43615295e+02, 3.99385986e+02, 2.45311584e+02,
    4.17232269e+02, 2.46868744e+02, 4.35153809e+02, 2.48570404e+02,
    4.53110474e+02, 2.50224136e+02, 4.71155121e+02, 2.51670502e+02,
    3.79136780e+02, 2.56814087e+02, 3.96393799e+02, 2.58471405e+02,
    4.13676605e+02, 2.60150116e+02, 4.31198639e+02, 2.61883759e+02,
    4.48746948e+02, 2.63480560e+02, 4.66307648e+02, 2.65168793e+02 ]
