%YAML:1.0
---
points: [ 3.68283936e+02, 1.81443939e+02, 3.70273651e+02, 1.73030350e+02,
    3.72349792e+02, 1.64317841e+02, 3.74374573e+02, 1.55545273e+02,
    3.76443970e+02, 1.46567047e+02, 3.78604156e+02, 1.37488602e+02,
    3.77058014e+02, 1.82755844e+02, 3.79069092e+02, 1.74222153e+02,
    3.81139252e+02, 1.65512024e+02, 3.83274353e+02, 1.56720291e+02,
    3.85422913e+02, 1.47835938e+02, 3.87572968e+02, 1.38676849e+02,
    3.85655212e+02, 1.83855637e+02, 3.87777649e+02, 1.75355911e+02,
    3.89937622e+02, 1.66723221e+02, 3.92170471e+02, 1.57960220e+02,
    3.94283203e+02, 1.49003815e+02, 3.96558929e+02, 1.40011581e+02,
    3.94396332e+02, 1.85051666e+02, 3.96478821e+02, 1.76540024e+02,
    3.98730774e+02, 1.67887726e+02, 4.00975250e+02, 1.59104767e+02,
    4.03213013e+02, 1.50233810e+02, 4.05448395e+02, 1.41170685e+02,
    4.03009918e+02, 1.86223343e+02, 4.05196320e+02, 1.77725769e+02,
    4.07532928e+02, 1.69114441e+02, 4.09756104e+02, 1.60313049e+02,
    4.12047150e+02, 1.51424042e+02, 4.14357483e+02, 1.42464340e+02,
    4.11609558e+02, 1.87407822e+02, 4.13866760e+02, 1.78992279e+02,
    4.16205688e+02, 1.70368179e+02, 4.18500458e+02, 1.61523575e+02,
    4.20815399e+02, 1.52762375e+02, 4.23191193e+02, 1.43707626e+02,
    4.20191193e+02, 1.88551788e+02, 4.22571960e+02, 1.80136917e+02,
    4.24916809e+02, 1.71425354e+02, 4.27250488e+02, 1.62810440e+02,
    4.29660797e+02, 1.54001297e+02, 4.32046844e+02, 1.45058304e+02,
    4.28773163e+02, 1.89834076e+02, 4.31158997e+02, 1.81271866e+02,
    4.33464996e+02, 1.72758820e+02, 4.35937775e+02, 1.63979630e+02,
    4.38305542e+02, 1.55249069e+02, 4.40732056e+02, 1.46233002e+02 ]
