%YAML:1.0
---
points: [ 1.24176770e+03, 4.40580109e+02, 1.24752576e+03, 4.15526978e+02,
    1.25331104e+03, 3.90132568e+02, 1.25913428e+03, 3.64229767e+02,
    1.26490784e+03, 3.37852478e+02, 1.27086133e+03, 3.10946045e+02,
    1.26741309e+03, 4.44168732e+02, 1.27333740e+03, 4.18954803e+02,
    1.27930432e+03, 3.93423645e+02, 1.28534863e+03, 3.67540955e+02,
    1.29132007e+03, 3.41194275e+02, 1.29760242e+03, 3.14388275e+02,
    1.29298889e+03, 4.47532104e+02, 1.29883154e+03, 4.22463959e+02,
    1.30516479e+03, 3.96949188e+02, 1.31143555e+03, 3.71066681e+02,
    1.31761682e+03, 3.44742584e+02, 1.32415479e+03, 3.17921417e+02,
    1.31852869e+03, 4.50720642e+02, 1.32472290e+03, 4.25755096e+02,
    1.33123706e+03, 4.00401367e+02, 1.33754285e+03, 3.74631866e+02,
    1.34396997e+03, 3.48254517e+02, 1.35079956e+03, 3.21538269e+02,
    1.34424915e+03, 4.54428375e+02, 1.35050098e+03, 4.29275391e+02,
    1.35724121e+03, 4.03738586e+02, 1.36385596e+03, 3.77825623e+02,
    1.37058704e+03, 3.51561127e+02, 1.37746448e+03, 3.24863647e+02,
    1.36987146e+03, 4.57598419e+02, 1.37648938e+03, 4.32722076e+02,
    1.38319543e+03, 4.07317047e+02, 1.39000061e+03, 3.81524109e+02,
    1.39681006e+03, 3.55180267e+02, 1.40394470e+03, 3.28583557e+02,
    1.39566052e+03, 4.61096588e+02, 1.40231921e+03, 4.36067627e+02,
    1.40941748e+03, 4.10701172e+02, 1.41645532e+03, 3.84874664e+02,
    1.42349207e+03, 3.58700470e+02, 1.43075256e+03, 3.32031036e+02,
    1.42136597e+03, 4.64570465e+02, 1.42836658e+03, 4.39533844e+02,
    1.43526099e+03, 4.13971741e+02, 1.44254541e+03, 3.88337677e+02,
    1.44969104e+03, 3.62087708e+02, 1.45721204e+03, 3.35523010e+02 ]
