%YAML:1.0
---
points: [ 3.70897552e+02, 1.66804108e+02, 3.82816498e+02, 1.67697250e+02,
    3.94247223e+02, 1.68740494e+02, 4.05045563e+02, 1.69432190e+02,
    4.15402344e+02, 1.70403976e+02, 4.25368958e+02, 1.71091171e+02,
    3.70314575e+02, 1.84046463e+02, 3.82201904e+02, 1.84543228e+02,
    3.93598053e+02, 1.85078018e+02, 4.04469025e+02, 1.85673096e+02,
    4.14914246e+02, 1.86007065e+02, 4.24794281e+02, 1.86765305e+02,
    3.69679810e+02, 2.01354950e+02, 3.81635651e+02, 2.01389771e+02,
    3.93039673e+02, 2.01596466e+02, 4.03931976e+02, 2.01597000e+02,
    4.14339661e+02, 2.01815369e+02, 4.24320862e+02, 2.01882645e+02,
    3.69219604e+02, 2.18361465e+02, 3.81076080e+02, 2.18164612e+02,
    3.92345642e+02, 2.17925934e+02, 4.03173431e+02, 2.17969543e+02,
    4.13740753e+02, 2.17619675e+02, 4.23424103e+02, 2.17596207e+02,
    3.68604828e+02, 2.35409744e+02, 3.80397491e+02, 2.34695770e+02,
    3.91923065e+02, 2.34342361e+02, 4.02634766e+02, 2.33660477e+02,
    4.13173523e+02, 2.33139313e+02, 4.22964172e+02, 2.32634735e+02,
    3.68089508e+02, 2.52363968e+02, 3.80112213e+02, 2.51344910e+02,
    3.91282867e+02, 2.50386993e+02, 4.02167664e+02, 2.49672775e+02,
    4.12497742e+02, 2.48619614e+02, 4.22307465e+02, 2.47986725e+02,
    3.67473694e+02, 2.69383301e+02, 3.79427307e+02, 2.67938599e+02,
    3.90739929e+02, 2.66624756e+02, 4.01471130e+02, 2.65259247e+02,
    4.11900970e+02, 2.64069366e+02, 4.21659393e+02, 2.62848053e+02,
    3.67124451e+02, 2.86158936e+02, 3.78930908e+02, 2.84395203e+02,
    3.90153015e+02, 2.82660248e+02, 4.00955841e+02, 2.81055939e+02,
    4.11226685e+02, 2.79441132e+02, 4.21142792e+02, 2.78133362e+02 ]
