%YAML:1.0
---
points: [ 1.53986377e+03, 5.30890259e+02, 1.56842615e+03, 5.22590149e+02,
    1.59715051e+03, 5.13880066e+02, 1.62602368e+03, 5.05448364e+02,
    1.65532678e+03, 4.96668335e+02, 1.68458643e+03, 4.87898163e+02,
    1.55085388e+03, 5.56100342e+02, 1.57962793e+03, 5.47574890e+02,
    1.60865466e+03, 5.39197571e+02, 1.63788965e+03, 5.30462585e+02,
    1.66738745e+03, 5.21945251e+02, 1.69703320e+03, 5.13174316e+02,
    1.56232373e+03, 5.81542603e+02, 1.59134436e+03, 5.73306213e+02,
    1.62060925e+03, 5.64854675e+02, 1.65009033e+03, 5.56371338e+02,
    1.67977930e+03, 5.47736572e+02, 1.70961194e+03, 5.39092834e+02,
    1.57368042e+03, 6.07324158e+02, 1.60299231e+03, 5.98891602e+02,
    1.63250110e+03, 5.90692627e+02, 1.66219214e+03, 5.82238159e+02,
    1.69224072e+03, 5.73777771e+02, 1.72243079e+03, 5.65301514e+02,
    1.58551208e+03, 6.33549866e+02, 1.61487500e+03, 6.25397766e+02,
    1.64484558e+03, 6.17271301e+02, 1.67460229e+03, 6.08774109e+02,
    1.70477222e+03, 6.00358887e+02, 1.73519312e+03, 5.91757019e+02,
    1.59718274e+03, 6.60274658e+02, 1.62680286e+03, 6.51953857e+02,
    1.65696167e+03, 6.44006592e+02, 1.68722241e+03, 6.35538025e+02,
    1.71764917e+03, 6.27399536e+02, 1.74814966e+03, 6.18661926e+02,
    1.60914612e+03, 6.87222656e+02, 1.63914124e+03, 6.79302124e+02,
    1.66935107e+03, 6.71037720e+02, 1.69967676e+03, 6.62944336e+02,
    1.73055518e+03, 6.54606873e+02, 1.76135620e+03, 6.46257141e+02,
    1.62117200e+03, 7.14854309e+02, 1.65149646e+03, 7.06967163e+02,
    1.68189514e+03, 6.98847046e+02, 1.71272375e+03, 6.90787231e+02,
    1.74349548e+03, 6.82511597e+02, 1.77471716e+03, 6.74217529e+02 ]
