%YAML:1.0
---
points: [ 1.56270898e+03, 2.62689606e+02, 1.58707324e+03, 2.62140869e+02,
    1.61121704e+03, 2.61542938e+02, 1.63476196e+03, 2.61134735e+02,
    1.65839697e+03, 2.60529510e+02, 1.68136780e+03, 2.60152985e+02,
    1.56882349e+03, 2.89107269e+02, 1.59328967e+03, 2.88387421e+02,
    1.61735376e+03, 2.87539734e+02, 1.64132581e+03, 2.86936707e+02,
    1.66469690e+03, 2.86461395e+02, 1.68793372e+03, 2.85632904e+02,
    1.57481592e+03, 3.16044861e+02, 1.59945081e+03, 3.15062469e+02,
    1.62360510e+03, 3.14165405e+02, 1.64770447e+03, 3.13397278e+02,
    1.67127368e+03, 3.12499237e+02, 1.69461682e+03, 3.11687683e+02,
    1.58090710e+03, 3.42961060e+02, 1.60566345e+03, 3.41789978e+02,
    1.62987512e+03, 3.40723511e+02, 1.65388281e+03, 3.39748077e+02,
    1.67775208e+03, 3.39002411e+02, 1.70096741e+03, 3.37936127e+02,
    1.58744543e+03, 3.70282776e+02, 1.61196863e+03, 3.69116608e+02,
    1.63645801e+03, 3.67717987e+02, 1.66036658e+03, 3.66608856e+02,
    1.68425635e+03, 3.65567566e+02, 1.70756409e+03, 3.64560669e+02,
    1.59351929e+03, 3.97667542e+02, 1.61851379e+03, 3.96420837e+02,
    1.64293616e+03, 3.95142609e+02, 1.66691589e+03, 3.93674377e+02,
    1.69081006e+03, 3.92546173e+02, 1.71432617e+03, 3.91324829e+02,
    1.59982642e+03, 4.25451691e+02, 1.62465955e+03, 4.24095001e+02,
    1.64933826e+03, 4.22572998e+02, 1.67349011e+03, 4.21194489e+02,
    1.69734937e+03, 4.19611023e+02, 1.72097290e+03, 4.18366455e+02,
    1.60624890e+03, 4.53714203e+02, 1.63120593e+03, 4.51926422e+02,
    1.65571582e+03, 4.50428650e+02, 1.68007324e+03, 4.48801727e+02,
    1.70398364e+03, 4.47284943e+02, 1.72756653e+03, 4.45582672e+02 ]
