%YAML:1.0
---
points: [ 4.46770996e+02, 1.98771301e+02, 4.51027802e+02, 2.07451630e+02,
    4.55171875e+02, 2.16181198e+02, 4.59510345e+02, 2.25227936e+02,
    4.63766327e+02, 2.34118195e+02, 4.68214783e+02, 2.43316650e+02,
    4.37172455e+02, 2.02547409e+02, 4.41338470e+02, 2.10992050e+02,
    4.45586456e+02, 2.19863480e+02, 4.49728485e+02, 2.28621414e+02,
    4.53973328e+02, 2.37692062e+02, 4.58106720e+02, 2.46722015e+02,
    4.27593018e+02, 2.06139618e+02, 4.31701233e+02, 2.14761902e+02,
    4.35748047e+02, 2.23367035e+02, 4.39962097e+02, 2.32273193e+02,
    4.44078735e+02, 2.41227371e+02, 4.48363129e+02, 2.50262222e+02,
    4.18196594e+02, 2.09675140e+02, 4.22120178e+02, 2.18244720e+02,
    4.26217957e+02, 2.26951340e+02, 4.30216034e+02, 2.35676086e+02,
    4.34327789e+02, 2.44591782e+02, 4.38352478e+02, 2.53583099e+02,
    4.08843170e+02, 2.13243362e+02, 4.12716125e+02, 2.21753540e+02,
    4.16694672e+02, 2.30334488e+02, 4.20670959e+02, 2.39149139e+02,
    4.24709381e+02, 2.47847946e+02, 4.28712189e+02, 2.57028198e+02,
    3.99635956e+02, 2.16796646e+02, 4.03416046e+02, 2.25210632e+02,
    4.07307159e+02, 2.33816467e+02, 4.11170807e+02, 2.42445435e+02,
    4.15162262e+02, 2.51231659e+02, 4.19096527e+02, 2.60276245e+02,
    3.90497864e+02, 2.20203735e+02, 3.94273865e+02, 2.28546280e+02,
    3.97968903e+02, 2.37051498e+02, 4.01851807e+02, 2.45791824e+02,
    4.05737793e+02, 2.54515533e+02, 4.09477905e+02, 2.63500977e+02,
    3.81532501e+02, 2.23573441e+02, 3.85212646e+02, 2.31897263e+02,
    3.88862701e+02, 2.40363449e+02, 3.92700836e+02, 2.48936508e+02,
    3.96394562e+02, 2.57818512e+02, 4.00306824e+02, 2.66515350e+02 ]
