%YAML:1.0
---
points: [ 3.66929840e+02, 8.54776306e+01, 3.81821136e+02, 8.68584595e+01,
    3.96357208e+02, 8.82041397e+01, 4.10952484e+02, 8.96655502e+01,
    4.25228851e+02, 9.12031860e+01, 4.39410431e+02, 9.25695038e+01,
    3.68034119e+02, 9.75351257e+01, 3.83012787e+02, 9.88393326e+01,
    3.97958008e+02, 1.00152962e+02, 4.12760559e+02, 1.01531425e+02,
    4.27439270e+02, 1.03046539e+02, 4.41769409e+02, 1.04680489e+02,
    3.69051300e+02, 1.10033409e+02, 3.84337738e+02, 1.11320808e+02,
    3.99604462e+02, 1.12701714e+02, 4.14720886e+02, 1.14049408e+02,
    4.29579681e+02, 1.15416306e+02, 4.44204956e+02, 1.16807693e+02,
    3.70168427e+02, 1.22963676e+02, 3.85723969e+02, 1.24237419e+02,
    4.01100464e+02, 1.25442085e+02, 4.16506134e+02, 1.26896843e+02,
    4.31719666e+02, 1.28251022e+02, 4.46647034e+02, 1.29746063e+02,
    3.71302063e+02, 1.36223618e+02, 3.87089539e+02, 1.37451019e+02,
    4.02879547e+02, 1.38790176e+02, 4.18549347e+02, 1.40134720e+02,
    4.33863434e+02, 1.41594284e+02, 4.49066864e+02, 1.42794540e+02,
    3.72387512e+02, 1.50102936e+02, 3.88526489e+02, 1.51426208e+02,
    4.04600555e+02, 1.52582306e+02, 4.20497223e+02, 1.54010788e+02,
    4.36214478e+02, 1.55286865e+02, 4.51672577e+02, 1.56689499e+02,
    3.73512634e+02, 1.64341476e+02, 3.89952728e+02, 1.65543503e+02,
    4.06319183e+02, 1.66766174e+02, 4.22529907e+02, 1.68124252e+02,
    4.38573792e+02, 1.69574265e+02, 4.54193817e+02, 1.70702515e+02,
    3.74771637e+02, 1.79156540e+02, 3.91534973e+02, 1.80416824e+02,
    4.08056519e+02, 1.81538620e+02, 4.24703156e+02, 1.83040421e+02,
    4.40850739e+02, 1.84235718e+02, 4.56897888e+02, 1.85652313e+02 ]
