%YAML:1.0
---
points: [ 1.47271948e+03, 4.90967010e+02, 1.48527051e+03, 5.16651855e+02,
    1.49772766e+03, 5.42597717e+02, 1.51062939e+03, 5.69032898e+02,
    1.52374341e+03, 5.95739319e+02, 1.53697437e+03, 6.23015564e+02,
    1.44400098e+03, 5.01799561e+02, 1.45597473e+03, 5.27373901e+02,
    1.46847864e+03, 5.53279114e+02, 1.48088342e+03, 5.79403320e+02,
    1.49371802e+03, 6.06358276e+02, 1.50663318e+03, 6.33255127e+02,
    1.41525195e+03, 5.12651733e+02, 1.42713525e+03, 5.38032898e+02,
    1.43909753e+03, 5.63813416e+02, 1.45140198e+03, 5.89838074e+02,
    1.46389880e+03, 6.16389160e+02, 1.47656787e+03, 6.43409607e+02,
    1.38735339e+03, 5.23354797e+02, 1.39862891e+03, 5.48477844e+02,
    1.41051208e+03, 5.74202332e+02, 1.42251672e+03, 6.00100830e+02,
    1.43466650e+03, 6.26460754e+02, 1.44696619e+03, 6.53178162e+02,
    1.35951270e+03, 5.33718628e+02, 1.37093518e+03, 5.58678223e+02,
    1.38255273e+03, 5.84177856e+02, 1.39392969e+03, 6.09858032e+02,
    1.40576416e+03, 6.36313171e+02, 1.41779968e+03, 6.62685364e+02,
    1.33249646e+03, 5.43975098e+02, 1.34349976e+03, 5.68812012e+02,
    1.35465735e+03, 5.94137390e+02, 1.36599792e+03, 6.19981262e+02,
    1.37760059e+03, 6.45839905e+02, 1.38933252e+03, 6.72467163e+02,
    1.30591772e+03, 5.54015747e+02, 1.31652014e+03, 5.78733826e+02,
    1.32753906e+03, 6.03978455e+02, 1.33853955e+03, 6.29314880e+02,
    1.34979614e+03, 6.55425293e+02, 1.36141907e+03, 6.81550049e+02,
    1.27966846e+03, 5.63968262e+02, 1.29020703e+03, 5.88652588e+02,
    1.30070764e+03, 6.13498962e+02, 1.31154565e+03, 6.38896301e+02,
    1.32263928e+03, 6.64653748e+02, 1.33365869e+03, 6.90834534e+02 ]
