%YAML:1.0
---
points: [ 1.55041724e+03, 1.97384949e+02, 1.58383044e+03, 1.95529938e+02,
    1.61784387e+03, 1.93477966e+02, 1.65271301e+03, 1.91691757e+02,
    1.68837939e+03, 1.89952698e+02, 1.72464441e+03, 1.88123337e+02,
    1.54788525e+03, 2.26513901e+02, 1.58068225e+03, 2.24846222e+02,
    1.61464880e+03, 2.23512802e+02, 1.64895667e+03, 2.22177994e+02,
    1.68430420e+03, 2.20546478e+02, 1.72024915e+03, 2.19222961e+02,
    1.54527063e+03, 2.55382980e+02, 1.57779407e+03, 2.54292618e+02,
    1.61132410e+03, 2.52952042e+02, 1.64532764e+03, 2.51803955e+02,
    1.68013977e+03, 2.50718643e+02, 1.71567224e+03, 2.49837570e+02,
    1.54271155e+03, 2.83377625e+02, 1.57503870e+03, 2.82451324e+02,
    1.60801611e+03, 2.81711945e+02, 1.64171680e+03, 2.80930756e+02,
    1.67596021e+03, 2.80334290e+02, 1.71128528e+03, 2.79534393e+02,
    1.54021094e+03, 3.10661835e+02, 1.57215503e+03, 3.10267944e+02,
    1.60480261e+03, 3.09769470e+02, 1.63819983e+03, 3.09321014e+02,
    1.67214929e+03, 3.08880249e+02, 1.70670056e+03, 3.08656616e+02,
    1.53772424e+03, 3.37549408e+02, 1.56941418e+03, 3.37324585e+02,
    1.60154993e+03, 3.37291901e+02, 1.63447620e+03, 3.37141266e+02,
    1.66831091e+03, 3.37149689e+02, 1.70246375e+03, 3.37105225e+02,
    1.53530481e+03, 3.63772797e+02, 1.56649023e+03, 3.63959869e+02,
    1.59853101e+03, 3.64066528e+02, 1.63119275e+03, 3.64260010e+02,
    1.66441101e+03, 3.64468506e+02, 1.69825195e+03, 3.64741974e+02,
    1.53285938e+03, 3.89425385e+02, 1.56389087e+03, 3.89765472e+02,
    1.59550842e+03, 3.90341980e+02, 1.62761462e+03, 3.90782745e+02,
    1.66053882e+03, 3.91463043e+02, 1.69422278e+03, 3.91915863e+02 ]
