%YAML:1.0
---
points: [ 3.84193481e+02, 4.12196198e+01, 4.02419189e+02, 4.06705704e+01,
    4.20152008e+02, 4.03691864e+01, 4.38398956e+02, 4.01785851e+01,
    4.55495148e+02, 4.04261360e+01, 4.73297852e+02, 4.05399055e+01,
    3.83180725e+02, 5.96775970e+01, 4.00661987e+02, 5.92478027e+01,
    4.18680939e+02, 5.86786766e+01, 4.36265839e+02, 5.86075554e+01,
    4.54105103e+02, 5.83962975e+01, 4.71121704e+02, 5.88983879e+01,
    3.81559570e+02, 7.78620987e+01, 3.99105072e+02, 7.73560410e+01,
    4.16839417e+02, 7.68419800e+01, 4.34466187e+02, 7.65225983e+01,
    4.51878021e+02, 7.65691681e+01, 4.69378723e+02, 7.65220871e+01,
    3.80135010e+02, 9.54210663e+01, 3.97465424e+02, 9.49795151e+01,
    4.14953827e+02, 9.45963135e+01, 4.32320648e+02, 9.43063965e+01,
    4.49741150e+02, 9.39544373e+01, 4.66987854e+02, 9.40889740e+01,
    3.78699127e+02, 1.12547737e+02, 3.95763855e+02, 1.12102509e+02,
    4.12932648e+02, 1.11730034e+02, 4.30179596e+02, 1.11554131e+02,
    4.47437653e+02, 1.11332893e+02, 4.64490570e+02, 1.11215950e+02,
    3.77186310e+02, 1.29017853e+02, 3.94083588e+02, 1.28646378e+02,
    4.10891022e+02, 1.28406250e+02, 4.27957123e+02, 1.28202347e+02,
    4.45003082e+02, 1.27818481e+02, 4.62032104e+02, 1.27903442e+02,
    3.75786713e+02, 1.44890991e+02, 3.92313477e+02, 1.44653320e+02,
    4.08998444e+02, 1.44474747e+02, 4.25820465e+02, 1.44209412e+02,
    4.42694733e+02, 1.44148865e+02, 4.59373566e+02, 1.43921387e+02,
    3.74326782e+02, 1.60414276e+02, 3.90734955e+02, 1.60232437e+02,
    4.07087280e+02, 1.59913635e+02, 4.23664062e+02, 1.59829849e+02,
    4.40323883e+02, 1.59799072e+02, 4.56756500e+02, 1.59839966e+02 ]
