%YAML:1.0
---
points: [ 4.36605011e+02, 1.86681503e+02, 4.41798706e+02, 1.94964325e+02,
    4.46834137e+02, 2.03111801e+02, 4.52105164e+02, 2.11511261e+02,
    4.57207794e+02, 2.19874664e+02, 4.62549652e+02, 2.28436768e+02,
    4.27878601e+02, 1.91292465e+02, 4.32988556e+02, 1.99387360e+02,
    4.38094116e+02, 2.07681793e+02, 4.43162842e+02, 2.16008011e+02,
    4.48374664e+02, 2.24467606e+02, 4.53476288e+02, 2.32912399e+02,
    4.18982697e+02, 1.95805023e+02, 4.24067444e+02, 2.04028717e+02,
    4.29106964e+02, 2.12220352e+02, 4.34237701e+02, 2.20500854e+02,
    4.39304749e+02, 2.28909256e+02, 4.44572632e+02, 2.37413391e+02,
    4.10232758e+02, 2.00367981e+02, 4.15226257e+02, 2.08399597e+02,
    4.20286102e+02, 2.16674835e+02, 4.25282990e+02, 2.24930054e+02,
    4.30419983e+02, 2.33406952e+02, 4.35494354e+02, 2.41858917e+02,
    4.01466461e+02, 2.04777374e+02, 4.06446442e+02, 2.12909256e+02,
    4.11372833e+02, 2.21105362e+02, 4.16437775e+02, 2.29431900e+02,
    4.21424805e+02, 2.37783234e+02, 4.26600220e+02, 2.46298691e+02,
    3.92852173e+02, 2.09153809e+02, 3.97745148e+02, 2.17283279e+02,
    4.02667145e+02, 2.25423920e+02, 4.07536926e+02, 2.33815170e+02,
    4.12579651e+02, 2.42199661e+02, 4.17666870e+02, 2.50618118e+02,
    3.84182190e+02, 2.13557465e+02, 3.89017212e+02, 2.21613266e+02,
    3.93861816e+02, 2.29822266e+02, 3.98836334e+02, 2.38161575e+02,
    4.03732208e+02, 2.46415771e+02, 4.08771576e+02, 2.54978912e+02,
    3.75648376e+02, 2.17861771e+02, 3.80385681e+02, 2.25951752e+02,
    3.85290131e+02, 2.34215942e+02, 3.90018158e+02, 2.42389832e+02,
    3.94952911e+02, 2.50823456e+02, 3.99870697e+02, 2.59220978e+02 ]
