%YAML:1.0
---
points: [ 1.44186182e+03, 4.55503937e+02, 1.45722351e+03, 4.79469177e+02,
    1.47255310e+03, 5.03929199e+02, 1.48815820e+03, 5.28376160e+02,
    1.50385168e+03, 5.53450745e+02, 1.51988940e+03, 5.78588745e+02,
    1.41553699e+03, 4.68744080e+02, 1.43052295e+03, 4.92939362e+02,
    1.44584729e+03, 5.17211304e+02, 1.46113782e+03, 5.41867432e+02,
    1.47664832e+03, 5.66797180e+02, 1.49243872e+03, 5.92013000e+02,
    1.38908972e+03, 4.82378845e+02, 1.40395032e+03, 5.06238434e+02,
    1.41886890e+03, 5.30654114e+02, 1.43411340e+03, 5.55040344e+02,
    1.44950830e+03, 5.79955933e+02, 1.46502393e+03, 6.05155579e+02,
    1.36317480e+03, 4.95537689e+02, 1.37759119e+03, 5.19610229e+02,
    1.39253650e+03, 5.43708984e+02, 1.40750195e+03, 5.68335205e+02,
    1.42264917e+03, 5.93218994e+02, 1.43797864e+03, 6.18274414e+02,
    1.33725989e+03, 5.08729431e+02, 1.35172559e+03, 5.32483582e+02,
    1.36639966e+03, 5.56744507e+02, 1.38116052e+03, 5.81219604e+02,
    1.39606506e+03, 6.05963257e+02, 1.41106458e+03, 6.30992371e+02,
    1.31178235e+03, 5.21657837e+02, 1.32599658e+03, 5.45680847e+02,
    1.34027954e+03, 5.69699158e+02, 1.35487341e+03, 5.94292358e+02,
    1.36957800e+03, 6.18941284e+02, 1.38455530e+03, 6.43893860e+02,
    1.28654468e+03, 5.34591614e+02, 1.30058472e+03, 5.58323120e+02,
    1.31463843e+03, 5.82539673e+02, 1.32899329e+03, 6.06679199e+02,
    1.34354565e+03, 6.31566772e+02, 1.35830835e+03, 6.56466187e+02,
    1.26153931e+03, 5.47376343e+02, 1.27534167e+03, 5.71138794e+02,
    1.28923450e+03, 5.95138855e+02, 1.30337622e+03, 6.19541199e+02,
    1.31766418e+03, 6.44118286e+02, 1.33220288e+03, 6.69126465e+02 ]
