%YAML:1.0
---
points: [ 1.44586377e+03, 4.96686829e+02, 1.45285962e+03, 5.22385376e+02,
    1.45979541e+03, 5.48680054e+02, 1.46736621e+03, 5.75555115e+02,
    1.47479199e+03, 6.03264282e+02, 1.48249011e+03, 6.31398438e+02,
    1.41823547e+03, 5.06746521e+02, 1.42458533e+03, 5.32210388e+02,
    1.43135278e+03, 5.58088013e+02, 1.43802344e+03, 5.84713806e+02,
    1.44530334e+03, 6.12065674e+02, 1.45249231e+03, 6.39707642e+02,
    1.39090759e+03, 5.16728149e+02, 1.39709912e+03, 5.41597229e+02,
    1.40340698e+03, 5.67481445e+02, 1.40969934e+03, 5.93354919e+02,
    1.41646350e+03, 6.20403564e+02, 1.42322217e+03, 6.47661926e+02,
    1.36496558e+03, 5.26221497e+02, 1.37065295e+03, 5.51035095e+02,
    1.37664575e+03, 5.76153320e+02, 1.38262415e+03, 6.01983398e+02,
    1.38880896e+03, 6.28431335e+02, 1.39534717e+03, 6.55447449e+02,
    1.33967029e+03, 5.35525635e+02, 1.34531030e+03, 5.59743835e+02,
    1.35057288e+03, 5.84763672e+02, 1.35629126e+03, 6.10118469e+02,
    1.36225940e+03, 6.36246704e+02, 1.36812610e+03, 6.62752869e+02,
    1.31557373e+03, 5.44339172e+02, 1.32061975e+03, 5.68409912e+02,
    1.32561108e+03, 5.92845886e+02, 1.33114331e+03, 6.18128235e+02,
    1.33648621e+03, 6.43878418e+02, 1.34209229e+03, 6.70068665e+02,
    1.29195105e+03, 5.52926514e+02, 1.29670618e+03, 5.76569763e+02,
    1.30159509e+03, 6.00867065e+02, 1.30663989e+03, 6.25596802e+02,
    1.31171875e+03, 6.51114075e+02, 1.31682947e+03, 6.76788635e+02,
    1.26932361e+03, 5.61255005e+02, 1.27379980e+03, 5.84693359e+02,
    1.27830591e+03, 6.08567383e+02, 1.28287769e+03, 6.33190674e+02,
    1.28763464e+03, 6.58210449e+02, 1.29241174e+03, 6.83754211e+02 ]
