%YAML:1.0
---
points: [ 1.64486353e+03, 2.46035324e+02, 1.67976526e+03, 2.37673325e+02,
    1.71573755e+03, 2.28866119e+02, 1.75278821e+03, 2.19791168e+02,
    1.79078076e+03, 2.10607224e+02, 1.83038525e+03, 2.00999878e+02,
    1.65019690e+03, 2.75256653e+02, 1.68518774e+03, 2.66851746e+02,
    1.72114514e+03, 2.58748169e+02, 1.75801929e+03, 2.50316299e+02,
    1.79600830e+03, 2.41591629e+02, 1.83530225e+03, 2.32807571e+02,
    1.65578967e+03, 3.03731537e+02, 1.69058740e+03, 2.96398041e+02,
    1.72638940e+03, 2.88446442e+02, 1.76319971e+03, 2.80718262e+02,
    1.80106067e+03, 2.72466797e+02, 1.84017920e+03, 2.64294220e+02,
    1.66106323e+03, 3.32258575e+02, 1.69565076e+03, 3.24957458e+02,
    1.73155713e+03, 3.17891327e+02, 1.76825903e+03, 3.10473297e+02,
    1.80600842e+03, 3.02972107e+02, 1.84500671e+03, 2.95214630e+02,
    1.66650134e+03, 3.60195831e+02, 1.70100769e+03, 3.53671906e+02,
    1.73661401e+03, 3.46883636e+02, 1.77325122e+03, 3.40153992e+02,
    1.81098608e+03, 3.33268707e+02, 1.84963525e+03, 3.25859253e+02,
    1.67158350e+03, 3.87683228e+02, 1.70617480e+03, 3.81735748e+02,
    1.74172766e+03, 3.75702423e+02, 1.77816650e+03, 3.69438385e+02,
    1.81577161e+03, 3.62798950e+02, 1.85434656e+03, 3.56149353e+02,
    1.67680237e+03, 4.15100250e+02, 1.71127991e+03, 4.09619049e+02,
    1.74649927e+03, 4.03920837e+02, 1.78287598e+03, 3.98263245e+02,
    1.82037988e+03, 3.92290771e+02, 1.85903149e+03, 3.86191223e+02,
    1.68183997e+03, 4.42490540e+02, 1.71636438e+03, 4.37415802e+02,
    1.75148145e+03, 4.32246185e+02, 1.78767151e+03, 4.26931305e+02,
    1.82502649e+03, 4.21496246e+02, 1.86346973e+03, 4.15712738e+02 ]
