%YAML:1.0
---
points: [ 4.02224731e+02, 2.28886909e+01, 4.21053436e+02, 2.33684273e+01,
    4.38855469e+02, 2.42444172e+01, 4.57385651e+02, 2.48055229e+01,
    4.73965271e+02, 2.63427525e+01, 4.91475586e+02, 2.81556358e+01,
    3.98933746e+02, 4.19484291e+01, 4.16877930e+02, 4.21193810e+01,
    4.35282837e+02, 4.24606552e+01, 4.52364075e+02, 4.32749786e+01,
    4.70219330e+02, 4.38960991e+01, 4.86023224e+02, 4.55597305e+01,
    3.95074982e+02, 6.02983818e+01, 4.13074371e+02, 6.03338661e+01,
    4.30660889e+02, 6.05366478e+01, 4.48234802e+02, 6.08480530e+01,
    4.65110291e+02, 6.15983429e+01, 4.82146454e+02, 6.21637154e+01,
    3.91692413e+02, 7.75784836e+01, 4.09053192e+02, 7.76157990e+01,
    4.26477631e+02, 7.75722122e+01, 4.43494629e+02, 7.78107224e+01,
    4.60553650e+02, 7.81482391e+01, 4.76927704e+02, 7.88057709e+01,
    3.88236969e+02, 9.41361694e+01, 4.05243164e+02, 9.38690262e+01,
    4.22206726e+02, 9.39888687e+01, 4.38988495e+02, 9.39440689e+01,
    4.55641205e+02, 9.43036652e+01, 4.72042267e+02, 9.45778961e+01,
    3.84904449e+02, 1.09566566e+02, 4.01471222e+02, 1.09619987e+02,
    4.18081207e+02, 1.09534447e+02, 4.34521545e+02, 1.09551743e+02,
    4.50834045e+02, 1.09609848e+02, 4.66935852e+02, 1.09915329e+02,
    3.81727997e+02, 1.24402054e+02, 3.97914185e+02, 1.24305473e+02,
    4.14097809e+02, 1.24263855e+02, 4.30235321e+02, 1.24171204e+02,
    4.46176544e+02, 1.24290489e+02, 4.61934692e+02, 1.24321999e+02,
    3.78754639e+02, 1.38399078e+02, 3.94492340e+02, 1.38300262e+02,
    4.10250458e+02, 1.38086212e+02, 4.25885803e+02, 1.38235016e+02,
    4.41602600e+02, 1.38067017e+02, 4.57102966e+02, 1.38368820e+02 ]
