%YAML:1.0
---
points: [ 4.38252289e+02, 2.00606995e+02, 4.40729828e+02, 2.09296158e+02,
    4.43284851e+02, 2.18212753e+02, 4.45794128e+02, 2.27358658e+02,
    4.48362579e+02, 2.36690140e+02, 4.51090973e+02, 2.46236954e+02,
    4.28889130e+02, 2.04077652e+02, 4.31184418e+02, 2.12652344e+02,
    4.33589417e+02, 2.21431671e+02, 4.35989319e+02, 2.30377838e+02,
    4.38443420e+02, 2.39653854e+02, 4.40816193e+02, 2.49043991e+02,
    4.19638306e+02, 2.07410599e+02, 4.21763977e+02, 2.15928452e+02,
    4.24087585e+02, 2.24567123e+02, 4.26338348e+02, 2.33460587e+02,
    4.28624542e+02, 2.42555084e+02, 4.31000549e+02, 2.51859406e+02,
    4.10656677e+02, 2.10684219e+02, 4.12765350e+02, 2.19092682e+02,
    4.14894196e+02, 2.27589554e+02, 4.17084778e+02, 2.36369034e+02,
    4.19226410e+02, 2.45341339e+02, 4.21420471e+02, 2.54377411e+02,
    4.01952484e+02, 2.13739014e+02, 4.03973267e+02, 2.22055756e+02,
    4.05972076e+02, 2.30490204e+02, 4.07987152e+02, 2.39173096e+02,
    4.10017273e+02, 2.48027069e+02, 4.12195770e+02, 2.57054443e+02,
    3.93558075e+02, 2.16840363e+02, 3.95433136e+02, 2.25000931e+02,
    3.97345093e+02, 2.33340515e+02, 3.99185120e+02, 2.41897812e+02,
    4.01184570e+02, 2.50645447e+02, 4.03201813e+02, 2.59466278e+02,
    3.85415344e+02, 2.19738297e+02, 3.87157806e+02, 2.27790909e+02,
    3.88989868e+02, 2.36083893e+02, 3.90783508e+02, 2.44447235e+02,
    3.92669678e+02, 2.53115082e+02, 3.94454803e+02, 2.61889313e+02,
    3.77521912e+02, 2.22487701e+02, 3.79120026e+02, 2.30560379e+02,
    3.80783417e+02, 2.38686310e+02, 3.82520294e+02, 2.47017227e+02,
    3.84265778e+02, 2.55474854e+02, 3.86034882e+02, 2.64241730e+02 ]
