%YAML:1.0
---
points: [ 1.62037183e+03, 3.96590820e+02, 1.65089624e+03, 3.91122498e+02,
    1.68302063e+03, 3.85296600e+02, 1.71633618e+03, 3.79278229e+02,
    1.75101489e+03, 3.72782196e+02, 1.78709460e+03, 3.66424347e+02,
    1.62493433e+03, 4.24410675e+02, 1.65581580e+03, 4.19356384e+02,
    1.68788904e+03, 4.14293701e+02, 1.72137988e+03, 4.08767578e+02,
    1.75621484e+03, 4.03429108e+02, 1.79241260e+03, 3.97559845e+02,
    1.62985034e+03, 4.52430695e+02, 1.66062646e+03, 4.48277893e+02,
    1.69293213e+03, 4.43622711e+02, 1.72643445e+03, 4.39033386e+02,
    1.76142957e+03, 4.34041779e+02, 1.79748999e+03, 4.29138733e+02,
    1.63449426e+03, 4.80401947e+02, 1.66559656e+03, 4.76574066e+02,
    1.69775415e+03, 4.72681091e+02, 1.73158765e+03, 4.68673584e+02,
    1.76650110e+03, 4.64535156e+02, 1.80285571e+03, 4.60161530e+02,
    1.63933899e+03, 5.08179596e+02, 1.67042163e+03, 5.05126312e+02,
    1.70284717e+03, 5.01978638e+02, 1.73663257e+03, 4.98525482e+02,
    1.77163123e+03, 4.95044037e+02, 1.80806445e+03, 4.91429077e+02,
    1.64411694e+03, 5.36026794e+02, 1.67529321e+03, 5.33478210e+02,
    1.70770276e+03, 5.30905212e+02, 1.74154248e+03, 5.28290588e+02,
    1.77669836e+03, 5.25487122e+02, 1.81324988e+03, 5.22507996e+02,
    1.64891699e+03, 5.63839050e+02, 1.68023108e+03, 5.61768005e+02,
    1.71267700e+03, 5.59958801e+02, 1.74662378e+03, 5.57808411e+02,
    1.78170996e+03, 5.55610840e+02, 1.81834375e+03, 5.53531006e+02,
    1.65373743e+03, 5.91711121e+02, 1.68516785e+03, 5.90458618e+02,
    1.71753088e+03, 5.89049438e+02, 1.75151685e+03, 5.87551941e+02,
    1.78676941e+03, 5.86208618e+02, 1.82349341e+03, 5.84557190e+02 ]
