%YAML:1.0
---
points: [ 3.79932465e+02, 4.92672043e+01, 3.91971863e+02, 5.52091026e+01,
    4.03079681e+02, 6.07264328e+01, 4.14347778e+02, 6.62732773e+01,
    4.24932739e+02, 7.16622391e+01, 4.35434052e+02, 7.68193817e+01,
    3.80060272e+02, 6.16929092e+01, 3.91730927e+02, 6.72019043e+01,
    4.03486359e+02, 7.27088165e+01, 4.14623138e+02, 7.80837479e+01,
    4.25563080e+02, 8.33555374e+01, 4.35997375e+02, 8.85848312e+01,
    3.79774994e+02, 7.41433029e+01, 3.91886322e+02, 7.96468277e+01,
    4.03524658e+02, 8.51462250e+01, 4.15072021e+02, 9.03715210e+01,
    4.26039429e+02, 9.56102905e+01, 4.36644897e+02, 1.00385445e+02,
    3.79623444e+02, 8.72237320e+01, 3.91854004e+02, 9.26366043e+01,
    4.03803833e+02, 9.79044724e+01, 4.15258850e+02, 1.03068993e+02,
    4.26497620e+02, 1.08060532e+02, 4.37165802e+02, 1.13029892e+02,
    3.79276917e+02, 1.00618637e+02, 3.91850861e+02, 1.05883369e+02,
    4.03886200e+02, 1.11048553e+02, 4.15575409e+02, 1.15982185e+02,
    4.26982300e+02, 1.20951126e+02, 4.37846222e+02, 1.25469910e+02,
    3.79046692e+02, 1.14414696e+02, 3.91711151e+02, 1.19690666e+02,
    4.03990112e+02, 1.24543076e+02, 4.15839844e+02, 1.29432770e+02,
    4.27382904e+02, 1.34142227e+02, 4.38337372e+02, 1.38782700e+02,
    3.78640594e+02, 1.28737625e+02, 3.91478027e+02, 1.33659897e+02,
    4.03961121e+02, 1.38510284e+02, 4.16127533e+02, 1.43191467e+02,
    4.27631409e+02, 1.47750153e+02, 4.38868530e+02, 1.52097351e+02,
    3.78256714e+02, 1.43360870e+02, 3.91336914e+02, 1.48241226e+02,
    4.04076385e+02, 1.52712143e+02, 4.16250397e+02, 1.57393173e+02,
    4.28058411e+02, 1.61752762e+02, 4.39314575e+02, 1.66113708e+02 ]
