%YAML:1.0
---
points: [ 3.89854187e+02, 2.09841660e+02, 3.89768005e+02, 2.19765289e+02,
    3.89723022e+02, 2.29458664e+02, 3.89567078e+02, 2.39241364e+02,
    3.89493591e+02, 2.48928574e+02, 3.89396210e+02, 2.58730560e+02,
    3.82398254e+02, 2.09701706e+02, 3.82334229e+02, 2.19599716e+02,
    3.82326355e+02, 2.29500992e+02, 3.82318359e+02, 2.39256042e+02,
    3.82177948e+02, 2.49154160e+02, 3.82108490e+02, 2.59018494e+02,
    3.74848724e+02, 2.09455780e+02, 3.74722412e+02, 2.19516174e+02,
    3.74586578e+02, 2.29374725e+02, 3.74550171e+02, 2.39308167e+02,
    3.74432190e+02, 2.49270233e+02, 3.74382599e+02, 2.59256104e+02,
    3.67161987e+02, 2.09218613e+02, 3.67061157e+02, 2.19204422e+02,
    3.66938049e+02, 2.29329422e+02, 3.66814911e+02, 2.39357376e+02,
    3.66579132e+02, 2.49464645e+02, 3.66486572e+02, 2.59521851e+02,
    3.59126190e+02, 2.08814102e+02, 3.59045105e+02, 2.19070389e+02,
    3.58950043e+02, 2.29208740e+02, 3.58812714e+02, 2.39395157e+02,
    3.58731995e+02, 2.49536774e+02, 3.58640076e+02, 2.59794189e+02,
    3.51098663e+02, 2.08605774e+02, 3.50856934e+02, 2.18799576e+02,
    3.50795898e+02, 2.29145065e+02, 3.50533691e+02, 2.39390091e+02,
    3.50424316e+02, 2.49773941e+02, 3.50405121e+02, 2.60141693e+02,
    3.42523773e+02, 2.08255402e+02, 3.42409058e+02, 2.18663315e+02,
    3.42332245e+02, 2.29022598e+02, 3.42262573e+02, 2.39486115e+02,
    3.42273499e+02, 2.49890030e+02, 3.42221161e+02, 2.60349823e+02,
    3.34136810e+02, 2.07986572e+02, 3.34079681e+02, 2.18472733e+02,
    3.33895111e+02, 2.29003830e+02, 3.33709198e+02, 2.39473373e+02,
    3.33559296e+02, 2.50090988e+02, 3.33509003e+02, 2.60623322e+02 ]
