%YAML:1.0
---
points: [ 1.30103687e+03, 5.24285400e+02, 1.30076257e+03, 5.52845825e+02,
    1.30060498e+03, 5.81453247e+02, 1.30037256e+03, 6.10031128e+02,
    1.30018872e+03, 6.38795532e+02, 1.30006616e+03, 6.67490723e+02,
    1.27873291e+03, 5.23432983e+02, 1.27852820e+03, 5.52308655e+02,
    1.27831848e+03, 5.81253296e+02, 1.27810486e+03, 6.10158936e+02,
    1.27770215e+03, 6.39367981e+02, 1.27758899e+03, 6.68364807e+02,
    1.25571887e+03, 5.22592712e+02, 1.25545801e+03, 5.51708862e+02,
    1.25516626e+03, 5.81049377e+02, 1.25499146e+03, 6.10323242e+02,
    1.25476343e+03, 6.39712830e+02, 1.25465344e+03, 6.69164307e+02,
    1.23255286e+03, 5.21816528e+02, 1.23224109e+03, 5.51261047e+02,
    1.23190112e+03, 5.80866882e+02, 1.23169714e+03, 6.10466492e+02,
    1.23145984e+03, 6.40210327e+02, 1.23125220e+03, 6.69898804e+02,
    1.20870007e+03, 5.20819946e+02, 1.20834424e+03, 5.50681030e+02,
    1.20800232e+03, 5.80637329e+02, 1.20761560e+03, 6.10549255e+02,
    1.20748425e+03, 6.40516785e+02, 1.20738159e+03, 6.70567505e+02,
    1.18438489e+03, 5.20026550e+02, 1.18397913e+03, 5.50323608e+02,
    1.18373169e+03, 5.80510925e+02, 1.18324170e+03, 6.10763672e+02,
    1.18290332e+03, 6.41045044e+02, 1.18280762e+03, 6.71410950e+02,
    1.15942603e+03, 5.19203674e+02, 1.15907654e+03, 5.49669617e+02,
    1.15877869e+03, 5.80402527e+02, 1.15839587e+03, 6.10889465e+02,
    1.15804004e+03, 6.41501038e+02, 1.15776685e+03, 6.72276428e+02,
    1.13375256e+03, 5.18202087e+02, 1.13343994e+03, 5.49298340e+02,
    1.13320483e+03, 5.80109619e+02, 1.13272302e+03, 6.11112244e+02,
    1.13245337e+03, 6.42080627e+02, 1.13215527e+03, 6.73096802e+02 ]
