%YAML:1.0
---
points: [ 1.30721851e+03, 5.24296204e+02, 1.30692810e+03, 5.53043701e+02,
    1.30680310e+03, 5.81792297e+02, 1.30650989e+03, 6.10781982e+02,
    1.30635156e+03, 6.39700806e+02, 1.30617639e+03, 6.68665771e+02,
    1.28433630e+03, 5.23451965e+02, 1.28395471e+03, 5.52446289e+02,
    1.28368152e+03, 5.81568604e+02, 1.28348083e+03, 6.10850952e+02,
    1.28311877e+03, 6.40074280e+02, 1.28293298e+03, 6.69381592e+02,
    1.26045166e+03, 5.22588684e+02, 1.26019800e+03, 5.51830566e+02,
    1.25990027e+03, 5.81429321e+02, 1.25967859e+03, 6.10902344e+02,
    1.25950415e+03, 6.40398071e+02, 1.25940759e+03, 6.70004456e+02,
    1.23650635e+03, 5.21766113e+02, 1.23620154e+03, 5.51376953e+02,
    1.23588477e+03, 5.81167969e+02, 1.23557324e+03, 6.11028748e+02,
    1.23526050e+03, 6.40643188e+02, 1.23498767e+03, 6.70673096e+02,
    1.21209973e+03, 5.20773499e+02, 1.21159924e+03, 5.50786499e+02,
    1.21140503e+03, 5.80871643e+02, 1.21099768e+03, 6.11008057e+02,
    1.21074915e+03, 6.41103271e+02, 1.21058398e+03, 6.71325317e+02,
    1.18685132e+03, 5.20024536e+02, 1.18647571e+03, 5.50411560e+02,
    1.18635413e+03, 5.80696899e+02, 1.18583313e+03, 6.11086365e+02,
    1.18554504e+03, 6.41478394e+02, 1.18545923e+03, 6.71933533e+02,
    1.16133533e+03, 5.19189026e+02, 1.16091199e+03, 5.49730103e+02,
    1.16061694e+03, 5.80511902e+02, 1.16030640e+03, 6.11194824e+02,
    1.15991516e+03, 6.41988159e+02, 1.15955457e+03, 6.72584473e+02,
    1.13528198e+03, 5.18246826e+02, 1.13471228e+03, 5.49348267e+02,
    1.13441125e+03, 5.80246521e+02, 1.13399463e+03, 6.11304016e+02,
    1.13360645e+03, 6.42381226e+02, 1.13338708e+03, 6.73486450e+02 ]
