%YAML:1.0
---
points: [ 3.92128326e+02, 2.09850296e+02, 3.92014130e+02, 2.19829575e+02,
    3.91882538e+02, 2.29611130e+02, 3.91783905e+02, 2.39481705e+02,
    3.91735962e+02, 2.49276169e+02, 3.91584564e+02, 2.59079681e+02,
    3.84305328e+02, 2.09705963e+02, 3.84319794e+02, 2.19650024e+02,
    3.84267059e+02, 2.29614822e+02, 3.84200745e+02, 2.39455475e+02,
    3.84087097e+02, 2.49474579e+02, 3.83978577e+02, 2.59363068e+02,
    3.76479401e+02, 2.09443222e+02, 3.76400116e+02, 2.19538162e+02,
    3.76319183e+02, 2.29507401e+02, 3.76284668e+02, 2.39502914e+02,
    3.76215149e+02, 2.49538116e+02, 3.76138794e+02, 2.59567963e+02,
    3.68447449e+02, 2.09172501e+02, 3.68313568e+02, 2.19262985e+02,
    3.68263275e+02, 2.29449677e+02, 3.68259216e+02, 2.39505386e+02,
    3.68103058e+02, 2.49673248e+02, 3.68038635e+02, 2.59763153e+02,
    3.60264435e+02, 2.08828354e+02, 3.60227081e+02, 2.19077271e+02,
    3.60163269e+02, 2.29304276e+02, 3.59977020e+02, 2.39625702e+02,
    3.59896393e+02, 2.49785477e+02, 3.59884949e+02, 2.60062988e+02,
    3.51997040e+02, 2.08595413e+02, 3.51776093e+02, 2.18867676e+02,
    3.51666199e+02, 2.29236816e+02, 3.51531769e+02, 2.39582672e+02,
    3.51373749e+02, 2.49876282e+02, 3.51371307e+02, 2.60302704e+02,
    3.43321960e+02, 2.08260178e+02, 3.43231445e+02, 2.18693558e+02,
    3.43179840e+02, 2.29076172e+02, 3.43015594e+02, 2.39572998e+02,
    3.42963135e+02, 2.50051804e+02, 3.42822449e+02, 2.60513947e+02,
    3.34502106e+02, 2.07944077e+02, 3.34411530e+02, 2.18513519e+02,
    3.34303528e+02, 2.29041397e+02, 3.34208740e+02, 2.39513824e+02,
    3.34142273e+02, 2.50212723e+02, 3.34052368e+02, 2.60732788e+02 ]
