%YAML:1.0
---
points: [ 3.86663147e+02, 4.17546883e+01, 4.02354065e+02, 4.12402229e+01,
    4.17511536e+02, 4.08471565e+01, 4.33047028e+02, 4.05247078e+01,
    4.47952026e+02, 4.06409569e+01, 4.63362854e+02, 4.03939590e+01,
    3.86896942e+02, 5.72420044e+01, 4.02013672e+02, 5.66656494e+01,
    4.17793243e+02, 5.60340195e+01, 4.32994202e+02, 5.57776108e+01,
    4.48611145e+02, 5.55782280e+01, 4.63283630e+02, 5.57182198e+01,
    3.86479492e+02, 7.27071228e+01, 4.02096954e+02, 7.22062759e+01,
    4.17496216e+02, 7.16726761e+01, 4.33158600e+02, 7.11932373e+01,
    4.48526215e+02, 7.09413528e+01, 4.63822998e+02, 7.06436539e+01,
    3.86322754e+02, 8.82369385e+01, 4.01792542e+02, 8.76471939e+01,
    4.17370880e+02, 8.70236435e+01, 4.32901794e+02, 8.66696167e+01,
    4.48425659e+02, 8.63773117e+01, 4.63661926e+02, 8.61579819e+01,
    3.85966187e+02, 1.03611496e+02, 4.01441895e+02, 1.02918724e+02,
    4.17106171e+02, 1.02590866e+02, 4.32642426e+02, 1.02004898e+02,
    4.48066711e+02, 1.01737976e+02, 4.63487488e+02, 1.01537621e+02,
    3.85586761e+02, 1.18798225e+02, 4.01164581e+02, 1.18405357e+02,
    4.16720764e+02, 1.17811760e+02, 4.32240814e+02, 1.17527519e+02,
    4.47828522e+02, 1.17093544e+02, 4.63234436e+02, 1.16851700e+02,
    3.85247009e+02, 1.34157608e+02, 4.00725403e+02, 1.33591156e+02,
    4.16354584e+02, 1.33094406e+02, 4.31827271e+02, 1.32655518e+02,
    4.47462250e+02, 1.32489731e+02, 4.62839996e+02, 1.32125931e+02,
    3.85021942e+02, 1.49191772e+02, 4.00339417e+02, 1.48749237e+02,
    4.15828918e+02, 1.48359283e+02, 4.31387146e+02, 1.47901978e+02,
    4.46910522e+02, 1.47655579e+02, 4.62452484e+02, 1.47568726e+02 ]
