%YAML:1.0
---
points: [ 1.48732886e+03, 1.85882660e+02, 1.51275671e+03, 1.80916168e+02,
    1.53834924e+03, 1.76068954e+02, 1.56380554e+03, 1.71201859e+02,
    1.58950549e+03, 1.66312637e+02, 1.61490808e+03, 1.61489807e+02,
    1.49029626e+03, 2.10851685e+02, 1.51578149e+03, 2.06096329e+02,
    1.54123792e+03, 2.01269897e+02, 1.56673486e+03, 1.96397110e+02,
    1.59214844e+03, 1.91684067e+02, 1.61772070e+03, 1.86854858e+02,
    1.49322229e+03, 2.36004486e+02, 1.51854187e+03, 2.31310944e+02,
    1.54416797e+03, 2.26385986e+02, 1.56965869e+03, 2.21599167e+02,
    1.59524780e+03, 2.17010544e+02, 1.62066968e+03, 2.12240509e+02,
    1.49619580e+03, 2.61001648e+02, 1.52154944e+03, 2.56075317e+02,
    1.54708691e+03, 2.51356049e+02, 1.57243237e+03, 2.46547852e+02,
    1.59779346e+03, 2.41858475e+02, 1.62333508e+03, 2.37245529e+02,
    1.49926514e+03, 2.85869019e+02, 1.52437744e+03, 2.81144684e+02,
    1.54972900e+03, 2.76343506e+02, 1.57523816e+03, 2.71557434e+02,
    1.60063696e+03, 2.66776764e+02, 1.62612048e+03, 2.62262634e+02,
    1.50181860e+03, 3.10498291e+02, 1.52748474e+03, 3.05763763e+02,
    1.55277100e+03, 3.01196320e+02, 1.57807971e+03, 2.96501648e+02,
    1.60343347e+03, 2.91794708e+02, 1.62872852e+03, 2.87101654e+02,
    1.50490295e+03, 3.34824432e+02, 1.53015295e+03, 3.30348785e+02,
    1.55550452e+03, 3.25588470e+02, 1.58069019e+03, 3.21219543e+02,
    1.60633752e+03, 3.16516754e+02, 1.63152588e+03, 3.11893250e+02,
    1.50775928e+03, 3.59521423e+02, 1.53299402e+03, 3.54947418e+02,
    1.55842419e+03, 3.50310760e+02, 1.58357446e+03, 3.45645538e+02,
    1.60884570e+03, 3.41189941e+02, 1.63414600e+03, 3.36571411e+02 ]
