%YAML:1.0
---
points: [ 4.20374603e+02, 8.25254517e+01, 4.21358765e+02, 9.32698135e+01,
    4.22259949e+02, 1.03533661e+02, 4.23217682e+02, 1.13645676e+02,
    4.24108673e+02, 1.23248283e+02, 4.25053650e+02, 1.32807693e+02,
    4.09400299e+02, 8.61890182e+01, 4.10550690e+02, 9.66886673e+01,
    4.11671265e+02, 1.06945740e+02, 4.12725769e+02, 1.16960938e+02,
    4.13762604e+02, 1.26619476e+02, 4.14588745e+02, 1.36023712e+02,
    3.98300018e+02, 8.97173920e+01, 3.99645325e+02, 1.00250580e+02,
    4.00934387e+02, 1.10379906e+02, 4.02144836e+02, 1.20283501e+02,
    4.03181030e+02, 1.29962067e+02, 4.04418549e+02, 1.39253159e+02,
    3.87474243e+02, 9.33649216e+01, 3.88835846e+02, 1.03725182e+02,
    3.90255737e+02, 1.13888428e+02, 3.91496887e+02, 1.23689362e+02,
    3.92821350e+02, 1.33254410e+02, 3.94010162e+02, 1.42471313e+02,
    3.76455750e+02, 9.69968796e+01, 3.78065399e+02, 1.07271866e+02,
    3.79567261e+02, 1.17305107e+02, 3.81036316e+02, 1.27075264e+02,
    3.82434082e+02, 1.36559540e+02, 3.83826111e+02, 1.45693527e+02,
    3.65625732e+02, 1.00576721e+02, 3.67274384e+02, 1.10882271e+02,
    3.68913910e+02, 1.20846405e+02, 3.70562439e+02, 1.30408493e+02,
    3.72099976e+02, 1.39785645e+02, 3.73683655e+02, 1.48937592e+02,
    3.54716583e+02, 1.04236099e+02, 3.56647186e+02, 1.14357979e+02,
    3.58492981e+02, 1.24248375e+02, 3.60194427e+02, 1.33784515e+02,
    3.61837585e+02, 1.43111130e+02, 3.63623352e+02, 1.52049377e+02,
    3.43969788e+02, 1.07816948e+02, 3.45955688e+02, 1.17929916e+02,
    3.47975128e+02, 1.27606979e+02, 3.49859192e+02, 1.37186234e+02,
    3.51711884e+02, 1.46300827e+02, 3.53472443e+02, 1.55241043e+02 ]
