%YAML:1.0
---
points: [ 3.20770233e+02, 1.72153519e+02, 3.32798981e+02, 1.72241943e+02,
    3.45468079e+02, 1.72318542e+02, 3.58970428e+02, 1.72410477e+02,
    3.73136505e+02, 1.72363861e+02, 3.88067413e+02, 1.72381439e+02,
    3.19590393e+02, 1.85657928e+02, 3.31597504e+02, 1.86109360e+02,
    3.44190582e+02, 1.86515457e+02, 3.57621063e+02, 1.86914139e+02,
    3.71731201e+02, 1.87387772e+02, 3.86613129e+02, 1.87892059e+02,
    3.18385132e+02, 1.99260223e+02, 3.30400818e+02, 2.00066101e+02,
    3.42964478e+02, 2.00727432e+02, 3.56273071e+02, 2.01631683e+02,
    3.70330200e+02, 2.02476852e+02, 3.85220215e+02, 2.03405762e+02,
    3.17272339e+02, 2.12717377e+02, 3.29210602e+02, 2.13783737e+02,
    3.41726013e+02, 2.14896957e+02, 3.55018524e+02, 2.16101685e+02,
    3.69084320e+02, 2.17511505e+02, 3.83746552e+02, 2.18889496e+02,
    3.16233704e+02, 2.26066696e+02, 3.28063843e+02, 2.27482132e+02,
    3.40474792e+02, 2.29086746e+02, 3.53699493e+02, 2.30702377e+02,
    3.67668121e+02, 2.32329544e+02, 3.82351440e+02, 2.34214539e+02,
    3.15105377e+02, 2.39486038e+02, 3.26835052e+02, 2.41295929e+02,
    3.39315674e+02, 2.43175049e+02, 3.52503082e+02, 2.45114120e+02,
    3.66390137e+02, 2.47227692e+02, 3.81038269e+02, 2.49413239e+02,
    3.14058960e+02, 2.52748032e+02, 3.25760345e+02, 2.54915970e+02,
    3.38199127e+02, 2.57214417e+02, 3.51304291e+02, 2.59607483e+02,
    3.65100006e+02, 2.62043274e+02, 3.79733154e+02, 2.64720215e+02,
    3.12915680e+02, 2.66180145e+02, 3.24692383e+02, 2.68599854e+02,
    3.37055542e+02, 2.71255676e+02, 3.50119049e+02, 2.73968201e+02,
    3.63859985e+02, 2.76961884e+02, 3.78353455e+02, 2.80011932e+02 ]
