%YAML:1.0
---
points: [ 1.38971509e+03, 1.48130829e+02, 1.39284778e+03, 1.80447891e+02,
    1.39587769e+03, 2.11431046e+02, 1.39887048e+03, 2.41342880e+02,
    1.40179041e+03, 2.70556915e+02, 1.40466833e+03, 2.98711151e+02,
    1.35635022e+03, 1.59385239e+02, 1.35985278e+03, 1.91051056e+02,
    1.36353003e+03, 2.21773209e+02, 1.36682861e+03, 2.51759308e+02,
    1.37018774e+03, 2.80538208e+02, 1.37351062e+03, 3.08575256e+02,
    1.32279968e+03, 1.70353592e+02, 1.32723157e+03, 2.01816483e+02,
    1.33111194e+03, 2.32362091e+02, 1.33483496e+03, 2.61739258e+02,
    1.33860742e+03, 2.90436371e+02, 1.34256250e+03, 3.18069489e+02,
    1.29016211e+03, 1.81368301e+02, 1.29464587e+03, 2.12447830e+02,
    1.29918799e+03, 2.42651245e+02, 1.30333167e+03, 2.71959839e+02,
    1.30762561e+03, 3.00286804e+02, 1.31173462e+03, 3.27618408e+02,
    1.25745728e+03, 1.92294571e+02, 1.26249512e+03, 2.23127899e+02,
    1.26742114e+03, 2.52993561e+02, 1.27222424e+03, 2.81879730e+02,
    1.27675098e+03, 3.10018219e+02, 1.28141663e+03, 3.36964172e+02,
    1.22515002e+03, 2.03008301e+02, 1.23063110e+03, 2.33571060e+02,
    1.23611633e+03, 2.63159851e+02, 1.24127112e+03, 2.91729462e+02,
    1.24638513e+03, 3.19470367e+02, 1.25140918e+03, 3.46530731e+02,
    1.19299036e+03, 2.13828339e+02, 1.19924243e+03, 2.43925064e+02,
    1.20515027e+03, 2.73259827e+02, 1.21078589e+03, 3.01558960e+02,
    1.21632263e+03, 3.29068085e+02, 1.22167676e+03, 3.55559937e+02,
    1.16141699e+03, 2.24351593e+02, 1.16790967e+03, 2.54279495e+02,
    1.17434277e+03, 2.83143127e+02, 1.18040515e+03, 3.11277496e+02,
    1.18642529e+03, 3.38481659e+02, 1.19208667e+03, 3.64802826e+02 ]
