%YAML:1.0
---
points: [ 1.52595581e+03, 2.03610809e+02, 1.55161658e+03, 2.00451279e+02,
    1.57726843e+03, 1.97252625e+02, 1.60254346e+03, 1.94165314e+02,
    1.62840173e+03, 1.91067642e+02, 1.65366980e+03, 1.87774200e+02,
    1.53257263e+03, 2.24292191e+02, 1.55833899e+03, 2.21066757e+02,
    1.58420508e+03, 2.17807480e+02, 1.60986865e+03, 2.14658401e+02,
    1.63574561e+03, 2.11687729e+02, 1.66156616e+03, 2.08470642e+02,
    1.53940063e+03, 2.45358337e+02, 1.56525354e+03, 2.42269043e+02,
    1.59148499e+03, 2.39032791e+02, 1.61732190e+03, 2.35749374e+02,
    1.64352991e+03, 2.32714966e+02, 1.66935840e+03, 2.29523727e+02,
    1.54615137e+03, 2.66639557e+02, 1.57240125e+03, 2.63518860e+02,
    1.59862927e+03, 2.60503937e+02, 1.62479260e+03, 2.57187683e+02,
    1.65122351e+03, 2.54237579e+02, 1.67732397e+03, 2.50814926e+02,
    1.55315161e+03, 2.88365204e+02, 1.57958081e+03, 2.85391846e+02,
    1.60602881e+03, 2.82032257e+02, 1.63254724e+03, 2.78936371e+02,
    1.65905957e+03, 2.75853180e+02, 1.68540723e+03, 2.72632324e+02,
    1.55997205e+03, 3.10659882e+02, 1.58712695e+03, 3.07450836e+02,
    1.61355688e+03, 3.04263458e+02, 1.64041467e+03, 3.01155182e+02,
    1.66697693e+03, 2.98072876e+02, 1.69363721e+03, 2.94762207e+02,
    1.56740308e+03, 3.33159058e+02, 1.59432874e+03, 3.29824554e+02,
    1.62121484e+03, 3.26624969e+02, 1.64803796e+03, 3.23585663e+02,
    1.67514844e+03, 3.20383636e+02, 1.70186084e+03, 3.17454895e+02,
    1.57457947e+03, 3.56071442e+02, 1.60191846e+03, 3.52769501e+02,
    1.62887097e+03, 3.49693329e+02, 1.65619458e+03, 3.46421204e+02,
    1.68336182e+03, 3.43500977e+02, 1.71040955e+03, 3.40199066e+02 ]
