%YAML:1.0
---
points: [ 1.74250928e+03, 8.58305115e+02, 1.74540430e+03, 8.98702026e+02,
    1.74819141e+03, 9.39307739e+02, 1.75074573e+03, 9.79886902e+02,
    1.75350830e+03, 1.02022229e+03, 1.75604272e+03, 1.06046216e+03,
    1.69822180e+03, 8.59465637e+02, 1.70112195e+03, 8.99703674e+02,
    1.70391504e+03, 9.40002502e+02, 1.70666345e+03, 9.80421692e+02,
    1.70931885e+03, 1.02053796e+03, 1.71177856e+03, 1.06059973e+03,
    1.65377148e+03, 8.60442017e+02, 1.65678833e+03, 9.00635193e+02,
    1.65962463e+03, 9.40674561e+02, 1.66260535e+03, 9.80862732e+02,
    1.66524170e+03, 1.02083673e+03, 1.66797058e+03, 1.06063037e+03,
    1.61009424e+03, 8.61389404e+02, 1.61290918e+03, 9.01427307e+02,
    1.61615527e+03, 9.41342651e+02, 1.61894873e+03, 9.81215027e+02,
    1.62169031e+03, 1.02107458e+03, 1.62443982e+03, 1.06055115e+03,
    1.56658606e+03, 8.62289856e+02, 1.56970203e+03, 9.02000793e+02,
    1.57293677e+03, 9.41741699e+02, 1.57572595e+03, 9.81482422e+02,
    1.57875342e+03, 1.02096527e+03, 1.58136499e+03, 1.06043030e+03,
    1.52351697e+03, 8.63064636e+02, 1.52682288e+03, 9.02448486e+02,
    1.52970447e+03, 9.42190613e+02, 1.53301343e+03, 9.81478516e+02,
    1.53605127e+03, 1.02115533e+03, 1.53887036e+03, 1.06024292e+03,
    1.48092908e+03, 8.63742920e+02, 1.48423938e+03, 9.03044495e+02,
    1.48767810e+03, 9.42414734e+02, 1.49054761e+03, 9.81511841e+02,
    1.49373364e+03, 1.02079077e+03, 1.49667297e+03, 1.05983765e+03,
    1.43872363e+03, 8.64352173e+02, 1.44231970e+03, 9.03310852e+02,
    1.44541125e+03, 9.42495422e+02, 1.44875024e+03, 9.81471375e+02,
    1.45181824e+03, 1.02050391e+03, 1.45474402e+03, 1.05946484e+03 ]
