%YAML:1.0
---
points: [ 4.23759460e+02, 1.51447388e+02, 4.35954254e+02, 1.59354233e+02,
    4.48860626e+02, 1.67681320e+02, 4.62308685e+02, 1.76479660e+02,
    4.76227997e+02, 1.85899902e+02, 4.90984894e+02, 1.95753174e+02,
    4.17026733e+02, 1.64629364e+02, 4.28928741e+02, 1.72701706e+02,
    4.41216217e+02, 1.81144852e+02, 4.54160767e+02, 1.90183426e+02,
    4.67799713e+02, 1.99567856e+02, 4.81841522e+02, 2.09643280e+02,
    4.10558014e+02, 1.77376984e+02, 4.21930267e+02, 1.85458893e+02,
    4.33901276e+02, 1.94091675e+02, 4.46284271e+02, 2.03175293e+02,
    4.59358673e+02, 2.12818115e+02, 4.73036713e+02, 2.22901291e+02,
    4.04348572e+02, 1.89364258e+02, 4.15281982e+02, 1.97683060e+02,
    4.26911621e+02, 2.06363724e+02, 4.38901764e+02, 2.15522018e+02,
    4.51582520e+02, 2.25165787e+02, 4.64605804e+02, 2.35330353e+02,
    3.98425323e+02, 2.00965897e+02, 4.09062775e+02, 2.09162384e+02,
    4.20159393e+02, 2.18030487e+02, 4.31856628e+02, 2.27318161e+02,
    4.43943573e+02, 2.37033630e+02, 4.56680298e+02, 2.47212601e+02,
    3.92817200e+02, 2.11959076e+02, 4.03059021e+02, 2.20330963e+02,
    4.13781738e+02, 2.29215683e+02, 4.24988770e+02, 2.38527588e+02,
    4.36745972e+02, 2.48214539e+02, 4.48863037e+02, 2.58417542e+02,
    3.87416809e+02, 2.22417953e+02, 3.97322174e+02, 2.30853516e+02,
    4.07654907e+02, 2.39754227e+02, 4.18549103e+02, 2.48995438e+02,
    4.29835938e+02, 2.58890961e+02, 4.41572174e+02, 2.69078644e+02,
    3.82211884e+02, 2.32337814e+02, 3.91862579e+02, 2.40934616e+02,
    4.01852570e+02, 2.49925323e+02, 4.12297791e+02, 2.59180908e+02,
    4.23165741e+02, 2.68934540e+02, 4.34538086e+02, 2.79333801e+02 ]
