%YAML:1.0
---
points: [ 3.57626312e+02, 1.31441574e+02, 3.65342010e+02, 1.41225204e+02,
    3.73041077e+02, 1.51011017e+02, 3.80703796e+02, 1.60867706e+02,
    3.88364044e+02, 1.70621109e+02, 3.96205170e+02, 1.80402954e+02,
    3.49251984e+02, 1.38095169e+02, 3.57056091e+02, 1.47987930e+02,
    3.64826141e+02, 1.57900299e+02, 3.72613312e+02, 1.67733765e+02,
    3.80430878e+02, 1.77670349e+02, 3.88166809e+02, 1.87578247e+02,
    3.40670380e+02, 1.44932465e+02, 3.48552032e+02, 1.54934479e+02,
    3.56408447e+02, 1.64917282e+02, 3.64318115e+02, 1.74860825e+02,
    3.72158386e+02, 1.84890991e+02, 3.80095123e+02, 1.94852249e+02,
    3.32012726e+02, 1.51837402e+02, 3.39831207e+02, 1.61964554e+02,
    3.47820618e+02, 1.72047211e+02, 3.55813293e+02, 1.82134384e+02,
    3.63738983e+02, 1.92208344e+02, 3.71751526e+02, 2.02223404e+02,
    3.23109650e+02, 1.58946487e+02, 3.31087463e+02, 1.69137421e+02,
    3.39070648e+02, 1.79329391e+02, 3.47142181e+02, 1.89492371e+02,
    3.55182190e+02, 1.99673828e+02, 3.63310791e+02, 2.09853409e+02,
    3.14001709e+02, 1.66138794e+02, 3.22042908e+02, 1.76521835e+02,
    3.30217896e+02, 1.86756317e+02, 3.38302399e+02, 1.97058289e+02,
    3.46483948e+02, 2.07278351e+02, 3.54635773e+02, 2.17601349e+02,
    3.04694885e+02, 1.73575256e+02, 3.12897278e+02, 1.83960312e+02,
    3.21147003e+02, 1.94324524e+02, 3.29333008e+02, 2.04697098e+02,
    3.37593140e+02, 2.15077988e+02, 3.45837860e+02, 2.25511810e+02,
    2.95256256e+02, 1.81115448e+02, 3.03566071e+02, 1.91584518e+02,
    3.11849060e+02, 2.02085785e+02, 3.20084900e+02, 2.12615372e+02,
    3.28426910e+02, 2.23114578e+02, 3.36767151e+02, 2.33571381e+02 ]
