%YAML:1.0
---
points: [ 1.37810388e+03, 3.51351562e+02, 1.41288855e+03, 3.74502899e+02,
    1.45003064e+03, 3.98798096e+02, 1.48924280e+03, 4.24765472e+02,
    1.53070923e+03, 4.52165588e+02, 1.57474292e+03, 4.81421661e+02,
    1.35914331e+03, 3.90569916e+02, 1.39282227e+03, 4.13971832e+02,
    1.42830566e+03, 4.39079498e+02, 1.46577966e+03, 4.65259857e+02,
    1.50565015e+03, 4.93221680e+02, 1.54777454e+03, 5.22770813e+02,
    1.34115295e+03, 4.28136780e+02, 1.37340747e+03, 4.52055145e+02,
    1.40758435e+03, 4.77237366e+02, 1.44348889e+03, 5.04011322e+02,
    1.48159790e+03, 5.32175598e+02, 1.52192859e+03, 5.62334656e+02,
    1.32426172e+03, 4.63721832e+02, 1.35525293e+03, 4.87875763e+02,
    1.38816260e+03, 5.13470093e+02, 1.42275024e+03, 5.40404419e+02,
    1.45929358e+03, 5.68942444e+02, 1.49788464e+03, 5.99154419e+02,
    1.30781750e+03, 4.97480713e+02, 1.33782996e+03, 5.22073059e+02,
    1.36946484e+03, 5.47829041e+02, 1.40274011e+03, 5.75113220e+02,
    1.43801343e+03, 6.03762024e+02, 1.47507690e+03, 6.34320740e+02,
    1.29262451e+03, 5.29758911e+02, 1.32145557e+03, 5.54372742e+02,
    1.35181409e+03, 5.80571350e+02, 1.38390430e+03, 6.07837341e+02,
    1.41777527e+03, 6.36992615e+02, 1.45340051e+03, 6.67510681e+02,
    1.27789661e+03, 5.60401794e+02, 1.30589087e+03, 5.85447021e+02,
    1.33518201e+03, 6.11558228e+02, 1.36625854e+03, 6.39255249e+02,
    1.39870752e+03, 6.68267029e+02, 1.43299219e+03, 6.98918884e+02,
    1.26398376e+03, 5.90108276e+02, 1.29093396e+03, 6.15104309e+02,
    1.31938794e+03, 6.41506165e+02, 1.34922949e+03, 6.69000122e+02,
    1.38054639e+03, 6.98278015e+02, 1.41345374e+03, 7.28986145e+02 ]
