%YAML:1.0
---
points: [ 1.05836804e+03, 6.27020874e+02, 1.06463037e+03, 5.78435120e+02,
    1.07103223e+03, 5.28487122e+02, 1.07779675e+03, 4.76933075e+02,
    1.08478870e+03, 4.23659424e+02, 1.09189856e+03, 3.68355682e+02,
    1.11014001e+03, 6.31395325e+02, 1.11723767e+03, 5.83097229e+02,
    1.12442249e+03, 5.33207458e+02, 1.13237549e+03, 4.81695496e+02,
    1.13997400e+03, 4.28453461e+02, 1.14828235e+03, 3.73281250e+02,
    1.16172937e+03, 6.35791504e+02, 1.16967249e+03, 5.87605652e+02,
    1.17773779e+03, 5.37886658e+02, 1.18636743e+03, 4.86487823e+02,
    1.19529944e+03, 4.33126923e+02, 1.20452197e+03, 3.78000275e+02,
    1.21346423e+03, 6.40354797e+02, 1.22232507e+03, 5.92203064e+02,
    1.23147168e+03, 5.42481934e+02, 1.24077332e+03, 4.91205963e+02,
    1.25045227e+03, 4.37819183e+02, 1.26078076e+03, 3.82784943e+02,
    1.26541418e+03, 6.45117798e+02, 1.27493213e+03, 5.96876587e+02,
    1.28493494e+03, 5.47109802e+02, 1.29527551e+03, 4.95750977e+02,
    1.30602380e+03, 4.42586761e+02, 1.31707410e+03, 3.87503204e+02,
    1.31736914e+03, 6.49690979e+02, 1.32779639e+03, 6.01572083e+02,
    1.33858960e+03, 5.51647156e+02, 1.34965637e+03, 5.00424286e+02,
    1.36132446e+03, 4.47260681e+02, 1.37344226e+03, 3.92293427e+02,
    1.36950989e+03, 6.54232788e+02, 1.38062036e+03, 6.06139038e+02,
    1.39254944e+03, 5.56333374e+02, 1.40465686e+03, 5.05116730e+02,
    1.41717578e+03, 4.51971863e+02, 1.42997546e+03, 3.97165833e+02,
    1.42150439e+03, 6.58769897e+02, 1.43347607e+03, 6.10674011e+02,
    1.44590894e+03, 5.60950012e+02, 1.45890601e+03, 5.09670044e+02,
    1.47230444e+03, 4.56613434e+02, 1.48599414e+03, 4.02020111e+02 ]
