%YAML:1.0
---
points: [ 3.18745667e+02, 2.44934784e+02, 3.21339905e+02, 2.28379959e+02,
    3.23991608e+02, 2.11433838e+02, 3.26846710e+02, 1.93892639e+02,
    3.29757477e+02, 1.75730331e+02, 3.32848663e+02, 1.56873352e+02,
    3.36421326e+02, 2.46391693e+02, 3.39314545e+02, 2.30010406e+02,
    3.42345184e+02, 2.13088120e+02, 3.45393890e+02, 1.95506348e+02,
    3.48678955e+02, 1.77363007e+02, 3.51999969e+02, 1.58534485e+02,
    3.54066010e+02, 2.48059952e+02, 3.57132843e+02, 2.31680725e+02,
    3.60456177e+02, 2.14581421e+02, 3.63938080e+02, 1.97183365e+02,
    3.67448364e+02, 1.78997223e+02, 3.71159607e+02, 1.60272049e+02,
    3.71751953e+02, 2.49474411e+02, 3.75175537e+02, 2.33142975e+02,
    3.78668518e+02, 2.16203110e+02, 3.82347382e+02, 1.98776871e+02,
    3.86278687e+02, 1.80656219e+02, 3.90266693e+02, 1.62042801e+02,
    3.89248199e+02, 2.51117523e+02, 3.92981628e+02, 2.34876114e+02,
    3.96879333e+02, 2.17902771e+02, 4.00906799e+02, 2.00469284e+02,
    4.04989502e+02, 1.82240143e+02, 4.09180756e+02, 1.63739563e+02,
    4.06847931e+02, 2.52675613e+02, 4.10804993e+02, 2.36283615e+02,
    4.14987579e+02, 2.19551468e+02, 4.19160645e+02, 2.02087601e+02,
    4.23521240e+02, 1.84008621e+02, 4.28027985e+02, 1.65414673e+02,
    4.24190735e+02, 2.54027863e+02, 4.28508423e+02, 2.37909500e+02,
    4.32906708e+02, 2.20907974e+02, 4.37332764e+02, 2.03669266e+02,
    4.41896973e+02, 1.85586533e+02, 4.46529663e+02, 1.67332230e+02,
    4.41286804e+02, 2.55758347e+02, 4.45840057e+02, 2.39269913e+02,
    4.50376648e+02, 2.22698425e+02, 4.55123993e+02, 2.05187439e+02,
    4.59842529e+02, 1.87540253e+02, 4.64704285e+02, 1.69020950e+02 ]
