%YAML:1.0
---
points: [ 1.71521594e+03, 7.89734436e+02, 1.71914795e+03, 8.31259644e+02,
    1.72299072e+03, 8.72568970e+02, 1.72682324e+03, 9.13979126e+02,
    1.73052881e+03, 9.55550171e+02, 1.73413782e+03, 9.97001465e+02,
    1.67169043e+03, 7.92264221e+02, 1.67565002e+03, 8.33520813e+02,
    1.67961853e+03, 8.74856384e+02, 1.68342493e+03, 9.16320251e+02,
    1.68701135e+03, 9.57441711e+02, 1.69073376e+03, 9.98765442e+02,
    1.62774524e+03, 7.94603394e+02, 1.63188037e+03, 8.35609375e+02,
    1.63590112e+03, 8.76839294e+02, 1.63973376e+03, 9.18255493e+02,
    1.64360083e+03, 9.59492737e+02, 1.64730994e+03, 1.00070129e+03,
    1.58461938e+03, 7.96761292e+02, 1.58871875e+03, 8.37895020e+02,
    1.59254053e+03, 8.78976440e+02, 1.59645557e+03, 9.19950623e+02,
    1.60032056e+03, 9.61137024e+02, 1.60410681e+03, 1.00234076e+03,
    1.54158691e+03, 7.99094543e+02, 1.54545508e+03, 8.39686951e+02,
    1.54948059e+03, 8.80926514e+02, 1.55343701e+03, 9.21761597e+02,
    1.55733215e+03, 9.62674622e+02, 1.56100635e+03, 1.00357556e+03,
    1.49862708e+03, 8.01271912e+02, 1.50259412e+03, 8.41629150e+02,
    1.50657690e+03, 8.82561279e+02, 1.51057751e+03, 9.23407898e+02,
    1.51446118e+03, 9.64417480e+02, 1.51837756e+03, 1.00527411e+03,
    1.45582874e+03, 8.03081787e+02, 1.46001221e+03, 8.43602783e+02,
    1.46429578e+03, 8.84364868e+02, 1.46817468e+03, 9.24822449e+02,
    1.47196082e+03, 9.65664185e+02, 1.47577344e+03, 1.00653479e+03,
    1.41346301e+03, 8.04905579e+02, 1.41762573e+03, 8.45372314e+02,
    1.42174841e+03, 8.85799316e+02, 1.42580579e+03, 9.26407410e+02,
    1.42964172e+03, 9.66984314e+02, 1.43363318e+03, 1.00764008e+03 ]
