%YAML:1.0
---
points: [ 3.57939697e+02, 1.31733185e+02, 3.64468048e+02, 1.42105255e+02,
    3.70940216e+02, 1.52427353e+02, 3.77279907e+02, 1.62648209e+02,
    3.83654114e+02, 1.72701569e+02, 3.89948792e+02, 1.82625839e+02,
    3.48849762e+02, 1.38672821e+02, 3.55447754e+02, 1.49067032e+02,
    3.62034851e+02, 1.59392059e+02, 3.68536499e+02, 1.69583344e+02,
    3.74967621e+02, 1.79735626e+02, 3.81325012e+02, 1.89708923e+02,
    3.39556061e+02, 1.45729202e+02, 3.46328644e+02, 1.56192551e+02,
    3.52975494e+02, 1.66508331e+02, 3.59575836e+02, 1.76771652e+02,
    3.66139984e+02, 1.86884613e+02, 3.72593842e+02, 1.96924683e+02,
    3.30263977e+02, 1.52828766e+02, 3.37071320e+02, 1.63341339e+02,
    3.43818420e+02, 1.73736694e+02, 3.50505463e+02, 1.83997757e+02,
    3.57144073e+02, 1.94143982e+02, 3.63707397e+02, 2.04171722e+02,
    3.20782471e+02, 1.60133972e+02, 3.27749054e+02, 1.70599899e+02,
    3.34567291e+02, 1.80994507e+02, 3.41326233e+02, 1.91290741e+02,
    3.48021362e+02, 2.01421661e+02, 3.54761444e+02, 2.11483505e+02,
    3.11244019e+02, 1.67442871e+02, 3.18225128e+02, 1.78005692e+02,
    3.25201111e+02, 1.88405899e+02, 3.32001343e+02, 1.98684937e+02,
    3.38877319e+02, 2.08859634e+02, 3.45666656e+02, 2.18951584e+02,
    3.01553223e+02, 1.74836304e+02, 3.08678253e+02, 1.85392288e+02,
    3.15724548e+02, 1.95852646e+02, 3.22694519e+02, 2.06121674e+02,
    3.29591217e+02, 2.16363113e+02, 3.36528748e+02, 2.26503494e+02,
    2.91714691e+02, 1.82359528e+02, 2.98935547e+02, 1.92966217e+02,
    3.06067780e+02, 2.03426270e+02, 3.13148743e+02, 2.13767700e+02,
    3.20172607e+02, 2.24053635e+02, 3.27079285e+02, 2.34129608e+02 ]
