%YAML:1.0
---
points: [ 4.20382935e+02, 7.98500519e+01, 4.22493896e+02, 9.51359406e+01,
    4.24599457e+02, 1.10255959e+02, 4.26679626e+02, 1.25447174e+02,
    4.28741364e+02, 1.40658066e+02, 4.30784576e+02, 1.55932892e+02,
    4.04326538e+02, 8.37044220e+01, 4.06498230e+02, 9.86875305e+01,
    4.08492889e+02, 1.13650620e+02, 4.10586914e+02, 1.28641876e+02,
    4.12540375e+02, 1.43677017e+02, 4.14596954e+02, 1.58502502e+02,
    3.88606201e+02, 8.74535675e+01, 3.90655914e+02, 1.02283615e+02,
    3.92697815e+02, 1.17027428e+02, 3.94639221e+02, 1.31820679e+02,
    3.96635712e+02, 1.46526169e+02, 3.98449768e+02, 1.61102402e+02,
    3.73399200e+02, 9.11978912e+01, 3.75381653e+02, 1.05795944e+02,
    3.77368896e+02, 1.20339500e+02, 3.79339172e+02, 1.34856827e+02,
    3.81161072e+02, 1.49265289e+02, 3.83040833e+02, 1.63702332e+02,
    3.58680756e+02, 9.49308624e+01, 3.60633484e+02, 1.09249771e+02,
    3.62592773e+02, 1.23594589e+02, 3.64389954e+02, 1.37861298e+02,
    3.66367859e+02, 1.52088837e+02, 3.68312927e+02, 1.66136749e+02,
    3.44390320e+02, 9.85699005e+01, 3.46262970e+02, 1.12693375e+02,
    3.48174316e+02, 1.26809822e+02, 3.50039337e+02, 1.40768509e+02,
    3.51919495e+02, 1.54709549e+02, 3.53797058e+02, 1.68661179e+02,
    3.30572083e+02, 1.02088554e+02, 3.32466217e+02, 1.15955750e+02,
    3.34333679e+02, 1.29848694e+02, 3.36192719e+02, 1.43608963e+02,
    3.38058197e+02, 1.57290237e+02, 3.39919678e+02, 1.70901596e+02,
    3.17107819e+02, 1.05505226e+02, 3.18987915e+02, 1.19212730e+02,
    3.20872864e+02, 1.32807709e+02, 3.22726440e+02, 1.46332870e+02,
    3.24612732e+02, 1.59804779e+02, 3.26479645e+02, 1.73204681e+02 ]
