%YAML:1.0
---
points: [ 3.72322845e+02, 6.74660721e+01, 3.76905243e+02, 8.47158051e+01,
    3.81423401e+02, 1.01696167e+02, 3.85970581e+02, 1.18407547e+02,
    3.90245239e+02, 1.34912231e+02, 3.94631836e+02, 1.51146439e+02,
    3.55619751e+02, 7.32290955e+01, 3.60393005e+02, 9.03208008e+01,
    3.64942108e+02, 1.07315613e+02, 3.69532593e+02, 1.24007187e+02,
    3.73913239e+02, 1.40391663e+02, 3.78312408e+02, 1.56519150e+02,
    3.39091339e+02, 7.88779831e+01, 3.43834564e+02, 9.60217285e+01,
    3.48557281e+02, 1.12920998e+02, 3.53201752e+02, 1.29546814e+02,
    3.57767944e+02, 1.45877258e+02, 3.62177826e+02, 1.61946518e+02,
    3.22449005e+02, 8.46828842e+01, 3.27338318e+02, 1.01733444e+02,
    3.32178314e+02, 1.18613602e+02, 3.36769836e+02, 1.35102142e+02,
    3.41470276e+02, 1.51439209e+02, 3.46079041e+02, 1.67326584e+02,
    3.05956177e+02, 9.04017487e+01, 3.10894409e+02, 1.07477364e+02,
    3.15767212e+02, 1.24197212e+02, 3.20660004e+02, 1.40706558e+02,
    3.25393616e+02, 1.56833817e+02, 3.30069946e+02, 1.72663834e+02,
    2.89555695e+02, 9.61690292e+01, 2.94599701e+02, 1.13075150e+02,
    2.99614990e+02, 1.29780914e+02, 3.04595093e+02, 1.46115723e+02,
    3.09434967e+02, 1.62180817e+02, 3.14252930e+02, 1.77988556e+02,
    2.73080872e+02, 1.01921539e+02, 2.78324158e+02, 1.18792747e+02,
    2.83427917e+02, 1.35365799e+02, 2.88482910e+02, 1.51709534e+02,
    2.93449646e+02, 1.67644516e+02, 2.98402954e+02, 1.83237411e+02,
    2.56867706e+02, 1.07623299e+02, 2.62266846e+02, 1.24291962e+02,
    2.67549225e+02, 1.40725479e+02, 2.72776367e+02, 1.56935684e+02,
    2.77839722e+02, 1.72858994e+02, 2.82781189e+02, 1.88486115e+02 ]
