%YAML:1.0
---
points: [ 1.42044702e+03, 1.02506396e+03, 1.41546985e+03, 9.85184937e+02,
    1.41054639e+03, 9.45170105e+02, 1.40546680e+03, 9.05423096e+02,
    1.40045752e+03, 8.65552490e+02, 1.39533777e+03, 8.25984497e+02,
    1.46348157e+03, 1.03056543e+03, 1.45839978e+03, 9.90185547e+02,
    1.45344751e+03, 9.49367920e+02, 1.44826428e+03, 9.08711060e+02,
    1.44323694e+03, 8.68181702e+02, 1.43782922e+03, 8.27741394e+02,
    1.50781226e+03, 1.03639893e+03, 1.50273425e+03, 9.94972351e+02,
    1.49768237e+03, 9.53635376e+02, 1.49250854e+03, 9.12229065e+02,
    1.48750085e+03, 8.70669617e+02, 1.48221094e+03, 8.29556885e+02,
    1.55423779e+03, 1.04222986e+03, 1.54912854e+03, 9.99995544e+02,
    1.54406982e+03, 9.57731079e+02, 1.53863916e+03, 9.15611450e+02,
    1.53348926e+03, 8.73433899e+02, 1.52819409e+03, 8.31505859e+02,
    1.60223645e+03, 1.04818384e+03, 1.59708252e+03, 1.00505768e+03,
    1.59212329e+03, 9.61963501e+02, 1.58669373e+03, 9.18941162e+02,
    1.58139014e+03, 8.76194824e+02, 1.57611670e+03, 8.33222717e+02,
    1.65219971e+03, 1.05417285e+03, 1.64721545e+03, 1.01025275e+03,
    1.64196814e+03, 9.66361938e+02, 1.63664868e+03, 9.22604553e+02,
    1.63134583e+03, 8.78667847e+02, 1.62577185e+03, 8.34916321e+02,
    1.70430139e+03, 1.06015869e+03, 1.69902637e+03, 1.01543164e+03,
    1.69389978e+03, 9.70778503e+02, 1.68860571e+03, 9.26065979e+02,
    1.68327271e+03, 8.81456970e+02, 1.67765808e+03, 8.36666992e+02,
    1.75812158e+03, 1.06635742e+03, 1.75279504e+03, 1.02075769e+03,
    1.74753979e+03, 9.75293762e+02, 1.74202161e+03, 9.29506104e+02,
    1.73659253e+03, 8.83926453e+02, 1.73123486e+03, 8.38435608e+02 ]
