%YAML:1.0
---
points: [ 1.21768176e+03, 1.02790771e+02, 1.23177661e+03, 1.54352631e+02,
    1.24526111e+03, 2.04829697e+02, 1.25887585e+03, 2.54439407e+02,
    1.27196021e+03, 3.03275452e+02, 1.28519641e+03, 3.50855347e+02,
    1.16843311e+03, 1.20255775e+02, 1.18256238e+03, 1.71540024e+02,
    1.19660254e+03, 2.21792435e+02, 1.21049109e+03, 2.71075073e+02,
    1.22382788e+03, 3.19499725e+02, 1.23739966e+03, 3.67198242e+02,
    1.11936243e+03, 1.37607498e+02, 1.13394739e+03, 1.88509995e+02,
    1.14837744e+03, 2.38504990e+02, 1.16248914e+03, 2.87556305e+02,
    1.17617920e+03, 3.35850708e+02, 1.18986182e+03, 3.83026154e+02,
    1.07064075e+03, 1.54966125e+02, 1.08557178e+03, 2.05579453e+02,
    1.10039905e+03, 2.55364563e+02, 1.11477344e+03, 3.04174347e+02,
    1.12897607e+03, 3.51861603e+02, 1.14300708e+03, 3.98993042e+02,
    1.02214789e+03, 1.72086487e+02, 1.03755750e+03, 2.22481140e+02,
    1.05256189e+03, 2.71777039e+02, 1.06746106e+03, 3.20289185e+02,
    1.08187976e+03, 3.68004364e+02, 1.09637915e+03, 4.14502686e+02,
    9.74039490e+02, 1.88834473e+02, 9.89789490e+02, 2.39036438e+02,
    1.00535822e+03, 2.88211243e+02, 1.02047522e+03, 3.36407837e+02,
    1.03540662e+03, 3.83618622e+02, 1.05006641e+03, 4.30309875e+02,
    9.25848755e+02, 2.05713303e+02, 9.42164062e+02, 2.55626617e+02,
    9.57952393e+02, 3.04537079e+02, 9.73480896e+02, 3.52436188e+02,
    9.88754761e+02, 3.99528748e+02, 1.00382172e+03, 4.45615479e+02,
    8.78493408e+02, 2.22417938e+02, 8.95025391e+02, 2.71779144e+02,
    9.11272278e+02, 3.20472076e+02, 9.27253784e+02, 3.68195129e+02,
    9.42767822e+02, 4.14847504e+02, 9.58320190e+02, 4.60755310e+02 ]
