%YAML:1.0
---
points: [ 4.07759521e+02, 5.41584106e+02, 4.22579681e+02, 5.08356201e+02,
    4.37886047e+02, 4.73500183e+02, 4.53876404e+02, 4.37597839e+02,
    4.70259979e+02, 4.00355469e+02, 4.87318207e+02, 3.61700195e+02,
    4.53515991e+02, 5.58964905e+02, 4.68920532e+02, 5.26317627e+02,
    4.84871429e+02, 4.92602905e+02, 5.01416351e+02, 4.57568359e+02,
    5.18515198e+02, 4.21416718e+02, 5.36112000e+02, 3.83730072e+02,
    4.98367462e+02, 5.75677429e+02, 5.14373596e+02, 5.44072571e+02,
    5.30741882e+02, 5.10965057e+02, 5.47695679e+02, 4.77261688e+02,
    5.65448853e+02, 4.41811584e+02, 5.83564636e+02, 4.05440735e+02,
    5.41516052e+02, 5.91966370e+02, 5.57899719e+02, 5.60896973e+02,
    5.74822327e+02, 5.28781433e+02, 5.92370544e+02, 4.95635590e+02,
    6.10431030e+02, 4.61478119e+02, 6.29147949e+02, 4.25887512e+02,
    5.83292542e+02, 6.07686707e+02, 6.00158325e+02, 5.77468201e+02,
    6.17529114e+02, 5.46173645e+02, 6.35516907e+02, 5.13818115e+02,
    6.53932922e+02, 4.80277405e+02, 6.73179688e+02, 4.45870270e+02,
    6.23736267e+02, 6.22732849e+02, 6.40940857e+02, 5.93237061e+02,
    6.58812378e+02, 5.62813843e+02, 6.77155151e+02, 5.31206909e+02,
    6.96007446e+02, 4.98734497e+02, 7.15473938e+02, 4.64910645e+02,
    6.62876892e+02, 6.37575867e+02, 6.80499512e+02, 6.08611023e+02,
    6.98629089e+02, 5.78745605e+02, 7.17299316e+02, 5.48007141e+02,
    7.36492065e+02, 5.16295776e+02, 7.56411011e+02, 4.83479919e+02,
    7.01077698e+02, 6.51847656e+02, 7.18882568e+02, 6.23497375e+02,
    7.37330139e+02, 5.94501038e+02, 7.56250610e+02, 5.64379944e+02,
    7.75778320e+02, 5.33303528e+02, 7.96055847e+02, 5.01345123e+02 ]
