%YAML:1.0
---
points: [ 3.88101929e+02, 1.11889961e+02, 3.98309631e+02, 1.05293549e+02,
    4.09048218e+02, 9.84944229e+01, 4.19638031e+02, 9.13166122e+01,
    4.30399536e+02, 8.43592758e+01, 4.41343811e+02, 7.70138397e+01,
    3.94023529e+02, 1.21537132e+02, 4.04547699e+02, 1.14953148e+02,
    4.15002228e+02, 1.08085777e+02, 4.25625671e+02, 1.01241264e+02,
    4.36683105e+02, 9.42602310e+01, 4.47844757e+02, 8.73108215e+01,
    3.99946136e+02, 1.30789688e+02, 4.10382355e+02, 1.24380836e+02,
    4.21176697e+02, 1.17725174e+02, 4.31976654e+02, 1.11237198e+02,
    4.43064362e+02, 1.04223106e+02, 4.53975250e+02, 9.72821045e+01,
    4.05868591e+02, 1.40181564e+02, 4.16467407e+02, 1.33900375e+02,
    4.26995392e+02, 1.27394882e+02, 4.38035187e+02, 1.20899551e+02,
    4.49088867e+02, 1.14210304e+02, 4.60339539e+02, 1.07453209e+02,
    4.11723755e+02, 1.49532471e+02, 4.22237701e+02, 1.43338074e+02,
    4.33206482e+02, 1.37057434e+02, 4.44034973e+02, 1.30688126e+02,
    4.55319519e+02, 1.24184402e+02, 4.66418427e+02, 1.17484268e+02,
    4.17630463e+02, 1.58879425e+02, 4.28248566e+02, 1.52911255e+02,
    4.38989014e+02, 1.46727356e+02, 4.50183380e+02, 1.40495438e+02,
    4.61279022e+02, 1.34108139e+02, 4.72710541e+02, 1.27700439e+02,
    4.23536560e+02, 1.68202026e+02, 4.34106201e+02, 1.62312866e+02,
    4.45118958e+02, 1.56417221e+02, 4.56118195e+02, 1.50270737e+02,
    4.67385254e+02, 1.44129776e+02, 4.78634369e+02, 1.37735931e+02,
    4.29239685e+02, 1.77589920e+02, 4.40054535e+02, 1.71854187e+02,
    4.50879303e+02, 1.65958008e+02, 4.62119110e+02, 1.60044861e+02,
    4.73187256e+02, 1.53899460e+02, 4.84778381e+02, 1.47816910e+02 ]
