%YAML:1.0
---
points: [ 1.29077893e+03, 2.35557098e+02, 1.32082202e+03, 2.15334290e+02,
    1.35199658e+03, 1.94260040e+02, 1.38385767e+03, 1.72796692e+02,
    1.41701172e+03, 1.50465714e+02, 1.45086853e+03, 1.27528999e+02,
    1.30832556e+03, 2.63490509e+02, 1.33870459e+03, 2.43510803e+02,
    1.37005408e+03, 2.23151016e+02, 1.40240015e+03, 2.01928009e+02,
    1.43556421e+03, 1.80299896e+02, 1.46982471e+03, 1.57887512e+02,
    1.32576562e+03, 2.90953674e+02, 1.35627979e+03, 2.71631561e+02,
    1.38805859e+03, 2.51604523e+02, 1.42044971e+03, 2.31157379e+02,
    1.45420850e+03, 2.09788574e+02, 1.48856506e+03, 1.88099167e+02,
    1.34322339e+03, 3.18594025e+02, 1.37420007e+03, 2.99626434e+02,
    1.40598291e+03, 2.80259705e+02, 1.43882507e+03, 2.60134064e+02,
    1.47262146e+03, 2.39373398e+02, 1.50736902e+03, 2.17968094e+02,
    1.36070679e+03, 3.46258270e+02, 1.39172791e+03, 3.27801483e+02,
    1.42399207e+03, 3.08669952e+02, 1.45692786e+03, 2.89160156e+02,
    1.49111121e+03, 2.68715912e+02, 1.52615540e+03, 2.47962799e+02,
    1.37812012e+03, 3.73682922e+02, 1.40955884e+03, 3.55649414e+02,
    1.44190979e+03, 3.37141144e+02, 1.47529895e+03, 3.17865387e+02,
    1.50954321e+03, 2.98313629e+02, 1.54484155e+03, 2.77864868e+02,
    1.39567517e+03, 4.01200073e+02, 1.42728564e+03, 3.83717926e+02,
    1.45999890e+03, 3.65548584e+02, 1.49350244e+03, 3.47066986e+02,
    1.52812561e+03, 3.27637421e+02, 1.56362073e+03, 3.07947479e+02,
    1.41307056e+03, 4.28625854e+02, 1.44504309e+03, 4.11412262e+02,
    1.47777100e+03, 3.93874298e+02, 1.51165186e+03, 3.75623657e+02,
    1.54639221e+03, 3.57085724e+02, 1.58216968e+03, 3.37594543e+02 ]
