%YAML:1.0
---
points: [ 3.13828430e+02, 3.41235657e+01, 3.26848328e+02, 3.12914276e+01,
    3.39748322e+02, 2.87620506e+01, 3.53876404e+02, 2.59155922e+01,
    3.67716522e+02, 2.32589035e+01, 3.82940918e+02, 2.03272743e+01,
    3.13121796e+02, 4.74474602e+01, 3.25682709e+02, 4.51730080e+01,
    3.39151978e+02, 4.25267525e+01, 3.52678253e+02, 4.00446815e+01,
    3.67213074e+02, 3.74301414e+01, 3.81809357e+02, 3.48950653e+01,
    3.11918915e+02, 6.12330780e+01, 3.24852142e+02, 5.88773956e+01,
    3.37985382e+02, 5.67269249e+01, 3.51857635e+02, 5.43272285e+01,
    3.66103455e+02, 5.19838524e+01, 3.81192688e+02, 4.95860329e+01,
    3.11044739e+02, 7.47478104e+01, 3.23711609e+02, 7.28315582e+01,
    3.37085815e+02, 7.08037109e+01, 3.50839325e+02, 6.86650543e+01,
    3.65264954e+02, 6.66159973e+01, 3.80119141e+02, 6.44946365e+01,
    3.09954254e+02, 8.84223404e+01, 3.22740143e+02, 8.67480392e+01,
    3.35975250e+02, 8.50450897e+01, 3.49834839e+02, 8.32180481e+01,
    3.64127197e+02, 8.12952576e+01, 3.79126648e+02, 7.93471603e+01,
    3.08984283e+02, 1.02150314e+02, 3.21692017e+02, 1.00702103e+02,
    3.34966705e+02, 9.92864609e+01, 3.48727661e+02, 9.76779327e+01,
    3.63122772e+02, 9.61493301e+01, 3.78127625e+02, 9.44348755e+01,
    3.07988281e+02, 1.15739296e+02, 3.20669830e+02, 1.14647049e+02,
    3.33851746e+02, 1.13397255e+02, 3.47567749e+02, 1.12183189e+02,
    3.61975281e+02, 1.10900467e+02, 3.76995880e+02, 1.09565727e+02,
    3.06967163e+02, 1.29505463e+02, 3.19605560e+02, 1.28549545e+02,
    3.32722443e+02, 1.27672028e+02, 3.46496033e+02, 1.26741104e+02,
    3.60903870e+02, 1.25744133e+02, 3.75911072e+02, 1.24677521e+02 ]
