%YAML:1.0
---
points: [ 1.39392480e+03, 3.77009674e+02, 1.40967493e+03, 4.07925354e+02,
    1.42538184e+03, 4.39386383e+02, 1.44132422e+03, 4.70808167e+02,
    1.45725879e+03, 5.02716309e+02, 1.47352747e+03, 5.34708069e+02,
    1.35975598e+03, 3.92585205e+02, 1.37499841e+03, 4.23569672e+02,
    1.39050867e+03, 4.54530304e+02, 1.40603772e+03, 4.85946838e+02,
    1.42191003e+03, 5.17472046e+02, 1.43783655e+03, 5.49391113e+02,
    1.32617310e+03, 4.08169006e+02, 1.34125806e+03, 4.38542877e+02,
    1.35644324e+03, 4.69490784e+02, 1.37182849e+03, 5.00593323e+02,
    1.38729260e+03, 5.31906738e+02, 1.40297290e+03, 5.63490173e+02,
    1.29340552e+03, 4.23277649e+02, 1.30805542e+03, 4.53553436e+02,
    1.32314343e+03, 4.84216217e+02, 1.33796606e+03, 5.15156677e+02,
    1.35330322e+03, 5.46116760e+02, 1.36857373e+03, 5.77500916e+02,
    1.26094702e+03, 4.38224152e+02, 1.27555969e+03, 4.68254089e+02,
    1.29010889e+03, 4.98652649e+02, 1.30490979e+03, 5.29089294e+02,
    1.31990723e+03, 5.59980103e+02, 1.33503809e+03, 5.90993042e+02,
    1.22954065e+03, 4.52632446e+02, 1.24362805e+03, 4.82611176e+02,
    1.25811987e+03, 5.12635803e+02, 1.27248450e+03, 5.42919800e+02,
    1.28732532e+03, 5.73494324e+02, 1.30218481e+03, 6.04424316e+02,
    1.19838647e+03, 4.67078217e+02, 1.21235913e+03, 4.96570892e+02,
    1.22641321e+03, 5.26543030e+02, 1.24068213e+03, 5.56572571e+02,
    1.25514514e+03, 5.87028748e+02, 1.26968701e+03, 6.17512634e+02,
    1.16805139e+03, 4.80922485e+02, 1.18181946e+03, 5.10472168e+02,
    1.19564136e+03, 5.40033081e+02, 1.20962085e+03, 5.69836609e+02,
    1.22382300e+03, 5.99822937e+02, 1.23818518e+03, 6.30380920e+02 ]
