%YAML:1.0
---
points: [ 4.23761597e+02, 1.60062256e+02, 4.29116730e+02, 1.70666321e+02,
    4.34403748e+02, 1.81304337e+02, 4.39798981e+02, 1.92050537e+02,
    4.45074524e+02, 2.02694962e+02, 4.50672974e+02, 2.13641190e+02,
    4.12236420e+02, 1.65320389e+02, 4.17502777e+02, 1.75823166e+02,
    4.22781281e+02, 1.86441345e+02, 4.28017426e+02, 1.97088409e+02,
    4.33438446e+02, 2.07780060e+02, 4.38703857e+02, 2.18553223e+02,
    4.00759308e+02, 1.70446671e+02, 4.05950378e+02, 1.81040970e+02,
    4.11115692e+02, 1.91452682e+02, 4.16439758e+02, 2.02127533e+02,
    4.21575500e+02, 2.12645096e+02, 4.27025360e+02, 2.23410431e+02,
    3.89608093e+02, 1.75794006e+02, 3.94640015e+02, 1.85879593e+02,
    3.99888580e+02, 1.96396103e+02, 4.04877991e+02, 2.06852783e+02,
    4.10112854e+02, 2.17494629e+02, 4.15359314e+02, 2.28098282e+02,
    3.78652161e+02, 1.80793274e+02, 3.83751831e+02, 1.90949753e+02,
    3.88413849e+02, 2.01214600e+02, 3.93804291e+02, 2.11585159e+02,
    3.98849274e+02, 2.22192368e+02, 4.03963715e+02, 2.32770676e+02,
    3.67680542e+02, 1.85614288e+02, 3.72625397e+02, 1.96079254e+02,
    3.77598236e+02, 2.06104172e+02, 3.82575348e+02, 2.16260132e+02,
    3.87713776e+02, 2.26795929e+02, 3.92601959e+02, 2.37248672e+02,
    3.56955780e+02, 1.90549011e+02, 3.61513428e+02, 2.00834641e+02,
    3.66835144e+02, 2.10817123e+02, 3.71504303e+02, 2.20975601e+02,
    3.76432739e+02, 2.31292221e+02, 3.81635651e+02, 2.41738647e+02,
    3.46384399e+02, 1.95336121e+02, 3.51069672e+02, 2.05436035e+02,
    3.56025879e+02, 2.14960495e+02, 3.60831604e+02, 2.25548599e+02,
    3.65749146e+02, 2.35701431e+02, 3.70709991e+02, 2.46096344e+02 ]
