%YAML:1.0
---
points: [ 3.16740814e+02, 4.25991554e+01, 3.28953705e+02, 4.51957207e+01,
    3.40602936e+02, 4.76322098e+01, 3.52450714e+02, 5.00407753e+01,
    3.63744080e+02, 5.24168320e+01, 3.75251068e+02, 5.48075676e+01,
    3.15733459e+02, 5.54121819e+01, 3.27697388e+02, 5.78036499e+01,
    3.39807739e+02, 6.01790771e+01, 3.51283295e+02, 6.23715744e+01,
    3.62883667e+02, 6.47656250e+01, 3.74149323e+02, 6.70640564e+01,
    3.14515228e+02, 6.84831772e+01, 3.26690002e+02, 7.06460571e+01,
    3.38539246e+02, 7.28847885e+01, 3.50322144e+02, 7.51442337e+01,
    3.61819244e+02, 7.72813797e+01, 3.73172546e+02, 7.93975067e+01,
    3.13407623e+02, 8.14293518e+01, 3.25447571e+02, 8.35867691e+01,
    3.37397491e+02, 8.57038422e+01, 3.49168457e+02, 8.77687836e+01,
    3.60827942e+02, 8.98279877e+01, 3.72101685e+02, 9.18682480e+01,
    3.12198944e+02, 9.45397034e+01, 3.24333008e+02, 9.64751587e+01,
    3.36277740e+02, 9.85059814e+01, 3.48010315e+02, 1.00449379e+02,
    3.59638458e+02, 1.02430984e+02, 3.71050201e+02, 1.04271172e+02,
    3.11064178e+02, 1.07557899e+02, 3.23189850e+02, 1.09513863e+02,
    3.35103271e+02, 1.11326141e+02, 3.46917450e+02, 1.13189774e+02,
    3.58507111e+02, 1.15013016e+02, 3.70022003e+02, 1.16845146e+02,
    3.09842163e+02, 1.20645317e+02, 3.21948822e+02, 1.22363220e+02,
    3.33947235e+02, 1.24134155e+02, 3.45715576e+02, 1.25867920e+02,
    3.57344208e+02, 1.27586464e+02, 3.68808411e+02, 1.29217743e+02,
    3.08625183e+02, 1.33680984e+02, 3.20758118e+02, 1.35309280e+02,
    3.32710541e+02, 1.36985504e+02, 3.44465027e+02, 1.38643784e+02,
    3.56134583e+02, 1.40221161e+02, 3.67666046e+02, 1.41850983e+02 ]
