%YAML:1.0
---
points: [ 3.11868500e+02, 3.15599670e+02, 3.66621338e+02, 3.09962555e+02,
    4.21611328e+02, 3.04300934e+02, 4.76409790e+02, 2.98624939e+02,
    5.31305786e+02, 2.93258057e+02, 5.85829590e+02, 2.87628082e+02,
    3.40708496e+02, 3.49712799e+02, 3.93488770e+02, 3.44251526e+02,
    4.46119476e+02, 3.38790833e+02, 4.98743103e+02, 3.33624481e+02,
    5.51335815e+02, 3.28261047e+02, 6.03587280e+02, 3.23006653e+02,
    3.67794617e+02, 3.81379578e+02, 4.18304108e+02, 3.76071320e+02,
    4.68898346e+02, 3.70779175e+02, 5.19317078e+02, 3.65761200e+02,
    5.69591553e+02, 3.60596039e+02, 6.19714233e+02, 3.55612396e+02,
    3.92411896e+02, 4.10209473e+02, 4.41163879e+02, 4.05248383e+02,
    4.89654877e+02, 3.99919159e+02, 5.38245056e+02, 3.94939606e+02,
    5.86572937e+02, 3.90136719e+02, 6.34757935e+02, 3.85280670e+02,
    4.15402100e+02, 4.37196289e+02, 4.62175720e+02, 4.31954529e+02,
    5.09073578e+02, 4.27346436e+02, 5.55685913e+02, 4.22445740e+02,
    6.02175659e+02, 4.17402374e+02, 6.48432129e+02, 4.12663849e+02,
    4.36520264e+02, 4.61599915e+02, 4.81606934e+02, 4.56775970e+02,
    5.26889282e+02, 4.52307465e+02, 5.71683899e+02, 4.47409851e+02,
    6.16551880e+02, 4.42677887e+02, 6.61240051e+02, 4.38139771e+02,
    4.56452850e+02, 4.84731659e+02, 4.99942322e+02, 4.80006958e+02,
    5.43532959e+02, 4.75603485e+02, 5.86685974e+02, 4.70663910e+02,
    6.29872742e+02, 4.66231689e+02, 6.72772156e+02, 4.61466522e+02,
    4.74867859e+02, 5.06254852e+02, 5.17061523e+02, 5.01683441e+02,
    5.59031616e+02, 4.97164276e+02, 6.00637878e+02, 4.92479889e+02,
    6.42367981e+02, 4.87875549e+02, 6.83754822e+02, 4.83543976e+02 ]
