%YAML:1.0
---
points: [ 4.27572021e+02, 1.21165245e+02, 4.33395996e+02, 1.31469620e+02,
    4.39237915e+02, 1.41810608e+02, 4.45248108e+02, 1.52280899e+02,
    4.51044861e+02, 1.62724243e+02, 4.57101898e+02, 1.73339600e+02,
    4.16309143e+02, 1.27635590e+02, 4.22014526e+02, 1.37738007e+02,
    4.27834534e+02, 1.48015335e+02, 4.33712250e+02, 1.58175064e+02,
    4.39507080e+02, 1.68591080e+02, 4.45276520e+02, 1.78918228e+02,
    4.05420868e+02, 1.33871124e+02, 4.11104370e+02, 1.43855545e+02,
    4.16804077e+02, 1.53906082e+02, 4.22438812e+02, 1.63940750e+02,
    4.28158051e+02, 1.74138519e+02, 4.33881317e+02, 1.84301971e+02,
    3.94962799e+02, 1.39878998e+02, 4.00436493e+02, 1.49806335e+02,
    4.05929810e+02, 1.59656448e+02, 4.11489197e+02, 1.69576721e+02,
    4.17162567e+02, 1.79545074e+02, 4.22740631e+02, 1.89552521e+02,
    3.84677429e+02, 1.45822449e+02, 3.90023956e+02, 1.55518402e+02,
    3.95470764e+02, 1.65238953e+02, 4.00898987e+02, 1.74973404e+02,
    4.06395630e+02, 1.84804092e+02, 4.11862061e+02, 1.94604675e+02,
    3.74752838e+02, 1.51525009e+02, 3.79980469e+02, 1.61046799e+02,
    3.85275452e+02, 1.70653915e+02, 3.90658752e+02, 1.80201660e+02,
    3.96013611e+02, 1.89827652e+02, 4.01368896e+02, 1.99586700e+02,
    3.65131683e+02, 1.57055313e+02, 3.70233856e+02, 1.66373932e+02,
    3.75395050e+02, 1.75846024e+02, 3.80610382e+02, 1.85285065e+02,
    3.85871582e+02, 1.94757629e+02, 3.91170685e+02, 2.04276093e+02,
    3.55781769e+02, 1.62361359e+02, 3.60854492e+02, 1.71651749e+02,
    3.65905823e+02, 1.80814987e+02, 3.70986847e+02, 1.90128387e+02,
    3.76078674e+02, 1.99471069e+02, 3.81347839e+02, 2.08935303e+02 ]
