%YAML:1.0
---
points: [ 3.28648529e+02, 6.01671295e+01, 3.38079071e+02, 6.79424362e+01,
    3.46984497e+02, 7.55065155e+01, 3.55723328e+02, 8.28766556e+01,
    3.64189575e+02, 9.00562515e+01, 3.72504425e+02, 9.68733749e+01,
    3.26322571e+02, 6.93424530e+01, 3.35660004e+02, 7.70739899e+01,
    3.44879272e+02, 8.46242599e+01, 3.53743988e+02, 9.19259186e+01,
    3.62413940e+02, 9.91110306e+01, 3.70748169e+02, 1.06051445e+02,
    3.23692596e+02, 7.89398193e+01, 3.33368378e+02, 8.67477264e+01,
    3.42678864e+02, 9.42153473e+01, 3.51718445e+02, 1.01500862e+02,
    3.60516968e+02, 1.08610184e+02, 3.69091370e+02, 1.15451248e+02,
    3.21189972e+02, 8.87416458e+01, 3.30892334e+02, 9.65385437e+01,
    3.40388580e+02, 1.04042328e+02, 3.49587799e+02, 1.11191971e+02,
    3.58609955e+02, 1.18366776e+02, 3.67276245e+02, 1.25174004e+02,
    3.18339203e+02, 9.89559250e+01, 3.28338745e+02, 1.06638306e+02,
    3.37993805e+02, 1.14106033e+02, 3.47371674e+02, 1.21286003e+02,
    3.56524567e+02, 1.28319305e+02, 3.65382996e+02, 1.34981720e+02,
    3.15618774e+02, 1.09372742e+02, 3.25695831e+02, 1.17212151e+02,
    3.35593750e+02, 1.24494537e+02, 3.45068054e+02, 1.31637024e+02,
    3.54364807e+02, 1.38596558e+02, 3.63493835e+02, 1.45344849e+02,
    3.12661346e+02, 1.20299515e+02, 3.22950287e+02, 1.27811249e+02,
    3.33016235e+02, 1.35176010e+02, 3.42697571e+02, 1.42247452e+02,
    3.52242889e+02, 1.49187149e+02, 3.61404663e+02, 1.55796036e+02,
    3.09680298e+02, 1.31538452e+02, 3.20174072e+02, 1.38997421e+02,
    3.30393677e+02, 1.46220825e+02, 3.40299408e+02, 1.53289825e+02,
    3.49898224e+02, 1.60141998e+02, 3.59311737e+02, 1.66758209e+02 ]
