%YAML:1.0
---
points: [ 1.40551660e+03, 2.61401642e+02, 1.42294604e+03, 2.91728851e+02,
    1.44037073e+03, 3.22490234e+02, 1.45789819e+03, 3.53283325e+02,
    1.47564612e+03, 3.84317383e+02, 1.49357764e+03, 4.15376160e+02,
    1.37253308e+03, 2.80997101e+02, 1.38928955e+03, 3.10948395e+02,
    1.40642249e+03, 3.41033966e+02, 1.42345593e+03, 3.71375427e+02,
    1.44075354e+03, 4.01635620e+02, 1.45813110e+03, 4.32339630e+02,
    1.34048706e+03, 2.99918640e+02, 1.35710266e+03, 3.29234406e+02,
    1.37361340e+03, 3.58879456e+02, 1.39042493e+03, 3.88548187e+02,
    1.40725623e+03, 4.18548126e+02, 1.42431116e+03, 4.48452637e+02,
    1.30984753e+03, 3.18067108e+02, 1.32592285e+03, 3.47121521e+02,
    1.34212695e+03, 3.76003357e+02, 1.35842310e+03, 4.05300323e+02,
    1.37490710e+03, 4.34540863e+02, 1.39146777e+03, 4.64237518e+02,
    1.28014807e+03, 3.35677460e+02, 1.29587695e+03, 3.63912048e+02,
    1.31163367e+03, 3.92643280e+02, 1.32770349e+03, 4.21302795e+02,
    1.34370557e+03, 4.50325562e+02, 1.35986426e+03, 4.79207520e+02,
    1.25157166e+03, 3.52517120e+02, 1.26686267e+03, 3.80521301e+02,
    1.28244275e+03, 4.08519562e+02, 1.29795984e+03, 4.36747528e+02,
    1.31376587e+03, 4.65233948e+02, 1.32958105e+03, 4.93795685e+02,
    1.22395679e+03, 3.68882538e+02, 1.23895654e+03, 3.96275208e+02,
    1.25403186e+03, 4.24242126e+02, 1.26921204e+03, 4.51649902e+02,
    1.28453918e+03, 4.79709381e+02, 1.30010559e+03, 5.07682892e+02,
    1.19748962e+03, 3.84521576e+02, 1.21216113e+03, 4.11573853e+02,
    1.22693909e+03, 4.38700714e+02, 1.24173987e+03, 4.66218872e+02,
    1.25673462e+03, 4.93510559e+02, 1.27184705e+03, 5.21343933e+02 ]
