%YAML:1.0
---
points: [ 3.92124573e+02, 2.27654312e+02, 4.46834747e+02, 2.37783798e+02,
    4.98514740e+02, 2.47271347e+02, 5.47242249e+02, 2.56307190e+02,
    5.93245911e+02, 2.64954224e+02, 6.36644409e+02, 2.72907043e+02,
    3.82694885e+02, 2.72606842e+02, 4.36690186e+02, 2.81347443e+02,
    4.87559296e+02, 2.89291748e+02, 5.35598267e+02, 2.97032471e+02,
    5.81182190e+02, 3.04180420e+02, 6.23953003e+02, 3.11267334e+02,
    3.73756134e+02, 3.16260773e+02, 4.26709137e+02, 3.23286774e+02,
    4.76948090e+02, 3.29735077e+02, 5.24440247e+02, 3.36281921e+02,
    5.69349182e+02, 3.42422150e+02, 6.11702332e+02, 3.48197754e+02,
    3.65187469e+02, 3.57424316e+02, 4.17454651e+02, 3.63235596e+02,
    4.66752258e+02, 3.68476593e+02, 5.13538696e+02, 3.73577759e+02,
    5.57964111e+02, 3.78521454e+02, 6.00065491e+02, 3.83220551e+02,
    3.56835480e+02, 3.97234222e+02, 4.08237122e+02, 4.01504333e+02,
    4.57119751e+02, 4.05791473e+02, 5.03249420e+02, 4.09640503e+02,
    5.47037537e+02, 4.13459137e+02, 5.88466675e+02, 4.17263184e+02,
    3.49085114e+02, 4.34832245e+02, 3.99556610e+02, 4.38341675e+02,
    4.47602875e+02, 4.41384491e+02, 4.93154999e+02, 4.44408112e+02,
    5.36465454e+02, 4.47120331e+02, 5.77447754e+02, 4.49845032e+02,
    3.41299042e+02, 4.71434570e+02, 3.91226166e+02, 4.73485657e+02,
    4.38544189e+02, 4.75721954e+02, 4.83434052e+02, 4.77483398e+02,
    5.26267334e+02, 4.79538696e+02, 5.66722473e+02, 4.81303406e+02,
    3.33770996e+02, 5.06495605e+02, 3.82921448e+02, 5.07562683e+02,
    4.29621552e+02, 5.08562927e+02, 4.74169952e+02, 5.09654419e+02,
    5.16296326e+02, 5.10715668e+02, 5.56325378e+02, 5.11873566e+02 ]
