%YAML:1.0
---
points: [ 8.16334717e+02, 3.74868042e+02, 8.52755310e+02, 3.54055573e+02,
    8.90845398e+02, 3.32288300e+02, 9.30269714e+02, 3.09523346e+02,
    9.71378052e+02, 2.85730988e+02, 1.01423865e+03, 2.60986847e+02,
    8.44671143e+02, 4.08707581e+02, 8.80991882e+02, 3.88888275e+02,
    9.18656921e+02, 3.68334137e+02, 9.57625122e+02, 3.46751099e+02,
    9.98420349e+02, 3.24365753e+02, 1.04084814e+03, 3.00876495e+02,
    8.72305664e+02, 4.41345337e+02, 9.08125854e+02, 4.22474243e+02,
    9.45496521e+02, 4.02895264e+02, 9.84104980e+02, 3.82647614e+02,
    1.02447156e+03, 3.61478333e+02, 1.06644556e+03, 3.39444244e+02,
    8.98364624e+02, 4.72392456e+02, 9.33909912e+02, 4.54418884e+02,
    9.70947815e+02, 4.35765472e+02, 1.00937787e+03, 4.16466553e+02,
    1.04921008e+03, 3.96468201e+02, 1.09075916e+03, 3.75590790e+02,
    9.23421997e+02, 5.02166840e+02, 9.58702881e+02, 4.84999451e+02,
    9.95465881e+02, 4.67507294e+02, 1.03344678e+03, 4.49238251e+02,
    1.07300977e+03, 4.30123901e+02, 1.11413733e+03, 4.10397675e+02,
    9.47513184e+02, 5.30611633e+02, 9.82516968e+02, 5.14452026e+02,
    1.01898975e+03, 4.97751099e+02, 1.05663440e+03, 4.80304626e+02,
    1.09587939e+03, 4.62293365e+02, 1.13645813e+03, 4.43473267e+02,
    9.70692505e+02, 5.58179077e+02, 1.00543787e+03, 5.42570923e+02,
    1.04150366e+03, 5.26734924e+02, 1.07885498e+03, 5.10144806e+02,
    1.11761670e+03, 4.93041046e+02, 1.15790979e+03, 4.75204285e+02,
    9.93141907e+02, 5.84578918e+02, 1.02752112e+03, 5.69804626e+02,
    1.06336646e+03, 5.54611755e+02, 1.10024048e+03, 5.38849487e+02,
    1.13867944e+03, 5.22583374e+02, 1.17855615e+03, 5.05646149e+02 ]
