%YAML:1.0
---
points: [ 1.33580676e+03, 2.24031174e+02, 1.35012549e+03, 2.66234711e+02,
    1.36430725e+03, 3.09404022e+02, 1.37875000e+03, 3.52478455e+02,
    1.39352490e+03, 3.96163727e+02, 1.40845398e+03, 4.40048737e+02,
    1.29061938e+03, 2.43158173e+02, 1.30425586e+03, 2.84887817e+02,
    1.31818420e+03, 3.27023041e+02, 1.33188123e+03, 3.69451141e+02,
    1.34623950e+03, 4.12304626e+02, 1.36040112e+03, 4.55510773e+02,
    1.24680798e+03, 2.62141327e+02, 1.25987390e+03, 3.02850464e+02,
    1.27327173e+03, 3.44359650e+02, 1.28658838e+03, 3.85788361e+02,
    1.30026062e+03, 4.27830139e+02, 1.31415088e+03, 4.70228241e+02,
    1.20495703e+03, 2.79926636e+02, 1.21755957e+03, 3.20274902e+02,
    1.23050049e+03, 3.60691010e+02, 1.24348511e+03, 4.01538879e+02,
    1.25663171e+03, 4.42752625e+02, 1.26992383e+03, 4.84387543e+02,
    1.16465869e+03, 2.97291229e+02, 1.17705811e+03, 3.36674561e+02,
    1.18930457e+03, 3.76567688e+02, 1.20194055e+03, 4.16551056e+02,
    1.21471033e+03, 4.57137970e+02, 1.22751477e+03, 4.97812103e+02,
    1.12608948e+03, 3.13668335e+02, 1.13813416e+03, 3.52503479e+02,
    1.14988379e+03, 3.91708221e+02, 1.16212317e+03, 4.31291382e+02,
    1.17442834e+03, 4.70754700e+02, 1.18673157e+03, 5.10922546e+02,
    1.08881775e+03, 3.29759125e+02, 1.10041748e+03, 3.67810425e+02,
    1.11196216e+03, 4.06341949e+02, 1.12380579e+03, 4.44956573e+02,
    1.13575916e+03, 4.84154633e+02, 1.14779651e+03, 5.23446228e+02,
    1.05294336e+03, 3.45052551e+02, 1.06434119e+03, 3.82551697e+02,
    1.07551599e+03, 4.20309357e+02, 1.08684058e+03, 4.58476135e+02,
    1.09854272e+03, 4.96771851e+02, 1.11030139e+03, 5.35472900e+02 ]
