%YAML:1.0
---
points: [ 2.55550232e+02, 1.97421097e+02, 2.70853180e+02, 1.94290680e+02,
    2.86496643e+02, 1.90988220e+02, 3.02453033e+02, 1.87636978e+02,
    3.18871460e+02, 1.84161636e+02, 3.35497803e+02, 1.80680191e+02,
    2.59779449e+02, 2.10006226e+02, 2.74826172e+02, 2.07014343e+02,
    2.90126190e+02, 2.03934875e+02, 3.05680450e+02, 2.00786819e+02,
    3.21705414e+02, 1.97630325e+02, 3.38103821e+02, 1.94257507e+02,
    2.63964966e+02, 2.22075150e+02, 2.78560089e+02, 2.19292374e+02,
    2.93499878e+02, 2.16353882e+02, 3.08842010e+02, 2.13534180e+02,
    3.24540527e+02, 2.10481110e+02, 3.40575928e+02, 2.07497665e+02,
    2.67808228e+02, 2.33663132e+02, 2.82269379e+02, 2.30958633e+02,
    2.96857300e+02, 2.28226349e+02, 3.11950317e+02, 2.25463470e+02,
    3.27235229e+02, 2.22653122e+02, 3.42837891e+02, 2.19851959e+02,
    2.71562744e+02, 2.44735168e+02, 2.85742126e+02, 2.42093613e+02,
    3.00130951e+02, 2.39540985e+02, 3.14779755e+02, 2.36996140e+02,
    3.29856079e+02, 2.34306580e+02, 3.45138245e+02, 2.31680908e+02,
    2.75193115e+02, 2.55209763e+02, 2.89085266e+02, 2.52729904e+02,
    3.03164062e+02, 2.50448105e+02, 3.17522125e+02, 2.47935135e+02,
    3.32331299e+02, 2.45515076e+02, 3.47341888e+02, 2.42971924e+02,
    2.78667267e+02, 2.65242126e+02, 2.92319946e+02, 2.63071777e+02,
    3.06148651e+02, 2.60806183e+02, 3.20292999e+02, 2.58508087e+02,
    3.34682861e+02, 2.56156158e+02, 3.49438080e+02, 2.53762985e+02,
    2.81982117e+02, 2.75087952e+02, 2.95382446e+02, 2.72888885e+02,
    3.09046783e+02, 2.70797577e+02, 3.22878571e+02, 2.68592896e+02,
    3.36913605e+02, 2.66385742e+02, 3.51444275e+02, 2.64226532e+02 ]
