%YAML:1.0
---
points: [ 4.09349792e+02, 1.08375885e+02, 4.14314362e+02, 1.22745995e+02,
    4.19320587e+02, 1.37171204e+02, 4.24406036e+02, 1.51883987e+02,
    4.29513489e+02, 1.66615555e+02, 4.34522705e+02, 1.81580154e+02,
    3.93819519e+02, 1.14773972e+02, 3.98660767e+02, 1.28773499e+02,
    4.03482513e+02, 1.43051285e+02, 4.08391602e+02, 1.57368378e+02,
    4.13264221e+02, 1.72034470e+02, 4.18292206e+02, 1.86643463e+02,
    3.78790070e+02, 1.20926567e+02, 3.83376282e+02, 1.34773392e+02,
    3.87984406e+02, 1.48838821e+02, 3.92664459e+02, 1.63023788e+02,
    3.97455963e+02, 1.77192322e+02, 4.02248474e+02, 1.91624329e+02,
    3.64186340e+02, 1.26897202e+02, 3.68604858e+02, 1.40621078e+02,
    3.73124512e+02, 1.54288651e+02, 3.77733002e+02, 1.68258469e+02,
    3.82257202e+02, 1.82240204e+02, 3.86855438e+02, 1.96383987e+02,
    3.50105347e+02, 1.32763626e+02, 3.54468475e+02, 1.46128555e+02,
    3.58733032e+02, 1.59748138e+02, 3.63108734e+02, 1.73361359e+02,
    3.67552765e+02, 1.87185059e+02, 3.72004791e+02, 2.01014771e+02,
    3.36548859e+02, 1.38405746e+02, 3.40723755e+02, 1.51627441e+02,
    3.44864319e+02, 1.64867569e+02, 3.49147461e+02, 1.78257538e+02,
    3.53413116e+02, 1.91877274e+02, 3.57744965e+02, 2.05429504e+02,
    3.23532501e+02, 1.43825500e+02, 3.27532532e+02, 1.56806686e+02,
    3.31581726e+02, 1.69858429e+02, 3.35797821e+02, 1.82954208e+02,
    3.39905029e+02, 1.96339828e+02, 3.44044678e+02, 2.09599915e+02,
    3.10940033e+02, 1.49035751e+02, 3.14830780e+02, 1.61833054e+02,
    3.18747253e+02, 1.74603714e+02, 3.22733337e+02, 1.87628387e+02,
    3.26815460e+02, 2.00672104e+02, 3.30793396e+02, 2.13811920e+02 ]
