%YAML:1.0
---
points: [ 7.96924561e+02, 1.48103134e+02, 8.47200256e+02, 1.66493134e+02,
    8.97680115e+02, 1.84608704e+02, 9.48584778e+02, 2.02949142e+02,
    1.00004828e+03, 2.21367325e+02, 1.05168762e+03, 2.39676300e+02,
    7.98274536e+02, 1.89653336e+02, 8.46466431e+02, 2.07268784e+02,
    8.94734924e+02, 2.24867020e+02, 9.43460754e+02, 2.42530273e+02,
    9.92427917e+02, 2.60267334e+02, 1.04214050e+03, 2.78127869e+02,
    7.99677185e+02, 2.28124756e+02, 8.45633789e+02, 2.45036224e+02,
    8.92041504e+02, 2.62024811e+02, 9.38546448e+02, 2.79226837e+02,
    9.85618408e+02, 2.96228241e+02, 1.03288428e+03, 3.13444305e+02,
    8.00935852e+02, 2.63279602e+02, 8.45045044e+02, 2.79576050e+02,
    8.89662354e+02, 2.95931427e+02, 9.34360352e+02, 3.12271393e+02,
    9.79425354e+02, 3.28913605e+02, 1.02472107e+03, 3.45471283e+02,
    8.02030762e+02, 2.95724487e+02, 8.44517883e+02, 3.11423462e+02,
    8.87207947e+02, 3.27308044e+02, 9.30282288e+02, 3.43304230e+02,
    9.73740845e+02, 3.59033997e+02, 1.01726556e+03, 3.75344360e+02,
    8.03037598e+02, 3.25501190e+02, 8.44061096e+02, 3.40849121e+02,
    8.85320129e+02, 3.56384033e+02, 9.26666809e+02, 3.71588928e+02,
    9.68407715e+02, 3.87080597e+02, 1.01042731e+03, 4.02615692e+02,
    8.04096802e+02, 3.53469849e+02, 8.43535767e+02, 3.68163483e+02,
    8.83221252e+02, 3.83278381e+02, 9.23247070e+02, 3.97760376e+02,
    9.63549744e+02, 4.12846008e+02, 1.00382751e+03, 4.27889008e+02,
    8.04978271e+02, 3.79471313e+02, 8.43213562e+02, 3.93660889e+02,
    8.81437134e+02, 4.07998322e+02, 9.20058655e+02, 4.22396088e+02,
    9.58885437e+02, 4.36947662e+02, 9.97756104e+02, 4.51606018e+02 ]
