%YAML:1.0
---
points: [ 2.70466614e+02, 1.71782898e+02, 2.81821991e+02, 1.71045761e+02,
    2.93628113e+02, 1.70056366e+02, 3.06155701e+02, 1.69100327e+02,
    3.19189911e+02, 1.67964432e+02, 3.33010834e+02, 1.66815903e+02,
    2.70633850e+02, 1.85329727e+02, 2.81953522e+02, 1.84541183e+02,
    2.93741119e+02, 1.83989700e+02, 3.06187256e+02, 1.83306625e+02,
    3.19238678e+02, 1.82648727e+02, 3.33053497e+02, 1.81904434e+02,
    2.70735260e+02, 1.98618835e+02, 2.81975494e+02, 1.98413330e+02,
    2.93847290e+02, 1.98065186e+02, 3.06226990e+02, 1.97680420e+02,
    3.19293823e+02, 1.97323914e+02, 3.33050018e+02, 1.97013489e+02,
    2.70865417e+02, 2.12026093e+02, 2.82156036e+02, 2.11931763e+02,
    2.93993561e+02, 2.11945343e+02, 3.06393097e+02, 2.11883469e+02,
    3.19306183e+02, 2.12038910e+02, 3.33139191e+02, 2.11997986e+02,
    2.70949158e+02, 2.25247864e+02, 2.82238251e+02, 2.25575790e+02,
    2.94085297e+02, 2.25860229e+02, 3.06423035e+02, 2.26241394e+02,
    3.19457336e+02, 2.26559082e+02, 3.33217255e+02, 2.26979248e+02,
    2.71109314e+02, 2.38508270e+02, 2.82397461e+02, 2.39135971e+02,
    2.94189758e+02, 2.39773544e+02, 3.06682648e+02, 2.40375641e+02,
    3.19593506e+02, 2.41156967e+02, 3.33261902e+02, 2.41872375e+02,
    2.71234833e+02, 2.51709152e+02, 2.82634644e+02, 2.52774460e+02,
    2.94320496e+02, 2.53614075e+02, 3.06817719e+02, 2.54610382e+02,
    3.19807800e+02, 2.55632904e+02, 3.33446350e+02, 2.56804016e+02,
    2.71399872e+02, 2.65174347e+02, 2.82777557e+02, 2.66201416e+02,
    2.94485443e+02, 2.67477539e+02, 3.07026611e+02, 2.68873993e+02,
    3.20053162e+02, 2.70307281e+02, 3.33618195e+02, 2.71757446e+02 ]
