%YAML:1.0
---
points: [ 2.31877670e+02, 1.96071976e+02, 2.43401352e+02, 1.79247421e+02,
    2.55072113e+02, 1.62481842e+02, 2.66709595e+02, 1.45445847e+02,
    2.78319702e+02, 1.28550644e+02, 2.90140656e+02, 1.11313789e+02,
    2.48025955e+02, 2.07331207e+02, 2.59758820e+02, 1.90281265e+02,
    2.71526031e+02, 1.73262466e+02, 2.83297943e+02, 1.56209686e+02,
    2.95259094e+02, 1.38891937e+02, 3.07123138e+02, 1.21619247e+02,
    2.64497803e+02, 2.18880325e+02, 2.76485321e+02, 2.01671265e+02,
    2.88366974e+02, 1.84462265e+02, 3.00347626e+02, 1.67046463e+02,
    3.12436920e+02, 1.49659225e+02, 3.24659210e+02, 1.32082443e+02,
    2.81626648e+02, 2.30783768e+02, 2.93610962e+02, 2.13254669e+02,
    3.05735901e+02, 1.95721146e+02, 3.17943665e+02, 1.78230820e+02,
    3.30275635e+02, 1.60611359e+02, 3.42574097e+02, 1.42868958e+02,
    2.99005615e+02, 2.42960617e+02, 3.11344757e+02, 2.25297562e+02,
    3.23744629e+02, 2.07563278e+02, 3.36126312e+02, 1.89741943e+02,
    3.48616455e+02, 1.71846695e+02, 3.61144226e+02, 1.53922546e+02,
    3.17084198e+02, 2.54839935e+02, 3.29725006e+02, 2.37559082e+02,
    3.42201813e+02, 2.19599091e+02, 3.54816528e+02, 2.01610260e+02,
    3.67527679e+02, 1.83521667e+02, 3.80264374e+02, 1.65299484e+02,
    3.35896942e+02, 2.68589233e+02, 3.48622101e+02, 2.50475952e+02,
    3.61394531e+02, 2.32129883e+02, 3.74268555e+02, 2.13925919e+02,
    3.87153595e+02, 1.95540619e+02, 3.99961182e+02, 1.77131577e+02,
    3.55076569e+02, 2.82046265e+02, 3.68045380e+02, 2.63556915e+02,
    3.80971222e+02, 2.44969681e+02, 3.94087097e+02, 2.26476608e+02,
    4.06993500e+02, 2.07848511e+02, 4.20147217e+02, 1.89137924e+02 ]
