%YAML:1.0
---
points: [ 7.91089050e+02, 4.83561096e+02, 8.25195129e+02, 4.34478912e+02,
    8.59125977e+02, 3.85284637e+02, 8.92856750e+02, 3.35856964e+02,
    9.26698425e+02, 2.85984528e+02, 9.60501892e+02, 2.35845901e+02,
    8.37609436e+02, 5.16377258e+02, 8.72301758e+02, 4.66741150e+02,
    9.06661987e+02, 4.16915405e+02, 9.41071472e+02, 3.66805023e+02,
    9.75477478e+02, 3.16519073e+02, 1.00982416e+03, 2.65621796e+02,
    8.85078125e+02, 5.50059814e+02, 9.20256836e+02, 4.99811462e+02,
    9.55266968e+02, 4.49278503e+02, 9.90289490e+02, 3.98627655e+02,
    1.02529285e+03, 3.47660767e+02, 1.06035107e+03, 2.96350830e+02,
    9.33766174e+02, 5.84683777e+02, 9.69573303e+02, 5.33781555e+02,
    1.00518274e+03, 4.82597687e+02, 1.04079590e+03, 4.31351715e+02,
    1.07650269e+03, 3.79696991e+02, 1.11224072e+03, 3.27659576e+02,
    9.83911865e+02, 6.20581055e+02, 1.02021802e+03, 5.68890686e+02,
    1.05644177e+03, 5.17187744e+02, 1.09266736e+03, 4.64996674e+02,
    1.12907483e+03, 4.12612610e+02, 1.16558960e+03, 3.59895447e+02,
    1.03514270e+03, 6.57340027e+02, 1.07219946e+03, 6.04926880e+02,
    1.10915308e+03, 5.52306458e+02, 1.14613879e+03, 4.99631592e+02,
    1.18334729e+03, 4.46583527e+02, 1.22046350e+03, 3.93190826e+02,
    1.08837585e+03, 6.95734558e+02, 1.12589941e+03, 6.42531799e+02,
    1.16374463e+03, 5.89207703e+02, 1.20153320e+03, 5.35594116e+02,
    1.23949097e+03, 4.81691437e+02, 1.27747180e+03, 4.27610352e+02,
    1.14265869e+03, 7.35203918e+02, 1.18123022e+03, 6.81111389e+02,
    1.21958215e+03, 6.26859192e+02, 1.25822668e+03, 5.72560059e+02,
    1.29682031e+03, 5.17765503e+02, 1.33564771e+03, 4.62905914e+02 ]
