%YAML:1.0
---
points: [ 9.53342407e+02, 5.08600220e+02, 9.57230835e+02, 5.45267090e+02,
    9.60779663e+02, 5.80540710e+02, 9.64504272e+02, 6.14301025e+02,
    9.68020386e+02, 6.46903748e+02, 9.71304871e+02, 6.78511353e+02,
    9.10730896e+02, 5.13531006e+02, 9.15511719e+02, 5.50137207e+02,
    9.19963989e+02, 5.85387756e+02, 9.24251770e+02, 6.19139832e+02,
    9.28456604e+02, 6.51504822e+02, 9.32584534e+02, 6.82983704e+02,
    8.68268433e+02, 5.18550354e+02, 8.73763306e+02, 5.54939148e+02,
    8.79214233e+02, 5.90023926e+02, 8.84312256e+02, 6.23730347e+02,
    8.89206726e+02, 6.56235413e+02, 8.93779907e+02, 6.87524292e+02,
    8.25545593e+02, 5.23481201e+02, 8.32057312e+02, 5.59709045e+02,
    8.38191284e+02, 5.94856995e+02, 8.44006653e+02, 6.28509399e+02,
    8.49575806e+02, 6.60836304e+02, 8.54957336e+02, 6.92287292e+02,
    7.82599915e+02, 5.28399719e+02, 7.90083679e+02, 5.64679199e+02,
    7.96828186e+02, 5.99464050e+02, 8.03627686e+02, 6.33255249e+02,
    8.10159790e+02, 6.65569946e+02, 8.16297119e+02, 6.96712524e+02,
    7.39724182e+02, 5.33394287e+02, 7.48145203e+02, 5.69543701e+02,
    7.55619080e+02, 6.04380981e+02, 7.63327148e+02, 6.37852356e+02,
    7.70402710e+02, 6.70363770e+02, 7.77283203e+02, 7.01414124e+02,
    6.96524963e+02, 5.38237610e+02, 7.05569275e+02, 5.74446350e+02,
    7.14045410e+02, 6.09155823e+02, 7.22422791e+02, 6.42708618e+02,
    7.30337341e+02, 6.74947876e+02, 7.37994690e+02, 7.06217346e+02,
    6.53348755e+02, 5.43116821e+02, 6.63300781e+02, 5.79199341e+02,
    6.72607361e+02, 6.13918823e+02, 6.81642822e+02, 6.47439026e+02,
    6.90441772e+02, 6.79679688e+02, 6.98725220e+02, 7.10603149e+02 ]
