%YAML:1.0
---
points: [ 8.07354004e+02, 2.51239914e+02, 8.67698608e+02, 2.40454895e+02,
    9.28104309e+02, 2.29527969e+02, 9.88594360e+02, 2.18442429e+02,
    1.04936572e+03, 2.07294586e+02, 1.11052197e+03, 1.95612534e+02,
    8.19652161e+02, 3.13401123e+02, 8.79324463e+02, 3.02764587e+02,
    9.38733398e+02, 2.92184113e+02, 9.98457214e+02, 2.81446564e+02,
    1.05848547e+03, 2.70333862e+02, 1.11858398e+03, 2.59230591e+02,
    8.31602966e+02, 3.73600098e+02, 8.90400452e+02, 3.63243317e+02,
    9.49192566e+02, 3.52721741e+02, 1.00795624e+03, 3.42214050e+02,
    1.06735254e+03, 3.31393524e+02, 1.12674011e+03, 3.20492218e+02,
    8.43393066e+02, 4.32422821e+02, 9.01314209e+02, 4.22263672e+02,
    9.59298645e+02, 4.11806152e+02, 1.01753357e+03, 4.01570740e+02,
    1.07580261e+03, 3.91096985e+02, 1.13468958e+03, 3.80557159e+02,
    8.54441589e+02, 4.89680450e+02, 9.11703491e+02, 4.79516602e+02,
    9.69306396e+02, 4.69529083e+02, 1.02668298e+03, 4.59329956e+02,
    1.08456885e+03, 4.49144806e+02, 1.14252002e+03, 4.38679474e+02,
    8.65344360e+02, 5.45487732e+02, 9.22134583e+02, 5.35488892e+02,
    9.78840515e+02, 5.25573792e+02, 1.03562659e+03, 5.15621338e+02,
    1.09268225e+03, 5.05632874e+02, 1.15015015e+03, 4.95611053e+02,
    8.76091064e+02, 6.00528625e+02, 9.32279663e+02, 5.90619507e+02,
    9.88386780e+02, 5.80931885e+02, 1.04454858e+03, 5.71211975e+02,
    1.10114099e+03, 5.61245728e+02, 1.15789099e+03, 5.51419922e+02,
    8.86428589e+02, 6.53928833e+02, 9.42045654e+02, 6.44301392e+02,
    9.97420349e+02, 6.34507629e+02, 1.05327307e+03, 6.24730957e+02,
    1.10909131e+03, 6.15345276e+02, 1.16529224e+03, 6.05684998e+02 ]
