%YAML:1.0
---
points: [ 2.37990219e+02, 1.17459702e+02, 2.58577820e+02, 1.13652596e+02,
    2.79058441e+02, 1.09873375e+02, 2.99691498e+02, 1.06064049e+02,
    3.20450775e+02, 1.02227417e+02, 3.41157257e+02, 9.83912506e+01,
    2.41794434e+02, 1.38511124e+02, 2.62118134e+02, 1.34857391e+02,
    2.82230743e+02, 1.31131180e+02, 3.02647064e+02, 1.27455017e+02,
    3.23092438e+02, 1.23625961e+02, 3.43719849e+02, 1.19753151e+02,
    2.45448196e+02, 1.59048309e+02, 2.65510956e+02, 1.55499603e+02,
    2.85437408e+02, 1.51671448e+02, 3.05602112e+02, 1.48131210e+02,
    3.25797333e+02, 1.44332718e+02, 3.46071472e+02, 1.40662811e+02,
    2.49105804e+02, 1.78839828e+02, 2.68729065e+02, 1.75457870e+02,
    2.88481598e+02, 1.71785492e+02, 3.08412933e+02, 1.68155457e+02,
    3.28347290e+02, 1.64684753e+02, 3.48482208e+02, 1.60935593e+02,
    2.52581100e+02, 1.98230148e+02, 2.71848969e+02, 1.94833771e+02,
    2.91440063e+02, 1.91380554e+02, 3.11006989e+02, 1.87882996e+02,
    3.30884796e+02, 1.84338303e+02, 3.50759186e+02, 1.80837845e+02,
    2.55894623e+02, 2.17268387e+02, 2.75141266e+02, 2.13900208e+02,
    2.94409210e+02, 2.10420181e+02, 3.13858398e+02, 2.07162323e+02,
    3.33542511e+02, 2.03679459e+02, 3.53117188e+02, 2.00126022e+02,
    2.59188232e+02, 2.35799866e+02, 2.78204346e+02, 2.32565643e+02,
    2.97338287e+02, 2.29289566e+02, 3.16536011e+02, 2.25921204e+02,
    3.35895050e+02, 2.22598297e+02, 3.55363617e+02, 2.19322296e+02,
    2.62416992e+02, 2.53946320e+02, 2.81276886e+02, 2.50762375e+02,
    3.00209778e+02, 2.47438431e+02, 3.19182098e+02, 2.44273926e+02,
    3.38360382e+02, 2.40969498e+02, 3.57553101e+02, 2.37759155e+02 ]
