%YAML:1.0
---
points: [ 2.60552856e+02, 1.62868790e+02, 2.72320465e+02, 1.64304855e+02,
    2.83589813e+02, 1.65804016e+02, 2.94463593e+02, 1.67126740e+02,
    3.05081329e+02, 1.68452896e+02, 3.15198212e+02, 1.69650604e+02,
    2.60036255e+02, 1.76896606e+02, 2.71753510e+02, 1.78112473e+02,
    2.83069977e+02, 1.79288269e+02, 2.94048523e+02, 1.80361389e+02,
    3.04501678e+02, 1.81401657e+02, 3.14669006e+02, 1.82560501e+02,
    2.59450104e+02, 1.91056213e+02, 2.71183655e+02, 1.91891617e+02,
    2.82527100e+02, 1.92820053e+02, 2.93412415e+02, 1.93641190e+02,
    3.04085999e+02, 1.94575424e+02, 3.14234467e+02, 1.95299911e+02,
    2.58976959e+02, 2.05014099e+02, 2.70751678e+02, 2.05669266e+02,
    2.82010895e+02, 2.06364639e+02, 2.92970062e+02, 2.06976852e+02,
    3.03510468e+02, 2.07519791e+02, 3.13722595e+02, 2.08211182e+02,
    2.58473724e+02, 2.19074326e+02, 2.70226685e+02, 2.19513565e+02,
    2.81495911e+02, 2.19844803e+02, 2.92427856e+02, 2.20282196e+02,
    3.03065247e+02, 2.20624374e+02, 3.13200684e+02, 2.20942093e+02,
    2.57837524e+02, 2.33163040e+02, 2.69661041e+02, 2.33283783e+02,
    2.81073456e+02, 2.33377747e+02, 2.91969635e+02, 2.33535019e+02,
    3.02521240e+02, 2.33610580e+02, 3.12757050e+02, 2.33770798e+02,
    2.57303223e+02, 2.47237915e+02, 2.69132690e+02, 2.47117065e+02,
    2.80514954e+02, 2.47000931e+02, 2.91434174e+02, 2.46793793e+02,
    3.02088593e+02, 2.46679535e+02, 3.12298553e+02, 2.46462250e+02,
    2.56771179e+02, 2.61283051e+02, 2.68617798e+02, 2.60959778e+02,
    2.80078979e+02, 2.60469360e+02, 2.90998901e+02, 2.60157440e+02,
    3.01584381e+02, 2.59787994e+02, 3.11871704e+02, 2.59417267e+02 ]
