%YAML:1.0
---
points: [ 9.31105408e+02, 5.53132996e+02, 9.24165405e+02, 5.92546631e+02,
    9.17413025e+02, 6.32200989e+02, 9.10751099e+02, 6.71401978e+02,
    9.03773865e+02, 7.10788818e+02, 8.97090454e+02, 7.50024231e+02,
    8.98573486e+02, 5.49256897e+02, 8.91616699e+02, 5.89651306e+02,
    8.84834595e+02, 6.30079956e+02, 8.77934509e+02, 6.70526062e+02,
    8.70802917e+02, 7.10774597e+02, 8.64260681e+02, 7.50854248e+02,
    8.64760986e+02, 5.45096741e+02, 8.57770874e+02, 5.86615356e+02,
    8.50541504e+02, 6.28021423e+02, 8.43678650e+02, 6.69457947e+02,
    8.36559021e+02, 7.10678223e+02, 8.29337341e+02, 7.51684143e+02,
    8.29070190e+02, 5.40674072e+02, 8.21906799e+02, 5.83316589e+02,
    8.14698425e+02, 6.25804199e+02, 8.07419128e+02, 6.68347229e+02,
    8.00344421e+02, 7.10676941e+02, 7.93050049e+02, 7.53054199e+02,
    7.91399109e+02, 5.36263367e+02, 7.84132507e+02, 5.80146484e+02,
    7.76598877e+02, 6.23586426e+02, 7.69441528e+02, 6.67155640e+02,
    7.62012390e+02, 7.10652649e+02, 7.54562683e+02, 7.54081604e+02,
    7.51841248e+02, 5.31515503e+02, 7.44322815e+02, 5.76422791e+02,
    7.36893677e+02, 6.21420471e+02, 7.29225464e+02, 6.65884277e+02,
    7.21730957e+02, 7.10637451e+02, 7.14088745e+02, 7.55087524e+02,
    7.09485168e+02, 5.26395142e+02, 7.01881104e+02, 5.72591797e+02,
    6.94310852e+02, 6.18777100e+02, 6.86425537e+02, 6.64793640e+02,
    6.78761902e+02, 7.10635437e+02, 6.70911438e+02, 7.56426880e+02,
    6.65028625e+02, 5.21165405e+02, 6.57376831e+02, 5.68691589e+02,
    6.49404541e+02, 6.16307251e+02, 6.41648376e+02, 6.63434937e+02,
    6.33773071e+02, 7.10707275e+02, 6.25762390e+02, 7.57713806e+02 ]
