%YAML:1.0
---
points: [ 7.98481445e+02, 6.40908081e+02, 8.25953064e+02, 5.90923218e+02,
    8.53429138e+02, 5.41116333e+02, 8.80603394e+02, 4.91061523e+02,
    9.08039490e+02, 4.41261963e+02, 9.35373779e+02, 3.91081116e+02,
    8.38629639e+02, 6.68476257e+02, 8.66771545e+02, 6.17122681e+02,
    8.95095642e+02, 5.65812378e+02, 9.23115173e+02, 5.14537476e+02,
    9.51361328e+02, 4.63373810e+02, 9.79336060e+02, 4.11856018e+02,
    8.80836792e+02, 6.97420532e+02, 9.09911743e+02, 6.44653320e+02,
    9.38824280e+02, 5.91896606e+02, 9.67718384e+02, 5.39350891e+02,
    9.96783691e+02, 4.86608612e+02, 1.02574023e+03, 4.33808624e+02,
    9.25618225e+02, 7.28197021e+02, 9.55612793e+02, 6.73854431e+02,
    9.85321899e+02, 6.19608887e+02, 1.01502606e+03, 5.65453918e+02,
    1.04500549e+03, 5.11318359e+02, 1.07468677e+03, 4.56908905e+02,
    9.73323730e+02, 7.61026001e+02, 1.00401111e+03, 7.04975464e+02,
    1.03471448e+03, 6.49033752e+02, 1.06542578e+03, 5.93374817e+02,
    1.09605798e+03, 5.37440552e+02, 1.12696863e+03, 4.81533447e+02,
    1.02354846e+03, 7.95738342e+02, 1.05529919e+03, 7.38122986e+02,
    1.08687280e+03, 6.80236633e+02, 1.11876941e+03, 6.22700989e+02,
    1.15053308e+03, 5.65281860e+02, 1.18251526e+03, 5.07610138e+02,
    1.07789709e+03, 8.33467590e+02, 1.11061230e+03, 7.73542236e+02,
    1.14335693e+03, 7.13964111e+02, 1.17599390e+03, 6.54438171e+02,
    1.20907764e+03, 5.95160950e+02, 1.24205078e+03, 5.35611755e+02,
    1.13559363e+03, 8.73289856e+02, 1.16922278e+03, 8.11442383e+02,
    1.20306104e+03, 7.49591003e+02, 1.23687671e+03, 6.88309814e+02,
    1.27106421e+03, 6.26595093e+02, 1.30536011e+03, 5.65352295e+02 ]
