%YAML:1.0
---
points: [ 2.32846176e+02, 2.49549637e+02, 2.42180450e+02, 2.32609589e+02,
    2.51449783e+02, 2.15716324e+02, 2.60676605e+02, 1.98755692e+02,
    2.69985107e+02, 1.81889633e+02, 2.79307861e+02, 1.64766052e+02,
    2.47270966e+02, 2.58839172e+02, 2.56757233e+02, 2.41459015e+02,
    2.66359985e+02, 2.24116730e+02, 2.75804474e+02, 2.06770172e+02,
    2.85453186e+02, 1.89308472e+02, 2.95017639e+02, 1.71829941e+02,
    2.62376373e+02, 2.68667511e+02, 2.72210754e+02, 2.50825745e+02,
    2.81978088e+02, 2.32975266e+02, 2.91766876e+02, 2.15101105e+02,
    3.01699982e+02, 1.97238373e+02, 3.11613983e+02, 1.79256561e+02,
    2.78474945e+02, 2.79186371e+02, 2.88518158e+02, 2.60802521e+02,
    2.98627899e+02, 2.42359894e+02, 3.08789948e+02, 2.24093002e+02,
    3.18999390e+02, 2.05594711e+02, 3.29188049e+02, 1.87118698e+02,
    2.95562073e+02, 2.90326447e+02, 3.05968994e+02, 2.71378296e+02,
    3.16448425e+02, 2.52455811e+02, 3.26863770e+02, 2.33490173e+02,
    3.37384277e+02, 2.14535812e+02, 3.47942352e+02, 1.95468445e+02,
    3.13693939e+02, 3.02209106e+02, 3.24470062e+02, 2.82676025e+02,
    3.35228210e+02, 2.63077240e+02, 3.46140656e+02, 2.43559952e+02,
    3.56958160e+02, 2.24024887e+02, 3.67932251e+02, 2.04304276e+02,
    3.33197693e+02, 3.14977783e+02, 3.44359833e+02, 2.94755524e+02,
    3.55464935e+02, 2.74605103e+02, 3.66721405e+02, 2.54296127e+02,
    3.77950287e+02, 2.34094879e+02, 3.89286896e+02, 2.13911362e+02,
    3.53934784e+02, 3.28513062e+02, 3.65318207e+02, 3.07638031e+02,
    3.76914246e+02, 2.86733276e+02, 3.88545532e+02, 2.65874298e+02,
    4.00126312e+02, 2.44914093e+02, 4.11837219e+02, 2.23885269e+02 ]
