%YAML:1.0
---
points: [ 2.68703003e+02, 4.69298592e+01, 2.84060577e+02, 5.00715828e+01,
    2.99119751e+02, 5.31311417e+01, 3.14205536e+02, 5.63240013e+01,
    3.29116882e+02, 5.93700142e+01, 3.43966064e+02, 6.24357872e+01,
    2.65718445e+02, 6.34866562e+01, 2.80578125e+02, 6.63852692e+01,
    2.95472900e+02, 6.94999008e+01, 3.10218018e+02, 7.23919373e+01,
    3.24975861e+02, 7.53473892e+01, 3.39446991e+02, 7.82677536e+01,
    2.62669952e+02, 7.94237518e+01, 2.77338470e+02, 8.23247986e+01,
    2.91969147e+02, 8.51819534e+01, 3.06394806e+02, 8.80717392e+01,
    3.20833527e+02, 9.08729553e+01, 3.35145050e+02, 9.37266006e+01,
    2.59798706e+02, 9.47827759e+01, 2.74209686e+02, 9.75995026e+01,
    2.88485779e+02, 1.00340614e+02, 3.02740265e+02, 1.03104927e+02,
    3.16893097e+02, 1.05815033e+02, 3.30933167e+02, 1.08559731e+02,
    2.57074982e+02, 1.09705635e+02, 2.71134460e+02, 1.12288536e+02,
    2.85219971e+02, 1.14941612e+02, 2.99158234e+02, 1.17655769e+02,
    3.13077423e+02, 1.20250671e+02, 3.26814636e+02, 1.22743469e+02,
    2.54378799e+02, 1.23831078e+02, 2.68335358e+02, 1.26490524e+02,
    2.82060883e+02, 1.29039261e+02, 2.95724976e+02, 1.31615631e+02,
    3.09340179e+02, 1.34034973e+02, 3.22927185e+02, 1.36617355e+02,
    2.51897781e+02, 1.37626389e+02, 2.65446228e+02, 1.40044495e+02,
    2.79026123e+02, 1.42613007e+02, 2.92421021e+02, 1.44946930e+02,
    3.05855377e+02, 1.47375839e+02, 3.19196167e+02, 1.49808456e+02,
    2.49379883e+02, 1.50820755e+02, 2.62754242e+02, 1.53232513e+02,
    2.76054077e+02, 1.55586288e+02, 2.89315277e+02, 1.57888855e+02,
    3.02393402e+02, 1.60263748e+02, 3.15537476e+02, 1.62649963e+02 ]
