%YAML:1.0
---
points: [ 5.85585754e+02, 3.39661194e+02, 6.62935486e+02, 3.43448975e+02,
    7.37266296e+02, 3.46744904e+02, 8.08484924e+02, 3.50201508e+02,
    8.77337097e+02, 3.53252197e+02, 9.43669434e+02, 3.55848206e+02,
    5.86268494e+02, 4.14070892e+02, 6.63451599e+02, 4.16344849e+02,
    7.37515869e+02, 4.18447388e+02, 8.08513794e+02, 4.20277191e+02,
    8.77134949e+02, 4.22158478e+02, 9.43350708e+02, 4.23687836e+02,
    5.86696350e+02, 4.87784210e+02, 6.63682190e+02, 4.88471466e+02,
    7.37625305e+02, 4.89195770e+02, 8.08453979e+02, 4.89732086e+02,
    8.76944824e+02, 4.90376831e+02, 9.42868774e+02, 4.90933929e+02,
    5.87158264e+02, 5.61421387e+02, 6.64045105e+02, 5.60549194e+02,
    7.37765686e+02, 5.59788635e+02, 8.08456665e+02, 5.59085266e+02,
    8.76659302e+02, 5.58428650e+02, 9.42670410e+02, 5.57682861e+02,
    5.87392273e+02, 6.34578491e+02, 6.64173706e+02, 6.32352783e+02,
    7.37698853e+02, 6.30158447e+02, 8.08325806e+02, 6.28124023e+02,
    8.76483337e+02, 6.26095520e+02, 9.42261047e+02, 6.24258179e+02,
    5.87520142e+02, 7.07666199e+02, 6.64214844e+02, 7.03803223e+02,
    7.37715576e+02, 7.00388489e+02, 8.08206543e+02, 6.96870544e+02,
    8.76273132e+02, 6.93676331e+02, 9.41915710e+02, 6.90852600e+02,
    5.87584351e+02, 7.80903442e+02, 6.64166260e+02, 7.75616211e+02,
    7.37611206e+02, 7.70836975e+02, 8.08075195e+02, 7.66231628e+02,
    8.76126099e+02, 7.61706970e+02, 9.41722351e+02, 7.57581421e+02,
    5.87713623e+02, 8.53759583e+02, 6.64086121e+02, 8.47124756e+02,
    7.37395874e+02, 8.40655518e+02, 8.07834961e+02, 8.34860046e+02,
    8.75939392e+02, 8.29274597e+02, 9.41499695e+02, 8.23855225e+02 ]
