%YAML:1.0
---
points: [ 1.69294891e+02, 1.47629639e+02, 1.94711060e+02, 1.48753296e+02,
    2.19152817e+02, 1.50038956e+02, 2.42581085e+02, 1.50960510e+02,
    2.65265259e+02, 1.51893448e+02, 2.87242706e+02, 1.52700928e+02,
    1.69498016e+02, 1.72776505e+02, 1.94805756e+02, 1.73511093e+02,
    2.19173126e+02, 1.74123276e+02, 2.42506363e+02, 1.74662399e+02,
    2.65134583e+02, 1.75312378e+02, 2.87071533e+02, 1.75725601e+02,
    1.69638107e+02, 1.97750046e+02, 1.94770966e+02, 1.98024429e+02,
    2.19212463e+02, 1.98215759e+02, 2.42414185e+02, 1.98341751e+02,
    2.65063324e+02, 1.98476379e+02, 2.86867401e+02, 1.98633453e+02,
    1.69668732e+02, 2.22527267e+02, 1.94863525e+02, 2.22278625e+02,
    2.19138336e+02, 2.22064224e+02, 2.42328629e+02, 2.21886215e+02,
    2.64875671e+02, 2.21587967e+02, 2.86679382e+02, 2.21306290e+02,
    1.69698212e+02, 2.47299866e+02, 1.94779434e+02, 2.46565735e+02,
    2.18944611e+02, 2.45949448e+02, 2.42225754e+02, 2.45193893e+02,
    2.64724091e+02, 2.44626221e+02, 2.86451660e+02, 2.44068375e+02,
    1.69619080e+02, 2.72037842e+02, 1.94694824e+02, 2.70788757e+02,
    2.18930603e+02, 2.69667542e+02, 2.42130814e+02, 2.68541168e+02,
    2.64596771e+02, 2.67540466e+02, 2.86269043e+02, 2.66634705e+02,
    1.69528381e+02, 2.96718842e+02, 1.94566315e+02, 2.95092590e+02,
    2.18729828e+02, 2.93484436e+02, 2.41998810e+02, 2.92085205e+02,
    2.64402679e+02, 2.90718018e+02, 2.86163879e+02, 2.89397552e+02,
    1.69534927e+02, 3.21282593e+02, 1.94458740e+02, 3.19219391e+02,
    2.18566849e+02, 3.17266235e+02, 2.41843964e+02, 3.15408752e+02,
    2.64309753e+02, 3.13679016e+02, 2.86036652e+02, 3.12026337e+02 ]
