%YAML:1.0
---
points: [ 7.74323059e+02, 6.00974121e+02, 8.16086731e+02, 5.74731079e+02,
    8.57852356e+02, 5.48369080e+02, 8.99704346e+02, 5.21929199e+02,
    9.41712524e+02, 4.95487183e+02, 9.83738708e+02, 4.68789673e+02,
    7.98904785e+02, 6.26607910e+02, 8.39307861e+02, 6.01203552e+02,
    8.79727844e+02, 5.75711487e+02, 9.20385376e+02, 5.50276917e+02,
    9.60898987e+02, 5.24619507e+02, 1.00170758e+03, 4.98872192e+02,
    8.22037781e+02, 6.50861633e+02, 8.61203186e+02, 6.26359924e+02,
    9.00441711e+02, 6.01554871e+02, 9.39762207e+02, 5.77085938e+02,
    9.79218018e+02, 5.52229980e+02, 1.01888800e+03, 5.27460510e+02,
    8.43595703e+02, 6.73593445e+02, 8.81678040e+02, 6.49744507e+02,
    9.19719543e+02, 6.25755920e+02, 9.57831421e+02, 6.01828430e+02,
    9.96206421e+02, 5.77814026e+02, 1.03460962e+03, 5.53797913e+02,
    8.64127563e+02, 6.95140869e+02, 9.00895142e+02, 6.71783081e+02,
    9.37982666e+02, 6.48718323e+02, 9.75052734e+02, 6.25484314e+02,
    1.01229767e+03, 6.02053162e+02, 1.04960413e+03, 5.78837280e+02,
    8.83263428e+02, 7.15347229e+02, 9.19287415e+02, 6.92758057e+02,
    9.55264526e+02, 6.70329834e+02, 9.91235413e+02, 6.47594177e+02,
    1.02741016e+03, 6.24998047e+02, 1.06372021e+03, 6.02419922e+02,
    9.01444458e+02, 7.34431274e+02, 9.36380310e+02, 7.12470581e+02,
    9.71488953e+02, 6.90647583e+02, 1.00645807e+03, 6.68549561e+02,
    1.04163953e+03, 6.46603577e+02, 1.07701233e+03, 6.24568054e+02,
    9.18717285e+02, 7.52539185e+02, 9.52590515e+02, 7.31237732e+02,
    9.86742615e+02, 7.09885132e+02, 1.02083057e+03, 6.88479858e+02,
    1.05529565e+03, 6.67145691e+02, 1.08964905e+03, 6.45703308e+02 ]
