%YAML:1.0
---
points: [ 2.53681854e+02, 2.52885406e+02, 2.67530548e+02, 2.52882156e+02,
    2.81232971e+02, 2.52757782e+02, 2.95115356e+02, 2.52560913e+02,
    3.08994751e+02, 2.52607224e+02, 3.22914185e+02, 2.52461731e+02,
    2.53551254e+02, 2.60089783e+02, 2.67718994e+02, 2.59962494e+02,
    2.82172943e+02, 2.59760010e+02, 2.96446014e+02, 2.59731537e+02,
    3.10950745e+02, 2.59779755e+02, 3.25328094e+02, 2.59728760e+02,
    2.53273682e+02, 2.67586884e+02, 2.68208099e+02, 2.67458710e+02,
    2.83044067e+02, 2.67363647e+02, 2.97937134e+02, 2.67333344e+02,
    3.12869720e+02, 2.67298035e+02, 3.27815735e+02, 2.67287750e+02,
    2.53174286e+02, 2.75991852e+02, 2.68436005e+02, 2.75766754e+02,
    2.84091797e+02, 2.75723328e+02, 2.99401520e+02, 2.75648651e+02,
    3.15099274e+02, 2.75707123e+02, 3.30495728e+02, 2.75666626e+02,
    2.52817001e+02, 2.84707642e+02, 2.68959351e+02, 2.84740051e+02,
    2.84934296e+02, 2.84627380e+02, 3.01245178e+02, 2.84610626e+02,
    3.17269379e+02, 2.84552399e+02, 3.33678711e+02, 2.84462433e+02,
    2.52714066e+02, 2.94328583e+02, 2.69364563e+02, 2.94327118e+02,
    2.86213135e+02, 2.94219604e+02, 3.02943390e+02, 2.94291931e+02,
    3.19874573e+02, 2.94313507e+02, 3.36779510e+02, 2.94191589e+02,
    2.52335281e+02, 3.05158691e+02, 2.69910736e+02, 3.05070831e+02,
    2.87394287e+02, 3.04916565e+02, 3.04999237e+02, 3.05025482e+02,
    3.22561157e+02, 3.05022064e+02, 3.40374329e+02, 3.04976105e+02,
    2.52100067e+02, 3.16584991e+02, 2.70329407e+02, 3.16534912e+02,
    2.88820557e+02, 3.16435699e+02, 3.07078339e+02, 3.16600800e+02,
    3.25710052e+02, 3.16580719e+02, 3.44084137e+02, 3.16457153e+02 ]
