%YAML:1.0
---
points: [ 2.66009247e+02, 1.10272415e+02, 2.83361450e+02, 1.09236931e+02,
    3.01037140e+02, 1.08143013e+02, 3.18507141e+02, 1.06957161e+02,
    3.36158478e+02, 1.05738853e+02, 3.53649506e+02, 1.04550369e+02,
    2.66182800e+02, 1.24658607e+02, 2.83016235e+02, 1.23401924e+02,
    2.99926117e+02, 1.22308693e+02, 3.16789459e+02, 1.21261330e+02,
    3.33698608e+02, 1.20150093e+02, 3.50756378e+02, 1.18958168e+02,
    2.66435272e+02, 1.37769653e+02, 2.82637970e+02, 1.36791946e+02,
    2.98884796e+02, 1.35681458e+02, 3.15170349e+02, 1.34597183e+02,
    3.31538025e+02, 1.33498413e+02, 3.47932434e+02, 1.32419342e+02,
    2.66684937e+02, 1.50168198e+02, 2.82242920e+02, 1.49172821e+02,
    2.97953644e+02, 1.48067581e+02, 3.13724335e+02, 1.47003265e+02,
    3.29480499e+02, 1.45910629e+02, 3.45264099e+02, 1.44932388e+02,
    2.66873840e+02, 1.61530121e+02, 2.81906921e+02, 1.60445679e+02,
    2.97148956e+02, 1.59484390e+02, 3.12254028e+02, 1.58525558e+02,
    3.27622864e+02, 1.57502731e+02, 3.42704041e+02, 1.56481796e+02,
    2.66947266e+02, 1.72180725e+02, 2.81708801e+02, 1.71237427e+02,
    2.96232910e+02, 1.70307938e+02, 3.11013184e+02, 1.69335602e+02,
    3.25730042e+02, 1.68350739e+02, 3.40569794e+02, 1.67380157e+02,
    2.67200897e+02, 1.82139984e+02, 2.81300140e+02, 1.81338150e+02,
    2.95520966e+02, 1.80429031e+02, 3.09769257e+02, 1.79383545e+02,
    3.24084015e+02, 1.78509094e+02, 3.38394684e+02, 1.77552170e+02,
    2.67334412e+02, 1.91604080e+02, 2.81135376e+02, 1.90727219e+02,
    2.94889771e+02, 1.89800873e+02, 3.08731598e+02, 1.88898270e+02,
    3.22487061e+02, 1.88033997e+02, 3.36524872e+02, 1.87132858e+02 ]
