%YAML:1.0
---
points: [ 7.44078796e+02, 4.31875549e+02, 7.87532166e+02, 4.36971649e+02,
    8.32192383e+02, 4.41864807e+02, 8.77391846e+02, 4.47024353e+02,
    9.23617310e+02, 4.52305725e+02, 9.70602051e+02, 4.57533264e+02,
    7.49297363e+02, 4.72708405e+02, 7.92095032e+02, 4.77953003e+02,
    8.35528870e+02, 4.83320618e+02, 8.79791931e+02, 4.88676575e+02,
    9.24822388e+02, 4.94190155e+02, 9.70873962e+02, 4.99805878e+02,
    7.54631470e+02, 5.12380920e+02, 7.96422058e+02, 5.17726685e+02,
    8.38816833e+02, 5.23332214e+02, 8.81936768e+02, 5.28889221e+02,
    9.26206055e+02, 5.34577454e+02, 9.70968323e+02, 5.40474731e+02,
    7.59523132e+02, 5.49735535e+02, 8.00492554e+02, 5.55385742e+02,
    8.42193848e+02, 5.60996155e+02, 8.84485657e+02, 5.66780457e+02,
    9.27443298e+02, 5.72763367e+02, 9.71299866e+02, 5.78974670e+02,
    7.64258179e+02, 5.85742065e+02, 8.04265686e+02, 5.91459106e+02,
    8.44880737e+02, 5.97430603e+02, 8.86402039e+02, 6.03362000e+02,
    9.28627991e+02, 6.09429810e+02, 9.71461975e+02, 6.15873718e+02,
    7.68750916e+02, 6.19880066e+02, 8.07736938e+02, 6.25831421e+02,
    8.47927368e+02, 6.32258606e+02, 8.88480103e+02, 6.38377747e+02,
    9.29627258e+02, 6.44627991e+02, 9.71753479e+02, 6.51043396e+02,
    7.72952026e+02, 6.53077942e+02, 8.11504150e+02, 6.59187805e+02,
    8.50526489e+02, 6.65462219e+02, 8.90450928e+02, 6.71479858e+02,
    9.30872009e+02, 6.78145203e+02, 9.72027405e+02, 6.84783997e+02,
    7.77030151e+02, 6.84794678e+02, 8.14835449e+02, 6.91092102e+02,
    8.53293335e+02, 6.97305664e+02, 8.92200134e+02, 7.03633911e+02,
    9.31926941e+02, 7.10411682e+02, 9.72266846e+02, 7.17394348e+02 ]
