%YAML:1.0
---
points: [ 1.64303253e+02, 1.50660339e+02, 1.88043961e+02, 1.51990891e+02,
    2.10461578e+02, 1.53327377e+02, 2.31955978e+02, 1.54348572e+02,
    2.52302994e+02, 1.55450760e+02, 2.71848785e+02, 1.56410431e+02,
    1.64568329e+02, 1.74415192e+02, 1.88210693e+02, 1.75239700e+02,
    2.10591675e+02, 1.75964600e+02, 2.31960587e+02, 1.76370422e+02,
    2.52269455e+02, 1.77169510e+02, 2.71716309e+02, 1.77534927e+02,
    1.64818542e+02, 1.97913147e+02, 1.88274628e+02, 1.98106155e+02,
    2.10567642e+02, 1.98281479e+02, 2.31928375e+02, 1.98318924e+02,
    2.52201447e+02, 1.98409561e+02, 2.71546906e+02, 1.98545593e+02,
    1.65016312e+02, 2.21378708e+02, 1.88321808e+02, 2.20956985e+02,
    2.10658997e+02, 2.20422348e+02, 2.31898300e+02, 2.20136017e+02,
    2.52187469e+02, 2.19760101e+02, 2.71477600e+02, 2.19359421e+02,
    1.65092575e+02, 2.44680679e+02, 1.88393768e+02, 2.43569122e+02,
    2.10604492e+02, 2.42736130e+02, 2.31853775e+02, 2.41757919e+02,
    2.52155197e+02, 2.40984390e+02, 2.71308624e+02, 2.40118256e+02,
    1.65145157e+02, 2.67860626e+02, 1.88370926e+02, 2.66375916e+02,
    2.10681396e+02, 2.64733459e+02, 2.31779800e+02, 2.63313995e+02,
    2.52069061e+02, 2.62142853e+02, 2.71291687e+02, 2.60839081e+02,
    1.65090149e+02, 2.91222076e+02, 1.88387024e+02, 2.89052490e+02,
    2.10572449e+02, 2.87018921e+02, 2.31728363e+02, 2.85091248e+02,
    2.51916763e+02, 2.83272461e+02, 2.71227417e+02, 2.81588104e+02,
    1.65096405e+02, 3.14303955e+02, 1.88329880e+02, 3.11668976e+02,
    2.10503464e+02, 3.09062500e+02, 2.31631256e+02, 3.06699585e+02,
    2.51876053e+02, 3.04354584e+02, 2.71086853e+02, 3.02252655e+02 ]
