%YAML:1.0
---
points: [ 5.76405212e+02, 3.48598969e+02, 6.49200439e+02, 3.52611542e+02,
    7.18192627e+02, 3.56440582e+02, 7.83778931e+02, 3.60018890e+02,
    8.46285767e+02, 3.63313141e+02, 9.05938110e+02, 3.66313751e+02,
    5.77439209e+02, 4.18634430e+02, 6.49958923e+02, 4.20857819e+02,
    7.18770020e+02, 4.23237732e+02, 7.84310425e+02, 4.25153198e+02,
    8.46470398e+02, 4.27071533e+02, 9.06061462e+02, 4.28606293e+02,
    5.78402954e+02, 4.88218079e+02, 6.50578430e+02, 4.88678192e+02,
    7.19353149e+02, 4.89203369e+02, 7.84596436e+02, 4.89593140e+02,
    8.46726379e+02, 4.90017242e+02, 9.05921448e+02, 4.90395569e+02,
    5.79162659e+02, 5.57681641e+02, 6.51130127e+02, 5.56356018e+02,
    7.19713562e+02, 5.55069397e+02, 7.84898132e+02, 5.53908691e+02,
    8.46804199e+02, 5.52937622e+02, 9.05986328e+02, 5.51667847e+02,
    5.79576050e+02, 6.26804932e+02, 6.51493225e+02, 6.23598572e+02,
    7.19790649e+02, 6.20665894e+02, 7.84904175e+02, 6.18095520e+02,
    8.46818298e+02, 6.15410767e+02, 9.05801758e+02, 6.13020752e+02,
    5.79958984e+02, 6.95593262e+02, 6.51733154e+02, 6.90863525e+02,
    7.20039429e+02, 6.86279602e+02, 7.84900208e+02, 6.81875183e+02,
    8.46721191e+02, 6.77725342e+02, 9.05629700e+02, 6.74215698e+02,
    5.80059509e+02, 7.64771362e+02, 6.51712463e+02, 7.58117676e+02,
    7.19875427e+02, 7.51808960e+02, 7.84841736e+02, 7.46018433e+02,
    8.46510193e+02, 7.40564514e+02, 9.05495911e+02, 7.35382935e+02,
    5.80150757e+02, 8.33316528e+02, 6.51626160e+02, 8.24915833e+02,
    7.19717834e+02, 8.17240784e+02, 7.84584229e+02, 8.09697815e+02,
    8.46246460e+02, 8.02777039e+02, 9.05150879e+02, 7.96364563e+02 ]
