%YAML:1.0
---
points: [ 3.89218903e+02, 1.87095428e+02, 3.92699219e+02, 1.99191940e+02,
    3.96093323e+02, 2.11022156e+02, 3.99658295e+02, 2.23205643e+02,
    4.03045197e+02, 2.35122101e+02, 4.06641296e+02, 2.47256393e+02,
    3.81047302e+02, 1.89452805e+02, 3.84563965e+02, 2.01630157e+02,
    3.88088989e+02, 2.13913788e+02, 3.91601227e+02, 2.26012177e+02,
    3.95109283e+02, 2.38355545e+02, 3.98651276e+02, 2.50617950e+02,
    3.72431305e+02, 1.91876373e+02, 3.76022888e+02, 2.04308075e+02,
    3.79646057e+02, 2.16709045e+02, 3.83241974e+02, 2.29144669e+02,
    3.86821869e+02, 2.41673782e+02, 3.90460083e+02, 2.54093536e+02,
    3.63629028e+02, 1.94426300e+02, 3.67201080e+02, 2.07000397e+02,
    3.70811920e+02, 2.19699905e+02, 3.74481293e+02, 2.32298569e+02,
    3.78151733e+02, 2.45084656e+02, 3.81887787e+02, 2.57698761e+02,
    3.54465698e+02, 1.97018433e+02, 3.58098053e+02, 2.09819778e+02,
    3.61795258e+02, 2.22730499e+02, 3.65539001e+02, 2.35615982e+02,
    3.69260559e+02, 2.48455658e+02, 3.73126556e+02, 2.61438965e+02,
    3.44885254e+02, 1.99669174e+02, 3.48563934e+02, 2.12774414e+02,
    3.52494843e+02, 2.25871185e+02, 3.56109131e+02, 2.38911942e+02,
    3.59936554e+02, 2.52133835e+02, 3.63855591e+02, 2.65316895e+02,
    3.35007935e+02, 2.02439590e+02, 3.38870270e+02, 2.15756439e+02,
    3.42743164e+02, 2.29138870e+02, 3.46481934e+02, 2.42528763e+02,
    3.50427917e+02, 2.55877365e+02, 3.54280823e+02, 2.69422363e+02,
    3.24776642e+02, 2.05352921e+02, 3.28636322e+02, 2.18975876e+02,
    3.32579620e+02, 2.32626328e+02, 3.36439697e+02, 2.46150497e+02,
    3.40366028e+02, 2.59860565e+02, 3.44410431e+02, 2.73594849e+02 ]
