%YAML:1.0
---
points: [ 5.85235046e+02, 5.06789978e+02, 6.50533630e+02, 4.88718170e+02,
    7.13428711e+02, 4.71498962e+02, 7.73654480e+02, 4.54796967e+02,
    8.31597900e+02, 4.38762665e+02, 8.87573730e+02, 4.23151276e+02,
    6.03412415e+02, 5.63237183e+02, 6.69816833e+02, 5.43766357e+02,
    7.33541626e+02, 5.24967773e+02, 7.94553528e+02, 5.06887024e+02,
    8.53361450e+02, 4.89561523e+02, 9.09778687e+02, 4.72667084e+02,
    6.22289551e+02, 6.21679504e+02, 6.89667603e+02, 6.00570435e+02,
    7.54423767e+02, 5.80445801e+02, 8.16195129e+02, 5.60770813e+02,
    8.75701477e+02, 5.42288940e+02, 9.32971741e+02, 5.24365540e+02,
    6.41973328e+02, 6.83135864e+02, 7.10404541e+02, 6.60377319e+02,
    7.75993225e+02, 6.38296143e+02, 8.38736206e+02, 6.17381653e+02,
    8.99104309e+02, 5.97322632e+02, 9.57010803e+02, 5.77654968e+02,
    6.62318481e+02, 7.47572449e+02, 7.31880920e+02, 7.22549316e+02,
    7.98480713e+02, 6.98934143e+02, 8.62165405e+02, 6.76297302e+02,
    9.23389954e+02, 6.54478638e+02, 9.82040344e+02, 6.33642090e+02,
    6.83543518e+02, 8.15009705e+02, 7.54320251e+02, 7.88093506e+02,
    8.21990234e+02, 7.62390564e+02, 8.86564148e+02, 7.37934692e+02,
    9.48597961e+02, 7.14528687e+02, 1.00830212e+03, 6.92085510e+02,
    7.05677979e+02, 8.86532654e+02, 7.77719421e+02, 8.57428955e+02,
    8.46540222e+02, 8.29505737e+02, 9.12279663e+02, 8.02929810e+02,
    9.75272827e+02, 7.77653320e+02, 1.03575317e+03, 7.53528931e+02,
    7.29046997e+02, 9.61295471e+02, 8.02303467e+02, 9.29689270e+02,
    8.72190002e+02, 8.99579590e+02, 9.38908081e+02, 8.70894897e+02,
    1.00294397e+03, 8.43545349e+02, 1.06442700e+03, 8.17568665e+02 ]
