%YAML:1.0
---
points: [ 1.64967987e+02, 2.04080765e+02, 1.86397964e+02, 1.98047791e+02,
    2.06983093e+02, 1.92229767e+02, 2.26747070e+02, 1.86492798e+02,
    2.45811127e+02, 1.81021469e+02, 2.64259644e+02, 1.75720963e+02,
    1.71845016e+02, 2.23190948e+02, 1.93481003e+02, 2.16672668e+02,
    2.14434540e+02, 2.10202621e+02, 2.34446228e+02, 2.04107956e+02,
    2.53796600e+02, 1.98252106e+02, 2.72378113e+02, 1.92611359e+02,
    1.78849747e+02, 2.42949585e+02, 2.00929398e+02, 2.35847672e+02,
    2.22020493e+02, 2.28976562e+02, 2.42366714e+02, 2.22454422e+02,
    2.61904480e+02, 2.15971069e+02, 2.80853607e+02, 2.10004105e+02,
    1.86215927e+02, 2.63738831e+02, 2.08609695e+02, 2.56058563e+02,
    2.30092865e+02, 2.48584824e+02, 2.50643494e+02, 2.41605347e+02,
    2.70525757e+02, 2.34705231e+02, 2.89601227e+02, 2.28184540e+02,
    1.93886490e+02, 2.85527191e+02, 2.16663971e+02, 2.77116028e+02,
    2.38410126e+02, 2.69252991e+02, 2.59319519e+02, 2.61548981e+02,
    2.79461700e+02, 2.54167068e+02, 2.98775574e+02, 2.47127411e+02,
    2.01955154e+02, 3.08254425e+02, 2.25016907e+02, 2.99296173e+02,
    2.47174164e+02, 2.90619232e+02, 2.68323975e+02, 2.82413757e+02,
    2.88783142e+02, 2.74490173e+02, 3.08383331e+02, 2.66964569e+02,
    2.10385529e+02, 3.32415131e+02, 2.33932739e+02, 3.22710175e+02,
    2.56361359e+02, 3.13416199e+02, 2.77912018e+02, 3.04531952e+02,
    2.98643555e+02, 2.96024445e+02, 3.18615540e+02, 2.87865204e+02,
    2.19288452e+02, 3.57591248e+02, 2.43147797e+02, 3.47105682e+02,
    2.66072937e+02, 3.37053192e+02, 2.87872925e+02, 3.27573578e+02,
    3.08914276e+02, 3.18381287e+02, 3.29104156e+02, 3.09686829e+02 ]
