%YAML:1.0
---
points: [ 7.92968933e+02, 4.46838867e+02, 8.20026794e+02, 4.75488312e+02,
    8.48307678e+02, 5.05220367e+02, 8.77624084e+02, 5.36135864e+02,
    9.08286316e+02, 5.68418640e+02, 9.40162109e+02, 6.01902710e+02,
    7.77386169e+02, 4.83586792e+02, 8.03625549e+02, 5.12243042e+02,
    8.30775330e+02, 5.42133667e+02, 8.59198792e+02, 5.73195618e+02,
    8.88693665e+02, 6.05232422e+02, 9.19454407e+02, 6.38950439e+02,
    7.62209106e+02, 5.19263489e+02, 7.87620605e+02, 5.47857605e+02,
    8.14105591e+02, 5.77730103e+02, 8.41332031e+02, 6.08690002e+02,
    8.69819397e+02, 6.41084961e+02, 8.99404663e+02, 6.74648438e+02,
    7.47620056e+02, 5.53075806e+02, 7.72389221e+02, 5.81892395e+02,
    7.98127869e+02, 6.11689941e+02, 8.24609863e+02, 6.42673401e+02,
    8.52059570e+02, 6.74851379e+02, 8.80611572e+02, 7.08612488e+02,
    7.33683044e+02, 5.85686523e+02, 7.57654175e+02, 6.14456909e+02,
    7.82490784e+02, 6.44351990e+02, 8.08157288e+02, 6.75372314e+02,
    8.34851685e+02, 7.07603455e+02, 8.62484985e+02, 7.41243652e+02,
    7.20415833e+02, 6.17121643e+02, 7.43616516e+02, 6.45691895e+02,
    7.67591370e+02, 6.75731995e+02, 7.92592224e+02, 7.06602600e+02,
    8.18412659e+02, 7.39067200e+02, 8.45190979e+02, 7.72462097e+02,
    7.07513550e+02, 6.47331665e+02, 7.30216431e+02, 6.76088867e+02,
    7.53405212e+02, 7.05809143e+02, 7.77662598e+02, 7.36765930e+02,
    8.02671387e+02, 7.68944641e+02, 8.28604553e+02, 8.02372192e+02,
    6.94916504e+02, 6.76511414e+02, 7.17077271e+02, 7.05106934e+02,
    7.39639465e+02, 7.35133728e+02, 7.63187012e+02, 7.65767883e+02,
    7.87473328e+02, 7.97932312e+02, 8.12528503e+02, 8.31215271e+02 ]
