%YAML:1.0
---
points: [ 4.26807892e+02, 2.02848862e+02, 4.39520111e+02, 2.02368790e+02,
    4.52650726e+02, 2.01697861e+02, 4.66123505e+02, 2.01043350e+02,
    4.79802185e+02, 2.00616638e+02, 4.93474762e+02, 1.99697693e+02,
    4.27264130e+02, 2.14454132e+02, 4.40104736e+02, 2.14024277e+02,
    4.53121613e+02, 2.13721802e+02, 4.66452301e+02, 2.13367416e+02,
    4.80109924e+02, 2.12825943e+02, 4.94210419e+02, 2.12714493e+02,
    4.27668365e+02, 2.26175446e+02, 4.40442078e+02, 2.25874603e+02,
    4.53567108e+02, 2.25751328e+02, 4.66896759e+02, 2.25594818e+02,
    4.80551697e+02, 2.25537750e+02, 4.94410858e+02, 2.25208771e+02,
    4.28239868e+02, 2.37687454e+02, 4.40914154e+02, 2.37864700e+02,
    4.53950684e+02, 2.37697052e+02, 4.67389374e+02, 2.37707077e+02,
    4.80953339e+02, 2.37737198e+02, 4.94745331e+02, 2.37818161e+02,
    4.28667206e+02, 2.49311172e+02, 4.41373718e+02, 2.49502655e+02,
    4.54381439e+02, 2.49801895e+02, 4.67632721e+02, 2.49825851e+02,
    4.81364502e+02, 2.50156845e+02, 4.95130249e+02, 2.50241364e+02,
    4.29089386e+02, 2.60724182e+02, 4.41797150e+02, 2.61227478e+02,
    4.54724121e+02, 2.61598083e+02, 4.68077850e+02, 2.62017975e+02,
    4.81747620e+02, 2.62557037e+02, 4.95389130e+02, 2.62855225e+02,
    4.29592285e+02, 2.72423187e+02, 4.42249420e+02, 2.72763855e+02,
    4.55184967e+02, 2.73649353e+02, 4.68423462e+02, 2.74006561e+02,
    4.81912262e+02, 2.74721039e+02, 4.95506836e+02, 2.75052307e+02,
    4.29994141e+02, 2.83868195e+02, 4.42638184e+02, 2.84691925e+02,
    4.55551544e+02, 2.85455383e+02, 4.68692902e+02, 2.86160706e+02,
    4.82109985e+02, 2.86804352e+02, 4.95711182e+02, 2.87687927e+02 ]
