%YAML:1.0
---
points: [ 6.36229309e+02, 3.60488586e+02, 6.74912048e+02, 3.76258575e+02,
    7.15330750e+02, 3.92349274e+02, 7.56723206e+02, 4.08816925e+02,
    7.99771118e+02, 4.26272614e+02, 8.44036682e+02, 4.44014435e+02,
    6.24779175e+02, 4.08557892e+02, 6.63370911e+02, 4.25037598e+02,
    7.02743286e+02, 4.41574768e+02, 7.43610291e+02, 4.58832062e+02,
    7.85800537e+02, 4.76797546e+02, 8.29423523e+02, 4.95274048e+02,
    6.13695312e+02, 4.56276917e+02, 6.51562073e+02, 4.72943024e+02,
    6.90579407e+02, 4.90333038e+02, 7.30532227e+02, 5.08283661e+02,
    7.72101013e+02, 5.26662537e+02, 8.14911865e+02, 5.45969849e+02,
    6.02840454e+02, 5.02387299e+02, 6.39953796e+02, 5.19832153e+02,
    6.78567322e+02, 5.37664978e+02, 7.18099976e+02, 5.56277161e+02,
    7.58813599e+02, 5.75278992e+02, 8.01154297e+02, 5.95311035e+02,
    5.92046082e+02, 5.47801270e+02, 6.28806763e+02, 5.65605774e+02,
    6.66433960e+02, 5.84123230e+02, 7.05489868e+02, 6.03274658e+02,
    7.45735413e+02, 6.22811218e+02, 7.87337280e+02, 6.43469543e+02,
    5.81658691e+02, 5.92316284e+02, 6.17619202e+02, 6.10624451e+02,
    6.54881958e+02, 6.29651123e+02, 6.93306580e+02, 6.49319824e+02,
    7.32851013e+02, 6.69507507e+02, 7.73823059e+02, 6.90734253e+02,
    5.71132202e+02, 6.35938477e+02, 6.06786682e+02, 6.54638428e+02,
    6.43431030e+02, 6.74402771e+02, 6.81409119e+02, 6.94398499e+02,
    7.20366516e+02, 7.15438477e+02, 7.60609253e+02, 7.36862244e+02,
    5.60888977e+02, 6.78741943e+02, 5.96107361e+02, 6.98325195e+02,
    6.32231384e+02, 7.18288696e+02, 6.69504211e+02, 7.39033508e+02,
    7.07896484e+02, 7.60349243e+02, 7.47616394e+02, 7.82680298e+02 ]
