%YAML:1.0
---
points: [ 5.99705872e+02, 6.26933594e+02, 6.54150696e+02, 5.96141418e+02,
    7.06774475e+02, 5.66188293e+02, 7.57852661e+02, 5.36808044e+02,
    8.07655212e+02, 5.08381744e+02, 8.56214905e+02, 4.80501007e+02,
    6.20111877e+02, 6.67939087e+02, 6.75781860e+02, 6.35490112e+02,
    7.30056458e+02, 6.03997070e+02, 7.82445007e+02, 5.73278381e+02,
    8.33531921e+02, 5.43510620e+02, 8.83340820e+02, 5.14361816e+02,
    6.41469482e+02, 7.11613220e+02, 6.98984985e+02, 6.77499451e+02,
    7.54624390e+02, 6.44385742e+02, 8.08470825e+02, 6.12062927e+02,
    8.60989990e+02, 5.80752441e+02, 9.12050537e+02, 5.50353210e+02,
    6.64640503e+02, 7.58819214e+02, 7.23778625e+02, 7.22758301e+02,
    7.81033142e+02, 6.87565552e+02, 8.36440063e+02, 6.53580994e+02,
    8.90416626e+02, 6.20753967e+02, 9.42663086e+02, 5.88620239e+02,
    6.89398315e+02, 8.09830444e+02, 7.50445740e+02, 7.71464478e+02,
    8.09383850e+02, 7.34440430e+02, 8.66420471e+02, 6.98520081e+02,
    9.21812256e+02, 6.63579651e+02, 9.75627808e+02, 6.29882568e+02,
    7.16028503e+02, 8.64576782e+02, 7.78923279e+02, 8.23990417e+02,
    8.39777222e+02, 7.84487183e+02, 8.98588074e+02, 7.46658447e+02,
    9.55624023e+02, 7.09838196e+02, 1.01110205e+03, 6.74201782e+02,
    7.45200134e+02, 9.24818665e+02, 8.10156799e+02, 8.81487244e+02,
    8.72936035e+02, 8.39467102e+02, 9.33569153e+02, 7.99089783e+02,
    9.92438660e+02, 7.60116821e+02, 1.04949878e+03, 7.22351868e+02,
    7.76664429e+02, 9.89750427e+02, 8.43663147e+02, 9.43516479e+02,
    9.08530457e+02, 8.98743958e+02, 9.71156494e+02, 8.55660828e+02,
    1.03182349e+03, 8.14163086e+02, 1.09071960e+03, 7.74128479e+02 ]
