%YAML:1.0
---
points: [ 1.67122116e+02, 2.44707779e+02, 1.85051559e+02, 2.34292130e+02,
    2.02441742e+02, 2.24190079e+02, 2.19343948e+02, 2.14215057e+02,
    2.35829041e+02, 2.04687393e+02, 2.51977982e+02, 1.95124786e+02,
    1.75033920e+02, 2.58563934e+02, 1.93361313e+02, 2.47640503e+02,
    2.11177917e+02, 2.36954483e+02, 2.28543396e+02, 2.26595505e+02,
    2.45518646e+02, 2.16526276e+02, 2.61961060e+02, 2.06651566e+02,
    1.83323395e+02, 2.73362793e+02, 2.02249680e+02, 2.61791260e+02,
    2.20529327e+02, 2.50699295e+02, 2.38320328e+02, 2.39698853e+02,
    2.55717545e+02, 2.29115524e+02, 2.72745361e+02, 2.18852493e+02,
    1.92336838e+02, 2.89338470e+02, 2.11716507e+02, 2.77188812e+02,
    2.30597168e+02, 2.65303894e+02, 2.48924744e+02, 2.53796509e+02,
    2.66727875e+02, 2.42654816e+02, 2.84077484e+02, 2.31834213e+02,
    2.01842239e+02, 3.06550934e+02, 2.22022614e+02, 2.93638092e+02,
    2.41388367e+02, 2.81183258e+02, 2.60204285e+02, 2.69050323e+02,
    2.78526764e+02, 2.57246338e+02, 2.96430634e+02, 2.45854080e+02,
    2.12256927e+02, 3.25113464e+02, 2.32917465e+02, 3.11410767e+02,
    2.52936203e+02, 2.98135498e+02, 2.72376923e+02, 2.85414856e+02,
    2.91318115e+02, 2.72947693e+02, 3.09624664e+02, 2.60933319e+02,
    2.23615875e+02, 3.45467468e+02, 2.44986237e+02, 3.30893036e+02,
    2.65608643e+02, 3.16775513e+02, 2.85651154e+02, 3.03210846e+02,
    3.05114136e+02, 2.90086487e+02, 3.24060394e+02, 2.77324066e+02,
    2.35860886e+02, 3.67304443e+02, 2.57824646e+02, 3.51895355e+02,
    2.79259064e+02, 3.36860199e+02, 2.99876801e+02, 3.22495850e+02,
    3.19980072e+02, 3.08517456e+02, 3.39543030e+02, 2.94959229e+02 ]
