%YAML:1.0
---
points: [ 6.12507446e+02, 5.52519592e+02, 6.70362854e+02, 5.26818176e+02,
    7.26496338e+02, 5.01945465e+02, 7.81020691e+02, 4.77585754e+02,
    8.34175720e+02, 4.53687469e+02, 8.85858215e+02, 4.30507111e+02,
    6.32257874e+02, 5.98496277e+02, 6.91402344e+02, 5.71489563e+02,
    7.48897522e+02, 5.45329651e+02, 8.04569092e+02, 5.19567078e+02,
    8.58938538e+02, 4.94666077e+02, 9.11788269e+02, 4.70216339e+02,
    6.52745850e+02, 6.47155945e+02, 7.13569702e+02, 6.18635315e+02,
    7.72447998e+02, 5.90891968e+02, 8.29430908e+02, 5.63795227e+02,
    8.85016113e+02, 5.37648987e+02, 9.39066650e+02, 5.12250183e+02,
    6.74736145e+02, 6.98925232e+02, 7.36987244e+02, 6.68836487e+02,
    7.97367981e+02, 6.39466431e+02, 8.55786499e+02, 6.11083130e+02,
    9.12655457e+02, 5.83620911e+02, 9.68003235e+02, 5.56531311e+02,
    6.98053894e+02, 7.54368164e+02, 7.61870605e+02, 7.22346497e+02,
    8.23807983e+02, 6.91426208e+02, 8.83644897e+02, 6.61469360e+02,
    9.42002197e+02, 6.32067688e+02, 9.98582947e+02, 6.03850464e+02,
    7.22569031e+02, 8.13468811e+02, 7.88296021e+02, 7.79436035e+02,
    8.51805725e+02, 7.46457825e+02, 9.13370422e+02, 7.14806763e+02,
    9.73024902e+02, 6.83936707e+02, 1.03119556e+03, 6.54053772e+02,
    7.49087341e+02, 8.77587341e+02, 8.16570068e+02, 8.41257385e+02,
    8.82015991e+02, 8.06203796e+02, 9.45219421e+02, 7.72414978e+02,
    1.00646832e+03, 7.39775391e+02, 1.06612500e+03, 7.08195679e+02,
    7.77322144e+02, 9.45850220e+02, 8.46694336e+02, 9.07260803e+02,
    9.13934692e+02, 8.69757080e+02, 9.78806641e+02, 8.33801208e+02,
    1.04194568e+03, 7.99156555e+02, 1.10318726e+03, 7.65579590e+02 ]
