%YAML:1.0
---
points: [ 5.63771362e+02, 4.57431824e+02, 6.11308655e+02, 4.66076141e+02,
    6.58013123e+02, 4.74614868e+02, 7.03769287e+02, 4.82801239e+02,
    7.48929382e+02, 4.91271240e+02, 7.93408936e+02, 4.99150604e+02,
    5.51407837e+02, 4.93341461e+02, 6.00221863e+02, 5.02100800e+02,
    6.48247192e+02, 5.10389069e+02, 6.95435425e+02, 5.18616516e+02,
    7.41572510e+02, 5.26926636e+02, 7.87124451e+02, 5.34759949e+02,
    5.38300232e+02, 5.31638977e+02, 5.88436035e+02, 5.40067505e+02,
    6.37790100e+02, 5.48571289e+02, 6.86270569e+02, 5.56394714e+02,
    7.33689941e+02, 5.64626770e+02, 7.80627563e+02, 5.72403137e+02,
    5.24424377e+02, 5.71706726e+02, 5.75966858e+02, 5.80200989e+02,
    6.26876892e+02, 5.88189392e+02, 6.76539368e+02, 5.96424683e+02,
    7.25579529e+02, 6.04137207e+02, 7.73715027e+02, 6.12156982e+02,
    5.09657990e+02, 6.14031677e+02, 5.62827698e+02, 6.22422729e+02,
    6.15256104e+02, 6.30298218e+02, 6.66425171e+02, 6.38335266e+02,
    7.16893982e+02, 6.46090637e+02, 7.66217407e+02, 6.53644836e+02,
    4.94070801e+02, 6.59128296e+02, 5.48793396e+02, 6.66916443e+02,
    6.02834412e+02, 6.74800232e+02, 6.55602722e+02, 6.82592712e+02,
    7.07540039e+02, 6.90383240e+02, 7.58582825e+02, 6.97693237e+02,
    4.77426117e+02, 7.06734680e+02, 5.34172791e+02, 7.14462463e+02,
    5.89714172e+02, 7.22248840e+02, 6.44251648e+02, 7.29665161e+02,
    6.97607483e+02, 7.37229858e+02, 7.50184448e+02, 7.44441162e+02,
    4.59871552e+02, 7.57353882e+02, 5.18251160e+02, 7.65190491e+02,
    5.75655884e+02, 7.72334229e+02, 6.32103577e+02, 7.79861267e+02,
    6.87170715e+02, 7.87027954e+02, 7.41413940e+02, 7.94224609e+02 ]
