%YAML:1.0
---
points: [ 4.35356415e+02, 1.51941162e+02, 4.45920044e+02, 1.58712112e+02,
    4.56693115e+02, 1.65768997e+02, 4.67901337e+02, 1.73088776e+02,
    4.79194336e+02, 1.80692261e+02, 4.90927429e+02, 1.88464523e+02,
    4.28784363e+02, 1.62184906e+02, 4.38931793e+02, 1.69086090e+02,
    4.49604980e+02, 1.76131851e+02, 4.60431671e+02, 1.83436264e+02,
    4.71582001e+02, 1.91074600e+02, 4.82777679e+02, 1.99007202e+02,
    4.22257935e+02, 1.72285675e+02, 4.32232666e+02, 1.79115189e+02,
    4.42557739e+02, 1.86278900e+02, 4.53084534e+02, 1.93615784e+02,
    4.63895813e+02, 2.01229446e+02, 4.75016388e+02, 2.09058594e+02,
    4.16025238e+02, 1.81865692e+02, 4.25721344e+02, 1.88824219e+02,
    4.35798279e+02, 1.95829742e+02, 4.46123932e+02, 2.03244003e+02,
    4.56673920e+02, 2.10868164e+02, 4.67321869e+02, 2.18824387e+02,
    4.09903564e+02, 1.91183914e+02, 4.19501129e+02, 1.98021378e+02,
    4.29203278e+02, 2.05174057e+02, 4.39165497e+02, 2.12497223e+02,
    4.49524628e+02, 2.20161972e+02, 4.59977661e+02, 2.28014771e+02,
    4.04143738e+02, 2.00096359e+02, 4.13374847e+02, 2.06973358e+02,
    4.22832520e+02, 2.14171600e+02, 4.32578613e+02, 2.21472046e+02,
    4.42652191e+02, 2.29108185e+02, 4.52827942e+02, 2.36993546e+02,
    3.98545471e+02, 2.08687561e+02, 4.07514679e+02, 2.15580322e+02,
    4.16752533e+02, 2.22734283e+02, 4.26243225e+02, 2.30067154e+02,
    4.35967010e+02, 2.37685745e+02, 4.45975464e+02, 2.45483887e+02,
    3.93027832e+02, 2.17012787e+02, 4.01844940e+02, 2.23866074e+02,
    4.10855743e+02, 2.31064163e+02, 4.20013916e+02, 2.38366592e+02,
    4.29670380e+02, 2.45927094e+02, 4.39250916e+02, 2.53773209e+02 ]
