%YAML:1.0
---
points: [ 1.72087189e+02, 2.19582153e+02, 1.91206223e+02, 2.10830551e+02,
    2.09809067e+02, 2.02406296e+02, 2.27812088e+02, 1.94075500e+02,
    2.45484100e+02, 1.86059952e+02, 2.62700867e+02, 1.78142639e+02,
    1.79682419e+02, 2.35189148e+02, 1.99174606e+02, 2.25988464e+02,
    2.18166122e+02, 2.17067795e+02, 2.36627365e+02, 2.08327606e+02,
    2.54727905e+02, 1.99965805e+02, 2.72268036e+02, 1.91678894e+02,
    1.87583755e+02, 2.51644333e+02, 2.07616058e+02, 2.41977905e+02,
    2.27023270e+02, 2.32681152e+02, 2.45852234e+02, 2.23399323e+02,
    2.64320282e+02, 2.14625488e+02, 2.82341705e+02, 2.05937546e+02,
    1.95999405e+02, 2.69206207e+02, 2.16550140e+02, 2.59058136e+02,
    2.36458267e+02, 2.49035873e+02, 2.55735657e+02, 2.39448257e+02,
    2.74630524e+02, 2.30112000e+02, 2.92948334e+02, 2.20938553e+02,
    2.04954941e+02, 2.87858368e+02, 2.26042801e+02, 2.77067871e+02,
    2.46439529e+02, 2.66681335e+02, 2.66211823e+02, 2.56469299e+02,
    2.85554535e+02, 2.46613510e+02, 3.04421326e+02, 2.37068665e+02,
    2.14433670e+02, 3.07931335e+02, 2.36095688e+02, 2.96505157e+02,
    2.57072083e+02, 2.85352570e+02, 2.77362091e+02, 2.74683258e+02,
    2.97187683e+02, 2.64203186e+02, 3.16465546e+02, 2.54161636e+02,
    2.24767746e+02, 3.29686981e+02, 2.46985519e+02, 3.17399933e+02,
    2.68481445e+02, 3.05625793e+02, 2.89393280e+02, 2.94243652e+02,
    3.09710846e+02, 2.83217010e+02, 3.29561005e+02, 2.72499176e+02,
    2.35776932e+02, 3.52689148e+02, 2.58583618e+02, 3.39761017e+02,
    2.80766205e+02, 3.27151184e+02, 3.02215088e+02, 3.15123718e+02,
    3.23074585e+02, 3.03308411e+02, 3.43406219e+02, 2.91996399e+02 ]
