%YAML:1.0
---
points: [ 3.32863708e+02, 5.09201050e+01, 3.49886963e+02, 5.11542816e+01,
    3.66875824e+02, 5.15723763e+01, 3.84413361e+02, 5.20134315e+01,
    4.01819000e+02, 5.25996017e+01, 4.19626923e+02, 5.31788788e+01,
    3.31280853e+02, 6.84128723e+01, 3.47923828e+02, 6.87949829e+01,
    3.65063232e+02, 6.93023453e+01, 3.82182220e+02, 6.97102280e+01,
    3.99760040e+02, 7.04019241e+01, 4.17229034e+02, 7.11083755e+01,
    3.29566772e+02, 8.56629639e+01, 3.46173492e+02, 8.61974258e+01,
    3.62962891e+02, 8.66303558e+01, 3.80187653e+02, 8.72871628e+01,
    3.97506073e+02, 8.77938156e+01, 4.14956390e+02, 8.85754013e+01,
    3.27805542e+02, 1.03152100e+02, 3.44255920e+02, 1.03203011e+02,
    3.61026794e+02, 1.03648727e+02, 3.77930756e+02, 1.04440483e+02,
    3.95196381e+02, 1.05172462e+02, 4.12673706e+02, 1.05970695e+02,
    3.26408508e+02, 1.19088989e+02, 3.42415741e+02, 1.19780540e+02,
    3.58899170e+02, 1.20644157e+02, 3.75796539e+02, 1.21351425e+02,
    3.92865295e+02, 1.22267105e+02, 4.10204437e+02, 1.23172859e+02,
    3.24792725e+02, 1.35454941e+02, 3.40336212e+02, 1.36295197e+02,
    3.56933929e+02, 1.37183884e+02, 3.73576599e+02, 1.38019241e+02,
    3.90564758e+02, 1.38857758e+02, 4.07650208e+02, 1.39889709e+02,
    3.23053253e+02, 1.51229019e+02, 3.38747284e+02, 1.52301453e+02,
    3.55046143e+02, 1.53293427e+02, 3.71445801e+02, 1.54228760e+02,
    3.88187653e+02, 1.55387634e+02, 4.05168243e+02, 1.56341995e+02,
    3.21293060e+02, 1.66714417e+02, 3.37171021e+02, 1.67783295e+02,
    3.53036377e+02, 1.68919724e+02, 3.69389526e+02, 1.70165741e+02,
    3.85897827e+02, 1.71311844e+02, 4.02765228e+02, 1.72651855e+02 ]
