%YAML:1.0
---
points: [ 7.00955811e+02, 4.81039124e+02, 7.22062744e+02, 5.08334656e+02,
    7.43927246e+02, 5.36686401e+02, 7.66829712e+02, 5.66560852e+02,
    7.90802307e+02, 5.97617004e+02, 8.15915833e+02, 6.30307678e+02,
    6.60014771e+02, 4.99862854e+02, 6.80569092e+02, 5.28024292e+02,
    7.02116577e+02, 5.57496582e+02, 7.24387024e+02, 5.88266113e+02,
    7.47666626e+02, 6.20528503e+02, 7.72278198e+02, 6.54300476e+02,
    6.17242859e+02, 5.19638672e+02, 6.37208374e+02, 5.48657349e+02,
    6.58139221e+02, 5.79068909e+02, 6.79730530e+02, 6.10774475e+02,
    7.02604614e+02, 6.44380859e+02, 7.26398499e+02, 6.79270508e+02,
    5.73119080e+02, 5.39913086e+02, 5.92448608e+02, 5.69897522e+02,
    6.12687927e+02, 6.01531860e+02, 6.33874084e+02, 6.34520386e+02,
    6.55834167e+02, 6.69199219e+02, 6.79096802e+02, 7.05410217e+02,
    5.27373657e+02, 5.60760132e+02, 5.46028992e+02, 5.92261902e+02,
    5.65445496e+02, 6.24646484e+02, 5.85729187e+02, 6.58884155e+02,
    6.07266113e+02, 6.94904724e+02, 6.29468933e+02, 7.32689209e+02,
    4.79968170e+02, 5.82931152e+02, 4.97746948e+02, 6.15133301e+02,
    5.16400146e+02, 6.48843140e+02, 5.35947266e+02, 6.84473328e+02,
    5.56436218e+02, 7.21832214e+02, 5.77967224e+02, 7.61210815e+02,
    4.30875763e+02, 6.05463806e+02, 4.47781219e+02, 6.39059448e+02,
    4.65649414e+02, 6.73877930e+02, 4.84253723e+02, 7.11018127e+02,
    5.03780151e+02, 7.49732544e+02, 5.24285095e+02, 7.90723816e+02,
    3.79991486e+02, 6.29256409e+02, 3.96107178e+02, 6.63700378e+02,
    4.12826050e+02, 7.00308777e+02, 4.30468597e+02, 7.38541687e+02,
    4.48924347e+02, 7.79142944e+02, 4.68394684e+02, 8.21580933e+02 ]
