%YAML:1.0
---
points: [ 1.10457642e+03, 5.40031357e+01, 1.15411768e+03, 5.45363731e+01,
    1.20468225e+03, 5.51190109e+01, 1.25604126e+03, 5.54842873e+01,
    1.30843384e+03, 5.60416527e+01, 1.36185547e+03, 5.65247459e+01,
    1.10022192e+03, 1.06701683e+02, 1.14898804e+03, 1.07554817e+02,
    1.19887024e+03, 1.08531662e+02, 1.24965649e+03, 1.09393692e+02,
    1.30150867e+03, 1.10412094e+02, 1.35439990e+03, 1.11450302e+02,
    1.09580090e+03, 1.57898102e+02, 1.14386536e+03, 1.59469894e+02,
    1.19330859e+03, 1.60714401e+02, 1.24348694e+03, 1.61916351e+02,
    1.29484497e+03, 1.63529510e+02, 1.34682935e+03, 1.64939575e+02,
    1.09152710e+03, 2.08202759e+02, 1.13917419e+03, 2.09850739e+02,
    1.18773486e+03, 2.11661194e+02, 1.23742163e+03, 2.13491211e+02,
    1.28791028e+03, 2.15263992e+02, 1.33944226e+03, 2.17062943e+02,
    1.08732214e+03, 2.57084961e+02, 1.13431995e+03, 2.59464386e+02,
    1.18235181e+03, 2.61536804e+02, 1.23146558e+03, 2.63621887e+02,
    1.28139600e+03, 2.65759216e+02, 1.33245178e+03, 2.68028809e+02,
    1.08335828e+03, 3.04725433e+02, 1.12972937e+03, 3.07460632e+02,
    1.17726782e+03, 3.09987640e+02, 1.22556128e+03, 3.12571808e+02,
    1.27491028e+03, 3.15247498e+02, 1.32530884e+03, 3.17799744e+02,
    1.07947803e+03, 3.51538849e+02, 1.12534241e+03, 3.54640594e+02,
    1.17206543e+03, 3.57618195e+02, 1.21983850e+03, 3.60598511e+02,
    1.26869897e+03, 3.63681793e+02, 1.31838574e+03, 3.66774536e+02,
    1.07553625e+03, 3.97104065e+02, 1.12104980e+03, 4.00449463e+02,
    1.16731885e+03, 4.03707672e+02, 1.21435132e+03, 4.07293152e+02,
    1.26254175e+03, 4.10675751e+02, 1.31170935e+03, 4.14136902e+02 ]
