%YAML:1.0
---
points: [ 4.34178101e+02, 1.05681747e+02, 4.44007782e+02, 1.12917931e+02,
    4.53643097e+02, 1.20188637e+02, 4.63620758e+02, 1.27517342e+02,
    4.73254608e+02, 1.34990891e+02, 4.83262329e+02, 1.42489929e+02,
    4.26689117e+02, 1.14707199e+02, 4.36394043e+02, 1.21855804e+02,
    4.46319427e+02, 1.29150635e+02, 4.56019867e+02, 1.36544357e+02,
    4.66019958e+02, 1.44024979e+02, 4.75730347e+02, 1.51610428e+02,
    4.19025757e+02, 1.23713051e+02, 4.28812042e+02, 1.30906448e+02,
    4.38607025e+02, 1.38265839e+02, 4.48554291e+02, 1.45637207e+02,
    4.58343628e+02, 1.53202881e+02, 4.68408173e+02, 1.60695236e+02,
    4.11330383e+02, 1.32709061e+02, 4.21066803e+02, 1.40014221e+02,
    4.30978363e+02, 1.47324707e+02, 4.40768646e+02, 1.54831558e+02,
    4.50800507e+02, 1.62318085e+02, 4.60699036e+02, 1.69990601e+02,
    4.03548920e+02, 1.41905228e+02, 4.13366028e+02, 1.49207611e+02,
    4.23131805e+02, 1.56510727e+02, 4.33117035e+02, 1.64039017e+02,
    4.42973297e+02, 1.71549774e+02, 4.53091034e+02, 1.79159836e+02,
    3.95822723e+02, 1.50928085e+02, 4.05459351e+02, 1.58300858e+02,
    4.15400757e+02, 1.65667236e+02, 4.25186737e+02, 1.73215042e+02,
    4.35254181e+02, 1.80855255e+02, 4.45188873e+02, 1.88459946e+02,
    3.87900269e+02, 1.60045456e+02, 3.97715485e+02, 1.67413834e+02,
    4.07472473e+02, 1.74859467e+02, 4.17357117e+02, 1.82291840e+02,
    4.27379059e+02, 1.90040497e+02, 4.37421478e+02, 1.97737183e+02,
    3.80080231e+02, 1.69197205e+02, 3.89749451e+02, 1.76618118e+02,
    3.99595215e+02, 1.84086075e+02, 4.09429596e+02, 1.91611969e+02,
    4.19378021e+02, 1.99408768e+02, 4.29441467e+02, 2.07090790e+02 ]
