%YAML:1.0
---
points: [ 3.64774750e+02, 4.86786728e+01, 3.76093353e+02, 4.68775177e+01,
    3.87537628e+02, 4.51452141e+01, 3.99774780e+02, 4.32125511e+01,
    4.11852417e+02, 4.14908562e+01, 4.24820740e+02, 3.96847000e+01,
    3.66335449e+02, 6.06190338e+01, 3.77203705e+02, 5.89556046e+01,
    3.88899414e+02, 5.73464394e+01, 4.00647003e+02, 5.57812157e+01,
    4.13055237e+02, 5.41660652e+01, 4.25563965e+02, 5.26920662e+01,
    3.67395874e+02, 7.22964554e+01, 3.78512848e+02, 7.08842316e+01,
    3.89855621e+02, 6.95050812e+01, 4.01713562e+02, 6.81310577e+01,
    4.13824707e+02, 6.67253647e+01, 4.26390778e+02, 6.53164673e+01,
    3.68646301e+02, 8.36350403e+01, 3.79590759e+02, 8.24909668e+01,
    3.90922791e+02, 8.12605972e+01, 4.02564514e+02, 8.01049652e+01,
    4.14692139e+02, 7.88967361e+01, 4.27038788e+02, 7.78618622e+01,
    3.69870148e+02, 9.47404938e+01, 3.80690430e+02, 9.37232895e+01,
    3.91901215e+02, 9.27298203e+01, 4.03428375e+02, 9.18163300e+01,
    4.15352600e+02, 9.08707275e+01, 4.27640594e+02, 8.97766953e+01,
    3.71046722e+02, 1.05567711e+02, 3.81709869e+02, 1.04766411e+02,
    3.92773834e+02, 1.03975723e+02, 4.04201294e+02, 1.03382362e+02,
    4.16044067e+02, 1.02546791e+02, 4.28251831e+02, 1.01722450e+02,
    3.72149536e+02, 1.16119087e+02, 3.82676239e+02, 1.15526291e+02,
    3.93637939e+02, 1.14885475e+02, 4.04963135e+02, 1.14249229e+02,
    4.16650696e+02, 1.13730873e+02, 4.28711548e+02, 1.13181351e+02,
    3.73128448e+02, 1.26400391e+02, 3.83678558e+02, 1.25922127e+02,
    3.94373260e+02, 1.25587860e+02, 4.05687103e+02, 1.25157776e+02,
    4.17250854e+02, 1.24692612e+02, 4.29224396e+02, 1.24568893e+02 ]
