%YAML:1.0
---
points: [ 740., 26., 8.05431091e+02, 6.00949554e+01, 8.72360779e+02,
    1.05063080e+02, 9.36735107e+02, 1.48401154e+02, 9.99527771e+02,
    1.90344910e+02, 1.06037646e+03, 2.30840332e+02, 7.07529053e+02,
    8.33655396e+01, 7.74103149e+02, 1.26728050e+02, 8.38588501e+02,
    1.68862076e+02, 9.01032654e+02, 2.09773895e+02, 9.61681335e+02,
    2.48975830e+02, 1.02058997e+03, 2.87081329e+02, 6.80856812e+02,
    1.47113602e+02, 7.45321167e+02, 1.87827255e+02, 8.07770142e+02,
    2.27448212e+02, 8.68214294e+02, 2.65811737e+02, 9.27071350e+02,
    3.02829773e+02, 9.84019409e+02, 3.38671661e+02, 6.56385010e+02,
    2.05933487e+02, 7.18760559e+02, 2.44230606e+02, 7.79257507e+02,
    2.81525940e+02, 8.37852417e+02, 3.17636780e+02, 8.94946167e+02,
    3.52525513e+02, 9.50251770e+02, 3.86536987e+02, 6.33601013e+02,
    2.60165100e+02, 6.94052673e+02, 2.96240540e+02, 7.52765503e+02,
    3.31478241e+02, 8.09619446e+02, 3.65421783e+02, 8.65167969e+02,
    3.98648376e+02, 9.18892578e+02, 4.30662384e+02, 6.12435608e+02,
    3.10438293e+02, 6.71214050e+02, 3.44642273e+02, 7.28176697e+02,
    3.77926514e+02, 7.83485840e+02, 4.09969452e+02, 8.37281555e+02,
    4.41449371e+02, 8.89641541e+02, 4.71932312e+02, 5.92658081e+02,
    3.57237274e+02, 6.49637634e+02, 3.89539551e+02, 7.05047607e+02,
    4.21329071e+02, 7.58723267e+02, 4.51815430e+02, 8.11176147e+02,
    4.81612579e+02, 8.62178101e+02, 5.10640900e+02, 5.74239197e+02,
    4.00605713e+02, 6.29647339e+02, 4.31462982e+02, 6.83500671e+02,
    4.61348267e+02, 7.35735718e+02, 4.90496826e+02, 7.86792725e+02,
    5.18910461e+02, 8.36518982e+02, 5.46626099e+02 ]
