%YAML:1.0
---
points: [ 7.38725891e+02, 1.98365280e+02, 7.66383362e+02, 2.42507217e+02,
    7.93401062e+02, 2.85887543e+02, 8.20072998e+02, 3.28683441e+02,
    8.46261353e+02, 3.70677399e+02, 8.72160095e+02, 4.12042084e+02,
    6.96953857e+02, 2.24560867e+02, 7.24727844e+02, 2.68451599e+02,
    7.52271912e+02, 3.11658813e+02, 7.79161682e+02, 3.54204559e+02,
    8.05569031e+02, 3.96011047e+02, 8.31565979e+02, 4.37214142e+02,
    6.54674072e+02, 2.50980499e+02, 6.82940613e+02, 2.94653503e+02,
    7.10577087e+02, 3.37545898e+02, 7.37777771e+02, 3.79828186e+02,
    7.64578552e+02, 4.21471283e+02, 7.90878662e+02, 4.62479492e+02,
    6.12743713e+02, 2.77160858e+02, 6.41124084e+02, 3.20529510e+02,
    6.69290161e+02, 3.63348724e+02, 6.96770020e+02, 4.05341522e+02,
    7.23817505e+02, 4.46805908e+02, 7.50497681e+02, 4.87515289e+02,
    5.70547668e+02, 3.03322205e+02, 5.99430054e+02, 3.46469543e+02,
    6.27680908e+02, 3.88930695e+02, 6.55600281e+02, 4.30838684e+02,
    6.83038452e+02, 4.72055054e+02, 7.09807434e+02, 5.12587158e+02,
    5.28622437e+02, 3.29453033e+02, 5.57576599e+02, 3.72247559e+02,
    5.86255493e+02, 4.14626892e+02, 6.14343994e+02, 4.56247955e+02,
    6.42071899e+02, 4.97336731e+02, 6.69252563e+02, 5.37645081e+02,
    4.86481323e+02, 3.55435089e+02, 5.15841736e+02, 3.98166687e+02,
    5.44635986e+02, 4.40274658e+02, 5.73133545e+02, 4.81626312e+02,
    6.01081116e+02, 5.22529236e+02, 6.28563965e+02, 5.62867859e+02,
    4.44313812e+02, 3.81597534e+02, 4.73806793e+02, 4.24033936e+02,
    5.03066711e+02, 4.65911163e+02, 5.31715332e+02, 5.07174591e+02,
    5.60041016e+02, 5.47959045e+02, 5.87650391e+02, 5.88059814e+02 ]
