%YAML:1.0
---
points: [ 2.22171692e+02, 3.86758041e+01, 2.44927490e+02, 5.38250656e+01,
    2.66951080e+02, 6.87186508e+01, 2.88266815e+02, 8.31093369e+01,
    3.09066925e+02, 9.71926117e+01, 3.29272766e+02, 1.10692894e+02,
    2.10882538e+02, 6.17939491e+01, 2.32767731e+02, 7.61499786e+01,
    2.54020981e+02, 9.01577225e+01, 2.74666565e+02, 1.03823753e+02,
    2.94782471e+02, 1.16920784e+02, 3.14377167e+02, 1.29794662e+02,
    2.00378830e+02, 8.31218262e+01, 2.21632156e+02, 9.67021179e+01,
    2.42249222e+02, 1.09899094e+02, 2.62185150e+02, 1.22803856e+02,
    2.81736847e+02, 1.35216858e+02, 3.00617767e+02, 1.47319183e+02,
    1.90802963e+02, 1.02944923e+02, 2.11339432e+02, 1.15727821e+02,
    2.31305649e+02, 1.28134888e+02, 2.50776260e+02, 1.40355484e+02,
    2.69533783e+02, 1.52096664e+02, 2.87984955e+02, 1.63564117e+02,
    1.81928558e+02, 1.21208076e+02, 2.01749435e+02, 1.33222443e+02,
    2.21179581e+02, 1.45089615e+02, 2.39989563e+02, 1.56581741e+02,
    2.58306885e+02, 1.67690094e+02, 2.76211304e+02, 1.78513229e+02,
    1.73603668e+02, 1.38151443e+02, 1.92903992e+02, 1.49636017e+02,
    2.11758713e+02, 1.60822556e+02, 2.30061981e+02, 1.71640152e+02,
    2.47862717e+02, 1.82155594e+02, 2.65339081e+02, 1.92441559e+02,
    1.65914215e+02, 1.53807449e+02, 1.84657486e+02, 1.64743423e+02,
    2.02979828e+02, 1.75441254e+02, 2.20737900e+02, 1.85732101e+02,
    2.38146606e+02, 1.95767151e+02, 2.54958588e+02, 2.05647736e+02,
    1.58662415e+02, 1.68457458e+02, 1.76944031e+02, 1.78864670e+02,
    1.94783615e+02, 1.88941116e+02, 2.12073151e+02, 1.98815872e+02,
    2.28964142e+02, 2.08285294e+02, 2.45474228e+02, 2.17745316e+02 ]
