%YAML:1.0
---
points: [ 9.14151123e+02, 2.85885406e+02, 9.65526550e+02, 2.85482574e+02,
    1.01787384e+03, 2.85105438e+02, 1.07118079e+03, 2.84482361e+02,
    1.12597375e+03, 2.83723358e+02, 1.18180762e+03, 2.83062042e+02,
    9.15810486e+02, 3.38906158e+02, 9.66222412e+02, 3.39120056e+02,
    1.01777081e+03, 3.39262787e+02, 1.07039136e+03, 3.39329315e+02,
    1.12410767e+03, 3.39223785e+02, 1.17926404e+03, 3.39085938e+02,
    9.17230469e+02, 3.90347717e+02, 9.66870483e+02, 3.90892548e+02,
    1.01772961e+03, 3.91527466e+02, 1.06953699e+03, 3.92165863e+02,
    1.12257617e+03, 3.92624207e+02, 1.17650793e+03, 3.93193695e+02,
    9.18616699e+02, 4.40266357e+02, 9.67837891e+02, 4.41139496e+02,
    1.01771564e+03, 4.42388550e+02, 1.06881885e+03, 4.43504456e+02,
    1.12101282e+03, 4.44511505e+02, 1.17431372e+03, 4.45545135e+02,
    9.19979797e+02, 4.88532104e+02, 9.68481995e+02, 4.90195374e+02,
    1.01771136e+03, 4.91650696e+02, 1.06806384e+03, 4.93170013e+02,
    1.11943555e+03, 4.94702545e+02, 1.17183838e+03, 4.96457336e+02,
    9.21460632e+02, 5.35609802e+02, 9.69194885e+02, 5.37668823e+02,
    1.01775879e+03, 5.39580688e+02, 1.06740149e+03, 5.41486145e+02,
    1.11792261e+03, 5.43623779e+02, 1.16974060e+03, 5.45622498e+02,
    9.22730408e+02, 5.81653381e+02, 9.69774963e+02, 5.83922546e+02,
    1.01783441e+03, 5.86495056e+02, 1.06679700e+03, 5.88750061e+02,
    1.11676477e+03, 5.91393738e+02, 1.16791479e+03, 5.93848267e+02,
    9.23896912e+02, 6.26289917e+02, 9.70487854e+02, 6.28925781e+02,
    1.01794788e+03, 6.31769226e+02, 1.06621045e+03, 6.34500427e+02,
    1.11566101e+03, 6.37510559e+02, 1.16587573e+03, 6.40457031e+02 ]
