%YAML:1.0
---
points: [ 2.69826080e+02, 1.29212479e+02, 2.87430115e+02, 1.29065582e+02,
    3.05642517e+02, 1.28718796e+02, 3.23843781e+02, 1.28426239e+02,
    3.42998413e+02, 1.28358017e+02, 3.62163452e+02, 1.28100357e+02,
    2.69911438e+02, 1.47315079e+02, 2.87334564e+02, 1.47314133e+02,
    3.05146240e+02, 1.47254242e+02, 3.23265839e+02, 1.47208832e+02,
    3.41940826e+02, 1.47170959e+02, 3.60979462e+02, 1.47125793e+02,
    2.70102753e+02, 1.64596619e+02, 2.87165894e+02, 1.64830795e+02,
    3.04772064e+02, 1.65051743e+02, 3.22617157e+02, 1.65200974e+02,
    3.40986237e+02, 1.65336075e+02, 3.59713776e+02, 1.65424286e+02,
    2.70226013e+02, 1.81514069e+02, 2.87150055e+02, 1.81822220e+02,
    3.04285400e+02, 1.82206009e+02, 3.22098450e+02, 1.82432449e+02,
    3.40091949e+02, 1.82961670e+02, 3.58552124e+02, 1.83229736e+02,
    2.70356628e+02, 1.97987320e+02, 2.87048004e+02, 1.98454742e+02,
    3.04103119e+02, 1.98968933e+02, 3.21359283e+02, 1.99487549e+02,
    3.39262482e+02, 1.99993469e+02, 3.57370605e+02, 2.00509109e+02,
    2.70302551e+02, 2.14026642e+02, 2.86887360e+02, 2.14520981e+02,
    3.03680634e+02, 2.15258911e+02, 3.20826385e+02, 2.15880539e+02,
    3.38399963e+02, 2.16604385e+02, 3.56325134e+02, 2.17392120e+02,
    2.70562531e+02, 2.29523438e+02, 2.86874817e+02, 2.30289047e+02,
    3.03330017e+02, 2.31200592e+02, 3.20306488e+02, 2.32049164e+02,
    3.37578125e+02, 2.32860779e+02, 3.55260956e+02, 2.33786621e+02,
    2.70788391e+02, 2.44690445e+02, 2.86809967e+02, 2.45582260e+02,
    3.03145935e+02, 2.46489487e+02, 3.19822174e+02, 2.47529694e+02,
    3.36947693e+02, 2.48561203e+02, 3.54290680e+02, 2.49582474e+02 ]
