%YAML:1.0
---
points: [ 3.70811584e+02, 1.86934814e+02, 3.80840332e+02, 1.91416489e+02,
    3.91003693e+02, 1.96011810e+02, 4.01301575e+02, 2.00579468e+02,
    4.11506561e+02, 2.05164124e+02, 4.21919159e+02, 2.09806198e+02,
    3.66924774e+02, 1.95780975e+02, 3.76980743e+02, 2.00244125e+02,
    3.87282532e+02, 2.04879288e+02, 3.97510010e+02, 2.09491226e+02,
    4.07855377e+02, 2.14282379e+02, 4.18250183e+02, 2.19159103e+02,
    3.62790985e+02, 2.04662537e+02, 3.73010040e+02, 2.09317993e+02,
    3.83297150e+02, 2.14038101e+02, 3.93699310e+02, 2.18806900e+02,
    4.04107178e+02, 2.23565887e+02, 4.14660919e+02, 2.28352142e+02,
    3.58707031e+02, 2.13793518e+02, 3.68968628e+02, 2.18537735e+02,
    3.79373230e+02, 2.23271942e+02, 3.89761932e+02, 2.28120605e+02,
    4.00330017e+02, 2.33090347e+02, 4.10874634e+02, 2.37998749e+02,
    3.54582581e+02, 2.23028778e+02, 3.64891541e+02, 2.27833725e+02,
    3.75281982e+02, 2.32640991e+02, 3.85856110e+02, 2.37641861e+02,
    3.96416992e+02, 2.42527771e+02, 4.07130768e+02, 2.47576538e+02,
    3.50337341e+02, 2.32347046e+02, 3.60730164e+02, 2.37325882e+02,
    3.71239685e+02, 2.42201096e+02, 3.81836212e+02, 2.47255356e+02,
    3.92506500e+02, 2.52316238e+02, 4.03265533e+02, 2.57419525e+02,
    3.45987915e+02, 2.41960800e+02, 3.56569214e+02, 2.46946548e+02,
    3.67151581e+02, 2.51995804e+02, 3.77767151e+02, 2.57048645e+02,
    3.88550720e+02, 2.62238190e+02, 3.99390747e+02, 2.67499268e+02,
    3.41675964e+02, 2.51661392e+02, 3.52199951e+02, 2.56787628e+02,
    3.62945953e+02, 2.62024139e+02, 3.73596252e+02, 2.67146820e+02,
    3.84573944e+02, 2.72391632e+02, 3.95371490e+02, 2.77595215e+02 ]
