%YAML:1.0
---
points: [ 9.20050232e+02, 8.01713333e+01, 9.29590027e+02, 1.30084534e+02,
    9.38598694e+02, 1.76895432e+02, 9.47258972e+02, 2.21018478e+02,
    9.54947083e+02, 2.62539795e+02, 9.62659119e+02, 3.01775452e+02,
    8.71096313e+02, 8.91843948e+01, 8.81994812e+02, 1.38632874e+02,
    8.92584167e+02, 1.85224747e+02, 9.02249146e+02, 2.28669128e+02,
    9.11623962e+02, 2.69785828e+02, 9.20299744e+02, 3.08464294e+02,
    8.22257080e+02, 9.81392899e+01, 8.34697937e+02, 1.47028381e+02,
    8.46553467e+02, 1.92805847e+02, 8.57624146e+02, 2.36165222e+02,
    8.68197205e+02, 2.76775513e+02, 8.77923401e+02, 3.15269470e+02,
    7.74145874e+02, 1.07117569e+02, 7.88020874e+02, 1.55329102e+02,
    8.01389709e+02, 2.00778671e+02, 8.13550476e+02, 2.43479965e+02,
    8.25419678e+02, 2.83714813e+02, 8.36439148e+02, 3.21736603e+02,
    7.26417297e+02, 1.15607674e+02, 7.41706604e+02, 1.63348480e+02,
    7.56256042e+02, 2.08378494e+02, 7.69854919e+02, 2.50619308e+02,
    7.82773926e+02, 2.90558655e+02, 7.94912354e+02, 3.28300659e+02,
    6.79181152e+02, 1.24132957e+02, 6.95947449e+02, 1.71157104e+02,
    7.11626892e+02, 2.15970490e+02, 7.26558838e+02, 2.57613556e+02,
    7.40620483e+02, 2.97328217e+02, 7.53849915e+02, 3.34592743e+02,
    6.32368896e+02, 1.32411591e+02, 6.50528687e+02, 1.79133957e+02,
    6.67503845e+02, 2.23312500e+02, 6.83628235e+02, 2.64642151e+02,
    6.98695923e+02, 3.03750031e+02, 7.13194092e+02, 3.40752014e+02,
    5.85754761e+02, 1.40667801e+02, 6.05302612e+02, 1.86812378e+02,
    6.23541016e+02, 2.30395889e+02, 6.40742981e+02, 2.71458130e+02,
    6.57216492e+02, 3.10329773e+02, 6.72525391e+02, 3.47075470e+02 ]
