%YAML:1.0
---
points: [ 9.29793091e+02, 4.44846115e+01, 9.40188110e+02, 8.99235153e+01,
    9.49720398e+02, 1.33592758e+02, 9.59396667e+02, 1.75845139e+02,
    9.68544556e+02, 2.16486740e+02, 9.77282166e+02, 2.55737793e+02,
    8.88887512e+02, 5.55447464e+01, 8.99988647e+02, 1.00666801e+02,
    9.10465942e+02, 1.44449860e+02, 9.20601196e+02, 1.86379959e+02,
    9.30415833e+02, 2.27139313e+02, 9.39649170e+02, 2.66151215e+02,
    8.47605469e+02, 6.67177429e+01, 8.59385071e+02, 1.11896179e+02,
    8.70485840e+02, 1.55321609e+02, 8.81488342e+02, 1.97134506e+02,
    8.91832275e+02, 2.37550003e+02, 9.02075806e+02, 2.76383026e+02,
    8.06389648e+02, 7.77561035e+01, 8.18699219e+02, 1.22719360e+02,
    8.30938110e+02, 1.66106537e+02, 8.42637268e+02, 2.07523911e+02,
    8.53750061e+02, 2.47828430e+02, 8.64583801e+02, 2.86478119e+02,
    7.65094421e+02, 8.90008087e+01, 7.78506531e+02, 1.33617950e+02,
    7.91267944e+02, 1.76602325e+02, 8.03615112e+02, 2.18190155e+02,
    8.15493347e+02, 2.58127899e+02, 8.26942749e+02, 2.96682648e+02,
    7.23848267e+02, 1.00068062e+02, 7.37910522e+02, 1.44247391e+02,
    7.51432739e+02, 1.87338409e+02, 7.64468384e+02, 2.28530518e+02,
    7.77105896e+02, 2.68443512e+02, 7.89273926e+02, 3.06794342e+02,
    6.82361938e+02, 1.11015831e+02, 6.97334900e+02, 1.55275513e+02,
    7.11543213e+02, 1.97738129e+02, 7.25472839e+02, 2.39170685e+02,
    7.38605896e+02, 2.78654358e+02, 7.51573242e+02, 3.17143341e+02,
    6.40810059e+02, 1.22060135e+02, 6.56412598e+02, 1.66010483e+02,
    6.71515198e+02, 2.08444183e+02, 6.86045593e+02, 2.49415329e+02,
    6.99954895e+02, 2.88849213e+02, 7.13459045e+02, 3.27143433e+02 ]
