%YAML:1.0
---
points: [ 3.32883423e+02, 1.30314972e+02, 3.44385315e+02, 1.29844681e+02,
    3.56259827e+02, 1.29438217e+02, 3.68157410e+02, 1.29163696e+02,
    3.80323792e+02, 1.28722931e+02, 3.92711090e+02, 1.28362671e+02,
    3.32482117e+02, 1.41601776e+02, 3.44077972e+02, 1.41340485e+02,
    3.55839966e+02, 1.41031799e+02, 3.67739197e+02, 1.40717453e+02,
    3.79918121e+02, 1.40436874e+02, 3.92251740e+02, 1.40101685e+02,
    3.32163727e+02, 1.52996582e+02, 3.43677887e+02, 1.52739334e+02,
    3.55327362e+02, 1.52537186e+02, 3.67287170e+02, 1.52405304e+02,
    3.79386078e+02, 1.52214233e+02, 3.91718353e+02, 1.51885956e+02,
    3.31796539e+02, 1.64263824e+02, 3.43164795e+02, 1.64222702e+02,
    3.55025665e+02, 1.64092987e+02, 3.66851624e+02, 1.63969070e+02,
    3.79072083e+02, 1.63730347e+02, 3.91280853e+02, 1.63663788e+02,
    3.31313843e+02, 1.75272247e+02, 3.42841888e+02, 1.75253738e+02,
    3.54491821e+02, 1.75253204e+02, 3.66290253e+02, 1.75352524e+02,
    3.78395020e+02, 1.75336609e+02, 3.90763153e+02, 1.75466507e+02,
    3.31073364e+02, 1.86458405e+02, 3.42134735e+02, 1.86536835e+02,
    3.54147827e+02, 1.86502487e+02, 3.66071198e+02, 1.86747253e+02,
    3.78086548e+02, 1.86800232e+02, 3.90354065e+02, 1.86824234e+02,
    3.30682770e+02, 1.97494720e+02, 3.41960846e+02, 1.97835510e+02,
    3.53732239e+02, 1.97729980e+02, 3.65606232e+02, 1.98018967e+02,
    3.77593658e+02, 1.98315887e+02, 3.89888611e+02, 1.98579727e+02,
    3.30325378e+02, 2.08608917e+02, 3.41781403e+02, 2.08773285e+02,
    3.53247437e+02, 2.09197937e+02, 3.65248230e+02, 2.09558182e+02,
    3.77215393e+02, 2.09674561e+02, 3.89414001e+02, 2.09942551e+02 ]
