%YAML:1.0
---
points: [ 5.84817688e+02, 3.09590454e+02, 6.46196472e+02, 3.05134003e+02,
    7.08274780e+02, 3.00523804e+02, 7.70604736e+02, 2.95748474e+02,
    8.33696167e+02, 2.90924286e+02, 8.97602051e+02, 2.85793884e+02,
    5.88358215e+02, 3.72945404e+02, 6.49681763e+02, 3.68881866e+02,
    7.11755737e+02, 3.64612488e+02, 7.74343262e+02, 3.60172638e+02,
    8.37361145e+02, 3.55629761e+02, 9.01177185e+02, 3.50942200e+02,
    5.91571350e+02, 4.36024231e+02, 6.53266846e+02, 4.32329315e+02,
    7.15309143e+02, 4.28367950e+02, 7.77572815e+02, 4.24264465e+02,
    8.40613953e+02, 4.20141235e+02, 9.04434509e+02, 4.15901459e+02,
    5.95152039e+02, 4.99252991e+02, 6.56563721e+02, 4.95822815e+02,
    7.18505676e+02, 4.92025940e+02, 7.81118286e+02, 4.88215485e+02,
    8.44224487e+02, 4.84574707e+02, 9.07693970e+02, 4.80797760e+02,
    5.98248535e+02, 5.62454529e+02, 6.59762451e+02, 5.59136536e+02,
    7.21809814e+02, 5.55639648e+02, 7.84415833e+02, 5.52348572e+02,
    8.47540100e+02, 5.48985535e+02, 9.11331665e+02, 5.45551514e+02,
    6.01197144e+02, 6.25471741e+02, 6.62843018e+02, 6.22555298e+02,
    7.24801147e+02, 6.19442139e+02, 7.87523499e+02, 6.16551575e+02,
    8.50679138e+02, 6.13435425e+02, 9.14574341e+02, 6.10379456e+02,
    6.04238831e+02, 6.89210754e+02, 6.65818054e+02, 6.86414795e+02,
    7.28134338e+02, 6.83688904e+02, 7.90665527e+02, 6.81064636e+02,
    8.54079773e+02, 6.78262329e+02, 9.17825928e+02, 6.75709412e+02,
    6.07134277e+02, 7.52538208e+02, 6.68803711e+02, 7.50114197e+02,
    7.31208862e+02, 7.47571472e+02, 7.93716614e+02, 7.45223511e+02,
    8.57231873e+02, 7.43041870e+02, 9.21369690e+02, 7.40669861e+02 ]
