%YAML:1.0
---
points: [ 1.63809998e+02, 1.37343491e+02, 1.84657028e+02, 1.35829636e+02,
    2.05733597e+02, 1.34149872e+02, 2.27103882e+02, 1.32541916e+02,
    2.48617096e+02, 1.30887192e+02, 2.70409882e+02, 1.29048172e+02,
    1.65021561e+02, 1.58918777e+02, 1.85813721e+02, 1.57422775e+02,
    2.07123611e+02, 1.56088715e+02, 2.28342224e+02, 1.54306610e+02,
    2.49798813e+02, 1.52880127e+02, 2.71591980e+02, 1.51295670e+02,
    1.66184067e+02, 1.80262283e+02, 1.87037582e+02, 1.78967178e+02,
    2.08109390e+02, 1.77602936e+02, 2.29336197e+02, 1.76143860e+02,
    2.50845001e+02, 1.74730804e+02, 2.72807678e+02, 1.73398407e+02,
    1.67292664e+02, 2.01549347e+02, 1.88192856e+02, 2.00405167e+02,
    2.09332291e+02, 1.99114899e+02, 2.30495544e+02, 1.97726685e+02,
    2.52084442e+02, 1.96607773e+02, 2.73866638e+02, 1.95497284e+02,
    1.68308426e+02, 2.22876465e+02, 1.89258911e+02, 2.21827026e+02,
    2.10383652e+02, 2.20654037e+02, 2.31639221e+02, 2.19553635e+02,
    2.53238281e+02, 2.18251556e+02, 2.67500000e+02, 2.19500000e+02,
    1.69362045e+02, 2.44225296e+02, 1.90256638e+02, 2.43225998e+02,
    2.11399841e+02, 2.42235382e+02, 2.32728546e+02, 2.41178726e+02,
    2.54216003e+02, 2.40258743e+02, 2.76175964e+02, 2.39250641e+02,
    1.70468842e+02, 2.65690308e+02, 1.91374908e+02, 2.64799591e+02,
    2.12487640e+02, 2.64045471e+02, 2.33911102e+02, 2.62997131e+02,
    2.55387177e+02, 2.62222321e+02, 2.77276276e+02, 2.61375732e+02,
    1.71447708e+02, 2.87189301e+02, 1.92370346e+02, 2.86365723e+02,
    2.13595047e+02, 2.85542572e+02, 2.35005432e+02, 2.84828979e+02,
    2.56604279e+02, 2.84140747e+02, 2.78558716e+02, 2.83368134e+02 ]
