%YAML:1.0
---
points: [ 1.74021484e+02, 1.48718414e+02, 1.93593399e+02, 1.45754868e+02,
    2.13388687e+02, 1.42659637e+02, 2.33573395e+02, 1.39577286e+02,
    2.54135498e+02, 1.36248428e+02, 2.75138214e+02, 1.32961319e+02,
    1.76348557e+02, 1.69070251e+02, 1.95881317e+02, 1.66200851e+02,
    2.15812027e+02, 1.63470169e+02, 2.36001221e+02, 1.60420135e+02,
    2.56610809e+02, 1.57570190e+02, 2.77573303e+02, 1.54259964e+02,
    1.78563538e+02, 1.89294189e+02, 1.98158417e+02, 1.86751404e+02,
    2.18085297e+02, 1.83928482e+02, 2.38318604e+02, 1.81321838e+02,
    2.58928802e+02, 1.78533798e+02, 2.80026794e+02, 1.75657089e+02,
    1.80874588e+02, 2.09678268e+02, 2.00520264e+02, 2.07197861e+02,
    2.20438385e+02, 2.04680847e+02, 2.40704086e+02, 2.02173004e+02,
    2.61425964e+02, 1.99581619e+02, 2.82488922e+02, 1.97056885e+02,
    1.83128311e+02, 2.30003784e+02, 2.02825836e+02, 2.27792175e+02,
    2.22840103e+02, 2.25507950e+02, 2.43070755e+02, 2.23121078e+02,
    2.63794739e+02, 2.20626282e+02, 2.84977448e+02, 2.18401260e+02,
    1.85279556e+02, 2.50480606e+02, 2.05065292e+02, 2.48383163e+02,
    2.25089325e+02, 2.46197784e+02, 2.45454681e+02, 2.44032974e+02,
    2.66182983e+02, 2.41808975e+02, 2.87477478e+02, 2.39673340e+02,
    1.87526459e+02, 2.71028564e+02, 2.07303619e+02, 2.69044189e+02,
    2.27424561e+02, 2.67103973e+02, 2.47831696e+02, 2.65083344e+02,
    2.68681244e+02, 2.63144226e+02, 2.89843658e+02, 2.61184326e+02,
    1.89728165e+02, 2.91628723e+02, 2.09512711e+02, 2.89834564e+02,
    2.29767456e+02, 2.88089691e+02, 2.50257111e+02, 2.86332611e+02,
    2.71140717e+02, 2.84563934e+02, 2.92483063e+02, 2.82695282e+02 ]
