%YAML:1.0
---
points: [ 6.18850281e+02, 3.42690643e+02, 6.76201782e+02, 3.34058716e+02,
    7.34197266e+02, 3.25099640e+02, 7.93116333e+02, 3.16070801e+02,
    8.53197998e+02, 3.06797913e+02, 9.13892517e+02, 2.97072906e+02,
    6.25829773e+02, 4.02845215e+02, 6.83164673e+02, 3.94691528e+02,
    7.41329712e+02, 3.86423279e+02, 8.00280212e+02, 3.77726929e+02,
    8.60180725e+02, 3.69109741e+02, 9.21267212e+02, 3.59969849e+02,
    6.32504456e+02, 4.62778320e+02, 6.89871887e+02, 4.55211945e+02,
    7.48237976e+02, 4.47324860e+02, 8.07097717e+02, 4.39360718e+02,
    8.67174377e+02, 4.31051270e+02, 9.28229004e+02, 4.22867615e+02,
    6.39013733e+02, 5.23255981e+02, 6.96686401e+02, 5.15949524e+02,
    7.54892761e+02, 5.08469208e+02, 8.14068665e+02, 5.01144806e+02,
    8.74409973e+02, 4.93371887e+02, 9.35408691e+02, 4.85583466e+02,
    6.45528442e+02, 5.83456055e+02, 7.03162781e+02, 5.76504272e+02,
    7.61564514e+02, 5.69866089e+02, 8.20950989e+02, 5.62640442e+02,
    8.81224365e+02, 5.55503113e+02, 9.42678711e+02, 5.48517456e+02,
    6.51966736e+02, 6.43885681e+02, 7.09789490e+02, 6.37584473e+02,
    7.68435242e+02, 6.31071350e+02, 8.27879456e+02, 6.24515930e+02,
    8.88216919e+02, 6.18111755e+02, 9.49678711e+02, 6.11551270e+02,
    6.58464783e+02, 7.04640747e+02, 7.16393311e+02, 6.98718506e+02,
    7.75101318e+02, 6.92951172e+02, 8.34515076e+02, 6.87073730e+02,
    8.95449890e+02, 6.81119507e+02, 9.56916443e+02, 6.75176453e+02,
    6.64682678e+02, 7.65717896e+02, 7.22700562e+02, 7.60305969e+02,
    7.81565613e+02, 7.54771057e+02, 8.41490662e+02, 7.49465820e+02,
    9.02222473e+02, 7.43912231e+02, 9.64293274e+02, 7.38512024e+02 ]
