%YAML:1.0
---
points: [ 8.02387329e+02, 1.79102371e+02, 8.37189819e+02, 1.98572617e+02,
    8.71916565e+02, 2.17898575e+02, 9.06071228e+02, 2.37243805e+02,
    9.40389648e+02, 2.56152191e+02, 9.74024109e+02, 2.74927094e+02,
    7.84274353e+02, 2.13934357e+02, 8.19359192e+02, 2.33431793e+02,
    8.53909790e+02, 2.52522400e+02, 8.88336182e+02, 2.71591553e+02,
    9.22375732e+02, 2.90438629e+02, 9.56232117e+02, 3.09192657e+02,
    7.66344910e+02, 2.49115494e+02, 8.01295593e+02, 2.68331635e+02,
    8.36022522e+02, 2.87459503e+02, 8.70292847e+02, 3.06175629e+02,
    9.04446716e+02, 3.24886017e+02, 9.38226257e+02, 3.43357605e+02,
    7.48379150e+02, 2.83823486e+02, 7.83419189e+02, 3.02966339e+02,
    8.18209106e+02, 3.21692749e+02, 8.52462280e+02, 3.40464142e+02,
    8.86633728e+02, 3.58843994e+02, 9.20436523e+02, 3.77344574e+02,
    7.30518311e+02, 3.18454132e+02, 7.65533630e+02, 3.37352081e+02,
    8.00337097e+02, 3.56162384e+02, 8.34634033e+02, 3.74566528e+02,
    8.68817749e+02, 3.92891693e+02, 9.02646118e+02, 4.10996765e+02,
    7.12588501e+02, 3.52979919e+02, 7.47616394e+02, 3.71649567e+02,
    7.82470093e+02, 3.90273743e+02, 8.16870300e+02, 4.08623474e+02,
    8.51134094e+02, 4.26832794e+02, 8.84932007e+02, 4.44769562e+02,
    6.94669312e+02, 3.87483093e+02, 7.29887451e+02, 4.05855194e+02,
    7.64647583e+02, 4.24355499e+02, 7.99286194e+02, 4.42442963e+02,
    8.33426819e+02, 4.60546448e+02, 8.67347473e+02, 4.78434479e+02,
    6.76803345e+02, 4.21757629e+02, 7.12030151e+02, 4.40280212e+02,
    7.46818604e+02, 4.58295837e+02, 7.81445435e+02, 4.76432953e+02,
    8.15601196e+02, 4.94298126e+02, 8.49613342e+02, 5.11937714e+02 ]
