%YAML:1.0
---
points: [ 3.34114624e+02, 4.26896973e+01, 3.45080170e+02, 4.33580589e+01,
    3.55616211e+02, 4.40548897e+01, 3.66507019e+02, 4.47492485e+01,
    3.76668243e+02, 4.55700340e+01, 3.87348846e+02, 4.61912079e+01,
    3.33914062e+02, 5.39455948e+01, 3.44707520e+02, 5.46225586e+01,
    3.55486938e+02, 5.52563210e+01, 3.65895813e+02, 5.58581505e+01,
    3.76631470e+02, 5.65427132e+01, 3.86781128e+02, 5.73104057e+01,
    3.33576599e+02, 6.54647293e+01, 3.44368652e+02, 6.59798050e+01,
    3.54982849e+02, 6.65627899e+01, 3.65723633e+02, 6.71183548e+01,
    3.76128143e+02, 6.77107773e+01, 3.86694550e+02, 6.83009796e+01,
    3.33307312e+02, 7.69233398e+01, 3.43895050e+02, 7.74382095e+01,
    3.54710632e+02, 7.78314590e+01, 3.65245422e+02, 7.84051895e+01,
    3.75843292e+02, 7.88703918e+01, 3.86198517e+02, 7.95273132e+01,
    3.32858795e+02, 8.83207016e+01, 3.43635254e+02, 8.86787109e+01,
    3.54205017e+02, 8.92204895e+01, 3.64879944e+02, 8.96106796e+01,
    3.75380188e+02, 9.00869217e+01, 3.85802979e+02, 9.05048752e+01,
    3.32472015e+02, 9.96029129e+01, 3.43211029e+02, 1.00037979e+02,
    3.53872528e+02, 1.00357277e+02, 3.64394653e+02, 1.00758186e+02,
    3.74901093e+02, 1.01190613e+02, 3.85338318e+02, 1.01619896e+02,
    3.32108826e+02, 1.11061768e+02, 3.42752289e+02, 1.11272308e+02,
    3.53363037e+02, 1.11595665e+02, 3.64003571e+02, 1.11953163e+02,
    3.74431671e+02, 1.12295494e+02, 3.84882782e+02, 1.12599251e+02,
    3.31679810e+02, 1.22258026e+02, 3.42313080e+02, 1.22483475e+02,
    3.53009430e+02, 1.22784637e+02, 3.63472137e+02, 1.23164909e+02,
    3.73995270e+02, 1.23381142e+02, 3.84392151e+02, 1.23728302e+02 ]
