%YAML:1.0
---
points: [ 3.57728516e+02, 1.98045044e+02, 3.67667755e+02, 1.99777573e+02,
    3.77442291e+02, 2.01574554e+02, 3.87336334e+02, 2.03284546e+02,
    3.97077301e+02, 2.05082993e+02, 4.06622498e+02, 2.06764038e+02,
    3.57270508e+02, 2.07713318e+02, 3.67256470e+02, 2.09416687e+02,
    3.77241241e+02, 2.11245056e+02, 3.87075531e+02, 2.13061813e+02,
    3.96864441e+02, 2.14764038e+02, 4.06496582e+02, 2.16463135e+02,
    3.56675232e+02, 2.17550568e+02, 3.66779297e+02, 2.19286606e+02,
    3.76789062e+02, 2.21071213e+02, 3.86761902e+02, 2.22764816e+02,
    3.96640106e+02, 2.24463470e+02, 4.06502319e+02, 2.26254089e+02,
    3.56210754e+02, 2.27476593e+02, 3.66336151e+02, 2.29279892e+02,
    3.76371277e+02, 2.30988403e+02, 3.86452087e+02, 2.32780975e+02,
    3.96483429e+02, 2.34568008e+02, 4.06321136e+02, 2.36228989e+02,
    3.55629822e+02, 2.37714554e+02, 3.66011902e+02, 2.39457855e+02,
    3.76099701e+02, 2.41155151e+02, 3.86297150e+02, 2.42979874e+02,
    3.96328369e+02, 2.44630722e+02, 4.06285370e+02, 2.46236969e+02,
    3.55184082e+02, 2.48073929e+02, 3.65391876e+02, 2.49789627e+02,
    3.75791687e+02, 2.51508087e+02, 3.85997375e+02, 2.53265335e+02,
    3.96241974e+02, 2.55023331e+02, 4.06244965e+02, 2.56647888e+02,
    3.54561615e+02, 2.58618134e+02, 3.65111084e+02, 2.60344513e+02,
    3.75331207e+02, 2.62004425e+02, 3.85692352e+02, 2.63823547e+02,
    3.95969574e+02, 2.65389374e+02, 4.06115753e+02, 2.67116333e+02,
    3.54132965e+02, 2.69345703e+02, 3.64487061e+02, 2.71173828e+02,
    3.75048401e+02, 2.72680786e+02, 3.85329529e+02, 2.74493256e+02,
    3.95684540e+02, 2.76111481e+02, 4.05943909e+02, 2.77961426e+02 ]
