%YAML:1.0
---
points: [ 7.44808350e+02, 6.46221985e+02, 7.86851624e+02, 6.41535767e+02,
    8.28717957e+02, 6.36967041e+02, 8.70438110e+02, 6.32295715e+02,
    9.11854553e+02, 6.27644897e+02, 9.53330200e+02, 6.23061707e+02,
    7.40811584e+02, 6.71159485e+02, 7.84483826e+02, 6.66225098e+02,
    8.27788025e+02, 6.61340393e+02, 8.70830444e+02, 6.56259399e+02,
    9.13749695e+02, 6.51637268e+02, 9.56584900e+02, 6.46827637e+02,
    7.36629822e+02, 6.97584778e+02, 7.81631531e+02, 6.92629822e+02,
    8.26727844e+02, 6.87482666e+02, 8.71335266e+02, 6.82322754e+02,
    9.15947083e+02, 6.77396484e+02, 9.60228027e+02, 6.72498291e+02,
    7.32115845e+02, 7.26505249e+02, 7.78809814e+02, 7.21340942e+02,
    8.25538208e+02, 7.15687195e+02, 8.72016785e+02, 7.10477234e+02,
    9.18119080e+02, 7.05428589e+02, 9.64326599e+02, 6.99974365e+02,
    7.26943237e+02, 7.57744202e+02, 7.75609131e+02, 7.52129517e+02,
    8.24254456e+02, 7.46476013e+02, 8.72506592e+02, 7.40843018e+02,
    9.20597046e+02, 7.35272095e+02, 9.68583862e+02, 7.29927368e+02,
    7.21367249e+02, 7.91349976e+02, 7.72129578e+02, 7.85561096e+02,
    8.22803345e+02, 7.79489807e+02, 8.73155396e+02, 7.73781433e+02,
    9.23220764e+02, 7.67927246e+02, 9.73154541e+02, 7.62343384e+02,
    7.15318420e+02, 8.28658081e+02, 7.68459961e+02, 8.22363159e+02,
    8.21330078e+02, 8.15872314e+02, 8.73813354e+02, 8.09642090e+02,
    9.26168518e+02, 8.03672546e+02, 9.78240051e+02, 7.97687134e+02,
    7.08603394e+02, 8.68723328e+02, 7.64342834e+02, 8.61818909e+02,
    8.19519531e+02, 8.55354126e+02, 8.74488403e+02, 8.48836304e+02,
    9.29094971e+02, 8.42414246e+02, 9.83585571e+02, 8.36179688e+02 ]
