%YAML:1.0
---
points: [ 5.82424377e+02, 2.79768646e+02, 6.21238708e+02, 2.76651794e+02,
    6.59989197e+02, 2.73931519e+02, 6.98526672e+02, 2.70907959e+02,
    7.37222229e+02, 2.68167206e+02, 7.75507019e+02, 2.65160858e+02,
    5.86163818e+02, 3.18393890e+02, 6.25038818e+02, 3.15423126e+02,
    6.63714111e+02, 3.12526947e+02, 7.02256531e+02, 3.09566071e+02,
    7.40632568e+02, 3.06775757e+02, 7.79101257e+02, 3.03757477e+02,
    5.90270874e+02, 3.57239349e+02, 6.28737671e+02, 3.54369293e+02,
    6.67450684e+02, 3.51241486e+02, 7.05898987e+02, 3.48467407e+02,
    7.44312012e+02, 3.45455139e+02, 7.82371826e+02, 3.42496399e+02,
    5.93870544e+02, 3.95689301e+02, 6.32542969e+02, 3.92654602e+02,
    6.70997864e+02, 3.89618805e+02, 7.09456909e+02, 3.86706329e+02,
    7.47743103e+02, 3.83645935e+02, 7.85923889e+02, 3.80825958e+02,
    5.97488464e+02, 4.33970306e+02, 6.36251038e+02, 4.30914276e+02,
    6.74728455e+02, 4.28223053e+02, 7.12876465e+02, 4.24971680e+02,
    7.51318787e+02, 4.21962067e+02, 7.89342834e+02, 4.18783417e+02,
    6.01305115e+02, 4.72206085e+02, 6.39657532e+02, 4.69275116e+02,
    6.78295837e+02, 4.66096252e+02, 7.16570862e+02, 4.63139496e+02,
    7.54638367e+02, 4.60004395e+02, 7.92564209e+02, 4.56776978e+02,
    6.04874329e+02, 5.10330322e+02, 6.43420105e+02, 5.07252533e+02,
    6.81661133e+02, 5.03965607e+02, 7.20005615e+02, 5.00927429e+02,
    7.58133667e+02, 4.97778595e+02, 7.96046387e+02, 4.94614197e+02,
    6.08405396e+02, 5.48511230e+02, 6.46922546e+02, 5.45216797e+02,
    6.85322571e+02, 5.41950012e+02, 7.23381470e+02, 5.38832825e+02,
    7.61374695e+02, 5.35545837e+02, 7.99393433e+02, 5.32532288e+02 ]
