%YAML:1.0
---
points: [ 2.07316940e+02, 2.51317978e+02, 2.21687897e+02, 2.49724701e+02,
    2.35657837e+02, 2.48245255e+02, 2.49872147e+02, 2.46689682e+02,
    2.63796631e+02, 2.45150986e+02, 2.77942871e+02, 2.43549011e+02,
    2.06801620e+02, 2.59786804e+02, 2.21362350e+02, 2.58219696e+02,
    2.36172318e+02, 2.56523926e+02, 2.50701248e+02, 2.54765717e+02,
    2.65255432e+02, 2.53257797e+02, 2.79697113e+02, 2.51650513e+02,
    2.06169876e+02, 2.68723450e+02, 2.21368118e+02, 2.66985687e+02,
    2.36521072e+02, 2.65296478e+02, 2.51659988e+02, 2.63624908e+02,
    2.66703705e+02, 2.62045868e+02, 2.81790283e+02, 2.60372864e+02,
    2.05510025e+02, 2.78491028e+02, 2.21208023e+02, 2.76742767e+02,
    2.37048416e+02, 2.74957764e+02, 2.52628128e+02, 2.73184418e+02,
    2.68392456e+02, 2.71451080e+02, 2.83972595e+02, 2.69633972e+02,
    2.04565948e+02, 2.89074036e+02, 2.21107910e+02, 2.87187347e+02,
    2.37381668e+02, 2.85317230e+02, 2.53822571e+02, 2.83386353e+02,
    2.70012939e+02, 2.81593475e+02, 2.86306122e+02, 2.79799438e+02,
    2.03768402e+02, 3.00470459e+02, 2.20884445e+02, 2.98494934e+02,
    2.37914688e+02, 2.96493469e+02, 2.55018082e+02, 2.94657013e+02,
    2.71972382e+02, 2.92747925e+02, 2.88836578e+02, 2.90852631e+02,
    2.02777527e+02, 3.13022797e+02, 2.20750305e+02, 3.10868225e+02,
    2.38567596e+02, 3.08776917e+02, 2.56279999e+02, 3.06790009e+02,
    2.74006531e+02, 3.04853546e+02, 2.91653656e+02, 3.02823273e+02,
    2.01838562e+02, 3.26559113e+02, 2.20530548e+02, 3.24376984e+02,
    2.39236694e+02, 3.22200531e+02, 2.57655792e+02, 3.20093262e+02,
    2.76312866e+02, 3.17929901e+02, 2.94587799e+02, 3.15910156e+02 ]
