%YAML:1.0
---
points: [ 3.66370239e+02, 1.36271103e+02, 3.76311096e+02, 1.33700607e+02,
    3.86281769e+02, 1.31214386e+02, 3.95977051e+02, 1.28698944e+02,
    4.05525665e+02, 1.26451324e+02, 4.15110687e+02, 1.23895905e+02,
    3.66297089e+02, 1.46697037e+02, 3.76242889e+02, 1.44126663e+02,
    3.85981354e+02, 1.41608643e+02, 3.95559113e+02, 1.39116989e+02,
    4.05124573e+02, 1.36658493e+02, 4.14464325e+02, 1.34256119e+02,
    3.66406067e+02, 1.56889893e+02, 3.76177277e+02, 1.54240265e+02,
    3.85632660e+02, 1.51807663e+02, 3.95253571e+02, 1.49288467e+02,
    4.04524261e+02, 1.46885208e+02, 4.13888092e+02, 1.44329712e+02,
    3.66368317e+02, 1.66737000e+02, 3.76008972e+02, 1.64219360e+02,
    3.85385498e+02, 1.61610138e+02, 3.94849243e+02, 1.59114822e+02,
    4.04107635e+02, 1.56588852e+02, 4.13264984e+02, 1.54140137e+02,
    3.66360260e+02, 1.76325562e+02, 3.75832031e+02, 1.73711960e+02,
    3.85188812e+02, 1.71165466e+02, 3.94394257e+02, 1.68668015e+02,
    4.03571777e+02, 1.66242447e+02, 4.12525391e+02, 1.63741562e+02,
    3.66339966e+02, 1.85627014e+02, 3.75738098e+02, 1.82983994e+02,
    3.84961609e+02, 1.80440842e+02, 3.94092529e+02, 1.77984406e+02,
    4.03188873e+02, 1.75409134e+02, 4.12064850e+02, 1.73007431e+02,
    3.66393829e+02, 1.94617508e+02, 3.75488983e+02, 1.92103928e+02,
    3.84646301e+02, 1.89536026e+02, 3.93662689e+02, 1.86982239e+02,
    4.02645599e+02, 1.84391815e+02, 4.11420776e+02, 1.81918762e+02,
    3.66377075e+02, 2.03446457e+02, 3.75404663e+02, 2.00893021e+02,
    3.84395569e+02, 1.98275772e+02, 3.93372803e+02, 1.95763535e+02,
    4.02165649e+02, 1.93252426e+02, 4.10925079e+02, 1.90781097e+02 ]
