%YAML:1.0
---
points: [ 4.66605652e+02, 3.97452881e+02, 4.83913513e+02, 3.63318298e+02,
    5.01252960e+02, 3.28925049e+02, 5.18700989e+02, 2.94580841e+02,
    5.35913513e+02, 2.59974854e+02, 5.53388184e+02, 2.25477600e+02,
    5.01305969e+02, 4.15549500e+02, 5.18596680e+02, 3.81404999e+02,
    5.36112000e+02, 3.47249084e+02, 5.53308594e+02, 3.12791748e+02,
    5.70767578e+02, 2.78435822e+02, 5.88184143e+02, 2.43698807e+02,
    5.36276550e+02, 4.33518372e+02, 5.53550171e+02, 3.99575165e+02,
    5.70888428e+02, 3.65417847e+02, 5.88398254e+02, 3.31321075e+02,
    6.05640930e+02, 2.96710083e+02, 6.23063232e+02, 2.62477417e+02,
    5.70901245e+02, 4.51558380e+02, 5.88266907e+02, 4.17539917e+02,
    6.05617126e+02, 3.83559143e+02, 6.22868713e+02, 3.49413391e+02,
    6.40441345e+02, 3.15223450e+02, 6.57663635e+02, 2.80684601e+02,
    6.05294556e+02, 4.69403229e+02, 6.22791260e+02, 4.35595612e+02,
    6.40221680e+02, 4.01522491e+02, 6.57614380e+02, 3.67600616e+02,
    6.74882263e+02, 3.33373993e+02, 6.92316895e+02, 2.99205383e+02,
    6.39742249e+02, 4.87280212e+02, 6.57160767e+02, 4.53414642e+02,
    6.74521912e+02, 4.19526123e+02, 6.91973633e+02, 3.85539764e+02,
    7.09431519e+02, 3.51591675e+02, 7.26588745e+02, 3.17293701e+02,
    6.73957581e+02, 5.04876648e+02, 6.91401733e+02, 4.71295563e+02,
    7.08716064e+02, 4.37378143e+02, 7.26202698e+02, 4.03627838e+02,
    7.43530884e+02, 3.69547272e+02, 7.61058838e+02, 3.35574554e+02,
    7.08213257e+02, 5.22609192e+02, 7.25510742e+02, 4.88961639e+02,
    7.42831299e+02, 4.55309814e+02, 7.60293152e+02, 4.21488068e+02,
    7.77719971e+02, 3.87588898e+02, 7.95046936e+02, 3.53525116e+02 ]
