%YAML:1.0
---
points: [ 6.39437073e+02, 6.45180481e+02, 6.80352722e+02, 6.26233582e+02,
    7.20356506e+02, 6.07750671e+02, 7.59620728e+02, 5.89484009e+02,
    7.98536377e+02, 5.71566345e+02, 8.36617493e+02, 5.53651917e+02,
    6.44518066e+02, 6.68766357e+02, 6.86672241e+02, 6.49166199e+02,
    7.28186096e+02, 6.29740051e+02, 7.68608459e+02, 6.10608826e+02,
    8.08804810e+02, 5.92017578e+02, 8.48245544e+02, 5.73503174e+02,
    6.49965820e+02, 6.94053467e+02, 6.93548096e+02, 6.73447571e+02,
    7.36413635e+02, 6.53274841e+02, 7.78395569e+02, 6.33274170e+02,
    8.19722351e+02, 6.13944458e+02, 8.60437988e+02, 5.94657043e+02,
    6.55855957e+02, 7.21071228e+02, 7.01065979e+02, 6.99652649e+02,
    7.45288025e+02, 6.78437500e+02, 7.88657104e+02, 6.57630432e+02,
    8.31468262e+02, 6.37392639e+02, 8.73485229e+02, 6.17170532e+02,
    6.62280945e+02, 7.50473999e+02, 7.08896362e+02, 7.27829285e+02,
    7.54916260e+02, 7.05771057e+02, 7.99874207e+02, 6.83964844e+02,
    8.44136475e+02, 6.62540527e+02, 8.87592529e+02, 6.41634949e+02,
    6.69004944e+02, 7.81838257e+02, 7.17475281e+02, 7.58305664e+02,
    7.65117126e+02, 7.34759888e+02, 8.11707214e+02, 7.12245361e+02,
    8.57600525e+02, 6.89703064e+02, 9.02643005e+02, 6.67762512e+02,
    6.76352051e+02, 8.16657715e+02, 7.26992432e+02, 7.91439697e+02,
    7.76384583e+02, 7.66931763e+02, 8.24780090e+02, 7.42773743e+02,
    8.72474304e+02, 7.19382874e+02, 9.19151306e+02, 6.96201111e+02,
    6.84445679e+02, 8.53824707e+02, 7.36780212e+02, 8.27413208e+02,
    7.88395081e+02, 8.01389771e+02, 8.38675476e+02, 7.76053711e+02,
    8.88279907e+02, 7.51158569e+02, 9.36642639e+02, 7.26784058e+02 ]
