%YAML:1.0
---
points: [ 1.72273804e+02, 2.50924652e+02, 1.86028275e+02, 2.44588776e+02,
    1.99292023e+02, 2.38304230e+02, 2.12599274e+02, 2.32153503e+02,
    2.25466629e+02, 2.26031433e+02, 2.38337402e+02, 2.20028610e+02,
    1.74883209e+02, 2.58905609e+02, 1.88842682e+02, 2.52309296e+02,
    2.02728409e+02, 2.45733948e+02, 2.16259583e+02, 2.39236832e+02,
    2.29757019e+02, 2.32948425e+02, 2.42865280e+02, 2.26761871e+02,
    1.77423264e+02, 2.67430328e+02, 1.91983871e+02, 2.60538422e+02,
    2.06242737e+02, 2.53698410e+02, 2.20320892e+02, 2.46924759e+02,
    2.34130371e+02, 2.40425705e+02, 2.47764648e+02, 2.33880554e+02,
    1.80321625e+02, 2.76536255e+02, 1.95295212e+02, 2.69368408e+02,
    2.10151917e+02, 2.62207550e+02, 2.24583984e+02, 2.55262527e+02,
    2.38972168e+02, 2.48363235e+02, 2.52906601e+02, 2.41525787e+02,
    1.83324753e+02, 2.86516541e+02, 1.98867645e+02, 2.78914398e+02,
    2.14150436e+02, 2.71482300e+02, 2.29240265e+02, 2.64053162e+02,
    2.44008377e+02, 2.56802032e+02, 2.58584198e+02, 2.49762817e+02,
    1.86672379e+02, 2.97225891e+02, 2.02708893e+02, 2.89273590e+02,
    2.18663712e+02, 2.81339294e+02, 2.34186783e+02, 2.73739044e+02,
    2.49649567e+02, 2.66112579e+02, 2.64569489e+02, 2.58694702e+02,
    1.90159515e+02, 3.08950806e+02, 2.06944275e+02, 3.00526886e+02,
    2.23405045e+02, 2.92173950e+02, 2.39673477e+02, 2.84029907e+02,
    2.55529816e+02, 2.76170532e+02, 2.71177826e+02, 2.68336456e+02,
    1.94103012e+02, 3.21486176e+02, 2.11486145e+02, 3.12613983e+02,
    2.28673538e+02, 3.03842834e+02, 2.45401855e+02, 2.95256561e+02,
    2.61920624e+02, 2.86811035e+02, 2.78201569e+02, 2.78746765e+02 ]
