%YAML:1.0
---
points: [ 3.53324585e+02, 6.74039764e+01, 3.63977936e+02, 6.76888580e+01,
    3.74673920e+02, 6.78860321e+01, 3.85641296e+02, 6.82825851e+01,
    3.96378784e+02, 6.86675262e+01, 4.07530579e+02, 6.89399490e+01,
    3.52237885e+02, 7.80474319e+01, 3.62803711e+02, 7.83659363e+01,
    3.73600128e+02, 7.85852814e+01, 3.84370911e+02, 7.89013367e+01,
    3.95333618e+02, 7.93812180e+01, 4.06209869e+02, 7.98432236e+01,
    3.51072388e+02, 8.86820450e+01, 3.61744629e+02, 8.90506287e+01,
    3.72376526e+02, 8.94540939e+01, 3.83254211e+02, 8.97222595e+01,
    3.94159607e+02, 9.02081451e+01, 4.05039673e+02, 9.05537338e+01,
    3.49942261e+02, 9.92766953e+01, 3.60603851e+02, 9.96274338e+01,
    3.71288300e+02, 1.00084557e+02, 3.82082306e+02, 1.00484032e+02,
    3.92966339e+02, 1.00894142e+02, 4.03831299e+02, 1.01462158e+02,
    3.48883301e+02, 1.09787712e+02, 3.59344513e+02, 1.10255623e+02,
    3.70130615e+02, 1.10661797e+02, 3.80815338e+02, 1.11120941e+02,
    3.91632385e+02, 1.11614143e+02, 4.02692871e+02, 1.11983757e+02,
    3.47719757e+02, 1.20295578e+02, 3.58259033e+02, 1.20696243e+02,
    3.68882019e+02, 1.21201118e+02, 3.79593964e+02, 1.21706070e+02,
    3.90415985e+02, 1.22151978e+02, 4.01410736e+02, 1.22709351e+02,
    3.46616272e+02, 1.30677933e+02, 3.57132660e+02, 1.31192719e+02,
    3.67654724e+02, 1.31663605e+02, 3.78405029e+02, 1.32207352e+02,
    3.89245270e+02, 1.32727539e+02, 4.00150208e+02, 1.33320328e+02,
    3.45432526e+02, 1.41008987e+02, 3.55966827e+02, 1.41524811e+02,
    3.66490479e+02, 1.42127457e+02, 3.77211334e+02, 1.42673447e+02,
    3.87945709e+02, 1.43327530e+02, 3.98824249e+02, 1.43779938e+02 ]
