%YAML:1.0
---
points: [ 7.94801941e+02, 5.14898926e+02, 8.25471924e+02, 5.44687134e+02,
    8.55655823e+02, 5.73779480e+02, 8.85212280e+02, 6.02560425e+02,
    9.14315735e+02, 6.30636536e+02, 9.42752441e+02, 6.58398682e+02,
    7.72896729e+02, 5.41398865e+02, 8.04681213e+02, 5.71663879e+02,
    8.35747498e+02, 6.01442932e+02, 8.66481873e+02, 6.30640015e+02,
    8.96394592e+02, 6.59477844e+02, 9.25830322e+02, 6.87647339e+02,
    7.49727356e+02, 5.69311096e+02, 7.82608704e+02, 6.00193176e+02,
    8.14822998e+02, 6.30611267e+02, 8.46586060e+02, 6.60392578e+02,
    8.77582703e+02, 6.89712219e+02, 9.08029358e+02, 7.18537903e+02,
    7.25047058e+02, 5.99059937e+02, 7.59155334e+02, 6.30675293e+02,
    7.92655518e+02, 6.61602539e+02, 8.25512207e+02, 6.92051819e+02,
    8.57505920e+02, 7.21921875e+02, 8.89135742e+02, 7.51370056e+02,
    6.98637939e+02, 6.30617676e+02, 7.34226257e+02, 6.62943359e+02,
    7.68798828e+02, 6.94657715e+02, 8.02841919e+02, 7.25607788e+02,
    8.36317017e+02, 7.56211670e+02, 8.68833069e+02, 7.86229309e+02,
    6.70619202e+02, 6.64306641e+02, 7.07556824e+02, 6.97344971e+02,
    7.43726562e+02, 7.29650757e+02, 7.78991333e+02, 7.61485962e+02,
    8.13631897e+02, 7.92536560e+02, 8.47482239e+02, 8.23192688e+02,
    6.40254456e+02, 7.00574402e+02, 6.78773987e+02, 7.34388000e+02,
    7.16496704e+02, 7.67476807e+02, 7.53351318e+02, 7.99812439e+02,
    7.89296143e+02, 8.31682922e+02, 8.24587708e+02, 8.62956726e+02,
    6.08042175e+02, 7.39316589e+02, 6.48308105e+02, 7.73731201e+02,
    6.87610596e+02, 8.07567627e+02, 7.25966858e+02, 8.40632935e+02,
    7.63533386e+02, 8.73178772e+02, 8.00191895e+02, 9.05101868e+02 ]
