%YAML:1.0
---
points: [ 9.61698975e+02, 3.82622498e+02, 9.61784180e+02, 4.20717529e+02,
    9.61853027e+02, 4.58540894e+02, 9.61973633e+02, 4.96441833e+02,
    9.61999451e+02, 5.34101562e+02, 9.62144897e+02, 5.71760132e+02,
    9.23830566e+02, 3.82638794e+02, 9.23966858e+02, 4.20634552e+02,
    9.24074585e+02, 4.58599426e+02, 9.24142517e+02, 4.96469910e+02,
    9.24310120e+02, 5.34124512e+02, 9.24399719e+02, 5.71781555e+02,
    8.86217590e+02, 3.82554169e+02, 8.86379639e+02, 4.20589691e+02,
    8.86438416e+02, 4.58533112e+02, 8.86513306e+02, 4.96419403e+02,
    8.86537415e+02, 5.34119263e+02, 8.86651550e+02, 5.71809814e+02,
    8.48347473e+02, 3.82541016e+02, 8.48492920e+02, 4.20549194e+02,
    8.48650757e+02, 4.58527588e+02, 8.48739868e+02, 4.96396637e+02,
    8.48916748e+02, 5.34139465e+02, 8.48993225e+02, 5.71843750e+02,
    8.10423218e+02, 3.82492371e+02, 8.10639160e+02, 4.20477509e+02,
    8.10697754e+02, 4.58490204e+02, 8.10957153e+02, 4.96394928e+02,
    8.11097778e+02, 5.34174500e+02, 8.11234497e+02, 5.71960510e+02,
    7.72444214e+02, 3.82413788e+02, 7.72584290e+02, 4.20375153e+02,
    7.72867676e+02, 4.58457550e+02, 7.73044128e+02, 4.96358826e+02,
    7.73230225e+02, 5.34169556e+02, 7.73419922e+02, 5.71972046e+02,
    7.33987976e+02, 3.82266510e+02, 7.34342834e+02, 4.20290466e+02,
    7.34513000e+02, 4.58400177e+02, 7.34783752e+02, 4.96371643e+02,
    7.34882751e+02, 5.34195007e+02, 7.35119568e+02, 5.72105042e+02,
    6.96034790e+02, 3.82142120e+02, 6.96372192e+02, 4.20125549e+02,
    6.96595215e+02, 4.58283630e+02, 6.96644531e+02, 4.96353302e+02,
    6.97043884e+02, 5.34172852e+02, 6.97138062e+02, 5.72032959e+02 ]
