%YAML:1.0
---
points: [ 2.24808136e+02, 2.06788742e+02, 2.35054367e+02, 2.16989960e+02,
    2.45050949e+02, 2.26839188e+02, 2.54926056e+02, 2.36588638e+02,
    2.64528564e+02, 2.46078018e+02, 2.74158722e+02, 2.55535355e+02,
    2.18014999e+02, 2.15837433e+02, 2.28564713e+02, 2.26051788e+02,
    2.38953796e+02, 2.36219070e+02, 2.49120712e+02, 2.46069595e+02,
    2.59092804e+02, 2.55871155e+02, 2.68915009e+02, 2.65441956e+02,
    2.10781982e+02, 2.25267548e+02, 2.21740601e+02, 2.35816330e+02,
    2.32438538e+02, 2.46049225e+02, 2.43031952e+02, 2.56152679e+02,
    2.53304977e+02, 2.66139618e+02, 2.63456879e+02, 2.75899353e+02,
    2.03178406e+02, 2.35343246e+02, 2.14423279e+02, 2.46025803e+02,
    2.25641144e+02, 2.56568970e+02, 2.36436676e+02, 2.66898376e+02,
    2.47182693e+02, 2.77084991e+02, 2.57706421e+02, 2.86983307e+02,
    1.95001968e+02, 2.45997925e+02, 2.06744400e+02, 2.56969910e+02,
    2.18218658e+02, 2.67693420e+02, 2.29538467e+02, 2.78288025e+02,
    2.40632874e+02, 2.88542206e+02, 2.51515244e+02, 2.98753815e+02,
    1.86349609e+02, 2.57433380e+02, 1.98518097e+02, 2.68589752e+02,
    2.10540314e+02, 2.79624786e+02, 2.22173599e+02, 2.90367828e+02,
    2.33739502e+02, 3.00894928e+02, 2.44948807e+02, 3.11332581e+02,
    1.76863663e+02, 2.69652496e+02, 1.89701019e+02, 2.81081604e+02,
    2.02110077e+02, 2.92294434e+02, 2.14333725e+02, 3.03266357e+02,
    2.26220139e+02, 3.14108673e+02, 2.38000534e+02, 3.24735413e+02,
    1.67030380e+02, 2.82758575e+02, 1.80236984e+02, 2.94350250e+02,
    1.93268768e+02, 3.05827789e+02, 2.05864151e+02, 3.17092072e+02,
    2.18443481e+02, 3.28136749e+02, 2.30561066e+02, 3.38920624e+02 ]
