%YAML:1.0
---
points: [ 2.48466217e+02, 2.01527817e+02, 2.54445236e+02, 2.13506271e+02,
    2.60153168e+02, 2.24934448e+02, 2.65726990e+02, 2.35957169e+02,
    2.71013763e+02, 2.46515503e+02, 2.76236908e+02, 2.56718750e+02,
    2.40286850e+02, 2.11443542e+02, 2.46639740e+02, 2.23398636e+02,
    2.52697800e+02, 2.34912567e+02, 2.58539948e+02, 2.45926315e+02,
    2.64132538e+02, 2.56636993e+02, 2.69459473e+02, 2.66800140e+02,
    2.31773270e+02, 2.21714096e+02, 2.38411087e+02, 2.33854675e+02,
    2.44812775e+02, 2.45420792e+02, 2.50982727e+02, 2.56522003e+02,
    2.56819366e+02, 2.67238281e+02, 2.62505981e+02, 2.77501221e+02,
    2.22724930e+02, 2.32619614e+02, 2.29729492e+02, 2.44806564e+02,
    2.36555496e+02, 2.56402283e+02, 2.42966599e+02, 2.67700653e+02,
    2.49173798e+02, 2.78363892e+02, 2.55114502e+02, 2.88662720e+02,
    2.13167786e+02, 2.44113602e+02, 2.20628937e+02, 2.56426971e+02,
    2.27683197e+02, 2.68052612e+02, 2.34612442e+02, 2.79357056e+02,
    2.41103973e+02, 2.90054657e+02, 2.47377792e+02, 3.00386414e+02,
    2.03085052e+02, 2.56284424e+02, 2.10927841e+02, 2.68662842e+02,
    2.18591232e+02, 2.80492249e+02, 2.25717850e+02, 2.91667725e+02,
    2.32643356e+02, 3.02423981e+02, 2.39175690e+02, 3.12787079e+02,
    1.92135574e+02, 2.69356476e+02, 2.00615204e+02, 2.81751984e+02,
    2.08639786e+02, 2.93558929e+02, 2.16297058e+02, 3.04790771e+02,
    2.23483170e+02, 3.15626068e+02, 2.30563293e+02, 3.25881775e+02,
    1.80740128e+02, 2.83128723e+02, 1.89645828e+02, 2.95491821e+02,
    1.98240906e+02, 3.07303070e+02, 2.06338470e+02, 3.18597839e+02,
    2.14162888e+02, 3.29402893e+02, 2.21403275e+02, 3.39664825e+02 ]
