%YAML:1.0
---
points: [ 6.77977905e+02, 5.60372437e+02, 6.75600220e+02, 5.22873718e+02,
    6.73338867e+02, 4.84584320e+02, 6.70640747e+02, 4.45659058e+02,
    6.68239258e+02, 4.06157440e+02, 6.65437439e+02, 3.65642700e+02,
    7.16664246e+02, 5.60430481e+02, 7.14722717e+02, 5.22931763e+02,
    7.12595215e+02, 4.84768707e+02, 7.10573303e+02, 4.45843628e+02,
    7.08412598e+02, 4.06386139e+02, 7.06172363e+02, 3.65847992e+02,
    7.55510010e+02, 5.60420288e+02, 7.53942017e+02, 5.23034973e+02,
    7.52362000e+02, 4.84807159e+02, 7.50463623e+02, 4.46147827e+02,
    7.48647461e+02, 4.06560547e+02, 7.46759949e+02, 3.66237640e+02,
    7.94194458e+02, 5.60441101e+02, 7.92665039e+02, 5.23129028e+02,
    7.91398682e+02, 4.84965363e+02, 7.90105896e+02, 4.46251007e+02,
    7.88590271e+02, 4.06723419e+02, 7.87082275e+02, 3.66431732e+02,
    8.32549194e+02, 5.60463196e+02, 8.31653931e+02, 5.23123718e+02,
    8.30598267e+02, 4.85114197e+02, 8.29580322e+02, 4.46350281e+02,
    8.28464233e+02, 4.06831970e+02, 8.27428284e+02, 3.66581970e+02,
    8.70917908e+02, 5.60469177e+02, 8.70314453e+02, 5.23199280e+02,
    8.69688416e+02, 4.85117889e+02, 8.69070435e+02, 4.46401093e+02,
    8.68353210e+02, 4.07014069e+02, 8.67528198e+02, 3.66743195e+02,
    9.09141235e+02, 5.60483765e+02, 9.08779236e+02, 5.23185181e+02,
    9.08502441e+02, 4.85249420e+02, 9.08227295e+02, 4.46465912e+02,
    9.07803467e+02, 4.07174927e+02, 9.07494385e+02, 3.66922333e+02,
    9.47589478e+02, 5.60463928e+02, 9.47574280e+02, 5.23266968e+02,
    9.47616943e+02, 4.85244293e+02, 9.47613953e+02, 4.46513611e+02,
    9.47641296e+02, 4.07239777e+02, 9.47670227e+02, 3.67028259e+02 ]
