%YAML:1.0
---
points: [ 8.60554016e+02, 4.99365143e+02, 8.79599121e+02, 5.34517273e+02,
    8.98085571e+02, 5.68390747e+02, 9.15607239e+02, 6.00753601e+02,
    9.32469116e+02, 6.31884644e+02, 9.48724670e+02, 6.61815552e+02,
    8.34766541e+02, 5.28352661e+02, 8.54992859e+02, 5.63723694e+02,
    8.74293701e+02, 5.97807434e+02, 8.92884766e+02, 6.30375366e+02,
    9.10517090e+02, 6.61684937e+02, 9.27564087e+02, 6.91836792e+02,
    8.07782654e+02, 5.58745544e+02, 8.29082092e+02, 5.94550171e+02,
    8.49453674e+02, 6.28698730e+02, 8.68933044e+02, 6.61547913e+02,
    8.87567505e+02, 6.92960266e+02, 9.05403259e+02, 7.23213989e+02,
    7.79156921e+02, 5.90898499e+02, 8.01532837e+02, 6.26850830e+02,
    8.23247131e+02, 6.61447021e+02, 8.43689636e+02, 6.94329224e+02,
    8.63339661e+02, 7.25816223e+02, 8.82266541e+02, 7.56195801e+02,
    7.48688843e+02, 6.25018188e+02, 7.72572632e+02, 6.61269287e+02,
    7.95295715e+02, 6.95660034e+02, 8.16935669e+02, 7.28776306e+02,
    8.37778931e+02, 7.60507446e+02, 8.57554993e+02, 7.90848999e+02,
    7.16637207e+02, 6.61049316e+02, 7.41894592e+02, 6.97425964e+02,
    7.66073059e+02, 7.32231079e+02, 7.88784607e+02, 7.65397827e+02,
    8.10772400e+02, 7.97162842e+02, 8.31627991e+02, 8.27489014e+02,
    6.82007019e+02, 6.99556274e+02, 7.08902466e+02, 7.36211853e+02,
    7.34576172e+02, 7.71042175e+02, 7.58867859e+02, 8.04317322e+02,
    7.82163452e+02, 8.36076599e+02, 8.04297607e+02, 8.66479004e+02,
    6.45505493e+02, 7.40411682e+02, 6.74322083e+02, 7.77032410e+02,
    7.01478455e+02, 8.11883118e+02, 7.27431030e+02, 8.45207092e+02,
    7.52051514e+02, 8.77029724e+02, 7.75419067e+02, 9.07224731e+02 ]
