%YAML:1.0
---
points: [ 3.44054993e+02, 2.02610382e+02, 3.54997345e+02, 2.01998413e+02,
    3.65669983e+02, 2.01604492e+02, 3.76605835e+02, 2.01163940e+02,
    3.87704376e+02, 2.00665359e+02, 3.99058105e+02, 2.00102692e+02,
    3.44415192e+02, 2.12715012e+02, 3.55301483e+02, 2.12414246e+02,
    3.66134399e+02, 2.11872543e+02, 3.77118439e+02, 2.11534409e+02,
    3.88220642e+02, 2.11115967e+02, 3.99371552e+02, 2.10673584e+02,
    3.45035431e+02, 2.22966736e+02, 3.55544861e+02, 2.22618484e+02,
    3.66430481e+02, 2.22318329e+02, 3.77381622e+02, 2.21989685e+02,
    3.88499847e+02, 2.21695938e+02, 3.99669586e+02, 2.21276581e+02,
    3.45302704e+02, 2.33209747e+02, 3.56165680e+02, 2.32883560e+02,
    3.66810516e+02, 2.32624054e+02, 3.77850220e+02, 2.32412415e+02,
    3.88915405e+02, 2.32071548e+02, 4.00055450e+02, 2.31801941e+02,
    3.45759552e+02, 2.43405151e+02, 3.56319946e+02, 2.43156891e+02,
    3.67244904e+02, 2.42920090e+02, 3.78197937e+02, 2.42727051e+02,
    3.89260345e+02, 2.42616348e+02, 4.00333679e+02, 2.42288971e+02,
    3.46225281e+02, 2.53512299e+02, 3.56982635e+02, 2.53336258e+02,
    3.67593262e+02, 2.53262375e+02, 3.78484436e+02, 2.53023911e+02,
    3.89526367e+02, 2.52885544e+02, 4.00752808e+02, 2.52743210e+02,
    3.46605255e+02, 2.63602173e+02, 3.57314453e+02, 2.63569702e+02,
    3.68106049e+02, 2.63510071e+02, 3.79005188e+02, 2.63469788e+02,
    3.89958893e+02, 2.63391846e+02, 4.01087860e+02, 2.63139130e+02,
    3.47091827e+02, 2.73874268e+02, 3.57661469e+02, 2.73767822e+02,
    3.68375793e+02, 2.73813568e+02, 3.79339417e+02, 2.73805664e+02,
    3.90365021e+02, 2.73724121e+02, 4.01452484e+02, 2.73738464e+02 ]
