%YAML:1.0
---
points: [ 9.08310730e+02, 4.96711151e+02, 9.34461975e+02, 5.32674927e+02,
    9.60192566e+02, 5.68258057e+02, 9.85521912e+02, 6.03027100e+02,
    1.01040302e+03, 6.37287659e+02, 1.03493372e+03, 6.70972534e+02,
    8.76031616e+02, 5.23787537e+02, 9.02848572e+02, 5.60228088e+02,
    9.29330505e+02, 5.95967407e+02, 9.55345886e+02, 6.31224060e+02,
    9.80748108e+02, 6.65756042e+02, 1.00612421e+03, 6.99922485e+02,
    8.42634827e+02, 5.51653992e+02, 8.70295105e+02, 5.88546509e+02,
    8.97443237e+02, 6.24703003e+02, 9.24207825e+02, 6.60297913e+02,
    9.50442078e+02, 6.95461060e+02, 9.76279175e+02, 7.30018188e+02,
    8.07727356e+02, 5.80674744e+02, 8.36269287e+02, 6.17947571e+02,
    8.64322876e+02, 6.54560974e+02, 8.91743591e+02, 6.90570618e+02,
    9.18727539e+02, 7.26114136e+02, 9.45469910e+02, 7.61110352e+02,
    7.71530273e+02, 6.10950623e+02, 8.01001343e+02, 6.48606689e+02,
    8.29709961e+02, 6.85630737e+02, 8.58104370e+02, 7.22183472e+02,
    8.85906860e+02, 7.58103699e+02, 9.13291870e+02, 7.93409973e+02,
    7.33946106e+02, 6.42359436e+02, 7.64274414e+02, 6.80428894e+02,
    7.93999329e+02, 7.17982605e+02, 8.23152954e+02, 7.54857849e+02,
    8.51736267e+02, 7.91247437e+02, 8.79825134e+02, 8.26851379e+02,
    6.94297974e+02, 6.75190857e+02, 7.25626709e+02, 7.13917725e+02,
    7.56404602e+02, 7.51904663e+02, 7.86440369e+02, 7.89270020e+02,
    8.15994568e+02, 8.26056335e+02, 8.45055054e+02, 8.62322876e+02,
    6.53233276e+02, 7.09468628e+02, 6.85619690e+02, 7.48483948e+02,
    7.17454834e+02, 7.87113037e+02, 7.48557251e+02, 8.24831604e+02,
    7.79105103e+02, 8.62166504e+02, 8.08862305e+02, 8.98670105e+02 ]
