%YAML:1.0
---
points: [ 4.19507996e+02, 2.05953949e+02, 4.30138214e+02, 2.05442795e+02,
    4.41233215e+02, 2.04881210e+02, 4.52539459e+02, 2.04215088e+02,
    4.64339447e+02, 2.03675430e+02, 4.76544250e+02, 2.02765671e+02,
    4.19998413e+02, 2.16344299e+02, 4.30551483e+02, 2.15956711e+02,
    4.41613129e+02, 2.15613541e+02, 4.53175568e+02, 2.15140732e+02,
    4.64892761e+02, 2.14724945e+02, 4.76957306e+02, 2.14531830e+02,
    4.20386017e+02, 2.26774094e+02, 4.31083618e+02, 2.26718552e+02,
    4.42186035e+02, 2.26627792e+02, 4.53532043e+02, 2.26309067e+02,
    4.65429260e+02, 2.26012390e+02, 4.77394287e+02, 2.25763290e+02,
    4.20809692e+02, 2.37014450e+02, 4.31481018e+02, 2.37238480e+02,
    4.42584930e+02, 2.37235641e+02, 4.54031952e+02, 2.37341156e+02,
    4.65838257e+02, 2.37275055e+02, 4.77872650e+02, 2.37480255e+02,
    4.21248718e+02, 2.47680588e+02, 4.32006592e+02, 2.47749512e+02,
    4.43058136e+02, 2.47952606e+02, 4.54440674e+02, 2.48306274e+02,
    4.66274384e+02, 2.48719116e+02, 4.78326843e+02, 2.48774704e+02,
    4.21715027e+02, 2.57816803e+02, 4.32473083e+02, 2.58393616e+02,
    4.43449036e+02, 2.58768585e+02, 4.54900909e+02, 2.59438232e+02,
    4.66715271e+02, 2.59760620e+02, 4.78731323e+02, 2.60340668e+02,
    4.22176636e+02, 2.68341919e+02, 4.32905884e+02, 2.68915619e+02,
    4.43936676e+02, 2.69711578e+02, 4.55399597e+02, 2.70394104e+02,
    4.67116821e+02, 2.71060486e+02, 4.79166718e+02, 2.71733124e+02,
    4.22522766e+02, 2.78748962e+02, 4.33337921e+02, 2.79708649e+02,
    4.44340118e+02, 2.80523407e+02, 4.55784790e+02, 2.81541595e+02,
    4.67462219e+02, 2.82290131e+02, 4.79514679e+02, 2.83238159e+02 ]
