%YAML:1.0
---
points: [ 2.64439941e+02, 2.00663879e+02, 2.73120636e+02, 2.12816895e+02,
    2.81640320e+02, 2.24929626e+02, 2.90111633e+02, 2.36743790e+02,
    2.98362732e+02, 2.48342453e+02, 3.06609741e+02, 2.59846863e+02,
    2.53867554e+02, 2.09812088e+02, 2.62779388e+02, 2.22222473e+02,
    2.71556122e+02, 2.34386520e+02, 2.80252960e+02, 2.46260727e+02,
    2.88735229e+02, 2.58055817e+02, 2.97160095e+02, 2.69695221e+02,
    2.42908630e+02, 2.19287643e+02, 2.52130219e+02, 2.31848145e+02,
    2.61170197e+02, 2.44089005e+02, 2.70078796e+02, 2.56128326e+02,
    2.78784668e+02, 2.68058777e+02, 2.87399170e+02, 2.79856110e+02,
    2.31648193e+02, 2.29130600e+02, 2.41022385e+02, 2.41765793e+02,
    2.50397217e+02, 2.54211716e+02, 2.59448303e+02, 2.66429474e+02,
    2.68464630e+02, 2.78502655e+02, 2.77346954e+02, 2.90350098e+02,
    2.19816895e+02, 2.39325806e+02, 2.29563614e+02, 2.52139084e+02,
    2.39072281e+02, 2.64712006e+02, 2.48487747e+02, 2.77087891e+02,
    2.57772491e+02, 2.89286346e+02, 2.66870972e+02, 3.01246155e+02,
    2.07608109e+02, 2.49982742e+02, 2.17625977e+02, 2.62929962e+02,
    2.27533829e+02, 2.75645447e+02, 2.37122955e+02, 2.88147980e+02,
    2.46686646e+02, 3.00457458e+02, 2.56025299e+02, 3.12654541e+02,
    1.94670746e+02, 2.61109436e+02, 2.05062241e+02, 2.74197998e+02,
    2.15198898e+02, 2.87108704e+02, 2.25191605e+02, 2.99815063e+02,
    2.35031540e+02, 3.12264282e+02, 2.44655594e+02, 3.24518036e+02,
    1.81412125e+02, 2.72657349e+02, 1.92021362e+02, 2.85885406e+02,
    2.02631653e+02, 2.98926361e+02, 2.12885880e+02, 3.11760803e+02,
    2.23112503e+02, 3.24380676e+02, 2.32910751e+02, 3.36725403e+02 ]
