%YAML:1.0
---
points: [ 8.06672607e+02, 3.28480591e+02, 8.35321899e+02, 3.58888275e+02,
    8.62868164e+02, 3.88381561e+02, 8.89622864e+02, 4.16622131e+02,
    9.15417480e+02, 4.43989227e+02, 9.40426514e+02, 4.70395905e+02,
    7.76496948e+02, 3.58150970e+02, 8.05591980e+02, 3.88036499e+02,
    8.33708435e+02, 4.16851837e+02, 8.60901855e+02, 4.44622986e+02,
    8.87122681e+02, 4.71575439e+02, 9.12546936e+02, 4.97574554e+02,
    7.46168579e+02, 3.87469543e+02, 7.75881592e+02, 4.16707794e+02,
    8.04519226e+02, 4.45242615e+02, 8.32229248e+02, 4.72623657e+02,
    8.58846558e+02, 4.99191010e+02, 8.84585876e+02, 5.24617249e+02,
    7.15767151e+02, 4.16924774e+02, 7.46164429e+02, 4.45785706e+02,
    7.75468079e+02, 4.73690582e+02, 8.03435120e+02, 5.00552826e+02,
    8.30583435e+02, 5.26496582e+02, 8.56936829e+02, 5.51658630e+02,
    6.85264587e+02, 4.46499878e+02, 7.16165527e+02, 4.74612091e+02,
    7.45780151e+02, 5.02069061e+02, 7.74586975e+02, 5.28481873e+02,
    8.02401306e+02, 5.53998047e+02, 8.29038635e+02, 5.78616211e+02,
    6.54822632e+02, 4.75759399e+02, 6.86357544e+02, 5.03645264e+02,
    7.16593994e+02, 5.30586304e+02, 7.45676331e+02, 5.56414124e+02,
    7.73851807e+02, 5.81502563e+02, 8.01196167e+02, 6.05766785e+02,
    6.24029663e+02, 5.05420258e+02, 6.56083069e+02, 5.32675415e+02,
    6.86814697e+02, 5.59158081e+02, 7.16634583e+02, 5.84617859e+02,
    7.45309692e+02, 6.09304504e+02, 7.72974487e+02, 6.32934998e+02,
    5.93426758e+02, 5.34871948e+02, 6.25887634e+02, 5.61649292e+02,
    6.57380188e+02, 5.87534180e+02, 6.87528503e+02, 6.12533020e+02,
    7.16800476e+02, 6.36715881e+02, 7.45065674e+02, 6.60169250e+02 ]
