%YAML:1.0
---
points: [ 2.61010254e+02, 2.01626556e+02, 2.70055450e+02, 2.13443008e+02,
    2.79054657e+02, 2.25230637e+02, 2.87887177e+02, 2.36845901e+02,
    2.96626099e+02, 2.48299545e+02, 3.05417023e+02, 2.59749756e+02,
    2.50763489e+02, 2.10574387e+02, 2.60036041e+02, 2.22599777e+02,
    2.69192535e+02, 2.34534485e+02, 2.78328308e+02, 2.46253189e+02,
    2.87246918e+02, 2.57919952e+02, 2.96188354e+02, 2.69478668e+02,
    2.40158447e+02, 2.19759216e+02, 2.49677811e+02, 2.32006836e+02,
    2.59066498e+02, 2.44030258e+02, 2.68439819e+02, 2.55967316e+02,
    2.77609009e+02, 2.67801086e+02, 2.86737091e+02, 2.79611755e+02,
    2.29154587e+02, 2.29346527e+02, 2.38841217e+02, 2.41780609e+02,
    2.48570450e+02, 2.54002075e+02, 2.58052124e+02, 2.66174866e+02,
    2.67515137e+02, 2.78163757e+02, 2.76871368e+02, 2.89978821e+02,
    2.17711761e+02, 2.39327530e+02, 2.27676865e+02, 2.51925720e+02,
    2.37562607e+02, 2.64399719e+02, 2.47339020e+02, 2.76737396e+02,
    2.57075836e+02, 2.88831787e+02, 2.66629730e+02, 3.00967712e+02,
    2.05724503e+02, 2.49760696e+02, 2.15967636e+02, 2.62488068e+02,
    2.26191299e+02, 2.75169098e+02, 2.36219498e+02, 2.87677765e+02,
    2.46177658e+02, 3.00081635e+02, 2.55975449e+02, 3.12365356e+02,
    1.93091034e+02, 2.60650635e+02, 2.03715286e+02, 2.73653168e+02,
    2.14184250e+02, 2.86521027e+02, 2.24497116e+02, 2.99276550e+02,
    2.34702103e+02, 3.11811554e+02, 2.44823669e+02, 3.24305878e+02,
    1.80045105e+02, 2.72048950e+02, 1.90898987e+02, 2.85190613e+02,
    2.01743439e+02, 2.98324371e+02, 2.12347275e+02, 3.11193817e+02,
    2.22939835e+02, 3.24079590e+02, 2.33228058e+02, 3.36635498e+02 ]
