%YAML:1.0
---
points: [ 8.99421753e+02, 4.99605438e+02, 9.26400146e+02, 5.34567871e+02,
    9.53116882e+02, 5.69188538e+02, 9.79505798e+02, 6.03317932e+02,
    1.00565118e+03, 6.37155579e+02, 1.03158728e+03, 6.70619812e+02,
    8.68049133e+02, 5.25867676e+02, 8.95720642e+02, 5.61380798e+02,
    9.23174377e+02, 5.96464355e+02, 9.50245605e+02, 6.31087585e+02,
    9.76972473e+02, 6.65467224e+02, 1.00354266e+03, 6.99440613e+02,
    8.35489319e+02, 5.53051025e+02, 8.63876892e+02, 5.89054932e+02,
    8.92062439e+02, 6.24657288e+02, 9.19811096e+02, 6.59734253e+02,
    9.47277222e+02, 6.94648376e+02, 9.74328674e+02, 7.29226990e+02,
    8.01572144e+02, 5.81421814e+02, 8.30701660e+02, 6.17997314e+02,
    8.59605347e+02, 6.53963135e+02, 8.88178162e+02, 6.89732605e+02,
    9.16258240e+02, 7.25206909e+02, 9.44252502e+02, 7.60278015e+02,
    7.66160095e+02, 6.10883484e+02, 7.96250671e+02, 6.48010437e+02,
    8.25771667e+02, 6.84633240e+02, 8.55017517e+02, 7.20931396e+02,
    8.84037598e+02, 7.56946106e+02, 9.12538696e+02, 7.92511902e+02,
    7.29397827e+02, 6.41618652e+02, 7.60229065e+02, 6.79323425e+02,
    7.90647278e+02, 7.16611267e+02, 8.20639160e+02, 7.53410706e+02,
    8.50488647e+02, 7.90109680e+02, 8.79686584e+02, 8.26233521e+02,
    6.90367493e+02, 6.73847290e+02, 7.22326355e+02, 7.12341980e+02,
    7.53681885e+02, 7.50245789e+02, 7.84545166e+02, 7.87705627e+02,
    8.15118286e+02, 8.24800354e+02, 8.45354370e+02, 8.61669861e+02,
    6.50019531e+02, 7.07585388e+02, 6.82878662e+02, 7.46520447e+02,
    7.15230164e+02, 7.85171509e+02, 7.47148682e+02, 8.23222534e+02,
    7.78551880e+02, 8.60972107e+02, 8.09542786e+02, 8.98352417e+02 ]
