%YAML:1.0
---
points: [ 7.15609009e+02, 4.95678497e+02, 7.26280579e+02, 4.64427216e+02,
    7.36957825e+02, 4.31577698e+02, 7.48463318e+02, 3.97679840e+02,
    7.60127197e+02, 3.62182251e+02, 7.72317383e+02, 3.25211639e+02,
    7.51240784e+02, 5.12666626e+02, 7.62442810e+02, 4.81621033e+02,
    7.74126587e+02, 4.49520569e+02, 7.86017700e+02, 4.15833435e+02,
    7.98573547e+02, 3.80721893e+02, 8.11567871e+02, 3.44253876e+02,
    7.87076965e+02, 5.29798950e+02, 7.98752075e+02, 4.99290802e+02,
    8.11074341e+02, 4.67336823e+02, 8.23818420e+02, 4.34167542e+02,
    8.37212402e+02, 3.99560333e+02, 8.51086731e+02, 3.63489044e+02,
    8.22404053e+02, 5.46801819e+02, 8.34872803e+02, 5.16486084e+02,
    8.47903198e+02, 4.84777344e+02, 8.61483337e+02, 4.52187164e+02,
    8.75508850e+02, 4.18032898e+02, 8.90082275e+02, 3.82397491e+02,
    8.57544922e+02, 5.63610657e+02, 8.70904907e+02, 5.33602539e+02,
    8.84492493e+02, 5.02580750e+02, 8.98861389e+02, 4.70234344e+02,
    9.13706421e+02, 4.36378937e+02, 9.29219482e+02, 4.01253510e+02,
    8.92978210e+02, 5.80473083e+02, 9.06689392e+02, 5.50934814e+02,
    9.21256042e+02, 5.20284363e+02, 9.36202698e+02, 4.88157288e+02,
    9.51734436e+02, 4.54661163e+02, 9.68011719e+02, 4.20070496e+02,
    9.28096680e+02, 5.97397461e+02, 9.42589172e+02, 5.68054199e+02,
    9.57602722e+02, 5.37590698e+02, 9.73415283e+02, 5.05859039e+02,
    9.89727783e+02, 4.73024536e+02, 1.00681647e+03, 4.38581970e+02,
    9.63331238e+02, 6.14281616e+02, 9.78447876e+02, 5.85196167e+02,
    9.94327087e+02, 5.55178406e+02, 1.01066779e+03, 5.23798401e+02,
    1.02780774e+03, 4.91266449e+02, 1.04571814e+03, 4.57354156e+02 ]
