%YAML:1.0
---
points: [ 4.07257416e+02, 1.86486771e+02, 4.17776367e+02, 1.85498138e+02,
    4.28324982e+02, 1.84395950e+02, 4.38837067e+02, 1.83340240e+02,
    4.49437744e+02, 1.82403992e+02, 4.59940399e+02, 1.81258667e+02,
    4.09787689e+02, 1.93620667e+02, 4.20488007e+02, 1.92602325e+02,
    4.31272278e+02, 1.91525772e+02, 4.41981964e+02, 1.90478729e+02,
    4.52767273e+02, 1.89484970e+02, 4.63438995e+02, 1.88505600e+02,
    4.12444611e+02, 2.01114670e+02, 4.23352020e+02, 1.99962936e+02,
    4.34279663e+02, 1.98961136e+02, 4.45308319e+02, 1.97914062e+02,
    4.56181061e+02, 1.96908478e+02, 4.67009247e+02, 1.95824982e+02,
    4.15186310e+02, 2.08732971e+02, 4.26322540e+02, 2.07695740e+02,
    4.37476013e+02, 2.06692078e+02, 4.48634918e+02, 2.05650543e+02,
    4.59771576e+02, 2.04652618e+02, 4.70800323e+02, 2.03607239e+02,
    4.17993378e+02, 2.16701370e+02, 4.29385254e+02, 2.15741745e+02,
    4.40752960e+02, 2.14696259e+02, 4.52058746e+02, 2.13680908e+02,
    4.63447052e+02, 2.12636185e+02, 4.74567352e+02, 2.11536301e+02,
    4.20886963e+02, 2.24883194e+02, 4.32548431e+02, 2.24140427e+02,
    4.44122498e+02, 2.22982605e+02, 4.55652191e+02, 2.22058105e+02,
    4.67100433e+02, 2.20930191e+02, 4.78638031e+02, 2.19944031e+02,
    4.23943176e+02, 2.33644653e+02, 4.35779907e+02, 2.32639465e+02,
    4.47643005e+02, 2.31719208e+02, 4.59281921e+02, 2.30656036e+02,
    4.71164001e+02, 2.29707626e+02, 4.82559998e+02, 2.28514740e+02,
    4.27211517e+02, 2.42593811e+02, 4.39239624e+02, 2.41761917e+02,
    4.51168457e+02, 2.40640945e+02, 4.63180359e+02, 2.39702271e+02,
    4.75115112e+02, 2.38629730e+02, 4.86943573e+02, 2.37669968e+02 ]
