%YAML:1.0
---
points: [ 8.99716309e+02, 4.33354187e+02, 9.21565552e+02, 4.60140045e+02,
    9.44347961e+02, 4.88053375e+02, 9.67889771e+02, 5.17029907e+02,
    9.92790222e+02, 5.47524780e+02, 1.01875189e+03, 5.79325195e+02,
    8.72582275e+02, 4.64459045e+02, 8.93550903e+02, 4.91539429e+02,
    9.15482361e+02, 5.19861633e+02, 9.38219238e+02, 5.49391785e+02,
    9.62171753e+02, 5.80184082e+02, 9.87081726e+02, 6.12481628e+02,
    8.45922180e+02, 4.94796387e+02, 8.66328369e+02, 5.22302673e+02,
    8.87296387e+02, 5.50885864e+02, 9.09137512e+02, 5.80731934e+02,
    9.32192932e+02, 6.12172302e+02, 9.56149475e+02, 6.44832642e+02,
    8.19768372e+02, 5.24762634e+02, 8.39320435e+02, 5.52565674e+02,
    8.59540344e+02, 5.81498047e+02, 8.80677551e+02, 6.11856506e+02,
    9.02848633e+02, 6.43543884e+02, 9.25783813e+02, 6.76572388e+02,
    7.94042297e+02, 5.54004028e+02, 8.12837830e+02, 5.82190308e+02,
    8.32478821e+02, 6.11620422e+02, 8.52726562e+02, 6.42193970e+02,
    8.74154541e+02, 6.74295593e+02, 8.96320801e+02, 7.07790405e+02,
    7.68684631e+02, 5.82703857e+02, 7.86843384e+02, 6.11246948e+02,
    8.05627991e+02, 6.41030273e+02, 8.25437805e+02, 6.71970642e+02,
    8.45787720e+02, 7.04496948e+02, 8.67264160e+02, 7.38412354e+02,
    7.43811401e+02, 6.11093872e+02, 7.61339478e+02, 6.40025574e+02,
    7.79442383e+02, 6.70098633e+02, 7.98327698e+02, 7.01515747e+02,
    8.17922607e+02, 7.34336121e+02, 8.38466675e+02, 7.68693298e+02,
    7.19442200e+02, 6.38974548e+02, 7.36238464e+02, 6.68205139e+02,
    7.53681091e+02, 6.98606018e+02, 7.71765198e+02, 7.30234253e+02,
    7.90612244e+02, 7.63349976e+02, 8.10440735e+02, 7.98121094e+02 ]
