%YAML:1.0
---
points: [ 4.13952515e+02, 6.06069984e+01, 4.24886780e+02, 5.99580078e+01,
    4.35470825e+02, 5.95437775e+01, 4.46481873e+02, 5.88286171e+01,
    4.56719879e+02, 5.86726952e+01, 4.67568085e+02, 5.81431465e+01,
    4.13172607e+02, 7.15374222e+01, 4.23784515e+02, 7.07526245e+01,
    4.34649628e+02, 7.02437057e+01, 4.45149323e+02, 6.97375793e+01,
    4.55790619e+02, 6.92280884e+01, 4.66147491e+02, 6.88977966e+01,
    4.12112366e+02, 8.21575317e+01, 4.22844482e+02, 8.14586487e+01,
    4.33442535e+02, 8.07796936e+01, 4.43936310e+02, 8.04015884e+01,
    4.54489624e+02, 7.98258209e+01, 4.64954773e+02, 7.94100113e+01,
    4.11230164e+02, 9.24790039e+01, 4.21693451e+02, 9.18635788e+01,
    4.32223572e+02, 9.13018951e+01, 4.42725708e+02, 9.07682877e+01,
    4.53277771e+02, 9.01837921e+01, 4.63520996e+02, 8.98230362e+01,
    4.10217194e+02, 1.02738625e+02, 4.20526337e+02, 1.02001213e+02,
    4.31084351e+02, 1.01509277e+02, 4.41449371e+02, 1.00797340e+02,
    4.51829071e+02, 1.00521126e+02, 4.62205780e+02, 9.98773651e+01,
    4.09188049e+02, 1.12597992e+02, 4.19552917e+02, 1.12041351e+02,
    4.29878235e+02, 1.11525131e+02, 4.40201019e+02, 1.10889313e+02,
    4.50490479e+02, 1.10473824e+02, 4.60726044e+02, 1.09981346e+02,
    4.08245667e+02, 1.22380638e+02, 4.18458099e+02, 1.21688019e+02,
    4.28671814e+02, 1.21156380e+02, 4.38876617e+02, 1.20612877e+02,
    4.49222504e+02, 1.20128433e+02, 4.59322784e+02, 1.19636230e+02,
    4.07270996e+02, 1.31705551e+02, 4.17370941e+02, 1.31178970e+02,
    4.27481415e+02, 1.30607391e+02, 4.37644684e+02, 1.30162354e+02,
    4.47708405e+02, 1.29661774e+02, 4.57801422e+02, 1.29355759e+02 ]
