%YAML:1.0
---
points: [ 5.51443115e+02, 5.97556274e+02, 5.53926331e+02, 5.42415588e+02,
    5.56323181e+02, 4.85983368e+02, 5.58682861e+02, 4.28597778e+02,
    5.60927429e+02, 3.69841370e+02, 5.63332581e+02, 3.09742310e+02,
    6.10405334e+02, 6.01695862e+02, 6.13384827e+02, 5.46869141e+02,
    6.16393250e+02, 4.91358917e+02, 6.19274231e+02, 4.34362946e+02,
    6.22295227e+02, 3.76389038e+02, 6.24902954e+02, 3.17059082e+02,
    6.68608154e+02, 6.05733093e+02, 6.72083069e+02, 5.51529053e+02,
    6.75576294e+02, 4.96509247e+02, 6.79184143e+02, 4.40299286e+02,
    6.82493835e+02, 3.82686615e+02, 6.85961426e+02, 3.24121918e+02,
    7.25312500e+02, 6.09553833e+02, 7.29380859e+02, 5.56045410e+02,
    7.33368774e+02, 5.01602539e+02, 7.37387817e+02, 4.45771088e+02,
    7.41426819e+02, 3.89087341e+02, 7.45389709e+02, 3.30882660e+02,
    7.80983154e+02, 6.13596069e+02, 7.85497192e+02, 5.60525818e+02,
    7.90085571e+02, 5.06542419e+02, 7.94616089e+02, 4.51377380e+02,
    7.99131470e+02, 3.95213104e+02, 8.03653320e+02, 3.37629395e+02,
    8.35583618e+02, 6.17424255e+02, 8.40513611e+02, 5.64964539e+02,
    8.45537292e+02, 5.11383118e+02, 8.50579712e+02, 4.56615875e+02,
    8.55618896e+02, 4.01125702e+02, 8.60767700e+02, 3.44200775e+02,
    8.89464294e+02, 6.21243652e+02, 8.94696411e+02, 5.69243286e+02,
    9.00242310e+02, 5.16162598e+02, 9.05640808e+02, 4.61849579e+02,
    9.11343323e+02, 4.06823486e+02, 9.17001282e+02, 3.50409943e+02,
    9.42436646e+02, 6.24874329e+02, 9.48163635e+02, 5.73308899e+02,
    9.53857788e+02, 5.20639221e+02, 9.59771118e+02, 4.67087189e+02,
    9.65881165e+02, 4.12415588e+02, 9.72316406e+02, 3.56496643e+02 ]
