%YAML:1.0
---
points: [ 2.60299225e+02, 1.79213684e+02, 2.68125824e+02, 1.88353729e+02,
    2.76250549e+02, 1.97733475e+02, 2.84729919e+02, 2.07615021e+02,
    2.93626801e+02, 2.17863846e+02, 3.02980438e+02, 2.28744766e+02,
    2.50852051e+02, 1.89833649e+02, 2.58410950e+02, 1.98948669e+02,
    2.66238922e+02, 2.08492371e+02, 2.74436127e+02, 2.18528976e+02,
    2.82966095e+02, 2.29028488e+02, 2.91974731e+02, 2.39927597e+02,
    2.41673141e+02, 2.00014465e+02, 2.48884827e+02, 2.09424484e+02,
    2.56461334e+02, 2.19116241e+02, 2.64283386e+02, 2.29212265e+02,
    2.72608765e+02, 2.39780212e+02, 2.81189880e+02, 2.50935181e+02,
    2.32542618e+02, 2.10194153e+02, 2.39556122e+02, 2.19612579e+02,
    2.46867645e+02, 2.29446899e+02, 2.54463608e+02, 2.39707016e+02,
    2.62368134e+02, 2.50459396e+02, 2.70704193e+02, 2.61666138e+02,
    2.23654724e+02, 2.20100220e+02, 2.30390091e+02, 2.29613235e+02,
    2.37423004e+02, 2.39627335e+02, 2.44705399e+02, 2.50026321e+02,
    2.52423157e+02, 2.60827301e+02, 2.60367249e+02, 2.72197662e+02,
    2.14853348e+02, 2.29809891e+02, 2.21414017e+02, 2.39487183e+02,
    2.28122375e+02, 2.49552917e+02, 2.35228470e+02, 2.60074493e+02,
    2.42545349e+02, 2.71109100e+02, 2.50312393e+02, 2.82596710e+02,
    2.06297256e+02, 2.39405579e+02, 2.12530563e+02, 2.49197418e+02,
    2.19036331e+02, 2.59509857e+02, 2.25820419e+02, 2.70132935e+02,
    2.32957275e+02, 2.81145966e+02, 2.40297745e+02, 2.92835632e+02,
    1.97738876e+02, 2.48859802e+02, 2.03832520e+02, 2.58761322e+02,
    2.10082367e+02, 2.69069366e+02, 2.16653503e+02, 2.79768250e+02,
    2.23412521e+02, 2.91012604e+02, 2.30619080e+02, 3.02768463e+02 ]
