%YAML:1.0
---
points: [ 2.93684418e+02, 1.54561218e+02, 2.94741180e+02, 1.68839569e+02,
    2.95771301e+02, 1.83210007e+02, 2.96807831e+02, 1.97314438e+02,
    2.97884491e+02, 2.11608231e+02, 2.98998901e+02, 2.25794830e+02,
    2.79736877e+02, 1.56133896e+02, 2.80778381e+02, 1.70320282e+02,
    2.81831512e+02, 1.84442062e+02, 2.82882904e+02, 1.98509781e+02,
    2.83971008e+02, 2.12551178e+02, 2.85023621e+02, 2.26601517e+02,
    2.66217346e+02, 1.57845001e+02, 2.67274078e+02, 1.71791641e+02,
    2.68311554e+02, 1.85702545e+02, 2.69337158e+02, 1.99465454e+02,
    2.70424133e+02, 2.13568787e+02, 2.71365936e+02, 2.27376282e+02,
    2.53013565e+02, 1.59403351e+02, 2.54076599e+02, 1.73301987e+02,
    2.55084671e+02, 1.87077576e+02, 2.56197449e+02, 2.00732635e+02,
    2.57180176e+02, 2.14395477e+02, 2.58218872e+02, 2.28102631e+02,
    2.40135757e+02, 1.60880447e+02, 2.41125641e+02, 1.74467407e+02,
    2.42206345e+02, 1.88171112e+02, 2.43168289e+02, 2.01734406e+02,
    2.44217941e+02, 2.15308533e+02, 2.45274109e+02, 2.28898163e+02,
    2.27412781e+02, 1.62366455e+02, 2.28453934e+02, 1.75852478e+02,
    2.29517776e+02, 1.89357239e+02, 2.30535339e+02, 2.02759888e+02,
    2.31590363e+02, 2.16206223e+02, 2.32649429e+02, 2.29673111e+02,
    2.15108994e+02, 1.63873581e+02, 2.16148895e+02, 1.77186417e+02,
    2.17157333e+02, 1.90568497e+02, 2.18153275e+02, 2.03750000e+02,
    2.19224228e+02, 2.17091599e+02, 2.20177933e+02, 2.30272552e+02,
    2.02891541e+02, 1.65241730e+02, 2.03980438e+02, 1.78432297e+02,
    2.05109451e+02, 1.91513123e+02, 2.06117294e+02, 2.04774216e+02,
    2.07076492e+02, 2.17887589e+02, 2.08113358e+02, 2.31050232e+02 ]
