%YAML:1.0
---
points: [ 9.98825928e+02, 3.60865845e+02, 1.00201489e+03, 4.03208313e+02,
    1.00525122e+03, 4.45218231e+02, 1.00831146e+03, 4.87124451e+02,
    1.01151697e+03, 5.28980530e+02, 1.01459772e+03, 5.70832642e+02,
    9.58742798e+02, 3.65801758e+02, 9.61804016e+02, 4.07494324e+02,
    9.65108215e+02, 4.49118896e+02, 9.68188660e+02, 4.90537231e+02,
    9.71294556e+02, 5.31833130e+02, 9.74417969e+02, 5.73251709e+02,
    9.19525452e+02, 3.70590027e+02, 9.22764954e+02, 4.11675659e+02,
    9.25887817e+02, 4.52768188e+02, 9.28902832e+02, 4.93633972e+02,
    9.32152283e+02, 5.34561279e+02, 9.35264954e+02, 5.75465454e+02,
    8.81335571e+02, 3.75275299e+02, 8.84532288e+02, 4.15747101e+02,
    8.87504883e+02, 4.56319946e+02, 8.90685852e+02, 4.96922302e+02,
    8.93783508e+02, 5.37404907e+02, 8.96791138e+02, 5.77603882e+02,
    8.43793640e+02, 3.79568756e+02, 8.47058655e+02, 4.19632538e+02,
    8.50168030e+02, 4.59883911e+02, 8.53352722e+02, 4.99796112e+02,
    8.56361755e+02, 5.39882324e+02, 8.59470581e+02, 5.79998169e+02,
    8.07166199e+02, 3.83727478e+02, 8.10423035e+02, 4.23622650e+02,
    8.13433411e+02, 4.63417938e+02, 8.16677612e+02, 5.02916351e+02,
    8.19651978e+02, 5.42595398e+02, 8.22787415e+02, 5.81974426e+02,
    7.71099731e+02, 3.87939667e+02, 7.74433044e+02, 4.27523712e+02,
    7.77384827e+02, 4.66656372e+02, 7.80655762e+02, 5.05965881e+02,
    7.83619995e+02, 5.45139465e+02, 7.86622803e+02, 5.84316101e+02,
    7.36079773e+02, 3.92195160e+02, 7.39234070e+02, 4.31093292e+02,
    7.42522095e+02, 4.70104797e+02, 7.45385315e+02, 5.08684875e+02,
    7.48573853e+02, 5.47559448e+02, 7.51553162e+02, 5.86264771e+02 ]
