%YAML:1.0
---
points: [ 4.02260620e+02, 6.41214828e+01, 4.10008362e+02, 6.59247665e+01,
    4.17487457e+02, 6.77757492e+01, 4.24989380e+02, 6.95342331e+01,
    4.32050476e+02, 7.13148804e+01, 4.39365204e+02, 7.30569916e+01,
    4.01743103e+02, 7.36101761e+01, 4.09322418e+02, 7.52641525e+01,
    4.16980988e+02, 7.69635086e+01, 4.24338470e+02, 7.86349792e+01,
    4.31743011e+02, 8.02609940e+01, 4.38725616e+02, 8.20097122e+01,
    4.00979187e+02, 8.31078186e+01, 4.08769562e+02, 8.45937271e+01,
    4.16307709e+02, 8.62569885e+01, 4.23842865e+02, 8.78203506e+01,
    4.31091400e+02, 8.94134979e+01, 4.38271118e+02, 9.08883362e+01,
    4.00293488e+02, 9.25190964e+01, 4.08064545e+02, 9.41258926e+01,
    4.15745056e+02, 9.55685349e+01, 4.23131226e+02, 9.70599213e+01,
    4.30547180e+02, 9.85888443e+01, 4.37597809e+02, 1.00055946e+02,
    3.99580597e+02, 1.02069458e+02, 4.07346313e+02, 1.03370964e+02,
    4.15070831e+02, 1.04873940e+02, 4.22485352e+02, 1.06226265e+02,
    4.29905243e+02, 1.07705406e+02, 4.37075073e+02, 1.09022560e+02,
    3.98840698e+02, 1.11540100e+02, 4.06657227e+02, 1.12960648e+02,
    4.14341248e+02, 1.14201790e+02, 4.21817719e+02, 1.15651413e+02,
    4.29228149e+02, 1.16890938e+02, 4.36421021e+02, 1.18176857e+02,
    3.98095520e+02, 1.21139214e+02, 4.05940826e+02, 1.22249794e+02,
    4.13635162e+02, 1.23531830e+02, 4.21150421e+02, 1.24851883e+02,
    4.28615936e+02, 1.26108246e+02, 4.35711334e+02, 1.27212662e+02,
    3.97305908e+02, 1.30540436e+02, 4.05086426e+02, 1.31853531e+02,
    4.12931244e+02, 1.33001511e+02, 4.20411194e+02, 1.34126831e+02,
    4.27824707e+02, 1.35183151e+02, 4.35104645e+02, 1.36457581e+02 ]
