%YAML:1.0
---
points: [ 7.45909119e+02, 5.62447693e+02, 7.54342346e+02, 5.20930786e+02,
    7.63017395e+02, 4.77312195e+02, 7.72011047e+02, 4.31561432e+02,
    7.81487854e+02, 3.83692566e+02, 7.91329407e+02, 3.33457733e+02,
    7.90674561e+02, 5.79816589e+02, 8.00121704e+02, 5.38407654e+02,
    8.09875183e+02, 4.94965240e+02, 8.20073242e+02, 4.49584320e+02,
    8.30768433e+02, 4.01843872e+02, 8.41906311e+02, 3.51707062e+02,
    8.36287109e+02, 5.97434631e+02, 8.46622498e+02, 5.56225037e+02,
    8.57544800e+02, 5.12848694e+02, 8.69042175e+02, 4.67913239e+02,
    8.80757324e+02, 4.20265503e+02, 8.93248840e+02, 3.70418976e+02,
    8.81710632e+02, 6.15090027e+02, 8.93383423e+02, 5.73981689e+02,
    9.05493164e+02, 5.30919067e+02, 9.17936829e+02, 4.85770477e+02,
    9.31254639e+02, 4.38598694e+02, 9.45010315e+02, 3.88960785e+02,
    9.27871826e+02, 6.33057861e+02, 9.40600586e+02, 5.91915039e+02,
    9.53616516e+02, 5.49302979e+02, 9.67599731e+02, 5.04405396e+02,
    9.82096313e+02, 4.57100922e+02, 9.97304443e+02, 4.07657684e+02,
    9.74614746e+02, 6.51021301e+02, 9.88353760e+02, 6.10359863e+02,
    1.00263562e+03, 5.67576355e+02, 1.01781604e+03, 5.22947937e+02,
    1.03357935e+03, 4.75826569e+02, 1.05034680e+03, 4.26729309e+02,
    1.02171124e+03, 6.69417908e+02, 1.03670508e+03, 6.28614136e+02,
    1.05218042e+03, 5.86312622e+02, 1.06862756e+03, 5.41634521e+02,
    1.08581067e+03, 4.94854950e+02, 1.10394971e+03, 4.45715271e+02,
    1.06967908e+03, 6.88042908e+02, 1.08579517e+03, 6.47426025e+02,
    1.10254749e+03, 6.05009766e+02, 1.12028955e+03, 5.60669312e+02,
    1.13884985e+03, 5.14145508e+02, 1.15845825e+03, 4.65226105e+02 ]
