%YAML:1.0
---
points: [ 6.13180359e+02, 7.61938293e+02, 6.24599670e+02, 7.21832458e+02,
    6.35738220e+02, 6.83862610e+02, 6.46123108e+02, 6.47974487e+02,
    6.56059204e+02, 6.13676819e+02, 6.65320923e+02, 5.81257202e+02,
    6.57915039e+02, 7.63472534e+02, 6.68321411e+02, 7.23288696e+02,
    6.78157227e+02, 6.85206238e+02, 6.87463196e+02, 6.49185730e+02,
    6.96456055e+02, 6.14843445e+02, 7.04758484e+02, 5.82336426e+02,
    7.03210327e+02, 7.64816650e+02, 7.12373901e+02, 7.24474365e+02,
    7.21219666e+02, 6.86440430e+02, 7.29281067e+02, 6.50185608e+02,
    7.37294189e+02, 6.15910034e+02, 7.44498352e+02, 5.83124390e+02,
    7.48433289e+02, 7.66307312e+02, 7.56376831e+02, 7.25786438e+02,
    7.63955383e+02, 6.87650269e+02, 7.70930115e+02, 6.51453918e+02,
    7.77684875e+02, 6.17149536e+02, 7.84224304e+02, 5.84431702e+02,
    7.93557556e+02, 7.67605164e+02, 8.00452637e+02, 7.27414734e+02,
    8.06742920e+02, 6.88871216e+02, 8.12697754e+02, 6.52665833e+02,
    8.18446411e+02, 6.18413940e+02, 8.23737366e+02, 5.85591919e+02,
    8.38859314e+02, 7.69470581e+02, 8.44457275e+02, 7.28695618e+02,
    8.49634827e+02, 6.90370117e+02, 8.54595276e+02, 6.54076355e+02,
    8.59375671e+02, 6.19438721e+02, 8.63755737e+02, 5.86555420e+02,
    8.84590454e+02, 7.71009766e+02, 8.88800049e+02, 7.30285767e+02,
    8.92688477e+02, 6.91654785e+02, 8.96573242e+02, 6.55376953e+02,
    9.00361206e+02, 6.20633850e+02, 9.03535156e+02, 5.87741333e+02,
    9.30329773e+02, 7.72643616e+02, 9.33370422e+02, 7.31910889e+02,
    9.36205261e+02, 6.93230225e+02, 9.38768372e+02, 6.56592163e+02,
    9.41375244e+02, 6.22068848e+02, 9.43778259e+02, 5.88813843e+02 ]
