%YAML:1.0
---
points: [ 3.32514008e+02, 1.76102173e+02, 3.33189606e+02, 1.88600403e+02,
    3.33648987e+02, 2.01161835e+02, 3.34285858e+02, 2.13615723e+02,
    3.34962433e+02, 2.25994583e+02, 3.35552887e+02, 2.38423920e+02,
    3.22162170e+02, 1.76398163e+02, 3.22737061e+02, 1.89146133e+02,
    3.23293610e+02, 2.01740372e+02, 3.24071411e+02, 2.14368576e+02,
    3.24508698e+02, 2.27054382e+02, 3.25259155e+02, 2.39589386e+02,
    3.11485443e+02, 1.76686615e+02, 3.12149384e+02, 1.89497040e+02,
    3.12729218e+02, 2.02402893e+02, 3.13366516e+02, 2.15246719e+02,
    3.14065826e+02, 2.28068665e+02, 3.14696045e+02, 2.40782990e+02,
    3.00566010e+02, 1.77101379e+02, 3.01216705e+02, 1.90157547e+02,
    3.01875305e+02, 2.03160538e+02, 3.02452454e+02, 2.16171738e+02,
    3.03136383e+02, 2.29087860e+02, 3.03851532e+02, 2.42023941e+02,
    2.89304230e+02, 1.77412460e+02, 2.89944763e+02, 1.90550980e+02,
    2.90588715e+02, 2.03779022e+02, 2.91204926e+02, 2.17063339e+02,
    2.91997742e+02, 2.30196060e+02, 2.92659180e+02, 2.43323135e+02,
    2.77688171e+02, 1.77624481e+02, 2.78276031e+02, 1.91161316e+02,
    2.79102020e+02, 2.04507355e+02, 2.79738068e+02, 2.17965332e+02,
    2.80372498e+02, 2.31355331e+02, 2.81151367e+02, 2.44573837e+02,
    2.65552124e+02, 1.77980347e+02, 2.66303406e+02, 1.91606277e+02,
    2.67069305e+02, 2.05286255e+02, 2.67783905e+02, 2.18875839e+02,
    2.68450806e+02, 2.32384415e+02, 2.69259796e+02, 2.45904648e+02,
    2.53261581e+02, 1.78293289e+02, 2.54072693e+02, 1.92262085e+02,
    2.54811905e+02, 2.06154083e+02, 2.55526794e+02, 2.19886307e+02,
    2.56296082e+02, 2.33649612e+02, 2.57074127e+02, 2.47306137e+02 ]
