%YAML:1.0
---
points: [ 3.92501831e+02, 1.95973389e+02, 4.00795776e+02, 1.94723053e+02,
    4.09299500e+02, 1.93392426e+02, 4.17703949e+02, 1.92182205e+02,
    4.26040771e+02, 1.90974701e+02, 4.34350891e+02, 1.89615829e+02,
    3.93690094e+02, 2.04172104e+02, 4.02069977e+02, 2.03061020e+02,
    4.10397552e+02, 2.01702225e+02, 4.18836975e+02, 2.00519836e+02,
    4.27238556e+02, 1.99168869e+02, 4.35575409e+02, 1.98102173e+02,
    3.94887939e+02, 2.12491867e+02, 4.03232117e+02, 2.11272034e+02,
    4.11699127e+02, 2.09948380e+02, 4.20054779e+02, 2.08786285e+02,
    4.28386627e+02, 2.07520203e+02, 4.36651093e+02, 2.06251236e+02,
    3.96090729e+02, 2.20740524e+02, 4.04475800e+02, 2.19620743e+02,
    4.12885315e+02, 2.18274704e+02, 4.21253052e+02, 2.17119827e+02,
    4.29731873e+02, 2.15828201e+02, 4.37952087e+02, 2.14561386e+02,
    3.97273010e+02, 2.29086319e+02, 4.05697876e+02, 2.27784622e+02,
    4.14052338e+02, 2.26548050e+02, 4.22354553e+02, 2.25273193e+02,
    4.30760864e+02, 2.24214615e+02, 4.38952728e+02, 2.22774033e+02,
    3.98500763e+02, 2.37240036e+02, 4.06910309e+02, 2.36124252e+02,
    4.15294159e+02, 2.34854874e+02, 4.23662109e+02, 2.33537460e+02,
    4.32029785e+02, 2.32337967e+02, 4.40249329e+02, 2.31180054e+02,
    3.99699402e+02, 2.45486511e+02, 4.08063599e+02, 2.44225357e+02,
    4.16441437e+02, 2.43162552e+02, 4.24763824e+02, 2.41810028e+02,
    4.33107239e+02, 2.40556686e+02, 4.41327759e+02, 2.39307571e+02,
    4.00902802e+02, 2.53821640e+02, 4.09287262e+02, 2.52554565e+02,
    4.17697357e+02, 2.51314835e+02, 4.26015686e+02, 2.50179581e+02,
    4.34300934e+02, 2.48839981e+02, 4.42641571e+02, 2.47593597e+02 ]
