%YAML:1.0
---
points: [ 1.12073608e+03, 4.24507141e+02, 1.12245923e+03, 4.61390900e+02,
    1.12422302e+03, 4.98242920e+02, 1.12626892e+03, 5.34751099e+02,
    1.12788330e+03, 5.71384338e+02, 1.12976685e+03, 6.07825439e+02,
    1.08955176e+03, 4.25404388e+02, 1.09134033e+03, 4.62712646e+02,
    1.09320105e+03, 5.00072815e+02, 1.09518921e+03, 5.37341187e+02,
    1.09684277e+03, 5.74395142e+02, 1.09898486e+03, 6.11382446e+02,
    1.05758411e+03, 4.26261475e+02, 1.05945227e+03, 4.64282440e+02,
    1.06129248e+03, 5.02161102e+02, 1.06342480e+03, 5.39690430e+02,
    1.06525806e+03, 5.77274292e+02, 1.06725366e+03, 6.14713745e+02,
    1.02447498e+03, 4.27358093e+02, 1.02648303e+03, 4.65629944e+02,
    1.02847351e+03, 5.04036743e+02, 1.03051843e+03, 5.42360291e+02,
    1.03248279e+03, 5.80495850e+02, 1.03452100e+03, 6.18542847e+02,
    9.90498779e+02, 4.28127869e+02, 9.92488159e+02, 4.67197937e+02,
    9.94642578e+02, 5.06234741e+02, 9.96621155e+02, 5.44997070e+02,
    9.98775269e+02, 5.83647827e+02, 1.00087360e+03, 6.22377747e+02,
    9.55439392e+02, 4.29009979e+02, 9.57660034e+02, 4.68635620e+02,
    9.59739319e+02, 5.08207184e+02, 9.61828308e+02, 5.47605713e+02,
    9.64173218e+02, 5.86975159e+02, 9.66183472e+02, 6.26196411e+02,
    9.18945190e+02, 4.29870911e+02, 9.21413086e+02, 4.70330383e+02,
    9.23523743e+02, 5.10422882e+02, 9.25735718e+02, 5.50427307e+02,
    9.27936584e+02, 5.90516479e+02, 9.30242065e+02, 6.30278320e+02,
    8.81591431e+02, 4.30685760e+02, 8.84178345e+02, 4.71713074e+02,
    8.86444885e+02, 5.12678833e+02, 8.88852112e+02, 5.53418701e+02,
    8.91185364e+02, 5.93851318e+02, 8.93294922e+02, 6.34378479e+02 ]
