%YAML:1.0
---
points: [ 7.65234375e+02, 4.78470856e+02, 8.02513855e+02, 4.81369659e+02,
    8.37695374e+02, 4.84163574e+02, 8.70830444e+02, 4.86730713e+02,
    9.02348694e+02, 4.89202087e+02, 9.32406067e+02, 4.91538727e+02,
    7.63340027e+02, 5.23304199e+02, 8.00626465e+02, 5.24828491e+02,
    8.35818481e+02, 5.26406128e+02, 8.69149780e+02, 5.27954285e+02,
    9.00697876e+02, 5.29319641e+02, 9.30652222e+02, 5.30604675e+02,
    7.61214172e+02, 5.68346008e+02, 7.98579712e+02, 5.68701904e+02,
    8.33786133e+02, 5.69169312e+02, 8.67306396e+02, 5.69473999e+02,
    8.98887451e+02, 5.69747803e+02, 9.28841431e+02, 5.70143677e+02,
    7.59219971e+02, 6.13256104e+02, 7.96562744e+02, 6.12443909e+02,
    8.31947571e+02, 6.11489746e+02, 8.65256592e+02, 6.10674683e+02,
    8.97031372e+02, 6.09942932e+02, 9.27148376e+02, 6.09152832e+02,
    7.57270325e+02, 6.58271912e+02, 7.94604248e+02, 6.55890991e+02,
    8.29911926e+02, 6.54004150e+02, 8.63517334e+02, 6.51896179e+02,
    8.95191589e+02, 6.50158752e+02, 9.25262573e+02, 6.48494141e+02,
    7.54962646e+02, 7.03226440e+02, 7.92455505e+02, 6.99662292e+02,
    8.28055054e+02, 6.96489807e+02, 8.61371216e+02, 6.93355225e+02,
    8.93265747e+02, 6.90551758e+02, 9.23490845e+02, 6.87687683e+02,
    7.52786743e+02, 7.48526123e+02, 7.90408203e+02, 7.43582764e+02,
    8.26069946e+02, 7.39148804e+02, 8.59485901e+02, 7.34752869e+02,
    8.91363159e+02, 7.30714111e+02, 9.21701782e+02, 7.27171143e+02,
    7.50465637e+02, 7.93785095e+02, 7.88124329e+02, 7.87673340e+02,
    8.23825012e+02, 7.81873535e+02, 8.57507263e+02, 7.76427856e+02,
    8.89533691e+02, 7.71363953e+02, 9.19695068e+02, 7.66549561e+02 ]
