%YAML:1.0
---
points: [ 3.98379517e+02, 1.52371460e+02, 4.07920959e+02, 1.53070145e+02,
    4.17682526e+02, 1.53717667e+02, 4.27555603e+02, 1.54546036e+02,
    4.37471527e+02, 1.55239212e+02, 4.47647125e+02, 1.55982117e+02,
    3.97103455e+02, 1.60721008e+02, 4.06631195e+02, 1.61435760e+02,
    4.16235321e+02, 1.62199158e+02, 4.26049896e+02, 1.62948288e+02,
    4.35931915e+02, 1.63688461e+02, 4.45831238e+02, 1.64665359e+02,
    3.95923828e+02, 1.68896774e+02, 4.05335602e+02, 1.69628494e+02,
    4.14851562e+02, 1.70531998e+02, 4.24500092e+02, 1.71246689e+02,
    4.34302155e+02, 1.72208191e+02, 4.44173126e+02, 1.73036118e+02,
    3.94860382e+02, 1.76853027e+02, 4.04120117e+02, 1.77756638e+02,
    4.13528870e+02, 1.78499161e+02, 4.23033264e+02, 1.79456635e+02,
    4.32707886e+02, 1.80313950e+02, 4.42367035e+02, 1.81276947e+02,
    3.93762024e+02, 1.84641235e+02, 4.02864929e+02, 1.85449875e+02,
    4.12210022e+02, 1.86377487e+02, 4.21603394e+02, 1.87383743e+02,
    4.31214447e+02, 1.88289642e+02, 4.40648743e+02, 1.89252274e+02,
    3.92674683e+02, 1.92256027e+02, 4.01796631e+02, 1.93094940e+02,
    4.10919037e+02, 1.94155334e+02, 4.20185364e+02, 1.95053070e+02,
    4.29650909e+02, 1.96099716e+02, 4.39056671e+02, 1.97086319e+02,
    3.91646301e+02, 1.99581299e+02, 4.00587677e+02, 2.00659470e+02,
    4.09679016e+02, 2.01576187e+02, 4.18816467e+02, 2.02639999e+02,
    4.28105682e+02, 2.03611328e+02, 4.37519257e+02, 2.04729568e+02,
    3.90550201e+02, 2.06935669e+02, 3.99478394e+02, 2.07841782e+02,
    4.08347015e+02, 2.08924667e+02, 4.17537476e+02, 2.09904419e+02,
    4.26657501e+02, 2.11078705e+02, 4.36004089e+02, 2.12188248e+02 ]
