%YAML:1.0
---
points: [ 1.38218555e+03, 2.57561951e+02, 1.38630933e+03, 2.88693481e+02,
    1.39030615e+03, 3.19466125e+02, 1.39405408e+03, 3.49500488e+02,
    1.39766040e+03, 3.78876526e+02, 1.40155188e+03, 4.07610748e+02,
    1.35595642e+03, 2.58966431e+02, 1.35994983e+03, 2.89420013e+02,
    1.36425818e+03, 3.19218384e+02, 1.36812671e+03, 3.48680511e+02,
    1.37205811e+03, 3.77293060e+02, 1.37579199e+03, 4.05410889e+02,
    1.33095312e+03, 2.60339081e+02, 1.33532324e+03, 2.89947632e+02,
    1.33929724e+03, 3.19128479e+02, 1.34339868e+03, 3.47647675e+02,
    1.34766919e+03, 3.75802185e+02, 1.35153076e+03, 4.03170044e+02,
    1.30718115e+03, 2.61441589e+02, 1.31152917e+03, 2.90488953e+02,
    1.31583459e+03, 3.18904755e+02, 1.31994739e+03, 3.46776215e+02,
    1.32424207e+03, 3.74338440e+02, 1.32826904e+03, 4.01287567e+02,
    1.28446497e+03, 2.62505310e+02, 1.28896338e+03, 2.90843781e+02,
    1.29320642e+03, 3.18671722e+02, 1.29753125e+03, 3.45939148e+02,
    1.30183435e+03, 3.72804016e+02, 1.30625159e+03, 3.99041718e+02,
    1.26267542e+03, 2.63607544e+02, 1.26730017e+03, 2.91400543e+02,
    1.27169202e+03, 3.18572083e+02, 1.27615161e+03, 3.45315613e+02,
    1.28064587e+03, 3.71435242e+02, 1.28502051e+03, 3.97189606e+02,
    1.24215686e+03, 2.64691620e+02, 1.24667346e+03, 2.91668335e+02,
    1.25115747e+03, 3.18476593e+02, 1.25562439e+03, 3.44480011e+02,
    1.26014160e+03, 3.70183624e+02, 1.26456848e+03, 3.95365540e+02,
    1.22233594e+03, 2.65587738e+02, 1.22712793e+03, 2.92180420e+02,
    1.23176489e+03, 3.18188110e+02, 1.23633875e+03, 3.43847748e+02,
    1.24075891e+03, 3.68867950e+02, 1.24517578e+03, 3.93437012e+02 ]
