%YAML:1.0
---
points: [ 4.18149109e+02, 1.19701027e+02, 4.19495056e+02, 1.30521667e+02,
    4.20699219e+02, 1.40657928e+02, 4.21929932e+02, 1.50779709e+02,
    4.23089447e+02, 1.60747559e+02, 4.24251892e+02, 1.70532806e+02,
    4.09051910e+02, 1.20191162e+02, 4.10413177e+02, 1.30575043e+02,
    4.11742310e+02, 1.40588028e+02, 4.12944183e+02, 1.50516800e+02,
    4.14244171e+02, 1.60151672e+02, 4.15406738e+02, 1.69670181e+02,
    4.00328339e+02, 1.20601097e+02, 4.01757111e+02, 1.30516815e+02,
    4.03127350e+02, 1.40522629e+02, 4.04380341e+02, 1.50063995e+02,
    4.05667877e+02, 1.59605499e+02, 4.06910675e+02, 1.68872910e+02,
    3.92009583e+02, 1.20879807e+02, 3.93460907e+02, 1.30648895e+02,
    3.94853455e+02, 1.40267639e+02, 3.96126343e+02, 1.49735306e+02,
    3.97532654e+02, 1.58973022e+02, 3.98777893e+02, 1.68172775e+02,
    3.84019745e+02, 1.21221268e+02, 3.85561890e+02, 1.30689606e+02,
    3.86828918e+02, 1.40169128e+02, 3.88300201e+02, 1.49502151e+02,
    3.89605286e+02, 1.58555756e+02, 3.90936310e+02, 1.67441467e+02,
    3.76443939e+02, 1.21509842e+02, 3.77860565e+02, 1.30807205e+02,
    3.79338135e+02, 1.40083160e+02, 3.80737762e+02, 1.49138504e+02,
    3.82111176e+02, 1.57983612e+02, 3.83462006e+02, 1.66711441e+02,
    3.69041504e+02, 1.21785194e+02, 3.70222198e+02, 1.30848663e+02,
    3.71832245e+02, 1.40002335e+02, 3.70605225e+02, 1.48700790e+02,
    3.72237610e+02, 1.57474289e+02, 3.73290649e+02, 1.65840240e+02,
    3.62353394e+02, 1.22137192e+02, 3.63513885e+02, 1.31030090e+02,
    3.69113861e+02, 1.40040466e+02, 3.65837311e+02, 1.48509171e+02,
    3.72237518e+02, 1.57474274e+02, 3.68846924e+02, 1.65361862e+02 ]
