%YAML:1.0
---
points: [ 3.79844788e+02, 1.27026314e+02, 3.88175323e+02, 1.26466576e+02,
    3.96607819e+02, 1.25738060e+02, 4.05040009e+02, 1.25189606e+02,
    4.13450134e+02, 1.24663643e+02, 4.21858063e+02, 1.23899742e+02,
    3.80770630e+02, 1.33844162e+02, 3.89239929e+02, 1.33383530e+02,
    3.97741211e+02, 1.32645096e+02, 4.06199249e+02, 1.32109604e+02,
    4.14772095e+02, 1.31563843e+02, 4.23279510e+02, 1.30959900e+02,
    3.81771637e+02, 1.40976562e+02, 3.90313446e+02, 1.40424194e+02,
    3.98856537e+02, 1.39756561e+02, 4.07459717e+02, 1.39234589e+02,
    4.16071228e+02, 1.38669968e+02, 4.24660980e+02, 1.38038055e+02,
    3.82820129e+02, 1.48246979e+02, 3.91418854e+02, 1.47676346e+02,
    4.00035706e+02, 1.47013580e+02, 4.08713043e+02, 1.46548447e+02,
    4.17454926e+02, 1.45883972e+02, 4.26033325e+02, 1.45479828e+02,
    3.83810638e+02, 1.55533691e+02, 3.92560974e+02, 1.54878647e+02,
    4.01253723e+02, 1.54435455e+02, 4.09969330e+02, 1.53781113e+02,
    4.18760101e+02, 1.53311661e+02, 4.27458618e+02, 1.52705078e+02,
    3.84896118e+02, 1.62861389e+02, 3.93655396e+02, 1.62465775e+02,
    4.02430298e+02, 1.61747635e+02, 4.11273468e+02, 1.61279968e+02,
    4.20030396e+02, 1.60698486e+02, 4.28947479e+02, 1.60146149e+02,
    3.85897430e+02, 1.70495911e+02, 3.94813660e+02, 1.69846191e+02,
    4.03678192e+02, 1.69432053e+02, 4.12568024e+02, 1.68811050e+02,
    4.21459930e+02, 1.68414825e+02, 4.30415497e+02, 1.67818222e+02,
    3.87028046e+02, 1.78137360e+02, 3.95937195e+02, 1.77698746e+02,
    4.04895874e+02, 1.77076187e+02, 4.13855286e+02, 1.76606155e+02,
    4.22870361e+02, 1.75963409e+02, 4.31892029e+02, 1.75573334e+02 ]
