%YAML:1.0
---
points: [ 4.35082794e+02, 1.09031059e+02, 4.39252167e+02, 1.19295341e+02,
    4.43418457e+02, 1.29814224e+02, 4.47914398e+02, 1.41008881e+02,
    4.52395721e+02, 1.52209457e+02, 4.57179779e+02, 1.64239822e+02,
    4.21069366e+02, 1.13992363e+02, 4.24959778e+02, 1.24043770e+02,
    4.28956238e+02, 1.34635864e+02, 4.33018707e+02, 1.45594238e+02,
    4.37298981e+02, 1.57002716e+02, 4.41611908e+02, 1.68699341e+02,
    4.07443817e+02, 1.18671959e+02, 4.11003082e+02, 1.28836899e+02,
    4.14721619e+02, 1.39341339e+02, 4.18478027e+02, 1.50253082e+02,
    4.22408752e+02, 1.61473877e+02, 4.26472534e+02, 1.73169662e+02,
    3.94076324e+02, 1.23360306e+02, 3.97366760e+02, 1.33512024e+02,
    4.00677338e+02, 1.44045868e+02, 4.04069275e+02, 1.54837982e+02,
    4.07763855e+02, 1.66045105e+02, 4.11508545e+02, 1.77605591e+02,
    3.80893372e+02, 1.28104553e+02, 3.83894592e+02, 1.38141632e+02,
    3.86975647e+02, 1.48578064e+02, 3.90114960e+02, 1.59300430e+02,
    3.93480133e+02, 1.70399689e+02, 3.96849304e+02, 1.82035309e+02,
    3.67972473e+02, 1.32693420e+02, 3.70789337e+02, 1.42715927e+02,
    3.73575073e+02, 1.53013168e+02, 3.76483124e+02, 1.63743301e+02,
    3.79509613e+02, 1.74771988e+02, 3.82686462e+02, 1.86178711e+02,
    3.55518372e+02, 1.37221725e+02, 3.57868958e+02, 1.47120117e+02,
    3.60442688e+02, 1.57392303e+02, 3.63092041e+02, 1.68033829e+02,
    3.65836060e+02, 1.79038147e+02, 3.68661438e+02, 1.90259186e+02,
    3.43220398e+02, 1.41637589e+02, 3.45529053e+02, 1.51515411e+02,
    3.47834259e+02, 1.61677811e+02, 3.50283051e+02, 1.72188156e+02,
    3.52707886e+02, 1.83019485e+02, 3.55340851e+02, 1.94260452e+02 ]
