%YAML:1.0
---
points: [ 7.78507080e+02, 4.91783264e+02, 8.04221680e+02, 4.92506317e+02,
    8.31412537e+02, 4.93212769e+02, 8.59846375e+02, 4.93976685e+02,
    8.89925781e+02, 4.94794312e+02, 9.21746338e+02, 4.95639038e+02,
    7.76795532e+02, 5.31154358e+02, 8.02577881e+02, 5.32913269e+02,
    8.29637390e+02, 5.34585876e+02, 8.58288818e+02, 5.36526611e+02,
    8.88243958e+02, 5.38531433e+02, 9.19783081e+02, 5.40570557e+02,
    7.75461121e+02, 5.70933777e+02, 8.01124023e+02, 5.73592407e+02,
    8.28236694e+02, 5.76363708e+02, 8.56331116e+02, 5.79448120e+02,
    8.86426392e+02, 5.82433228e+02, 9.17796204e+02, 5.85795166e+02,
    7.73909912e+02, 6.10378235e+02, 7.99489319e+02, 6.13958801e+02,
    8.26557373e+02, 6.17841858e+02, 8.54733154e+02, 6.21797180e+02,
    8.84668701e+02, 6.26068787e+02, 9.16253540e+02, 6.30565796e+02,
    7.72100342e+02, 6.49740051e+02, 7.97775024e+02, 6.54421265e+02,
    8.24615784e+02, 6.59343201e+02, 8.53140625e+02, 6.64548035e+02,
    8.82907532e+02, 6.69765015e+02, 9.14376831e+02, 6.75551147e+02,
    7.70685425e+02, 6.89265625e+02, 7.96273804e+02, 6.94803711e+02,
    8.23058105e+02, 7.00774292e+02, 8.51405029e+02, 7.06991760e+02,
    8.81156372e+02, 7.13452576e+02, 9.12448853e+02, 7.20440247e+02,
    7.69141418e+02, 7.28722412e+02, 7.94692505e+02, 7.35150696e+02,
    8.21479309e+02, 7.42271973e+02, 8.49664368e+02, 7.49493958e+02,
    8.79508728e+02, 7.57329712e+02, 9.10799438e+02, 7.65490356e+02,
    7.67524902e+02, 7.68341187e+02, 7.92951538e+02, 7.75757690e+02,
    8.19680298e+02, 7.83680237e+02, 8.48028748e+02, 7.92222900e+02,
    8.77625610e+02, 8.01197693e+02, 9.08870789e+02, 8.10543030e+02 ]
