%YAML:1.0
---
points: [ 1.42235620e+03, 2.24477249e+02, 1.43357776e+03, 2.54896133e+02,
    1.44492346e+03, 2.86517120e+02, 1.45701440e+03, 3.18971161e+02,
    1.46948767e+03, 3.52991272e+02, 1.48247058e+03, 3.87873932e+02,
    1.38050476e+03, 2.39680786e+02, 1.39061670e+03, 2.69884705e+02,
    1.40146484e+03, 3.01422211e+02, 1.41224683e+03, 3.33632324e+02,
    1.42376624e+03, 3.67282074e+02, 1.43562781e+03, 4.02154694e+02,
    1.33967493e+03, 2.54514496e+02, 1.34936047e+03, 2.84606110e+02,
    1.35884888e+03, 3.15754852e+02, 1.36897083e+03, 3.47791382e+02,
    1.37947937e+03, 3.81326538e+02, 1.39036731e+03, 4.15646027e+02,
    1.30043030e+03, 2.69139282e+02, 1.30876392e+03, 2.99166199e+02,
    1.31766504e+03, 3.29735199e+02, 1.32689026e+03, 3.61675995e+02,
    1.33641553e+03, 3.94740173e+02, 1.34632654e+03, 4.28868652e+02,
    1.26174988e+03, 2.83350403e+02, 1.26962329e+03, 3.12750793e+02,
    1.27767126e+03, 3.43598236e+02, 1.28615991e+03, 3.75331360e+02,
    1.29478406e+03, 4.07839111e+02, 1.30379712e+03, 4.41730927e+02,
    1.22460339e+03, 2.96853333e+02, 1.23170020e+03, 3.26390869e+02,
    1.23885437e+03, 3.56712708e+02, 1.24653796e+03, 3.88307129e+02,
    1.25446948e+03, 4.20616913e+02, 1.26264685e+03, 4.54223450e+02,
    1.18827649e+03, 3.10397247e+02, 1.19462891e+03, 3.39540741e+02,
    1.20122473e+03, 3.69652893e+02, 1.20810168e+03, 4.01021973e+02,
    1.21515125e+03, 4.33103882e+02, 1.22249683e+03, 4.66351929e+02,
    1.15327124e+03, 3.23287018e+02, 1.15891187e+03, 3.52379578e+02,
    1.16483972e+03, 3.82318542e+02, 1.17081116e+03, 4.13259796e+02,
    1.17741626e+03, 4.44966949e+02, 1.18417188e+03, 4.77993561e+02 ]
