%YAML:1.0
---
points: [ 1.17544299e+03, 3.48486389e+02, 1.20000720e+03, 3.16637085e+02,
    1.22572192e+03, 2.83305878e+02, 1.25274329e+03, 2.48296844e+02,
    1.28093567e+03, 2.11685822e+02, 1.31051245e+03, 1.73354523e+02,
    1.20551428e+03, 3.74139862e+02, 1.23094556e+03, 3.42432129e+02,
    1.25771167e+03, 3.09434479e+02, 1.28558508e+03, 2.74695282e+02,
    1.31493347e+03, 2.38417221e+02, 1.34556787e+03, 2.00451370e+02,
    1.23642432e+03, 4.00223907e+02, 1.26282410e+03, 3.68851990e+02,
    1.29052185e+03, 3.36141541e+02, 1.31951221e+03, 3.01851837e+02,
    1.34983313e+03, 2.65832764e+02, 1.38158240e+03, 2.28245209e+02,
    1.26775391e+03, 4.26513672e+02, 1.29515759e+03, 3.95578766e+02,
    1.32384155e+03, 3.63093628e+02, 1.35376453e+03, 3.29243591e+02,
    1.38521313e+03, 2.93592987e+02, 1.41814111e+03, 2.56343353e+02,
    1.29973730e+03, 4.53448914e+02, 1.32817908e+03, 4.22698486e+02,
    1.35771204e+03, 3.90685242e+02, 1.38880750e+03, 3.57164948e+02,
    1.42137683e+03, 3.21851257e+02, 1.45539661e+03, 2.84904968e+02,
    1.33249792e+03, 4.80640930e+02, 1.36170544e+03, 4.50520203e+02,
    1.39250977e+03, 4.18690582e+02, 1.42459399e+03, 3.85553040e+02,
    1.45827344e+03, 3.50703827e+02, 1.49337268e+03, 3.14191376e+02,
    1.36580371e+03, 5.08603577e+02, 1.39614636e+03, 4.78631470e+02,
    1.42769946e+03, 4.47335632e+02, 1.46097876e+03, 4.14436157e+02,
    1.49566370e+03, 3.80080963e+02, 1.53205981e+03, 3.43830536e+02,
    1.39978894e+03, 5.37050720e+02, 1.43105627e+03, 5.07431427e+02,
    1.46385437e+03, 4.76503021e+02, 1.49810535e+03, 4.44091034e+02,
    1.53404053e+03, 4.09893097e+02, 1.57148267e+03, 3.74289215e+02 ]
