%YAML:1.0
---
points: [ 3.81629700e+02, 2.00301514e+02, 3.89100708e+02, 2.00074066e+02,
    3.96598907e+02, 1.99802795e+02, 4.04287506e+02, 1.99691299e+02,
    4.12217194e+02, 1.99788986e+02, 4.19810974e+02, 1.99633942e+02,
    3.81743042e+02, 2.07260559e+02, 3.89164581e+02, 2.06895676e+02,
    3.96667419e+02, 2.06896042e+02, 4.04296875e+02, 2.06883423e+02,
    4.11780365e+02, 2.06705841e+02, 4.19755005e+02, 2.06865829e+02,
    3.81824677e+02, 2.14037201e+02, 3.89247314e+02, 2.14014618e+02,
    3.96808746e+02, 2.14041016e+02, 4.04328949e+02, 2.13755417e+02,
    4.11993469e+02, 2.13901703e+02, 4.20027618e+02, 2.13625565e+02,
    3.81787262e+02, 2.20908936e+02, 3.89262756e+02, 2.20939575e+02,
    3.96681549e+02, 2.21140366e+02, 4.04370270e+02, 2.21084229e+02,
    4.12092285e+02, 2.21299866e+02, 4.19937561e+02, 2.21066055e+02,
    3.81918884e+02, 2.27785767e+02, 3.89368896e+02, 2.27972168e+02,
    3.96844940e+02, 2.27894180e+02, 4.04430817e+02, 2.28074661e+02,
    4.12194519e+02, 2.28214554e+02, 4.19872681e+02, 2.28245499e+02,
    3.82069153e+02, 2.34788727e+02, 3.89389587e+02, 2.34911697e+02,
    3.96804596e+02, 2.35171127e+02, 4.04534576e+02, 2.35361679e+02,
    4.12203308e+02, 2.35486145e+02, 4.20090027e+02, 2.35568161e+02,
    3.82084778e+02, 2.41759583e+02, 3.89353027e+02, 2.41839462e+02,
    3.97009491e+02, 2.42081528e+02, 4.04554352e+02, 2.42319733e+02,
    4.12308472e+02, 2.42613541e+02, 4.20052734e+02, 2.42680450e+02,
    3.82217743e+02, 2.48792557e+02, 3.89435272e+02, 2.48785797e+02,
    3.96947540e+02, 2.49184570e+02, 4.04668274e+02, 2.49551453e+02,
    4.12238647e+02, 2.49744217e+02, 4.20146332e+02, 2.49883301e+02 ]
