%YAML:1.0
---
points: [ 3.52631653e+02, 1.50169922e+02, 3.61423889e+02, 1.39363586e+02,
    3.70578674e+02, 1.28011887e+02, 3.80059753e+02, 1.16354759e+02,
    3.89971039e+02, 1.04098656e+02, 4.00090942e+02, 9.13691101e+01,
    3.63155029e+02, 1.58869034e+02, 3.72169159e+02, 1.48146332e+02,
    3.81653900e+02, 1.36951050e+02, 3.91415894e+02, 1.25297539e+02,
    4.01545776e+02, 1.13228256e+02, 4.12185608e+02, 1.00638855e+02,
    3.73744537e+02, 1.67710114e+02, 3.83160461e+02, 1.57189713e+02,
    3.92895050e+02, 1.46037460e+02, 4.02934296e+02, 1.34609314e+02,
    4.13493561e+02, 1.22589615e+02, 4.24299377e+02, 1.10127007e+02,
    3.84586090e+02, 1.76801834e+02, 3.94282593e+02, 1.66268570e+02,
    4.04257904e+02, 1.55291397e+02, 4.14729370e+02, 1.43937180e+02,
    4.25585571e+02, 1.32035370e+02, 4.36728394e+02, 1.19699142e+02,
    3.95654236e+02, 1.85936188e+02, 4.05537201e+02, 1.75550888e+02,
    4.15931915e+02, 1.64764709e+02, 4.26698090e+02, 1.53429153e+02,
    4.37744598e+02, 1.41648392e+02, 4.49096619e+02, 1.29534668e+02,
    4.06776886e+02, 1.95240417e+02, 4.17110809e+02, 1.84945221e+02,
    4.27747131e+02, 1.74286514e+02, 4.38766907e+02, 1.63120987e+02,
    4.50062195e+02, 1.51565430e+02, 4.61767700e+02, 1.39436340e+02,
    4.18242493e+02, 2.04693832e+02, 4.28706787e+02, 1.94592346e+02,
    4.39665985e+02, 1.84035629e+02, 4.50837433e+02, 1.72970352e+02,
    4.62552887e+02, 1.61529388e+02, 4.74365326e+02, 1.49708725e+02,
    4.29688751e+02, 2.14401215e+02, 4.40491791e+02, 2.04323563e+02,
    4.51607574e+02, 1.93964111e+02, 4.63279633e+02, 1.83085922e+02,
    4.74929291e+02, 1.71787506e+02, 4.87307404e+02, 1.59982864e+02 ]
