%YAML:1.0
---
points: [ 7.50572083e+02, 5.14490967e+02, 7.79334167e+02, 5.14532043e+02,
    8.09604248e+02, 5.14487610e+02, 8.41846069e+02, 5.14500916e+02,
    8.75808533e+02, 5.14429138e+02, 9.12088989e+02, 5.14419556e+02,
    7.49294067e+02, 5.59251709e+02, 7.78066895e+02, 5.60430542e+02,
    8.08261902e+02, 5.61598022e+02, 8.40403687e+02, 5.63192322e+02,
    8.74600647e+02, 5.64644348e+02, 9.10657349e+02, 5.66243469e+02,
    7.48199158e+02, 6.04206055e+02, 7.76675171e+02, 6.06744446e+02,
    8.07000732e+02, 6.09341003e+02, 8.38790649e+02, 6.12246277e+02,
    8.73012878e+02, 6.15159424e+02, 9.08947876e+02, 6.18477539e+02,
    7.46786499e+02, 6.49103455e+02, 7.75410156e+02, 6.52765259e+02,
    8.05737732e+02, 6.56648743e+02, 8.37725525e+02, 6.60958984e+02,
    8.71674194e+02, 6.65554749e+02, 9.07652222e+02, 6.70392273e+02,
    7.45259460e+02, 6.93992798e+02, 7.74200562e+02, 6.98876831e+02,
    8.04195496e+02, 7.04408264e+02, 8.36280701e+02, 7.10019165e+02,
    8.70448669e+02, 7.16224121e+02, 9.06425232e+02, 7.22647034e+02,
    7.44117981e+02, 7.39229065e+02, 7.72495667e+02, 7.45369202e+02,
    8.02737915e+02, 7.52104492e+02, 8.34819336e+02, 7.59445068e+02,
    8.69017212e+02, 7.66753296e+02, 9.05020569e+02, 7.75204956e+02,
    7.42625916e+02, 7.84478821e+02, 7.71273071e+02, 7.91854065e+02,
    8.01393982e+02, 8.00192200e+02, 8.33548523e+02, 8.08544556e+02,
    8.67528076e+02, 8.17844421e+02, 9.03702515e+02, 8.27728394e+02,
    7.41302612e+02, 8.29901123e+02, 7.69678833e+02, 8.38786438e+02,
    8.00189270e+02, 8.48506348e+02, 8.32223999e+02, 8.58519714e+02,
    8.66206177e+02, 8.69306580e+02, 9.02363831e+02, 8.80756287e+02 ]
