%YAML:1.0
---
points: [ 3.52598083e+02, 1.50427139e+02, 3.61378754e+02, 1.39645981e+02,
    3.70562622e+02, 1.28394287e+02, 3.80105713e+02, 1.16783173e+02,
    3.90018219e+02, 1.04526840e+02, 4.00254395e+02, 9.18802643e+01,
    3.62949097e+02, 1.59119934e+02, 3.72028503e+02, 1.48527359e+02,
    3.81560699e+02, 1.37379715e+02, 3.91375519e+02, 1.25791298e+02,
    4.01616791e+02, 1.13752632e+02, 4.12183014e+02, 1.01199890e+02,
    3.73608429e+02, 1.68041229e+02, 3.82964752e+02, 1.57641602e+02,
    3.92820343e+02, 1.46546066e+02, 4.02916077e+02, 1.35144180e+02,
    4.13499603e+02, 1.23126442e+02, 4.24351471e+02, 1.10783791e+02,
    3.84415802e+02, 1.77139175e+02, 3.94123016e+02, 1.66714935e+02,
    4.04133362e+02, 1.55878479e+02, 4.14657501e+02, 1.44492615e+02,
    4.25529480e+02, 1.32708786e+02, 4.36713806e+02, 1.20388901e+02,
    3.95346680e+02, 1.86339233e+02, 4.05309235e+02, 1.76066208e+02,
    4.15744476e+02, 1.65356827e+02, 4.26486511e+02, 1.54133545e+02,
    4.37661530e+02, 1.42448837e+02, 4.49049805e+02, 1.30376984e+02,
    4.06498383e+02, 1.95751251e+02, 4.16792755e+02, 1.85499023e+02,
    4.27447479e+02, 1.75009430e+02, 4.38514008e+02, 1.63925568e+02,
    4.49876495e+02, 1.52371658e+02, 4.61752747e+02, 1.40414505e+02,
    4.17815338e+02, 2.05259171e+02, 4.28313049e+02, 1.95212112e+02,
    4.39336578e+02, 1.84743713e+02, 4.50604919e+02, 1.73841751e+02,
    4.62330414e+02, 1.62420105e+02, 4.74204010e+02, 1.50700470e+02,
    4.29196259e+02, 2.15027725e+02, 4.40069305e+02, 2.05068558e+02,
    4.51239471e+02, 1.94802322e+02, 4.62911011e+02, 1.83966171e+02,
    4.74737885e+02, 1.72780029e+02, 4.87153381e+02, 1.61079834e+02 ]
