%YAML:1.0
---
points: [ 7.78417297e+02, 6.29789124e+02, 8.05667725e+02, 6.24136230e+02,
    8.34197815e+02, 6.18217346e+02, 8.64484680e+02, 6.11768921e+02,
    8.96223877e+02, 6.05036194e+02, 9.29514771e+02, 5.97970459e+02,
    7.72525391e+02, 6.70150757e+02, 8.00333557e+02, 6.65265259e+02,
    8.29065125e+02, 6.60130493e+02, 8.59543884e+02, 6.54687317e+02,
    8.91720581e+02, 6.49201843e+02, 9.25670105e+02, 6.43290894e+02,
    7.66580383e+02, 7.11853210e+02, 7.94534912e+02, 7.07798157e+02,
    8.23778442e+02, 7.03625732e+02, 8.54466370e+02, 6.99385010e+02,
    8.87093567e+02, 6.94891113e+02, 9.21499268e+02, 6.90302246e+02,
    7.60514404e+02, 7.54546448e+02, 7.88645386e+02, 7.51549683e+02,
    8.18371399e+02, 7.48709839e+02, 8.49612122e+02, 7.45392883e+02,
    8.82455261e+02, 7.42217896e+02, 9.17333618e+02, 7.38657898e+02,
    7.54138916e+02, 7.98633972e+02, 7.82596436e+02, 7.97024536e+02,
    8.12474731e+02, 7.95205994e+02, 8.44236023e+02, 7.93211365e+02,
    8.77638245e+02, 7.91293396e+02, 9.12809265e+02, 7.89112183e+02,
    7.47708679e+02, 8.44577393e+02, 7.76323425e+02, 8.43892578e+02,
    8.06654175e+02, 8.43346069e+02, 8.38712280e+02, 8.42743042e+02,
    8.72642090e+02, 8.42194824e+02, 9.08329468e+02, 8.41508911e+02,
    7.40777710e+02, 8.91794006e+02, 7.70046936e+02, 8.92494812e+02,
    8.00657593e+02, 8.93186096e+02, 8.33159790e+02, 8.94070740e+02,
    8.67423828e+02, 8.95092346e+02, 9.03727112e+02, 8.96003784e+02,
    7.33796509e+02, 9.40795837e+02, 7.63439819e+02, 9.42933533e+02,
    7.94468506e+02, 9.45061035e+02, 8.27366333e+02, 9.47516357e+02,
    8.62101929e+02, 9.50028687e+02, 8.99055359e+02, 9.52799683e+02 ]
