%YAML:1.0
---
points: [ 1.17511743e+03, 3.49308228e+02, 1.19965125e+03, 3.17624634e+02,
    1.22548682e+03, 2.84488403e+02, 1.25254944e+03, 2.49701370e+02,
    1.28082019e+03, 2.13328873e+02, 1.31050488e+03, 1.75144531e+02,
    1.20501697e+03, 3.75017822e+02, 1.23052502e+03, 3.43619629e+02,
    1.25735364e+03, 3.10788757e+02, 1.28533765e+03, 2.76441711e+02,
    1.31471399e+03, 2.40353745e+02, 1.34550916e+03, 2.02533432e+02,
    1.23578577e+03, 4.01305847e+02, 1.26228833e+03, 3.70301727e+02,
    1.28995520e+03, 3.37765198e+02, 1.31904736e+03, 3.03780945e+02,
    1.34956848e+03, 2.68045105e+02, 1.38140552e+03, 2.30612427e+02,
    1.26708887e+03, 4.27772491e+02, 1.29435767e+03, 3.97239960e+02,
    1.32327661e+03, 3.64930145e+02, 1.35330701e+03, 3.31362671e+02,
    1.38475488e+03, 2.95956482e+02, 1.41773132e+03, 2.59008484e+02,
    1.29883923e+03, 4.54796844e+02, 1.32739148e+03, 4.24579895e+02,
    1.35697998e+03, 3.92846222e+02, 1.38817358e+03, 3.59486267e+02,
    1.42078931e+03, 3.24547089e+02, 1.45494702e+03, 2.87929016e+02,
    1.33143311e+03, 4.82357605e+02, 1.36070386e+03, 4.52433350e+02,
    1.39153235e+03, 4.21052979e+02, 1.42379980e+03, 3.88229248e+02,
    1.45747742e+03, 3.53584686e+02, 1.49283545e+03, 3.17434265e+02,
    1.36450903e+03, 5.10359314e+02, 1.39485693e+03, 4.80700714e+02,
    1.42658862e+03, 4.49766479e+02, 1.45996985e+03, 4.17275024e+02,
    1.49485156e+03, 3.83295959e+02, 1.53135461e+03, 3.47435333e+02,
    1.39839978e+03, 5.38845764e+02, 1.42976562e+03, 5.09669434e+02,
    1.46258911e+03, 4.79235535e+02, 1.49690942e+03, 4.47093414e+02,
    1.53305896e+03, 4.13403381e+02, 1.57070667e+03, 3.78158936e+02 ]
