%YAML:1.0
---
points: [ 3.82410339e+02, 1.78135956e+02, 3.90580719e+02, 1.77552856e+02,
    3.98998932e+02, 1.76952591e+02, 4.07311340e+02, 1.76389206e+02,
    4.15488068e+02, 1.75713135e+02, 4.23886536e+02, 1.75129242e+02,
    3.82726318e+02, 1.86253342e+02, 3.91086639e+02, 1.85684555e+02,
    3.99343811e+02, 1.85006042e+02, 4.07627502e+02, 1.84543930e+02,
    4.16087616e+02, 1.83854645e+02, 4.24358734e+02, 1.83488495e+02,
    3.83172943e+02, 1.94443588e+02, 3.91419861e+02, 1.93728165e+02,
    3.99733673e+02, 1.93214218e+02, 4.08144104e+02, 1.92660583e+02,
    4.16395203e+02, 1.92103760e+02, 4.24673492e+02, 1.91620728e+02,
    3.83486084e+02, 2.02461975e+02, 3.91865509e+02, 2.01863113e+02,
    4.00260803e+02, 2.01353546e+02, 4.08469727e+02, 2.00810501e+02,
    4.16755005e+02, 2.00240540e+02, 4.25051758e+02, 1.99664139e+02,
    3.84039185e+02, 2.10517212e+02, 3.92202698e+02, 2.09864731e+02,
    4.00512146e+02, 2.09479630e+02, 4.08865692e+02, 2.08848282e+02,
    4.17177399e+02, 2.08382095e+02, 4.25405212e+02, 2.07770218e+02,
    3.84349274e+02, 2.18581268e+02, 3.92638580e+02, 2.18036789e+02,
    4.01016083e+02, 2.17575638e+02, 4.09196838e+02, 2.16972626e+02,
    4.17587646e+02, 2.16472275e+02, 4.25861176e+02, 2.15884705e+02,
    3.84851074e+02, 2.26605194e+02, 3.93141846e+02, 2.26050003e+02,
    4.01315369e+02, 2.25613144e+02, 4.09638336e+02, 2.24923492e+02,
    4.18029388e+02, 2.24545731e+02, 4.26180176e+02, 2.23916382e+02,
    3.85221527e+02, 2.34635986e+02, 3.93494324e+02, 2.34135803e+02,
    4.01725861e+02, 2.33622482e+02, 4.10134125e+02, 2.33100540e+02,
    4.18339355e+02, 2.32672638e+02, 4.26575714e+02, 2.32060089e+02 ]
