%YAML:1.0
---
points: [ 1.83463943e+02, 1.09760559e+02, 1.82390945e+02, 9.62666779e+01,
    1.81102493e+02, 8.21998062e+01, 1.79873398e+02, 6.77197723e+01,
    1.78714111e+02, 5.22770844e+01, 1.77359055e+02, 3.64238548e+01,
    1.96896942e+02, 1.10482796e+02, 1.96052963e+02, 9.71190414e+01,
    1.95216019e+02, 8.30355759e+01, 1.94362488e+02, 6.84451294e+01,
    1.93491562e+02, 5.30727997e+01, 1.92659439e+02, 3.70017967e+01,
    2.10443680e+02, 1.11361389e+02, 2.09932159e+02, 9.79653015e+01,
    2.09432251e+02, 8.38087616e+01, 2.08790344e+02, 6.92408752e+01,
    2.08291855e+02, 5.37866364e+01, 2.07628860e+02, 3.77154312e+01,
    2.23889420e+02, 1.12205437e+02, 2.23684555e+02, 9.87152405e+01,
    2.23613571e+02, 8.46214676e+01, 2.23351120e+02, 6.99021835e+01,
    2.22998169e+02, 5.46161079e+01, 2.22857651e+02, 3.85030823e+01,
    2.37428040e+02, 1.12971375e+02, 2.37600723e+02, 9.94238129e+01,
    2.37670395e+02, 8.54956436e+01, 2.37709274e+02, 7.07544632e+01,
    2.37951889e+02, 5.53083954e+01, 2.38028091e+02, 3.93380585e+01,
    2.50896301e+02, 1.13553360e+02, 2.51337662e+02, 1.00247383e+02,
    2.51793198e+02, 8.61559372e+01, 2.52268112e+02, 7.15495911e+01,
    2.52752548e+02, 5.60997925e+01, 2.53396347e+02, 4.01281357e+01,
    2.64304596e+02, 1.14369019e+02, 2.65085571e+02, 1.01067322e+02,
    2.65804779e+02, 8.70117798e+01, 2.66673676e+02, 7.21986847e+01,
    2.67676361e+02, 5.69477310e+01, 2.68488373e+02, 4.09441833e+01,
    2.77837830e+02, 1.15191330e+02, 2.78922424e+02, 1.01641624e+02,
    2.80117798e+02, 8.76151276e+01, 2.81231354e+02, 7.31164627e+01,
    2.82509186e+02, 5.76595039e+01, 2.83831940e+02, 4.15996819e+01 ]
