%YAML:1.0
---
points: [ 6.77260193e+02, 2.28281174e+02, 6.72426270e+02, 1.88335251e+02,
    6.67231445e+02, 1.46386856e+02, 6.61940918e+02, 1.02623764e+02,
    6.56337402e+02, 5.65698547e+01, 6.50436462e+02, 8.30795383e+00,
    7.17165344e+02, 2.30589081e+02, 7.13094849e+02, 1.90903854e+02,
    7.08994690e+02, 1.49150238e+02, 7.04695312e+02, 1.05317856e+02,
    7.00337036e+02, 5.93329086e+01, 6.95502502e+02, 1.08802671e+01,
    7.57269775e+02, 2.33202164e+02, 7.54279053e+02, 1.93374374e+02,
    7.50980164e+02, 1.51514954e+02, 7.47751587e+02, 1.07830856e+02,
    7.44297607e+02, 6.17752686e+01, 7.40619629e+02, 1.35368738e+01,
    7.96986023e+02, 2.35511368e+02, 7.94984009e+02, 1.95943619e+02,
    7.92678772e+02, 1.54212494e+02, 7.90511536e+02, 1.10350464e+02,
    7.88112732e+02, 6.44707718e+01, 7.85603271e+02, 1.61567688e+01,
    8.36710083e+02, 2.38056229e+02, 8.35671753e+02, 1.98234283e+02,
    8.34487000e+02, 1.56538086e+02, 8.33240601e+02, 1.12861946e+02,
    8.32095581e+02, 6.68143005e+01, 8.30636353e+02, 1.85949059e+01,
    8.76435974e+02, 2.40078613e+02, 8.76347229e+02, 2.00665070e+02,
    8.76231628e+02, 1.59141937e+02, 8.76005798e+02, 1.15319504e+02,
    8.75811951e+02, 6.94632721e+01, 8.75614380e+02, 2.11892490e+01,
    9.16177246e+02, 2.42417038e+02, 9.16912415e+02, 2.02791077e+02,
    9.17692932e+02, 1.61346542e+02, 9.18580566e+02, 1.17666336e+02,
    9.19560242e+02, 7.17012558e+01, 9.20579956e+02, 2.35362473e+01,
    9.55756531e+02, 2.44569382e+02, 9.57573364e+02, 2.04997177e+02,
    9.59466125e+02, 1.63606186e+02, 9.61383240e+02, 1.19887787e+02,
    9.63560059e+02, 7.42029037e+01, 9.65579102e+02, 2.58667793e+01 ]
