%YAML:1.0
---
points: [ 3.61232300e+02, 1.85397964e+02, 3.68153442e+02, 1.84608551e+02,
    3.75281769e+02, 1.83607864e+02, 3.82232605e+02, 1.82885193e+02,
    3.89268066e+02, 1.81860229e+02, 3.96327789e+02, 1.81002609e+02,
    3.61957214e+02, 1.92257690e+02, 3.68816803e+02, 1.91277924e+02,
    3.76027740e+02, 1.90332932e+02, 3.82963165e+02, 1.89411118e+02,
    3.90114258e+02, 1.88626389e+02, 3.97176361e+02, 1.87821198e+02,
    3.62729156e+02, 1.99055771e+02, 3.69725555e+02, 1.98199158e+02,
    3.76794342e+02, 1.97240891e+02, 3.83841431e+02, 1.96356216e+02,
    3.90903198e+02, 1.95479111e+02, 3.97992065e+02, 1.94706680e+02,
    3.63401947e+02, 2.05700104e+02, 3.70492859e+02, 2.04933945e+02,
    3.77507446e+02, 2.04027939e+02, 3.84554932e+02, 2.03266846e+02,
    3.91613129e+02, 2.02319275e+02, 3.98798431e+02, 2.01367874e+02,
    3.64412628e+02, 2.12469437e+02, 3.71188934e+02, 2.11672089e+02,
    3.78335358e+02, 2.10985077e+02, 3.85315613e+02, 2.10041229e+02,
    3.92391846e+02, 2.09176971e+02, 3.99490356e+02, 2.08489639e+02,
    3.65137482e+02, 2.19276688e+02, 3.72171539e+02, 2.18415298e+02,
    3.79111298e+02, 2.17591431e+02, 3.86194733e+02, 2.16909073e+02,
    3.93300079e+02, 2.16097153e+02, 4.00345367e+02, 2.15192474e+02,
    3.65946564e+02, 2.26203110e+02, 3.72930206e+02, 2.25257370e+02,
    3.80008209e+02, 2.24419067e+02, 3.87010956e+02, 2.23617630e+02,
    3.93925934e+02, 2.22788589e+02, 4.01154297e+02, 2.21825089e+02,
    3.66714783e+02, 2.32725906e+02, 3.73657684e+02, 2.32087280e+02,
    3.80733826e+02, 2.31267960e+02, 3.87825500e+02, 2.30458984e+02,
    3.94906250e+02, 2.29597702e+02, 4.01865479e+02, 2.28822647e+02 ]
