%YAML:1.0
---
points: [ 9.29267456e+02, 5.13906067e+02, 9.49729675e+02, 5.47500244e+02,
    9.71413147e+02, 5.82314148e+02, 9.93859131e+02, 6.18743408e+02,
    1.01763379e+03, 6.57097717e+02, 1.04249219e+03, 6.97253235e+02,
    9.01465759e+02, 5.43600037e+02, 9.21252197e+02, 5.77145447e+02,
    9.41742920e+02, 6.12125122e+02, 9.63337708e+02, 6.48646423e+02,
    9.85837036e+02, 6.87031433e+02, 1.00952100e+03, 7.27149170e+02,
    8.74489319e+02, 5.72825378e+02, 8.93381531e+02, 6.06251831e+02,
    9.13009949e+02, 6.41322205e+02, 9.33385498e+02, 6.77714966e+02,
    9.54906494e+02, 7.16194885e+02, 9.77291199e+02, 7.56335999e+02,
    8.48455627e+02, 6.00615356e+02, 8.66470459e+02, 6.34191833e+02,
    8.85312073e+02, 6.69288147e+02, 9.04857361e+02, 7.05821167e+02,
    9.25400940e+02, 7.44167786e+02, 9.46694519e+02, 7.84295654e+02,
    8.23117310e+02, 6.27709473e+02, 8.40420898e+02, 6.61325195e+02,
    8.58277771e+02, 6.96490845e+02, 8.77063110e+02, 7.33143372e+02,
    8.96665466e+02, 7.71376160e+02, 9.16873291e+02, 8.11522400e+02,
    7.98642578e+02, 6.53987488e+02, 8.15197144e+02, 6.87694275e+02,
    8.32221069e+02, 7.22910583e+02, 8.50191772e+02, 7.59386658e+02,
    8.68657593e+02, 7.97798706e+02, 8.88215454e+02, 8.37755981e+02,
    7.74732361e+02, 6.79591675e+02, 7.90556519e+02, 7.13354614e+02,
    8.06928406e+02, 7.48431519e+02, 8.24289368e+02, 7.85042236e+02,
    8.41937927e+02, 8.23175964e+02, 8.60505981e+02, 8.63260742e+02,
    7.51545349e+02, 7.04611084e+02, 7.66702820e+02, 7.38243713e+02,
    7.82465515e+02, 7.73360535e+02, 7.98829773e+02, 8.09967163e+02,
    8.15701965e+02, 8.48324219e+02, 8.33502686e+02, 8.88126099e+02 ]
