%YAML:1.0
---
points: [ 1.87954453e+02, 1.49383774e+02, 1.87348145e+02, 1.35830368e+02,
    1.86731247e+02, 1.22155830e+02, 1.86231171e+02, 1.07978302e+02,
    1.85586151e+02, 9.36153259e+01, 1.84897568e+02, 7.87913361e+01,
    2.01089371e+02, 1.49581833e+02, 2.00604248e+02, 1.36119385e+02,
    2.00192947e+02, 1.22427620e+02, 1.99735748e+02, 1.08304680e+02,
    1.99371536e+02, 9.39288406e+01, 1.98870636e+02, 7.91020584e+01,
    2.14311691e+02, 1.49925110e+02, 2.14066055e+02, 1.36370041e+02,
    2.13750183e+02, 1.22696442e+02, 2.13560455e+02, 1.08525047e+02,
    2.13239716e+02, 9.42509308e+01, 2.12771179e+02, 7.93916245e+01,
    2.27471130e+02, 1.50221680e+02, 2.27343155e+02, 1.36745255e+02,
    2.27298706e+02, 1.23054985e+02, 2.27348022e+02, 1.08843437e+02,
    2.26800674e+02, 9.41582794e+01, 2.26892807e+02, 7.96613846e+01,
    2.40572693e+02, 1.50391083e+02, 2.40673080e+02, 1.37103653e+02,
    2.40543228e+02, 1.23244400e+02, 2.40443970e+02, 1.09285873e+02,
    2.38624832e+02, 9.53267746e+01, 2.40723846e+02, 8.02312851e+01,
    2.53705124e+02, 1.50611252e+02, 2.53782394e+02, 1.37326584e+02,
    2.53963257e+02, 1.23561508e+02, 2.53968536e+02, 1.09135513e+02,
    2.54654709e+02, 9.52181549e+01, 2.54758972e+02, 8.02066193e+01,
    2.66725464e+02, 1.51018707e+02, 2.67087006e+02, 1.37471024e+02,
    2.67428101e+02, 1.23693184e+02, 2.67854004e+02, 1.09809387e+02,
    2.68254211e+02, 9.50614777e+01, 2.68546417e+02, 8.04578781e+01,
    2.79846497e+02, 1.51302261e+02, 2.80308044e+02, 1.37606720e+02,
    2.80830750e+02, 1.24099419e+02, 2.81258179e+02, 1.09914612e+02,
    2.81900818e+02, 9.53576813e+01, 2.82543518e+02, 8.07087021e+01 ]
