%YAML:1.0
---
points: [ 3.95618347e+02, 5.16210571e+02, 4.28616028e+02, 5.27910278e+02,
    4.61873840e+02, 5.39698853e+02, 4.95418976e+02, 5.51538269e+02,
    5.28898438e+02, 5.63496582e+02, 5.62651001e+02, 5.75398621e+02,
    3.87250244e+02, 5.49602966e+02, 4.20180695e+02, 5.61470764e+02,
    4.53307251e+02, 5.73349487e+02, 4.86449249e+02, 5.85122864e+02,
    5.19848999e+02, 5.97056274e+02, 5.53495667e+02, 6.09079712e+02,
    3.79149689e+02, 5.83372803e+02, 4.11650055e+02, 5.95080566e+02,
    4.44572632e+02, 6.06676819e+02, 4.77521240e+02, 6.18652649e+02,
    5.10778046e+02, 6.30607300e+02, 5.43936768e+02, 6.42471436e+02,
    3.70831604e+02, 6.16237671e+02, 4.03296600e+02, 6.27927246e+02,
    4.36114960e+02, 6.39729919e+02, 4.69156097e+02, 6.51762512e+02,
    5.01736511e+02, 6.63480591e+02, 5.34750183e+02, 6.75314453e+02,
    3.62825378e+02, 6.48821716e+02, 3.95240845e+02, 6.60559753e+02,
    4.27525452e+02, 6.72572327e+02, 4.60155182e+02, 6.84281494e+02,
    4.92850067e+02, 6.96045227e+02, 5.25692993e+02, 7.08144348e+02,
    3.54867432e+02, 6.81212646e+02, 3.86710876e+02, 6.92872742e+02,
    4.19267242e+02, 7.04740540e+02, 4.51550659e+02, 7.16600952e+02,
    4.84213257e+02, 7.28555359e+02, 5.16821716e+02, 7.40638733e+02,
    3.47131226e+02, 7.13248413e+02, 3.78900024e+02, 7.24773315e+02,
    4.11037079e+02, 7.36898804e+02, 4.43122894e+02, 7.48563538e+02,
    4.75405304e+02, 7.60558228e+02, 5.07899689e+02, 7.72355469e+02,
    3.39336670e+02, 7.44758911e+02, 3.70892517e+02, 7.56704346e+02,
    4.02625824e+02, 7.68461304e+02, 4.34570312e+02, 7.80282837e+02,
    4.66874481e+02, 7.92179993e+02, 4.99008667e+02, 8.04400818e+02 ]
