%YAML:1.0
---
points: [ 6.91753540e+02, 3.45342316e+02, 6.89643860e+02, 3.05551453e+02,
    6.87100281e+02, 2.64742401e+02, 6.84797974e+02, 2.23211304e+02,
    6.82038574e+02, 1.80388306e+02, 6.79555542e+02, 1.36455383e+02,
    7.30859619e+02, 3.46166595e+02, 7.28875916e+02, 3.06562073e+02,
    7.27107849e+02, 2.65792389e+02, 7.24856201e+02, 2.24202820e+02,
    7.22866394e+02, 1.81382782e+02, 7.20667969e+02, 1.37554718e+02,
    7.70035522e+02, 3.47040558e+02, 7.68633606e+02, 3.07481964e+02,
    7.67010315e+02, 2.66633911e+02, 7.65451233e+02, 2.25136032e+02,
    7.63834229e+02, 1.82478394e+02, 7.62296997e+02, 1.38740875e+02,
    8.08787903e+02, 3.48021149e+02, 8.07621399e+02, 3.08432220e+02,
    8.06723511e+02, 2.67674469e+02, 8.05628601e+02, 2.26206589e+02,
    8.04581055e+02, 1.83426987e+02, 8.03371704e+02, 1.39614349e+02,
    8.47579041e+02, 3.48712738e+02, 8.47092957e+02, 3.09225281e+02,
    8.46471558e+02, 2.68571899e+02, 8.45837280e+02, 2.27178665e+02,
    8.45137390e+02, 1.84470703e+02, 8.44530273e+02, 1.40766739e+02,
    8.86173645e+02, 3.49518036e+02, 8.85998596e+02, 3.10033905e+02,
    8.86050598e+02, 2.69532440e+02, 8.85795898e+02, 2.27997360e+02,
    8.85680664e+02, 1.85456741e+02, 8.85552490e+02, 1.41538681e+02,
    9.24686584e+02, 3.50367889e+02, 9.25021973e+02, 3.10800079e+02,
    9.25386841e+02, 2.70411560e+02, 9.25718018e+02, 2.28793488e+02,
    9.26126038e+02, 1.86355331e+02, 9.26566101e+02, 1.42587769e+02,
    9.63443298e+02, 3.50907532e+02, 9.64187561e+02, 3.11533142e+02,
    9.64904724e+02, 2.71051025e+02, 9.65727905e+02, 2.29515060e+02,
    9.66577087e+02, 1.87014328e+02, 9.67531250e+02, 1.43403320e+02 ]
