%YAML:1.0
---
points: [ 3.77442688e+02, 8.88790283e+01, 3.85947845e+02, 8.76977997e+01,
    3.94382355e+02, 8.65315323e+01, 4.02995605e+02, 8.54133759e+01,
    4.11554199e+02, 8.42638626e+01, 4.20232941e+02, 8.31341934e+01,
    3.78065125e+02, 9.67392502e+01, 3.86425171e+02, 9.55751724e+01,
    3.94984131e+02, 9.44370193e+01, 4.03587585e+02, 9.33291702e+01,
    4.12289612e+02, 9.22203522e+01, 4.20921783e+02, 9.12228928e+01,
    3.78581207e+02, 1.04693855e+02, 3.87084869e+02, 1.03618034e+02,
    3.95628906e+02, 1.02518906e+02, 4.04228058e+02, 1.01301140e+02,
    4.12918030e+02, 1.00280113e+02, 4.21603577e+02, 9.91964340e+01,
    3.79157654e+02, 1.12606720e+02, 3.87580261e+02, 1.11536575e+02,
    3.96215912e+02, 1.10441261e+02, 4.04862640e+02, 1.09425507e+02,
    4.13610016e+02, 1.08380829e+02, 4.22258057e+02, 1.07408325e+02,
    3.79651428e+02, 1.20620453e+02, 3.88190094e+02, 1.19558723e+02,
    3.96767090e+02, 1.18527420e+02, 4.05435944e+02, 1.17471977e+02,
    4.14203064e+02, 1.16443314e+02, 4.22940399e+02, 1.15358322e+02,
    3.80192780e+02, 1.28565063e+02, 3.88725006e+02, 1.27581223e+02,
    3.97353058e+02, 1.26547302e+02, 4.06008728e+02, 1.25579948e+02,
    4.14844574e+02, 1.24580208e+02, 4.23604828e+02, 1.23625290e+02,
    3.80763245e+02, 1.36593933e+02, 3.89290955e+02, 1.35582062e+02,
    3.97952759e+02, 1.34697876e+02, 4.06638031e+02, 1.33704514e+02,
    4.15396515e+02, 1.32765900e+02, 4.24249908e+02, 1.31733322e+02,
    3.81258820e+02, 1.44667068e+02, 3.89854401e+02, 1.43698883e+02,
    3.98454803e+02, 1.42745850e+02, 4.07240387e+02, 1.41890488e+02,
    4.16047791e+02, 1.40837204e+02, 4.24914612e+02, 1.40002304e+02 ]
