%YAML:1.0
---
points: [ 3.99707703e+02, 2.60532379e+02, 4.31092499e+02, 2.76030151e+02,
    4.62905853e+02, 2.91627014e+02, 4.94627472e+02, 3.07366119e+02,
    5.26815552e+02, 3.23218597e+02, 5.58839478e+02, 3.38816406e+02,
    3.89209778e+02, 2.93960144e+02, 4.20520569e+02, 3.09476654e+02,
    4.51859528e+02, 3.24987061e+02, 4.83542480e+02, 3.40620758e+02,
    5.15344604e+02, 3.56401520e+02, 5.47320129e+02, 3.72223969e+02,
    3.78859528e+02, 3.27262604e+02, 4.09786713e+02, 3.42566345e+02,
    4.41109070e+02, 3.58121460e+02, 4.72356049e+02, 3.73601715e+02,
    5.03807617e+02, 3.89183258e+02, 5.35483032e+02, 4.04760529e+02,
    3.68671021e+02, 3.59635040e+02, 3.99471832e+02, 3.75098175e+02,
    4.30458923e+02, 3.90444489e+02, 4.61550873e+02, 4.05751892e+02,
    4.92734619e+02, 4.21357788e+02, 5.24028503e+02, 4.36774323e+02,
    3.58657135e+02, 3.91775543e+02, 3.89287445e+02, 4.06912415e+02,
    4.19831268e+02, 4.22206512e+02, 4.50652283e+02, 4.37502289e+02,
    4.81697205e+02, 4.52919556e+02, 5.12767334e+02, 4.68437103e+02,
    3.48815643e+02, 4.23272034e+02, 3.79106842e+02, 4.38426727e+02,
    4.09487213e+02, 4.53703522e+02, 4.40072632e+02, 4.68791779e+02,
    4.70841125e+02, 4.84235016e+02, 5.01552795e+02, 4.99602631e+02,
    3.39167725e+02, 4.54301575e+02, 3.69166351e+02, 4.69384399e+02,
    3.99326935e+02, 4.84474457e+02, 4.29709290e+02, 4.99638458e+02,
    4.60115631e+02, 5.14822083e+02, 4.90646393e+02, 5.30102234e+02,
    3.29574982e+02, 4.84839447e+02, 3.59419556e+02, 5.00023132e+02,
    3.89259277e+02, 5.14951172e+02, 4.19292175e+02, 5.30020264e+02,
    4.49492859e+02, 5.45146240e+02, 4.79690186e+02, 5.60361572e+02 ]
