%YAML:1.0
---
points: [ 2.83634094e+02, 1.48242950e+02, 2.83822113e+02, 1.61359772e+02,
    2.83998901e+02, 1.74373840e+02, 2.84199402e+02, 1.87416443e+02,
    2.84397156e+02, 2.00360275e+02, 2.84744690e+02, 2.13234070e+02,
    2.70635803e+02, 1.48443146e+02, 2.70871429e+02, 1.61633530e+02,
    2.71110046e+02, 1.74683533e+02, 2.71212891e+02, 1.87643799e+02,
    2.71605225e+02, 2.00600723e+02, 2.71835114e+02, 2.13369431e+02,
    2.57675385e+02, 1.48739639e+02, 2.57875397e+02, 1.61916046e+02,
    2.58019775e+02, 1.74962463e+02, 2.58717316e+02, 1.87944855e+02,
    2.58396393e+02, 2.00781754e+02, 2.58884003e+02, 2.13652466e+02,
    2.44662231e+02, 1.49130630e+02, 2.44991577e+02, 1.62187531e+02,
    2.45273926e+02, 1.75306671e+02, 2.45492035e+02, 1.88305878e+02,
    2.45603958e+02, 2.01383072e+02, 2.46103561e+02, 2.13969055e+02,
    2.31727921e+02, 1.49364822e+02, 2.32038834e+02, 1.62357758e+02,
    2.32627304e+02, 1.75319427e+02, 2.32905212e+02, 1.88458130e+02,
    2.33620087e+02, 2.01275803e+02, 2.33385513e+02, 2.14278839e+02,
    2.18698364e+02, 1.49521790e+02, 2.19045959e+02, 1.62463470e+02,
    2.19617752e+02, 1.75672836e+02, 2.19864395e+02, 1.88612488e+02,
    2.19929611e+02, 2.01392487e+02, 2.20520645e+02, 2.14481140e+02,
    2.05672562e+02, 1.49687485e+02, 2.06080688e+02, 1.62791153e+02,
    2.06425995e+02, 1.75826416e+02, 2.06795364e+02, 1.88866730e+02,
    2.07208420e+02, 2.01734833e+02, 2.07548553e+02, 2.14622940e+02,
    1.92673050e+02, 1.49850388e+02, 1.93115677e+02, 1.63069443e+02,
    1.93548599e+02, 1.76051559e+02, 1.93910828e+02, 1.89124283e+02,
    1.94340454e+02, 2.01975296e+02, 1.94701141e+02, 2.14817612e+02 ]
