%YAML:1.0
---
points: [ 9.74811157e+02, 3.42565918e+02, 9.75661011e+02, 3.81332550e+02,
    9.76379639e+02, 4.19494476e+02, 9.77132446e+02, 4.57627869e+02,
    9.77942505e+02, 4.95793915e+02, 9.78786926e+02, 5.33552673e+02,
    9.36816650e+02, 3.43414551e+02, 9.37559143e+02, 3.81962097e+02,
    9.38396790e+02, 4.20308746e+02, 9.39263123e+02, 4.58435577e+02,
    9.40035950e+02, 4.96526337e+02, 9.40767273e+02, 5.34276245e+02,
    8.98536926e+02, 3.43872284e+02, 8.99523010e+02, 3.82498505e+02,
    9.00490784e+02, 4.20880493e+02, 9.01376587e+02, 4.59268158e+02,
    9.02188721e+02, 4.97190796e+02, 9.03033325e+02, 5.34935547e+02,
    8.60167297e+02, 3.44567444e+02, 8.61326172e+02, 3.83135040e+02,
    8.62394104e+02, 4.21658234e+02, 8.63458923e+02, 4.59820770e+02,
    8.64379578e+02, 4.97865540e+02, 8.65333008e+02, 5.35709717e+02,
    8.21930603e+02, 3.45258118e+02, 8.23121521e+02, 3.83726257e+02,
    8.24247559e+02, 4.22333649e+02, 8.25322144e+02, 4.60520142e+02,
    8.26450012e+02, 4.98611420e+02, 8.27500061e+02, 5.36539246e+02,
    7.83595459e+02, 3.45694031e+02, 7.84833557e+02, 3.84496674e+02,
    7.86040527e+02, 4.23046234e+02, 7.87224854e+02, 4.61196259e+02,
    7.88332336e+02, 4.99382263e+02, 7.89556763e+02, 5.37263794e+02,
    7.44806641e+02, 3.46233948e+02, 7.46285461e+02, 3.85223846e+02,
    7.47547974e+02, 4.23651520e+02, 7.48802979e+02, 4.61783020e+02,
    7.49974365e+02, 4.99958008e+02, 7.51154785e+02, 5.38162170e+02,
    7.06522705e+02, 3.46829407e+02, 7.07767761e+02, 3.85723389e+02,
    7.09319336e+02, 4.24352020e+02, 7.10572388e+02, 4.62494812e+02,
    7.11907288e+02, 5.00747498e+02, 7.13140625e+02, 5.38777344e+02 ]
