%YAML:1.0
---
points: [ 3.87963684e+02, 2.75347443e+02, 3.90190979e+02, 2.68283417e+02,
    3.92630890e+02, 2.61172302e+02, 3.94897247e+02, 2.53937988e+02,
    3.97408264e+02, 2.46357437e+02, 3.99818573e+02, 2.39067184e+02,
    3.95017365e+02, 2.78818115e+02, 3.97182098e+02, 2.72419678e+02,
    3.99650360e+02, 2.65245850e+02, 4.02142975e+02, 2.57712097e+02,
    4.04718140e+02, 2.50365097e+02, 4.07237091e+02, 2.42545029e+02,
    4.01911469e+02, 2.83980835e+02, 4.04468994e+02, 2.76687439e+02,
    4.07080658e+02, 2.69220093e+02, 4.09681274e+02, 2.61838928e+02,
    4.12332855e+02, 2.54166519e+02, 4.14891052e+02, 2.46629425e+02,
    4.09449554e+02, 2.87823730e+02, 4.11944153e+02, 2.80946564e+02,
    4.14613983e+02, 2.73410950e+02, 4.17263336e+02, 2.65974640e+02,
    4.20085571e+02, 2.58278442e+02, 4.22817474e+02, 2.50468109e+02,
    4.16851837e+02, 2.92761261e+02, 4.19574402e+02, 2.85383484e+02,
    4.22366791e+02, 2.77835999e+02, 4.25182770e+02, 2.70232574e+02,
    4.28048309e+02, 2.62496979e+02, 4.30908630e+02, 2.54635239e+02,
    4.24747467e+02, 2.97207153e+02, 4.27576874e+02, 2.89964111e+02,
    4.30354706e+02, 2.82460754e+02, 4.33353851e+02, 2.74609711e+02,
    4.36277161e+02, 2.66851990e+02, 4.39267181e+02, 2.58809723e+02,
    4.32655518e+02, 3.02201324e+02, 4.35520844e+02, 2.94742889e+02,
    4.38605591e+02, 2.86936981e+02, 4.41654968e+02, 2.79301544e+02,
    4.44788025e+02, 2.71297302e+02, 4.47938202e+02, 2.63263062e+02,
    4.40861969e+02, 3.07082489e+02, 4.43875458e+02, 2.99419373e+02,
    4.47063934e+02, 2.91800323e+02, 4.50273956e+02, 2.84020355e+02,
    4.53435791e+02, 2.75977051e+02, 4.56733978e+02, 2.67698944e+02 ]
