%YAML:1.0
---
points: [ 3.75641022e+02, 1.05267990e+02, 4.08302734e+02, 1.22421356e+02,
    4.41370850e+02, 1.39779785e+02, 4.74542145e+02, 1.57411148e+02,
    5.07869751e+02, 1.74811798e+02, 5.41434204e+02, 1.92673172e+02,
    3.72321686e+02, 1.41383270e+02, 4.04531464e+02, 1.58361328e+02,
    4.36960266e+02, 1.75524384e+02, 4.69615417e+02, 1.92807053e+02,
    5.02387115e+02, 2.10182526e+02, 5.35259216e+02, 2.27470398e+02,
    3.69292633e+02, 1.76504074e+02, 4.00737213e+02, 1.93262833e+02,
    4.32707947e+02, 2.10228546e+02, 4.64614868e+02, 2.27159256e+02,
    4.96875397e+02, 2.44222473e+02, 5.29049377e+02, 2.61452942e+02,
    3.66091522e+02, 2.10133957e+02, 3.97284668e+02, 2.26647491e+02,
    4.28593445e+02, 2.43248749e+02, 4.60234863e+02, 2.60067230e+02,
    4.91701935e+02, 2.76781372e+02, 5.23453735e+02, 2.93677979e+02,
    3.63139893e+02, 2.42585464e+02, 3.93848480e+02, 2.58813080e+02,
    4.24554199e+02, 2.75260223e+02, 4.55523132e+02, 2.91757019e+02,
    4.86753723e+02, 3.08351166e+02, 5.17965027e+02, 3.24976715e+02,
    3.60439850e+02, 2.73950287e+02, 3.90601868e+02, 2.90024078e+02,
    4.20921539e+02, 3.06309540e+02, 4.51331116e+02, 3.22410309e+02,
    4.81852936e+02, 3.38636505e+02, 5.12617737e+02, 3.55139069e+02,
    3.57846191e+02, 3.04423950e+02, 3.87436981e+02, 3.20017731e+02,
    4.17321228e+02, 3.36116974e+02, 4.47356140e+02, 3.51943268e+02,
    4.77255432e+02, 3.67922333e+02, 5.07445923e+02, 3.83952881e+02,
    3.55266205e+02, 3.33574615e+02, 3.84557251e+02, 3.49240631e+02,
    4.13700165e+02, 3.64725464e+02, 4.43347076e+02, 3.80555664e+02,
    4.72715546e+02, 3.96258575e+02, 5.02367676e+02, 4.12030426e+02 ]
