%YAML:1.0
---
points: [ 1.61024994e+02, 1.24436340e+02, 1.67297699e+02, 1.13466629e+02,
    1.73743530e+02, 1.02060013e+02, 1.80337830e+02, 9.03565826e+01,
    1.87193253e+02, 7.81910858e+01, 1.94234375e+02, 6.56615829e+01,
    1.71621536e+02, 1.32818054e+02, 1.77995682e+02, 1.21877327e+02,
    1.84582581e+02, 1.10632042e+02, 1.91294403e+02, 9.89851151e+01,
    1.98398239e+02, 8.70547104e+01, 2.05650711e+02, 7.47221375e+01,
    1.82249969e+02, 1.41154526e+02, 1.88811066e+02, 1.30358856e+02,
    1.95513412e+02, 1.19228340e+02, 2.02412186e+02, 1.07831932e+02,
    2.09638428e+02, 9.59244003e+01, 2.17086273e+02, 8.37944717e+01,
    1.92844452e+02, 1.49429733e+02, 1.99490921e+02, 1.38766663e+02,
    2.06359207e+02, 1.27832458e+02, 2.13477951e+02, 1.16494957e+02,
    2.20840622e+02, 1.04841225e+02, 2.28333511e+02, 9.27254868e+01,
    2.03332413e+02, 1.57688751e+02, 2.10189072e+02, 1.47147980e+02,
    2.17215561e+02, 1.36393814e+02, 2.24472610e+02, 1.25229874e+02,
    2.31971298e+02, 1.13639626e+02, 2.39689972e+02, 1.01770950e+02,
    2.13938690e+02, 1.65888992e+02, 2.20834488e+02, 1.55548004e+02,
    2.28007523e+02, 1.44885574e+02, 2.35407242e+02, 1.33879578e+02,
    2.43122528e+02, 1.22487274e+02, 2.50923843e+02, 1.10649834e+02,
    2.24281647e+02, 1.74094803e+02, 2.31417145e+02, 1.63882202e+02,
    2.38771545e+02, 1.53302231e+02, 2.46358810e+02, 1.42535126e+02,
    2.54097870e+02, 1.31243622e+02, 2.62203033e+02, 1.19650887e+02,
    2.34737274e+02, 1.82249924e+02, 2.41962738e+02, 1.72099731e+02,
    2.49484360e+02, 1.61811432e+02, 2.57181763e+02, 1.51040863e+02,
    2.65188873e+02, 1.40006012e+02, 2.73441132e+02, 1.28448074e+02 ]
