%YAML:1.0
---
points: [ 3.81399780e+02, 3.25607422e+02, 3.86116028e+02, 3.18687592e+02,
    3.91028320e+02, 3.11760803e+02, 3.95780396e+02, 3.04803375e+02,
    4.00676605e+02, 2.97780060e+02, 4.05437195e+02, 2.90741241e+02,
    3.88528107e+02, 3.31132690e+02, 3.93408630e+02, 3.24186737e+02,
    3.98303497e+02, 3.17086182e+02, 4.03206360e+02, 3.09990051e+02,
    4.08163696e+02, 3.02930786e+02, 4.13128540e+02, 2.95828186e+02,
    3.95946014e+02, 3.36825989e+02, 4.00898102e+02, 3.29767792e+02,
    4.05888611e+02, 3.22550568e+02, 4.10825012e+02, 3.15401947e+02,
    4.15894409e+02, 3.08245789e+02, 4.20778198e+02, 3.01094910e+02,
    4.03426392e+02, 3.42658234e+02, 4.08505402e+02, 3.35334259e+02,
    4.13606201e+02, 3.28201843e+02, 4.18681000e+02, 3.20934723e+02,
    4.23710114e+02, 3.13653168e+02, 4.28800964e+02, 3.06331024e+02,
    4.11215027e+02, 3.48464233e+02, 4.16350403e+02, 3.41294800e+02,
    4.21463196e+02, 3.33891449e+02, 4.26583130e+02, 3.26561096e+02,
    4.31799561e+02, 3.19187744e+02, 4.36933990e+02, 3.11760071e+02,
    4.18980469e+02, 3.54605591e+02, 4.24276550e+02, 3.47113495e+02,
    4.29405670e+02, 3.39746063e+02, 4.34769562e+02, 3.32252228e+02,
    4.39913330e+02, 3.24867706e+02, 4.45212463e+02, 3.17253082e+02,
    4.27003235e+02, 3.60507568e+02, 4.32342316e+02, 3.53244598e+02,
    4.37688293e+02, 3.45611847e+02, 4.42925140e+02, 3.38173126e+02,
    4.48286438e+02, 3.30485413e+02, 4.53561646e+02, 3.22952148e+02,
    4.35130157e+02, 3.67049530e+02, 4.40555817e+02, 3.59127289e+02,
    4.45911865e+02, 3.51731720e+02, 4.51382568e+02, 3.43976562e+02,
    4.56651123e+02, 3.36407501e+02, 4.62147736e+02, 3.28645721e+02 ]
