%YAML:1.0
---
points: [ 6.11650208e+02, 2.71501495e+02, 6.29233765e+02, 2.39076736e+02,
    6.47180725e+02, 2.05279694e+02, 6.65905701e+02, 1.70515350e+02,
    6.85050110e+02, 1.34520905e+02, 7.04874329e+02, 9.75429382e+01,
    6.43106262e+02, 2.96285858e+02, 6.61121887e+02, 2.63949249e+02,
    6.79630798e+02, 2.30820419e+02, 6.98631348e+02, 1.96474640e+02,
    7.18409973e+02, 1.61153595e+02, 7.38640686e+02, 1.24362717e+02,
    6.74684509e+02, 3.20922241e+02, 6.93246460e+02, 2.89338654e+02,
    7.12175232e+02, 2.56449829e+02, 7.31591248e+02, 2.22589752e+02,
    7.51768188e+02, 1.87604584e+02, 7.72620667e+02, 1.51515762e+02,
    7.06147095e+02, 3.45543457e+02, 7.24916992e+02, 3.14138062e+02,
    7.44483093e+02, 2.81848114e+02, 7.64346313e+02, 2.48463806e+02,
    7.85034912e+02, 2.14072464e+02, 8.06259277e+02, 1.78319534e+02,
    7.37195862e+02, 3.69832062e+02, 7.56613525e+02, 3.38959442e+02,
    7.76442444e+02, 3.07153625e+02, 7.96934753e+02, 2.74283264e+02,
    8.18052368e+02, 2.40149811e+02, 8.39803467e+02, 2.05127426e+02,
    7.68366943e+02, 3.94212036e+02, 7.88059204e+02, 3.63671326e+02,
    8.08419556e+02, 3.32286682e+02, 8.29425720e+02, 2.99799255e+02,
    8.51009644e+02, 2.66250244e+02, 8.73216370e+02, 2.31598083e+02,
    7.99333069e+02, 4.18350220e+02, 8.19473999e+02, 3.88298462e+02,
    8.40192627e+02, 3.57285034e+02, 8.61563599e+02, 3.25318207e+02,
    8.83624084e+02, 2.92186005e+02, 9.06450867e+02, 2.58031494e+02,
    8.30141541e+02, 4.42372925e+02, 8.50716187e+02, 4.12664886e+02,
    8.71927246e+02, 3.82221558e+02, 8.93752502e+02, 3.50570801e+02,
    9.16379517e+02, 3.18029205e+02, 9.39586792e+02, 2.84303040e+02 ]
