%YAML:1.0
---
points: [ 3.75577209e+02, 1.93378510e+02, 4.12851776e+02, 2.11323883e+02,
    4.48500183e+02, 2.28372543e+02, 4.82428284e+02, 2.44562744e+02,
    5.14819641e+02, 2.60246887e+02, 5.45567932e+02, 2.75021301e+02,
    3.58587982e+02, 2.26235336e+02, 3.96217529e+02, 2.43134125e+02,
    4.31922516e+02, 2.59356659e+02, 4.66283356e+02, 2.74748138e+02,
    4.98632782e+02, 2.89498962e+02, 5.29784302e+02, 3.03676239e+02,
    3.41690765e+02, 2.58865540e+02, 3.79426636e+02, 2.74925812e+02,
    4.15571228e+02, 2.90141266e+02, 4.49799805e+02, 3.04834259e+02,
    4.82733002e+02, 3.18713837e+02, 5.14021057e+02, 3.32211517e+02,
    3.25152435e+02, 2.91039978e+02, 3.63048676e+02, 3.06210602e+02,
    3.99305237e+02, 3.20519867e+02, 4.33820801e+02, 3.34362457e+02,
    4.66955872e+02, 3.47499390e+02, 4.98413818e+02, 3.59943787e+02,
    3.08643951e+02, 3.22882294e+02, 3.46767181e+02, 3.37027405e+02,
    3.83264771e+02, 3.50680511e+02, 4.17911346e+02, 3.63569733e+02,
    4.51183929e+02, 3.75876099e+02, 4.82842194e+02, 3.87669464e+02,
    2.92440369e+02, 3.54379303e+02, 3.30699097e+02, 3.67641815e+02,
    3.67244843e+02, 3.80437317e+02, 4.02202759e+02, 3.92509247e+02,
    4.35615204e+02, 4.04128601e+02, 4.67526581e+02, 4.15210846e+02,
    2.76388000e+02, 3.85373444e+02, 3.14783936e+02, 3.97712830e+02,
    3.51556061e+02, 4.09685791e+02, 3.86601257e+02, 4.20977234e+02,
    4.20334991e+02, 4.31829926e+02, 4.52262512e+02, 4.42282593e+02,
    2.60358124e+02, 4.16196747e+02, 2.99032990e+02, 4.27689514e+02,
    3.35778229e+02, 4.38798370e+02, 3.71192474e+02, 4.49417694e+02,
    4.04723511e+02, 4.59505432e+02, 4.37193237e+02, 4.69252075e+02 ]
