%YAML:1.0
---
points: [ 2.80447479e+02, 3.85862732e+01, 2.92181702e+02, 4.86840630e+01,
    3.03459808e+02, 5.81406555e+01, 3.14911041e+02, 6.79362488e+01,
    3.26192322e+02, 7.74292755e+01, 3.37424133e+02, 8.68493423e+01,
    2.71285614e+02, 5.15005455e+01, 2.82806030e+02, 6.11709061e+01,
    2.94284973e+02, 7.06773605e+01, 3.05434448e+02, 8.01931610e+01,
    3.16595551e+02, 8.97026291e+01, 3.27503571e+02, 9.91048508e+01,
    2.62196686e+02, 6.42023163e+01, 2.73496552e+02, 7.39220352e+01,
    2.85191803e+02, 8.44111328e+01, 2.96910492e+02, 9.17169724e+01,
    3.07049500e+02, 1.01807327e+02, 3.17868286e+02, 1.10958298e+02,
    2.53248123e+02, 7.66375961e+01, 2.64458923e+02, 8.61092453e+01,
    2.74964386e+02, 9.55215530e+01, 2.86931305e+02, 1.04799568e+02,
    2.97601929e+02, 1.13581879e+02, 3.08482544e+02, 1.22547043e+02,
    2.44752151e+02, 8.87585144e+01, 2.55838150e+02, 9.79226990e+01,
    2.66880585e+02, 1.07006020e+02, 2.77726074e+02, 1.16276360e+02,
    2.88659210e+02, 1.24974945e+02, 2.99367493e+02, 1.33738342e+02,
    2.36361282e+02, 1.00404594e+02, 2.47523727e+02, 1.09494926e+02,
    2.58376740e+02, 1.18346207e+02, 2.69248047e+02, 1.27338928e+02,
    2.79867371e+02, 1.35993057e+02, 2.90508118e+02, 1.44724930e+02,
    2.28207443e+02, 1.11991348e+02, 2.39139008e+02, 1.20838120e+02,
    2.50035858e+02, 1.29610519e+02, 2.60715271e+02, 1.38270752e+02,
    2.71359436e+02, 1.46875488e+02, 2.81831024e+02, 1.55292526e+02,
    2.20206009e+02, 1.23188240e+02, 2.31125458e+02, 1.31919739e+02,
    2.41785812e+02, 1.40497345e+02, 2.52486664e+02, 1.49044327e+02,
    2.63045410e+02, 1.57382782e+02, 2.73436798e+02, 1.65747528e+02 ]
