%YAML:1.0
---
points: [ 9.57087158e+02, 1.72066059e+01, 9.91555542e+02, 4.66175117e+01,
    1.02566956e+03, 7.58264771e+01, 1.05943677e+03, 1.04674080e+02,
    1.09292004e+03, 1.33254303e+02, 1.12598181e+03, 1.61423172e+02,
    9.30481628e+02, 5.57035179e+01, 9.64705627e+02, 8.47850876e+01,
    9.98485901e+02, 1.13467445e+02, 1.03190454e+03, 1.41799179e+02,
    1.06500293e+03, 1.69685776e+02, 1.09774243e+03, 1.97346268e+02,
    9.04542969e+02, 9.38550568e+01, 9.38329224e+02, 1.22240677e+02,
    9.71918945e+02, 1.50313095e+02, 1.00494153e+03, 1.78057205e+02,
    1.03778308e+03, 2.05527954e+02, 1.07023755e+03, 2.32579498e+02,
    8.79390015e+02, 1.30538345e+02, 9.12944214e+02, 1.58488480e+02,
    9.46141663e+02, 1.86008575e+02, 9.78905273e+02, 2.13193237e+02,
    1.01137836e+03, 2.40078644e+02, 1.04354944e+03, 2.66542236e+02,
    8.54857361e+02, 1.66403793e+02, 8.88176636e+02, 1.93636444e+02,
    9.21109070e+02, 2.20736862e+02, 9.53485413e+02, 2.47348572e+02,
    9.85691223e+02, 2.73640839e+02, 1.01752655e+03, 2.99605835e+02,
    8.31029663e+02, 2.01202209e+02, 8.64039490e+02, 2.27978271e+02,
    8.96575989e+02, 2.54483322e+02, 9.28774353e+02, 2.80571991e+02,
    9.60656311e+02, 3.06425873e+02, 9.92263123e+02, 3.31839905e+02,
    8.07788696e+02, 2.35088806e+02, 8.40555481e+02, 2.61348572e+02,
    8.72801392e+02, 2.87262482e+02, 9.04712097e+02, 3.12752808e+02,
    9.36375854e+02, 3.38185272e+02, 9.67636292e+02, 3.63151855e+02,
    7.85090881e+02, 2.68131622e+02, 8.17508118e+02, 2.93771667e+02,
    8.49615173e+02, 3.19242554e+02, 8.81269409e+02, 3.44309509e+02,
    9.12578918e+02, 3.69163147e+02, 9.43620239e+02, 3.93719391e+02 ]
