%YAML:1.0
---
points: [ 3.98766968e+02, 2.72567322e+02, 4.06723480e+02, 2.76165161e+02,
    4.14933929e+02, 2.79775085e+02, 4.23459686e+02, 2.83458740e+02,
    4.32225922e+02, 2.87409515e+02, 4.41327698e+02, 2.91355530e+02,
    3.93942291e+02, 2.79409943e+02, 4.01867737e+02, 2.83093506e+02,
    4.10083801e+02, 2.86893036e+02, 4.18548004e+02, 2.90823364e+02,
    4.27335236e+02, 2.94830505e+02, 4.36255981e+02, 2.99088135e+02,
    3.88983734e+02, 2.86299469e+02, 3.96906708e+02, 2.90136627e+02,
    4.05059753e+02, 2.94190948e+02, 4.13568665e+02, 2.98164337e+02,
    4.22117645e+02, 3.02442383e+02, 4.31246307e+02, 3.06725281e+02,
    3.84086029e+02, 2.93267395e+02, 3.91886871e+02, 2.97270905e+02,
    4.00061005e+02, 3.01417450e+02, 4.08402496e+02, 3.05645386e+02,
    4.17205353e+02, 3.10078674e+02, 4.25975861e+02, 3.14612061e+02,
    3.79019989e+02, 3.00347656e+02, 3.86863068e+02, 3.04522888e+02,
    3.94922485e+02, 3.08784180e+02, 4.03336456e+02, 3.13240234e+02,
    4.11865173e+02, 3.17761505e+02, 4.20888123e+02, 3.22406006e+02,
    3.73973297e+02, 3.07422791e+02, 3.81736237e+02, 3.11774323e+02,
    3.89790527e+02, 3.16234833e+02, 3.98065613e+02, 3.20836823e+02,
    4.06687775e+02, 3.25547211e+02, 4.15593475e+02, 3.30403656e+02,
    3.68882172e+02, 3.14660950e+02, 3.76639343e+02, 3.19167053e+02,
    3.84559753e+02, 3.23778870e+02, 3.92826721e+02, 3.28529907e+02,
    4.01367889e+02, 3.33418457e+02, 4.10169037e+02, 3.38459229e+02,
    3.63709381e+02, 3.22038635e+02, 3.71382294e+02, 3.26648376e+02,
    3.79303253e+02, 3.31400116e+02, 3.87466034e+02, 3.36347931e+02,
    3.95905457e+02, 3.41381317e+02, 4.04740173e+02, 3.46754578e+02 ]
