%YAML:1.0
---
points: [ 9.71597900e+02, 1.05980659e+02, 1.00371991e+03, 1.28560654e+02,
    1.03599915e+03, 1.50825546e+02, 1.06770142e+03, 1.73101196e+02,
    1.09951819e+03, 1.95065338e+02, 1.13094556e+03, 2.16935226e+02,
    9.50330017e+02, 1.38970825e+02, 9.82664856e+02, 1.61416153e+02,
    1.01480475e+03, 1.83608826e+02, 1.04665271e+03, 2.05614990e+02,
    1.07833533e+03, 2.27588623e+02, 1.10992456e+03, 2.49289886e+02,
    9.29119629e+02, 1.72143265e+02, 9.61436707e+02, 1.94389648e+02,
    9.93587708e+02, 2.16540390e+02, 1.02543555e+03, 2.38445206e+02,
    1.05725903e+03, 2.60239288e+02, 1.08875696e+03, 2.81743896e+02,
    9.08008484e+02, 2.04992279e+02, 9.40396484e+02, 2.27203598e+02,
    9.72485107e+02, 2.49196976e+02, 1.00444116e+03, 2.70860870e+02,
    1.03622693e+03, 2.92530090e+02, 1.06778577e+03, 3.13868500e+02,
    8.86944763e+02, 2.37700348e+02, 9.19351440e+02, 2.59762634e+02,
    9.51511658e+02, 2.81608398e+02, 9.83448975e+02, 3.03334595e+02,
    1.01529803e+03, 3.24767883e+02, 1.04677771e+03, 3.46083099e+02,
    8.65882263e+02, 2.70372375e+02, 8.98382324e+02, 2.92353607e+02,
    9.30573975e+02, 3.14027802e+02, 9.62603516e+02, 3.35568726e+02,
    9.94406067e+02, 3.57035858e+02, 1.02598169e+03, 3.78224701e+02,
    8.44977478e+02, 3.02999664e+02, 8.77497192e+02, 3.24681885e+02,
    9.09710571e+02, 3.46304840e+02, 9.41691589e+02, 3.67621490e+02,
    9.73594055e+02, 3.88927551e+02, 1.00523804e+03, 4.09952911e+02,
    8.23880981e+02, 3.35477081e+02, 8.56464539e+02, 3.57169739e+02,
    8.88766418e+02, 3.78513519e+02, 9.20886658e+02, 3.99797882e+02,
    9.52677246e+02, 4.20888672e+02, 9.84408386e+02, 4.41841766e+02 ]
