%YAML:1.0
---
points: [ 2.08546951e+02, 2.69423798e+02, 2.09180984e+02, 2.56029816e+02,
    2.09771866e+02, 2.42725616e+02, 2.10371002e+02, 2.29370758e+02,
    2.11017960e+02, 2.16119553e+02, 2.11503311e+02, 2.02642227e+02,
    2.20012894e+02, 2.70926300e+02, 2.20634430e+02, 2.57331573e+02,
    2.21245209e+02, 2.43753296e+02, 2.21834274e+02, 2.30242920e+02,
    2.22396957e+02, 2.16665222e+02, 2.23054291e+02, 2.03126114e+02,
    2.31745270e+02, 2.72573517e+02, 2.32469360e+02, 2.58716309e+02,
    2.33088577e+02, 2.45080841e+02, 2.33668365e+02, 2.31219040e+02,
    2.34375076e+02, 2.17501831e+02, 2.34988449e+02, 2.03564468e+02,
    2.43896805e+02, 2.74198639e+02, 2.44632828e+02, 2.60224670e+02,
    2.45202911e+02, 2.46213348e+02, 2.45953247e+02, 2.32157227e+02,
    2.46558167e+02, 2.18231979e+02, 2.47144226e+02, 2.04246307e+02,
    2.56535614e+02, 2.75889496e+02, 2.57221558e+02, 2.61637756e+02,
    2.57945038e+02, 2.47416550e+02, 2.58566040e+02, 2.33251892e+02,
    2.59178833e+02, 2.18937271e+02, 2.59886261e+02, 2.04667023e+02,
    2.69576233e+02, 2.77682312e+02, 2.70241119e+02, 2.63271790e+02,
    2.70909454e+02, 2.48725143e+02, 2.71653503e+02, 2.34279327e+02,
    2.72246246e+02, 2.19727509e+02, 2.72981781e+02, 2.05213516e+02,
    2.83196289e+02, 2.79674164e+02, 2.83850800e+02, 2.64866333e+02,
    2.84471436e+02, 2.50081055e+02, 2.85227844e+02, 2.35348969e+02,
    2.85930359e+02, 2.20570175e+02, 2.86647278e+02, 2.05828201e+02,
    2.97169800e+02, 2.81626648e+02, 2.97911804e+02, 2.66595123e+02,
    2.98488770e+02, 2.51455917e+02, 2.99261780e+02, 2.36551147e+02,
    3.00007324e+02, 2.21450439e+02, 3.00645416e+02, 2.06438797e+02 ]
