%YAML:1.0
---
points: [ 3.72718994e+02, 3.01565979e+02, 3.94184021e+02, 3.00872711e+02,
    4.16457001e+02, 3.00351807e+02, 4.39234253e+02, 2.99529236e+02,
    4.62910339e+02, 2.98814209e+02, 4.87380981e+02, 2.98283478e+02,
    3.78649445e+02, 3.36255005e+02, 4.00146606e+02, 3.36169525e+02,
    4.22319122e+02, 3.36097534e+02, 4.45016632e+02, 3.36057556e+02,
    4.68959137e+02, 3.36017761e+02, 4.93170410e+02, 3.36021210e+02,
    3.84705322e+02, 3.70963196e+02, 4.06088806e+02, 3.71388367e+02,
    4.28114868e+02, 3.71825165e+02, 4.50654572e+02, 3.72387695e+02,
    4.74411835e+02, 3.72777405e+02, 4.98547150e+02, 3.73474518e+02,
    3.90562622e+02, 4.04674744e+02, 4.11839447e+02, 4.05819519e+02,
    4.33859009e+02, 4.06678040e+02, 4.56578857e+02, 4.07717438e+02,
    4.80155731e+02, 4.08707947e+02, 5.04242676e+02, 4.09784363e+02,
    3.96304077e+02, 4.38306549e+02, 4.17565491e+02, 4.39558197e+02,
    4.39395142e+02, 4.41050995e+02, 4.62088684e+02, 4.42742889e+02,
    4.85655945e+02, 4.44334259e+02, 5.09594055e+02, 4.45810760e+02,
    4.01934418e+02, 4.70972565e+02, 4.23043854e+02, 4.72786407e+02,
    4.44938080e+02, 4.74872620e+02, 4.67566925e+02, 4.76880066e+02,
    4.91085205e+02, 4.78971497e+02, 5.14820068e+02, 4.81250793e+02,
    4.07432648e+02, 5.03319855e+02, 4.28648560e+02, 5.05587311e+02,
    4.50379700e+02, 5.08100159e+02, 4.73129028e+02, 5.10508148e+02,
    4.96244415e+02, 5.13214905e+02, 5.20085815e+02, 5.15739502e+02,
    4.12941467e+02, 5.35080322e+02, 4.34151306e+02, 5.38066589e+02,
    4.55731598e+02, 5.40732056e+02, 4.78294952e+02, 5.43834778e+02,
    5.01416107e+02, 5.46718079e+02, 5.25079712e+02, 5.50026428e+02 ]
