%YAML:1.0
---
points: [ 2.82760101e+02, 6.82013474e+01, 2.93779724e+02, 7.57527618e+01,
    3.04557556e+02, 8.32494278e+01, 3.15341949e+02, 9.07790604e+01,
    3.26033386e+02, 9.81613693e+01, 3.36711029e+02, 1.05538719e+02,
    2.75607849e+02, 7.93127747e+01, 2.86471313e+02, 8.68467255e+01,
    2.97333588e+02, 9.43182373e+01, 3.08169159e+02, 1.01732727e+02,
    3.18836487e+02, 1.09137772e+02, 3.29525909e+02, 1.16530602e+02,
    2.68336670e+02, 9.05614624e+01, 2.79262329e+02, 9.80183487e+01,
    2.90133911e+02, 1.05476357e+02, 3.00854523e+02, 1.12875839e+02,
    3.11636292e+02, 1.20242279e+02, 3.22334625e+02, 1.27518753e+02,
    2.61152954e+02, 1.01650543e+02, 2.72075653e+02, 1.09061325e+02,
    2.82907135e+02, 1.16561310e+02, 2.93713654e+02, 1.23910637e+02,
    3.04456940e+02, 1.31260651e+02, 3.15150818e+02, 1.38518433e+02,
    2.53938187e+02, 1.12744591e+02, 2.64876190e+02, 1.20218689e+02,
    2.75736938e+02, 1.27635513e+02, 2.86563660e+02, 1.34954926e+02,
    2.97264465e+02, 1.42171326e+02, 3.07964050e+02, 1.49383408e+02,
    2.46799561e+02, 1.23869736e+02, 2.57730560e+02, 1.31307999e+02,
    2.68616486e+02, 1.38674072e+02, 2.79371063e+02, 1.45904541e+02,
    2.90148224e+02, 1.53098618e+02, 3.00852905e+02, 1.60289810e+02,
    2.39627151e+02, 1.34903763e+02, 2.50621338e+02, 1.42333542e+02,
    2.61548279e+02, 1.49546646e+02, 2.72322540e+02, 1.56825058e+02,
    2.83065338e+02, 1.64007935e+02, 2.93787750e+02, 1.71097504e+02,
    2.32441772e+02, 1.46028976e+02, 2.43414963e+02, 1.53324112e+02,
    2.54378937e+02, 1.60585648e+02, 2.65115784e+02, 1.67778885e+02,
    2.75943481e+02, 1.74875031e+02, 2.86653320e+02, 1.82037827e+02 ]
