%YAML:1.0
---
points: [ 2.95683777e+02, 8.89231262e+01, 3.05896240e+02, 1.00386490e+02,
    3.16259827e+02, 1.11987366e+02, 3.26470703e+02, 1.23422752e+02,
    3.36797272e+02, 1.34942978e+02, 3.46969971e+02, 1.46330811e+02,
    2.84902557e+02, 1.00215012e+02, 2.94999725e+02, 1.11568977e+02,
    3.05040833e+02, 1.22838585e+02, 3.15132172e+02, 1.34116333e+02,
    3.25146423e+02, 1.45273727e+02, 3.35237793e+02, 1.56485199e+02,
    2.74600311e+02, 1.11239746e+02, 2.84437500e+02, 1.22281876e+02,
    2.94337524e+02, 1.33353851e+02, 3.04147705e+02, 1.44310303e+02,
    3.14041107e+02, 1.55387863e+02, 3.23841187e+02, 1.66291626e+02,
    2.64652557e+02, 1.21739052e+02, 2.74377747e+02, 1.32604126e+02,
    2.84081451e+02, 1.43348587e+02, 2.93766235e+02, 1.54180405e+02,
    3.03371277e+02, 1.64870544e+02, 3.13004791e+02, 1.75676208e+02,
    2.55150879e+02, 1.31796616e+02, 2.64704315e+02, 1.42438858e+02,
    2.74226288e+02, 1.52998611e+02, 2.83666595e+02, 1.63606842e+02,
    2.93189575e+02, 1.74130203e+02, 3.02647552e+02, 1.84597443e+02,
    2.46011963e+02, 1.41441910e+02, 2.55427383e+02, 1.51934448e+02,
    2.64731720e+02, 1.62258850e+02, 2.74072357e+02, 1.72625458e+02,
    2.83342316e+02, 1.82941467e+02, 2.92656250e+02, 1.93248627e+02,
    2.37272736e+02, 1.50788193e+02, 2.46443207e+02, 1.60978165e+02,
    2.55664078e+02, 1.71188873e+02, 2.64815613e+02, 1.81264786e+02,
    2.73981964e+02, 1.91487305e+02, 2.83074524e+02, 2.01516678e+02,
    2.28741501e+02, 1.59711472e+02, 2.37890823e+02, 1.69804489e+02,
    2.46837738e+02, 1.79729935e+02, 2.55906830e+02, 1.89692917e+02,
    2.64814178e+02, 1.99610764e+02, 2.73829346e+02, 2.09580536e+02 ]
