%YAML:1.0
---
points: [ 4.73856781e+02, 5.73211731e+02, 4.87660828e+02, 5.97030823e+02,
    5.01863831e+02, 6.21372864e+02, 5.16444214e+02, 6.46443542e+02,
    5.31340515e+02, 6.72032410e+02, 5.46408813e+02, 6.98214844e+02,
    4.53316315e+02, 5.95127380e+02, 4.66985779e+02, 6.19090271e+02,
    4.80721588e+02, 6.43642151e+02, 4.94875000e+02, 6.68622925e+02,
    5.09484375e+02, 6.94551025e+02, 5.24282104e+02, 7.20815918e+02,
    4.32860077e+02, 6.16872070e+02, 4.46145782e+02, 6.41178528e+02,
    4.59706573e+02, 6.65705994e+02, 4.73395966e+02, 6.90996155e+02,
    4.87620514e+02, 7.16911499e+02, 5.01981598e+02, 7.43539978e+02,
    4.12749176e+02, 6.38520691e+02, 4.25679810e+02, 6.62637268e+02,
    4.39041656e+02, 6.87614502e+02, 4.52474365e+02, 7.12949585e+02,
    4.66374756e+02, 7.39089905e+02, 4.80427521e+02, 7.65536072e+02,
    3.92859772e+02, 6.59765503e+02, 4.05481293e+02, 6.84202148e+02,
    4.18453308e+02, 7.09287659e+02, 4.31544098e+02, 7.34811401e+02,
    4.45275024e+02, 7.60665649e+02, 4.58824280e+02, 7.87701965e+02,
    3.73323883e+02, 6.80926758e+02, 3.85626709e+02, 7.05464478e+02,
    3.98210693e+02, 7.30503784e+02, 4.11104218e+02, 7.56030334e+02,
    4.24328949e+02, 7.82634766e+02, 4.37767456e+02, 8.09405762e+02,
    3.53885437e+02, 7.01788696e+02, 3.66107849e+02, 7.26502869e+02,
    3.78291443e+02, 7.51586914e+02, 3.90870483e+02, 7.77549438e+02,
    4.03749359e+02, 8.03657166e+02, 4.16906616e+02, 8.30919250e+02,
    3.34812408e+02, 7.22588806e+02, 3.46624695e+02, 7.47263489e+02,
    3.58495850e+02, 7.72653198e+02, 3.70910980e+02, 7.98302002e+02,
    3.83468628e+02, 8.25122314e+02, 3.96330017e+02, 8.51956909e+02 ]
