%YAML:1.0
---
points: [ 1.00014972e+03, 1.67319122e+02, 1.03042175e+03, 2.01560120e+02,
    1.06068542e+03, 2.35717194e+02, 1.09083069e+03, 2.69560852e+02,
    1.12101880e+03, 3.03468689e+02, 1.15125488e+03, 3.37227234e+02,
    9.69898438e+02, 2.00682999e+02, 9.99660767e+02, 2.34400787e+02,
    1.02931628e+03, 2.67657501e+02, 1.05894897e+03, 3.00940735e+02,
    1.08854150e+03, 3.33929932e+02, 1.11804895e+03, 3.67029388e+02,
    9.40713379e+02, 2.33254593e+02, 9.69936462e+02, 2.65923584e+02,
    9.99141541e+02, 2.98630402e+02, 1.02798413e+03, 3.31088928e+02,
    1.05708228e+03, 3.63574890e+02, 1.08599402e+03, 3.95709747e+02,
    9.12895325e+02, 2.64062378e+02, 9.41530273e+02, 2.96104126e+02,
    9.70229919e+02, 3.28110443e+02, 9.98639221e+02, 3.59839935e+02,
    1.02712109e+03, 3.91574341e+02, 1.05553857e+03, 4.23228912e+02,
    8.86141785e+02, 2.93733704e+02, 9.14369690e+02, 3.25104279e+02,
    9.42295715e+02, 3.56380005e+02, 9.70358948e+02, 3.87481384e+02,
    9.98376770e+02, 4.18615326e+02, 1.02610815e+03, 4.49574097e+02,
    8.60359558e+02, 3.22211548e+02, 8.88103699e+02, 3.52886261e+02,
    9.15651367e+02, 3.83636230e+02, 9.43186096e+02, 4.14111237e+02,
    9.70651001e+02, 4.44626648e+02, 9.97936096e+02, 4.74988098e+02,
    8.35531738e+02, 3.49613373e+02, 8.62757568e+02, 3.79647949e+02,
    8.89847351e+02, 4.09727875e+02, 9.16981384e+02, 4.39634766e+02,
    9.43973206e+02, 4.69511566e+02, 9.70892944e+02, 4.99298065e+02,
    8.11476501e+02, 3.75963715e+02, 8.38411926e+02, 4.05555237e+02,
    8.65040894e+02, 4.34878418e+02, 8.91623596e+02, 4.64288574e+02,
    9.18305359e+02, 4.93582062e+02, 9.44631897e+02, 5.22917480e+02 ]
