%YAML:1.0
---
points: [ 2.08688126e+02, 9.52663651e+01, 2.20185959e+02, 9.41243439e+01,
    2.32204468e+02, 9.26304855e+01, 2.44613480e+02, 9.12113876e+01,
    2.57354797e+02, 8.97438202e+01, 2.70644012e+02, 8.81493530e+01,
    2.08419968e+02, 1.09129021e+02, 2.19898041e+02, 1.07967468e+02,
    2.31865616e+02, 1.06813332e+02, 2.44217545e+02, 1.05602867e+02,
    2.56942627e+02, 1.04360336e+02, 2.70221619e+02, 1.03058655e+02,
    2.08160538e+02, 1.22835724e+02, 2.19687759e+02, 1.21919701e+02,
    2.31689484e+02, 1.21031944e+02, 2.43877136e+02, 1.20061836e+02,
    2.56629425e+02, 1.19037506e+02, 2.69695862e+02, 1.18035721e+02,
    2.07907745e+02, 1.36317337e+02, 2.19509415e+02, 1.35729004e+02,
    2.31407379e+02, 1.35053436e+02, 2.43662064e+02, 1.34242722e+02,
    2.56285706e+02, 1.33540009e+02, 2.69339294e+02, 1.32754395e+02,
    2.07718124e+02, 1.49933228e+02, 2.19246582e+02, 1.49423111e+02,
    2.31093338e+02, 1.49027374e+02, 2.43328217e+02, 1.48443130e+02,
    2.55909210e+02, 1.48044968e+02, 2.68930023e+02, 1.47477814e+02,
    2.07583191e+02, 1.63374390e+02, 2.18975723e+02, 1.63174149e+02,
    2.30827896e+02, 1.62826462e+02, 2.42976303e+02, 1.62511948e+02,
    2.55602997e+02, 1.62315704e+02, 2.68598419e+02, 1.62057495e+02,
    2.07398621e+02, 1.76682617e+02, 2.18788330e+02, 1.76686813e+02,
    2.30576645e+02, 1.76547241e+02, 2.42744370e+02, 1.76501892e+02,
    2.55256927e+02, 1.76398666e+02, 2.68248535e+02, 1.76419937e+02,
    2.07154968e+02, 1.90070450e+02, 2.18600037e+02, 1.90221542e+02,
    2.30337891e+02, 1.90386322e+02, 2.42389496e+02, 1.90554047e+02,
    2.54931213e+02, 1.90783905e+02, 2.67915131e+02, 1.90945419e+02 ]
