%YAML:1.0
---
points: [ 3.39511658e+02, 1.62348633e+02, 3.42731110e+02, 1.77294968e+02,
    3.45804138e+02, 1.91778946e+02, 3.48949188e+02, 2.05755630e+02,
    3.51830719e+02, 2.19323120e+02, 3.54811615e+02, 2.32348877e+02,
    3.23299072e+02, 1.65571655e+02, 3.26722961e+02, 1.80189926e+02,
    3.30024475e+02, 1.94333252e+02, 3.33345886e+02, 2.08092178e+02,
    3.36540344e+02, 2.21323685e+02, 3.39535950e+02, 2.34187424e+02,
    3.07546417e+02, 1.68645706e+02, 3.11215210e+02, 1.82901337e+02,
    3.14733185e+02, 1.96838303e+02, 3.18160767e+02, 2.10294983e+02,
    3.21551819e+02, 2.23364899e+02, 3.24797943e+02, 2.35955688e+02,
    2.92436066e+02, 1.71639542e+02, 2.96247101e+02, 1.85654770e+02,
    3.00004272e+02, 1.99199631e+02, 3.03593262e+02, 2.12505325e+02,
    3.07146027e+02, 2.25197510e+02, 3.10504120e+02, 2.37596817e+02,
    2.77792419e+02, 1.74497437e+02, 2.81842926e+02, 1.88148010e+02,
    2.85793884e+02, 2.01597092e+02, 2.89492615e+02, 2.14585571e+02,
    2.93197357e+02, 2.27114365e+02, 2.96798798e+02, 2.39210556e+02,
    2.63696259e+02, 1.77197495e+02, 2.67805267e+02, 1.90738739e+02,
    2.71892212e+02, 2.03844513e+02, 2.75847321e+02, 2.16565918e+02,
    2.79692200e+02, 2.28926239e+02, 2.83382324e+02, 2.40889816e+02,
    2.49982849e+02, 1.79804611e+02, 2.54307846e+02, 1.93123596e+02,
    2.58520782e+02, 2.06078644e+02, 2.62633240e+02, 2.18488327e+02,
    2.66641205e+02, 2.30652252e+02, 2.70440735e+02, 2.42366333e+02,
    2.36644043e+02, 1.82398026e+02, 2.41133698e+02, 1.95514130e+02,
    2.45486359e+02, 2.08133789e+02, 2.49719452e+02, 2.20391663e+02,
    2.53839890e+02, 2.32261734e+02, 2.57795959e+02, 2.43951218e+02 ]
