%YAML:1.0
---
points: [ 4.15246918e+02, 5.93641418e+02, 4.33169098e+02, 6.17911194e+02,
    4.50964111e+02, 6.41943298e+02, 4.68741730e+02, 6.66006348e+02,
    4.86440887e+02, 6.89707458e+02, 5.03898010e+02, 7.13473694e+02,
    3.86796356e+02, 6.09774170e+02, 4.05164978e+02, 6.34332764e+02,
    4.23402679e+02, 6.58758240e+02, 4.41438904e+02, 6.83030334e+02,
    4.59405701e+02, 7.07339844e+02, 4.77194855e+02, 7.31319824e+02,
    3.57398468e+02, 6.26538025e+02, 3.76072327e+02, 6.51524658e+02,
    3.94647705e+02, 6.76262268e+02, 4.13060364e+02, 7.00897827e+02,
    4.31380402e+02, 7.25436768e+02, 4.49527069e+02, 7.49788879e+02,
    3.27333466e+02, 6.43810120e+02, 3.46353546e+02, 6.69091187e+02,
    3.65268646e+02, 6.94330444e+02, 3.83983826e+02, 7.19275940e+02,
    4.02611176e+02, 7.44180359e+02, 4.21250275e+02, 7.68675293e+02,
    2.96377441e+02, 6.61557190e+02, 3.15655579e+02, 6.87307007e+02,
    3.34927612e+02, 7.12752441e+02, 3.54013458e+02, 7.38217102e+02,
    3.73110779e+02, 7.63353027e+02, 3.91974854e+02, 7.88484314e+02,
    2.64474762e+02, 6.79897522e+02, 2.84128204e+02, 7.05897034e+02,
    3.03736938e+02, 7.31888916e+02, 3.23203186e+02, 7.57609802e+02,
    3.42594238e+02, 7.83317017e+02, 3.61911102e+02, 8.08620422e+02,
    2.31719437e+02, 6.98751526e+02, 2.51794083e+02, 7.25310303e+02,
    2.71730621e+02, 7.51561035e+02, 2.91559723e+02, 7.77630737e+02,
    3.11357513e+02, 8.03574768e+02, 3.31028534e+02, 8.29471252e+02,
    1.98105682e+02, 7.18448059e+02, 2.18447662e+02, 7.45252502e+02,
    2.38741165e+02, 7.71856934e+02, 2.59033356e+02, 7.98336365e+02,
    2.79195007e+02, 8.24714111e+02, 2.99240814e+02, 8.50826538e+02 ]
