%YAML:1.0
---
points: [ 2.02753098e+02, 5.77584991e+01, 2.23693466e+02, 5.43976898e+01,
    2.44874390e+02, 5.05794258e+01, 2.66497498e+02, 4.70470619e+01,
    2.88134430e+02, 4.34059029e+01, 3.10442322e+02, 3.95922546e+01,
    2.08135056e+02, 7.89577942e+01, 2.28212967e+02, 7.55976639e+01,
    2.48718338e+02, 7.22629318e+01, 2.69392853e+02, 6.89239197e+01,
    2.90586334e+02, 6.54973221e+01, 3.11824982e+02, 6.19568367e+01,
    2.13022964e+02, 9.88062210e+01, 2.32456696e+02, 9.57624054e+01,
    2.52287796e+02, 9.26000595e+01, 2.72233124e+02, 8.95647049e+01,
    2.92638092e+02, 8.63312149e+01, 3.13139893e+02, 8.30911713e+01,
    2.17600937e+02, 1.17161446e+02, 2.36384628e+02, 1.14427338e+02,
    2.55530136e+02, 1.11524643e+02, 2.74752289e+02, 1.08662109e+02,
    2.94327301e+02, 1.05606079e+02, 3.14291809e+02, 1.02636726e+02,
    2.21950729e+02, 1.34309891e+02, 2.40074326e+02, 1.31729889e+02,
    2.58599243e+02, 1.29033951e+02, 2.77227814e+02, 1.26447426e+02,
    2.96146912e+02, 1.23651482e+02, 3.15352203e+02, 1.20795197e+02,
    2.25933823e+02, 1.50268997e+02, 2.43615295e+02, 1.47981125e+02,
    2.61401581e+02, 1.45557190e+02, 2.79458832e+02, 1.42893982e+02,
    2.97768036e+02, 1.40342422e+02, 3.16303833e+02, 1.37770035e+02,
    2.29731369e+02, 1.65349701e+02, 2.46792084e+02, 1.63084503e+02,
    2.64079895e+02, 1.60764053e+02, 2.81551788e+02, 1.58373444e+02,
    2.99312958e+02, 1.55902069e+02, 3.17249512e+02, 1.53530487e+02,
    2.33248230e+02, 1.79452606e+02, 2.49812363e+02, 1.77309113e+02,
    2.66600189e+02, 1.75158249e+02, 2.83562714e+02, 1.72920258e+02,
    3.00682312e+02, 1.70706070e+02, 3.18245667e+02, 1.68369354e+02 ]
