%YAML:1.0
---
points: [ 1.12457361e+03, 3.84210236e+02, 1.13541589e+03, 4.28365723e+02,
    1.14561816e+03, 4.70693176e+02, 1.15577075e+03, 5.11782745e+02,
    1.16547620e+03, 5.51469727e+02, 1.17524707e+03, 5.90036865e+02,
    1.07839453e+03, 3.93366669e+02, 1.08976147e+03, 4.36489685e+02,
    1.10061194e+03, 4.78149200e+02, 1.11142871e+03, 5.18478394e+02,
    1.12161902e+03, 5.57431702e+02, 1.13175586e+03, 5.95403198e+02,
    1.03335864e+03, 4.02515472e+02, 1.04529773e+03, 4.44709839e+02,
    1.05673694e+03, 4.85607452e+02, 1.06782275e+03, 5.25042786e+02,
    1.07875940e+03, 5.63461121e+02, 1.08934167e+03, 6.00620789e+02,
    9.90171936e+02, 4.11219940e+02, 1.00238702e+03, 4.52587189e+02,
    1.01452173e+03, 4.92546844e+02, 1.02632947e+03, 5.31344971e+02,
    1.03750403e+03, 5.69156738e+02, 1.04850000e+03, 6.05541504e+02,
    9.48164307e+02, 4.19457062e+02, 9.61092834e+02, 4.60123077e+02,
    9.73519287e+02, 4.99455841e+02, 9.85591736e+02, 5.37627075e+02,
    9.97416931e+02, 5.74554565e+02, 1.00870306e+03, 6.10334839e+02,
    9.07546570e+02, 4.27633728e+02, 9.20825562e+02, 4.67362549e+02,
    9.33698547e+02, 5.06212646e+02, 9.46369873e+02, 5.43586975e+02,
    9.58533875e+02, 5.79964478e+02, 9.70324524e+02, 6.15243408e+02,
    8.67941650e+02, 4.35250793e+02, 8.81843201e+02, 4.74559326e+02,
    8.95288452e+02, 5.12513611e+02, 9.08339539e+02, 5.49370972e+02,
    9.20820801e+02, 5.85194824e+02, 9.32879883e+02, 6.19713562e+02,
    8.29627380e+02, 4.42837982e+02, 8.43817627e+02, 4.81368408e+02,
    8.57539001e+02, 5.18677673e+02, 8.71019470e+02, 5.54807678e+02,
    8.83983093e+02, 5.90253784e+02, 8.96535034e+02, 6.24302917e+02 ]
