%YAML:1.0
---
points: [ 1.48791016e+02, 1.30064789e+02, 1.54645950e+02, 1.15186165e+02,
    1.60582413e+02, 9.97653427e+01, 1.66702835e+02, 8.41845398e+01,
    1.73053818e+02, 6.80041275e+01, 1.79423599e+02, 5.13675346e+01,
    1.64100311e+02, 1.35775345e+02, 1.69942490e+02, 1.21245697e+02,
    1.75952072e+02, 1.06367340e+02, 1.82113678e+02, 9.10989227e+01,
    1.88361404e+02, 7.54053040e+01, 1.94991486e+02, 5.93986092e+01,
    1.78569016e+02, 1.41249084e+02, 1.84462234e+02, 1.27191193e+02,
    1.90500885e+02, 1.12720062e+02, 1.96671921e+02, 9.78594971e+01,
    2.03095978e+02, 8.26057129e+01, 2.09574753e+02, 6.70248871e+01,
    1.92498062e+02, 1.46474335e+02, 1.98347137e+02, 1.32719193e+02,
    2.04402695e+02, 1.18724800e+02, 2.10584564e+02, 1.04235550e+02,
    2.17076416e+02, 8.94452362e+01, 2.23601761e+02, 7.43045731e+01,
    2.05642349e+02, 1.51409760e+02, 2.11542740e+02, 1.38164780e+02,
    2.17708176e+02, 1.24427681e+02, 2.23945862e+02, 1.10413185e+02,
    2.30258926e+02, 9.59365540e+01, 2.36856003e+02, 8.11955566e+01,
    2.18287048e+02, 1.56213821e+02, 2.24213516e+02, 1.43185562e+02,
    2.30279007e+02, 1.29944321e+02, 2.36545181e+02, 1.16192238e+02,
    2.42952957e+02, 1.02240738e+02, 2.49553940e+02, 8.77854919e+01,
    2.30297165e+02, 1.60717255e+02, 2.36288895e+02, 1.48122543e+02,
    2.42511093e+02, 1.35111343e+02, 2.48739853e+02, 1.21853958e+02,
    2.55198486e+02, 1.08204376e+02, 2.61777527e+02, 9.42008591e+01,
    2.41931717e+02, 1.65066528e+02, 2.47874710e+02, 1.52762405e+02,
    2.53964127e+02, 1.40123962e+02, 2.60265808e+02, 1.27092278e+02,
    2.66756744e+02, 1.13865837e+02, 2.73278229e+02, 1.00192566e+02 ]
