%YAML:1.0
---
points: [ 5.63454590e+02, 2.87730713e+02, 5.79631958e+02, 2.43543793e+02,
    5.96186951e+02, 1.98191910e+02, 6.13293823e+02, 1.51607651e+02,
    6.30639648e+02, 1.03476944e+02, 6.48651855e+02, 5.40149460e+01,
    6.10505432e+02, 3.05094208e+02, 6.26657104e+02, 2.62150024e+02,
    6.43575134e+02, 2.17924225e+02, 6.60806824e+02, 1.72716400e+02,
    6.78415894e+02, 1.26239189e+02, 6.96413208e+02, 7.83083725e+01,
    6.55037598e+02, 3.21316528e+02, 6.71548584e+02, 2.79574982e+02,
    6.88421692e+02, 2.36808456e+02, 7.05866638e+02, 1.93093964e+02,
    7.23623779e+02, 1.47560608e+02, 7.41856506e+02, 1.01334175e+02,
    6.97695740e+02, 3.36637604e+02, 7.14244507e+02, 2.96358826e+02,
    7.31353271e+02, 2.54693481e+02, 7.48618469e+02, 2.12197754e+02,
    7.66575012e+02, 1.68296799e+02, 7.84830933e+02, 1.23180641e+02,
    7.38183655e+02, 3.51494385e+02, 7.54878052e+02, 3.12229065e+02,
    7.71959595e+02, 2.71806427e+02, 7.89476562e+02, 2.30477570e+02,
    8.07454529e+02, 1.87797409e+02, 8.25948547e+02, 1.44032181e+02,
    7.76822388e+02, 3.65576294e+02, 7.93531494e+02, 3.27403168e+02,
    8.10793396e+02, 2.88157104e+02, 8.28420288e+02, 2.47709763e+02,
    8.46484863e+02, 2.06392731e+02, 8.64849182e+02, 1.63783188e+02,
    8.13725525e+02, 3.79097351e+02, 8.30636963e+02, 3.41754456e+02,
    8.48000610e+02, 3.03572571e+02, 8.65695557e+02, 2.64357666e+02,
    8.83630920e+02, 2.24185608e+02, 9.02436157e+02, 1.82825562e+02,
    8.49152344e+02, 3.91769623e+02, 8.65987610e+02, 3.55562653e+02,
    8.83308411e+02, 3.18283234e+02, 9.00889587e+02, 2.80228821e+02,
    9.19189392e+02, 2.41011551e+02, 9.37607239e+02, 2.00700027e+02 ]
