%YAML:1.0
---
points: [ 1.79120392e+02, 7.40465576e+02, 2.00317398e+02, 7.12446167e+02,
    2.21440598e+02, 6.84650024e+02, 2.42545593e+02, 6.57333801e+02,
    2.63402466e+02, 6.30058105e+02, 2.84089355e+02, 6.03309753e+02,
    2.08443436e+02, 7.48990479e+02, 2.29191513e+02, 7.21556458e+02,
    2.49742615e+02, 6.94417175e+02, 2.70308472e+02, 6.67593445e+02,
    2.90480652e+02, 6.41077576e+02, 3.10624237e+02, 6.14687561e+02,
    2.36593689e+02, 7.57082764e+02, 2.56613892e+02, 7.30275696e+02,
    2.76776855e+02, 7.03538696e+02, 2.96645050e+02, 6.77443054e+02,
    3.16337341e+02, 6.51329712e+02, 3.35865326e+02, 6.25612793e+02,
    2.63429749e+02, 7.64777710e+02, 2.82893036e+02, 7.38499573e+02,
    3.02526459e+02, 7.12391602e+02, 3.21890350e+02, 6.86632080e+02,
    3.41044464e+02, 6.61233215e+02, 3.60177734e+02, 6.35981812e+02,
    2.89209869e+02, 7.71919006e+02, 3.08099884e+02, 7.46344482e+02,
    3.27221436e+02, 7.20685547e+02, 3.45986115e+02, 6.95450684e+02,
    3.64661316e+02, 6.70464233e+02, 3.83108978e+02, 6.45898987e+02,
    3.13672607e+02, 7.78972961e+02, 3.32166840e+02, 7.53734741e+02,
    3.50696075e+02, 7.28684082e+02, 3.69134308e+02, 7.03869507e+02,
    3.87250824e+02, 6.79434875e+02, 4.05199249e+02, 6.55242554e+02,
    3.37247498e+02, 7.85619568e+02, 3.55273468e+02, 7.60800476e+02,
    3.73466553e+02, 7.36324158e+02, 3.91325592e+02, 7.12125000e+02,
    4.08914795e+02, 6.88093384e+02, 4.26422729e+02, 6.64349792e+02,
    3.59795013e+02, 7.91792908e+02, 3.77457581e+02, 7.67552979e+02,
    3.94955658e+02, 7.43502747e+02, 4.12406128e+02, 7.19690613e+02,
    4.29514160e+02, 6.96175598e+02, 4.46616669e+02, 6.72852478e+02 ]
