%YAML:1.0
---
points: [ 3.17181030e+02, 5.56969070e+01, 3.35062836e+02, 6.48252029e+01,
    3.53048615e+02, 7.40429764e+01, 3.71234985e+02, 8.33532257e+01,
    3.89369751e+02, 9.26985092e+01, 4.07682373e+02, 1.02191788e+02,
    3.08931732e+02, 7.40871048e+01, 3.26161896e+02, 8.28673706e+01,
    3.43486176e+02, 9.17789307e+01, 3.60836060e+02, 1.00841133e+02,
    3.78486694e+02, 1.09799477e+02, 3.96085144e+02, 1.18957375e+02,
    3.01210388e+02, 9.13308487e+01, 3.17715607e+02, 9.98693924e+01,
    3.34504791e+02, 1.08479362e+02, 3.51150574e+02, 1.17181053e+02,
    3.68121979e+02, 1.25907776e+02, 3.85051178e+02, 1.34721268e+02,
    2.93966217e+02, 1.07358917e+02, 3.09882812e+02, 1.15701927e+02,
    3.26007507e+02, 1.24079163e+02, 3.42198669e+02, 1.32394882e+02,
    3.58471741e+02, 1.40815964e+02, 3.74914001e+02, 1.49397903e+02,
    2.87317017e+02, 1.22321953e+02, 3.02674103e+02, 1.30291779e+02,
    3.18167694e+02, 1.38441315e+02, 3.33754395e+02, 1.46606186e+02,
    3.49591064e+02, 1.54785126e+02, 3.65297150e+02, 1.63028976e+02,
    2.81064392e+02, 1.36198135e+02, 2.95947571e+02, 1.44095566e+02,
    3.10763947e+02, 1.51938904e+02, 3.25936188e+02, 1.59849670e+02,
    3.41022522e+02, 1.67758286e+02, 3.56390564e+02, 1.75842758e+02,
    2.75277771e+02, 1.49236603e+02, 2.89591095e+02, 1.56858978e+02,
    3.04020020e+02, 1.64554276e+02, 3.18555725e+02, 1.72171295e+02,
    3.33300720e+02, 1.79912750e+02, 3.48005890e+02, 1.87676559e+02,
    2.69733154e+02, 1.61472641e+02, 2.83731934e+02, 1.68887161e+02,
    2.97610901e+02, 1.76321075e+02, 3.11742035e+02, 1.83807617e+02,
    3.25858948e+02, 1.91291000e+02, 3.40186920e+02, 1.98939774e+02 ]
