%YAML:1.0
---
points: [ 2.94899933e+02, 2.10091797e+02, 3.00077362e+02, 2.21170319e+02,
    3.05566010e+02, 2.32586960e+02, 3.11190033e+02, 2.44498428e+02,
    3.17056213e+02, 2.56718262e+02, 3.23076813e+02, 2.69579315e+02,
    2.82712830e+02, 2.15095871e+02, 2.87753418e+02, 2.26248398e+02,
    2.92872589e+02, 2.37805725e+02, 2.98346008e+02, 2.49745422e+02,
    3.03892914e+02, 2.62162903e+02, 3.09818024e+02, 2.75012329e+02,
    2.70445099e+02, 2.20173737e+02, 2.75226532e+02, 2.31402023e+02,
    2.80329254e+02, 2.43027985e+02, 2.85393433e+02, 2.54988525e+02,
    2.90813538e+02, 2.67554138e+02, 2.96323608e+02, 2.80457184e+02,
    2.58226929e+02, 2.25234543e+02, 2.62838074e+02, 2.36521957e+02,
    2.67679077e+02, 2.48230743e+02, 2.72650848e+02, 2.60325439e+02,
    2.77776855e+02, 2.72915833e+02, 2.83074402e+02, 2.85939117e+02,
    2.46044403e+02, 2.30246613e+02, 2.50511841e+02, 2.41594528e+02,
    2.55049286e+02, 2.53382141e+02, 2.59767426e+02, 2.65657471e+02,
    2.64726013e+02, 2.78293640e+02, 2.69794556e+02, 2.91411530e+02,
    2.33896072e+02, 2.35286118e+02, 2.38175568e+02, 2.46737259e+02,
    2.42460876e+02, 2.58680969e+02, 2.47025314e+02, 2.70952240e+02,
    2.51677048e+02, 2.83750977e+02, 2.56547119e+02, 2.96955200e+02,
    2.21695129e+02, 2.40341675e+02, 2.25711945e+02, 2.51989792e+02,
    2.29895752e+02, 2.63831665e+02, 2.34210754e+02, 2.76232635e+02,
    2.38685608e+02, 2.89144897e+02, 2.43238632e+02, 3.02528015e+02,
    2.09405411e+02, 2.45441071e+02, 2.13353058e+02, 2.57093506e+02,
    2.17263092e+02, 2.69158417e+02, 2.21326096e+02, 2.81636414e+02,
    2.25550613e+02, 2.94626221e+02, 2.29974579e+02, 3.08075165e+02 ]
