%YAML:1.0
---
points: [ 2.20911575e+02, 6.57292328e+01, 2.38757751e+02, 6.13936806e+01,
    2.56149353e+02, 5.70736122e+01, 2.73277924e+02, 5.28710289e+01,
    2.89941101e+02, 4.88164558e+01, 3.06717957e+02, 4.47688065e+01,
    2.22839355e+02, 8.24506073e+01, 2.39881912e+02, 7.81336441e+01,
    2.56655762e+02, 7.38257523e+01, 2.73000854e+02, 6.96655350e+01,
    2.89191437e+02, 6.54986191e+01, 3.05028442e+02, 6.15329170e+01,
    2.24641663e+02, 9.78646851e+01, 2.40947510e+02, 9.35204926e+01,
    2.57047333e+02, 8.92454681e+01, 2.72825989e+02, 8.51436996e+01,
    2.88425903e+02, 8.08434372e+01, 3.03704498e+02, 7.68705215e+01,
    2.26254913e+02, 1.12240273e+02, 2.41988281e+02, 1.07854301e+02,
    2.57415314e+02, 1.03634758e+02, 2.72705322e+02, 9.93352356e+01,
    2.87604156e+02, 9.53945389e+01, 3.02371216e+02, 9.12531052e+01,
    2.27741974e+02, 1.25348709e+02, 2.42806061e+02, 1.21093834e+02,
    2.57772766e+02, 1.16946198e+02, 2.72388428e+02, 1.12840889e+02,
    2.86896851e+02, 1.08752113e+02, 3.01039062e+02, 1.04710625e+02,
    2.29152115e+02, 1.37683167e+02, 2.43685806e+02, 1.33539719e+02,
    2.58077393e+02, 1.29331711e+02, 2.72262085e+02, 1.25203064e+02,
    2.86149261e+02, 1.21183258e+02, 2.99962341e+02, 1.17160133e+02,
    2.30463699e+02, 1.49022415e+02, 2.44452728e+02, 1.44958572e+02,
    2.58454987e+02, 1.40907166e+02, 2.72095673e+02, 1.36909164e+02,
    2.85509064e+02, 1.32853378e+02, 2.98808685e+02, 1.28931656e+02,
    2.31571121e+02, 1.59784988e+02, 2.45253708e+02, 1.55695404e+02,
    2.58607208e+02, 1.51661179e+02, 2.71951141e+02, 1.47656937e+02,
    2.84868011e+02, 1.43722275e+02, 2.97793549e+02, 1.39782898e+02 ]
