%YAML:1.0
---
points: [ 3.20689056e+02, 5.78690979e+02, 3.19661438e+02, 5.55091187e+02,
    3.18738251e+02, 5.30749756e+02, 3.17786224e+02, 5.06127350e+02,
    3.16775024e+02, 4.80376831e+02, 3.15617401e+02, 4.53880676e+02,
    3.53979370e+02, 5.81558716e+02, 3.53494415e+02, 5.58289124e+02,
    3.52993835e+02, 5.34279419e+02, 3.52480438e+02, 5.09559570e+02,
    3.52084930e+02, 4.84336975e+02, 3.51368164e+02, 4.58148621e+02,
    3.86412567e+02, 5.84354187e+02, 3.86447693e+02, 5.61340088e+02,
    3.86500214e+02, 5.37584106e+02, 3.86473511e+02, 5.13258667e+02,
    3.86502258e+02, 4.88077057e+02, 3.86514496e+02, 4.62301300e+02,
    4.18553925e+02, 5.86892029e+02, 4.19169342e+02, 5.64262817e+02,
    4.19520691e+02, 5.40697815e+02, 4.20054199e+02, 5.16822388e+02,
    4.20607178e+02, 4.91851746e+02, 4.21263641e+02, 4.66403931e+02,
    4.50221619e+02, 5.89553528e+02, 4.51236664e+02, 5.67025146e+02,
    4.52219025e+02, 5.43894775e+02, 4.53255676e+02, 5.19996704e+02,
    4.54041779e+02, 4.95586823e+02, 4.55017883e+02, 4.70428619e+02,
    4.81302002e+02, 5.92256836e+02, 4.82560699e+02, 5.69875610e+02,
    4.84074554e+02, 5.46931152e+02, 4.85500397e+02, 5.23484619e+02,
    4.86805634e+02, 4.99202423e+02, 4.88379303e+02, 4.74326752e+02,
    5.11941650e+02, 5.94599182e+02, 5.13699463e+02, 5.72548401e+02,
    5.15532288e+02, 5.49927917e+02, 5.17446533e+02, 5.26665649e+02,
    5.19236023e+02, 5.02649689e+02, 5.21214722e+02, 4.78063416e+02,
    5.42080078e+02, 5.97215149e+02, 5.44050781e+02, 5.75263916e+02,
    5.46220154e+02, 5.52826111e+02, 5.48537964e+02, 5.29808044e+02,
    5.50674194e+02, 5.06351654e+02, 5.53282837e+02, 4.81751190e+02 ]
