%YAML:1.0
---
points: [ 7.64500793e+02, 9.71926727e+01, 8.17730774e+02, 8.44224701e+01,
    8.70137573e+02, 7.17412872e+01, 9.21459595e+02, 5.94807091e+01,
    9.71559265e+02, 4.71226196e+01, 1.02103674e+03, 3.49685059e+01,
    7.73596802e+02, 1.46893509e+02, 8.24558228e+02, 1.34394669e+02,
    8.74750916e+02, 1.21682129e+02, 9.23769775e+02, 1.09498703e+02,
    9.72081360e+02, 9.72197647e+01, 1.01946588e+03, 8.52335434e+01,
    7.81764404e+02, 1.92872192e+02, 8.30873840e+02, 1.80310867e+02,
    8.78966064e+02, 1.67669907e+02, 9.26078796e+02, 1.55608643e+02,
    9.72548340e+02, 1.43448303e+02, 1.01788434e+03, 1.31407364e+02,
    7.89741089e+02, 2.35347046e+02, 8.36660461e+02, 2.22756744e+02,
    8.82758484e+02, 2.10443527e+02, 9.28240051e+02, 1.98226440e+02,
    9.72745117e+02, 1.86207764e+02, 1.01672552e+03, 1.74341278e+02,
    7.96694824e+02, 2.74511017e+02, 8.42021729e+02, 2.61931152e+02,
    8.86352966e+02, 2.49816574e+02, 9.30000427e+02, 2.37692581e+02,
    9.73185547e+02, 2.25663864e+02, 1.01551355e+03, 2.13848541e+02,
    8.03303406e+02, 3.10734741e+02, 8.46923401e+02, 2.98440765e+02,
    8.89909058e+02, 2.86389862e+02, 9.31986267e+02, 2.74430359e+02,
    9.73475098e+02, 2.62525452e+02, 1.01427051e+03, 2.50770233e+02,
    8.09406921e+02, 3.44576385e+02, 8.51463257e+02, 3.32435699e+02,
    8.92735840e+02, 3.20549072e+02, 9.33495483e+02, 3.08750366e+02,
    9.73696838e+02, 2.97116760e+02, 1.01309729e+03, 2.85575836e+02,
    8.15141418e+02, 3.76000519e+02, 8.55635437e+02, 3.64151703e+02,
    8.95753784e+02, 3.52251129e+02, 9.34983215e+02, 3.40535187e+02,
    9.73840454e+02, 3.29164948e+02, 1.01210394e+03, 3.17668213e+02 ]
