%YAML:1.0
---
points: [ 2.89552490e+02, 1.55115234e+02, 2.98740082e+02, 1.66782013e+02,
    3.08139404e+02, 1.78608856e+02, 3.17675385e+02, 1.90644913e+02,
    3.27450256e+02, 2.02770218e+02, 3.37318176e+02, 2.15208008e+02,
    2.77391327e+02, 1.64470169e+02, 2.86594604e+02, 1.76151398e+02,
    2.95791504e+02, 1.87962494e+02, 3.05275208e+02, 1.99939590e+02,
    3.14816559e+02, 2.12220978e+02, 3.24530487e+02, 2.24638016e+02,
    2.65307983e+02, 1.73758865e+02, 2.74346405e+02, 1.85517838e+02,
    2.83495972e+02, 1.97379776e+02, 2.92740021e+02, 2.09444763e+02,
    3.02359039e+02, 2.21594650e+02, 3.11713562e+02, 2.33933929e+02,
    2.53379456e+02, 1.82963303e+02, 2.62278809e+02, 1.94687744e+02,
    2.71350464e+02, 2.06620239e+02, 2.80543396e+02, 2.18705322e+02,
    2.89764679e+02, 2.31017258e+02, 2.99346619e+02, 2.43422104e+02,
    2.41499649e+02, 1.92133972e+02, 2.50299561e+02, 2.03895264e+02,
    2.59266205e+02, 2.15794724e+02, 2.68235504e+02, 2.27955795e+02,
    2.77519257e+02, 2.40274338e+02, 2.87243469e+02, 2.52388245e+02,
    2.29702911e+02, 2.01249908e+02, 2.38415344e+02, 2.13071518e+02,
    2.47193420e+02, 2.25006073e+02, 2.56206451e+02, 2.37136612e+02,
    2.65277649e+02, 2.49434814e+02, 2.74535095e+02, 2.62034210e+02,
    2.17928864e+02, 2.10263046e+02, 2.26560226e+02, 2.22091400e+02,
    2.35277267e+02, 2.34123962e+02, 2.44111359e+02, 2.46309891e+02,
    2.53111893e+02, 2.58675873e+02, 2.62186096e+02, 2.71296875e+02,
    2.06135422e+02, 2.19370667e+02, 2.14737473e+02, 2.31187927e+02,
    2.23330933e+02, 2.43257965e+02, 2.32095337e+02, 2.55446457e+02,
    2.40913132e+02, 2.67872589e+02, 2.49969589e+02, 2.80482361e+02 ]
