%YAML:1.0
---
points: [ 2.05606293e+02, 2.54126114e+02, 2.05196762e+02, 2.45049774e+02,
    2.04622528e+02, 2.35394653e+02, 2.04162018e+02, 2.25350540e+02,
    2.03452316e+02, 2.14636124e+02, 2.02831726e+02, 2.03408432e+02,
    2.19126419e+02, 2.54947708e+02, 2.18893066e+02, 2.45926743e+02,
    2.18734558e+02, 2.36272339e+02, 2.18496674e+02, 2.26226852e+02,
    2.18341354e+02, 2.15709930e+02, 2.18162125e+02, 2.04542892e+02,
    2.32304306e+02, 2.55842789e+02, 2.32581650e+02, 2.46863510e+02,
    2.32679306e+02, 2.37316803e+02, 2.32904312e+02, 2.27344345e+02,
    2.33129242e+02, 2.16712540e+02, 2.33346329e+02, 2.05462799e+02,
    2.45701935e+02, 2.56733521e+02, 2.46148163e+02, 2.47615326e+02,
    2.46759369e+02, 2.38182648e+02, 2.47276077e+02, 2.28192764e+02,
    2.47867752e+02, 2.17711182e+02, 2.48402115e+02, 2.06617416e+02,
    2.58933563e+02, 2.57512573e+02, 2.59799988e+02, 2.48609177e+02,
    2.60654480e+02, 2.39143494e+02, 2.61588013e+02, 2.29234619e+02,
    2.62566040e+02, 2.18677094e+02, 2.63655548e+02, 2.07549866e+02,
    2.72234741e+02, 2.58460358e+02, 2.73371399e+02, 2.49500381e+02,
    2.74679901e+02, 2.40099915e+02, 2.75927490e+02, 2.30168457e+02,
    2.77310059e+02, 2.19655457e+02, 2.78777588e+02, 2.08616409e+02,
    2.85565063e+02, 2.59399292e+02, 2.87072235e+02, 2.50345612e+02,
    2.88683868e+02, 2.41059937e+02, 2.90313202e+02, 2.31130264e+02,
    2.92053467e+02, 2.20573181e+02, 2.93961334e+02, 2.09572281e+02,
    2.98880890e+02, 2.60277924e+02, 3.00699493e+02, 2.51368332e+02,
    3.02577911e+02, 2.41924759e+02, 3.04688324e+02, 2.32097015e+02,
    3.06823364e+02, 2.21638290e+02, 3.09090027e+02, 2.10614807e+02 ]
