%YAML:1.0
---
points: [ 9.82706726e+02, 3.61050415e+02, 1.00960266e+03, 3.95296875e+02,
    1.03705261e+03, 4.29935272e+02, 1.06471130e+03, 4.65218384e+02,
    1.09295654e+03, 5.01026947e+02, 1.12146545e+03, 5.37648560e+02,
    9.47521179e+02, 3.88575287e+02, 9.74212891e+02, 4.22827637e+02,
    1.00113440e+03, 4.57799072e+02, 1.02849072e+03, 4.93085785e+02,
    1.05637451e+03, 5.29278564e+02, 1.08438818e+03, 5.65849792e+02,
    9.12295776e+02, 4.16352325e+02, 9.38498291e+02, 4.50761139e+02,
    9.65234131e+02, 4.85617279e+02, 9.92030579e+02, 5.21290833e+02,
    1.01933319e+03, 5.57665588e+02, 1.04684143e+03, 5.94283569e+02,
    8.77383972e+02, 4.43703003e+02, 9.03286438e+02, 4.78329315e+02,
    9.29617493e+02, 5.13364502e+02, 9.56199646e+02, 5.48894409e+02,
    9.83174744e+02, 5.85186035e+02, 1.01048645e+03, 6.21995483e+02,
    8.42467346e+02, 4.70874451e+02, 8.68201782e+02, 5.05516479e+02,
    8.94010864e+02, 5.40811768e+02, 9.20243286e+02, 5.76552368e+02,
    9.46883789e+02, 6.12835266e+02, 9.73755432e+02, 6.49684021e+02,
    8.07788574e+02, 4.98025665e+02, 8.33173645e+02, 5.32588257e+02,
    8.58679688e+02, 5.68080261e+02, 8.84600708e+02, 6.03880981e+02,
    9.10867554e+02, 6.40336792e+02, 9.37553955e+02, 6.77357971e+02,
    7.73211365e+02, 5.24841187e+02, 7.98347595e+02, 5.59688110e+02,
    8.23586365e+02, 5.95249207e+02, 8.49318726e+02, 6.31081482e+02,
    8.75189514e+02, 6.67619995e+02, 9.01462585e+02, 7.04701172e+02,
    7.38577209e+02, 5.51721802e+02, 7.63405640e+02, 5.86617981e+02,
    7.88511536e+02, 6.22225159e+02, 8.13761902e+02, 6.58231262e+02,
    8.39421875e+02, 6.94853577e+02, 8.65335754e+02, 7.32156677e+02 ]
