%YAML:1.0
---
points: [ 3.92461029e+02, 3.12999847e+02, 4.23354492e+02, 3.02835114e+02,
    4.54198486e+02, 2.92762878e+02, 4.84834778e+02, 2.82903046e+02,
    5.15542725e+02, 2.72969238e+02, 5.46070557e+02, 2.63063324e+02,
    4.08426483e+02, 3.42554291e+02, 4.39077545e+02, 3.32729553e+02,
    4.69423004e+02, 3.22640198e+02, 4.99692444e+02, 3.12895966e+02,
    5.30013000e+02, 3.02980438e+02, 5.60096069e+02, 2.93183228e+02,
    4.24069916e+02, 3.71516388e+02, 4.54127655e+02, 3.61463440e+02,
    4.84230927e+02, 3.51646027e+02, 5.14272461e+02, 3.41847534e+02,
    5.44114075e+02, 3.32270111e+02, 5.73659546e+02, 3.22475433e+02,
    4.39364746e+02, 3.99491669e+02, 4.69119354e+02, 3.89650482e+02,
    4.98702820e+02, 3.79862396e+02, 5.28382874e+02, 3.70349121e+02,
    5.57685608e+02, 3.60489227e+02, 5.87032776e+02, 3.50993439e+02,
    4.54307617e+02, 4.26886200e+02, 4.83514984e+02, 4.17030609e+02,
    5.13017273e+02, 4.07462372e+02, 5.41969055e+02, 3.97702759e+02,
    5.71088074e+02, 3.88147461e+02, 5.99891846e+02, 3.78662323e+02,
    4.68678894e+02, 4.53364136e+02, 4.97781464e+02, 4.43825836e+02,
    5.26594971e+02, 4.34060272e+02, 5.55381165e+02, 4.24538757e+02,
    5.84034729e+02, 4.15050171e+02, 6.12526245e+02, 4.05572998e+02,
    4.82993286e+02, 4.79503815e+02, 5.11511658e+02, 4.69697296e+02,
    5.40250549e+02, 4.60362213e+02, 5.68417908e+02, 4.50821106e+02,
    5.96678101e+02, 4.41332794e+02, 6.27283325e+02, 4.31966400e+02,
    4.96697571e+02, 5.04606506e+02, 5.25046265e+02, 4.95190704e+02,
    5.53140381e+02, 4.85454926e+02, 5.81192871e+02, 4.76274689e+02,
    6.08917542e+02, 4.66762207e+02, 6.36298645e+02, 4.56962799e+02 ]
