%YAML:1.0
---
points: [ 4.82266296e+02, 1.71158630e+02, 4.96788971e+02, 2.00655319e+02,
    5.10911530e+02, 2.28815857e+02, 5.24466431e+02, 2.55748566e+02,
    5.37446899e+02, 2.81656799e+02, 5.50027344e+02, 3.06603302e+02,
    4.50329041e+02, 1.76630768e+02, 4.65667389e+02, 2.05846634e+02,
    4.80386993e+02, 2.33985428e+02, 4.94445923e+02, 2.60769196e+02,
    5.08120819e+02, 2.86535889e+02, 5.21104675e+02, 3.11329498e+02,
    4.18341766e+02, 1.82189529e+02, 4.34333862e+02, 2.11367081e+02,
    4.49573669e+02, 2.39215210e+02, 4.64366272e+02, 2.65890137e+02,
    4.78465363e+02, 2.91483398e+02, 4.92109406e+02, 3.16211670e+02,
    3.86487640e+02, 1.87691055e+02, 4.03060272e+02, 2.16571472e+02,
    4.19174774e+02, 2.44309753e+02, 4.34378296e+02, 2.70761505e+02,
    4.49240875e+02, 2.96456757e+02, 4.63278168e+02, 3.20708862e+02,
    3.54713531e+02, 1.93282150e+02, 3.72201355e+02, 2.22096481e+02,
    3.88540466e+02, 2.49504608e+02, 4.04440247e+02, 2.75991028e+02,
    4.19790039e+02, 3.01269592e+02, 4.34355377e+02, 3.25435822e+02,
    3.23275604e+02, 1.98760712e+02, 3.41119781e+02, 2.27388916e+02,
    3.58245911e+02, 2.54802704e+02, 3.74640808e+02, 2.80966858e+02,
    3.90595978e+02, 3.06302979e+02, 4.05611389e+02, 3.30255096e+02,
    2.91826508e+02, 2.04419083e+02, 3.10365295e+02, 2.32760025e+02,
    3.27954865e+02, 2.59973206e+02, 3.45187286e+02, 2.86046570e+02,
    3.61409119e+02, 3.10966217e+02, 3.77116455e+02, 3.34928802e+02,
    2.60569977e+02, 2.10129929e+02, 2.79669403e+02, 2.38222473e+02,
    2.97895508e+02, 2.65244202e+02, 3.15472260e+02, 2.91040710e+02,
    3.32348816e+02, 3.15908508e+02, 3.48553711e+02, 3.39715729e+02 ]
