%YAML:1.0
---
points: [ 1.99530182e+02, 2.28768295e+02, 2.00289749e+02, 2.15975708e+02,
    2.01123856e+02, 2.03137650e+02, 2.01831406e+02, 1.90299911e+02,
    2.02534973e+02, 1.77512848e+02, 2.03328537e+02, 1.64553864e+02,
    2.12374847e+02, 2.29606354e+02, 2.13191010e+02, 2.16754456e+02,
    2.13889236e+02, 2.03855209e+02, 2.14682770e+02, 1.91219131e+02,
    2.15481125e+02, 1.78275452e+02, 2.16226501e+02, 1.65411041e+02,
    2.25209656e+02, 2.30310181e+02, 2.25960007e+02, 2.17564392e+02,
    2.27099030e+02, 2.05014847e+02, 2.27523102e+02, 1.91826279e+02,
    2.28328339e+02, 1.79182632e+02, 2.29085175e+02, 1.66244507e+02,
    2.38085083e+02, 2.31095200e+02, 2.38445663e+02, 2.18532639e+02,
    2.39449127e+02, 2.05688766e+02, 2.40355362e+02, 1.92897568e+02,
    2.41052933e+02, 1.79908432e+02, 2.41863693e+02, 1.67186584e+02,
    2.50673828e+02, 2.31893311e+02, 2.51662796e+02, 2.19513550e+02,
    2.51904694e+02, 2.06760574e+02, 2.53065186e+02, 1.93575150e+02,
    2.53851822e+02, 1.80661789e+02, 2.54625870e+02, 1.67929199e+02,
    2.63597168e+02, 2.32738983e+02, 2.64130646e+02, 2.20127136e+02,
    2.65083313e+02, 2.07375992e+02, 2.65823364e+02, 1.94430298e+02,
    2.66694122e+02, 1.81626205e+02, 2.67414825e+02, 1.68713806e+02,
    2.76157898e+02, 2.33585098e+02, 2.77137451e+02, 2.20804077e+02,
    2.77811066e+02, 2.08019135e+02, 2.78713226e+02, 1.95242462e+02,
    2.79461609e+02, 1.82343582e+02, 2.80265167e+02, 1.69546829e+02,
    2.89023010e+02, 2.34390320e+02, 2.89806244e+02, 2.21673508e+02,
    2.90561371e+02, 2.08802887e+02, 2.91465424e+02, 1.96099609e+02,
    2.92244690e+02, 1.83286301e+02, 2.93106812e+02, 1.70375122e+02 ]
