%YAML:1.0
---
points: [ 1.06853015e+03, 5.22125000e+02, 1.07073035e+03, 5.59736633e+02,
    1.07344702e+03, 5.97395081e+02, 1.07574670e+03, 6.34886597e+02,
    1.07846423e+03, 6.72548279e+02, 1.08092017e+03, 7.10395020e+02,
    1.03097314e+03, 5.24425110e+02, 1.03337256e+03, 5.61976257e+02,
    1.03583118e+03, 5.99717468e+02, 1.03840405e+03, 6.37448853e+02,
    1.04080481e+03, 6.75040344e+02, 1.04348267e+03, 7.12773254e+02,
    9.93062866e+02, 5.26890808e+02, 9.95668701e+02, 5.64617920e+02,
    9.98123657e+02, 6.02272522e+02, 1.00060608e+03, 6.39727051e+02,
    1.00310052e+03, 6.77459534e+02, 1.00563971e+03, 7.15146179e+02,
    9.55527649e+02, 5.29337769e+02, 9.58106506e+02, 5.66831116e+02,
    9.60552246e+02, 6.04562439e+02, 9.63174683e+02, 6.42309021e+02,
    9.65562500e+02, 6.79866333e+02, 9.68250183e+02, 7.17645386e+02,
    9.17899841e+02, 5.31731323e+02, 9.20540039e+02, 5.69527527e+02,
    9.23061035e+02, 6.07144958e+02, 9.25480896e+02, 6.44657593e+02,
    9.28026917e+02, 6.82362793e+02, 9.30480591e+02, 7.19873840e+02,
    8.80421570e+02, 5.34265503e+02, 8.82921265e+02, 5.71718933e+02,
    8.85445251e+02, 6.09453979e+02, 8.87820007e+02, 6.47175293e+02,
    8.90421082e+02, 6.84852417e+02, 8.92845459e+02, 7.22595398e+02,
    8.42754700e+02, 5.36581421e+02, 8.45306458e+02, 5.74418579e+02,
    8.47863342e+02, 6.12132019e+02, 8.50344727e+02, 6.49635193e+02,
    8.52834167e+02, 6.87382263e+02, 8.55264282e+02, 7.24993286e+02,
    8.04946045e+02, 5.39201599e+02, 8.07462769e+02, 5.76690674e+02,
    8.10164856e+02, 6.14453491e+02, 8.12527771e+02, 6.52181274e+02,
    8.15123718e+02, 6.89940613e+02, 8.17514526e+02, 7.27693970e+02 ]
