%YAML:1.0
---
points: [ 3.15138947e+02, 2.09254593e+02, 3.16004517e+02, 2.22094910e+02,
    3.16880219e+02, 2.34837509e+02, 3.17662964e+02, 2.47645401e+02,
    3.18540955e+02, 2.60339752e+02, 3.19442383e+02, 2.73270264e+02,
    3.02336792e+02, 2.10051880e+02, 3.03166748e+02, 2.22782913e+02,
    3.04093506e+02, 2.35619064e+02, 3.04961517e+02, 2.48365463e+02,
    3.05793762e+02, 2.61226837e+02, 3.06670502e+02, 2.74150421e+02,
    2.89545471e+02, 2.10833099e+02, 2.90342651e+02, 2.23670486e+02,
    2.91204987e+02, 2.36440781e+02, 2.92094330e+02, 2.49239777e+02,
    2.92896362e+02, 2.62053345e+02, 2.93795258e+02, 2.74882568e+02,
    2.76656372e+02, 2.11736603e+02, 2.77477905e+02, 2.24467270e+02,
    2.78395325e+02, 2.37331009e+02, 2.79239105e+02, 2.50044189e+02,
    2.80146149e+02, 2.62858582e+02, 2.81002838e+02, 2.75538849e+02,
    2.64297119e+02, 2.12516083e+02, 2.64804138e+02, 2.25366425e+02,
    2.65710144e+02, 2.38079025e+02, 2.66537445e+02, 2.50931137e+02,
    2.67421021e+02, 2.63610992e+02, 2.68293396e+02, 2.76374146e+02,
    2.51371262e+02, 2.13414154e+02, 2.52197128e+02, 2.26178329e+02,
    2.52951614e+02, 2.38946243e+02, 2.53843857e+02, 2.51637024e+02,
    2.54648697e+02, 2.64443268e+02, 2.55528976e+02, 2.77254395e+02,
    2.38653824e+02, 2.14097290e+02, 2.39359329e+02, 2.27045303e+02,
    2.40188217e+02, 2.39600006e+02, 2.41076401e+02, 2.52597961e+02,
    2.41922256e+02, 2.65249817e+02, 2.42773743e+02, 2.78156555e+02,
    2.25630463e+02, 2.14957047e+02, 2.26600922e+02, 2.27827225e+02,
    2.27399918e+02, 2.40559357e+02, 2.28260544e+02, 2.53304886e+02,
    2.29204590e+02, 2.66238312e+02, 2.29946304e+02, 2.78968842e+02 ]
