%YAML:1.0
---
points: [ 2.33787552e+02, 2.70406403e+02, 2.34593170e+02, 2.56806213e+02,
    2.35356873e+02, 2.43373398e+02, 2.36153641e+02, 2.29698242e+02,
    2.36886627e+02, 2.16116104e+02, 2.37623199e+02, 2.02137192e+02,
    2.43518311e+02, 2.73468231e+02, 2.44372375e+02, 2.59702271e+02,
    2.45219727e+02, 2.45787079e+02, 2.46007706e+02, 2.31783859e+02,
    2.46884949e+02, 2.17717728e+02, 2.47742661e+02, 2.03499420e+02,
    2.53730515e+02, 2.76703217e+02, 2.54730118e+02, 2.62524841e+02,
    2.55602722e+02, 2.48370941e+02, 2.56433289e+02, 2.33914352e+02,
    2.57313751e+02, 2.19631622e+02, 2.58238342e+02, 2.04925461e+02,
    2.64613434e+02, 2.80026184e+02, 2.65586273e+02, 2.65708771e+02,
    2.66474976e+02, 2.50914948e+02, 2.67500366e+02, 2.36324829e+02,
    2.68491882e+02, 2.21413284e+02, 2.69341339e+02, 2.06589661e+02,
    2.75986755e+02, 2.83780548e+02, 2.77064697e+02, 2.68890717e+02,
    2.78099976e+02, 2.53838440e+02, 2.79126251e+02, 2.38724884e+02,
    2.80159943e+02, 2.23537827e+02, 2.81281555e+02, 2.08147232e+02,
    2.88152252e+02, 2.87640228e+02, 2.89201843e+02, 2.72325439e+02,
    2.90277985e+02, 2.56825623e+02, 2.91400848e+02, 2.41265930e+02,
    2.92603546e+02, 2.25624252e+02, 2.93787079e+02, 2.09734863e+02,
    3.01109802e+02, 2.91837830e+02, 3.02257721e+02, 2.75977112e+02,
    3.03393005e+02, 2.60111938e+02, 3.04606232e+02, 2.44042480e+02,
    3.05862000e+02, 2.27866455e+02, 3.07161224e+02, 2.11591812e+02,
    3.14737793e+02, 2.96204742e+02, 3.16026886e+02, 2.79960693e+02,
    3.17243744e+02, 2.63522919e+02, 3.18501648e+02, 2.47035843e+02,
    3.19886414e+02, 2.30305435e+02, 3.21274841e+02, 2.13609406e+02 ]
