%YAML:1.0
---
points: [ 3.01461243e+02, 1.11694672e+02, 3.31259827e+02, 1.04404785e+02,
    3.61413391e+02, 9.71645508e+01, 3.91499481e+02, 8.97442017e+01,
    4.21808197e+02, 8.24638443e+01, 4.52330902e+02, 7.52559891e+01,
    3.19814514e+02, 1.40645142e+02, 3.49377106e+02, 1.33738693e+02,
    3.78796417e+02, 1.26562019e+02, 4.08419128e+02, 1.19449684e+02,
    4.38370819e+02, 1.12531708e+02, 4.68202057e+02, 1.05497246e+02,
    3.37957642e+02, 1.68897583e+02, 3.66737335e+02, 1.62073868e+02,
    3.95848755e+02, 1.55166687e+02, 4.24869232e+02, 1.48429581e+02,
    4.54136688e+02, 1.41502548e+02, 4.83450043e+02, 1.34734238e+02,
    3.55228973e+02, 1.95729889e+02, 3.83594513e+02, 1.89203598e+02,
    4.12140930e+02, 1.82431320e+02, 4.40862396e+02, 1.75932327e+02,
    4.69420105e+02, 1.69230484e+02, 4.98180176e+02, 1.62560730e+02,
    3.71966400e+02, 2.21805298e+02, 3.99818359e+02, 2.15292831e+02,
    4.27761536e+02, 2.08763977e+02, 4.56065186e+02, 2.02420502e+02,
    4.84268311e+02, 1.96062881e+02, 5.12459717e+02, 1.89510635e+02,
    3.88080017e+02, 2.46633347e+02, 4.15497314e+02, 2.40363480e+02,
    4.43217133e+02, 2.34250992e+02, 4.70782013e+02, 2.27979202e+02,
    4.98480469e+02, 2.21572311e+02, 5.26077759e+02, 2.15346527e+02,
    4.03670441e+02, 2.70687256e+02, 4.30685211e+02, 2.64520844e+02,
    4.57777252e+02, 2.58563354e+02, 4.84750214e+02, 2.52325455e+02,
    5.12041809e+02, 2.46192001e+02, 5.39314697e+02, 2.40061630e+02,
    4.18751801e+02, 2.93842102e+02, 4.45297943e+02, 2.87752319e+02,
    4.71872742e+02, 2.81911499e+02, 4.98583679e+02, 2.76029999e+02,
    5.25352356e+02, 2.69924469e+02, 5.52056030e+02, 2.64144684e+02 ]
