%YAML:1.0
---
points: [ 8.24911499e+02, 7.02259766e+02, 8.27332153e+02, 6.62565613e+02,
    8.29375000e+02, 6.22618530e+02, 8.31519958e+02, 5.82415771e+02,
    8.33530640e+02, 5.41806519e+02, 8.35645752e+02, 5.01271118e+02,
    8.52402893e+02, 7.11396729e+02, 8.54540039e+02, 6.70651245e+02,
    8.57086914e+02, 6.29627869e+02, 8.59195129e+02, 5.88439575e+02,
    8.61535095e+02, 5.46982056e+02, 8.63817017e+02, 5.05161987e+02,
    8.80789490e+02, 7.20837769e+02, 8.83375000e+02, 6.79250977e+02,
    8.85856873e+02, 6.37260254e+02, 8.88209961e+02, 5.94930847e+02,
    8.90876587e+02, 5.52330444e+02, 8.93414185e+02, 5.09397034e+02,
    9.11121765e+02, 7.31041260e+02, 9.13721863e+02, 6.88084656e+02,
    9.16443054e+02, 6.45112427e+02, 9.18934448e+02, 6.01700073e+02,
    9.21894836e+02, 5.57940918e+02, 9.24409180e+02, 5.13786926e+02,
    9.43208313e+02, 7.41753479e+02, 9.45946655e+02, 6.97667908e+02,
    9.48815063e+02, 6.53476562e+02, 9.51733826e+02, 6.08768250e+02,
    9.54467224e+02, 5.63927246e+02, 9.57524658e+02, 5.18598633e+02,
    9.76590942e+02, 7.53103760e+02, 9.79769958e+02, 7.07809448e+02,
    9.82741394e+02, 6.62270264e+02, 9.86024231e+02, 6.16516724e+02,
    9.89247009e+02, 5.70349792e+02, 9.92358765e+02, 5.23608032e+02,
    1.01276978e+03, 7.65324951e+02, 1.01617163e+03, 7.18628723e+02,
    1.01938300e+03, 6.71572754e+02, 1.02264374e+03, 6.24415222e+02,
    1.02630066e+03, 5.76786438e+02, 1.02948364e+03, 5.28867126e+02,
    1.05070068e+03, 7.78119690e+02, 1.05436072e+03, 7.30052734e+02,
    1.05780042e+03, 6.81648926e+02, 1.06137292e+03, 6.33248352e+02,
    1.06504016e+03, 5.84020752e+02, 1.06890759e+03, 5.34551025e+02 ]
