%YAML:1.0
---
points: [ 1.92678497e+02, 2.24852234e+02, 1.94552536e+02, 2.11656387e+02,
    1.96461517e+02, 1.98605637e+02, 1.98271759e+02, 1.85872360e+02,
    2.00043961e+02, 1.73596115e+02, 2.01745773e+02, 1.61437653e+02,
    2.06417114e+02, 2.25683548e+02, 2.08223053e+02, 2.12330536e+02,
    2.09903473e+02, 1.99296066e+02, 2.11638931e+02, 1.86592957e+02,
    2.13241974e+02, 1.74124695e+02, 2.14849594e+02, 1.62043076e+02,
    2.20309113e+02, 2.26364365e+02, 2.21894409e+02, 2.13100708e+02,
    2.23467041e+02, 1.99941727e+02, 2.24951263e+02, 1.87246521e+02,
    2.26421402e+02, 1.74635757e+02, 2.27952881e+02, 1.62451797e+02,
    2.34268677e+02, 2.27249634e+02, 2.35709259e+02, 2.13903778e+02,
    2.37100677e+02, 2.00646576e+02, 2.38519730e+02, 1.87732224e+02,
    2.39833862e+02, 1.75370682e+02, 2.41140839e+02, 1.63052979e+02,
    2.48277390e+02, 2.27984238e+02, 2.49594513e+02, 2.14473679e+02,
    2.50922989e+02, 2.01323502e+02, 2.52152634e+02, 1.88419846e+02,
    2.53276474e+02, 1.75857269e+02, 2.54350388e+02, 1.63562500e+02,
    2.62455200e+02, 2.28845520e+02, 2.63613464e+02, 2.15231201e+02,
    2.64670746e+02, 2.02002823e+02, 2.65784271e+02, 1.89162918e+02,
    2.66787415e+02, 1.76344131e+02, 2.67813751e+02, 1.64086807e+02,
    2.76917938e+02, 2.29723328e+02, 2.77861877e+02, 2.16101517e+02,
    2.78795258e+02, 2.02669464e+02, 2.79657745e+02, 1.89618439e+02,
    2.80548370e+02, 1.77060730e+02, 2.81371552e+02, 1.64447479e+02,
    2.91309021e+02, 2.30476501e+02, 2.92158386e+02, 2.16758621e+02,
    2.92825134e+02, 2.03364563e+02, 2.93584167e+02, 1.90380615e+02,
    2.94250732e+02, 1.77556503e+02, 2.95093323e+02, 1.65167038e+02 ]
