%YAML:1.0
---
points: [ 7.02697632e+02, 5.66268494e+02, 7.33098022e+02, 5.40676270e+02,
    7.63440796e+02, 5.15102661e+02, 7.93750854e+02, 4.89359863e+02,
    8.24223022e+02, 4.63536530e+02, 8.54626465e+02, 4.37612396e+02,
    7.19438782e+02, 5.94384521e+02, 7.50378723e+02, 5.68382874e+02,
    7.81319763e+02, 5.42339600e+02, 8.12254395e+02, 5.16094604e+02,
    8.43358582e+02, 4.89835541e+02, 8.74412598e+02, 4.63488617e+02,
    7.36502502e+02, 6.23398804e+02, 7.68110229e+02, 5.97006775e+02,
    7.99718384e+02, 5.70460144e+02, 8.31296448e+02, 5.43813660e+02,
    8.63213501e+02, 5.17200012e+02, 8.94830444e+02, 4.90390289e+02,
    7.54552673e+02, 6.53599426e+02, 7.86657776e+02, 6.26829285e+02,
    8.18922363e+02, 5.99777527e+02, 8.51253113e+02, 5.72646484e+02,
    8.83664429e+02, 5.45548279e+02, 9.16138977e+02, 5.18349121e+02,
    7.73215393e+02, 6.85492554e+02, 8.06058777e+02, 6.58001587e+02,
    8.39090210e+02, 6.30493286e+02, 8.72132019e+02, 6.02874512e+02,
    9.05191040e+02, 5.75132141e+02, 9.38368835e+02, 5.47423584e+02,
    7.92535767e+02, 7.18341553e+02, 8.26194824e+02, 6.90341797e+02,
    8.59793213e+02, 6.62346680e+02, 8.93626953e+02, 6.34271545e+02,
    9.27481689e+02, 6.05985718e+02, 9.61448914e+02, 5.77707031e+02,
    8.12824402e+02, 7.53213440e+02, 8.47343872e+02, 7.24532043e+02,
    8.81690002e+02, 6.95861328e+02, 9.16320007e+02, 6.67205811e+02,
    9.50975464e+02, 6.38502930e+02, 9.85711304e+02, 6.09557129e+02,
    8.33894470e+02, 7.89229492e+02, 8.69142273e+02, 7.59946899e+02,
    9.04406555e+02, 7.30630493e+02, 9.39691528e+02, 7.01439087e+02,
    9.75225403e+02, 6.71978271e+02, 1.01081689e+03, 6.42641479e+02 ]
