%YAML:1.0
---
points: [ 1.92029068e+02, 2.24251328e+02, 2.02440948e+02, 2.15532806e+02,
    2.12713852e+02, 2.06907562e+02, 2.22956268e+02, 1.98128006e+02,
    2.33292786e+02, 1.89466873e+02, 2.43682129e+02, 1.80605362e+02,
    1.98181442e+02, 2.33689255e+02, 2.08574127e+02, 2.24929916e+02,
    2.19141846e+02, 2.16055069e+02, 2.29612106e+02, 2.07201675e+02,
    2.40217880e+02, 1.98303757e+02, 2.50779739e+02, 1.89423203e+02,
    2.04354019e+02, 2.43625412e+02, 2.15070160e+02, 2.34649948e+02,
    2.25757523e+02, 2.25622391e+02, 2.36481155e+02, 2.16608734e+02,
    2.47265228e+02, 2.07593018e+02, 2.58147125e+02, 1.98521042e+02,
    2.10839325e+02, 2.53827118e+02, 2.21761185e+02, 2.44809479e+02,
    2.32707352e+02, 2.35580032e+02, 2.43724091e+02, 2.26446228e+02,
    2.54775482e+02, 2.17236816e+02, 2.65745117e+02, 2.07955963e+02,
    2.17581589e+02, 2.64636108e+02, 2.28748489e+02, 2.55278763e+02,
    2.39931702e+02, 2.46002808e+02, 2.51189178e+02, 2.36660995e+02,
    2.62370117e+02, 2.27243607e+02, 2.73757446e+02, 2.17838638e+02,
    2.24611435e+02, 2.75789551e+02, 2.35990097e+02, 2.66312836e+02,
    2.47425903e+02, 2.56768311e+02, 2.58902985e+02, 2.47337662e+02,
    2.70462433e+02, 2.37715637e+02, 2.81994385e+02, 2.28187775e+02,
    2.31958893e+02, 2.87566437e+02, 2.43671249e+02, 2.77868134e+02,
    2.55340683e+02, 2.68159851e+02, 2.67098389e+02, 2.58459900e+02,
    2.78912750e+02, 2.48737656e+02, 2.90727997e+02, 2.38955170e+02,
    2.39625137e+02, 2.99811981e+02, 2.51538895e+02, 2.89902618e+02,
    2.63538818e+02, 2.79983551e+02, 2.75519409e+02, 2.70090393e+02,
    2.87711334e+02, 2.60136505e+02, 2.99809662e+02, 2.50219284e+02 ]
