%YAML:1.0
---
points: [ 2.10930588e+02, 1.37292786e+02, 2.12744965e+02, 1.23935837e+02,
    2.14465134e+02, 1.10387650e+02, 2.16294647e+02, 9.67426682e+01,
    2.18141373e+02, 8.30223389e+01, 2.20025269e+02, 6.90466614e+01,
    2.23721786e+02, 1.39284836e+02, 2.25536346e+02, 1.25753922e+02,
    2.27381714e+02, 1.12278069e+02, 2.29262817e+02, 9.85730896e+01,
    2.31203156e+02, 8.46595459e+01, 2.33192383e+02, 7.06457825e+01,
    2.36494110e+02, 1.41233459e+02, 2.38450928e+02, 1.27683723e+02,
    2.40356232e+02, 1.14148384e+02, 2.42283737e+02, 1.00332123e+02,
    2.44271271e+02, 8.63032227e+01, 2.46321136e+02, 7.22821960e+01,
    2.49416916e+02, 1.43059952e+02, 2.51416214e+02, 1.29749832e+02,
    2.53405655e+02, 1.15913696e+02, 2.55530441e+02, 1.02071320e+02,
    2.57611938e+02, 8.81014557e+01, 2.59698029e+02, 7.40412750e+01,
    2.62359680e+02, 1.45061646e+02, 2.64504547e+02, 1.31566513e+02,
    2.66656250e+02, 1.17844719e+02, 2.68785675e+02, 1.03872978e+02,
    2.70931732e+02, 8.98243027e+01, 2.73077179e+02, 7.57331085e+01,
    2.75561157e+02, 1.47101776e+02, 2.77699432e+02, 1.33423477e+02,
    2.79920990e+02, 1.19632332e+02, 2.82180725e+02, 1.05710304e+02,
    2.84364685e+02, 9.16224213e+01, 2.86711823e+02, 7.74603729e+01,
    2.88897644e+02, 1.49061768e+02, 2.91147034e+02, 1.35333694e+02,
    2.93396759e+02, 1.21563751e+02, 2.95750946e+02, 1.07513748e+02,
    2.98112274e+02, 9.33988342e+01, 3.00386993e+02, 7.91823502e+01,
    3.02171814e+02, 1.50914124e+02, 3.04543427e+02, 1.37211060e+02,
    3.06861328e+02, 1.23383499e+02, 3.09326630e+02, 1.09359795e+02,
    3.11797485e+02, 9.51166916e+01, 3.14261017e+02, 8.08534622e+01 ]
