%YAML:1.0
---
points: [ 1.98003445e+01, 1.80409195e+02, 4.80495338e+01, 1.66705246e+02,
    7.64524689e+01, 1.53097794e+02, 1.04642792e+02, 1.39406677e+02,
    1.32839859e+02, 1.25873840e+02, 1.60869843e+02, 1.12342239e+02,
    4.58787155e+01, 2.02143982e+02, 7.36202393e+01, 1.88783554e+02,
    1.01237946e+02, 1.75323212e+02, 1.28854828e+02, 1.62134750e+02,
    1.56453400e+02, 1.48613022e+02, 1.83881958e+02, 1.35602509e+02,
    7.12384491e+01, 2.23129654e+02, 9.82397461e+01, 2.10041321e+02,
    1.25288902e+02, 1.96769638e+02, 1.52168686e+02, 1.83917648e+02,
    1.79098022e+02, 1.70761215e+02, 2.05961517e+02, 1.57899429e+02,
    9.52177505e+01, 2.42923355e+02, 1.21696754e+02, 2.30238693e+02,
    1.48044006e+02, 2.17236420e+02, 1.74447952e+02, 2.04523621e+02,
    2.00683853e+02, 1.91678253e+02, 2.27127975e+02, 1.79205109e+02,
    1.18420273e+02, 2.62260162e+02, 1.44122314e+02, 2.49388214e+02,
    1.70113220e+02, 2.37016006e+02, 1.95771408e+02, 2.24470856e+02,
    2.21576172e+02, 2.11928192e+02, 2.47381439e+02, 1.99548431e+02,
    1.40454651e+02, 2.80335052e+02, 1.65813797e+02, 2.67965118e+02,
    1.91145523e+02, 2.55641983e+02, 2.16330078e+02, 2.43360580e+02,
    2.41610550e+02, 2.31246719e+02, 2.66865234e+02, 2.19107483e+02,
    1.61846466e+02, 2.97850220e+02, 1.86495422e+02, 2.85607208e+02,
    2.11379852e+02, 2.73635529e+02, 2.36046310e+02, 2.61599640e+02,
    2.60834259e+02, 2.49556763e+02, 2.85382416e+02, 2.37678009e+02,
    1.82338989e+02, 3.14676270e+02, 2.06597763e+02, 3.02761261e+02,
    2.30746719e+02, 2.90807312e+02, 2.55224304e+02, 2.79126709e+02,
    2.79323517e+02, 2.67413116e+02, 3.03616302e+02, 2.55815750e+02 ]
