%YAML:1.0
---
points: [ 2.08149261e+02, 1.41540283e+02, 2.09648270e+02, 1.28238815e+02,
    2.11129242e+02, 1.14530296e+02, 2.12639374e+02, 1.00481148e+02,
    2.14209122e+02, 8.58490753e+01, 2.15815918e+02, 7.10238113e+01,
    2.21253433e+02, 1.43824814e+02, 2.22829865e+02, 1.30609955e+02,
    2.24546371e+02, 1.16931274e+02, 2.26228073e+02, 1.02857788e+02,
    2.28094406e+02, 8.83380051e+01, 2.29798203e+02, 7.35814590e+01,
    2.34211594e+02, 1.46095154e+02, 2.36067078e+02, 1.33018448e+02,
    2.37913681e+02, 1.19359772e+02, 2.39836456e+02, 1.05376495e+02,
    2.41850403e+02, 9.08515167e+01, 2.44125320e+02, 7.58986130e+01,
    2.47228790e+02, 1.48360474e+02, 2.49205475e+02, 1.35326141e+02,
    2.51296173e+02, 1.21700584e+02, 2.53370560e+02, 1.07743202e+02,
    2.55651978e+02, 9.32908096e+01, 2.57852173e+02, 7.85815811e+01,
    2.60091980e+02, 1.50672409e+02, 2.62277435e+02, 1.37674973e+02,
    2.64599701e+02, 1.24155334e+02, 2.66987579e+02, 1.10053101e+02,
    2.69276794e+02, 9.57722092e+01, 2.71839783e+02, 8.08504181e+01,
    2.73092163e+02, 1.52947296e+02, 2.75418732e+02, 1.39844757e+02,
    2.77906952e+02, 1.26459862e+02, 2.80488800e+02, 1.12564262e+02,
    2.83184296e+02, 9.82338562e+01, 2.85765015e+02, 8.32736511e+01,
    2.86000702e+02, 1.55236328e+02, 2.88652130e+02, 1.42166382e+02,
    2.91298767e+02, 1.28717331e+02, 2.94172546e+02, 1.14865105e+02,
    2.96897156e+02, 1.00585449e+02, 2.99917267e+02, 8.59069519e+01,
    2.98974365e+02, 1.57492569e+02, 3.01699615e+02, 1.44500458e+02,
    3.04643036e+02, 1.30974213e+02, 3.07550812e+02, 1.17153679e+02,
    3.10654419e+02, 1.03027992e+02, 3.13777130e+02, 8.82723770e+01 ]
