%YAML:1.0
---
points: [ 1.52202682e+02, 1.66101562e+02, 1.63465668e+02, 1.60453644e+02,
    1.74821869e+02, 1.54861038e+02, 1.86276489e+02, 1.49130005e+02,
    1.97795563e+02, 1.43422546e+02, 2.09338806e+02, 1.37584869e+02,
    1.57575424e+02, 1.77714996e+02, 1.68904755e+02, 1.72178864e+02,
    1.80338715e+02, 1.66564331e+02, 1.91742813e+02, 1.60945404e+02,
    2.03312347e+02, 1.55214249e+02, 2.14859558e+02, 1.49462128e+02,
    1.62963852e+02, 1.89380539e+02, 1.74340805e+02, 1.83932480e+02,
    1.85708725e+02, 1.78287155e+02, 1.97205170e+02, 1.72656265e+02,
    2.08758972e+02, 1.66991394e+02, 2.20362442e+02, 1.61316299e+02,
    1.68307541e+02, 2.01039474e+02, 1.79723114e+02, 1.95583755e+02,
    1.91188751e+02, 1.90025970e+02, 2.02688614e+02, 1.84436310e+02,
    2.14273575e+02, 1.78848480e+02, 2.25861694e+02, 1.73100876e+02,
    1.73686813e+02, 2.12672180e+02, 1.85060532e+02, 2.07262390e+02,
    1.96589844e+02, 2.01747971e+02, 2.08184830e+02, 1.96164078e+02,
    2.19636871e+02, 1.90608063e+02, 2.31342941e+02, 1.85006989e+02,
    1.79031006e+02, 2.24417068e+02, 1.90484512e+02, 2.19015823e+02,
    2.01986969e+02, 2.13489075e+02, 2.13573914e+02, 2.07962265e+02,
    2.25196091e+02, 2.02462479e+02, 2.36846863e+02, 1.96830276e+02,
    1.84439575e+02, 2.36200073e+02, 1.95955826e+02, 2.30746140e+02,
    2.07462402e+02, 2.25267487e+02, 2.19049896e+02, 2.19841019e+02,
    2.30648727e+02, 2.14381927e+02, 2.42317474e+02, 2.08798965e+02,
    1.89800583e+02, 2.47867081e+02, 2.01264664e+02, 2.42485886e+02,
    2.12876968e+02, 2.37038956e+02, 2.24411438e+02, 2.31651855e+02,
    2.36172989e+02, 2.26188431e+02, 2.47904373e+02, 2.20665146e+02 ]
