%YAML:1.0
---
points: [ 2.44110813e+01, 3.36727722e+02, 5.94262428e+01, 3.37324158e+02,
    9.28356552e+01, 3.37790466e+02, 1.25446747e+02, 3.38354553e+02,
    1.56755203e+02, 3.38725952e+02, 1.87182129e+02, 3.39315552e+02,
    2.84618587e+01, 3.65327545e+02, 6.32419052e+01, 3.65279022e+02,
    9.66793671e+01, 3.65221771e+02, 1.29146194e+02, 3.65283691e+02,
    1.60463684e+02, 3.65313812e+02, 1.90800964e+02, 3.65343445e+02,
    3.25684738e+01, 3.93882782e+02, 6.70468750e+01, 3.93233337e+02,
    1.00574394e+02, 3.92648682e+02, 1.32929184e+02, 3.92284424e+02,
    1.64190231e+02, 3.91741180e+02, 1.94423325e+02, 3.91369965e+02,
    3.66995659e+01, 4.22391907e+02, 7.09643173e+01, 4.21244141e+02,
    1.04338295e+02, 4.19961090e+02, 1.36531769e+02, 4.19185089e+02,
    1.67742874e+02, 4.18166840e+02, 1.97783035e+02, 4.17340607e+02,
    4.05756035e+01, 4.50549072e+02, 7.50391235e+01, 4.49040863e+02,
    1.08206261e+02, 4.47411987e+02, 1.40185059e+02, 4.45771149e+02,
    1.71357178e+02, 4.44515869e+02, 2.01506912e+02, 4.43185730e+02,
    4.46465034e+01, 4.78691711e+02, 7.89748459e+01, 4.76630463e+02,
    1.12109840e+02, 4.74557465e+02, 1.43937393e+02, 4.72527618e+02,
    1.75095627e+02, 4.70642822e+02, 2.05034561e+02, 4.68786011e+02,
    4.88521271e+01, 5.06993591e+02, 8.27667313e+01, 5.04157166e+02,
    1.15848068e+02, 5.01742065e+02, 1.47765869e+02, 4.99055756e+02,
    1.78587418e+02, 4.96854401e+02, 2.08384689e+02, 4.94427032e+02,
    5.29251671e+01, 5.34898865e+02, 8.67619934e+01, 5.31842407e+02,
    1.19554337e+02, 5.28656494e+02, 1.51430862e+02, 5.25676819e+02,
    1.82138412e+02, 5.22939880e+02, 2.12066727e+02, 5.20097351e+02 ]
