%YAML:1.0
---
points: [ 5.87527161e+02, 3.94643921e+02, 6.20683411e+02, 3.78154327e+02,
    6.54319336e+02, 3.61484192e+02, 6.87715210e+02, 3.44634979e+02,
    7.21616699e+02, 3.27777313e+02, 7.55573303e+02, 3.10629059e+02,
    6.03404114e+02, 4.29076813e+02, 6.36702820e+02, 4.12662354e+02,
    6.70299866e+02, 3.96008179e+02, 7.04102295e+02, 3.79467255e+02,
    7.37697998e+02, 3.62623322e+02, 7.71882874e+02, 3.45713409e+02,
    6.19270203e+02, 4.63458801e+02, 6.52600220e+02, 4.47226868e+02,
    6.86401733e+02, 4.30651245e+02, 7.20003296e+02, 4.14184265e+02,
    7.54068787e+02, 3.97579071e+02, 7.88005127e+02, 3.80622437e+02,
    6.35191467e+02, 4.97793518e+02, 6.68616516e+02, 4.81690308e+02,
    7.02402039e+02, 4.65311829e+02, 7.36213074e+02, 4.48882477e+02,
    7.70214355e+02, 4.32319519e+02, 8.04297852e+02, 4.15590820e+02,
    6.51108093e+02, 5.32444885e+02, 6.84483032e+02, 5.16228577e+02,
    7.18438660e+02, 4.99997162e+02, 7.52184875e+02, 4.83553986e+02,
    7.86254639e+02, 4.67070923e+02, 8.20466064e+02, 4.50616516e+02,
    6.66693115e+02, 5.66935608e+02, 7.00452209e+02, 5.50877686e+02,
    7.34277161e+02, 5.34553223e+02, 7.68268616e+02, 5.18375977e+02,
    8.02355103e+02, 5.01911713e+02, 8.36591980e+02, 4.85465881e+02,
    6.82678345e+02, 6.01544861e+02, 7.16418884e+02, 5.85456970e+02,
    7.50441650e+02, 5.69508484e+02, 7.84342224e+02, 5.53284424e+02,
    8.18659851e+02, 5.37105408e+02, 8.52859741e+02, 5.20737549e+02,
    6.98470642e+02, 6.36181335e+02, 7.32288086e+02, 6.20242859e+02,
    7.66290710e+02, 6.04231567e+02, 8.00270813e+02, 5.88086548e+02,
    8.34525024e+02, 5.71974548e+02, 8.69020996e+02, 5.55663818e+02 ]
