%YAML:1.0
---
points: [ 3.01942108e+02, 5.91437302e+01, 3.00703522e+02, 7.53067017e+01,
    2.99500946e+02, 9.16546860e+01, 2.98239929e+02, 1.07849113e+02,
    2.96995697e+02, 1.24016777e+02, 2.95821838e+02, 1.39802994e+02,
    2.87487671e+02, 6.08906059e+01, 2.86421143e+02, 7.69015427e+01,
    2.85261597e+02, 9.27811127e+01, 2.84141479e+02, 1.08622887e+02,
    2.82984955e+02, 1.24397568e+02, 2.81881836e+02, 1.40006897e+02,
    2.73740265e+02, 6.25158043e+01, 2.72606018e+02, 7.82317352e+01,
    2.71556976e+02, 9.39334641e+01, 2.70432465e+02, 1.09399483e+02,
    2.69443298e+02, 1.24848862e+02, 2.68397034e+02, 1.40008682e+02,
    2.60400024e+02, 6.42557602e+01, 2.59458801e+02, 7.95120850e+01,
    2.58529938e+02, 9.49002151e+01, 2.57467590e+02, 1.10178215e+02,
    2.56551666e+02, 1.25218124e+02, 2.55511993e+02, 1.40154465e+02,
    2.47772141e+02, 6.58017502e+01, 2.46770554e+02, 8.08978195e+01,
    2.45877411e+02, 9.58315125e+01, 2.44909805e+02, 1.10772797e+02,
    2.44119293e+02, 1.25452065e+02, 2.43197922e+02, 1.40194427e+02,
    2.35573868e+02, 6.72670746e+01, 2.34656738e+02, 8.20886230e+01,
    2.33727325e+02, 9.68414764e+01, 2.32925430e+02, 1.11398575e+02,
    2.32213333e+02, 1.25772110e+02, 2.31383377e+02, 1.40253021e+02,
    2.23736359e+02, 6.88297653e+01, 2.22919205e+02, 8.33088608e+01,
    2.22178009e+02, 9.76223145e+01, 2.21452057e+02, 1.12031006e+02,
    2.20653748e+02, 1.26243622e+02, 2.19964584e+02, 1.40251694e+02,
    2.12378448e+02, 7.01686401e+01, 2.11731140e+02, 8.43850021e+01,
    2.10911697e+02, 9.85152588e+01, 2.10270569e+02, 1.12480415e+02,
    2.09527344e+02, 1.26512482e+02, 2.08786102e+02, 1.40344467e+02 ]
