%YAML:1.0
---
points: [ 1.83614944e+02, 4.04586426e+02, 2.04961563e+02, 3.94976379e+02,
    2.26670853e+02, 3.85286102e+02, 2.48474075e+02, 3.75239441e+02,
    2.70497955e+02, 3.65433899e+02, 2.92753052e+02, 3.55376892e+02,
    1.97681137e+02, 4.28902283e+02, 2.18991608e+02, 4.19243500e+02,
    2.40620270e+02, 4.09658997e+02, 2.62410950e+02, 3.99962341e+02,
    2.84558502e+02, 3.90062042e+02, 3.06729614e+02, 3.80442444e+02,
    2.11644562e+02, 4.52969604e+02, 2.32913132e+02, 4.43650269e+02,
    2.54727219e+02, 4.34188019e+02, 2.76331635e+02, 4.24683868e+02,
    2.98636017e+02, 4.15227509e+02, 3.20533600e+02, 4.05473541e+02,
    2.25558624e+02, 4.76835022e+02, 2.46806107e+02, 4.67513824e+02,
    2.68423920e+02, 4.57968658e+02, 2.90260162e+02, 4.48717987e+02,
    3.12136597e+02, 4.39320160e+02, 3.34348846e+02, 4.29891663e+02,
    2.39312286e+02, 5.00361115e+02, 2.60566895e+02, 4.91099762e+02,
    2.82272156e+02, 4.82070465e+02, 3.03797607e+02, 4.72979767e+02,
    3.25915894e+02, 4.63581055e+02, 3.47842102e+02, 4.53990479e+02,
    2.52925323e+02, 5.23467834e+02, 2.74233002e+02, 5.14501831e+02,
    2.95648956e+02, 5.05499176e+02, 3.17458405e+02, 4.96534332e+02,
    3.39456635e+02, 4.87303802e+02, 3.61488312e+02, 4.78265289e+02,
    2.66470428e+02, 5.46522766e+02, 2.87697296e+02, 5.37525513e+02,
    3.09195190e+02, 5.28772156e+02, 3.30734161e+02, 5.19846802e+02,
    3.52731537e+02, 5.10872131e+02, 3.74587402e+02, 5.01559601e+02,
    2.79850922e+02, 5.69294617e+02, 3.01239594e+02, 5.60567322e+02,
    3.22491547e+02, 5.51789368e+02, 3.44342712e+02, 5.43098511e+02,
    3.66007477e+02, 5.33896484e+02, 3.87925842e+02, 5.25262634e+02 ]
