%YAML:1.0
---
points: [ 1.75025146e+02, 1.48620895e+02, 1.87817505e+02, 1.42579773e+02,
    2.00336914e+02, 1.36725021e+02, 2.12417343e+02, 1.30971161e+02,
    2.24131927e+02, 1.25467232e+02, 2.35588257e+02, 1.19985107e+02,
    1.82958099e+02, 1.58178284e+02, 1.95835449e+02, 1.51917358e+02,
    2.08422104e+02, 1.45819809e+02, 2.20542511e+02, 1.39854309e+02,
    2.32325363e+02, 1.34133957e+02, 2.43796799e+02, 1.28553436e+02,
    1.91099823e+02, 1.68020767e+02, 2.04074921e+02, 1.61518753e+02,
    2.16676437e+02, 1.55185959e+02, 2.28871979e+02, 1.49002609e+02,
    2.40757080e+02, 1.43092712e+02, 2.52192093e+02, 1.37217926e+02,
    1.99568787e+02, 1.78178894e+02, 2.12621811e+02, 1.71405426e+02,
    2.25187851e+02, 1.64813187e+02, 2.37459579e+02, 1.58472076e+02,
    2.49303619e+02, 1.52249054e+02, 2.60785522e+02, 1.46135223e+02,
    2.08161453e+02, 1.88648346e+02, 2.21334686e+02, 1.81618408e+02,
    2.34002228e+02, 1.74830978e+02, 2.46311752e+02, 1.68152283e+02,
    2.58191071e+02, 1.61658432e+02, 2.69775787e+02, 1.55394608e+02,
    2.17121735e+02, 1.99412125e+02, 2.30309753e+02, 1.92100433e+02,
    2.43006516e+02, 1.84890701e+02, 2.55346298e+02, 1.78120117e+02,
    2.67376251e+02, 1.71376678e+02, 2.78945312e+02, 1.64955902e+02,
    2.26364441e+02, 2.10757736e+02, 2.39597885e+02, 2.03016068e+02,
    2.52436356e+02, 1.95630249e+02, 2.64836273e+02, 1.88467529e+02,
    2.76837677e+02, 1.81549545e+02, 2.88431091e+02, 1.74754501e+02,
    2.35916351e+02, 2.22242081e+02, 2.49182785e+02, 2.14252762e+02,
    2.62029297e+02, 2.06512268e+02, 2.74508270e+02, 1.99023346e+02,
    2.86560394e+02, 1.91800598e+02, 2.98230957e+02, 1.84826797e+02 ]
