%YAML:1.0
---
points: [ 6.46161560e+02, 3.43075531e+02, 6.85226624e+02, 3.25351532e+02,
    7.23238953e+02, 3.08172638e+02, 7.59674622e+02, 2.91242004e+02,
    7.95390869e+02, 2.75015594e+02, 8.29747742e+02, 2.59039886e+02,
    6.68600342e+02, 3.71350830e+02, 7.07996155e+02, 3.52856812e+02,
    7.46021851e+02, 3.35074219e+02, 7.82834534e+02, 3.17465668e+02,
    8.18503113e+02, 3.00614624e+02, 8.53312500e+02, 2.84219513e+02,
    6.91707397e+02, 4.00357880e+02, 7.31260986e+02, 3.81169647e+02,
    7.69600708e+02, 3.62600922e+02, 8.06512512e+02, 3.44435394e+02,
    8.42503662e+02, 3.26968353e+02, 8.77211487e+02, 3.09839539e+02,
    7.15587036e+02, 4.30339630e+02, 7.55502075e+02, 4.10463104e+02,
    7.93654663e+02, 3.90956604e+02, 8.30886414e+02, 3.72272095e+02,
    8.66843750e+02, 3.54102295e+02, 9.01864136e+02, 3.36267303e+02,
    7.40297241e+02, 4.61322113e+02, 7.80202942e+02, 4.40511505e+02,
    8.18748352e+02, 4.20496735e+02, 8.55980835e+02, 4.00854492e+02,
    8.92204773e+02, 3.81831268e+02, 9.27093750e+02, 3.63484741e+02,
    7.65480896e+02, 4.93099426e+02, 8.05592346e+02, 4.71512573e+02,
    8.44438477e+02, 4.50484161e+02, 8.81881714e+02, 4.30346863e+02,
    9.18164246e+02, 4.10564117e+02, 9.53146423e+02, 3.91496216e+02,
    7.91706177e+02, 5.26385071e+02, 8.32078003e+02, 5.03721527e+02,
    8.70981567e+02, 4.81815399e+02, 9.08617676e+02, 4.60704651e+02,
    9.45126465e+02, 4.40367767e+02, 9.80273621e+02, 4.20531799e+02,
    8.18659973e+02, 5.60440796e+02, 8.59141846e+02, 5.36817139e+02,
    8.98307861e+02, 5.14005249e+02, 9.36036011e+02, 4.92033051e+02,
    9.72617371e+02, 4.70652557e+02, 1.00807489e+03, 4.50232544e+02 ]
