%YAML:1.0
---
points: [ 2.50789352e+02, 4.93238159e+02, 2.68443695e+02, 4.69336090e+02,
    2.86076080e+02, 4.45546509e+02, 3.03472778e+02, 4.22042511e+02,
    3.20916290e+02, 3.98537323e+02, 3.38172058e+02, 3.75403992e+02,
    2.78925934e+02, 5.09172943e+02, 2.96332825e+02, 4.85402405e+02,
    3.13756744e+02, 4.61787384e+02, 3.30998596e+02, 4.38358490e+02,
    3.48329132e+02, 4.15235748e+02, 3.65336243e+02, 3.92003235e+02,
    3.06783173e+02, 5.24865295e+02, 3.24056824e+02, 5.01329712e+02,
    3.41302551e+02, 4.77824554e+02, 3.58318542e+02, 4.54666504e+02,
    3.75311676e+02, 4.31542664e+02, 3.92237244e+02, 4.08588501e+02,
    3.34118927e+02, 5.40254639e+02, 3.51260529e+02, 5.16737244e+02,
    3.68229889e+02, 4.93605103e+02, 3.85068085e+02, 4.70459564e+02,
    4.01782959e+02, 4.47552582e+02, 4.18474182e+02, 4.24756622e+02,
    3.61077545e+02, 5.55318848e+02, 3.77891022e+02, 5.32009155e+02,
    3.94669037e+02, 5.08929291e+02, 4.11341766e+02, 4.86126495e+02,
    4.27834778e+02, 4.63243378e+02, 4.44423615e+02, 4.40694977e+02,
    3.87483276e+02, 5.70126465e+02, 4.04298645e+02, 5.46979614e+02,
    4.20866028e+02, 5.24179016e+02, 4.37290039e+02, 5.01338074e+02,
    4.53641266e+02, 4.78762909e+02, 4.69764069e+02, 4.56275574e+02,
    4.13659760e+02, 5.84552795e+02, 4.30069702e+02, 5.61695496e+02,
    4.46418579e+02, 5.38859131e+02, 4.62663483e+02, 5.16384827e+02,
    4.78792145e+02, 4.93837402e+02, 4.94806213e+02, 4.71590820e+02,
    4.39344574e+02, 5.98909119e+02, 4.55560577e+02, 5.76067017e+02,
    4.71624390e+02, 5.53425049e+02, 4.87791351e+02, 5.31066956e+02,
    5.03682312e+02, 5.08735840e+02, 5.19503296e+02, 4.86588104e+02 ]
