%YAML:1.0
---
points: [ 2.10246567e+02, 8.02031174e+01, 2.23943375e+02, 7.78994370e+01,
    2.37652985e+02, 7.56584702e+01, 2.51583847e+02, 7.33707428e+01,
    2.65354858e+02, 7.10783157e+01, 2.79464111e+02, 6.86336441e+01,
    2.10138702e+02, 8.82241211e+01, 2.24091812e+02, 8.59597931e+01,
    2.38231934e+02, 8.36896820e+01, 2.52353012e+02, 8.12533188e+01,
    2.66629700e+02, 7.88890915e+01, 2.80888031e+02, 7.64734879e+01,
    2.09951645e+02, 9.67138977e+01, 2.24411133e+02, 9.45011444e+01,
    2.38777939e+02, 9.21373062e+01, 2.53247467e+02, 8.97554779e+01,
    2.67860504e+02, 8.74350662e+01, 2.82581787e+02, 8.49001541e+01,
    2.09858643e+02, 1.05633202e+02, 2.24616089e+02, 1.03467087e+02,
    2.39414703e+02, 1.00998039e+02, 2.54216461e+02, 9.86872406e+01,
    2.69222656e+02, 9.62955475e+01, 2.84186737e+02, 9.36791306e+01,
    2.09770111e+02, 1.15037361e+02, 2.24759399e+02, 1.12773529e+02,
    2.39977936e+02, 1.10363220e+02, 2.55210876e+02, 1.07982422e+02,
    2.70487549e+02, 1.05352684e+02, 2.85886261e+02, 1.02898376e+02,
    2.09695435e+02, 1.24947266e+02, 2.25086319e+02, 1.22684715e+02,
    2.40608490e+02, 1.20115822e+02, 2.56219421e+02, 1.17741264e+02,
    2.71981018e+02, 1.15268250e+02, 2.87731812e+02, 1.12716583e+02,
    2.09523453e+02, 1.35500671e+02, 2.25406937e+02, 1.33040009e+02,
    2.41343292e+02, 1.30547684e+02, 2.57316925e+02, 1.28036087e+02,
    2.73428131e+02, 1.25588409e+02, 2.89655701e+02, 1.22971504e+02,
    2.09379211e+02, 1.46307709e+02, 2.25608368e+02, 1.43965897e+02,
    2.42099609e+02, 1.41551712e+02, 2.58451843e+02, 1.38957184e+02,
    2.75053711e+02, 1.36445755e+02, 2.91686035e+02, 1.33826019e+02 ]
