%YAML:1.0
---
points: [ 7.54466675e+02, 1.40534500e+02, 7.94732727e+02, 1.34194778e+02,
    8.35232178e+02, 1.27602341e+02, 8.75803284e+02, 1.20592239e+02,
    9.16711487e+02, 1.13942001e+02, 9.57720825e+02, 1.06971748e+02,
    7.52756104e+02, 1.64692459e+02, 7.94113281e+02, 1.58105988e+02,
    8.35413086e+02, 1.51336349e+02, 8.76923218e+02, 1.44424332e+02,
    9.18755859e+02, 1.37673172e+02, 9.60667847e+02, 1.30471649e+02,
    7.50988525e+02, 1.89744675e+02, 7.93229126e+02, 1.83063324e+02,
    8.35708740e+02, 1.76368774e+02, 8.78247559e+02, 1.69299347e+02,
    9.21056396e+02, 1.62359558e+02, 9.64043152e+02, 1.55387741e+02,
    7.49301697e+02, 2.16071411e+02, 7.92458191e+02, 2.09395432e+02,
    8.35907654e+02, 2.02488251e+02, 8.79585938e+02, 1.95513550e+02,
    9.23345947e+02, 1.88478134e+02, 9.67442688e+02, 1.81205109e+02,
    7.47472290e+02, 2.43927551e+02, 7.91566528e+02, 2.37084839e+02,
    8.36295837e+02, 2.30113571e+02, 8.80743896e+02, 2.23200089e+02,
    9.25738647e+02, 2.15776199e+02, 9.70833679e+02, 2.08556870e+02,
    7.45311218e+02, 2.72649078e+02, 7.90714905e+02, 2.65919281e+02,
    8.36478882e+02, 2.58834045e+02, 8.82274109e+02, 2.51801849e+02,
    9.28298340e+02, 2.44586594e+02, 9.74639160e+02, 2.37284698e+02,
    7.43302673e+02, 3.03710724e+02, 7.89897522e+02, 2.96795868e+02,
    8.36775269e+02, 2.89527222e+02, 8.83771545e+02, 2.82342468e+02,
    9.31217651e+02, 2.75161224e+02, 9.78655029e+02, 2.67491455e+02,
    7.40901489e+02, 3.35813110e+02, 7.88869812e+02, 3.28811066e+02,
    8.37054749e+02, 3.21558929e+02, 8.85317932e+02, 3.14149628e+02,
    9.33802673e+02, 3.06829071e+02, 9.82597351e+02, 2.99276337e+02 ]
