%YAML:1.0
---
points: [ 2.84933472e+02, 2.06326263e+02, 2.84055786e+02, 2.20363083e+02,
    2.83177887e+02, 2.35130600e+02, 2.82225647e+02, 2.49918259e+02,
    2.81366211e+02, 2.65219147e+02, 2.80403900e+02, 2.80788086e+02,
    2.70958252e+02, 2.06522919e+02, 2.69931610e+02, 2.20513580e+02,
    2.68879333e+02, 2.34977966e+02, 2.67853394e+02, 2.49529816e+02,
    2.66747467e+02, 2.64651001e+02, 2.65706665e+02, 2.80089691e+02,
    2.57151428e+02, 2.06827377e+02, 2.56062256e+02, 2.20544403e+02,
    2.54869598e+02, 2.34881302e+02, 2.53643372e+02, 2.49220718e+02,
    2.52415298e+02, 2.64199249e+02, 2.51229599e+02, 2.79155853e+02,
    2.43798859e+02, 2.07073532e+02, 2.42588348e+02, 2.20716156e+02,
    2.41328018e+02, 2.34713028e+02, 2.40068619e+02, 2.49048737e+02,
    2.38679840e+02, 2.63519257e+02, 2.37251556e+02, 2.78509460e+02,
    2.30814133e+02, 2.07315125e+02, 2.29451202e+02, 2.20778168e+02,
    2.28134064e+02, 2.34615158e+02, 2.26621399e+02, 2.48707062e+02,
    2.25205383e+02, 2.63161591e+02, 2.23621140e+02, 2.77986969e+02,
    2.18193726e+02, 2.07568344e+02, 2.16729965e+02, 2.20925812e+02,
    2.15252686e+02, 2.34494339e+02, 2.13623138e+02, 2.48454254e+02,
    2.12044556e+02, 2.62767578e+02, 2.10417450e+02, 2.77186768e+02,
    2.05818985e+02, 2.07847427e+02, 2.04215271e+02, 2.21004379e+02,
    2.02663635e+02, 2.34520538e+02, 2.00966049e+02, 2.48231903e+02,
    1.99310913e+02, 2.62300323e+02, 1.97530396e+02, 2.76667236e+02,
    1.93651810e+02, 2.08094330e+02, 1.92020645e+02, 2.21104446e+02,
    1.90339111e+02, 2.34406296e+02, 1.88635010e+02, 2.47981445e+02,
    1.86697372e+02, 2.61856384e+02, 1.84942963e+02, 2.76114685e+02 ]
