%YAML:1.0
---
points: [ 1.85273499e+02, 1.96644775e+02, 1.87033997e+02, 1.85151154e+02,
    1.88783554e+02, 1.73297379e+02, 1.90657043e+02, 1.60801926e+02,
    1.92513351e+02, 1.47856384e+02, 1.94469177e+02, 1.34237549e+02,
    1.97066742e+02, 2.01835648e+02, 1.99021118e+02, 1.90438248e+02,
    2.01078720e+02, 1.78493729e+02, 2.03101135e+02, 1.66127487e+02,
    2.05412292e+02, 1.53147247e+02, 2.07678162e+02, 1.39534531e+02,
    2.08789658e+02, 2.07028763e+02, 2.11125961e+02, 1.95704666e+02,
    2.13459320e+02, 1.83896744e+02, 2.15814865e+02, 1.71402924e+02,
    2.18335709e+02, 1.58553818e+02, 2.21009018e+02, 1.44934036e+02,
    2.20905304e+02, 2.12376831e+02, 2.23376968e+02, 2.01093201e+02,
    2.25948456e+02, 1.89175064e+02, 2.28672928e+02, 1.76822800e+02,
    2.31543274e+02, 1.63941620e+02, 2.34410919e+02, 1.50445175e+02,
    2.33030914e+02, 2.17757812e+02, 2.35867874e+02, 2.06414124e+02,
    2.38699097e+02, 1.94616714e+02, 2.41730835e+02, 1.82350754e+02,
    2.44853699e+02, 1.69392075e+02, 2.48144470e+02, 1.55944916e+02,
    2.45320648e+02, 2.23256165e+02, 2.48416260e+02, 2.11927826e+02,
    2.51612198e+02, 2.00173447e+02, 2.54923309e+02, 1.87866684e+02,
    2.58411896e+02, 1.75003830e+02, 2.62053528e+02, 1.61514130e+02,
    2.57859619e+02, 2.28763931e+02, 2.61293884e+02, 2.17568130e+02,
    2.64706451e+02, 2.05797028e+02, 2.68475037e+02, 1.93507614e+02,
    2.72301331e+02, 1.80726990e+02, 2.76323212e+02, 1.67208893e+02,
    2.70691040e+02, 2.34352341e+02, 2.74224335e+02, 2.23109451e+02,
    2.78064636e+02, 2.11466171e+02, 2.82024200e+02, 1.99218292e+02,
    2.86279633e+02, 1.86447433e+02, 2.90625732e+02, 1.72921387e+02 ]
