%YAML:1.0
---
points: [ 7.57340759e+02, 1.46737946e+02, 7.97404541e+02, 1.40306290e+02,
    8.37721558e+02, 1.33592010e+02, 8.78121094e+02, 1.26587181e+02,
    9.18579773e+02, 1.19667442e+02, 9.59437744e+02, 1.12653107e+02,
    7.56631042e+02, 1.72860107e+02, 7.97636780e+02, 1.66304428e+02,
    8.38688354e+02, 1.59529800e+02, 8.80072266e+02, 1.52332626e+02,
    9.21581299e+02, 1.45422211e+02, 9.63303833e+02, 1.38431747e+02,
    7.56042358e+02, 2.00007538e+02, 7.97737610e+02, 1.93248688e+02,
    8.39854614e+02, 1.86483215e+02, 8.81911682e+02, 1.79378082e+02,
    9.24484558e+02, 1.72277435e+02, 9.66920105e+02, 1.65354980e+02,
    7.55386902e+02, 2.28386841e+02, 7.98174255e+02, 2.21621719e+02,
    8.41136475e+02, 2.14456451e+02, 8.84393799e+02, 2.07467194e+02,
    9.27574524e+02, 2.00406021e+02, 9.71009033e+02, 1.92816559e+02,
    7.54651306e+02, 2.58003998e+02, 7.98369385e+02, 2.51065918e+02,
    8.42559448e+02, 2.44262573e+02, 8.86428589e+02, 2.36972580e+02,
    9.30753601e+02, 2.29590469e+02, 9.75296631e+02, 2.22435089e+02,
    7.53892517e+02, 2.88644348e+02, 7.98728699e+02, 2.81860870e+02,
    8.43635986e+02, 2.74702698e+02, 8.88743774e+02, 2.67530762e+02,
    9.34189026e+02, 2.60434387e+02, 9.79768677e+02, 2.52984573e+02,
    7.53339417e+02, 3.21623108e+02, 7.99009033e+02, 3.14467560e+02,
    8.45088257e+02, 3.07360779e+02, 8.91261475e+02, 2.99999359e+02,
    9.37727478e+02, 2.92574890e+02, 9.84526917e+02, 2.85237244e+02,
    7.52333069e+02, 3.55515503e+02, 7.99327637e+02, 3.48430481e+02,
    8.46499390e+02, 3.40898651e+02, 8.93774170e+02, 3.33724091e+02,
    9.41405640e+02, 3.26082367e+02, 9.89474060e+02, 3.18695679e+02 ]
