%YAML:1.0
---
points: [ 3.98231781e+02, 5.35670105e+02, 4.05432983e+02, 5.08674103e+02,
    4.12524475e+02, 4.81618774e+02, 4.19593262e+02, 4.54643616e+02,
    4.26685303e+02, 4.27887695e+02, 4.33789581e+02, 4.01068542e+02,
    4.27664734e+02, 5.41515320e+02, 4.34671967e+02, 5.14698608e+02,
    4.41759277e+02, 4.88290100e+02, 4.48732086e+02, 4.61589172e+02,
    4.55598755e+02, 4.35238708e+02, 4.62675293e+02, 4.08698761e+02,
    4.56418427e+02, 5.46953857e+02, 4.63461273e+02, 5.20839478e+02,
    4.70231323e+02, 4.94658417e+02, 4.77064697e+02, 4.68620636e+02,
    4.83900452e+02, 4.42595520e+02, 4.90757782e+02, 4.16597137e+02,
    4.84266876e+02, 5.52376465e+02, 4.91050934e+02, 5.26585876e+02,
    4.97561279e+02, 5.00806061e+02, 5.04389160e+02, 4.75283875e+02,
    5.11151733e+02, 4.49561493e+02, 5.17708069e+02, 4.24022675e+02,
    5.11190643e+02, 5.57463562e+02, 5.17670166e+02, 5.32208069e+02,
    5.24291626e+02, 5.06880249e+02, 5.30928650e+02, 4.81547852e+02,
    5.37431641e+02, 4.56233429e+02, 5.43890686e+02, 4.31247681e+02,
    5.37197449e+02, 5.62491211e+02, 5.43490417e+02, 5.37500671e+02,
    5.50007324e+02, 5.12588501e+02, 5.56505432e+02, 4.87576202e+02,
    5.62917114e+02, 4.62808624e+02, 5.69225525e+02, 4.38285889e+02,
    5.62386047e+02, 5.67208313e+02, 5.68654663e+02, 5.42707214e+02,
    5.74974915e+02, 5.18246948e+02, 5.81275452e+02, 4.93580231e+02,
    5.87463928e+02, 4.69317230e+02, 5.93694519e+02, 4.44858154e+02,
    5.86689087e+02, 5.71886475e+02, 5.92811157e+02, 5.47696472e+02,
    5.99171448e+02, 5.23631470e+02, 6.05383972e+02, 4.99429840e+02,
    6.11536072e+02, 4.75506561e+02, 6.17534180e+02, 4.51360474e+02 ]
