%YAML:1.0
---
points: [ 2.11014664e+02, 8.22744980e+01, 2.24776810e+02, 7.98695374e+01,
    2.38407974e+02, 7.74999466e+01, 2.52249115e+02, 7.52018585e+01,
    2.65935425e+02, 7.29074478e+01, 2.79988861e+02, 7.05005798e+01,
    2.11381042e+02, 9.08882217e+01, 2.25207855e+02, 8.86775742e+01,
    2.39301163e+02, 8.63646469e+01, 2.53245285e+02, 8.37926102e+01,
    2.67444122e+02, 8.15168610e+01, 2.81601868e+02, 7.90353470e+01,
    2.11642166e+02, 1.00100037e+02, 2.25746414e+02, 9.77593918e+01,
    2.40061737e+02, 9.53938751e+01, 2.54368347e+02, 9.28947754e+01,
    2.68827606e+02, 9.04997330e+01, 2.83359894e+02, 8.80084839e+01,
    2.11842789e+02, 1.09683212e+02, 2.26327438e+02, 1.07299721e+02,
    2.40954437e+02, 1.04907433e+02, 2.55567764e+02, 1.02526634e+02,
    2.70390564e+02, 1.00036354e+02, 2.85281982e+02, 9.75132141e+01,
    2.11950897e+02, 1.19712715e+02, 2.26837723e+02, 1.17308052e+02,
    2.41774902e+02, 1.14916115e+02, 2.56965607e+02, 1.12526695e+02,
    2.71940521e+02, 1.09889694e+02, 2.87171356e+02, 1.07419449e+02,
    2.12255066e+02, 1.30095505e+02, 2.27489273e+02, 1.27816544e+02,
    2.42795746e+02, 1.25350708e+02, 2.58110443e+02, 1.22873970e+02,
    2.73610382e+02, 1.20380417e+02, 2.89189056e+02, 1.17846123e+02,
    2.12506866e+02, 1.41394669e+02, 2.28170822e+02, 1.38846313e+02,
    2.43772568e+02, 1.36316574e+02, 2.59522858e+02, 1.33806992e+02,
    2.75360474e+02, 1.31310440e+02, 2.91298065e+02, 1.28743027e+02,
    2.12796875e+02, 1.52700043e+02, 2.28792450e+02, 1.50308121e+02,
    2.44812027e+02, 1.47852493e+02, 2.60961945e+02, 1.45295486e+02,
    2.77177856e+02, 1.42732925e+02, 2.93444946e+02, 1.40109863e+02 ]
