%YAML:1.0
---
points: [ 2.25041718e+02, 1.50815384e+02, 2.39724838e+02, 1.54664520e+02,
    2.54515518e+02, 1.58565918e+02, 2.69168518e+02, 1.62372147e+02,
    2.83933655e+02, 1.66127945e+02, 2.98555878e+02, 1.69971939e+02,
    2.22261490e+02, 1.64849350e+02, 2.36732452e+02, 1.68593246e+02,
    2.51146225e+02, 1.72285187e+02, 2.65548462e+02, 1.76049713e+02,
    2.79942596e+02, 1.79816391e+02, 2.94422516e+02, 1.83511032e+02,
    2.19618591e+02, 1.78306747e+02, 2.33732544e+02, 1.81962677e+02,
    2.47913712e+02, 1.85677994e+02, 2.62038300e+02, 1.89332535e+02,
    2.76185516e+02, 1.92992050e+02, 2.90275299e+02, 1.96624298e+02,
    2.17004822e+02, 1.91251099e+02, 2.30941238e+02, 1.94810715e+02,
    2.44881836e+02, 1.98390747e+02, 2.58735565e+02, 2.01988663e+02,
    2.72577606e+02, 2.05561218e+02, 2.86405212e+02, 2.09222351e+02,
    2.14587692e+02, 2.03724487e+02, 2.28192368e+02, 2.07158005e+02,
    2.41864304e+02, 2.10664825e+02, 2.55453827e+02, 2.14292114e+02,
    2.69092743e+02, 2.17728592e+02, 2.82643188e+02, 2.21314270e+02,
    2.12143295e+02, 2.15721558e+02, 2.25559479e+02, 2.19197067e+02,
    2.38936035e+02, 2.22599335e+02, 2.52378937e+02, 2.26056870e+02,
    2.65729279e+02, 2.29484467e+02, 2.79108673e+02, 2.32978348e+02,
    2.09801163e+02, 2.27268417e+02, 2.22996155e+02, 2.30662262e+02,
    2.36193893e+02, 2.34005417e+02, 2.49329224e+02, 2.37414185e+02,
    2.62485077e+02, 2.40751678e+02, 2.75594116e+02, 2.44129639e+02,
    2.07541763e+02, 2.38522400e+02, 2.20572723e+02, 2.41849380e+02,
    2.33528244e+02, 2.45137680e+02, 2.46476364e+02, 2.48433426e+02,
    2.59353363e+02, 2.51701736e+02, 2.72256866e+02, 2.55093277e+02 ]
