%YAML:1.0
---
points: [ 1.59372681e+02, 7.72510132e+02, 1.80327545e+02, 7.47452209e+02,
    2.00949478e+02, 7.22860962e+02, 2.21023438e+02, 6.99097107e+02,
    2.40769516e+02, 6.75601990e+02, 2.60016541e+02, 6.52853333e+02,
    1.86020264e+02, 7.87222778e+02, 2.06408401e+02, 7.62307800e+02,
    2.26497177e+02, 7.37824646e+02, 2.46159271e+02, 7.14089478e+02,
    2.65333252e+02, 6.90772766e+02, 2.84159302e+02, 6.68106445e+02,
    2.12354904e+02, 8.01465332e+02, 2.32194534e+02, 7.76709167e+02,
    2.51714478e+02, 7.52375427e+02, 2.70788391e+02, 7.28733765e+02,
    2.89501343e+02, 7.05591858e+02, 3.07825867e+02, 6.83061462e+02,
    2.37705658e+02, 8.15359314e+02, 2.57159668e+02, 7.90611633e+02,
    2.76142029e+02, 7.66548645e+02, 2.94725372e+02, 7.42919800e+02,
    3.12984955e+02, 7.19939087e+02, 3.30835022e+02, 6.97414795e+02,
    2.62592194e+02, 8.28783508e+02, 2.81402435e+02, 8.04312439e+02,
    3.00027191e+02, 7.80273865e+02, 3.18186462e+02, 7.56869446e+02,
    3.35897705e+02, 7.33845032e+02, 3.53308136e+02, 7.11586182e+02,
    2.86833191e+02, 8.41811768e+02, 3.05241669e+02, 8.17404968e+02,
    3.23327393e+02, 7.93593323e+02, 3.40955444e+02, 7.70253906e+02,
    3.58294983e+02, 7.47531738e+02, 3.75261749e+02, 7.25230774e+02,
    3.10451660e+02, 8.54561829e+02, 3.28323303e+02, 8.30394714e+02,
    3.46004883e+02, 8.06539795e+02, 3.63079956e+02, 7.83501404e+02,
    3.80007599e+02, 7.60672546e+02, 3.96547791e+02, 7.38568298e+02,
    3.33498627e+02, 8.67057068e+02, 3.51021179e+02, 8.42775757e+02,
    3.68112274e+02, 8.19320312e+02, 3.84785736e+02, 7.96144165e+02,
    4.01268768e+02, 7.73622131e+02, 4.17461121e+02, 7.51556763e+02 ]
