%YAML:1.0
---
points: [ 7.58769897e+02, 1.49214691e+02, 7.98641785e+02, 1.42106125e+02,
    8.38838684e+02, 1.34835388e+02, 8.79219971e+02, 1.27500366e+02,
    9.19593628e+02, 1.20093971e+02, 9.60261719e+02, 1.12646515e+02,
    7.58697388e+02, 1.75559311e+02, 7.99545776e+02, 1.68351456e+02,
    8.40473511e+02, 1.61225632e+02, 8.81599487e+02, 1.53758850e+02,
    9.22991699e+02, 1.46313583e+02, 9.64626221e+02, 1.38802017e+02,
    7.58616150e+02, 2.02961624e+02, 8.00431763e+02, 1.95761932e+02,
    8.42351624e+02, 1.88412766e+02, 8.84258728e+02, 1.80998520e+02,
    9.26508667e+02, 1.73532516e+02, 9.68895935e+02, 1.65910736e+02,
    7.58635986e+02, 2.31654678e+02, 8.01288818e+02, 2.24485550e+02,
    8.43982056e+02, 2.17080887e+02, 8.86828857e+02, 2.09391190e+02,
    9.30072998e+02, 2.02049026e+02, 9.73437683e+02, 1.93971161e+02,
    7.58576294e+02, 2.61687256e+02, 8.02226440e+02, 2.54489517e+02,
    8.45833740e+02, 2.47023117e+02, 8.89785828e+02, 2.39410034e+02,
    9.33775024e+02, 2.31598953e+02, 9.78230286e+02, 2.23786087e+02,
    7.58481689e+02, 2.92827454e+02, 8.03087219e+02, 2.85735901e+02,
    8.47841064e+02, 2.77793457e+02, 8.92652283e+02, 2.70493835e+02,
    9.37832825e+02, 2.62543304e+02, 9.83228210e+02, 2.54750427e+02,
    7.58509521e+02, 3.26170990e+02, 8.04046326e+02, 3.18523224e+02,
    8.49828125e+02, 3.10914551e+02, 8.95865784e+02, 3.03082397e+02,
    9.42184204e+02, 2.95357025e+02, 9.88442139e+02, 2.87272125e+02,
    7.58351135e+02, 3.60394348e+02, 8.05214905e+02, 3.52678406e+02,
    8.52021240e+02, 3.44871979e+02, 8.98999207e+02, 3.37144012e+02,
    9.46292175e+02, 3.29096649e+02, 9.93797729e+02, 3.21128906e+02 ]
