%YAML:1.0
---
points: [ 2.11598846e+02, 8.30231018e+01, 2.25199997e+02, 8.05302505e+01,
    2.38864563e+02, 7.80107193e+01, 2.52553391e+02, 7.54975739e+01,
    2.66242340e+02, 7.30845184e+01, 2.80270416e+02, 7.04891815e+01,
    2.11962479e+02, 9.18775482e+01, 2.25773468e+02, 8.94396515e+01,
    2.39845978e+02, 8.69296494e+01, 2.53789856e+02, 8.42796326e+01,
    2.67917236e+02, 8.17827606e+01, 2.82027740e+02, 7.92047882e+01,
    2.12403976e+02, 1.01140335e+02, 2.26515549e+02, 9.86726990e+01,
    2.40815338e+02, 9.61218948e+01, 2.55127548e+02, 9.35495758e+01,
    2.69524048e+02, 9.09494705e+01, 2.83950348e+02, 8.83666000e+01,
    2.12857651e+02, 1.10722595e+02, 2.27289978e+02, 1.08387505e+02,
    2.41855804e+02, 1.05765694e+02, 2.56444489e+02, 1.03280510e+02,
    2.71225464e+02, 1.00707016e+02, 2.85982086e+02, 9.78781433e+01,
    2.13296722e+02, 1.21048889e+02, 2.28047791e+02, 1.18538025e+02,
    2.42921692e+02, 1.15912262e+02, 2.57922668e+02, 1.13333344e+02,
    2.72923645e+02, 1.10578072e+02, 2.88051361e+02, 1.07901291e+02,
    2.13700607e+02, 1.31634369e+02, 2.28882797e+02, 1.29121521e+02,
    2.44132660e+02, 1.26438866e+02, 2.59360382e+02, 1.23858643e+02,
    2.74816071e+02, 1.21150322e+02, 2.90289307e+02, 1.18422333e+02,
    2.14245285e+02, 1.42904343e+02, 2.29737000e+02, 1.40224518e+02,
    2.45310226e+02, 1.37621475e+02, 2.60981842e+02, 1.34938568e+02,
    2.76721863e+02, 1.32322357e+02, 2.92556274e+02, 1.29464508e+02,
    2.14803467e+02, 1.54486099e+02, 2.30653717e+02, 1.51838394e+02,
    2.46578995e+02, 1.49181931e+02, 2.62589111e+02, 1.46459732e+02,
    2.78732056e+02, 1.43713684e+02, 2.94929901e+02, 1.40981628e+02 ]
