%YAML:1.0
---
points: [ 3.05540218e+01, 8.45678223e+02, 4.56406021e+01, 8.16164551e+02,
    6.05441818e+01, 7.87197327e+02, 7.51138153e+01, 7.58743225e+02,
    8.93814697e+01, 7.30926880e+02, 1.03408638e+02, 7.03806519e+02,
    6.29511871e+01, 8.53656921e+02, 7.75685730e+01, 8.24359863e+02,
    9.16988602e+01, 7.95728760e+02, 1.05767830e+02, 7.67683472e+02,
    1.19476700e+02, 7.40517639e+02, 1.32964096e+02, 7.13588074e+02,
    9.45910110e+01, 8.61232605e+02, 1.08590935e+02, 8.32436646e+02,
    1.22260353e+02, 8.04146423e+02, 1.35678726e+02, 7.76612366e+02,
    1.48798203e+02, 7.49571960e+02, 1.61861374e+02, 7.23185486e+02,
    1.25019791e+02, 8.68472839e+02, 1.38443939e+02, 8.39944275e+02,
    1.51513245e+02, 8.12262634e+02, 1.64336700e+02, 7.85140381e+02,
    1.77203491e+02, 7.58365784e+02, 1.89526306e+02, 7.32341309e+02,
    1.54451035e+02, 8.75497620e+02, 1.67266861e+02, 8.47459656e+02,
    1.79938660e+02, 8.19899719e+02, 1.92422012e+02, 7.93205322e+02,
    2.04649658e+02, 7.66683594e+02, 2.16593277e+02, 7.41164734e+02,
    1.82775665e+02, 8.82180054e+02, 1.95180969e+02, 8.54574585e+02,
    2.07481293e+02, 8.27472534e+02, 2.19448502e+02, 8.00977539e+02,
    2.31200409e+02, 7.74925049e+02, 2.42697632e+02, 7.49473572e+02,
    2.10386444e+02, 8.88501831e+02, 2.22258316e+02, 8.61402649e+02,
    2.34022720e+02, 8.34583374e+02, 2.45566528e+02, 8.08491455e+02,
    2.57022186e+02, 7.82674683e+02, 2.68117096e+02, 7.57679932e+02,
    2.37090317e+02, 8.94761108e+02, 2.48524887e+02, 8.67795776e+02,
    2.59794647e+02, 8.41550964e+02, 2.71006805e+02, 8.15644653e+02,
    2.81917542e+02, 7.90422485e+02, 2.92787811e+02, 7.65585632e+02 ]
