%YAML:1.0
---
points: [ 9.19404419e+02, 1.15643585e+02, 9.56767639e+02, 1.23399849e+02,
    9.95325317e+02, 1.31056885e+02, 1.03389673e+03, 1.38849396e+02,
    1.07372485e+03, 1.46518112e+02, 1.11419617e+03, 1.54562408e+02,
    9.06696167e+02, 1.52924530e+02, 9.44378357e+02, 1.60781647e+02,
    9.82432556e+02, 1.69134354e+02, 1.02151984e+03, 1.76938843e+02,
    1.06097400e+03, 1.85496902e+02, 1.10146423e+03, 1.93521652e+02,
    8.94255554e+02, 1.90218582e+02, 9.31621826e+02, 1.98438309e+02,
    9.69883972e+02, 2.06965622e+02, 1.00865369e+03, 2.15416809e+02,
    1.04837317e+03, 2.24188721e+02, 1.08852075e+03, 2.32999191e+02,
    8.81533569e+02, 2.27710892e+02, 9.18973694e+02, 2.36456299e+02,
    9.57183411e+02, 2.45091980e+02, 9.95975037e+02, 2.54016632e+02,
    1.03549658e+03, 2.63151611e+02, 1.07580139e+03, 2.72065887e+02,
    8.68779724e+02, 2.65344757e+02, 9.06201050e+02, 2.74520691e+02,
    9.44437744e+02, 2.83623291e+02, 9.83227844e+02, 2.92768250e+02,
    1.02264813e+03, 3.02343597e+02, 1.06296936e+03, 3.11882568e+02,
    8.55903748e+02, 3.02954742e+02, 8.93359680e+02, 3.12460297e+02,
    9.31419495e+02, 3.22178864e+02, 9.70361694e+02, 3.31770996e+02,
    1.00980310e+03, 3.41505951e+02, 1.05015039e+03, 3.51489105e+02,
    8.43013855e+02, 3.41335205e+02, 8.80432312e+02, 3.51034576e+02,
    9.18509644e+02, 3.60873108e+02, 9.57306152e+02, 3.71129456e+02,
    9.96772034e+02, 3.81382874e+02, 1.03721167e+03, 3.91758606e+02,
    8.29963318e+02, 3.79429291e+02, 8.67455322e+02, 3.89514160e+02,
    9.05555115e+02, 3.99758911e+02, 9.44358887e+02, 4.10339569e+02,
    9.83825134e+02, 4.20847290e+02, 1.02414661e+03, 4.31660461e+02 ]
