%YAML:1.0
---
points: [ 3.01362030e+02, 2.23486099e+02, 3.07351715e+02, 2.30753723e+02,
    3.13865509e+02, 2.38504562e+02, 3.20843933e+02, 2.46782822e+02,
    3.28354828e+02, 2.55562958e+02, 3.36313324e+02, 2.65080231e+02,
    2.90135620e+02, 2.31288162e+02, 2.95996765e+02, 2.38692398e+02,
    3.02115875e+02, 2.46726669e+02, 3.08692932e+02, 2.55205444e+02,
    3.15717590e+02, 2.64343597e+02, 3.23335785e+02, 2.74097260e+02,
    2.79146362e+02, 2.38958298e+02, 2.84484589e+02, 2.46750168e+02,
    2.90342407e+02, 2.54933731e+02, 2.96419159e+02, 2.63721527e+02,
    3.03138306e+02, 2.73132172e+02, 3.10034943e+02, 2.83253540e+02,
    2.67992737e+02, 2.46749176e+02, 2.73164429e+02, 2.54704559e+02,
    2.78549408e+02, 2.63251434e+02, 2.84403229e+02, 2.72265350e+02,
    2.90505981e+02, 2.81906738e+02, 2.97194794e+02, 2.92278381e+02,
    2.57030304e+02, 2.54444168e+02, 2.61743866e+02, 2.62713379e+02,
    2.66843018e+02, 2.71392456e+02, 2.72164703e+02, 2.80782471e+02,
    2.77963043e+02, 2.90713043e+02, 2.84154816e+02, 3.01456879e+02,
    2.45967636e+02, 2.62262695e+02, 2.50463318e+02, 2.70668854e+02,
    2.55069000e+02, 2.79681580e+02, 2.60141296e+02, 2.89298157e+02,
    2.65448181e+02, 2.99506683e+02, 2.71226746e+02, 3.10550537e+02,
    2.34988541e+02, 2.69956726e+02, 2.39065323e+02, 2.78713531e+02,
    2.43406219e+02, 2.87895752e+02, 2.48025818e+02, 2.97838470e+02,
    2.52948624e+02, 3.08390808e+02, 2.58203094e+02, 3.19787689e+02,
    2.23884262e+02, 2.77791748e+02, 2.27696320e+02, 2.86738098e+02,
    2.31623642e+02, 2.96192688e+02, 2.35876404e+02, 3.06432434e+02,
    2.40357498e+02, 3.17332977e+02, 2.45325546e+02, 3.28828094e+02 ]
