%YAML:1.0
---
points: [ 2.65718231e+02, 7.14621353e+01, 2.78722809e+02, 7.40278168e+01,
    2.91811371e+02, 7.66481934e+01, 3.05232025e+02, 7.91792068e+01,
    3.18861816e+02, 8.17943039e+01, 3.32829437e+02, 8.45225525e+01,
    2.61547974e+02, 8.40180969e+01, 2.74457214e+02, 8.66598358e+01,
    2.87651703e+02, 8.94323349e+01, 3.01061279e+02, 9.20368729e+01,
    3.14663422e+02, 9.48150101e+01, 3.28634369e+02, 9.76591263e+01,
    2.57301605e+02, 9.66371841e+01, 2.70235718e+02, 9.95018616e+01,
    2.83363342e+02, 1.02220154e+02, 2.96746704e+02, 1.05068161e+02,
    3.10424713e+02, 1.07929237e+02, 3.24374634e+02, 1.10917053e+02,
    2.53111816e+02, 1.09349785e+02, 2.65943634e+02, 1.12244278e+02,
    2.79115021e+02, 1.15193291e+02, 2.92472809e+02, 1.18217552e+02,
    3.06158752e+02, 1.21241066e+02, 3.20129425e+02, 1.24237061e+02,
    2.48876678e+02, 1.22054428e+02, 2.61657837e+02, 1.25164909e+02,
    2.74787903e+02, 1.28262360e+02, 2.88167786e+02, 1.31409653e+02,
    3.01844238e+02, 1.34569214e+02, 3.15765961e+02, 1.37740356e+02,
    2.44456833e+02, 1.34981964e+02, 2.57364136e+02, 1.38104706e+02,
    2.70494629e+02, 1.41294464e+02, 2.83830872e+02, 1.44668472e+02,
    2.97566406e+02, 1.47928772e+02, 3.11438568e+02, 1.51236801e+02,
    2.40107010e+02, 1.47902069e+02, 2.52949326e+02, 1.51205521e+02,
    2.66169800e+02, 1.54574493e+02, 2.79476227e+02, 1.57964813e+02,
    2.93137085e+02, 1.61430206e+02, 3.07026428e+02, 1.64955673e+02,
    2.35782669e+02, 1.60860962e+02, 2.48685989e+02, 1.64263382e+02,
    2.61788361e+02, 1.67733536e+02, 2.75084930e+02, 1.71255707e+02,
    2.88774170e+02, 1.74893509e+02, 3.02722168e+02, 1.78540131e+02 ]
