%YAML:1.0
---
points: [ 2.99457001e+02, 2.26921860e+02, 3.05012177e+02, 2.34820282e+02,
    3.11223389e+02, 2.43160950e+02, 3.17695465e+02, 2.52121964e+02,
    3.24681641e+02, 2.61689178e+02, 3.32091400e+02, 2.71909180e+02,
    2.87782776e+02, 2.33964355e+02, 2.93235840e+02, 2.41963333e+02,
    2.98871094e+02, 2.50582855e+02, 3.05074707e+02, 2.59742706e+02,
    3.11541260e+02, 2.69565704e+02, 3.18620819e+02, 2.80107758e+02,
    2.76293304e+02, 2.40875900e+02, 2.81201294e+02, 2.49231750e+02,
    2.86610504e+02, 2.58056824e+02, 2.92286011e+02, 2.67451782e+02,
    2.98354065e+02, 2.77509766e+02, 3.04787628e+02, 2.88297119e+02,
    2.64665863e+02, 2.47951401e+02, 2.69418335e+02, 2.56432098e+02,
    2.74385620e+02, 2.65555115e+02, 2.79736572e+02, 2.75144348e+02,
    2.85331085e+02, 2.85442108e+02, 2.91414276e+02, 2.96444153e+02,
    2.53211426e+02, 2.54925812e+02, 2.57506134e+02, 2.63704102e+02,
    2.62235535e+02, 2.72895386e+02, 2.67025726e+02, 2.82802582e+02,
    2.72298157e+02, 2.93362122e+02, 2.77860901e+02, 3.04756500e+02,
    2.41664169e+02, 2.61935730e+02, 2.45768570e+02, 2.70846130e+02,
    2.49917679e+02, 2.80377167e+02, 2.54464554e+02, 2.90479645e+02,
    2.59267975e+02, 3.01383026e+02, 2.64468170e+02, 3.12902710e+02,
    2.30250839e+02, 2.68909760e+02, 2.33865021e+02, 2.78121307e+02,
    2.37837784e+02, 2.87829163e+02, 2.41880829e+02, 2.98258118e+02,
    2.46301712e+02, 3.09292572e+02, 2.51017029e+02, 3.21163818e+02,
    2.18680389e+02, 2.76020172e+02, 2.22036163e+02, 2.85410950e+02,
    2.25479309e+02, 2.95359833e+02, 2.29292664e+02, 3.05954865e+02,
    2.33226578e+02, 3.17343414e+02, 2.37591751e+02, 3.29425903e+02 ]
