%YAML:1.0
---
points: [ 9.27692261e+02, 1.31584656e+02, 9.65128784e+02, 1.43299591e+02,
    1.00222528e+03, 1.54479462e+02, 1.03916919e+03, 1.65751663e+02,
    1.07570715e+03, 1.76750473e+02, 1.11236511e+03, 1.87748993e+02,
    9.17518616e+02, 1.69979401e+02, 9.54802490e+02, 1.81255707e+02,
    9.92086792e+02, 1.92507904e+02, 1.02883643e+03, 2.03557587e+02,
    1.06559827e+03, 2.14547058e+02, 1.10194397e+03, 2.25419952e+02,
    9.07506897e+02, 2.07854111e+02, 9.44823303e+02, 2.19106079e+02,
    9.81811646e+02, 2.30289139e+02, 1.01877148e+03, 2.41063202e+02,
    1.05536572e+03, 2.52107681e+02, 1.09171692e+03, 2.62673645e+02,
    8.97540283e+02, 2.45755600e+02, 9.34646118e+02, 2.56925903e+02,
    9.71890686e+02, 2.67733856e+02, 1.00857050e+03, 2.78614014e+02,
    1.04524951e+03, 2.89458954e+02, 1.08151477e+03, 2.99853241e+02,
    8.87435486e+02, 2.83656342e+02, 9.24667542e+02, 2.94538177e+02,
    9.61672546e+02, 3.05447540e+02, 9.98506775e+02, 3.16138458e+02,
    1.03508313e+03, 3.26535919e+02, 1.07136304e+03, 3.37115143e+02,
    8.77475891e+02, 3.21308594e+02, 9.14704651e+02, 3.32137329e+02,
    9.51652527e+02, 3.42658417e+02, 9.88487671e+02, 3.53314209e+02,
    1.02493188e+03, 3.63676483e+02, 1.06129382e+03, 3.73942535e+02,
    8.67433105e+02, 3.58940643e+02, 9.04570618e+02, 3.69620331e+02,
    9.41735474e+02, 3.80158112e+02, 9.78424866e+02, 3.90532318e+02,
    1.01494830e+03, 4.00763062e+02, 1.05122852e+03, 4.11079590e+02,
    8.57421936e+02, 3.96364258e+02, 8.94802124e+02, 4.06669312e+02,
    9.31635559e+02, 4.17149597e+02, 9.68536194e+02, 4.27418121e+02,
    1.00480121e+03, 4.37494507e+02, 1.04125366e+03, 4.47572052e+02 ]
