%YAML:1.0
---
points: [ 3.73869362e+01, 5.67437439e+02, 7.15407257e+01, 5.64130615e+02,
    1.04655663e+02, 5.60697327e+02, 1.36589050e+02, 5.57420898e+02,
    1.67505829e+02, 5.54418274e+02, 1.97382065e+02, 5.51282104e+02,
    3.87037697e+01, 5.94647888e+02, 7.26363373e+01, 5.90794373e+02,
    1.05709648e+02, 5.86896423e+02, 1.37549393e+02, 5.83073364e+02,
    1.68202530e+02, 5.79578552e+02, 1.97833862e+02, 5.76190002e+02,
    4.00443344e+01, 6.21982727e+02, 7.40859985e+01, 6.17444458e+02,
    1.06708481e+02, 6.13057068e+02, 1.38380508e+02, 6.08706177e+02,
    1.68823685e+02, 6.04678833e+02, 1.98290588e+02, 6.00946350e+02,
    4.16136932e+01, 6.48539612e+02, 7.53182373e+01, 6.43613586e+02,
    1.07660530e+02, 6.38675293e+02, 1.39049881e+02, 6.34092468e+02,
    1.69525909e+02, 6.29459839e+02, 1.98712112e+02, 6.25110474e+02,
    4.31841393e+01, 6.75034668e+02, 7.64256516e+01, 6.69450989e+02,
    1.08665955e+02, 6.64315002e+02, 1.39799728e+02, 6.59186584e+02,
    1.70130966e+02, 6.54143188e+02, 1.99240463e+02, 6.49375610e+02,
    4.44587059e+01, 7.01008545e+02, 7.76227493e+01, 6.95137024e+02,
    1.09756401e+02, 6.89355408e+02, 1.40623093e+02, 6.83644775e+02,
    1.70679794e+02, 6.78337708e+02, 1.99743820e+02, 6.73116638e+02,
    4.58393822e+01, 7.26797241e+02, 7.89085159e+01, 7.20261902e+02,
    1.10771553e+02, 7.14087402e+02, 1.41501251e+02, 7.08096680e+02,
    1.71353226e+02, 7.02324829e+02, 2.00253845e+02, 6.96648987e+02,
    4.73945808e+01, 7.52336853e+02, 8.03219223e+01, 7.45247620e+02,
    1.11816200e+02, 7.38773743e+02, 1.42488831e+02, 7.32411865e+02,
    1.71888565e+02, 7.26164734e+02, 2.00689072e+02, 7.20051392e+02 ]
