%YAML:1.0
---
points: [ 2.67949402e+02, 7.67981415e+01, 2.80554688e+02, 8.07078323e+01,
    2.93135223e+02, 8.45245438e+01, 3.05629639e+02, 8.82258530e+01,
    3.18011963e+02, 9.19766693e+01, 3.30320221e+02, 9.56510315e+01,
    2.64485413e+02, 8.97356415e+01, 2.77141968e+02, 9.35379486e+01,
    2.89637268e+02, 9.73048019e+01, 3.02095032e+02, 1.01082375e+02,
    3.14515778e+02, 1.04745003e+02, 3.26868835e+02, 1.08457680e+02,
    2.61062347e+02, 1.02622269e+02, 2.73655457e+02, 1.06398529e+02,
    2.86207581e+02, 1.10117302e+02, 2.98624176e+02, 1.13773491e+02,
    3.10995941e+02, 1.17479507e+02, 3.23328094e+02, 1.21073174e+02,
    2.57571899e+02, 1.15476494e+02, 2.70195190e+02, 1.19216812e+02,
    2.82696869e+02, 1.22888657e+02, 2.95195190e+02, 1.26595871e+02,
    3.07520874e+02, 1.30117294e+02, 3.19883942e+02, 1.33720627e+02,
    2.54221222e+02, 1.28333420e+02, 2.66741638e+02, 1.32018845e+02,
    2.79236755e+02, 1.35713699e+02, 2.91657257e+02, 1.39184357e+02,
    3.04032928e+02, 1.42762619e+02, 3.16356415e+02, 1.46252274e+02,
    2.50723450e+02, 1.41045975e+02, 2.63283386e+02, 1.44778061e+02,
    2.75821411e+02, 1.48334885e+02, 2.88205139e+02, 1.51906113e+02,
    3.00626251e+02, 1.55366226e+02, 3.12908905e+02, 1.58884857e+02,
    2.47297714e+02, 1.53895416e+02, 2.59880219e+02, 1.57433487e+02,
    2.72348145e+02, 1.61070526e+02, 2.84747498e+02, 1.64532257e+02,
    2.97116547e+02, 1.68068024e+02, 3.09436554e+02, 1.71513947e+02,
    2.43966980e+02, 1.66588928e+02, 2.56468506e+02, 1.70080017e+02,
    2.69010101e+02, 1.73568512e+02, 2.81336639e+02, 1.77011322e+02,
    2.93703644e+02, 1.80504929e+02, 3.05981689e+02, 1.83889893e+02 ]
