%YAML:1.0
---
points: [ 1.64723557e+02, 4.84004211e+02, 1.88770370e+02, 4.72050995e+02,
    2.12226761e+02, 4.60355316e+02, 2.34872574e+02, 4.49063782e+02,
    2.56980164e+02, 4.38111633e+02, 2.78432922e+02, 4.27402069e+02,
    1.77143005e+02, 5.04987610e+02, 2.00578476e+02, 4.92885193e+02,
    2.23549362e+02, 4.80926392e+02, 2.45957947e+02, 4.69533752e+02,
    2.67573761e+02, 4.58354279e+02, 2.88708405e+02, 4.47651428e+02,
    1.89136765e+02, 5.25806519e+02, 2.12330124e+02, 5.13358215e+02,
    2.34790619e+02, 5.01395386e+02, 2.56785919e+02, 4.89671997e+02,
    2.78206543e+02, 4.78458038e+02, 2.99019958e+02, 4.67440948e+02,
    2.00948837e+02, 5.45819397e+02, 2.23737366e+02, 5.33383057e+02,
    2.45851913e+02, 5.21169922e+02, 2.67418640e+02, 5.09399841e+02,
    2.88407684e+02, 4.97802979e+02, 3.08745514e+02, 4.86725006e+02,
    2.12520630e+02, 5.65511658e+02, 2.34751801e+02, 5.52784424e+02,
    2.56593750e+02, 5.40556885e+02, 2.77740387e+02, 5.28549255e+02,
    2.98447021e+02, 5.16856262e+02, 3.18500000e+02, 5.05596649e+02,
    2.23795303e+02, 5.84605469e+02, 2.45757385e+02, 5.71884827e+02,
    2.67219116e+02, 5.59396912e+02, 2.87906555e+02, 5.47378906e+02,
    3.08231537e+02, 5.35501038e+02, 3.27900421e+02, 5.24205017e+02,
    2.34777145e+02, 6.03475708e+02, 2.56392761e+02, 5.90424316e+02,
    2.77398956e+02, 5.77839050e+02, 2.97803223e+02, 5.65612122e+02,
    3.17798187e+02, 5.53691956e+02, 3.37169373e+02, 5.42152283e+02,
    2.45672165e+02, 6.21726379e+02, 2.66823303e+02, 6.08704407e+02,
    2.87493683e+02, 5.95932068e+02, 3.07527710e+02, 5.83637024e+02,
    3.27107513e+02, 5.71532715e+02, 3.46311188e+02, 5.59895325e+02 ]
