%YAML:1.0
---
points: [ 1.12395020e+03, 3.72684052e+02, 1.14952490e+03, 4.09262695e+02,
    1.17492761e+03, 4.45783478e+02, 1.20054285e+03, 4.82219330e+02,
    1.22616162e+03, 5.18730164e+02, 1.25189636e+03, 5.55228821e+02,
    1.08854736e+03, 3.97882446e+02, 1.11358374e+03, 4.33750092e+02,
    1.13859595e+03, 4.69547882e+02, 1.16355310e+03, 5.05373016e+02,
    1.18867212e+03, 5.41130371e+02, 1.21386096e+03, 5.76873596e+02,
    1.05459143e+03, 4.22233734e+02, 1.07920935e+03, 4.57198792e+02,
    1.10367102e+03, 4.92425873e+02, 1.12826648e+03, 5.27466919e+02,
    1.15285510e+03, 5.62587708e+02, 1.17746118e+03, 5.97594849e+02,
    1.02183478e+03, 4.45479675e+02, 1.04598206e+03, 4.79913391e+02,
    1.07012305e+03, 5.14430847e+02, 1.09416724e+03, 5.48751587e+02,
    1.11839612e+03, 5.83238770e+02, 1.14246411e+03, 6.17639893e+02,
    9.90399231e+02, 4.67838470e+02, 1.01416010e+03, 5.01673553e+02,
    1.03769141e+03, 5.35506897e+02, 1.06143115e+03, 5.69357422e+02,
    1.08513721e+03, 6.03176514e+02, 1.10881018e+03, 6.36978333e+02,
    9.60051758e+02, 4.89474731e+02, 9.83335144e+02, 5.22678406e+02,
    1.00656647e+03, 5.55944153e+02, 1.02983142e+03, 5.89152893e+02,
    1.05317590e+03, 6.22314087e+02, 1.07641650e+03, 6.55513428e+02,
    9.30651794e+02, 5.10383881e+02, 9.53539673e+02, 5.43062195e+02,
    9.76348389e+02, 5.75736755e+02, 9.99210510e+02, 6.08356873e+02,
    1.02208893e+03, 6.41054749e+02, 1.04493909e+03, 6.73615051e+02,
    9.02428101e+02, 5.30507202e+02, 9.24843689e+02, 5.62596436e+02,
    9.47449219e+02, 5.94684265e+02, 9.69842957e+02, 6.26677490e+02,
    9.92379456e+02, 6.58783081e+02, 1.01479279e+03, 6.90872131e+02 ]
