%YAML:1.0
---
points: [ 3.37582397e+02, 1.58409409e+02, 3.46182373e+02, 1.70750992e+02,
    3.54861725e+02, 1.83287949e+02, 3.63554901e+02, 1.95656052e+02,
    3.72335388e+02, 2.08153091e+02, 3.80981567e+02, 2.20632248e+02,
    3.24919464e+02, 1.67029266e+02, 3.33480133e+02, 1.79226868e+02,
    3.41951294e+02, 1.91356461e+02, 3.50527161e+02, 2.03564972e+02,
    3.59136810e+02, 2.15726440e+02, 3.67644531e+02, 2.27920135e+02,
    3.12940308e+02, 1.75256744e+02, 3.21309845e+02, 1.87216660e+02,
    3.29723633e+02, 1.99121017e+02, 3.38034943e+02, 2.11149155e+02,
    3.46472290e+02, 2.23076492e+02, 3.54875183e+02, 2.34945602e+02,
    3.01414124e+02, 1.83218079e+02, 3.09641144e+02, 1.94936279e+02,
    3.17847168e+02, 2.06595367e+02, 3.26082397e+02, 2.18361938e+02,
    3.34308533e+02, 2.30046524e+02, 3.42641418e+02, 2.41813354e+02,
    2.90417145e+02, 1.90854828e+02, 2.98399200e+02, 2.02275375e+02,
    3.06452240e+02, 2.13806000e+02, 3.14462250e+02, 2.25286011e+02,
    3.22629333e+02, 2.36819397e+02, 3.30631439e+02, 2.48292725e+02,
    2.79650513e+02, 1.98193848e+02, 2.87627228e+02, 2.09496826e+02,
    2.95462616e+02, 2.20761765e+02, 3.03414948e+02, 2.31997482e+02,
    3.11305206e+02, 2.43325195e+02, 3.19274506e+02, 2.54637268e+02,
    2.69444336e+02, 2.05289627e+02, 2.77110687e+02, 2.16339279e+02,
    2.84846375e+02, 2.27509354e+02, 2.92620209e+02, 2.38538345e+02,
    3.00465546e+02, 2.49617752e+02, 3.08175140e+02, 2.60673431e+02,
    2.59409241e+02, 2.12059357e+02, 2.67132355e+02, 2.23029785e+02,
    2.74728363e+02, 2.33857620e+02, 2.82365326e+02, 2.44782089e+02,
    2.89913483e+02, 2.55656998e+02, 2.97627167e+02, 2.66628601e+02 ]
