%YAML:1.0
---
points: [ 2.72591705e+02, 1.96091003e+02, 2.80773468e+02, 2.01776245e+02,
    2.88353912e+02, 2.07149078e+02, 2.95581665e+02, 2.12130859e+02,
    3.02409210e+02, 2.16982941e+02, 3.08732971e+02, 2.21409561e+02,
    2.64671997e+02, 2.09282944e+02, 2.73013916e+02, 2.14598892e+02,
    2.80861206e+02, 2.19562729e+02, 2.88274292e+02, 2.24255936e+02,
    2.95316162e+02, 2.28694366e+02, 3.01986694e+02, 2.32891129e+02,
    2.56530548e+02, 2.22700928e+02, 2.65198578e+02, 2.27462692e+02,
    2.73250519e+02, 2.32100098e+02, 2.80937378e+02, 2.36409943e+02,
    2.88195312e+02, 2.40521027e+02, 2.94863373e+02, 2.44333817e+02,
    2.48607300e+02, 2.35856857e+02, 2.57397675e+02, 2.40328308e+02,
    2.65739502e+02, 2.44495117e+02, 2.73508118e+02, 2.48527390e+02,
    2.81096710e+02, 2.52219528e+02, 2.88096252e+02, 2.55817368e+02,
    2.40546402e+02, 2.49198898e+02, 2.49661362e+02, 2.53155289e+02,
    2.58167816e+02, 2.56968475e+02, 2.66319031e+02, 2.60632416e+02,
    2.73869598e+02, 2.64025085e+02, 2.80958984e+02, 2.67155334e+02,
    2.32535019e+02, 2.62342041e+02, 2.41861038e+02, 2.66038605e+02,
    2.50650497e+02, 2.69476654e+02, 2.58963165e+02, 2.72732391e+02,
    2.66867920e+02, 2.75792358e+02, 2.74213928e+02, 2.78714447e+02,
    2.24405228e+02, 2.75711670e+02, 2.34065628e+02, 2.78866028e+02,
    2.43115250e+02, 2.81921844e+02, 2.51614151e+02, 2.84806915e+02,
    2.59724121e+02, 2.87628143e+02, 2.67097931e+02, 2.90036316e+02,
    2.16336639e+02, 2.89017334e+02, 2.26158264e+02, 2.91872864e+02,
    2.35471222e+02, 2.94510529e+02, 2.44212540e+02, 2.96973633e+02,
    2.52491531e+02, 2.99383087e+02, 2.60392365e+02, 3.01721191e+02 ]
