%YAML:1.0
---
points: [ 1.06254492e+03, 3.54008484e+02, 1.08870239e+03, 3.81378967e+02,
    1.11471960e+03, 4.08760986e+02, 1.14098816e+03, 4.36139740e+02,
    1.16722778e+03, 4.63325409e+02, 1.19328809e+03, 4.90499359e+02,
    1.03530688e+03, 3.80354187e+02, 1.06140271e+03, 4.07704712e+02,
    1.08744177e+03, 4.35102966e+02, 1.11359021e+03, 4.62243225e+02,
    1.13974023e+03, 4.89531067e+02, 1.16590430e+03, 5.16766235e+02,
    1.00791412e+03, 4.06433502e+02, 1.03402576e+03, 4.33767090e+02,
    1.06029236e+03, 4.61214478e+02, 1.08638708e+03, 4.88349091e+02,
    1.11235144e+03, 5.15666077e+02, 1.13854749e+03, 5.42807556e+02,
    9.80646362e+02, 4.32717255e+02, 1.00663849e+03, 4.60019165e+02,
    1.03297803e+03, 4.87219086e+02, 1.05907666e+03, 5.14590515e+02,
    1.08519653e+03, 5.41770447e+02, 1.11134766e+03, 5.68773560e+02,
    9.53369568e+02, 4.58879639e+02, 9.79600220e+02, 4.86090912e+02,
    1.00561719e+03, 5.13391235e+02, 1.03165942e+03, 5.40629578e+02,
    1.05805493e+03, 5.67715393e+02, 1.08409167e+03, 5.95043030e+02,
    9.26293030e+02, 4.84806763e+02, 9.52417358e+02, 5.12194702e+02,
    9.78526550e+02, 5.39567688e+02, 1.00462384e+03, 5.66596497e+02,
    1.03060913e+03, 5.93815735e+02, 1.05678137e+03, 6.21150574e+02,
    8.98929443e+02, 5.11165161e+02, 9.25065247e+02, 5.38404907e+02,
    9.51215515e+02, 5.65657104e+02, 9.77421326e+02, 5.92915955e+02,
    1.00342841e+03, 6.20191101e+02, 1.02949036e+03, 6.47253967e+02,
    8.71729980e+02, 5.37288635e+02, 8.97958679e+02, 5.64504456e+02,
    9.24199463e+02, 5.91614746e+02, 9.50167053e+02, 6.18880249e+02,
    9.76401978e+02, 6.46139648e+02, 1.00249927e+03, 6.73295715e+02 ]
