%YAML:1.0
---
points: [ 3.25629730e+02, 1.49548218e+02, 3.26745789e+02, 1.63972122e+02,
    3.27992767e+02, 1.78414230e+02, 3.28842926e+02, 1.92289902e+02,
    3.30273651e+02, 2.07298660e+02, 3.31639465e+02, 2.21250717e+02,
    3.11114349e+02, 1.51236969e+02, 3.12281036e+02, 1.65522385e+02,
    3.13376617e+02, 1.79795837e+02, 3.14127350e+02, 1.94193512e+02,
    3.16043457e+02, 2.08280533e+02, 3.17049896e+02, 2.22240875e+02,
    2.96787415e+02, 1.53003082e+02, 2.97942627e+02, 1.67116959e+02,
    2.99136139e+02, 1.81252838e+02, 3.00455811e+02, 1.95161453e+02,
    3.01583649e+02, 2.09214539e+02, 3.02673828e+02, 2.23255585e+02,
    2.82792816e+02, 1.54543594e+02, 2.84027710e+02, 1.68630219e+02,
    2.85184052e+02, 1.82616714e+02, 2.86432739e+02, 1.96632477e+02,
    2.87579620e+02, 2.10406586e+02, 2.88791962e+02, 2.24296295e+02,
    2.69065582e+02, 1.56242783e+02, 2.70225647e+02, 1.70075241e+02,
    2.71465668e+02, 1.84043106e+02, 2.72662506e+02, 1.97758423e+02,
    2.73891571e+02, 2.11570084e+02, 2.75203918e+02, 2.25306900e+02,
    2.55605301e+02, 1.57768433e+02, 2.56786499e+02, 1.71677429e+02,
    2.58049835e+02, 1.85356216e+02, 2.59299835e+02, 1.99083618e+02,
    2.60485596e+02, 2.12686157e+02, 2.61674377e+02, 2.26271347e+02,
    2.42287888e+02, 1.59372101e+02, 2.43560410e+02, 1.73051804e+02,
    2.44788422e+02, 1.86671188e+02, 2.46021057e+02, 2.00287552e+02,
    2.47273468e+02, 2.13864471e+02, 2.48488220e+02, 2.27299896e+02,
    2.29199432e+02, 1.60823486e+02, 2.30467422e+02, 1.74455795e+02,
    2.31744995e+02, 1.87977066e+02, 2.33046234e+02, 2.01404282e+02,
    2.34272888e+02, 2.14857529e+02, 2.35438293e+02, 2.28261398e+02 ]
