%YAML:1.0
---
points: [ 3.13222290e+02, 1.52098877e+02, 3.22151794e+02, 1.61399826e+02,
    3.30978546e+02, 1.70730942e+02, 3.39901550e+02, 1.79967300e+02,
    3.48839233e+02, 1.89253937e+02, 3.57786530e+02, 1.98537231e+02,
    3.03885651e+02, 1.61059219e+02, 3.12759399e+02, 1.70383026e+02,
    3.21682678e+02, 1.79628220e+02, 3.30563324e+02, 1.88886261e+02,
    3.39486145e+02, 1.98170517e+02, 3.48384247e+02, 2.07408737e+02,
    2.94584747e+02, 1.69986176e+02, 3.03510590e+02, 1.79234131e+02,
    3.12393219e+02, 1.88516418e+02, 3.21274536e+02, 1.97752747e+02,
    3.30142456e+02, 2.06985718e+02, 3.39037445e+02, 2.16296265e+02,
    2.85352936e+02, 1.78902069e+02, 2.94210938e+02, 1.88140244e+02,
    3.03139343e+02, 1.97374664e+02, 3.11923370e+02, 2.06696732e+02,
    3.20832733e+02, 2.15917877e+02, 3.29747467e+02, 2.25159225e+02,
    2.76074463e+02, 1.87762283e+02, 2.84897705e+02, 1.97044891e+02,
    2.93741974e+02, 2.06322739e+02, 3.02671356e+02, 2.15610001e+02,
    3.11590698e+02, 2.24797256e+02, 3.20503296e+02, 2.34057861e+02,
    2.66742126e+02, 1.96682602e+02, 2.75695465e+02, 2.05928040e+02,
    2.84568237e+02, 2.15195084e+02, 2.93368134e+02, 2.24390640e+02,
    3.02308624e+02, 2.33665222e+02, 3.11248566e+02, 2.42885651e+02,
    2.57476013e+02, 2.05568466e+02, 2.66400909e+02, 2.14714600e+02,
    2.75243744e+02, 2.24122040e+02, 2.84123230e+02, 2.33262466e+02,
    2.93007263e+02, 2.42540771e+02, 3.01855865e+02, 2.51756210e+02,
    2.48257019e+02, 2.14430084e+02, 2.57182434e+02, 2.23717911e+02,
    2.66094971e+02, 2.32873398e+02, 2.74893738e+02, 2.42123657e+02,
    2.83772491e+02, 2.51349869e+02, 2.92676178e+02, 2.60567169e+02 ]
