%YAML:1.0
---
points: [ 2.47355148e+02, 4.11580963e+02, 2.70381897e+02, 4.12758545e+02,
    2.92473175e+02, 4.13682770e+02, 3.13906403e+02, 4.14782776e+02,
    3.34694214e+02, 4.15928955e+02, 3.54721527e+02, 4.16902252e+02,
    2.49657242e+02, 4.34287384e+02, 2.72493195e+02, 4.34831970e+02,
    2.94778809e+02, 4.35593719e+02, 3.16389160e+02, 4.36352570e+02,
    3.37033051e+02, 4.37001007e+02, 3.57091095e+02, 4.37838287e+02,
    2.51960571e+02, 4.57035339e+02, 2.75017822e+02, 4.57392883e+02,
    2.97110840e+02, 4.57742798e+02, 3.18555450e+02, 4.58062622e+02,
    3.39227051e+02, 4.58293640e+02, 3.59373566e+02, 4.58552917e+02,
    2.54407242e+02, 4.79904419e+02, 2.77200623e+02, 4.79845520e+02,
    2.99327301e+02, 4.79664520e+02, 3.20730133e+02, 4.79610229e+02,
    3.41460358e+02, 4.79448975e+02, 3.61384308e+02, 4.79355042e+02,
    2.56659119e+02, 5.02595886e+02, 2.79592438e+02, 5.02184265e+02,
    3.01681000e+02, 5.01649597e+02, 3.23025787e+02, 5.01143799e+02,
    3.43618347e+02, 5.00625793e+02, 3.63643066e+02, 5.00190948e+02,
    2.59116943e+02, 5.25395630e+02, 2.81756104e+02, 5.24467041e+02,
    3.03925110e+02, 5.23611938e+02, 3.25221161e+02, 5.22684692e+02,
    3.45806366e+02, 5.21810242e+02, 3.65675964e+02, 5.20830750e+02,
    2.61365662e+02, 5.48299194e+02, 2.84180481e+02, 5.46681763e+02,
    3.06311707e+02, 5.45451904e+02, 3.27470093e+02, 5.44291260e+02,
    3.48214569e+02, 5.42908203e+02, 3.67877197e+02, 5.41560608e+02,
    2.63813843e+02, 5.71013916e+02, 2.86479980e+02, 5.69326721e+02,
    3.08434906e+02, 5.67403625e+02, 3.29595459e+02, 5.65797913e+02,
    3.50181122e+02, 5.64234497e+02, 3.70136841e+02, 5.62482361e+02 ]
