%YAML:1.0
---
points: [ 3.03382782e+02, 1.81906738e+02, 3.04273865e+02, 1.94765228e+02,
    3.05156189e+02, 2.07559479e+02, 3.06065399e+02, 2.20302231e+02,
    3.06946320e+02, 2.33208893e+02, 3.07800476e+02, 2.45937622e+02,
    2.90677338e+02, 1.82826477e+02, 2.91507690e+02, 1.95548172e+02,
    2.92342438e+02, 2.08502563e+02, 2.93264648e+02, 2.21210495e+02,
    2.94071289e+02, 2.34001389e+02, 2.94955414e+02, 2.46755783e+02,
    2.77889038e+02, 1.83613419e+02, 2.78770416e+02, 1.96446930e+02,
    2.79549164e+02, 2.09266785e+02, 2.80400909e+02, 2.22095230e+02,
    2.81250153e+02, 2.34819397e+02, 2.82184937e+02, 2.47505569e+02,
    2.65056580e+02, 1.84506470e+02, 2.65806091e+02, 1.97230164e+02,
    2.66627655e+02, 2.10209915e+02, 2.67625061e+02, 2.22952560e+02,
    2.68528351e+02, 2.35694748e+02, 2.69363617e+02, 2.48364563e+02,
    2.52351807e+02, 1.85370102e+02, 2.53148514e+02, 1.98054871e+02,
    2.54459305e+02, 2.10916000e+02, 2.54863937e+02, 2.23631119e+02,
    2.55769638e+02, 2.36435577e+02, 2.56654907e+02, 2.49290131e+02,
    2.39474213e+02, 1.86237762e+02, 2.40611603e+02, 1.98844711e+02,
    2.41124176e+02, 2.11649155e+02, 2.42175262e+02, 2.24679276e+02,
    2.43178452e+02, 2.37410629e+02, 2.43926834e+02, 2.50169754e+02,
    2.26741333e+02, 1.87127365e+02, 2.27557114e+02, 1.99732498e+02,
    2.28681702e+02, 2.12619171e+02, 2.29305679e+02, 2.25464340e+02,
    2.30268127e+02, 2.38245605e+02, 2.31207092e+02, 2.51086060e+02,
    2.13858749e+02, 1.87867432e+02, 2.14849411e+02, 2.00763779e+02,
    2.15722290e+02, 2.13610245e+02, 2.16629913e+02, 2.26331863e+02,
    2.17488403e+02, 2.39194122e+02, 2.18357040e+02, 2.51913147e+02 ]
