%YAML:1.0
---
points: [ 2.61211731e+02, 1.26285614e+02, 2.69333893e+02, 1.15573570e+02,
    2.77383789e+02, 1.05029640e+02, 2.85479767e+02, 9.44399261e+01,
    2.93501953e+02, 8.38370590e+01, 3.01545502e+02, 7.33009491e+01,
    2.71796021e+02, 1.33551773e+02, 2.79927277e+02, 1.22817604e+02,
    2.88063324e+02, 1.12097939e+02, 2.96176636e+02, 1.01394363e+02,
    3.04312347e+02, 9.07224121e+01, 3.12388489e+02, 8.00877151e+01,
    2.82582306e+02, 1.40919525e+02, 2.90756653e+02, 1.30100616e+02,
    2.98929962e+02, 1.19327866e+02, 3.07141846e+02, 1.08559662e+02,
    3.15295258e+02, 9.77144394e+01, 3.23464355e+02, 8.70662918e+01,
    2.93458252e+02, 1.48370987e+02, 3.01701416e+02, 1.37509979e+02,
    3.09943207e+02, 1.26613312e+02, 3.18226135e+02, 1.15757324e+02,
    3.26532623e+02, 1.04839096e+02, 3.34669708e+02, 9.40720215e+01,
    3.04509705e+02, 1.55936401e+02, 3.12848297e+02, 1.44952133e+02,
    3.21192017e+02, 1.34030228e+02, 3.29493530e+02, 1.23037964e+02,
    3.37779022e+02, 1.12073166e+02, 3.46063904e+02, 1.01201500e+02,
    3.15830688e+02, 1.63641602e+02, 3.24214752e+02, 1.52556427e+02,
    3.32571106e+02, 1.41507385e+02, 3.40938019e+02, 1.30498718e+02,
    3.49359863e+02, 1.19419357e+02, 3.57614044e+02, 1.08412918e+02,
    3.27283478e+02, 1.71430603e+02, 3.35726013e+02, 1.60258377e+02,
    3.44165527e+02, 1.49077591e+02, 3.52630554e+02, 1.37990036e+02,
    3.61001373e+02, 1.26826683e+02, 3.69332855e+02, 1.15762108e+02,
    3.38972290e+02, 1.79353134e+02, 3.47474762e+02, 1.68043335e+02,
    3.55997803e+02, 1.56851532e+02, 3.64505829e+02, 1.45656845e+02,
    3.72929047e+02, 1.34444839e+02, 3.81372589e+02, 1.23249969e+02 ]
