%YAML:1.0
---
points: [ 9.07354248e+02, 2.77683807e+02, 9.31165344e+02, 2.46380402e+02,
    9.54758972e+02, 2.15131821e+02, 9.78593567e+02, 1.83824966e+02,
    1.00232410e+03, 1.52502014e+02, 1.02608777e+03, 1.21223198e+02,
    9.37990356e+02, 2.99078125e+02, 9.61862915e+02, 2.67530060e+02,
    9.85816711e+02, 2.36028488e+02, 1.00966284e+03, 2.04508087e+02,
    1.03368262e+03, 1.72904312e+02, 1.05751538e+03, 1.41420624e+02,
    9.69334961e+02, 3.20883911e+02, 9.93409668e+02, 2.89198486e+02,
    1.01749243e+03, 2.57437378e+02, 1.04155139e+03, 2.25585083e+02,
    1.06564258e+03, 1.93700897e+02, 1.08981396e+03, 1.61954803e+02,
    1.00094617e+03, 3.42889374e+02, 1.02519458e+03, 3.10921051e+02,
    1.04946497e+03, 2.78926025e+02, 1.07356616e+03, 2.46941498e+02,
    1.09801843e+03, 2.14738831e+02, 1.12216516e+03, 1.82780014e+02,
    1.03300964e+03, 3.65225555e+02, 1.05746033e+03, 3.33051880e+02,
    1.08186108e+03, 3.00700562e+02, 1.10642773e+03, 2.68434784e+02,
    1.13077185e+03, 2.36218536e+02, 1.15534985e+03, 2.03806030e+02,
    1.06575439e+03, 3.87751709e+02, 1.09040588e+03, 3.55371552e+02,
    1.11498279e+03, 3.22745575e+02, 1.13956604e+03, 2.90347992e+02,
    1.16440527e+03, 2.57774414e+02, 1.18881079e+03, 2.25194138e+02,
    1.09892932e+03, 4.10797424e+02, 1.12365894e+03, 3.78080566e+02,
    1.14844617e+03, 3.45274841e+02, 1.17333606e+03, 3.12469116e+02,
    1.19825793e+03, 2.79627960e+02, 1.22309363e+03, 2.46742523e+02,
    1.13273523e+03, 4.34213043e+02, 1.15766895e+03, 4.01246063e+02,
    1.18275195e+03, 3.68023773e+02, 1.20772461e+03, 3.35075714e+02,
    1.23286072e+03, 3.01855072e+02, 1.25781763e+03, 2.68782990e+02 ]
