%YAML:1.0
---
points: [ 2.51673584e+02, 2.64072540e+02, 2.73220154e+02, 2.70766510e+02,
    2.93748688e+02, 2.77205322e+02, 3.13674591e+02, 2.83394653e+02,
    3.33072327e+02, 2.89467468e+02, 3.51579346e+02, 2.95211731e+02,
    2.47452591e+02, 2.86648468e+02, 2.68938995e+02, 2.92822784e+02,
    2.89676575e+02, 2.98811462e+02, 3.09672028e+02, 3.04688538e+02,
    3.28877869e+02, 3.10320892e+02, 3.47807190e+02, 3.15852081e+02,
    2.43107895e+02, 3.09422119e+02, 2.64675537e+02, 3.15161865e+02,
    2.85488892e+02, 3.20748688e+02, 3.05652283e+02, 3.26214935e+02,
    3.25039062e+02, 3.31473022e+02, 3.43846466e+02, 3.36397095e+02,
    2.38742218e+02, 3.32100372e+02, 2.60349274e+02, 3.37370514e+02,
    2.81282349e+02, 3.42516541e+02, 3.01557800e+02, 3.47573334e+02,
    3.21104462e+02, 3.52421082e+02, 3.39816315e+02, 3.56897339e+02,
    2.34414688e+02, 3.54660767e+02, 2.56018585e+02, 3.59516235e+02,
    2.77104553e+02, 3.64413116e+02, 2.97426971e+02, 3.68970367e+02,
    3.17131927e+02, 3.73406586e+02, 3.35920563e+02, 3.77523346e+02,
    2.30139359e+02, 3.77235168e+02, 2.51999969e+02, 3.81785461e+02,
    2.73093842e+02, 3.86225769e+02, 2.93312653e+02, 3.90299438e+02,
    3.12950409e+02, 3.94288208e+02, 3.32212219e+02, 3.98257416e+02,
    2.25754791e+02, 3.99900665e+02, 2.47719482e+02, 4.03795715e+02,
    2.69017303e+02, 4.07772369e+02, 2.89225616e+02, 4.11669281e+02,
    3.08931458e+02, 4.15174408e+02, 3.28108734e+02, 4.18639832e+02,
    2.21437149e+02, 4.22649200e+02, 2.43487732e+02, 4.26193237e+02,
    2.64675354e+02, 4.29610596e+02, 2.85193787e+02, 4.33054871e+02,
    3.05046021e+02, 4.36105438e+02, 3.24098145e+02, 4.39385010e+02 ]
