%YAML:1.0
---
points: [ 3.39323334e+02, 1.31692413e+02, 3.46725861e+02, 1.45935867e+02,
    3.54349701e+02, 1.60509094e+02, 3.61928833e+02, 1.75180145e+02,
    3.69701721e+02, 1.89989243e+02, 3.77683167e+02, 2.04474777e+02,
    3.24649567e+02, 1.40041061e+02, 3.31902893e+02, 1.54207993e+02,
    3.39203400e+02, 1.68441833e+02, 3.46663422e+02, 1.82908676e+02,
    3.54065369e+02, 1.97442963e+02, 3.61799286e+02, 2.12184326e+02,
    3.10377747e+02, 1.48239807e+02, 3.17389374e+02, 1.62221283e+02,
    3.24644897e+02, 1.76295197e+02, 3.31742004e+02, 1.90439468e+02,
    3.39151550e+02, 2.04763351e+02, 3.46564789e+02, 2.19245697e+02,
    2.96647034e+02, 1.56081223e+02, 3.03531677e+02, 1.69914291e+02,
    3.10529083e+02, 1.83730515e+02, 3.17649139e+02, 1.97736084e+02,
    3.24666046e+02, 2.11774551e+02, 3.31878632e+02, 2.26121704e+02,
    2.83369843e+02, 1.63803818e+02, 2.90109161e+02, 1.77285751e+02,
    2.96877991e+02, 1.90949570e+02, 3.03738251e+02, 2.04779053e+02,
    3.10752655e+02, 2.18746078e+02, 3.17745697e+02, 2.32765549e+02,
    2.70599823e+02, 1.71087662e+02, 2.77175690e+02, 1.84495071e+02,
    2.83740112e+02, 1.97943878e+02, 2.90514313e+02, 2.11613388e+02,
    2.97242615e+02, 2.25312088e+02, 3.04134399e+02, 2.39189743e+02,
    2.58126221e+02, 1.78244736e+02, 2.64586243e+02, 1.91412170e+02,
    2.71025330e+02, 2.04753571e+02, 2.77601685e+02, 2.18158585e+02,
    2.84213013e+02, 2.31708084e+02, 2.90868805e+02, 2.45375656e+02,
    2.46048279e+02, 1.85124115e+02, 2.52439240e+02, 1.98165863e+02,
    2.58699738e+02, 2.11315247e+02, 2.65231628e+02, 2.24637070e+02,
    2.71547760e+02, 2.37913895e+02, 2.78077423e+02, 2.51449265e+02 ]
