%YAML:1.0
---
points: [ 6.60386353e+02, 2.25452225e+02, 6.88258118e+02, 1.97383240e+02,
    7.17562561e+02, 1.67619049e+02, 7.48460571e+02, 1.36387665e+02,
    7.81196167e+02, 1.03306404e+02, 8.15432434e+02, 6.83376160e+01,
    6.91674744e+02, 2.64907410e+02, 7.20311707e+02, 2.38008713e+02,
    7.50174500e+02, 2.09768005e+02, 7.81546631e+02, 1.79879791e+02,
    8.14551636e+02, 1.48337936e+02, 8.49545227e+02, 1.15033836e+02,
    7.22968079e+02, 3.03725616e+02, 7.51751404e+02, 2.78173126e+02,
    7.82175781e+02, 2.51057404e+02, 8.13818420e+02, 2.22698761e+02,
    8.47457886e+02, 1.92646378e+02, 8.82734436e+02, 1.61165131e+02,
    7.53257019e+02, 3.41420776e+02, 7.82500854e+02, 3.16994507e+02,
    8.13255432e+02, 2.91240173e+02, 8.45573364e+02, 2.64204193e+02,
    8.79476685e+02, 2.35659836e+02, 9.15296387e+02, 2.05428116e+02,
    7.82714539e+02, 3.78483551e+02, 8.12503662e+02, 3.55089722e+02,
    8.43629456e+02, 3.30656647e+02, 8.76338745e+02, 3.04901642e+02,
    9.10697144e+02, 2.77601776e+02, 9.46995483e+02, 2.48918335e+02,
    8.11766724e+02, 4.14519165e+02, 8.41829773e+02, 3.92384857e+02,
    8.73468445e+02, 3.69018860e+02, 9.06531677e+02, 3.44485901e+02,
    9.41363281e+02, 3.18583099e+02, 9.77908752e+02, 2.91357635e+02,
    8.40241272e+02, 4.49947113e+02, 8.70584473e+02, 4.28706879e+02,
    9.02550903e+02, 4.06534424e+02, 9.35963013e+02, 3.83176971e+02,
    9.71279724e+02, 3.58528809e+02, 1.00829028e+03, 3.32606049e+02,
    8.68153076e+02, 4.84644592e+02, 8.98934692e+02, 4.64477997e+02,
    9.31136292e+02, 4.43354370e+02, 9.64981262e+02, 4.21130524e+02,
    1.00050134e+03, 3.97665863e+02, 1.03802271e+03, 3.73138947e+02 ]
