%YAML:1.0
---
points: [ 1.81602539e+02, 1.08795044e+02, 1.91609436e+02, 9.93371582e+01,
    2.02166260e+02, 8.91918030e+01, 2.13295670e+02, 7.87119904e+01,
    2.25001587e+02, 6.75725784e+01, 2.37446472e+02, 5.57564850e+01,
    1.91963593e+02, 1.22134933e+02, 2.02131622e+02, 1.12953522e+02,
    2.12847473e+02, 1.03440498e+02, 2.24101105e+02, 9.32644119e+01,
    2.36029007e+02, 8.26566315e+01, 2.48568817e+02, 7.13285980e+01,
    2.02193375e+02, 1.35232666e+02, 2.12544312e+02, 1.26562782e+02,
    2.23376358e+02, 1.17323273e+02, 2.34786163e+02, 1.07748596e+02,
    2.46794174e+02, 9.75907593e+01, 2.59510223e+02, 8.68213272e+01,
    2.12237885e+02, 1.48068451e+02, 2.22655060e+02, 1.39728928e+02,
    2.33643677e+02, 1.30950226e+02, 2.45222366e+02, 1.21767578e+02,
    2.57409698e+02, 1.12038414e+02, 2.70248718e+02, 1.01757629e+02,
    2.22006912e+02, 1.60572098e+02, 2.32554703e+02, 1.52645523e+02,
    2.43674057e+02, 1.44274063e+02, 2.55407227e+02, 1.35583603e+02,
    2.67694153e+02, 1.26227295e+02, 2.80661896e+02, 1.16574387e+02,
    2.31633057e+02, 1.72806946e+02, 2.42289627e+02, 1.65238678e+02,
    2.53604645e+02, 1.57305756e+02, 2.65365845e+02, 1.48936035e+02,
    2.77820923e+02, 1.40202728e+02, 2.90907990e+02, 1.30851654e+02,
    2.40973984e+02, 1.84797974e+02, 2.51825470e+02, 1.77600616e+02,
    2.63195190e+02, 1.69989960e+02, 2.75134277e+02, 1.62081924e+02,
    2.87702484e+02, 1.53696930e+02, 3.00937439e+02, 1.44828049e+02,
    2.50266937e+02, 1.96608749e+02, 2.61215454e+02, 1.89728424e+02,
    2.72692780e+02, 1.82558762e+02, 2.84678711e+02, 1.74956329e+02,
    2.97455414e+02, 1.67008926e+02, 3.10811310e+02, 1.58574783e+02 ]
