%YAML:1.0
---
points: [ 4.14791443e+02, 2.94254211e+02, 4.26712250e+02, 3.13663025e+02,
    4.38516510e+02, 3.32571228e+02, 4.50277588e+02, 3.51667603e+02,
    4.61781403e+02, 3.70271027e+02, 4.73290009e+02, 3.88776947e+02,
    3.96003998e+02, 3.03752533e+02, 4.07938660e+02, 3.22790375e+02,
    4.19982483e+02, 3.42031982e+02, 4.31574585e+02, 3.60700409e+02,
    4.43449554e+02, 3.79552032e+02, 4.54797974e+02, 3.97870697e+02,
    3.76975159e+02, 3.13043640e+02, 3.89094788e+02, 3.32314484e+02,
    4.01077087e+02, 3.51299133e+02, 4.12937927e+02, 3.70188141e+02,
    4.24619293e+02, 3.88656067e+02, 4.36336090e+02, 4.07151611e+02,
    3.58104736e+02, 3.22493805e+02, 3.70201294e+02, 3.41632477e+02,
    3.82357422e+02, 3.60595001e+02, 3.94322784e+02, 3.79326782e+02,
    4.06155060e+02, 3.97929749e+02, 4.17864899e+02, 4.16225830e+02,
    3.39235809e+02, 3.31923645e+02, 3.51474304e+02, 3.51055847e+02,
    3.63554169e+02, 3.69758148e+02, 3.75538086e+02, 3.88616638e+02,
    3.87533813e+02, 4.07011017e+02, 3.99362915e+02, 4.25551971e+02,
    3.20396729e+02, 3.41368164e+02, 3.32644928e+02, 3.60405090e+02,
    3.44799042e+02, 3.79356262e+02, 3.56836334e+02, 3.97833069e+02,
    3.68983612e+02, 4.16379700e+02, 3.80800507e+02, 4.34570831e+02,
    3.01561798e+02, 3.50844543e+02, 3.13824188e+02, 3.69751862e+02,
    3.26219879e+02, 3.88513947e+02, 3.38339386e+02, 4.07141022e+02,
    3.50491882e+02, 4.25589813e+02, 3.62377655e+02, 4.43829773e+02,
    2.82624634e+02, 3.60323303e+02, 2.95193878e+02, 3.79259430e+02,
    3.07420624e+02, 3.97933899e+02, 3.19763824e+02, 4.16447998e+02,
    3.31749146e+02, 4.34793732e+02, 3.43879730e+02, 4.52965088e+02 ]
