%YAML:1.0
---
points: [ 5.37434509e+02, 2.93399872e+02, 5.46994507e+02, 3.14330353e+02,
    5.56617432e+02, 3.34884735e+02, 5.66326294e+02, 3.55495239e+02,
    5.75660828e+02, 3.75782166e+02, 5.85219543e+02, 3.96115234e+02,
    5.20675110e+02, 3.01888580e+02, 5.30407654e+02, 3.22470398e+02,
    5.40158508e+02, 3.43083618e+02, 5.49545471e+02, 3.63397491e+02,
    5.59061707e+02, 3.83718109e+02, 5.68339355e+02, 4.03773376e+02,
    5.04229980e+02, 3.10309021e+02, 5.13862244e+02, 3.30822998e+02,
    5.23433716e+02, 3.51209442e+02, 5.32869812e+02, 3.71416504e+02,
    5.42384216e+02, 3.91399323e+02, 5.51717407e+02, 4.11402191e+02,
    4.87962738e+02, 3.18596924e+02, 4.97548889e+02, 3.38765625e+02,
    5.07271790e+02, 3.59107056e+02, 5.16604126e+02, 3.79143829e+02,
    5.26139832e+02, 3.99195129e+02, 5.35522827e+02, 4.18846405e+02,
    4.71751282e+02, 3.26734375e+02, 4.81515045e+02, 3.46934723e+02,
    4.91089386e+02, 3.66894257e+02, 5.00410828e+02, 3.86852264e+02,
    5.09969299e+02, 4.06510956e+02, 5.19411194e+02, 4.26322968e+02,
    4.56163025e+02, 3.34850861e+02, 4.65596161e+02, 3.54770508e+02,
    4.75097046e+02, 3.74725494e+02, 4.84583618e+02, 3.94454132e+02,
    4.94155579e+02, 4.14251099e+02, 5.03400482e+02, 4.33484039e+02,
    4.40434601e+02, 3.42711029e+02, 4.50058228e+02, 3.62655090e+02,
    4.59455048e+02, 3.82356506e+02, 4.68931580e+02, 4.02092590e+02,
    4.78380798e+02, 4.21376160e+02, 4.87765045e+02, 4.40887238e+02,
    4.24928619e+02, 3.50740753e+02, 4.34507599e+02, 3.70313049e+02,
    4.43992767e+02, 3.89964905e+02, 4.53402344e+02, 4.09336823e+02,
    4.62810791e+02, 4.28780396e+02, 4.72128296e+02, 4.47837006e+02 ]
