%YAML:1.0
---
points: [ 1.71299744e+02, 4.45185738e+01, 1.87749680e+02, 4.92603722e+01,
    2.04120758e+02, 5.40500755e+01, 2.20688766e+02, 5.89491692e+01,
    2.37247162e+02, 6.38055878e+01, 2.54111679e+02, 6.87922897e+01,
    1.67608124e+02, 6.24379692e+01, 1.83665314e+02, 6.71490479e+01,
    1.99978287e+02, 7.19986496e+01, 2.16229126e+02, 7.69732895e+01,
    2.32618668e+02, 8.19014130e+01, 2.49205887e+02, 8.68832626e+01,
    1.63926727e+02, 7.98647156e+01, 1.79859802e+02, 8.46999817e+01,
    1.95893280e+02, 8.96613770e+01, 2.11968185e+02, 9.45961075e+01,
    2.28167130e+02, 9.95704575e+01, 2.44371979e+02, 1.04602554e+02,
    1.60443542e+02, 9.69992523e+01, 1.76121597e+02, 1.01825111e+02,
    1.91951340e+02, 1.06736504e+02, 2.07827820e+02, 1.11701607e+02,
    2.23778870e+02, 1.16699486e+02, 2.39804230e+02, 1.21695175e+02,
    1.56976517e+02, 1.13707123e+02, 1.72503754e+02, 1.18526192e+02,
    1.88181915e+02, 1.23512810e+02, 2.03816315e+02, 1.28423309e+02,
    2.19537582e+02, 1.33344299e+02, 2.35339264e+02, 1.38461151e+02,
    1.53563248e+02, 1.29919525e+02, 1.68996445e+02, 1.34839966e+02,
    1.84378510e+02, 1.39782837e+02, 1.99956100e+02, 1.44674149e+02,
    2.15435654e+02, 1.49627960e+02, 2.30996521e+02, 1.54630249e+02,
    1.50370911e+02, 1.45893570e+02, 1.65546295e+02, 1.50810623e+02,
    1.80803329e+02, 1.55701920e+02, 1.96033264e+02, 1.60616241e+02,
    2.11369446e+02, 1.65467133e+02, 2.26699738e+02, 1.70375061e+02,
    1.47203979e+02, 1.61336502e+02, 1.62188461e+02, 1.66202408e+02,
    1.77211258e+02, 1.71009811e+02, 1.92329620e+02, 1.75934891e+02,
    2.07427139e+02, 1.80822342e+02, 2.22602570e+02, 1.85700775e+02 ]
