%YAML:1.0
---
points: [ 6.23455688e+02, 3.25329399e+01, 6.71724243e+02, 4.72428703e+01,
    7.20552368e+02, 6.22357559e+01, 7.69273682e+02, 7.68368378e+01,
    8.18335754e+02, 9.18666229e+01, 8.67488525e+02, 1.06975601e+02,
    6.13423035e+02, 8.63421326e+01, 6.61249573e+02, 1.01009804e+02,
    7.09242065e+02, 1.15759262e+02, 7.57434021e+02, 1.30805573e+02,
    8.05737122e+02, 1.45631989e+02, 8.54302917e+02, 1.60654663e+02,
    6.03682129e+02, 1.38435257e+02, 6.50753174e+02, 1.53220901e+02,
    6.98338623e+02, 1.68099075e+02, 7.45750916e+02, 1.82729187e+02,
    7.93570251e+02, 1.97848251e+02, 8.41321777e+02, 2.13130325e+02,
    5.94466309e+02, 1.89357315e+02, 6.40955933e+02, 2.04183792e+02,
    6.87629395e+02, 2.18773529e+02, 7.34469482e+02, 2.33676376e+02,
    7.81606384e+02, 2.48670151e+02, 8.28665039e+02, 2.63482635e+02,
    5.85411804e+02, 2.39008713e+02, 6.31307312e+02, 2.53688324e+02,
    6.77408630e+02, 2.68402222e+02, 7.23713501e+02, 2.82951111e+02,
    7.70178528e+02, 2.97861328e+02, 8.16594299e+02, 3.12696960e+02,
    5.76260681e+02, 2.87127747e+02, 6.21892517e+02, 3.01789429e+02,
    6.67312744e+02, 3.16476929e+02, 7.12923523e+02, 3.31175720e+02,
    7.58842041e+02, 3.45705078e+02, 8.04794434e+02, 3.60462616e+02,
    5.67590271e+02, 3.34515747e+02, 6.12464417e+02, 3.49074432e+02,
    6.57577637e+02, 3.63523468e+02, 7.02596558e+02, 3.77910217e+02,
    7.47932495e+02, 3.92678375e+02, 7.92965027e+02, 4.07240295e+02,
    5.59173950e+02, 3.80373047e+02, 6.03357178e+02, 3.94493042e+02,
    6.47970398e+02, 4.08730286e+02, 6.92266174e+02, 4.23346283e+02,
    7.36945251e+02, 4.37860413e+02, 7.81603638e+02, 4.52356598e+02 ]
