%YAML:1.0
---
points: [ 2.99387848e+02, 1.64977112e+02, 3.03447479e+02, 1.77225235e+02,
    3.07548492e+02, 1.89446442e+02, 3.11608398e+02, 2.01516815e+02,
    3.15756134e+02, 2.13652634e+02, 3.19881104e+02, 2.25806564e+02,
    2.87221222e+02, 1.69055099e+02, 2.91290100e+02, 1.81315643e+02,
    2.95436920e+02, 1.93449432e+02, 2.99497589e+02, 2.05647903e+02,
    3.03560974e+02, 2.17766556e+02, 3.07705933e+02, 2.29919464e+02,
    2.74949310e+02, 1.73287186e+02, 2.79137482e+02, 1.85432846e+02,
    2.83188568e+02, 1.97617157e+02, 2.87321472e+02, 2.09699921e+02,
    2.91382141e+02, 2.21852051e+02, 2.95644348e+02, 2.33933716e+02,
    2.62811157e+02, 1.77429764e+02, 2.66758453e+02, 1.89533432e+02,
    2.70959839e+02, 2.01790482e+02, 2.75117218e+02, 2.13795410e+02,
    2.79273590e+02, 2.25990433e+02, 2.83428772e+02, 2.38055786e+02,
    2.50752106e+02, 1.81491730e+02, 2.54839691e+02, 1.93631042e+02,
    2.58935547e+02, 2.05762024e+02, 2.62955139e+02, 2.17801041e+02,
    2.67201630e+02, 2.29999756e+02, 2.71361359e+02, 2.42135208e+02,
    2.38578445e+02, 1.85679321e+02, 2.42626328e+02, 1.97947708e+02,
    2.46959473e+02, 2.09682205e+02, 2.51033768e+02, 2.22009186e+02,
    2.55159958e+02, 2.34153442e+02, 2.59248718e+02, 2.46288528e+02,
    2.26440048e+02, 1.89721146e+02, 2.30595093e+02, 2.01891251e+02,
    2.34908890e+02, 2.13855438e+02, 2.38947311e+02, 2.26149994e+02,
    2.42966568e+02, 2.38364838e+02, 2.47121582e+02, 2.50359482e+02,
    2.14211319e+02, 1.93865250e+02, 2.18449234e+02, 2.06061142e+02,
    2.22519516e+02, 2.17975754e+02, 2.26735657e+02, 2.30284454e+02,
    2.30878387e+02, 2.42387054e+02, 2.34987839e+02, 2.54450104e+02 ]
