%YAML:1.0
---
points: [ 8.77335876e+02, 3.40911438e+02, 9.10092712e+02, 3.78514374e+02,
    9.42437195e+02, 4.15459534e+02, 9.74249634e+02, 4.51699890e+02,
    1.00557300e+03, 4.87517456e+02, 1.03658386e+03, 5.22827026e+02,
    8.40846130e+02, 3.73486206e+02, 8.74191345e+02, 4.10765076e+02,
    9.06853333e+02, 4.47766632e+02, 9.39206543e+02, 4.83957184e+02,
    9.70923279e+02, 5.19827637e+02, 1.00228552e+03, 5.55102722e+02,
    8.04252991e+02, 4.06063446e+02, 8.37905151e+02, 4.43453888e+02,
    8.71240051e+02, 4.80286133e+02, 9.03752014e+02, 5.16541138e+02,
    9.35853027e+02, 5.52353638e+02, 9.67577148e+02, 5.87650879e+02,
    7.66911560e+02, 4.39103485e+02, 8.01130920e+02, 4.76522217e+02,
    8.34843262e+02, 5.13299377e+02, 8.67888550e+02, 5.49487610e+02,
    9.00471680e+02, 5.85287292e+02, 9.32564087e+02, 6.20540283e+02,
    7.29200928e+02, 4.72505249e+02, 7.63711548e+02, 5.09788513e+02,
    7.98030151e+02, 5.46608521e+02, 8.31461975e+02, 5.82796631e+02,
    8.64578003e+02, 6.18538086e+02, 8.97182800e+02, 6.53721313e+02,
    6.90719116e+02, 5.06212982e+02, 7.26082458e+02, 5.43506042e+02,
    7.60646606e+02, 5.80370483e+02, 7.94612976e+02, 6.16507202e+02,
    8.28335449e+02, 6.52276367e+02, 8.61232239e+02, 6.87520691e+02,
    6.51477722e+02, 5.40667847e+02, 6.87356567e+02, 5.77964478e+02,
    7.22458740e+02, 6.14756714e+02, 7.57075623e+02, 6.50951233e+02,
    7.91086060e+02, 6.86681458e+02, 8.24573364e+02, 7.21917664e+02,
    6.12021057e+02, 5.75350220e+02, 6.48349792e+02, 6.12576904e+02,
    6.84203552e+02, 6.49333130e+02, 7.19176270e+02, 6.85542053e+02,
    7.53675964e+02, 7.21308777e+02, 7.87615173e+02, 7.56553223e+02 ]
