%YAML:1.0
---
points: [ 2.04159195e+02, 1.97885452e+02, 2.04335281e+02, 1.84667984e+02,
    2.04584473e+02, 1.71160339e+02, 2.04679108e+02, 1.57597275e+02,
    2.04902328e+02, 1.44138367e+02, 2.05040054e+02, 1.30594208e+02,
    2.17583481e+02, 1.98247955e+02, 2.17798920e+02, 1.84827026e+02,
    2.17949448e+02, 1.71378143e+02, 2.18165405e+02, 1.57927734e+02,
    2.18378159e+02, 1.44309204e+02, 2.18569122e+02, 1.30831757e+02,
    2.30956879e+02, 1.98465500e+02, 2.31170715e+02, 1.85075058e+02,
    2.31392471e+02, 1.71617874e+02, 2.31577347e+02, 1.58192307e+02,
    2.31737579e+02, 1.44539993e+02, 2.31931015e+02, 1.31123764e+02,
    2.44546280e+02, 1.98602066e+02, 2.44528488e+02, 1.85331375e+02,
    2.44729935e+02, 1.71818924e+02, 2.44958740e+02, 1.58268127e+02,
    2.45175781e+02, 1.44753296e+02, 2.45366440e+02, 1.31308365e+02,
    2.57706757e+02, 1.98931610e+02, 2.57924713e+02, 1.85520981e+02,
    2.58191315e+02, 1.72063354e+02, 2.58371002e+02, 1.58421478e+02,
    2.58657135e+02, 1.45076889e+02, 2.58793060e+02, 1.31412781e+02,
    2.71149780e+02, 1.99104446e+02, 2.71407257e+02, 1.85671783e+02,
    2.71600159e+02, 1.72209900e+02, 2.71826233e+02, 1.58677307e+02,
    2.72053253e+02, 1.45238235e+02, 2.72292206e+02, 1.31491943e+02,
    2.84553223e+02, 1.99393204e+02, 2.84849304e+02, 1.85938904e+02,
    2.85171570e+02, 1.72347076e+02, 2.85327850e+02, 1.58941360e+02,
    2.85629974e+02, 1.45354706e+02, 2.85899139e+02, 1.31703400e+02,
    2.98118774e+02, 1.99578690e+02, 2.98259552e+02, 1.86174088e+02,
    2.98524567e+02, 1.72576157e+02, 2.98932343e+02, 1.59204117e+02,
    2.99123230e+02, 1.45457123e+02, 2.99399231e+02, 1.32004211e+02 ]
