%YAML:1.0
---
points: [ 4.57648773e+02, 4.90183960e+02, 4.67834229e+02, 5.10238403e+02,
    4.78058929e+02, 5.29822021e+02, 4.88288025e+02, 5.49768616e+02,
    4.98397156e+02, 5.69459839e+02, 5.08433289e+02, 5.89133484e+02,
    4.43469879e+02, 4.98635101e+02, 4.53597076e+02, 5.18294006e+02,
    4.63713959e+02, 5.38095703e+02, 4.73738281e+02, 5.57580566e+02,
    4.83936707e+02, 5.77309753e+02, 4.93711304e+02, 5.96663208e+02,
    4.29428070e+02, 5.06744232e+02, 4.39519409e+02, 5.26452820e+02,
    4.49490021e+02, 5.45970459e+02, 4.59528015e+02, 5.65426270e+02,
    4.69442993e+02, 5.84751831e+02, 4.79397522e+02, 6.04169434e+02,
    4.15679443e+02, 5.15043701e+02, 4.25543304e+02, 5.34410706e+02,
    4.35773010e+02, 5.53688354e+02, 4.45632629e+02, 5.72965271e+02,
    4.55593567e+02, 5.92324585e+02, 4.65657745e+02, 6.11262573e+02,
    4.01660065e+02, 5.23183167e+02, 4.12191559e+02, 5.42190796e+02,
    4.21619324e+02, 5.61514465e+02, 4.31825989e+02, 5.80504639e+02,
    4.41457275e+02, 5.99655884e+02, 4.51524750e+02, 6.18596313e+02,
    3.88836151e+02, 5.30815125e+02, 3.98529663e+02, 5.49889465e+02,
    4.08651123e+02, 5.68971191e+02, 4.18431213e+02, 5.87819275e+02,
    4.28231628e+02, 6.06729309e+02, 4.37402771e+02, 6.25747681e+02,
    3.75631592e+02, 5.38498169e+02, 3.85586853e+02, 5.57476013e+02,
    3.95258301e+02, 5.76345215e+02, 4.05195892e+02, 5.95164917e+02,
    4.14474396e+02, 6.14078735e+02, 4.24605927e+02, 6.32499451e+02,
    3.63049133e+02, 5.46179871e+02, 3.72545074e+02, 5.64945923e+02,
    3.82534149e+02, 5.83537415e+02, 3.92098816e+02, 6.02183472e+02,
    4.02006042e+02, 6.20734924e+02, 4.10713989e+02, 6.39582031e+02 ]
