%YAML:1.0
---
points: [ 2.55736069e+02, 1.47930908e+02, 2.66683136e+02, 1.60680847e+02,
    2.77410248e+02, 1.73166504e+02, 2.88021149e+02, 1.85447662e+02,
    2.98508759e+02, 1.97632706e+02, 3.08864868e+02, 2.09589310e+02,
    2.43555328e+02, 1.58958160e+02, 2.54601334e+02, 1.71615067e+02,
    2.65506561e+02, 1.84121033e+02, 2.76216064e+02, 1.96384521e+02,
    2.86833374e+02, 2.08504791e+02, 2.97332306e+02, 2.20514771e+02,
    2.31268784e+02, 1.69958954e+02, 2.42489365e+02, 1.82621979e+02,
    2.53530655e+02, 1.95091553e+02, 2.64427032e+02, 2.07405548e+02,
    2.75136749e+02, 2.19585556e+02, 2.85721222e+02, 2.31507339e+02,
    2.18830612e+02, 1.81106171e+02, 2.30133514e+02, 1.93767212e+02,
    2.41414368e+02, 2.06210831e+02, 2.52381699e+02, 2.18633270e+02,
    2.63264832e+02, 2.30683655e+02, 2.74014496e+02, 2.42658539e+02,
    2.06180939e+02, 1.92411789e+02, 2.17738327e+02, 2.05114639e+02,
    2.29076508e+02, 2.17578232e+02, 2.40257904e+02, 2.29818573e+02,
    2.51327835e+02, 2.41956924e+02, 2.62197693e+02, 2.53925064e+02,
    1.93395828e+02, 2.03803650e+02, 2.05079834e+02, 2.16518692e+02,
    2.16666595e+02, 2.28916122e+02, 2.27981934e+02, 2.41201950e+02,
    2.39173065e+02, 2.53343597e+02, 2.50228180e+02, 2.65341919e+02,
    1.80148468e+02, 2.15421021e+02, 1.92215378e+02, 2.28143646e+02,
    2.03877121e+02, 2.40622360e+02, 2.15459503e+02, 2.52812958e+02,
    2.26772812e+02, 2.65001160e+02, 2.37948318e+02, 2.76928833e+02,
    1.67149445e+02, 2.27212097e+02, 1.79217789e+02, 2.39874039e+02,
    1.91172729e+02, 2.52292389e+02, 2.02778290e+02, 2.64588196e+02,
    2.14323654e+02, 2.76715912e+02, 2.25636032e+02, 2.88681427e+02 ]
