%YAML:1.0
---
points: [ 9.61612732e+02, 3.81284637e+02, 9.76072083e+02, 4.40342224e+02,
    9.89947388e+02, 4.96271576e+02, 1.00260883e+03, 5.48819092e+02,
    1.01502222e+03, 5.98527588e+02, 1.02660730e+03, 6.45699707e+02,
    8.98227112e+02, 3.90982513e+02, 9.14313660e+02, 4.49144196e+02,
    9.29476135e+02, 5.03533997e+02, 9.43784302e+02, 5.55439087e+02,
    9.57505310e+02, 6.04023010e+02, 9.70474426e+02, 6.50558899e+02,
    8.36657227e+02, 4.00326752e+02, 8.54403748e+02, 4.57020966e+02,
    8.71140686e+02, 5.10878540e+02, 8.86772461e+02, 5.61571533e+02,
    9.01762512e+02, 6.09610229e+02, 9.15988831e+02, 6.55258423e+02,
    7.76659729e+02, 4.09187225e+02, 7.96222717e+02, 4.65185394e+02,
    8.14383911e+02, 5.18049072e+02, 8.31399353e+02, 5.67772278e+02,
    8.47557007e+02, 6.15020630e+02, 8.62961914e+02, 6.60039673e+02,
    7.18478760e+02, 4.17945221e+02, 7.39358826e+02, 4.72713379e+02,
    7.58766479e+02, 5.24579712e+02, 7.77406921e+02, 5.73670654e+02,
    7.94747437e+02, 6.20274658e+02, 8.11258667e+02, 6.64489563e+02,
    6.61871521e+02, 4.26414917e+02, 6.84132019e+02, 4.80403625e+02,
    7.04763855e+02, 5.31437744e+02, 7.24570435e+02, 5.79542236e+02,
    7.43072815e+02, 6.25349182e+02, 7.60693176e+02, 6.68862793e+02,
    6.06385925e+02, 4.34380646e+02, 6.29823425e+02, 4.87509888e+02,
    6.51807922e+02, 5.37767578e+02, 6.72683594e+02, 5.85392151e+02,
    6.92373962e+02, 6.30249695e+02, 7.10916016e+02, 6.73274658e+02,
    5.52491943e+02, 4.42338318e+02, 5.77288452e+02, 4.94504791e+02,
    6.00463989e+02, 5.44085083e+02, 6.22467163e+02, 5.90828979e+02,
    6.43081726e+02, 6.35244873e+02, 6.62799622e+02, 6.77356506e+02 ]
