%YAML:1.0
---
points: [ 5.06195129e+02, 4.99283173e+02, 5.14532959e+02, 5.17822754e+02,
    5.23069702e+02, 5.36419861e+02, 5.31474976e+02, 5.55049683e+02,
    5.39911255e+02, 5.73565918e+02, 5.48391541e+02, 5.92116577e+02,
    4.87618927e+02, 5.07548004e+02, 4.96104095e+02, 5.26118408e+02,
    5.04479401e+02, 5.44682068e+02, 5.13099548e+02, 5.63282410e+02,
    5.21436523e+02, 5.81869995e+02, 5.29822815e+02, 6.00374451e+02,
    4.69057404e+02, 5.15795776e+02, 4.77465637e+02, 5.34491760e+02,
    4.85983826e+02, 5.52923706e+02, 4.94346283e+02, 5.71630066e+02,
    5.02707520e+02, 5.90167053e+02, 5.11147919e+02, 6.08709045e+02,
    4.50471710e+02, 5.24237671e+02, 4.59044983e+02, 5.42651978e+02,
    4.67439728e+02, 5.61395386e+02, 4.75902283e+02, 5.79765869e+02,
    4.84327881e+02, 5.98519409e+02, 4.92747070e+02, 6.16896912e+02,
    4.31964966e+02, 5.32372742e+02, 4.40526703e+02, 5.51107483e+02,
    4.48829773e+02, 5.69618530e+02, 4.57353088e+02, 5.88321838e+02,
    4.65805481e+02, 6.06637634e+02, 4.74253693e+02, 6.25327026e+02,
    4.13560181e+02, 5.40771667e+02, 4.22176636e+02, 5.59284180e+02,
    4.30358215e+02, 5.77886353e+02, 4.39034607e+02, 5.96411865e+02,
    4.47366730e+02, 6.15167053e+02, 4.55781464e+02, 6.33536316e+02,
    3.95236267e+02, 5.49046570e+02, 4.03606110e+02, 5.67686096e+02,
    4.12178253e+02, 5.86190125e+02, 4.20498505e+02, 6.04693054e+02,
    4.29079468e+02, 6.23314148e+02, 4.37359680e+02, 6.41802612e+02,
    3.76665405e+02, 5.57463196e+02, 3.85255341e+02, 5.75843933e+02,
    3.93676758e+02, 5.94555359e+02, 4.02223450e+02, 6.13015991e+02,
    4.10501678e+02, 6.31577942e+02, 4.19170685e+02, 6.50001343e+02 ]
