%YAML:1.0
---
points: [ 2.93179016e+02, 1.61405853e+02, 2.97175385e+02, 1.81467010e+02,
    3.00817047e+02, 2.00520782e+02, 3.04341705e+02, 2.18395172e+02,
    3.07706238e+02, 2.35246231e+02, 3.11000885e+02, 2.51276886e+02,
    2.71150085e+02, 1.64764648e+02, 2.75575226e+02, 1.84528290e+02,
    2.79837769e+02, 2.03069336e+02, 2.83913055e+02, 2.20605392e+02,
    2.87788239e+02, 2.37149216e+02, 2.91448151e+02, 2.52960526e+02,
    2.49764648e+02, 1.68052567e+02, 2.54867447e+02, 1.87332230e+02,
    2.59640289e+02, 2.05543488e+02, 2.64148804e+02, 2.22741928e+02,
    2.68517426e+02, 2.39123337e+02, 2.72594452e+02, 2.54427643e+02,
    2.28967682e+02, 1.71179001e+02, 2.34690567e+02, 1.90022293e+02,
    2.40034424e+02, 2.07931198e+02, 2.44968506e+02, 2.24797302e+02,
    2.49680969e+02, 2.40826813e+02, 2.54227142e+02, 2.56111816e+02,
    2.08887650e+02, 1.74083923e+02, 2.15066696e+02, 1.92713852e+02,
    2.20815750e+02, 2.10159500e+02, 2.26264023e+02, 2.26810287e+02,
    2.31423508e+02, 2.42594940e+02, 2.36325897e+02, 2.57488708e+02,
    1.89360214e+02, 1.77112671e+02, 1.95916779e+02, 1.95242294e+02,
    2.02226334e+02, 2.12443649e+02, 2.08025879e+02, 2.28784943e+02,
    2.13698013e+02, 2.44290482e+02, 2.18905670e+02, 2.58983337e+02,
    1.70242752e+02, 1.79719345e+02, 1.77361023e+02, 1.97689575e+02,
    1.83912643e+02, 2.14633850e+02, 1.90210129e+02, 2.30707031e+02,
    1.96148651e+02, 2.45885773e+02, 2.01841263e+02, 2.60466827e+02,
    1.51744919e+02, 1.82508347e+02, 1.59222229e+02, 2.00118713e+02,
    1.66255341e+02, 2.16773819e+02, 1.72888855e+02, 2.32537125e+02,
    1.79226135e+02, 2.47595016e+02, 1.85234772e+02, 2.61885254e+02 ]
