%YAML:1.0
---
points: [ 2.97927063e+02, 1.76510986e+02, 2.98871033e+02, 1.90025345e+02,
    2.99837921e+02, 2.03636108e+02, 3.00837921e+02, 2.17546707e+02,
    3.01891968e+02, 2.31627930e+02, 3.02867065e+02, 2.45762924e+02,
    2.84060242e+02, 1.77685608e+02, 2.85026031e+02, 1.91158844e+02,
    2.85891724e+02, 2.04723129e+02, 2.86843994e+02, 2.18502151e+02,
    2.87655029e+02, 2.32461380e+02, 2.88782227e+02, 2.46611938e+02,
    2.70307953e+02, 1.78832199e+02, 2.71111969e+02, 1.92256378e+02,
    2.71963837e+02, 2.05800095e+02, 2.72817169e+02, 2.19498108e+02,
    2.73602112e+02, 2.33397324e+02, 2.74386505e+02, 2.47370865e+02,
    2.56796326e+02, 1.80028702e+02, 2.57532440e+02, 1.93324448e+02,
    2.58281128e+02, 2.06865906e+02, 2.59067352e+02, 2.20477097e+02,
    2.59735870e+02, 2.34266373e+02, 2.60490753e+02, 2.48236755e+02,
    2.43388443e+02, 1.81236847e+02, 2.44037537e+02, 1.94423355e+02,
    2.44684753e+02, 2.07844467e+02, 2.45331696e+02, 2.21481567e+02,
    2.45995972e+02, 2.35269684e+02, 2.46660934e+02, 2.49166183e+02,
    2.30142242e+02, 1.82269669e+02, 2.30690521e+02, 1.95446426e+02,
    2.31235779e+02, 2.08796387e+02, 2.31902359e+02, 2.22369858e+02,
    2.32372864e+02, 2.36052155e+02, 2.32988937e+02, 2.49972061e+02,
    2.17037186e+02, 1.83452148e+02, 2.17509766e+02, 1.96570847e+02,
    2.18015076e+02, 2.09875244e+02, 2.18473251e+02, 2.23369751e+02,
    2.18979172e+02, 2.37049332e+02, 2.19428970e+02, 2.50776917e+02,
    2.03894730e+02, 1.84502426e+02, 2.04381470e+02, 1.97653534e+02,
    2.04756104e+02, 2.10862106e+02, 2.05208069e+02, 2.24266220e+02,
    2.05572784e+02, 2.37862015e+02, 2.05986557e+02, 2.51593552e+02 ]
