%YAML:1.0
---
points: [ 8.72492737e+02, 3.81562500e+02, 9.01304443e+02, 4.42600342e+02,
    9.29641235e+02, 5.02917297e+02, 9.57506409e+02, 5.62435669e+02,
    9.85394470e+02, 6.21409119e+02, 1.01293750e+03, 6.79810547e+02,
    8.26638367e+02, 4.06074768e+02, 8.54672607e+02, 4.64649231e+02,
    8.82472717e+02, 5.22740784e+02, 9.09468567e+02, 5.80221375e+02,
    9.36605774e+02, 6.36878296e+02, 9.63419067e+02, 6.93288879e+02,
    7.83919556e+02, 4.28722260e+02, 8.11484985e+02, 4.85290558e+02,
    8.38480042e+02, 5.41288879e+02, 8.64983887e+02, 5.96564209e+02,
    8.91385864e+02, 6.51474670e+02, 9.17373169e+02, 7.05631287e+02,
    7.44200928e+02, 4.50035583e+02, 7.71027527e+02, 5.04503387e+02,
    7.97393127e+02, 5.58529480e+02, 8.23243896e+02, 6.11949707e+02,
    8.49019470e+02, 6.64915039e+02, 8.74228882e+02, 7.17480347e+02,
    7.06760315e+02, 4.69612579e+02, 7.32935547e+02, 5.22436279e+02,
    7.58628052e+02, 5.74563416e+02, 7.84099548e+02, 6.26348633e+02,
    8.09147156e+02, 6.77576416e+02, 8.33999329e+02, 7.28501160e+02,
    6.71623108e+02, 4.88284943e+02, 6.97291626e+02, 5.39326172e+02,
    7.22393005e+02, 5.89968018e+02, 7.47319641e+02, 6.39819397e+02,
    7.71765503e+02, 6.89592163e+02, 7.96042358e+02, 7.38785828e+02,
    6.38619019e+02, 5.05590057e+02, 6.63594971e+02, 5.55214111e+02,
    6.88230347e+02, 6.04358398e+02, 7.12356201e+02, 6.52714844e+02,
    7.36388733e+02, 7.00751221e+02, 7.60099121e+02, 7.48741577e+02,
    6.07550415e+02, 5.22203857e+02, 6.31917358e+02, 5.70086731e+02,
    6.56155457e+02, 6.17673279e+02, 6.79706970e+02, 6.64662903e+02,
    7.03306091e+02, 7.11580505e+02, 7.26408936e+02, 7.57769836e+02 ]
