%YAML:1.0
---
points: [ 4.54181030e+02, 4.46007904e+02, 4.55331757e+02, 4.66407288e+02,
    4.56417480e+02, 4.86612732e+02, 4.57359100e+02, 5.06817047e+02,
    4.58522095e+02, 5.27234741e+02, 4.59551544e+02, 5.47382263e+02,
    4.33572968e+02, 4.46703552e+02, 4.34625336e+02, 4.67070129e+02,
    4.35633270e+02, 4.87394684e+02, 4.36836060e+02, 5.07667999e+02,
    4.37896088e+02, 5.27974670e+02, 4.38856384e+02, 5.48338684e+02,
    4.12824005e+02, 4.47610748e+02, 4.13855408e+02, 4.67901733e+02,
    4.15081573e+02, 4.88300537e+02, 4.16193329e+02, 5.08503937e+02,
    4.17256927e+02, 5.28837646e+02, 4.18241791e+02, 5.49221863e+02,
    3.92387421e+02, 4.48518707e+02, 3.93313446e+02, 4.68765320e+02,
    3.94533142e+02, 4.89073547e+02, 3.95697083e+02, 5.09379059e+02,
    3.96617798e+02, 5.29618469e+02, 3.97660553e+02, 5.50065796e+02,
    3.71540100e+02, 4.49433228e+02, 3.72719482e+02, 4.69683136e+02,
    3.73974457e+02, 4.90081268e+02, 3.74886658e+02, 5.10301270e+02,
    3.76081299e+02, 5.30532227e+02, 3.77038940e+02, 5.50749695e+02,
    3.51043762e+02, 4.50217010e+02, 3.52286224e+02, 4.70567413e+02,
    3.53362183e+02, 4.90814453e+02, 3.54422485e+02, 5.11242371e+02,
    3.55447388e+02, 5.31464966e+02, 3.56454590e+02, 5.51637939e+02,
    3.30508789e+02, 4.50994110e+02, 3.31653290e+02, 4.71398621e+02,
    3.32725189e+02, 4.91737610e+02, 3.33780579e+02, 5.12134705e+02,
    3.34895630e+02, 5.32481995e+02, 3.36069305e+02, 5.52627625e+02,
    3.09857147e+02, 4.51725922e+02, 3.11111176e+02, 4.72199127e+02,
    3.12309814e+02, 4.92481201e+02, 3.13352600e+02, 5.12965698e+02,
    3.14440887e+02, 5.33367371e+02, 3.15531616e+02, 5.53624817e+02 ]
