%YAML:1.0
---
points: [ 3.04036987e+02, 1.90900421e+02, 3.05253021e+02, 2.04540314e+02,
    3.06419708e+02, 2.17798843e+02, 3.07681427e+02, 2.30878494e+02,
    3.08905884e+02, 2.43765396e+02, 3.10134064e+02, 2.56446869e+02,
    2.90829071e+02, 1.93164276e+02, 2.92163330e+02, 2.06785645e+02,
    2.93499664e+02, 2.20182770e+02, 2.94902557e+02, 2.33337738e+02,
    2.96178223e+02, 2.46250671e+02, 2.97463715e+02, 2.58982605e+02,
    2.77338898e+02, 1.95402023e+02, 2.78822540e+02, 2.09064392e+02,
    2.80307343e+02, 2.22593811e+02, 2.81778992e+02, 2.35814926e+02,
    2.83265961e+02, 2.48847900e+02, 2.84686584e+02, 2.61649231e+02,
    2.63716736e+02, 1.97714539e+02, 2.65392670e+02, 2.11481216e+02,
    2.67058594e+02, 2.24946335e+02, 2.68613953e+02, 2.38305786e+02,
    2.70145355e+02, 2.51432953e+02, 2.71673401e+02, 2.64209320e+02,
    2.49886093e+02, 2.00006943e+02, 2.51715393e+02, 2.13970917e+02,
    2.53445297e+02, 2.27493454e+02, 2.55208344e+02, 2.40804749e+02,
    2.56902283e+02, 2.54019760e+02, 2.58584839e+02, 2.66821594e+02,
    2.35908127e+02, 2.02347595e+02, 2.37813400e+02, 2.16322067e+02,
    2.39717331e+02, 2.29975433e+02, 2.41586594e+02, 2.43399597e+02,
    2.43386795e+02, 2.56711426e+02, 2.45177536e+02, 2.69665070e+02,
    2.21620911e+02, 2.04713837e+02, 2.23726105e+02, 2.18741318e+02,
    2.25759857e+02, 2.32504944e+02, 2.27739822e+02, 2.46085617e+02,
    2.29725479e+02, 2.59336090e+02, 2.31694611e+02, 2.72422516e+02,
    2.07014267e+02, 2.07112976e+02, 2.09297180e+02, 2.21285828e+02,
    2.11527802e+02, 2.35163208e+02, 2.13653198e+02, 2.48748627e+02,
    2.15774536e+02, 2.62193878e+02, 2.17806870e+02, 2.75290863e+02 ]
