%YAML:1.0
---
points: [ 2.62950745e+02, 1.61691742e+02, 2.72406189e+02, 1.82271866e+02,
    2.81820587e+02, 2.02767853e+02, 2.91215179e+02, 2.22876602e+02,
    3.00478577e+02, 2.42982697e+02, 3.09712433e+02, 2.62776642e+02,
    2.46201782e+02, 1.69990189e+02, 2.55513962e+02, 1.89829147e+02,
    2.64671906e+02, 2.09499939e+02, 2.73711243e+02, 2.28921478e+02,
    2.82803711e+02, 2.48221802e+02, 2.91742126e+02, 2.67346802e+02,
    2.30631363e+02, 1.77688461e+02, 2.39794037e+02, 1.96804916e+02,
    2.48746994e+02, 2.15735672e+02, 2.57563690e+02, 2.34571930e+02,
    2.66434570e+02, 2.53104828e+02, 2.74998199e+02, 2.71601654e+02,
    2.16143890e+02, 1.84860168e+02, 2.25122589e+02, 2.03344589e+02,
    2.33824997e+02, 2.21559143e+02, 2.42526138e+02, 2.39757248e+02,
    2.51023560e+02, 2.57698120e+02, 2.59560211e+02, 2.75578644e+02,
    2.02687881e+02, 1.91570038e+02, 2.11368469e+02, 2.09316772e+02,
    2.19888672e+02, 2.27042389e+02, 2.28358444e+02, 2.44549332e+02,
    2.36699020e+02, 2.61920502e+02, 2.44989670e+02, 2.79099670e+02,
    1.89873245e+02, 1.97813187e+02, 1.98423843e+02, 2.15157837e+02,
    2.06767532e+02, 2.32295303e+02, 2.15056396e+02, 2.49157028e+02,
    2.23243088e+02, 2.65885620e+02, 2.31263458e+02, 2.82663116e+02,
    1.77995529e+02, 2.03694107e+02, 1.86239029e+02, 2.20433578e+02,
    1.94410385e+02, 2.37090210e+02, 2.02425980e+02, 2.53517014e+02,
    2.10444000e+02, 2.69798828e+02, 2.18354446e+02, 2.85926453e+02,
    1.66666260e+02, 2.09224503e+02, 1.74847717e+02, 2.25510635e+02,
    1.82823105e+02, 2.41584793e+02, 1.90764679e+02, 2.57616150e+02,
    1.98471512e+02, 2.73401337e+02, 2.06199097e+02, 2.89029938e+02 ]
