%YAML:1.0
---
points: [ 2.60545593e+02, 1.90713882e+02, 2.62357117e+02, 2.04373260e+02,
    2.63430786e+02, 2.18844910e+02, 2.65198273e+02, 2.32622208e+02,
    2.66749207e+02, 2.46729156e+02, 2.68280579e+02, 2.60749969e+02,
    2.46534058e+02, 1.92185898e+02, 2.48109772e+02, 2.06329941e+02,
    2.49761688e+02, 2.20206863e+02, 2.51196320e+02, 2.34186890e+02,
    2.52768143e+02, 2.48139633e+02, 2.54351837e+02, 2.62146088e+02,
    2.32595337e+02, 1.93776169e+02, 2.34195740e+02, 2.07772766e+02,
    2.35752182e+02, 2.21746979e+02, 2.37289429e+02, 2.35623871e+02,
    2.38849075e+02, 2.49499741e+02, 2.40427643e+02, 2.63519714e+02,
    2.18721786e+02, 1.95288345e+02, 2.20351959e+02, 2.09257141e+02,
    2.21983856e+02, 2.23236084e+02, 2.23486771e+02, 2.37233307e+02,
    2.25036026e+02, 2.51085342e+02, 2.26628754e+02, 2.64961761e+02,
    2.05014862e+02, 1.96929520e+02, 2.06584564e+02, 2.10830338e+02,
    2.08147827e+02, 2.24671295e+02, 2.09718399e+02, 2.38539841e+02,
    2.11259399e+02, 2.52504715e+02, 2.12830978e+02, 2.66418549e+02,
    1.91300903e+02, 1.98452652e+02, 1.92894318e+02, 2.12352951e+02,
    1.94372803e+02, 2.26222610e+02, 1.96001312e+02, 2.40046555e+02,
    1.97552780e+02, 2.53948318e+02, 1.99126831e+02, 2.67770325e+02,
    1.77606644e+02, 2.00089539e+02, 1.79228088e+02, 2.13943634e+02,
    1.80807617e+02, 2.27711395e+02, 1.82346710e+02, 2.41527573e+02,
    1.83902695e+02, 2.55359528e+02, 1.85410263e+02, 2.69234863e+02,
    1.63932358e+02, 2.01537781e+02, 1.65569214e+02, 2.15390244e+02,
    1.67107666e+02, 2.29224274e+02, 1.68709274e+02, 2.42985992e+02,
    1.70208893e+02, 2.56886322e+02, 1.71801270e+02, 2.70682770e+02 ]
