%YAML:1.0
---
points: [ 2.05426514e+02, 1.71384903e+02, 2.21881485e+02, 1.74632919e+02,
    2.38839569e+02, 1.77879852e+02, 2.56179138e+02, 1.81263077e+02,
    2.73969727e+02, 1.84764542e+02, 2.92488800e+02, 1.88160004e+02,
    2.00090851e+02, 1.88244644e+02, 2.16688782e+02, 1.91671936e+02,
    2.33671844e+02, 1.95248535e+02, 2.51180664e+02, 1.98843689e+02,
    2.69105865e+02, 2.02688004e+02, 2.87683197e+02, 2.06510956e+02,
    1.94686554e+02, 2.05276230e+02, 2.11369980e+02, 2.08945953e+02,
    2.28455688e+02, 2.12890427e+02, 2.46021713e+02, 2.16835922e+02,
    2.64044342e+02, 2.20901901e+02, 2.82689758e+02, 2.25059265e+02,
    1.89182159e+02, 2.22789932e+02, 2.05908691e+02, 2.26718552e+02,
    2.23152939e+02, 2.30829956e+02, 2.40770782e+02, 2.35109833e+02,
    2.59014099e+02, 2.39493423e+02, 2.77676239e+02, 2.43947891e+02,
    1.83539841e+02, 2.40515701e+02, 2.00309647e+02, 2.44823883e+02,
    2.17683365e+02, 2.49230026e+02, 2.35429428e+02, 2.53845306e+02,
    2.53760010e+02, 2.58478027e+02, 2.72625305e+02, 2.63425873e+02,
    1.77626297e+02, 2.58689514e+02, 1.94603256e+02, 2.63344574e+02,
    2.12042648e+02, 2.68044037e+02, 2.29939072e+02, 2.72968994e+02,
    2.48391953e+02, 2.77976501e+02, 2.67458527e+02, 2.83239502e+02,
    1.71635513e+02, 2.77408844e+02, 1.88768295e+02, 2.82335938e+02,
    2.06271423e+02, 2.87389587e+02, 2.24313461e+02, 2.92633942e+02,
    2.42867126e+02, 2.98087189e+02, 2.62050812e+02, 3.03782440e+02,
    1.65575302e+02, 2.96422607e+02, 1.82769501e+02, 3.01660461e+02,
    2.00461472e+02, 3.07080292e+02, 2.18613907e+02, 3.12691040e+02,
    2.37293289e+02, 3.18569885e+02, 2.56634857e+02, 3.24609222e+02 ]
