%YAML:1.0
---
points: [ 4.54568909e+02, 4.01034790e+02, 4.57264221e+02, 4.20599030e+02,
    4.60009888e+02, 4.40404968e+02, 4.62680756e+02, 4.60247009e+02,
    4.65444275e+02, 4.80279846e+02, 4.68187469e+02, 5.00184174e+02,
    4.34250092e+02, 4.04487823e+02, 4.37022736e+02, 4.24284637e+02,
    4.39546051e+02, 4.44159546e+02, 4.42421936e+02, 4.63852875e+02,
    4.44875671e+02, 4.83869446e+02, 4.47680389e+02, 5.03780548e+02,
    4.13670654e+02, 4.08270905e+02, 4.16553650e+02, 4.28020905e+02,
    4.19082062e+02, 4.47826294e+02, 4.21716492e+02, 4.67437439e+02,
    4.24276215e+02, 4.87544067e+02, 4.26982147e+02, 5.07627594e+02,
    3.93570984e+02, 4.11986023e+02, 3.96197357e+02, 4.31548553e+02,
    3.98624359e+02, 4.51363251e+02, 4.01357361e+02, 4.71298157e+02,
    4.03810364e+02, 4.91373810e+02, 4.06539368e+02, 5.11371246e+02,
    3.73187897e+02, 4.15504425e+02, 3.75590424e+02, 4.35144989e+02,
    3.78224792e+02, 4.55166565e+02, 3.80671478e+02, 4.75169525e+02,
    3.83357971e+02, 4.95103973e+02, 3.85785400e+02, 5.14958069e+02,
    3.52920319e+02, 4.19103912e+02, 3.55358917e+02, 4.39084503e+02,
    3.57833069e+02, 4.58872223e+02, 3.60412506e+02, 4.78696167e+02,
    3.62874084e+02, 4.98671021e+02, 3.65368896e+02, 5.18816711e+02,
    3.32657440e+02, 4.22906677e+02, 3.35092133e+02, 4.42679169e+02,
    3.37589874e+02, 4.62450562e+02, 3.39915649e+02, 4.82352356e+02,
    3.42593323e+02, 5.02533112e+02, 3.44891052e+02, 5.22716614e+02,
    3.12401001e+02, 4.26548553e+02, 3.14651062e+02, 4.46394409e+02,
    3.17231415e+02, 4.66158997e+02, 3.19480347e+02, 4.86318115e+02,
    3.22143616e+02, 5.06343719e+02, 3.23726471e+02, 5.27480286e+02 ]
