%YAML:1.0
---
points: [ 7.22557556e+02, 4.10242798e+02, 7.70452881e+02, 4.19641022e+02,
    8.19315002e+02, 4.29461578e+02, 8.69437378e+02, 4.39468414e+02,
    9.21176575e+02, 4.49743805e+02, 9.74047424e+02, 4.60118683e+02,
    7.06076233e+02, 4.59888000e+02, 7.54170532e+02, 4.70286133e+02,
    8.03419006e+02, 4.80709503e+02, 8.53710327e+02, 4.91400452e+02,
    9.05605225e+02, 5.02544128e+02, 9.59069580e+02, 5.13730591e+02,
    6.89328369e+02, 5.10383423e+02, 7.37510010e+02, 5.21447266e+02,
    7.87033569e+02, 5.32638855e+02, 8.37691956e+02, 5.44418518e+02,
    8.90221497e+02, 5.56423218e+02, 9.43621277e+02, 5.68652832e+02,
    6.72127686e+02, 5.61773987e+02, 7.20696228e+02, 5.73737183e+02,
    7.70420654e+02, 5.86022339e+02, 8.21548889e+02, 5.98386536e+02,
    8.74103210e+02, 6.11387024e+02, 9.27906616e+02, 6.24452148e+02,
    6.54403198e+02, 6.14584900e+02, 7.03298157e+02, 6.27338562e+02,
    7.53497925e+02, 6.40380615e+02, 8.04668884e+02, 6.53698242e+02,
    8.57678955e+02, 6.67545593e+02, 9.12061523e+02, 6.81708862e+02,
    6.36186523e+02, 6.68326111e+02, 6.85381409e+02, 6.81846436e+02,
    7.35699524e+02, 6.95779053e+02, 7.87509644e+02, 7.10199219e+02,
    8.40912659e+02, 7.24915039e+02, 8.95671509e+02, 7.40454529e+02,
    6.17463623e+02, 7.23686890e+02, 6.66952271e+02, 7.38336731e+02,
    7.17661255e+02, 7.53065369e+02, 7.69772339e+02, 7.68447083e+02,
    8.23500305e+02, 7.84459900e+02, 8.78637451e+02, 8.00900635e+02,
    5.98461121e+02, 7.80141235e+02, 6.48244812e+02, 7.95507446e+02,
    6.99315735e+02, 8.11432617e+02, 7.51720154e+02, 8.27754517e+02,
    8.05853027e+02, 8.44623474e+02, 8.61386719e+02, 8.62515625e+02 ]
