%YAML:1.0
---
points: [ 2.58426544e+02, 1.03542091e+02, 2.57610657e+02, 1.19232277e+02,
    2.56799957e+02, 1.35032837e+02, 2.56051331e+02, 1.50271393e+02,
    2.55247421e+02, 1.65521515e+02, 2.54430710e+02, 1.80523483e+02,
    2.43965179e+02, 1.03674866e+02, 2.43300095e+02, 1.19215973e+02,
    2.42574081e+02, 1.34541092e+02, 2.41827972e+02, 1.49878708e+02,
    2.41193420e+02, 1.64976807e+02, 2.40439209e+02, 1.79819839e+02,
    2.29789642e+02, 1.03804390e+02, 2.29165863e+02, 1.19210014e+02,
    2.28534500e+02, 1.34345551e+02, 2.27822952e+02, 1.49431122e+02,
    2.27327927e+02, 1.64328308e+02, 2.26623474e+02, 1.79144180e+02,
    2.15949127e+02, 1.03859749e+02, 2.15422562e+02, 1.19102287e+02,
    2.14894226e+02, 1.34072983e+02, 2.14348953e+02, 1.49074844e+02,
    2.13726730e+02, 1.63778473e+02, 2.13190643e+02, 1.78276123e+02,
    2.02478516e+02, 1.03874245e+02, 2.01948563e+02, 1.18879402e+02,
    2.01503983e+02, 1.33782227e+02, 2.01025879e+02, 1.48501755e+02,
    2.00536667e+02, 1.63243912e+02, 2.00077148e+02, 1.77480255e+02,
    1.89363693e+02, 1.04094086e+02, 1.88757263e+02, 1.18828026e+02,
    1.88386856e+02, 1.33493362e+02, 1.88021118e+02, 1.48102478e+02,
    1.87537979e+02, 1.62551895e+02, 1.87203354e+02, 1.76892197e+02,
    1.76339294e+02, 1.04092529e+02, 1.75943222e+02, 1.18760147e+02,
    1.75604782e+02, 1.33296341e+02, 1.75272949e+02, 1.47653961e+02,
    1.74843170e+02, 1.61932602e+02, 1.74506622e+02, 1.76110489e+02,
    1.63694916e+02, 1.04117432e+02, 1.63380981e+02, 1.18748871e+02,
    1.63001343e+02, 1.32965897e+02, 1.62791443e+02, 1.47226486e+02,
    1.62437469e+02, 1.61470703e+02, 1.62110367e+02, 1.75414093e+02 ]
