%YAML:1.0
---
points: [ 4.52311493e+02, 3.99522919e+02, 4.53698883e+02, 4.18625580e+02,
    4.55285950e+02, 4.37927765e+02, 4.56794250e+02, 4.57309448e+02,
    4.58501007e+02, 4.76923065e+02, 4.59925781e+02, 4.96779541e+02,
    4.31990692e+02, 4.03169495e+02, 4.33395355e+02, 4.22264587e+02,
    4.34663605e+02, 4.41513763e+02, 4.36369232e+02, 4.60909363e+02,
    4.37712006e+02, 4.80739807e+02, 4.39155457e+02, 5.00532410e+02,
    4.11486725e+02, 4.06702789e+02, 4.12661469e+02, 4.25795685e+02,
    4.14168213e+02, 4.45259796e+02, 4.15457672e+02, 4.64762207e+02,
    4.16728333e+02, 4.84402130e+02, 4.17989929e+02, 5.04115906e+02,
    3.90945007e+02, 4.10334290e+02, 3.92287415e+02, 4.29504486e+02,
    3.93579163e+02, 4.49067474e+02, 3.94755554e+02, 4.68459320e+02,
    3.96104462e+02, 4.87998566e+02, 3.97457611e+02, 5.07957733e+02,
    3.70517914e+02, 4.13874695e+02, 3.71724640e+02, 4.33240234e+02,
    3.72811676e+02, 4.52641357e+02, 3.74087097e+02, 4.72071381e+02,
    3.75344727e+02, 4.91815277e+02, 3.76440582e+02, 5.11833832e+02,
    3.50274811e+02, 4.17666840e+02, 3.51235260e+02, 4.36902527e+02,
    3.52375916e+02, 4.56133423e+02, 3.53505676e+02, 4.75843842e+02,
    3.54532074e+02, 4.95692505e+02, 3.55614838e+02, 5.15490601e+02,
    3.29766815e+02, 4.21334412e+02, 3.30841644e+02, 4.40453949e+02,
    3.31901276e+02, 4.59934265e+02, 3.32959106e+02, 4.79569031e+02,
    3.33862762e+02, 4.99369019e+02, 3.34757507e+02, 5.19236450e+02,
    3.09474213e+02, 4.24820282e+02, 3.10497223e+02, 4.44369202e+02,
    3.11482971e+02, 4.63660797e+02, 3.12385284e+02, 4.83266754e+02,
    3.13242981e+02, 5.03015839e+02, 3.14045441e+02, 5.23227417e+02 ]
