%YAML:1.0
---
points: [ 1.74004578e+02, 1.05022697e+02, 1.93092270e+02, 1.00851158e+02,
    2.13085846e+02, 9.64560165e+01, 2.33795364e+02, 9.18378830e+01,
    2.55452072e+02, 8.69978867e+01, 2.77959564e+02, 8.20380325e+01,
    1.80561981e+02, 1.26540802e+02, 1.99417114e+02, 1.22909126e+02,
    2.18974350e+02, 1.19057922e+02, 2.39326920e+02, 1.14978600e+02,
    2.60536377e+02, 1.10680450e+02, 2.82705536e+02, 1.06356438e+02,
    1.86953796e+02, 1.47256119e+02, 2.05411331e+02, 1.44025879e+02,
    2.24725601e+02, 1.40645264e+02, 2.44579742e+02, 1.37278091e+02,
    2.65372375e+02, 1.33550507e+02, 2.87030640e+02, 1.29742462e+02,
    1.92942917e+02, 1.66932220e+02, 2.11176910e+02, 1.64118774e+02,
    2.30111206e+02, 1.61223373e+02, 2.49645859e+02, 1.58160400e+02,
    2.69992004e+02, 1.55016800e+02, 2.91228241e+02, 1.51664459e+02,
    1.98734772e+02, 1.85700592e+02, 2.16685028e+02, 1.83349747e+02,
    2.35223480e+02, 1.80826050e+02, 2.54450821e+02, 1.78197296e+02,
    2.74423431e+02, 1.75553772e+02, 2.95235535e+02, 1.72696335e+02,
    2.04309830e+02, 2.03596085e+02, 2.21882690e+02, 2.01589661e+02,
    2.40150269e+02, 1.99460297e+02, 2.59080933e+02, 1.97179901e+02,
    2.78609558e+02, 1.94961227e+02, 2.99024445e+02, 1.92707275e+02,
    2.09558456e+02, 2.20888763e+02, 2.26894241e+02, 2.19228836e+02,
    2.44750702e+02, 2.17419891e+02, 2.63405579e+02, 2.15577332e+02,
    2.82719666e+02, 2.13692017e+02, 3.02776672e+02, 2.11682892e+02,
    2.14614853e+02, 2.37415146e+02, 2.31729980e+02, 2.36017578e+02,
    2.49384811e+02, 2.34624954e+02, 2.67659058e+02, 2.33158676e+02,
    2.86657898e+02, 2.31625427e+02, 3.06367798e+02, 2.30024887e+02 ]
