%YAML:1.0
---
points: [ 6.13164673e+02, 2.13611862e+02, 6.68042664e+02, 2.01394272e+02,
    7.25205139e+02, 1.88432938e+02, 7.84546143e+02, 1.75059067e+02,
    8.46383545e+02, 1.60874588e+02, 9.10706848e+02, 1.45708359e+02,
    6.34836487e+02, 2.77434875e+02, 6.89100952e+02, 2.66537659e+02,
    7.45200317e+02, 2.55460220e+02, 8.03550293e+02, 2.43762604e+02,
    8.64227600e+02, 2.31337387e+02, 9.27252014e+02, 2.18336426e+02,
    6.56299744e+02, 3.38726440e+02, 7.09398010e+02, 3.29317932e+02,
    7.64504822e+02, 3.19410339e+02, 8.21643982e+02, 3.09336090e+02,
    8.81020386e+02, 2.98568176e+02, 9.42780945e+02, 2.87346436e+02,
    6.76121826e+02, 3.96737427e+02, 7.28498596e+02, 3.88550690e+02,
    7.82709778e+02, 3.80208740e+02, 8.38866638e+02, 3.71148193e+02,
    8.97023376e+02, 3.61849365e+02, 9.57622070e+02, 3.52218323e+02,
    6.95093811e+02, 4.52384094e+02, 7.46777405e+02, 4.45266083e+02,
    8.00028381e+02, 4.38136871e+02, 8.54952454e+02, 4.30347351e+02,
    9.12447205e+02, 4.22457458e+02, 9.71623596e+02, 4.14128326e+02,
    7.13397461e+02, 5.05409424e+02, 7.64037109e+02, 4.99345032e+02,
    8.16562622e+02, 4.93213562e+02, 8.70685425e+02, 4.86668671e+02,
    9.27109619e+02, 4.80029510e+02, 9.85329285e+02, 4.72999329e+02,
    7.30639221e+02, 5.56348389e+02, 7.80657776e+02, 5.51117065e+02,
    8.32176086e+02, 5.46048157e+02, 8.85574036e+02, 5.40484192e+02,
    9.40770203e+02, 5.34869446e+02, 9.98066956e+02, 5.29199158e+02,
    7.47375000e+02, 6.05369995e+02, 7.96550964e+02, 6.01151672e+02,
    8.47451660e+02, 5.96720703e+02, 8.99790710e+02, 5.92264954e+02,
    9.54174744e+02, 5.87631775e+02, 1.01057068e+03, 5.83089783e+02 ]
