%YAML:1.0
---
points: [ 1.92371017e+02, 2.01819839e+02, 2.02508972e+02, 1.85777054e+02,
    2.12645279e+02, 1.69604568e+02, 2.22829376e+02, 1.53260361e+02,
    2.33142075e+02, 1.36776306e+02, 2.43530029e+02, 1.19946136e+02,
    2.08178345e+02, 2.12241119e+02, 2.18297501e+02, 1.96192947e+02,
    2.28599075e+02, 1.80022263e+02, 2.38854553e+02, 1.63736282e+02,
    2.49341431e+02, 1.47211212e+02, 2.59828552e+02, 1.30510361e+02,
    2.23875061e+02, 2.22694687e+02, 2.34263046e+02, 2.06694992e+02,
    2.44518219e+02, 1.90556717e+02, 2.55182190e+02, 1.74319229e+02,
    2.65527618e+02, 1.57735229e+02, 2.76096832e+02, 1.40919937e+02,
    2.39790237e+02, 2.33185013e+02, 2.50087402e+02, 2.17198624e+02,
    2.59918304e+02, 2.00928879e+02, 2.70901306e+02, 1.84556229e+02,
    2.81761383e+02, 1.68177963e+02, 2.92558563e+02, 1.51508377e+02,
    2.55704514e+02, 2.43773239e+02, 2.66231140e+02, 2.27754791e+02,
    2.75927582e+02, 2.11716202e+02, 2.87070496e+02, 1.95217819e+02,
    2.98184631e+02, 1.78811752e+02, 3.09121155e+02, 1.62048431e+02,
    2.71782959e+02, 2.54476242e+02, 2.82412994e+02, 2.38492233e+02,
    2.92741302e+02, 2.22020767e+02, 3.03756195e+02, 2.05947433e+02,
    3.14747559e+02, 1.89416702e+02, 3.25847900e+02, 1.72661484e+02,
    2.88075775e+02, 2.65309692e+02, 2.98726624e+02, 2.49282867e+02,
    3.09555450e+02, 2.33008621e+02, 3.20508087e+02, 2.16707870e+02,
    3.31583984e+02, 2.00193039e+02, 3.42794159e+02, 1.83505188e+02,
    3.04566193e+02, 2.76244537e+02, 3.15213776e+02, 2.60148773e+02,
    3.26168579e+02, 2.43879486e+02, 3.37226929e+02, 2.27562119e+02,
    3.48406677e+02, 2.11023956e+02, 3.59803345e+02, 1.94229218e+02 ]
