%YAML:1.0
---
points: [ 2.17584625e+02, 1.48408875e+02, 2.18721970e+02, 1.35467621e+02,
    2.19833847e+02, 1.22865631e+02, 2.20885040e+02, 1.10388824e+02,
    2.21868881e+02, 9.84597702e+01, 2.22881165e+02, 8.67162781e+01,
    2.32692093e+02, 1.50026184e+02, 2.33591553e+02, 1.36984818e+02,
    2.34510971e+02, 1.24350960e+02, 2.35435455e+02, 1.12093430e+02,
    2.36217056e+02, 9.99986649e+01, 2.37072998e+02, 8.83288498e+01,
    2.47630280e+02, 1.51434967e+02, 2.48344315e+02, 1.38417618e+02,
    2.49065643e+02, 1.25797729e+02, 2.49705078e+02, 1.13576675e+02,
    2.50364334e+02, 1.01590126e+02, 2.50965210e+02, 9.00399017e+01,
    2.62495300e+02, 1.52858536e+02, 2.62925995e+02, 1.39913284e+02,
    2.63444366e+02, 1.27350769e+02, 2.63929596e+02, 1.15099236e+02,
    2.64475739e+02, 1.03209038e+02, 2.64832062e+02, 9.15495682e+01,
    2.77157654e+02, 1.54246994e+02, 2.77392883e+02, 1.41459457e+02,
    2.77769196e+02, 1.28872467e+02, 2.78105865e+02, 1.16651154e+02,
    2.78358978e+02, 1.04722397e+02, 2.78651672e+02, 9.31096802e+01,
    2.91789276e+02, 1.55642548e+02, 2.91927612e+02, 1.42865112e+02,
    2.92008087e+02, 1.30354279e+02, 2.92089935e+02, 1.18132553e+02,
    2.92171021e+02, 1.06239685e+02, 2.92307007e+02, 9.46199417e+01,
    3.06326416e+02, 1.57136261e+02, 3.06205841e+02, 1.44246429e+02,
    3.06210724e+02, 1.31795517e+02, 3.06101257e+02, 1.19605644e+02,
    3.06059723e+02, 1.07729141e+02, 3.05962646e+02, 9.61965485e+01,
    3.20771423e+02, 1.58412094e+02, 3.20426178e+02, 1.45688446e+02,
    3.20198090e+02, 1.33224304e+02, 3.19984314e+02, 1.21057518e+02,
    3.19701874e+02, 1.09224487e+02, 3.19352631e+02, 9.77229691e+01 ]
