%YAML:1.0
---
points: [ 4.35597900e+02, 3.77140045e+02, 4.40445068e+02, 3.97568176e+02,
    4.45142914e+02, 4.18108276e+02, 4.50024811e+02, 4.38619629e+02,
    4.54675049e+02, 4.59016785e+02, 4.59550781e+02, 4.79399261e+02,
    4.17009460e+02, 3.81918579e+02, 4.21875427e+02, 4.02237274e+02,
    4.26531616e+02, 4.22848175e+02, 4.31374420e+02, 4.43112000e+02,
    4.36064819e+02, 4.63630981e+02, 4.40611145e+02, 4.83987854e+02,
    3.98168213e+02, 3.86644440e+02, 4.03086761e+02, 4.07215210e+02,
    4.07743042e+02, 4.27488251e+02, 4.12533234e+02, 4.47860779e+02,
    4.17378540e+02, 4.68178528e+02, 4.21940430e+02, 4.88401245e+02,
    3.79826904e+02, 3.91567474e+02, 3.84644531e+02, 4.11685364e+02,
    3.89413330e+02, 4.32196503e+02, 3.94132324e+02, 4.52448059e+02,
    3.98724945e+02, 4.72624329e+02, 4.03390869e+02, 4.93034210e+02,
    3.61284668e+02, 3.96362610e+02, 3.66268890e+02, 4.16584198e+02,
    3.70872375e+02, 4.36733917e+02, 3.75544952e+02, 4.56919556e+02,
    3.80480774e+02, 4.77262115e+02, 3.85137665e+02, 4.97469055e+02,
    3.43366699e+02, 4.01179810e+02, 3.48136658e+02, 4.21253845e+02,
    3.52537384e+02, 4.41410675e+02, 3.57450012e+02, 4.61503265e+02,
    3.62173889e+02, 4.81761841e+02, 3.66703766e+02, 5.01904083e+02,
    3.25154755e+02, 4.05754578e+02, 3.29854614e+02, 4.25845917e+02,
    3.34508545e+02, 4.46125092e+02, 3.39359863e+02, 4.66161316e+02,
    3.44176971e+02, 4.86347107e+02, 3.48810150e+02, 5.06444305e+02,
    3.07234619e+02, 4.10445862e+02, 3.12062378e+02, 4.30539062e+02,
    3.16693573e+02, 4.50571777e+02, 3.21496796e+02, 4.70647614e+02,
    3.26112671e+02, 4.90799225e+02, 3.30694153e+02, 5.10714844e+02 ]
