%YAML:1.0
---
points: [ 6.79743713e+02, 4.99872803e+02, 7.09358887e+02, 4.52536285e+02,
    7.39034729e+02, 4.04697845e+02, 7.68833313e+02, 3.56573639e+02,
    7.98858337e+02, 3.07706329e+02, 8.29175354e+02, 2.58392944e+02,
    7.26332153e+02, 5.30694275e+02, 7.56013245e+02, 4.83321533e+02,
    7.86005127e+02, 4.35596130e+02, 8.16062500e+02, 3.87460236e+02,
    8.46432739e+02, 3.38703156e+02, 8.76954163e+02, 2.89376404e+02,
    7.72634583e+02, 5.61535034e+02, 8.02696960e+02, 5.14291626e+02,
    8.32891541e+02, 4.66513733e+02, 8.63227112e+02, 4.18450928e+02,
    8.93911804e+02, 3.69653229e+02, 9.24971375e+02, 3.20618317e+02,
    8.19431091e+02, 5.92610229e+02, 8.49649475e+02, 5.45318298e+02,
    8.80134338e+02, 4.97586670e+02, 9.10739075e+02, 4.49508270e+02,
    9.41829041e+02, 4.00973358e+02, 9.73074463e+02, 3.51672821e+02,
    8.66292786e+02, 6.23919128e+02, 8.96746948e+02, 5.76549988e+02,
    9.27551819e+02, 5.28828552e+02, 9.58524536e+02, 4.80712708e+02,
    9.89749695e+02, 4.32105255e+02, 1.02150635e+03, 3.83079346e+02,
    9.13279358e+02, 6.55426514e+02, 9.44112732e+02, 6.08017151e+02,
    9.75201660e+02, 5.60344299e+02, 1.00651349e+03, 5.12177368e+02,
    1.03825000e+03, 4.63523560e+02, 1.07023047e+03, 4.14416290e+02,
    9.60851196e+02, 6.87331787e+02, 9.92085022e+02, 6.39832153e+02,
    1.02344403e+03, 5.92083801e+02, 1.05516797e+03, 5.43983276e+02,
    1.08726660e+03, 4.95346802e+02, 1.11958496e+03, 4.46243896e+02,
    1.00861359e+03, 7.19345032e+02, 1.04011670e+03, 6.71751343e+02,
    1.07170264e+03, 6.23818787e+02, 1.10377661e+03, 5.75676025e+02,
    1.13625903e+03, 5.27100403e+02, 1.16901453e+03, 4.77974854e+02 ]
