%YAML:1.0
---
points: [ 2.96161835e+02, 9.91401291e+01, 2.97022827e+02, 1.19305321e+02,
    2.97692474e+02, 1.38604431e+02, 2.98335846e+02, 1.56916351e+02,
    2.99056244e+02, 1.74377197e+02, 2.99736359e+02, 1.91141464e+02,
    2.76266876e+02, 1.00858910e+02, 2.77509674e+02, 1.20909286e+02,
    2.78702820e+02, 1.40012009e+02, 2.79791229e+02, 1.58192429e+02,
    2.80952393e+02, 1.75539902e+02, 2.81959076e+02, 1.92224792e+02,
    2.56623962e+02, 1.02471184e+02, 2.58330200e+02, 1.22483856e+02,
    2.60001740e+02, 1.41386902e+02, 2.61550598e+02, 1.59494247e+02,
    2.63034027e+02, 1.76682205e+02, 2.64427155e+02, 1.93253448e+02,
    2.37198776e+02, 1.04110458e+02, 2.39404373e+02, 1.23863953e+02,
    2.41530975e+02, 1.42684265e+02, 2.43454117e+02, 1.60608688e+02,
    2.45295029e+02, 1.77850311e+02, 2.47109406e+02, 1.94258591e+02,
    2.18037537e+02, 1.05774986e+02, 2.20602005e+02, 1.25293869e+02,
    2.23069733e+02, 1.44039627e+02, 2.25497391e+02, 1.61929932e+02,
    2.27767899e+02, 1.79031921e+02, 2.29949921e+02, 1.95259888e+02,
    1.98904892e+02, 1.07270645e+02, 2.01948364e+02, 1.26724060e+02,
    2.04939392e+02, 1.45332657e+02, 2.07694290e+02, 1.63114304e+02,
    2.10376099e+02, 1.79963669e+02, 2.12822952e+02, 1.96260361e+02,
    1.79894669e+02, 1.08686493e+02, 1.83451538e+02, 1.28129990e+02,
    1.86721405e+02, 1.46498856e+02, 1.89919189e+02, 1.64149643e+02,
    1.92912354e+02, 1.81158203e+02, 1.95794601e+02, 1.97136826e+02,
    1.61247696e+02, 1.10214516e+02, 1.65096222e+02, 1.29386536e+02,
    1.68812546e+02, 1.47730560e+02, 1.72389526e+02, 1.65304565e+02,
    1.75765060e+02, 1.82106216e+02, 1.78927856e+02, 1.98145218e+02 ]
