%YAML:1.0
---
points: [ 9.81974670e+02, 1.97120010e+02, 9.86442566e+02, 2.56735199e+02,
    9.90628113e+02, 3.13514709e+02, 9.94635254e+02, 3.67485596e+02,
    9.98409546e+02, 4.19130737e+02, 1.00224030e+03, 4.68395782e+02,
    9.23902832e+02, 2.02163422e+02, 9.29626526e+02, 2.61390503e+02,
    9.35292480e+02, 3.17750519e+02, 9.40447693e+02, 3.71457275e+02,
    9.45523987e+02, 4.22625366e+02, 9.50275146e+02, 4.71476807e+02,
    8.66493286e+02, 2.06822098e+02, 8.73827026e+02, 2.65645264e+02,
    8.80585083e+02, 3.21643127e+02, 8.86958801e+02, 3.75091614e+02,
    8.93144897e+02, 4.25771271e+02, 8.99100708e+02, 4.74565948e+02,
    8.09569153e+02, 2.11454269e+02, 8.18167908e+02, 2.69773346e+02,
    8.26447693e+02, 3.25495850e+02, 8.33868835e+02, 3.78565277e+02,
    8.41409485e+02, 4.29133850e+02, 8.48307068e+02, 4.77568573e+02,
    7.53146729e+02, 2.15686981e+02, 7.63024597e+02, 2.73971069e+02,
    7.72322876e+02, 3.29278381e+02, 7.81293274e+02, 3.81957642e+02,
    7.89805481e+02, 4.32457489e+02, 7.97705994e+02, 4.80546143e+02,
    6.96889465e+02, 2.20164001e+02, 7.08129028e+02, 2.77712646e+02,
    7.18742249e+02, 3.33128601e+02, 7.28870850e+02, 3.85447693e+02,
    7.38511597e+02, 4.35415833e+02, 7.47735474e+02, 4.83345490e+02,
    6.41044922e+02, 2.24285217e+02, 6.53562988e+02, 2.81780151e+02,
    6.65262817e+02, 3.36490112e+02, 6.76492004e+02, 3.88601562e+02,
    6.87162659e+02, 4.38570007e+02, 6.97432312e+02, 4.86365936e+02,
    5.85812195e+02, 2.28487366e+02, 5.99560059e+02, 2.85591888e+02,
    6.12591980e+02, 3.40011047e+02, 6.24823303e+02, 3.91811157e+02,
    6.36714172e+02, 4.41561218e+02, 6.48039795e+02, 4.88857697e+02 ]
