%YAML:1.0
---
points: [ 4.11577515e+02, 2.68090912e+02, 4.15388184e+02, 2.87243347e+02,
    4.19206726e+02, 3.06504547e+02, 4.23229828e+02, 3.25782593e+02,
    4.27284882e+02, 3.45260376e+02, 4.31214966e+02, 3.64856140e+02,
    3.91525940e+02, 2.72993927e+02, 3.95537781e+02, 2.92158508e+02,
    3.99303558e+02, 3.11531189e+02, 4.03047546e+02, 3.30803802e+02,
    4.06973541e+02, 3.50314758e+02, 4.10973511e+02, 3.69727600e+02,
    3.71457184e+02, 2.77990082e+02, 3.75330658e+02, 2.97256592e+02,
    3.79176880e+02, 3.16508392e+02, 3.82672241e+02, 3.35659637e+02,
    3.86570496e+02, 3.55355408e+02, 3.90547485e+02, 3.74894989e+02,
    3.51516541e+02, 2.82918549e+02, 3.55180420e+02, 3.02280670e+02,
    3.59107666e+02, 3.21478180e+02, 3.62829407e+02, 3.40783508e+02,
    3.66483063e+02, 3.60396759e+02, 3.70376465e+02, 3.79888062e+02,
    3.31579559e+02, 2.87948242e+02, 3.35331879e+02, 3.07338959e+02,
    3.38874176e+02, 3.26558044e+02, 3.42540222e+02, 3.45760040e+02,
    3.46374695e+02, 3.65373383e+02, 3.50074036e+02, 3.85050415e+02,
    3.11710144e+02, 2.92860382e+02, 3.15357117e+02, 3.12327972e+02,
    3.18781067e+02, 3.31564453e+02, 3.22616394e+02, 3.50817200e+02,
    3.26323792e+02, 3.70489532e+02, 3.29765656e+02, 3.90045837e+02,
    2.91901520e+02, 2.98153748e+02, 2.95519012e+02, 3.17359222e+02,
    2.98976135e+02, 3.36550781e+02, 3.02498962e+02, 3.55971161e+02,
    3.06250122e+02, 3.75555084e+02, 3.09710815e+02, 3.95085083e+02,
    2.71974213e+02, 3.03167786e+02, 2.75621094e+02, 3.22411224e+02,
    2.79074493e+02, 3.41590424e+02, 2.82425323e+02, 3.61087006e+02,
    2.86152405e+02, 3.80682495e+02, 2.89674194e+02, 4.00200684e+02 ]
