%YAML:1.0
---
points: [ 2.47642746e+02, 2.06057602e+02, 2.48453766e+02, 1.91367767e+02,
    2.49264130e+02, 1.76712570e+02, 2.50047028e+02, 1.62156372e+02,
    2.50785583e+02, 1.47399368e+02, 2.51540024e+02, 1.32453232e+02,
    2.62160919e+02, 2.06769302e+02, 2.62899994e+02, 1.92308746e+02,
    2.63609741e+02, 1.77741669e+02, 2.64370392e+02, 1.63222168e+02,
    2.65200439e+02, 1.48444870e+02, 2.66013458e+02, 1.33757126e+02,
    2.76120331e+02, 2.07462234e+02, 2.76904053e+02, 1.93223907e+02,
    2.77704895e+02, 1.78621918e+02, 2.78533936e+02, 1.64225220e+02,
    2.79333740e+02, 1.49610916e+02, 2.80204895e+02, 1.35098190e+02,
    2.90090027e+02, 2.08334152e+02, 2.90894806e+02, 1.94004440e+02,
    2.91663116e+02, 1.79579071e+02, 2.92450562e+02, 1.65281067e+02,
    2.93396759e+02, 1.50779312e+02, 2.94209900e+02, 1.36298492e+02,
    3.03859619e+02, 2.09017029e+02, 3.04666107e+02, 1.94851044e+02,
    3.05458160e+02, 1.80557449e+02, 3.06308044e+02, 1.66274704e+02,
    3.07218536e+02, 1.51874969e+02, 3.08121918e+02, 1.37414597e+02,
    3.17425842e+02, 2.09756531e+02, 3.18292938e+02, 1.95649994e+02,
    3.19144623e+02, 1.81389343e+02, 3.20074951e+02, 1.67260925e+02,
    3.20878510e+02, 1.53000885e+02, 3.21836304e+02, 1.38544250e+02,
    3.31036438e+02, 2.10484772e+02, 3.31856415e+02, 1.96485397e+02,
    3.32761108e+02, 1.82321686e+02, 3.33638641e+02, 1.68240295e+02,
    3.34433197e+02, 1.54059738e+02, 3.35383362e+02, 1.39727417e+02,
    3.44347351e+02, 2.11295944e+02, 3.45197205e+02, 1.97251114e+02,
    3.46112030e+02, 1.83273834e+02, 3.47034821e+02, 1.69206360e+02,
    3.47911957e+02, 1.55114960e+02, 3.48781647e+02, 1.40939362e+02 ]
