%YAML:1.0
---
points: [ 1.57627182e+02, 1.58987366e+02, 1.67332230e+02, 1.45087997e+02,
    1.77034256e+02, 1.31132202e+02, 1.86782150e+02, 1.17190865e+02,
    1.96546326e+02, 1.03086403e+02, 2.06340378e+02, 8.89442215e+01,
    1.67647858e+02, 1.66745453e+02, 1.77583282e+02, 1.52551147e+02,
    1.87513489e+02, 1.38293961e+02, 1.97469559e+02, 1.24046867e+02,
    2.07544113e+02, 1.09686096e+02, 2.17518463e+02, 9.52246017e+01,
    1.78180908e+02, 1.74916885e+02, 1.88450485e+02, 1.60439133e+02,
    1.98588608e+02, 1.45885803e+02, 2.08760895e+02, 1.31209030e+02,
    2.18959885e+02, 1.16545959e+02, 2.29208511e+02, 1.01761459e+02,
    1.89267517e+02, 1.83454758e+02, 1.99608139e+02, 1.68662338e+02,
    2.10113785e+02, 1.53744278e+02, 2.20532166e+02, 1.38850464e+02,
    2.31054413e+02, 1.23786163e+02, 2.41544815e+02, 1.08664818e+02,
    2.00639725e+02, 1.92289932e+02, 2.11365845e+02, 1.77158890e+02,
    2.22095291e+02, 1.62011642e+02, 2.32801605e+02, 1.46753754e+02,
    2.43595856e+02, 1.31323929e+02, 2.54322632e+02, 1.15854843e+02,
    2.12752487e+02, 2.01633682e+02, 2.23703918e+02, 1.86165802e+02,
    2.34688309e+02, 1.70602631e+02, 2.45728546e+02, 1.55024445e+02,
    2.56813385e+02, 1.39222717e+02, 2.67878296e+02, 1.23406502e+02,
    2.25372192e+02, 2.11523926e+02, 2.36679626e+02, 1.95593918e+02,
    2.47893311e+02, 1.79631500e+02, 2.59266052e+02, 1.63656418e+02,
    2.70607697e+02, 1.47501755e+02, 2.82081940e+02, 1.31268875e+02,
    2.38715347e+02, 2.21822510e+02, 2.50255325e+02, 2.05536392e+02,
    2.61841675e+02, 1.89129211e+02, 2.73510681e+02, 1.72801239e+02,
    2.85287811e+02, 1.56235031e+02, 2.97069977e+02, 1.39627716e+02 ]
