%YAML:1.0
---
points: [ 2.46338577e+02, 1.17184288e+02, 2.59863495e+02, 1.08603088e+02,
    2.73577698e+02, 9.99189911e+01, 2.87324066e+02, 9.12352753e+01,
    3.01130005e+02, 8.25037613e+01, 3.15059479e+02, 7.36837311e+01,
    2.54573120e+02, 1.31083328e+02, 2.68063507e+02, 1.22662712e+02,
    2.81714661e+02, 1.14130325e+02, 2.95408661e+02, 1.05514091e+02,
    3.09236115e+02, 9.68165588e+01, 3.23065796e+02, 8.81161346e+01,
    2.62692047e+02, 1.44893021e+02, 2.76152710e+02, 1.36505020e+02,
    2.89724945e+02, 1.27987350e+02, 3.03337646e+02, 1.19555984e+02,
    3.17148743e+02, 1.10885826e+02, 3.30949310e+02, 1.02285156e+02,
    2.70758545e+02, 1.58443024e+02, 2.84162323e+02, 1.50168823e+02,
    2.97656525e+02, 1.41809952e+02, 3.11247955e+02, 1.33372986e+02,
    3.24998871e+02, 1.24872108e+02, 3.38746063e+02, 1.16308670e+02,
    2.78678314e+02, 1.71773254e+02, 2.91985382e+02, 1.63705338e+02,
    3.05503540e+02, 1.55440948e+02, 3.19047821e+02, 1.47110764e+02,
    3.32725525e+02, 1.38658951e+02, 3.46494812e+02, 1.30233200e+02,
    2.86571381e+02, 1.85095291e+02, 2.99851685e+02, 1.77041245e+02,
    3.13280090e+02, 1.68844269e+02, 3.26810913e+02, 1.60576645e+02,
    3.40400238e+02, 1.52275757e+02, 3.54124268e+02, 1.43933716e+02,
    2.94358368e+02, 1.98197006e+02, 3.07661377e+02, 1.90220322e+02,
    3.21024445e+02, 1.82162766e+02, 3.34509338e+02, 1.74052399e+02,
    3.48115570e+02, 1.65834457e+02, 3.61771301e+02, 1.57583817e+02,
    3.02048859e+02, 2.11181229e+02, 3.15272461e+02, 2.03290451e+02,
    3.28583008e+02, 1.95244537e+02, 3.42042999e+02, 1.87226746e+02,
    3.55624756e+02, 1.79149185e+02, 3.69264618e+02, 1.70942520e+02 ]
