%YAML:1.0
---
points: [ 3.88568207e+02, 1.82173935e+02, 3.90124329e+02, 2.01670029e+02,
    3.91445801e+02, 2.21347885e+02, 3.92823761e+02, 2.40970947e+02,
    3.94497101e+02, 2.61014221e+02, 3.95986908e+02, 2.80835907e+02,
    3.68269928e+02, 1.84555405e+02, 3.69597504e+02, 2.04037933e+02,
    3.70887299e+02, 2.23688110e+02, 3.72433533e+02, 2.43540115e+02,
    3.73802002e+02, 2.63360321e+02, 3.75208679e+02, 2.83246613e+02,
    3.47692993e+02, 1.87088959e+02, 3.49075317e+02, 2.06584869e+02,
    3.50391479e+02, 2.26272400e+02, 3.51618683e+02, 2.45819870e+02,
    3.53042969e+02, 2.65779633e+02, 3.54370026e+02, 2.85742004e+02,
    3.27420471e+02, 1.89467606e+02, 3.28519562e+02, 2.09024048e+02,
    3.29860931e+02, 2.28718048e+02, 3.31172119e+02, 2.48530106e+02,
    3.32525391e+02, 2.68264435e+02, 3.33795074e+02, 2.88176727e+02,
    3.06910065e+02, 1.91973602e+02, 3.08234436e+02, 2.11614563e+02,
    3.09317932e+02, 2.31237991e+02, 3.10620087e+02, 2.50861893e+02,
    3.12040680e+02, 2.70818756e+02, 3.13246399e+02, 2.90728149e+02,
    2.86639709e+02, 1.94497803e+02, 2.87777161e+02, 2.14157501e+02,
    2.88985321e+02, 2.33775787e+02, 2.90315582e+02, 2.53541656e+02,
    2.91499237e+02, 2.73299469e+02, 2.92524994e+02, 2.93210693e+02,
    2.66405731e+02, 1.97147552e+02, 2.67593414e+02, 2.16698593e+02,
    2.68649750e+02, 2.36334213e+02, 2.69839203e+02, 2.55990738e+02,
    2.70949921e+02, 2.75968353e+02, 2.72128937e+02, 2.95853729e+02,
    2.46128693e+02, 1.99511810e+02, 2.47330917e+02, 2.19257568e+02,
    2.48465149e+02, 2.38928619e+02, 2.49504761e+02, 2.58639954e+02,
    2.50468857e+02, 2.78422699e+02, 2.51592545e+02, 2.98354065e+02 ]
