%YAML:1.0
---
points: [ 5.86165955e+02, 3.73449005e+02, 6.14792908e+02, 3.32489532e+02,
    6.43460327e+02, 2.91282562e+02, 6.72336548e+02, 2.50066269e+02,
    7.01048828e+02, 2.08455383e+02, 7.29833191e+02, 1.66732956e+02,
    6.14168518e+02, 3.96406006e+02, 6.43471985e+02, 3.54531769e+02,
    6.72861938e+02, 3.12513062e+02, 7.02249207e+02, 2.70323975e+02,
    7.31727905e+02, 2.28009689e+02, 7.61125793e+02, 1.85395248e+02,
    6.43642883e+02, 4.20494659e+02, 6.73756104e+02, 3.77816315e+02,
    7.03858093e+02, 3.34822052e+02, 7.33729553e+02, 2.91590271e+02,
    7.63786560e+02, 2.48373581e+02, 7.94080811e+02, 2.04787216e+02,
    6.74451904e+02, 4.45688721e+02, 7.05176697e+02, 4.01915222e+02,
    7.36008240e+02, 3.58129425e+02, 7.66713867e+02, 3.13998077e+02,
    7.97617981e+02, 2.69632294e+02, 8.28412537e+02, 2.25214661e+02,
    7.06404968e+02, 4.71839233e+02, 7.38128357e+02, 4.27321045e+02,
    7.69542114e+02, 3.82334900e+02, 8.01249329e+02, 3.37365509e+02,
    8.32794983e+02, 2.92050110e+02, 8.64381775e+02, 2.46509369e+02,
    7.40180176e+02, 4.99416412e+02, 7.72494446e+02, 4.53689514e+02,
    8.04870789e+02, 4.07720398e+02, 8.37355835e+02, 3.61740234e+02,
    8.69738342e+02, 3.15429901e+02, 9.02257324e+02, 2.68724121e+02,
    7.75517944e+02, 5.28441162e+02, 8.08699585e+02, 4.81539215e+02,
    8.41747742e+02, 4.34398407e+02, 8.75231750e+02, 3.87389832e+02,
    9.08496399e+02, 3.39825073e+02, 9.41939514e+02, 2.92174683e+02,
    8.12663696e+02, 5.58887146e+02, 8.46754333e+02, 5.10823425e+02,
    8.80787781e+02, 4.62587433e+02, 9.15095764e+02, 4.14314148e+02,
    9.49383728e+02, 3.65631042e+02, 9.83721130e+02, 3.16694031e+02 ]
