%YAML:1.0
---
points: [ 4.11400642e+01, 1.94965729e+02, 4.30162926e+01, 1.70394547e+02,
    4.45698738e+01, 1.45981644e+02, 4.62731895e+01, 1.22504311e+02,
    4.79339638e+01, 9.92441254e+01, 4.94605331e+01, 7.66304626e+01,
    8.08659821e+01, 2.01220657e+02, 8.21767578e+01, 1.76711441e+02,
    8.34204483e+01, 1.53029419e+02, 8.46453323e+01, 1.29588776e+02,
    8.57966690e+01, 1.06755577e+02, 8.70235672e+01, 8.43709946e+01,
    1.19211357e+02, 2.07134476e+02, 1.19906303e+02, 1.82942780e+02,
    1.20766907e+02, 1.59570786e+02, 1.21636734e+02, 1.36461243e+02,
    1.22585831e+02, 1.13830002e+02, 1.23437012e+02, 9.20213394e+01,
    1.56442291e+02, 2.12843002e+02, 1.56892502e+02, 1.89165436e+02,
    1.57397720e+02, 1.66026108e+02, 1.57839569e+02, 1.43364990e+02,
    1.58313416e+02, 1.20969574e+02, 1.58655380e+02, 9.89297867e+01,
    1.92621017e+02, 2.18568024e+02, 1.92691483e+02, 1.95291290e+02,
    1.92695709e+02, 1.72273346e+02, 1.92772049e+02, 1.49908997e+02,
    1.92782959e+02, 1.27950500e+02, 1.92992554e+02, 1.06385506e+02,
    2.27970367e+02, 2.24190323e+02, 2.27604965e+02, 2.01268295e+02,
    2.27325073e+02, 1.78445343e+02, 2.26893646e+02, 1.56304276e+02,
    2.26634888e+02, 1.34565460e+02, 2.26430710e+02, 1.13325172e+02,
    2.62123108e+02, 2.29688309e+02, 2.61469849e+02, 2.07169464e+02,
    2.60726685e+02, 1.84605469e+02, 2.60248199e+02, 1.62678528e+02,
    2.59551239e+02, 1.41152008e+02, 2.59020233e+02, 1.20200005e+02,
    2.95570953e+02, 2.35256042e+02, 2.94455231e+02, 2.12731262e+02,
    2.93428833e+02, 1.90604248e+02, 2.92396210e+02, 1.68920273e+02,
    2.91489502e+02, 1.47646454e+02, 2.90514069e+02, 1.26856270e+02 ]
