%YAML:1.0
---
points: [ 8.21349792e+02, 3.88288391e+02, 8.76959778e+02, 3.67870392e+02,
    9.33153381e+02, 3.47074280e+02, 9.89669250e+02, 3.26145508e+02,
    1.04678491e+03, 3.04739990e+02, 1.10469006e+03, 2.83198730e+02,
    8.43332458e+02, 4.36808197e+02, 8.97470093e+02, 4.17304169e+02,
    9.51708618e+02, 3.97410065e+02, 1.00656989e+03, 3.77321198e+02,
    1.06208240e+03, 3.56844391e+02, 1.11823938e+03, 3.36101410e+02,
    8.64119385e+02, 4.82729126e+02, 9.16578125e+02, 4.63861877e+02,
    9.69455444e+02, 4.44770142e+02, 1.02267792e+03, 4.25713104e+02,
    1.07659460e+03, 4.06195496e+02, 1.13120764e+03, 3.86386047e+02,
    8.83597229e+02, 5.25912354e+02, 9.34615601e+02, 5.07692627e+02,
    9.86044617e+02, 4.89295197e+02, 1.03771863e+03, 4.70643005e+02,
    1.09021790e+03, 4.51977936e+02, 1.14306213e+03, 4.33040527e+02,
    9.02027710e+02, 5.66626709e+02, 9.51525024e+02, 5.48926147e+02,
    1.00159467e+03, 5.31354980e+02, 1.05201965e+03, 5.13430237e+02,
    1.10288049e+03, 4.95356781e+02, 1.15438269e+03, 4.77320862e+02,
    9.19462830e+02, 6.04964539e+02, 9.67636536e+02, 5.87949219e+02,
    1.01648999e+03, 5.70908691e+02, 1.06554309e+03, 5.53608521e+02,
    1.11522644e+03, 5.36248535e+02, 1.16525525e+03, 5.18803528e+02,
    9.35782349e+02, 6.41433716e+02, 9.82872192e+02, 6.24879456e+02,
    1.03046289e+03, 6.08413025e+02, 1.07827734e+03, 5.91636353e+02,
    1.12661719e+03, 5.74976379e+02, 1.17538245e+03, 5.58109070e+02,
    9.51478760e+02, 6.76036133e+02, 9.97520020e+02, 6.60100098e+02,
    1.04380957e+03, 6.44065063e+02, 1.09046790e+03, 6.27831909e+02,
    1.13761694e+03, 6.11628418e+02, 1.18531470e+03, 5.95500244e+02 ]
