%YAML:1.0
---
points: [ 2.68498077e+02, 9.70498276e+01, 2.84467072e+02, 9.67721100e+01,
    3.00625824e+02, 9.63385239e+01, 3.16869476e+02, 9.62024918e+01,
    3.33415222e+02, 9.57277527e+01, 3.50124176e+02, 9.54155960e+01,
    2.68761505e+02, 1.13373177e+02, 2.84395020e+02, 1.13205490e+02,
    3.00134308e+02, 1.13002960e+02, 3.16183197e+02, 1.12638191e+02,
    3.32348755e+02, 1.12367271e+02, 3.48799194e+02, 1.12253288e+02,
    2.69043304e+02, 1.28995926e+02, 2.84272308e+02, 1.28828918e+02,
    2.99901855e+02, 1.28580811e+02, 3.15352325e+02, 1.28435516e+02,
    3.31320465e+02, 1.28354111e+02, 3.47322357e+02, 1.28308289e+02,
    2.69234406e+02, 1.43982025e+02, 2.84273651e+02, 1.43931335e+02,
    2.99395905e+02, 1.43917282e+02, 3.14805908e+02, 1.43756699e+02,
    3.30331177e+02, 1.43669235e+02, 3.46176849e+02, 1.43551453e+02,
    2.69490875e+02, 1.58252045e+02, 2.84112671e+02, 1.58311798e+02,
    2.99100983e+02, 1.58388123e+02, 3.14103821e+02, 1.58438614e+02,
    3.29363312e+02, 1.58422943e+02, 3.44827057e+02, 1.58439301e+02,
    2.69710266e+02, 1.72197510e+02, 2.84112915e+02, 1.72286469e+02,
    2.98754242e+02, 1.72369247e+02, 3.13442017e+02, 1.72446365e+02,
    3.28398712e+02, 1.72544754e+02, 3.43643158e+02, 1.72597519e+02,
    2.69975525e+02, 1.85460342e+02, 2.84060913e+02, 1.85657471e+02,
    2.98414429e+02, 1.85912521e+02, 3.12966797e+02, 1.86165741e+02,
    3.27546570e+02, 1.86299484e+02, 3.42408600e+02, 1.86430328e+02,
    2.70211304e+02, 1.98382629e+02, 2.84094086e+02, 1.98610977e+02,
    2.98152679e+02, 1.98837128e+02, 3.12321198e+02, 1.99101349e+02,
    3.26768677e+02, 1.99324829e+02, 3.41355804e+02, 1.99584961e+02 ]
