%YAML:1.0
---
points: [ 2.42010773e+02, 1.64137970e+02, 2.60897186e+02, 1.57139175e+02,
    2.80157623e+02, 1.50115585e+02, 2.99517395e+02, 1.42918015e+02,
    3.19219208e+02, 1.35537399e+02, 3.39054321e+02, 1.28221329e+02,
    2.48531723e+02, 1.80584946e+02, 2.66925873e+02, 1.73853851e+02,
    2.85609314e+02, 1.67058685e+02, 3.04366699e+02, 1.60168564e+02,
    3.23431000e+02, 1.53245071e+02, 3.42717621e+02, 1.46165665e+02,
    2.54723511e+02, 1.96127686e+02, 2.72599548e+02, 1.89714890e+02,
    2.90718231e+02, 1.83110214e+02, 3.08879120e+02, 1.76671616e+02,
    3.27503662e+02, 1.69914200e+02, 3.46164581e+02, 1.63232300e+02,
    2.60474121e+02, 2.10686996e+02, 2.77919281e+02, 2.04541840e+02,
    2.95414795e+02, 1.98224731e+02, 3.13234802e+02, 1.91891373e+02,
    3.31264923e+02, 1.85607773e+02, 3.49406250e+02, 1.79126694e+02,
    2.66037933e+02, 2.24494766e+02, 2.82958740e+02, 2.18546814e+02,
    3.00004059e+02, 2.12399536e+02, 3.17346039e+02, 2.06443771e+02,
    3.34867065e+02, 2.00184692e+02, 3.52559235e+02, 1.94038528e+02,
    2.71128174e+02, 2.37466324e+02, 2.87721527e+02, 2.31715576e+02,
    3.04433655e+02, 2.25913727e+02, 3.21211700e+02, 2.20087738e+02,
    3.38155273e+02, 2.14170227e+02, 3.55483582e+02, 2.08192123e+02,
    2.76127136e+02, 2.49785202e+02, 2.92203339e+02, 2.44230118e+02,
    3.08513977e+02, 2.38690826e+02, 3.24826050e+02, 2.32953568e+02,
    3.41455811e+02, 2.27317291e+02, 3.58191711e+02, 2.21558319e+02,
    2.80780640e+02, 2.61589600e+02, 2.96528809e+02, 2.56106415e+02,
    3.12395020e+02, 2.50752808e+02, 3.28377319e+02, 2.45289291e+02,
    3.44510376e+02, 2.39797699e+02, 3.60942841e+02, 2.34263290e+02 ]
