%YAML:1.0
---
points: [ 4.20368988e+02, 6.94980774e+01, 4.28624634e+02, 1.02125229e+02,
    4.36959900e+02, 1.33715073e+02, 4.44839874e+02, 1.64813751e+02,
    4.52842743e+02, 1.95078354e+02, 4.60511597e+02, 2.24590912e+02,
    3.87469543e+02, 7.21443405e+01, 3.96385895e+02, 1.04962891e+02,
    4.04974945e+02, 1.37178146e+02, 4.13353516e+02, 1.68424942e+02,
    4.21688873e+02, 1.98932968e+02, 4.29735077e+02, 2.28781052e+02,
    3.53725525e+02, 7.52211456e+01, 3.62930817e+02, 1.08267632e+02,
    3.72014404e+02, 1.40578781e+02, 3.80922058e+02, 1.72166550e+02,
    3.89949585e+02, 2.02982178e+02, 3.98463928e+02, 2.33276306e+02,
    3.19369629e+02, 7.81365814e+01, 3.28994446e+02, 1.11650482e+02,
    3.38634796e+02, 1.44337433e+02, 3.48304443e+02, 1.76107666e+02,
    3.57431702e+02, 2.07356964e+02, 3.66398865e+02, 2.37592789e+02,
    2.84335358e+02, 8.14570770e+01, 2.94468658e+02, 1.15112053e+02,
    3.04605621e+02, 1.48139023e+02, 3.14510101e+02, 1.80284500e+02,
    3.24195404e+02, 2.11557663e+02, 3.33620453e+02, 2.42098816e+02,
    2.48451935e+02, 8.47897491e+01, 2.59270020e+02, 1.18699799e+02,
    2.69672394e+02, 1.51921387e+02, 2.80185516e+02, 1.84328171e+02,
    2.90361176e+02, 2.16095596e+02, 3.00472168e+02, 2.46708115e+02,
    2.11827820e+02, 8.80881958e+01, 2.23245880e+02, 1.22551971e+02,
    2.34235565e+02, 1.55949615e+02, 2.45191956e+02, 1.88629715e+02,
    2.55787430e+02, 2.20528809e+02, 2.66461456e+02, 2.51694977e+02,
    1.74425888e+02, 9.18645782e+01, 1.86362045e+02, 1.26412163e+02,
    1.98027756e+02, 1.60330307e+02, 2.09362198e+02, 1.93164246e+02,
    2.20592072e+02, 2.25353500e+02, 2.31615067e+02, 2.56565033e+02 ]
