%YAML:1.0
---
points: [ 4.30287598e+02, 2.37161087e+02, 4.54789551e+02, 2.57825714e+02,
    4.79018250e+02, 2.78386017e+02, 5.02759827e+02, 2.98353455e+02,
    5.26218994e+02, 3.18105286e+02, 5.49180786e+02, 3.37358673e+02,
    4.16507599e+02, 2.55665955e+02, 4.41016510e+02, 2.76109711e+02,
    4.64889221e+02, 2.96030426e+02, 4.88584991e+02, 3.15675049e+02,
    5.11856903e+02, 3.35040802e+02, 5.34667236e+02, 3.54047546e+02,
    4.03044678e+02, 2.74035889e+02, 4.27190704e+02, 2.93849976e+02,
    4.51169769e+02, 3.13511414e+02, 4.74467682e+02, 3.32730438e+02,
    4.97643951e+02, 3.51805237e+02, 5.20370728e+02, 3.70385986e+02,
    3.89811951e+02, 2.91662476e+02, 4.13946136e+02, 3.11303375e+02,
    4.37662079e+02, 3.30488708e+02, 4.60991150e+02, 3.49395508e+02,
    4.84008728e+02, 3.67831635e+02, 5.06466431e+02, 3.86155273e+02,
    3.77054443e+02, 3.09288910e+02, 4.00901459e+02, 3.28264160e+02,
    4.24406616e+02, 3.47195312e+02, 4.47536804e+02, 3.65583038e+02,
    4.70507782e+02, 3.83804443e+02, 4.92829193e+02, 4.01666443e+02,
    3.64552734e+02, 3.26097992e+02, 3.88301086e+02, 3.44848419e+02,
    4.11584778e+02, 3.63340515e+02, 4.34640320e+02, 3.81462585e+02,
    4.57324188e+02, 3.99365265e+02, 4.79561676e+02, 4.16875031e+02,
    3.52336334e+02, 3.42624023e+02, 3.75892242e+02, 3.60854004e+02,
    3.99059143e+02, 3.79245941e+02, 4.21907043e+02, 3.96795166e+02,
    4.44444305e+02, 4.14445282e+02, 4.66598145e+02, 4.31560150e+02,
    3.40380859e+02, 3.58788391e+02, 3.63745392e+02, 3.77016571e+02,
    3.86791107e+02, 3.94590057e+02, 4.09470459e+02, 4.12067749e+02,
    4.31741730e+02, 4.29265442e+02, 4.53753571e+02, 4.46328735e+02 ]
