%YAML:1.0
---
points: [ 1.87385056e+02, 3.07316559e+02, 2.19859940e+02, 3.16721375e+02,
    2.51053116e+02, 3.25835663e+02, 2.81150879e+02, 3.34595886e+02,
    3.10174500e+02, 3.43259155e+02, 3.38281372e+02, 3.51366882e+02,
    1.78429489e+02, 3.34636414e+02, 2.10830719e+02, 3.43657410e+02,
    2.42206146e+02, 3.52298309e+02, 2.72399384e+02, 3.60465149e+02,
    3.01530975e+02, 3.68491974e+02, 3.29585815e+02, 3.76243164e+02,
    1.69269867e+02, 3.62407410e+02, 2.01766190e+02, 3.70732483e+02,
    2.33312973e+02, 3.78699219e+02, 2.63522827e+02, 3.86509460e+02,
    2.92829102e+02, 3.93833313e+02, 3.21110046e+02, 4.01247101e+02,
    1.60171127e+02, 3.89776550e+02, 1.92754898e+02, 3.97522614e+02,
    2.24517014e+02, 4.04904144e+02, 2.54771866e+02, 4.12244415e+02,
    2.84339264e+02, 4.19005219e+02, 3.12598877e+02, 4.25730347e+02,
    1.51147476e+02, 4.17225861e+02, 1.83890762e+02, 4.24218933e+02,
    2.15637772e+02, 4.31236511e+02, 2.46218903e+02, 4.37853912e+02,
    2.75625000e+02, 4.44308411e+02, 3.04154144e+02, 4.50369812e+02,
    1.42202286e+02, 4.44383606e+02, 1.75294846e+02, 4.50891022e+02,
    2.06884155e+02, 4.57190430e+02, 2.37492859e+02, 4.63432098e+02,
    2.67021484e+02, 4.69446503e+02, 2.95622375e+02, 4.75077179e+02,
    1.33455734e+02, 4.71396332e+02, 1.66381668e+02, 4.77309540e+02,
    1.98148041e+02, 4.83147614e+02, 2.28882050e+02, 4.88626648e+02,
    2.58575409e+02, 4.94226776e+02, 2.87257294e+02, 4.99277588e+02,
    1.24544228e+02, 4.98330658e+02, 1.57571976e+02, 5.03690918e+02,
    1.89464264e+02, 5.08951904e+02, 2.20271362e+02, 5.14099243e+02,
    2.50053040e+02, 5.18967346e+02, 2.78702332e+02, 5.23744873e+02 ]
