%YAML:1.0
---
points: [ 3.63607086e+02, 3.95515228e+02, 3.80366760e+02, 3.91673706e+02,
    3.97548218e+02, 3.87916016e+02, 4.15280762e+02, 3.84104309e+02,
    4.33459259e+02, 3.80388947e+02, 4.51995392e+02, 3.76173645e+02,
    3.74571960e+02, 4.21096069e+02, 3.91487732e+02, 4.17864929e+02,
    4.08549744e+02, 4.14352173e+02, 4.26340271e+02, 4.11030914e+02,
    4.44607819e+02, 4.07322571e+02, 4.63058868e+02, 4.03741058e+02,
    3.85437958e+02, 4.46563232e+02, 4.02373810e+02, 4.43587067e+02,
    4.19731262e+02, 4.40481293e+02, 4.37347748e+02, 4.37352814e+02,
    4.55525085e+02, 4.34222626e+02, 4.73925018e+02, 4.30843079e+02,
    3.96292877e+02, 4.71470490e+02, 4.13343231e+02, 4.69056763e+02,
    4.30431976e+02, 4.66072174e+02, 4.48179474e+02, 4.63365936e+02,
    4.66301422e+02, 4.60411438e+02, 4.84699982e+02, 4.57493500e+02,
    4.06856232e+02, 4.96425659e+02, 4.23687836e+02, 4.93672821e+02,
    4.41230103e+02, 4.91481201e+02, 4.58759827e+02, 4.88754700e+02,
    4.77078979e+02, 4.86390167e+02, 4.95509369e+02, 4.83555206e+02,
    4.17338440e+02, 5.20349854e+02, 4.34320831e+02, 5.18354431e+02,
    4.51579193e+02, 5.16286743e+02, 4.69189972e+02, 5.14081848e+02,
    4.87462952e+02, 5.11723572e+02, 5.05863434e+02, 5.09453705e+02,
    4.27616150e+02, 5.44426697e+02, 4.44659576e+02, 5.42423889e+02,
    4.61848572e+02, 5.40599487e+02, 4.79673126e+02, 5.38578491e+02,
    4.97663666e+02, 5.36734802e+02, 5.16354614e+02, 5.34560791e+02,
    4.37766724e+02, 5.67820374e+02, 4.54757660e+02, 5.66313904e+02,
    4.72068573e+02, 5.64659424e+02, 4.89703491e+02, 5.63169006e+02,
    5.07888794e+02, 5.61344849e+02, 5.26328369e+02, 5.59732544e+02 ]
