%YAML:1.0
---
points: [ 4.02832855e+02, 6.66770813e+02, 4.10249908e+02, 6.85772522e+02,
    4.17954407e+02, 7.05232239e+02, 4.25714325e+02, 7.25611877e+02,
    4.34042084e+02, 7.46413330e+02, 4.42457367e+02, 7.68316650e+02,
    3.81421997e+02, 6.87567322e+02, 3.88417572e+02, 7.06558411e+02,
    3.95590668e+02, 7.26589355e+02, 4.03151123e+02, 7.47345520e+02,
    4.11025024e+02, 7.69040527e+02, 4.19112701e+02, 7.90899719e+02,
    3.59753113e+02, 7.08259277e+02, 3.66505280e+02, 7.27968140e+02,
    3.73423523e+02, 7.48251282e+02, 3.80415436e+02, 7.69414368e+02,
    3.87721039e+02, 7.91208252e+02, 3.95347900e+02, 8.13819214e+02,
    3.38351685e+02, 7.29179565e+02, 3.44596924e+02, 7.49049500e+02,
    3.51351959e+02, 7.69807617e+02, 3.58073364e+02, 7.90958984e+02,
    3.64962219e+02, 8.13650391e+02, 3.72220978e+02, 8.36510864e+02,
    3.16833710e+02, 7.49680664e+02, 3.22973846e+02, 7.70301697e+02,
    3.28866241e+02, 7.91447998e+02, 3.35441223e+02, 8.13281616e+02,
    3.42239807e+02, 8.35599365e+02, 3.48828888e+02, 8.59391968e+02,
    2.95629608e+02, 7.70611572e+02, 3.01448853e+02, 7.91272034e+02,
    3.06957733e+02, 8.13132385e+02, 3.13127655e+02, 8.35160400e+02,
    3.19386536e+02, 8.58242371e+02, 3.25764465e+02, 8.81827271e+02,
    2.74560242e+02, 7.91263306e+02, 2.79709137e+02, 8.12571716e+02,
    2.85356293e+02, 8.34167358e+02, 2.90971436e+02, 8.57071960e+02,
    2.96803345e+02, 8.80174988e+02, 3.02869354e+02, 9.04650024e+02,
    2.53298065e+02, 8.12271118e+02, 2.58418640e+02, 8.33364319e+02,
    2.63325653e+02, 8.55856445e+02, 2.68744080e+02, 8.78649841e+02,
    2.74332611e+02, 9.02685425e+02, 2.80119141e+02, 9.26933044e+02 ]
