%YAML:1.0
---
points: [ 2.37543198e+02, 6.21130493e+02, 2.58768738e+02, 6.42203308e+02,
    2.79947540e+02, 6.62829163e+02, 3.00957001e+02, 6.83408569e+02,
    3.21639404e+02, 7.03675415e+02, 3.42309082e+02, 7.23813599e+02,
    2.11149475e+02, 6.40271851e+02, 2.32694458e+02, 6.61387390e+02,
    2.54200272e+02, 6.82335022e+02, 2.75518707e+02, 7.02978577e+02,
    2.96612732e+02, 7.23606201e+02, 3.17424225e+02, 7.43830872e+02,
    1.83803329e+02, 6.59953491e+02, 2.05799866e+02, 6.81331909e+02,
    2.27714447e+02, 7.02377991e+02, 2.49332520e+02, 7.23331055e+02,
    2.70765778e+02, 7.44017456e+02, 2.92106903e+02, 7.64547485e+02,
    1.56399887e+02, 6.80121643e+02, 1.78517258e+02, 7.01565369e+02,
    2.00800720e+02, 7.22923889e+02, 2.22648560e+02, 7.43999634e+02,
    2.44662201e+02, 7.64924500e+02, 2.66129791e+02, 7.85494507e+02,
    1.27947227e+02, 7.00667297e+02, 1.50753326e+02, 7.22467285e+02,
    1.73275818e+02, 7.43854309e+02, 1.95496140e+02, 7.65285767e+02,
    2.17685883e+02, 7.86258240e+02, 2.39664597e+02, 8.07118469e+02,
    9.92148743e+01, 7.21881409e+02, 1.22201942e+02, 7.43697021e+02,
    1.45209991e+02, 7.65500427e+02, 1.67746902e+02, 7.86882385e+02,
    1.90333176e+02, 8.08294128e+02, 2.12630814e+02, 8.29171448e+02,
    6.95366135e+01, 7.43543396e+02, 9.32077332e+01, 7.65584106e+02,
    1.16432190e+02, 7.87501160e+02, 1.39566025e+02, 8.09166321e+02,
    1.62477112e+02, 8.30492798e+02, 1.85105835e+02, 8.51667480e+02,
    3.94386864e+01, 7.65827026e+02, 6.33274651e+01, 7.88117310e+02,
    8.71584396e+01, 8.10127808e+02, 1.10528015e+02, 8.31868835e+02,
    1.34047745e+02, 8.53502136e+02, 1.57076859e+02, 8.74733276e+02 ]
