%YAML:1.0
---
points: [ 6.79443481e+02, 2.69866241e+02, 6.78943420e+02, 2.27663239e+02,
    6.78468201e+02, 1.84440643e+02, 6.78044373e+02, 1.40350250e+02,
    6.77444580e+02, 9.53294220e+01, 6.77051697e+02, 4.93211708e+01,
    7.20294373e+02, 2.72564056e+02, 7.20213074e+02, 2.30489853e+02,
    7.20239929e+02, 1.87472900e+02, 7.20183838e+02, 1.43476120e+02,
    7.20193359e+02, 9.84535217e+01, 7.20156494e+02, 5.24736404e+01,
    7.60719727e+02, 2.75504944e+02, 7.61146790e+02, 2.33518143e+02,
    7.61548523e+02, 1.90535004e+02, 7.61994629e+02, 1.46516159e+02,
    7.62559753e+02, 1.01547325e+02, 7.63204834e+02, 5.59711418e+01,
    8.01311340e+02, 2.78241608e+02, 8.02116638e+02, 2.36362488e+02,
    8.02798584e+02, 1.93384338e+02, 8.03706909e+02, 1.49573532e+02,
    8.04741577e+02, 1.04789391e+02, 8.05643433e+02, 5.92352371e+01,
    8.41370667e+02, 2.81007996e+02, 8.42669312e+02, 2.39278824e+02,
    8.43938293e+02, 1.96462601e+02, 8.45288025e+02, 1.52691193e+02,
    8.46575439e+02, 1.08031639e+02, 8.48162964e+02, 6.23152275e+01,
    8.81320984e+02, 2.83549561e+02, 8.83044800e+02, 2.41885483e+02,
    8.84744812e+02, 1.99304825e+02, 8.86514771e+02, 1.55686508e+02,
    8.88417664e+02, 1.11156815e+02, 8.90232666e+02, 6.55982056e+01,
    9.21327820e+02, 2.86375305e+02, 9.23476318e+02, 2.44722076e+02,
    9.25537720e+02, 2.02223816e+02, 9.27741272e+02, 1.58646164e+02,
    9.30223877e+02, 1.14189629e+02, 9.32491455e+02, 6.86737213e+01,
    9.60698608e+02, 2.88626740e+02, 9.63430237e+02, 2.47371048e+02,
    9.65882568e+02, 2.04723450e+02, 9.68744202e+02, 1.61474472e+02,
    9.71359558e+02, 1.17272919e+02, 9.74320557e+02, 7.17568817e+01 ]
