%YAML:1.0
---
points: [ 6.69308167e+02, 9.15852280e+01, 7.12480286e+02, 8.67591782e+01,
    7.55775940e+02, 8.21609344e+01, 7.99020447e+02, 7.73338242e+01,
    8.42297791e+02, 7.24128036e+01, 8.85286865e+02, 6.75595016e+01,
    6.78024536e+02, 1.38203201e+02, 7.20689453e+02, 1.33521896e+02,
    7.63429626e+02, 1.28784927e+02, 8.05873230e+02, 1.24217888e+02,
    8.48418396e+02, 1.19404305e+02, 8.90674133e+02, 1.14562424e+02,
    6.86470337e+02, 1.83169449e+02, 7.28543396e+02, 1.78569366e+02,
    7.70569397e+02, 1.74150970e+02, 8.12384827e+02, 1.69480637e+02,
    8.54457764e+02, 1.65054565e+02, 8.96017395e+02, 1.60260712e+02,
    6.95027344e+02, 2.26938950e+02, 7.36391174e+02, 2.22577362e+02,
    7.77601685e+02, 2.17979050e+02, 8.18750244e+02, 2.13458191e+02,
    8.59895264e+02, 2.08734344e+02, 9.01145203e+02, 2.04196533e+02,
    7.02897522e+02, 2.69542786e+02, 7.43714478e+02, 2.65093323e+02,
    7.84534424e+02, 2.60603241e+02, 8.24933350e+02, 2.56043701e+02,
    8.65542908e+02, 2.51443832e+02, 9.06111450e+02, 2.46770599e+02,
    7.10766602e+02, 3.10574249e+02, 7.50882690e+02, 3.06371124e+02,
    7.91103516e+02, 3.01823364e+02, 8.31117004e+02, 2.97344635e+02,
    8.70853149e+02, 2.92713989e+02, 9.10820923e+02, 2.88168640e+02,
    7.18254272e+02, 3.50672272e+02, 7.58029541e+02, 3.46260345e+02,
    7.97444092e+02, 3.41950653e+02, 8.37057190e+02, 3.37554321e+02,
    8.76320129e+02, 3.33290680e+02, 9.15589905e+02, 3.28669067e+02,
    7.25621399e+02, 3.89420624e+02, 7.64671387e+02, 3.85200256e+02,
    8.03567261e+02, 3.80779327e+02, 8.42534973e+02, 3.76394470e+02,
    8.81174744e+02, 3.71786591e+02, 9.19891174e+02, 3.67397095e+02 ]
