%YAML:1.0
---
points: [ 6.54155945e+02, 8.21875839e+01, 7.03516968e+02, 7.73503723e+01,
    7.53279297e+02, 7.25988464e+01, 8.02398926e+02, 6.80321579e+01,
    8.51712341e+02, 6.32227325e+01, 9.00906311e+02, 5.83358192e+01,
    6.61707458e+02, 1.34503510e+02, 7.10926086e+02, 1.29874100e+02,
    7.59874023e+02, 1.25309883e+02, 8.08668091e+02, 1.20626450e+02,
    8.57517395e+02, 1.15828011e+02, 9.06272827e+02, 1.11164474e+02,
    6.69485901e+02, 1.85969772e+02, 7.17944885e+02, 1.81422958e+02,
    7.66562012e+02, 1.76730835e+02, 8.14896484e+02, 1.72039154e+02,
    8.63402100e+02, 1.67487915e+02, 9.11316101e+02, 1.62607254e+02,
    6.77013916e+02, 2.36386108e+02, 7.25285583e+02, 2.31994293e+02,
    7.73303772e+02, 2.27335068e+02, 8.21193420e+02, 2.22750214e+02,
    8.68819153e+02, 2.18052643e+02, 9.16442932e+02, 2.13306534e+02,
    6.84479797e+02, 2.86028778e+02, 7.32141785e+02, 2.81405640e+02,
    7.79636536e+02, 2.76802094e+02, 8.27082764e+02, 2.72102753e+02,
    8.74339722e+02, 2.67412537e+02, 9.21399902e+02, 2.62685089e+02,
    6.91433289e+02, 3.34236908e+02, 7.38679810e+02, 3.29726074e+02,
    7.85801453e+02, 3.25109528e+02, 8.32714355e+02, 3.20500610e+02,
    8.79542786e+02, 3.15797455e+02, 9.26205627e+02, 3.11286865e+02,
    6.98504028e+02, 3.82005188e+02, 7.45288513e+02, 3.77418701e+02,
    7.91849915e+02, 3.72798340e+02, 8.38445374e+02, 3.68219421e+02,
    8.84819946e+02, 3.63628937e+02, 9.31040527e+02, 3.58955078e+02,
    7.05519287e+02, 4.28450745e+02, 7.51689087e+02, 4.23862640e+02,
    7.97816711e+02, 4.19198059e+02, 8.43857727e+02, 4.14483765e+02,
    8.89744446e+02, 4.09762085e+02, 9.35518982e+02, 4.05287048e+02 ]
