%YAML:1.0
---
points: [ 5.72078003e+02, 2.32356247e+02, 6.04602234e+02, 1.98880173e+02,
    6.37679626e+02, 1.64597702e+02, 6.71482666e+02, 1.29629211e+02,
    7.06141846e+02, 9.37285690e+01, 7.41386108e+02, 5.70186615e+01,
    6.07201965e+02, 2.70164734e+02, 6.39637146e+02, 2.37532211e+02,
    6.72814941e+02, 2.04068466e+02, 7.06641418e+02, 1.69712494e+02,
    7.41342224e+02, 1.34719360e+02, 7.76711121e+02, 9.86406021e+01,
    6.41350586e+02, 3.07266388e+02, 6.73907532e+02, 2.75367462e+02,
    7.07336487e+02, 2.42529068e+02, 7.41124695e+02, 2.09120499e+02,
    7.75908264e+02, 1.74653900e+02, 8.11285706e+02, 1.39718674e+02,
    6.75055908e+02, 3.43674316e+02, 7.07822693e+02, 3.12573792e+02,
    7.41019836e+02, 2.80454590e+02, 7.75028198e+02, 2.47615753e+02,
    8.09699158e+02, 2.14205765e+02, 8.45281677e+02, 1.79710388e+02,
    7.08271667e+02, 3.79578430e+02, 7.40745911e+02, 3.48904907e+02,
    7.74266907e+02, 3.17554382e+02, 8.08259705e+02, 2.85543762e+02,
    8.43021057e+02, 2.52744156e+02, 8.78525146e+02, 2.19163330e+02,
    7.40481750e+02, 4.14624725e+02, 7.73352173e+02, 3.84665253e+02,
    8.06641907e+02, 3.53905487e+02, 8.40776733e+02, 3.22672333e+02,
    8.75566711e+02, 2.90481415e+02, 9.11074463e+02, 2.57645599e+02,
    7.72519836e+02, 4.49298401e+02, 8.05297913e+02, 4.19884674e+02,
    8.38694885e+02, 3.89789917e+02, 8.72830017e+02, 3.59247009e+02,
    9.07671021e+02, 3.27756622e+02, 9.43357117e+02, 2.95601379e+02,
    8.03657288e+02, 4.83006348e+02, 8.36454102e+02, 4.54203552e+02,
    8.69933289e+02, 4.24789703e+02, 9.04071960e+02, 3.94759857e+02,
    9.38892212e+02, 3.64065735e+02, 9.74585999e+02, 3.32587219e+02 ]
