%YAML:1.0
---
points: [ 5.60710999e+02, 2.85259888e+02, 5.74101746e+02, 2.56318939e+02,
    5.88211060e+02, 2.25289673e+02, 6.03245667e+02, 1.92314804e+02,
    6.19286743e+02, 1.56602310e+02, 6.36463501e+02, 1.18538345e+02,
    6.01633484e+02, 3.14483521e+02, 6.15914490e+02, 2.86754211e+02,
    6.31390686e+02, 2.57304352e+02, 6.47492859e+02, 2.25674408e+02,
    6.65165588e+02, 1.91823059e+02, 6.83594604e+02, 1.55369354e+02,
    6.41335205e+02, 3.42988403e+02, 6.56904053e+02, 3.16481018e+02,
    6.73323914e+02, 2.88210663e+02, 6.90746521e+02, 2.58300568e+02,
    7.09568665e+02, 2.25809189e+02, 7.29667969e+02, 1.91257492e+02,
    6.80456238e+02, 3.70672058e+02, 6.96826172e+02, 3.45369385e+02,
    7.14378845e+02, 3.18564911e+02, 7.32906982e+02, 2.89843018e+02,
    7.53084717e+02, 2.59127716e+02, 7.74238159e+02, 2.26166321e+02,
    7.18364075e+02, 3.97855316e+02, 7.35748901e+02, 3.73683990e+02,
    7.54467896e+02, 3.47933624e+02, 7.74253662e+02, 3.20647614e+02,
    7.95168335e+02, 2.91346436e+02, 8.17751099e+02, 2.59854675e+02,
    7.55334229e+02, 4.24374146e+02, 7.73676086e+02, 4.01321503e+02,
    7.93354309e+02, 3.76753448e+02, 8.14186584e+02, 3.50547119e+02,
    8.36296021e+02, 3.22643372e+02, 8.59969482e+02, 2.92693939e+02,
    7.91771729e+02, 4.50154877e+02, 8.11044006e+02, 4.28197510e+02,
    8.31511536e+02, 4.04743195e+02, 8.53328613e+02, 3.79915192e+02,
    8.76572998e+02, 3.53299194e+02, 9.01384277e+02, 3.24882233e+02,
    8.27176331e+02, 4.75374481e+02, 8.47195862e+02, 4.54336029e+02,
    8.68556885e+02, 4.31915771e+02, 8.91326416e+02, 4.08303345e+02,
    9.15429565e+02, 3.82922638e+02, 9.41326477e+02, 3.55766449e+02 ]
