%YAML:1.0
---
points: [ 8.15188110e+02, 2.04671341e+02, 8.34208496e+02, 2.52842651e+02,
    8.51772461e+02, 2.97421906e+02, 8.68252563e+02, 3.38789490e+02,
    8.83546692e+02, 3.77714386e+02, 8.98162598e+02, 4.14190613e+02,
    7.67699036e+02, 2.09389252e+02, 7.88122803e+02, 2.56303894e+02,
    8.06858765e+02, 3.00009705e+02, 8.24492615e+02, 3.40690399e+02,
    8.41127380e+02, 3.78871704e+02, 8.56460876e+02, 4.14764496e+02,
    7.21625183e+02, 2.13824677e+02, 7.43229492e+02, 2.59795044e+02,
    7.63291016e+02, 3.02571503e+02, 7.82050293e+02, 3.42652771e+02,
    7.99617615e+02, 3.80377258e+02, 8.15966064e+02, 4.15542725e+02,
    6.77537964e+02, 2.18037643e+02, 7.00056946e+02, 2.63005768e+02,
    7.21345581e+02, 3.05019287e+02, 7.41246521e+02, 3.44304626e+02,
    7.59718384e+02, 3.81388977e+02, 7.77208740e+02, 4.15959045e+02,
    6.34750061e+02, 2.22301224e+02, 6.58482605e+02, 2.66121765e+02,
    6.80605652e+02, 3.07455353e+02, 7.01336853e+02, 3.45956573e+02,
    7.20866394e+02, 3.82215302e+02, 7.39195068e+02, 4.16342468e+02,
    5.93508728e+02, 2.25886414e+02, 6.18257324e+02, 2.69057404e+02,
    6.41073364e+02, 3.09559418e+02, 6.62803589e+02, 3.47482025e+02,
    6.83270020e+02, 3.83224365e+02, 7.02403015e+02, 4.16857849e+02,
    5.53579407e+02, 2.29584732e+02, 5.79263916e+02, 2.71879425e+02,
    6.03037537e+02, 3.11661835e+02, 6.25613037e+02, 3.48900604e+02,
    6.46671204e+02, 3.83997833e+02, 6.66658936e+02, 4.17260712e+02,
    5.15247253e+02, 2.33307159e+02, 5.41402161e+02, 2.74635345e+02,
    5.65944153e+02, 3.13568390e+02, 5.89305359e+02, 3.50296265e+02,
    6.11258545e+02, 3.84872070e+02, 6.31749207e+02, 4.17539642e+02 ]
