%YAML:1.0
---
points: [ 5.91883179e+02, 2.81766449e+02, 6.05208191e+02, 2.49687653e+02,
    6.19166565e+02, 2.15483505e+02, 6.34169922e+02, 1.78834564e+02,
    6.50151123e+02, 1.39414764e+02, 6.67408142e+02, 9.68206787e+01,
    6.39110474e+02, 3.02512177e+02, 6.53427490e+02, 2.71750854e+02,
    6.68812073e+02, 2.38762894e+02, 6.85107605e+02, 2.03786774e+02,
    7.02805054e+02, 1.65835907e+02, 7.21457947e+02, 1.25294586e+02,
    6.84244202e+02, 3.22464966e+02, 6.99838867e+02, 2.92811218e+02,
    7.16349426e+02, 2.61310211e+02, 7.34253784e+02, 2.27605957e+02,
    7.53156555e+02, 1.91323944e+02, 7.73546387e+02, 1.52425827e+02,
    7.28168884e+02, 3.41587189e+02, 7.44656372e+02, 3.13132080e+02,
    7.62437195e+02, 2.82934021e+02, 7.81297791e+02, 2.50554352e+02,
    8.01635071e+02, 2.15683792e+02, 8.23256897e+02, 1.78614517e+02,
    7.70197693e+02, 3.60119141e+02, 7.87818115e+02, 3.32669769e+02,
    8.06676453e+02, 3.03576477e+02, 8.26727905e+02, 2.72493225e+02,
    8.48107788e+02, 2.39195618e+02, 8.71141235e+02, 2.03452698e+02,
    8.10759521e+02, 3.78075897e+02, 8.29486145e+02, 3.51598358e+02,
    8.49314209e+02, 3.23536713e+02, 8.70351868e+02, 2.93555267e+02,
    8.92781616e+02, 2.61584320e+02, 9.16812988e+02, 2.27312500e+02,
    8.50366211e+02, 3.95072998e+02, 8.69846741e+02, 3.69558105e+02,
    8.90599121e+02, 3.42645081e+02, 9.12616943e+02, 3.13943298e+02,
    9.36051453e+02, 2.83284637e+02, 9.61274963e+02, 2.50326935e+02,
    8.88390442e+02, 4.11523224e+02, 9.08607849e+02, 3.87149261e+02,
    9.30174805e+02, 3.61069336e+02, 9.53018372e+02, 3.33432190e+02,
    9.77495361e+02, 3.03876831e+02, 1.00356384e+03, 2.72246765e+02 ]
