%YAML:1.0
---
points: [ 6.76235779e+02, 2.90745911e+02, 6.76552490e+02, 2.44792923e+02,
    6.76915100e+02, 1.96703323e+02, 6.77336487e+02, 1.46200104e+02,
    6.77740784e+02, 9.31018677e+01, 6.78332642e+02, 3.74435959e+01,
    7.23733643e+02, 2.95661743e+02, 7.25318542e+02, 2.50356491e+02,
    7.26877563e+02, 2.02696518e+02, 7.28488281e+02, 1.52881653e+02,
    7.30269775e+02, 1.00351936e+02, 7.32061401e+02, 4.52248878e+01,
    7.70396667e+02, 3.00484650e+02, 7.72939758e+02, 2.55616302e+02,
    7.75602234e+02, 2.08517975e+02, 7.78481140e+02, 1.59376709e+02,
    7.81462158e+02, 1.07255821e+02, 7.84607239e+02, 5.27183228e+01,
    8.16218262e+02, 3.04927429e+02, 8.19665222e+02, 2.60724487e+02,
    8.23513184e+02, 2.14256821e+02, 8.27559937e+02, 1.65527069e+02,
    8.31734436e+02, 1.14073090e+02, 8.36047241e+02, 6.03373833e+01,
    8.61030701e+02, 3.09524780e+02, 8.65635986e+02, 2.65693146e+02,
    8.70535645e+02, 2.19628281e+02, 8.75627869e+02, 1.71448273e+02,
    8.80854736e+02, 1.20624023e+02, 8.86536438e+02, 6.73806534e+01,
    9.05259888e+02, 3.13851227e+02, 9.10756042e+02, 2.70645966e+02,
    9.16758118e+02, 2.25057327e+02, 9.22824646e+02, 1.77301620e+02,
    9.29255676e+02, 1.27200470e+02, 9.36154358e+02, 7.45243225e+01,
    9.48710815e+02, 3.18166534e+02, 9.55205994e+02, 2.75307007e+02,
    9.62338867e+02, 2.30253525e+02, 9.69602783e+02, 1.82947998e+02,
    9.77077637e+02, 1.33476608e+02, 9.85223633e+02, 8.14055862e+01,
    9.91219299e+02, 3.22312714e+02, 9.98791077e+02, 2.79845886e+02,
    1.00675659e+03, 2.35231888e+02, 1.01510602e+03, 1.88496231e+02,
    1.02358282e+03, 1.39533051e+02, 1.03279211e+03, 8.78440704e+01 ]
