%YAML:1.0
---
points: [ 6.30553101e+02, 3.73818726e+02, 6.30715637e+02, 3.22854675e+02,
    6.30709778e+02, 2.69479034e+02, 6.30730591e+02, 2.13485046e+02,
    6.30643127e+02, 1.54611420e+02, 6.30615295e+02, 9.27165604e+01,
    6.84184692e+02, 3.80578491e+02, 6.85315247e+02, 3.29882446e+02,
    6.86549622e+02, 2.76899689e+02, 6.87787354e+02, 2.21550812e+02,
    6.89356567e+02, 1.63245132e+02, 6.90582703e+02, 1.01960625e+02,
    7.36559448e+02, 3.86972565e+02, 7.39039001e+02, 3.36927979e+02,
    7.41509338e+02, 2.84485474e+02, 7.44230713e+02, 2.29528778e+02,
    7.46971680e+02, 1.71501984e+02, 7.49715271e+02, 1.10785179e+02,
    7.88497803e+02, 3.93228790e+02, 7.92073059e+02, 3.43765594e+02,
    7.95886230e+02, 2.91756378e+02, 7.99696228e+02, 2.37365692e+02,
    8.03814697e+02, 1.79928741e+02, 8.07951538e+02, 1.19627022e+02,
    8.39631287e+02, 3.99511444e+02, 8.44433228e+02, 3.50425751e+02,
    8.49505310e+02, 2.98840729e+02, 8.54557556e+02, 2.44868637e+02,
    8.59951721e+02, 1.88085190e+02, 8.65607117e+02, 1.28424454e+02,
    8.90353821e+02, 4.05758881e+02, 8.96262878e+02, 3.56925995e+02,
    9.02305847e+02, 3.05849976e+02, 9.08592896e+02, 2.52325821e+02,
    9.15554138e+02, 1.96131104e+02, 9.22515137e+02, 1.36809647e+02,
    9.40480286e+02, 4.11781708e+02, 9.47648499e+02, 3.63374084e+02,
    9.54743408e+02, 3.12688568e+02, 9.62559875e+02, 2.59674835e+02,
    9.70510681e+02, 2.03688248e+02, 9.79098694e+02, 1.45209915e+02,
    9.90173767e+02, 4.17690247e+02, 9.98024109e+02, 3.69711792e+02,
    1.00653052e+03, 3.19353943e+02, 1.01541119e+03, 2.66602356e+02,
    1.02451440e+03, 2.11451111e+02, 1.03432849e+03, 1.53279236e+02 ]
