%YAML:1.0
---
points: [ 6.67406128e+02, 3.27875244e+02, 6.74768188e+02, 2.77558105e+02,
    6.81660461e+02, 2.27850388e+02, 6.89110901e+02, 1.78399963e+02,
    6.95870178e+02, 1.29247604e+02, 7.02742737e+02, 8.04745789e+01,
    7.20334473e+02, 3.37538239e+02, 7.27333313e+02, 2.87838837e+02,
    7.33982666e+02, 2.38648071e+02, 7.40716003e+02, 1.89650833e+02,
    7.47648682e+02, 1.41200104e+02, 7.54187439e+02, 9.27420654e+01,
    7.71531555e+02, 3.46910522e+02, 7.78346924e+02, 2.98008270e+02,
    7.84714905e+02, 2.49374924e+02, 7.91346802e+02, 2.00772873e+02,
    7.97652771e+02, 1.52532669e+02, 8.04200806e+02, 1.04945412e+02,
    8.21885864e+02, 3.56262878e+02, 8.28171753e+02, 3.07870209e+02,
    8.34325195e+02, 2.59544067e+02, 8.40599915e+02, 2.11632462e+02,
    8.47029785e+02, 1.64128998e+02, 8.53139954e+02, 1.16652847e+02,
    8.70597778e+02, 3.65348846e+02, 8.76724915e+02, 3.17396912e+02,
    8.82778564e+02, 2.69765717e+02, 8.88968750e+02, 2.22340057e+02,
    8.94834595e+02, 1.75063995e+02, 9.00933655e+02, 1.28184692e+02,
    9.18412598e+02, 3.73974701e+02, 9.24320251e+02, 3.26566010e+02,
    9.30177673e+02, 2.79326294e+02, 9.35851868e+02, 2.32535202e+02,
    9.41774048e+02, 1.85686172e+02, 9.47479553e+02, 1.39421371e+02,
    9.65436096e+02, 3.82540588e+02, 9.71094971e+02, 3.35525085e+02,
    9.76652588e+02, 2.88713165e+02, 9.82270081e+02, 2.42375992e+02,
    9.87747986e+02, 1.96272415e+02, 9.93470947e+02, 1.50106491e+02,
    1.01124316e+03, 3.91060394e+02, 1.01657153e+03, 3.44482788e+02,
    1.02197919e+03, 2.98099915e+02, 1.02744141e+03, 2.52056274e+02,
    1.03274622e+03, 2.06326050e+02, 1.03813855e+03, 1.60824585e+02 ]
