%YAML:1.0
---
points: [ 8.54223450e+02, 7.05954132e+01, 8.81428040e+02, 1.22074669e+02,
    9.07619873e+02, 1.71929428e+02, 9.33208313e+02, 2.20263535e+02,
    9.57749023e+02, 2.67113678e+02, 9.81918335e+02, 3.12375549e+02,
    8.08771057e+02, 9.88566818e+01, 8.36323120e+02, 1.49301239e+02,
    8.63155762e+02, 1.98357346e+02, 8.88838562e+02, 2.45607864e+02,
    9.14126465e+02, 2.91563385e+02, 9.38430664e+02, 3.36190155e+02,
    7.63784363e+02, 1.26647804e+02, 7.91969299e+02, 1.76197205e+02,
    8.19110535e+02, 2.24184692e+02, 8.45395874e+02, 2.70623596e+02,
    8.70836792e+02, 3.15694611e+02, 8.95559814e+02, 3.59501404e+02,
    7.20275330e+02, 1.53541504e+02, 7.48497009e+02, 2.02186066e+02,
    7.76253723e+02, 2.49366760e+02, 8.02883423e+02, 2.94881592e+02,
    8.28677795e+02, 3.39285248e+02, 8.53729736e+02, 3.82273376e+02,
    6.77288879e+02, 1.79955933e+02, 7.06263123e+02, 2.27564850e+02,
    7.34043884e+02, 2.73756409e+02, 7.61083252e+02, 3.18707886e+02,
    7.87304443e+02, 3.62249939e+02, 8.12610962e+02, 4.04485138e+02,
    6.35426086e+02, 2.05706421e+02, 6.64383972e+02, 2.52393738e+02,
    6.92601807e+02, 2.98100037e+02, 7.20029846e+02, 3.41890045e+02,
    7.46617676e+02, 3.84700012e+02, 7.72382507e+02, 4.26312164e+02,
    5.93951660e+02, 2.30837204e+02, 6.23471863e+02, 2.76824127e+02,
    6.52081177e+02, 3.21402527e+02, 6.79893250e+02, 3.64630096e+02,
    7.06723389e+02, 4.06693420e+02, 7.32839722e+02, 4.47588715e+02,
    5.53456726e+02, 2.55567352e+02, 5.83256714e+02, 3.00557556e+02,
    6.12249756e+02, 3.44476837e+02, 6.40076233e+02, 3.86941864e+02,
    6.67380676e+02, 4.28388123e+02, 6.93697754e+02, 4.68574646e+02 ]
