%YAML:1.0
---
points: [ 9.17955933e+02, 1.34750717e+02, 9.20287231e+02, 1.84671921e+02,
    9.22435974e+02, 2.33235947e+02, 9.24366882e+02, 2.80442535e+02,
    9.26528320e+02, 3.26442261e+02, 9.28483704e+02, 3.71345825e+02,
    8.77433716e+02, 1.33854568e+02, 8.80220337e+02, 1.84759247e+02,
    8.82875305e+02, 2.34421448e+02, 8.85583191e+02, 2.82566589e+02,
    8.88019592e+02, 3.29681274e+02, 8.90538757e+02, 3.75592468e+02,
    8.34393433e+02, 1.32641647e+02, 8.37932739e+02, 1.84883774e+02,
    8.41252319e+02, 2.35596863e+02, 8.44571045e+02, 2.84991425e+02,
    8.47828552e+02, 3.33253754e+02, 8.50669922e+02, 3.79977631e+02,
    7.89640564e+02, 1.31476868e+02, 7.93784180e+02, 1.84861465e+02,
    7.97681763e+02, 2.36813141e+02, 8.01744629e+02, 2.87395081e+02,
    8.05595215e+02, 3.36557281e+02, 8.09113708e+02, 3.84453705e+02,
    7.42690979e+02, 1.30136017e+02, 7.47492432e+02, 1.84974213e+02,
    7.52291443e+02, 2.38206940e+02, 7.56700684e+02, 2.89864197e+02,
    7.61160217e+02, 3.40214478e+02, 7.65550659e+02, 3.88938202e+02,
    6.92806824e+02, 1.28783798e+02, 6.98507080e+02, 1.84777863e+02,
    7.04218750e+02, 2.39496414e+02, 7.09403137e+02, 2.92373718e+02,
    7.14584961e+02, 3.44058594e+02, 7.19586731e+02, 3.94056610e+02,
    6.40387817e+02, 1.27320496e+02, 6.47097717e+02, 1.84803192e+02,
    6.53602234e+02, 2.40598038e+02, 6.59667358e+02, 2.95084900e+02,
    6.65554443e+02, 3.47866180e+02, 6.71351746e+02, 3.99217468e+02,
    5.85239258e+02, 1.25539513e+02, 5.92459229e+02, 1.84676804e+02,
    5.99940247e+02, 2.42011322e+02, 6.06910400e+02, 2.97701019e+02,
    6.13694031e+02, 3.51955750e+02, 6.20476624e+02, 4.04563507e+02 ]
