%YAML:1.0
---
points: [ 5.12516663e+02, 2.52829330e+02, 5.48586243e+02, 2.11319321e+02,
    5.84742554e+02, 1.69566223e+02, 6.20856201e+02, 1.27936096e+02,
    6.57071472e+02, 8.58990250e+01, 6.93195862e+02, 4.39998283e+01,
    5.56061829e+02, 2.86690063e+02, 5.90730957e+02, 2.46701370e+02,
    6.25538086e+02, 2.06648560e+02, 6.60461670e+02, 1.66606140e+02,
    6.95056091e+02, 1.26268036e+02, 7.29857422e+02, 8.57591553e+01,
    5.96310425e+02, 3.18070251e+02, 6.29785645e+02, 2.79512482e+02,
    6.63325317e+02, 2.40970718e+02, 6.96812805e+02, 2.02459030e+02,
    7.30372864e+02, 1.63487991e+02, 7.63816101e+02, 1.24631798e+02,
    6.33893616e+02, 3.47260742e+02, 6.66116577e+02, 3.10104614e+02,
    6.98466553e+02, 2.72876587e+02, 7.30839417e+02, 2.35654770e+02,
    7.63049133e+02, 1.98315048e+02, 7.95486145e+02, 1.60690842e+02,
    6.68609497e+02, 3.74365570e+02, 6.99843994e+02, 3.38524261e+02,
    7.31176331e+02, 3.02642700e+02, 7.62370605e+02, 2.66656586e+02,
    7.93572449e+02, 2.30558914e+02, 8.24883667e+02, 1.94331940e+02,
    7.01224854e+02, 3.99677338e+02, 7.31407837e+02, 3.65033478e+02,
    7.61689575e+02, 3.30442108e+02, 7.91679199e+02, 2.95536804e+02,
    8.22045471e+02, 2.60693909e+02, 8.52275208e+02, 2.25604630e+02,
    7.31603394e+02, 4.23439362e+02, 7.60862549e+02, 3.89812042e+02,
    7.90246277e+02, 3.56452454e+02, 8.19576477e+02, 3.22700867e+02,
    8.48705200e+02, 2.89006927e+02, 8.78140381e+02, 2.55188507e+02,
    7.60086487e+02, 4.45572449e+02, 7.88459961e+02, 4.13048218e+02,
    8.16796936e+02, 3.80495728e+02, 8.45323853e+02, 3.47944946e+02,
    8.73535034e+02, 3.15378204e+02, 9.01971313e+02, 2.82539612e+02 ]
