%YAML:1.0
---
points: [ 5.57532898e+02, 2.69180756e+02, 5.83170349e+02, 2.34610489e+02,
    6.09689758e+02, 1.98317474e+02, 6.37608459e+02, 1.60413818e+02,
    6.66789124e+02, 1.20310822e+02, 6.97530457e+02, 7.82494354e+01,
    6.03737488e+02, 2.93497498e+02, 6.29488647e+02, 2.60469055e+02,
    6.56487061e+02, 2.25752518e+02, 6.84509949e+02, 1.89714279e+02,
    7.13924927e+02, 1.51490952e+02, 7.44652710e+02, 1.11501923e+02,
    6.47231750e+02, 3.16403381e+02, 6.73225586e+02, 2.84697174e+02,
    7.00305359e+02, 2.51660797e+02, 7.28572266e+02, 2.17276733e+02,
    7.58067017e+02, 1.80762466e+02, 7.89053406e+02, 1.42737350e+02,
    6.88578491e+02, 3.37833038e+02, 7.14519348e+02, 3.07624084e+02,
    7.41688416e+02, 2.76123291e+02, 7.69985596e+02, 2.43105240e+02,
    7.99639160e+02, 2.08416336e+02, 8.30607056e+02, 1.72177643e+02,
    7.27397034e+02, 3.58430237e+02, 7.53482971e+02, 3.29402832e+02,
    7.80723816e+02, 2.99042542e+02, 8.09169861e+02, 2.67431732e+02,
    8.38656616e+02, 2.34355194e+02, 8.69700195e+02, 1.99609985e+02,
    7.64135986e+02, 3.77749329e+02, 7.90384644e+02, 3.49760590e+02,
    8.17698547e+02, 3.20769989e+02, 8.46126526e+02, 2.90392883e+02,
    8.75672546e+02, 2.58679871e+02, 9.06480530e+02, 2.25429871e+02,
    7.99399048e+02, 3.96003113e+02, 8.25482788e+02, 3.69189667e+02,
    8.52732544e+02, 3.41329193e+02, 8.81243286e+02, 3.12287323e+02,
    9.10604980e+02, 2.81735291e+02, 9.41563599e+02, 2.50087708e+02,
    8.32441284e+02, 4.13407410e+02, 8.58613342e+02, 3.87468109e+02,
    8.85793762e+02, 3.60574341e+02, 9.14209900e+02, 3.32683258e+02,
    9.43627808e+02, 3.03602905e+02, 9.74387573e+02, 2.73048553e+02 ]
