%YAML:1.0
---
points: [ 7.38671936e+02, 5.87772675e+01, 7.82736694e+02, 9.59182892e+01,
    8.24199158e+02, 1.30920181e+02, 8.62840393e+02, 1.63613998e+02,
    8.99375977e+02, 1.94390198e+02, 9.33666260e+02, 2.23357849e+02,
    7.03915344e+02, 9.89271469e+01, 7.48120178e+02, 1.34044830e+02,
    7.89556885e+02, 1.67005554e+02, 8.28524536e+02, 1.98124313e+02,
    8.65345398e+02, 2.27167252e+02, 8.99872803e+02, 2.54497711e+02,
    6.70741333e+02, 1.37179031e+02, 7.15057373e+02, 1.70171875e+02,
    7.56678467e+02, 2.01397827e+02, 7.95841370e+02, 2.30718079e+02,
    8.32716248e+02, 2.58418579e+02, 8.67499023e+02, 2.84336609e+02,
    6.39090271e+02, 1.73479034e+02, 6.83438660e+02, 2.04707596e+02,
    7.25223206e+02, 2.34313446e+02, 7.64374207e+02, 2.62094330e+02,
    8.01523438e+02, 2.88171600e+02, 8.36383484e+02, 3.12854034e+02,
    6.08768799e+02, 2.08173096e+02, 6.53105042e+02, 2.37723511e+02,
    6.94739380e+02, 2.65553101e+02, 7.34178162e+02, 2.91827576e+02,
    7.71390686e+02, 3.16671844e+02, 8.06495239e+02, 3.40173065e+02,
    5.79760742e+02, 2.41310272e+02, 6.24058044e+02, 2.69263519e+02,
    6.65811523e+02, 2.95726868e+02, 7.05205933e+02, 3.20557495e+02,
    7.42404724e+02, 3.44114746e+02, 7.77676392e+02, 3.66357819e+02,
    5.51823242e+02, 2.72974762e+02, 5.95994141e+02, 2.99514954e+02,
    6.37725647e+02, 3.24638489e+02, 6.77259644e+02, 3.48316528e+02,
    7.14415649e+02, 3.70550842e+02, 7.49865051e+02, 3.91715057e+02,
    5.25155823e+02, 3.03352264e+02, 5.69193542e+02, 3.28429138e+02,
    6.10974060e+02, 3.52154388e+02, 6.50351074e+02, 3.74545563e+02,
    6.87662170e+02, 3.95811462e+02, 7.23059143e+02, 4.15874634e+02 ]
