%YAML:1.0
---
points: [ 9.46402130e+01, 3.57237976e+02, 1.18636032e+02, 3.68584351e+02,
    1.41479233e+02, 3.79616180e+02, 1.63408798e+02, 3.90128204e+02,
    1.84552628e+02, 4.00215271e+02, 2.04886169e+02, 4.09775238e+02,
    8.45022049e+01, 3.81770660e+02, 1.08676170e+02, 3.92763245e+02,
    1.31948364e+02, 4.03311676e+02, 1.54287689e+02, 4.13309143e+02,
    1.75662292e+02, 4.22905396e+02, 1.96364273e+02, 4.32221375e+02,
    7.40516815e+01, 4.06890350e+02, 9.86260529e+01, 4.17394989e+02,
    1.22253548e+02, 4.27401520e+02, 1.44898911e+02, 4.36925781e+02,
    1.66591110e+02, 4.46196228e+02, 1.87571152e+02, 4.54904358e+02,
    6.34780273e+01, 4.32190033e+02, 8.84891129e+01, 4.42194916e+02,
    1.12454643e+02, 4.51625214e+02, 1.35308548e+02, 4.60686432e+02,
    1.57484589e+02, 4.69504761e+02, 1.78629349e+02, 4.77862427e+02,
    5.31069603e+01, 4.57779694e+02, 7.83185196e+01, 4.67224091e+02,
    1.02571365e+02, 4.76287415e+02, 1.25836250e+02, 4.84847900e+02,
    1.48222046e+02, 4.93207031e+02, 1.69616653e+02, 5.01055786e+02,
    4.22518692e+01, 4.83686584e+02, 6.80062485e+01, 4.92638092e+02,
    9.26260605e+01, 5.01185486e+02, 1.16203056e+02, 5.09341583e+02,
    1.38753769e+02, 5.17114746e+02, 1.60645172e+02, 5.24528809e+02,
    3.14844074e+01, 5.10023071e+02, 5.74961586e+01, 5.18341248e+02,
    8.25858765e+01, 5.26340393e+02, 1.06414925e+02, 5.33864136e+02,
    1.29471268e+02, 5.41182312e+02, 1.51551697e+02, 5.48288208e+02,
    2.04711018e+01, 5.36662537e+02, 4.69486465e+01, 5.44438293e+02,
    7.24231110e+01, 5.51705994e+02, 9.65829926e+01, 5.58913147e+02,
    1.19842628e+02, 5.65671082e+02, 1.42333115e+02, 5.72273682e+02 ]
