%YAML:1.0
---
points: [ 2.08408524e+02, 1.78304840e+02, 2.17981689e+02, 1.78980682e+02,
    2.27450195e+02, 1.79567078e+02, 2.36848907e+02, 1.79932709e+02,
    2.46289520e+02, 1.80548065e+02, 2.55813339e+02, 1.81169754e+02,
    2.65239319e+02, 1.81569992e+02, 2.07932693e+02, 1.87848572e+02,
    2.17524094e+02, 1.88417725e+02, 2.27017838e+02, 1.88827240e+02,
    2.36286087e+02, 1.89467621e+02, 2.45803955e+02, 1.89656006e+02,
    2.55349762e+02, 1.90509506e+02, 2.64586578e+02, 1.90945145e+02,
    2.07505737e+02, 1.97220520e+02, 2.16855469e+02, 1.97597458e+02,
    2.26674652e+02, 1.98307922e+02, 2.35864532e+02, 1.98466904e+02,
    2.45356430e+02, 1.99215012e+02, 2.54607132e+02, 1.99812027e+02,
    2.64118683e+02, 2.00593185e+02, 2.07033310e+02, 2.06782944e+02,
    2.16447815e+02, 2.07351608e+02, 2.25970413e+02, 2.07811584e+02,
    2.35373062e+02, 2.08815598e+02, 2.45085693e+02, 2.09207458e+02,
    2.54148972e+02, 2.09233673e+02, 2.63636230e+02, 2.09822098e+02,
    2.06335251e+02, 2.16002304e+02, 2.15988403e+02, 2.16654633e+02,
    2.25410461e+02, 2.17155655e+02, 2.34785629e+02, 2.17810745e+02,
    2.44457199e+02, 2.18226456e+02, 2.53645737e+02, 2.18556519e+02,
    2.63145081e+02, 2.19424820e+02, 2.05799774e+02, 2.25685837e+02,
    2.15529007e+02, 2.25959930e+02, 2.24814087e+02, 2.26440079e+02,
    2.34137070e+02, 2.26931335e+02, 2.43782471e+02, 2.27463043e+02,
    2.53320221e+02, 2.27984055e+02, 2.62655334e+02, 2.28552032e+02,
    2.05352829e+02, 2.35031158e+02, 2.14959396e+02, 2.35515366e+02,
    2.24288116e+02, 2.36110519e+02, 2.34022491e+02, 2.36514038e+02,
    2.43283432e+02, 2.37052429e+02, 2.52705338e+02, 2.37369965e+02,
    2.62163116e+02, 2.38117676e+02, 2.04771942e+02, 2.44558060e+02,
    2.14434036e+02, 2.45025253e+02, 2.23712677e+02, 2.45439178e+02,
    2.33452911e+02, 2.45849899e+02, 2.42774841e+02, 2.46388321e+02,
    2.52228882e+02, 2.47036942e+02, 2.61721497e+02, 2.47390198e+02,
    2.04298523e+02, 2.53887039e+02, 2.13866241e+02, 2.54376724e+02,
    2.23353760e+02, 2.54821518e+02, 2.32799179e+02, 2.55235062e+02,
    2.42349777e+02, 2.55953049e+02, 2.51697128e+02, 2.56307800e+02,
    2.61209595e+02, 2.56948761e+02 ]
