%YAML:1.0
---
points: [ 1.09167627e+03, 5.24321228e+02, 1.11929199e+03, 5.25077209e+02,
    1.14690039e+03, 5.25976013e+02, 1.17455042e+03, 5.26866516e+02,
    1.20217786e+03, 5.27728821e+02, 1.22974561e+03, 5.28631104e+02,
    1.25779382e+03, 5.29480713e+02, 1.09069006e+03, 5.51806396e+02,
    1.11826489e+03, 5.52830750e+02, 1.14587830e+03, 5.53728943e+02,
    1.17367383e+03, 5.54554077e+02, 1.20137695e+03, 5.55443115e+02,
    1.22888184e+03, 5.56361084e+02, 1.25674670e+03, 5.57190369e+02,
    1.08991809e+03, 5.79713196e+02, 1.11746521e+03, 5.80582275e+02,
    1.14501550e+03, 5.81459656e+02, 1.17270508e+03, 5.82196716e+02,
    1.20038660e+03, 5.83222229e+02, 1.22814612e+03, 5.84038818e+02,
    1.25595532e+03, 5.85059509e+02, 1.08902209e+03, 6.07445374e+02,
    1.11665759e+03, 6.08356323e+02, 1.14426733e+03, 6.09040405e+02,
    1.17177246e+03, 6.09834717e+02, 1.19953040e+03, 6.10807861e+02,
    1.22732397e+03, 6.11679565e+02, 1.25519043e+03, 6.12652771e+02,
    1.08811633e+03, 6.35268799e+02, 1.11576636e+03, 6.35903870e+02,
    1.14336292e+03, 6.36750854e+02, 1.17106738e+03, 6.37670715e+02,
    1.19864600e+03, 6.38534363e+02, 1.22653235e+03, 6.39411194e+02,
    1.25441528e+03, 6.40420715e+02, 1.08730273e+03, 6.62913574e+02,
    1.11502710e+03, 6.63854248e+02, 1.14255334e+03, 6.64611755e+02,
    1.17033276e+03, 6.65535034e+02, 1.19783472e+03, 6.66264160e+02,
    1.22583948e+03, 6.67258423e+02, 1.25367566e+03, 6.68103699e+02,
    1.08656506e+03, 6.90987061e+02, 1.11431018e+03, 6.91659241e+02,
    1.14194690e+03, 6.92417419e+02, 1.16955615e+03, 6.93257935e+02,
    1.19721838e+03, 6.94213074e+02, 1.22516345e+03, 6.95084900e+02,
    1.25318774e+03, 6.96066223e+02, 1.08571045e+03, 7.18726257e+02,
    1.11346875e+03, 7.19433533e+02, 1.14121387e+03, 7.20272095e+02,
    1.16881177e+03, 7.21200684e+02, 1.19647827e+03, 7.21953552e+02,
    1.22439661e+03, 7.22750061e+02, 1.25245691e+03, 7.23774048e+02,
    1.08519983e+03, 7.46584229e+02, 1.11263354e+03, 7.47559265e+02,
    1.14036584e+03, 7.48351440e+02, 1.16826331e+03, 7.49091003e+02,
    1.19580249e+03, 7.49785522e+02, 1.22364258e+03, 7.50741516e+02,
    1.25182556e+03, 7.51636719e+02 ]
