%YAML:1.0
---
points: [ 2.35064911e+02, 4.51824837e+01, 2.33910233e+02, 6.47617569e+01,
    2.32746063e+02, 8.42622223e+01, 2.31484787e+02, 1.03810707e+02,
    2.30620132e+02, 1.23313362e+02, 2.29291641e+02, 1.42765808e+02,
    2.27817596e+02, 1.62319916e+02, 2.15803513e+02, 4.41585922e+01,
    2.14739944e+02, 6.35547218e+01, 2.13345352e+02, 8.28745422e+01,
    2.12148575e+02, 1.02675636e+02, 2.11135635e+02, 1.22221741e+02,
    2.09763870e+02, 1.41588531e+02, 2.08644958e+02, 1.60857376e+02,
    1.96365692e+02, 4.28861961e+01, 1.95164780e+02, 6.24451408e+01,
    1.93808319e+02, 8.19220123e+01, 1.92853500e+02, 1.01562027e+02,
    1.91750961e+02, 1.21020004e+02, 1.90403091e+02, 1.40630981e+02,
    1.89343658e+02, 1.59770142e+02, 1.77215393e+02, 4.19451332e+01,
    1.75736984e+02, 6.11985817e+01, 1.74682556e+02, 8.07373657e+01,
    1.73721985e+02, 1.00267662e+02, 1.72231964e+02, 1.19749817e+02,
    1.70984024e+02, 1.39222092e+02, 1.69933960e+02, 1.58654572e+02,
    1.57760254e+02, 4.09082527e+01, 1.56647186e+02, 6.00269661e+01,
    1.55505951e+02, 7.93987503e+01, 1.54246338e+02, 9.87604065e+01,
    1.52800659e+02, 1.18309128e+02, 1.51614441e+02, 1.37793396e+02,
    1.50460098e+02, 1.57258591e+02, 1.38768372e+02, 3.99193077e+01,
    1.37334579e+02, 5.88599510e+01, 1.35973679e+02, 7.82749710e+01,
    1.34755295e+02, 9.76524429e+01, 1.33263718e+02, 1.16775642e+02,
    1.31849380e+02, 1.36369583e+02, 1.30650055e+02, 1.55791763e+02,
    1.19731171e+02, 3.92894669e+01, 1.18170006e+02, 5.78594437e+01,
    1.16746094e+02, 7.72268219e+01, 1.15250534e+02, 9.66803665e+01,
    1.13771271e+02, 1.15749527e+02, 1.12495804e+02, 1.35047821e+02,
    1.10866119e+02, 1.54463135e+02, 1.00985100e+02, 3.86739693e+01,
    9.90526657e+01, 5.76446838e+01, 9.76953125e+01, 7.62890167e+01,
    9.61312180e+01, 9.55377655e+01, 9.46708679e+01, 1.14735977e+02,
    9.30882263e+01, 1.33872833e+02, 9.15177994e+01, 1.53249664e+02,
    8.24573364e+01, 3.82963257e+01, 8.07107010e+01, 5.67423935e+01,
    7.88266830e+01, 7.53361206e+01, 7.71893234e+01, 9.46571655e+01,
    7.57501450e+01, 1.13648323e+02, 7.39280319e+01, 1.32747665e+02,
    7.22739029e+01, 1.52020844e+02 ]
