%YAML:1.0
---
points: [ 7.50607544e+02, 4.30667389e+02, 7.79047241e+02, 4.32556610e+02,
    8.07058350e+02, 4.34190277e+02, 8.34829102e+02, 4.35627045e+02,
    8.62913757e+02, 4.37425964e+02, 8.90619385e+02, 4.38881866e+02,
    9.18460571e+02, 4.40447449e+02, 7.49373718e+02, 4.58703064e+02,
    7.77464600e+02, 4.60448151e+02, 8.05625977e+02, 4.61829468e+02,
    8.33473572e+02, 4.63574768e+02, 8.61359741e+02, 4.65226227e+02,
    8.89324219e+02, 4.66547516e+02, 9.16891785e+02, 4.68234772e+02,
    7.47830322e+02, 4.86520996e+02, 7.76022888e+02, 4.88123291e+02,
    8.04224182e+02, 4.89691315e+02, 8.32063171e+02, 4.91352081e+02,
    8.59908081e+02, 4.92677521e+02, 8.87611755e+02, 4.94406921e+02,
    9.15483887e+02, 4.95948120e+02, 7.46384094e+02, 5.14400208e+02,
    7.74560181e+02, 5.16080566e+02, 8.02588013e+02, 5.17507141e+02,
    8.30510803e+02, 5.19051331e+02, 8.58537781e+02, 5.20545227e+02,
    8.86307922e+02, 5.22134216e+02, 9.13958191e+02, 5.23600098e+02,
    7.44735840e+02, 5.42286255e+02, 7.73134766e+02, 5.43822327e+02,
    8.01296509e+02, 5.45348877e+02, 8.29079041e+02, 5.46658630e+02,
    8.56898499e+02, 5.48407043e+02, 8.84727539e+02, 5.49819824e+02,
    9.12480164e+02, 5.51304260e+02, 7.43420349e+02, 5.70300659e+02,
    7.71520386e+02, 5.71554688e+02, 7.99700256e+02, 5.73130005e+02,
    8.27530640e+02, 5.74627075e+02, 8.55396667e+02, 5.76085693e+02,
    8.83322876e+02, 5.77462524e+02, 9.11079468e+02, 5.79060303e+02,
    7.41706604e+02, 5.97950867e+02, 7.70043274e+02, 5.99403748e+02,
    7.98083801e+02, 6.00799377e+02, 8.26045837e+02, 6.02326172e+02,
    8.53895813e+02, 6.03648926e+02, 8.81667358e+02, 6.05356445e+02,
    9.09499695e+02, 6.06768250e+02, 7.40132263e+02, 6.25733826e+02,
    7.68487732e+02, 6.27350769e+02, 7.96513000e+02, 6.28654541e+02,
    8.24412109e+02, 6.30175171e+02, 8.52457520e+02, 6.31574524e+02,
    8.80295105e+02, 6.33095337e+02, 9.07885925e+02, 6.34501953e+02,
    7.38533630e+02, 6.53752136e+02, 7.66701904e+02, 6.55192688e+02,
    7.94986328e+02, 6.56465942e+02, 8.22779297e+02, 6.57960144e+02,
    8.50670715e+02, 6.59438049e+02, 8.78695496e+02, 6.60817200e+02,
    9.06467163e+02, 6.62361023e+02 ]
