%YAML:1.0
---
points: [ 2.79230103e+02, 2.54690994e+02, 2.69791321e+02, 2.56186981e+02,
    2.60601501e+02, 2.57652985e+02, 2.51208328e+02, 2.58996887e+02,
    2.41887299e+02, 2.60591644e+02, 2.32457184e+02, 2.62274048e+02,
    2.23070160e+02, 2.63716888e+02, 2.77685394e+02, 2.45333481e+02,
    2.68343231e+02, 2.46769058e+02, 2.59111633e+02, 2.48225128e+02,
    2.49734085e+02, 2.49702942e+02, 2.40292206e+02, 2.51322342e+02,
    2.31044479e+02, 2.52850433e+02, 2.21646744e+02, 2.54349625e+02,
    2.76279449e+02, 2.36028351e+02, 2.66854218e+02, 2.37463776e+02,
    2.57567200e+02, 2.38990768e+02, 2.48230392e+02, 2.40549225e+02,
    2.38817505e+02, 2.42015457e+02, 2.29431992e+02, 2.43527420e+02,
    2.20201294e+02, 2.44991837e+02, 2.74663757e+02, 2.26654434e+02,
    2.65434723e+02, 2.28194580e+02, 2.56045471e+02, 2.29699905e+02,
    2.46652359e+02, 2.31399323e+02, 2.37547989e+02, 2.32706757e+02,
    2.27937180e+02, 2.34204895e+02, 2.18630936e+02, 2.35745941e+02,
    2.73296356e+02, 2.17461243e+02, 2.63885315e+02, 2.18785309e+02,
    2.54710083e+02, 2.20270676e+02, 2.45274902e+02, 2.21946609e+02,
    2.36115707e+02, 2.23322449e+02, 2.26529617e+02, 2.24822739e+02,
    2.17034164e+02, 2.26269455e+02, 2.71809540e+02, 2.08250366e+02,
    2.62411255e+02, 2.09652466e+02, 2.53025726e+02, 2.11303772e+02,
    2.44302612e+02, 2.13056473e+02, 2.34679047e+02, 2.14076340e+02,
    2.25167419e+02, 2.15390228e+02, 2.15605270e+02, 2.17143463e+02,
    2.70262329e+02, 1.98830261e+02, 2.60913300e+02, 2.00297333e+02,
    2.51244019e+02, 2.01709412e+02, 2.42370285e+02, 2.02766693e+02,
    2.32965393e+02, 2.04667801e+02, 2.23704071e+02, 2.06023132e+02,
    2.14132629e+02, 2.07844025e+02, 2.68684326e+02, 1.89574081e+02,
    2.59486572e+02, 1.91025635e+02, 2.50122162e+02, 1.92260208e+02,
    2.40662155e+02, 1.93988480e+02, 2.31429367e+02, 1.95233490e+02,
    2.22125717e+02, 1.96749313e+02, 2.12712128e+02, 1.98445068e+02,
    2.67338562e+02, 1.80136749e+02, 2.57914917e+02, 1.81800156e+02,
    2.48626770e+02, 1.83258804e+02, 2.39266235e+02, 1.84670074e+02,
    2.29993088e+02, 1.86235947e+02, 2.20639694e+02, 1.87522308e+02,
    2.11109680e+02, 1.89080627e+02 ]
