%YAML:1.0
---
points: [ 9.59676086e+02, 6.55776184e+02, 9.32353149e+02, 6.60247314e+02,
    9.04758362e+02, 6.64692322e+02, 8.77186096e+02, 6.69285767e+02,
    8.49545227e+02, 6.73587158e+02, 8.21907349e+02, 6.77993896e+02,
    7.94140137e+02, 6.82540161e+02, 9.55277344e+02, 6.28397705e+02,
    9.27836609e+02, 6.32737488e+02, 9.00501892e+02, 6.37193726e+02,
    8.72781860e+02, 6.41523560e+02, 8.45235962e+02, 6.45956665e+02,
    8.17581726e+02, 6.50439819e+02, 7.89739990e+02, 6.55105957e+02,
    9.50820679e+02, 6.00846924e+02, 9.23500549e+02, 6.05284424e+02,
    8.96084412e+02, 6.09541809e+02, 8.68476868e+02, 6.13950623e+02,
    8.40842346e+02, 6.18530884e+02, 8.13237183e+02, 6.23043213e+02,
    7.85482483e+02, 6.27503052e+02, 9.46555420e+02, 5.73442383e+02,
    9.19055054e+02, 5.77740295e+02, 8.91560181e+02, 5.82197632e+02,
    8.64228638e+02, 5.86654541e+02, 8.36604980e+02, 5.91208069e+02,
    8.08721985e+02, 5.95627563e+02, 7.81139038e+02, 6.00108582e+02,
    9.42299194e+02, 5.45946716e+02, 9.14686340e+02, 5.50422791e+02,
    8.87257080e+02, 5.54782837e+02, 8.59659119e+02, 5.59339539e+02,
    8.32349731e+02, 5.63594116e+02, 8.04517700e+02, 5.68027466e+02,
    7.76613892e+02, 5.72489563e+02, 9.37777893e+02, 5.18593445e+02,
    9.10458313e+02, 5.23118896e+02, 8.82831055e+02, 5.27475525e+02,
    8.55250122e+02, 5.31737854e+02, 8.27802795e+02, 5.36102478e+02,
    8.00272156e+02, 5.40456543e+02, 7.72299194e+02, 5.44987976e+02,
    9.33370850e+02, 4.91332916e+02, 9.06036804e+02, 4.95626495e+02,
    8.78522217e+02, 4.99918243e+02, 8.50853882e+02, 5.04311829e+02,
    8.23371521e+02, 5.08601257e+02, 7.95679382e+02, 5.13067322e+02,
    7.67878357e+02, 5.17506531e+02, 9.28916199e+02, 4.63969513e+02,
    9.01550415e+02, 4.68290192e+02, 8.74207092e+02, 4.72498260e+02,
    8.46540344e+02, 4.76886230e+02, 8.18911987e+02, 4.81326843e+02,
    7.91257019e+02, 4.85604279e+02, 7.63463806e+02, 4.89985413e+02,
    9.24547668e+02, 4.36399139e+02, 8.97169250e+02, 4.40636871e+02,
    8.69675476e+02, 4.45150787e+02, 8.42235901e+02, 4.49524170e+02,
    8.14543762e+02, 4.53746338e+02, 7.86665405e+02, 4.58225800e+02,
    7.58987732e+02, 4.62336945e+02 ]
