%YAML:1.0
---
points: [ 1.23426709e+03, 5.12433228e+02, 1.20628699e+03, 5.13462830e+02,
    1.17839062e+03, 5.14567810e+02, 1.15058801e+03, 5.15635681e+02,
    1.12275500e+03, 5.16912903e+02, 1.09529712e+03, 5.17898743e+02,
    1.06759192e+03, 5.19038879e+02, 1.23305640e+03, 4.84618622e+02,
    1.20516541e+03, 4.85802185e+02, 1.17717395e+03, 4.86850922e+02,
    1.14942834e+03, 4.87988556e+02, 1.12182349e+03, 4.89105042e+02,
    1.09422021e+03, 4.90259705e+02, 1.06648877e+03, 4.91420471e+02,
    1.23198547e+03, 4.56868774e+02, 1.20398071e+03, 4.58174713e+02,
    1.17600635e+03, 4.59342712e+02, 1.14845813e+03, 4.60448761e+02,
    1.12063647e+03, 4.61422760e+02, 1.09301660e+03, 4.62485199e+02,
    1.06539966e+03, 4.63576813e+02, 1.23093420e+03, 4.29362030e+02,
    1.20264246e+03, 4.30417328e+02, 1.17500085e+03, 4.31540497e+02,
    1.14738464e+03, 4.32694000e+02, 1.11950305e+03, 4.33611938e+02,
    1.09176794e+03, 4.34773041e+02, 1.06429529e+03, 4.35731415e+02,
    1.22956201e+03, 4.01605194e+02, 1.20168433e+03, 4.02634766e+02,
    1.17379529e+03, 4.03879425e+02, 1.14621118e+03, 4.04865204e+02,
    1.11837305e+03, 4.06150269e+02, 1.09078870e+03, 4.07098083e+02,
    1.06320605e+03, 4.08072662e+02, 1.22862537e+03, 3.73730713e+02,
    1.20064722e+03, 3.75115387e+02, 1.17286377e+03, 3.76192200e+02,
    1.14517163e+03, 3.77185455e+02, 1.11735242e+03, 3.78268524e+02,
    1.08968054e+03, 3.79320404e+02, 1.06198877e+03, 3.80427094e+02,
    1.22762061e+03, 3.45958099e+02, 1.19976550e+03, 3.47225830e+02,
    1.17171423e+03, 3.48385162e+02, 1.14413904e+03, 3.49455994e+02,
    1.11649402e+03, 3.50442200e+02, 1.08874341e+03, 3.51408295e+02,
    1.06087830e+03, 3.52490204e+02, 1.22674182e+03, 3.18226837e+02,
    1.19868530e+03, 3.19253632e+02, 1.17088379e+03, 3.20428986e+02,
    1.14327832e+03, 3.21547211e+02, 1.11547302e+03, 3.22530792e+02,
    1.08757288e+03, 3.23599792e+02, 1.05995068e+03, 3.24459229e+02,
    1.22578357e+03, 2.90280975e+02, 1.19774658e+03, 2.91482147e+02,
    1.16990967e+03, 2.92407898e+02, 1.14228052e+03, 2.93443542e+02,
    1.11444543e+03, 2.94547180e+02, 1.08670764e+03, 2.95565948e+02,
    1.05889197e+03, 2.96573120e+02 ]
