%YAML:1.0
---
points: [ 8.27433472e+01, 5.06565781e+01, 1.01340401e+02, 5.07192841e+01,
    1.20471008e+02, 5.10301895e+01, 1.39581696e+02, 5.16394844e+01,
    1.58783585e+02, 5.22531891e+01, 1.78248703e+02, 5.28365707e+01,
    1.97751343e+02, 5.37330322e+01, 8.13255997e+01, 6.92223358e+01,
    1.00093620e+02, 6.97819901e+01, 1.19378746e+02, 7.02217026e+01,
    1.38681503e+02, 7.07609177e+01, 1.57806396e+02, 7.17265320e+01,
    1.77454468e+02, 7.26205368e+01, 1.96804993e+02, 7.32128067e+01,
    8.01308975e+01, 8.84070740e+01, 9.90401840e+01, 8.87782822e+01,
    1.18381622e+02, 8.96758194e+01, 1.37758926e+02, 9.02925110e+01,
    1.57241669e+02, 9.09602127e+01, 1.76742584e+02, 9.20130844e+01,
    1.96184433e+02, 9.27630463e+01, 7.91864319e+01, 1.07636116e+02,
    9.82858124e+01, 1.08025063e+02, 1.17707619e+02, 1.08860291e+02,
    1.37023773e+02, 1.09770576e+02, 1.56668976e+02, 1.10623734e+02,
    1.75927994e+02, 1.11629570e+02, 1.95608429e+02, 1.12281189e+02,
    7.81918716e+01, 1.26753296e+02, 9.75364532e+01, 1.27570190e+02,
    1.16788567e+02, 1.28438217e+02, 1.36434845e+02, 1.29278900e+02,
    1.55724457e+02, 1.29882843e+02, 1.75206131e+02, 1.31082062e+02,
    1.94648468e+02, 1.31801849e+02, 7.72188187e+01, 1.45927429e+02,
    9.66175690e+01, 1.46759995e+02, 1.15786522e+02, 1.47699203e+02,
    1.35578018e+02, 1.48700226e+02, 1.54841690e+02, 1.49587158e+02,
    1.74449387e+02, 1.50554337e+02, 1.93803146e+02, 1.51204483e+02,
    7.64829865e+01, 1.65401016e+02, 9.57453766e+01, 1.66161957e+02,
    1.15210922e+02, 1.66842422e+02, 1.34754303e+02, 1.68007385e+02,
    1.54252792e+02, 1.68753799e+02, 1.73714859e+02, 1.69747040e+02,
    1.93080063e+02, 1.70697113e+02, 7.56635818e+01, 1.84747482e+02,
    9.48200912e+01, 1.85725372e+02, 1.14538445e+02, 1.86509491e+02,
    1.33908218e+02, 1.87280853e+02, 1.53593277e+02, 1.88187317e+02,
    1.72878769e+02, 1.88880371e+02, 1.92242661e+02, 1.89823715e+02,
    7.47026901e+01, 2.03902618e+02, 9.38072968e+01, 2.04803696e+02,
    1.13565079e+02, 2.05765030e+02, 1.32970764e+02, 2.06679504e+02,
    1.52630173e+02, 2.07665359e+02, 1.71868774e+02, 2.08385925e+02,
    1.91376099e+02, 2.09106583e+02 ]
