%YAML:1.0
---
points: [ 2.08601837e+02, 2.31791153e+02, 1.89367157e+02, 2.32527283e+02,
    1.69900421e+02, 2.33235977e+02, 1.50311722e+02, 2.33910065e+02,
    1.30680634e+02, 2.34657883e+02, 1.11024269e+02, 2.35583511e+02,
    9.11559906e+01, 2.36151688e+02, 2.07794693e+02, 2.12105133e+02,
    1.88556305e+02, 2.13289444e+02, 1.69058121e+02, 2.13904510e+02,
    1.49389618e+02, 2.14631332e+02, 1.29809814e+02, 2.15472168e+02,
    1.09924660e+02, 2.16026077e+02, 9.02023315e+01, 2.16741852e+02,
    2.07269272e+02, 1.93311096e+02, 1.87689163e+02, 1.93774246e+02,
    1.68203827e+02, 1.94606293e+02, 1.48534836e+02, 1.95174530e+02,
    1.28862061e+02, 1.95888550e+02, 1.09100861e+02, 1.96668427e+02,
    8.90815201e+01, 1.97224472e+02, 2.06354996e+02, 1.73896500e+02,
    1.86993057e+02, 1.74500916e+02, 1.67368484e+02, 1.75262741e+02,
    1.47581451e+02, 1.75747269e+02, 1.27932396e+02, 1.76550049e+02,
    1.07966301e+02, 1.77070572e+02, 8.82122192e+01, 1.77738983e+02,
    2.05562225e+02, 1.54319931e+02, 1.85938248e+02, 1.55092056e+02,
    1.66486099e+02, 1.55495987e+02, 1.46598755e+02, 1.56312531e+02,
    1.26868362e+02, 1.56801422e+02, 1.07094223e+02, 1.57612015e+02,
    8.70927811e+01, 1.58036438e+02, 2.04545868e+02, 1.34672638e+02,
    1.85013245e+02, 1.35336960e+02, 1.65333282e+02, 1.35917084e+02,
    1.45585220e+02, 1.36415100e+02, 1.25868019e+02, 1.37181244e+02,
    1.05844208e+02, 1.37648788e+02, 8.61444016e+01, 1.38445663e+02,
    2.03683731e+02, 1.14888550e+02, 1.84070938e+02, 1.15469482e+02,
    1.64406876e+02, 1.16064629e+02, 1.44440399e+02, 1.16672287e+02,
    1.24748161e+02, 1.17317719e+02, 1.04906052e+02, 1.17857422e+02,
    8.49187927e+01, 1.18462532e+02, 2.02788742e+02, 9.50358734e+01,
    1.83127625e+02, 9.55074158e+01, 1.63330780e+02, 9.61817932e+01,
    1.43576874e+02, 9.68989487e+01, 1.23852333e+02, 9.76061630e+01,
    1.03908943e+02, 9.82468491e+01, 8.42487259e+01, 9.88378372e+01,
    2.01845169e+02, 7.48129807e+01, 1.82209091e+02, 7.56003418e+01,
    1.62525345e+02, 7.61223297e+01, 1.42578598e+02, 7.68198929e+01,
    1.22828972e+02, 7.75413208e+01, 1.03160835e+02, 7.85125275e+01,
    8.35147552e+01, 7.90602722e+01 ]
