%YAML:1.0
---
points: [ 3.39860260e+02, 5.15591431e+01, 3.38263763e+02, 7.10515747e+01,
    3.36707062e+02, 9.08381348e+01, 3.34649445e+02, 1.10356987e+02,
    3.32826263e+02, 1.29753464e+02, 3.31269073e+02, 1.48981781e+02,
    3.29693115e+02, 1.68252594e+02, 3.20668732e+02, 4.98720512e+01,
    3.18735596e+02, 6.94167938e+01, 3.17290436e+02, 8.92558441e+01,
    3.15661743e+02, 1.08748428e+02, 3.13754883e+02, 1.28179977e+02,
    3.11841858e+02, 1.47415848e+02, 3.10273804e+02, 1.66751068e+02,
    3.01385193e+02, 4.80143776e+01, 2.99682159e+02, 6.77526398e+01,
    2.97769348e+02, 8.74154968e+01, 2.96240082e+02, 1.06997101e+02,
    2.94748383e+02, 1.26599075e+02, 2.93137238e+02, 1.45809174e+02,
    2.91308929e+02, 1.65271088e+02, 2.81957428e+02, 4.65688438e+01,
    2.80571198e+02, 6.63105011e+01, 2.78601532e+02, 8.58543701e+01,
    2.76810028e+02, 1.05388641e+02, 2.75237549e+02, 1.24954788e+02,
    2.73752075e+02, 1.44332520e+02, 2.72257050e+02, 1.63728302e+02,
    2.62714203e+02, 4.49189110e+01, 2.61173309e+02, 6.47342300e+01,
    2.59680573e+02, 8.42549438e+01, 2.57896881e+02, 1.03797745e+02,
    2.56174866e+02, 1.23388718e+02, 2.54563065e+02, 1.42743500e+02,
    2.52870789e+02, 1.62267090e+02, 2.43330887e+02, 4.32745438e+01,
    2.41757812e+02, 6.31170502e+01, 2.40317108e+02, 8.27276840e+01,
    2.38747879e+02, 1.02297302e+02, 2.37223877e+02, 1.21734444e+02,
    2.35698685e+02, 1.41236771e+02, 2.34123932e+02, 1.60694916e+02,
    2.23813522e+02, 4.16502724e+01, 2.22329102e+02, 6.12595978e+01,
    2.20761169e+02, 8.10571289e+01, 2.19241043e+02, 1.00694969e+02,
    2.17762238e+02, 1.20190613e+02, 2.16270096e+02, 1.39613327e+02,
    2.14746338e+02, 1.58878677e+02, 2.04667236e+02, 3.98107605e+01,
    2.02741776e+02, 5.94614601e+01, 2.01302216e+02, 7.88972092e+01,
    1.99753326e+02, 9.86616135e+01, 1.98275955e+02, 1.18235138e+02,
    1.96738556e+02, 1.37699326e+02, 1.95318573e+02, 1.56860550e+02,
    1.85020493e+02, 3.82020111e+01, 1.83465302e+02, 5.77814331e+01,
    1.81747269e+02, 7.73020782e+01, 1.80278168e+02, 9.67726212e+01,
    1.78763321e+02, 1.16305809e+02, 1.77337524e+02, 1.35784653e+02,
    1.75734131e+02, 1.55208313e+02 ]
