%YAML:1.0
---
points: [ 6.91230896e+02, 5.88531616e+02, 6.33483276e+02, 5.90762390e+02,
    5.75428955e+02, 5.92808044e+02, 5.16896240e+02, 5.95289124e+02,
    4.58399506e+02, 5.97393616e+02, 3.99308838e+02, 5.99526794e+02,
    3.39971252e+02, 6.01730652e+02, 6.88631470e+02, 5.31699402e+02,
    6.30857300e+02, 5.33711365e+02, 5.72740295e+02, 5.35683350e+02,
    5.14231445e+02, 5.37780762e+02, 4.55465332e+02, 5.39748352e+02,
    3.96409515e+02, 5.41936646e+02, 3.36852936e+02, 5.44280457e+02,
    6.86231506e+02, 4.74656342e+02, 6.28325500e+02, 4.76523407e+02,
    5.70060608e+02, 4.78343842e+02, 5.11370911e+02, 4.80417053e+02,
    4.52593689e+02, 4.82206696e+02, 3.93147858e+02, 4.84206146e+02,
    3.33543457e+02, 4.86207336e+02, 6.83606750e+02, 4.17505280e+02,
    6.25545044e+02, 4.19123840e+02, 5.67023926e+02, 4.20832214e+02,
    5.08250824e+02, 4.22682068e+02, 4.49407684e+02, 4.24473572e+02,
    3.90117981e+02, 4.26271973e+02, 3.30315674e+02, 4.28270203e+02,
    6.80617188e+02, 3.59602112e+02, 6.22538879e+02, 3.61376801e+02,
    5.64077393e+02, 3.62957031e+02, 5.05042877e+02, 3.64670044e+02,
    4.46054413e+02, 3.66279785e+02, 3.86514618e+02, 3.67943573e+02,
    3.26693237e+02, 3.69636475e+02, 6.77604248e+02, 3.01514252e+02,
    6.19199951e+02, 3.02966431e+02, 5.60537354e+02, 3.04525055e+02,
    5.01503021e+02, 3.06246521e+02, 4.42555267e+02, 3.07718781e+02,
    3.82776245e+02, 3.09245941e+02, 3.22833313e+02, 3.10857513e+02,
    6.74514221e+02, 2.42621994e+02, 6.16058228e+02, 2.44317169e+02,
    5.57192871e+02, 2.45635559e+02, 4.97922424e+02, 2.47293076e+02,
    4.38940125e+02, 2.48803436e+02, 3.79340790e+02, 2.50333832e+02,
    3.19221161e+02, 2.51610977e+02, 6.71343201e+02, 1.83519516e+02,
    6.12734253e+02, 1.85198410e+02, 5.53810486e+02, 1.86600739e+02,
    4.94695801e+02, 1.88172150e+02, 4.35453766e+02, 1.89653732e+02,
    3.75814453e+02, 1.91279434e+02, 3.15977173e+02, 1.92542709e+02,
    6.68265137e+02, 1.23751534e+02, 6.09498657e+02, 1.25383514e+02,
    5.50403809e+02, 1.27069824e+02, 4.91361115e+02, 1.28590439e+02,
    4.32156738e+02, 1.30050217e+02, 3.72442200e+02, 1.31640411e+02,
    3.12519684e+02, 1.33192551e+02 ]
