%YAML:1.0
---
points: [ 1.27128186e+03, 2.94693176e+02, 1.24345898e+03, 2.96348236e+02,
    1.21579541e+03, 2.97603577e+02, 1.18829260e+03, 2.98963379e+02,
    1.16053638e+03, 3.00471344e+02, 1.13315723e+03, 3.01683563e+02,
    1.10558606e+03, 3.03085815e+02, 1.27038635e+03, 2.66559021e+02,
    1.24256934e+03, 2.68216217e+02, 1.21480811e+03, 2.69587341e+02,
    1.18732983e+03, 2.70880432e+02, 1.15963672e+03, 2.72231842e+02,
    1.13215283e+03, 2.73542389e+02, 1.10448804e+03, 2.74803772e+02,
    1.26958337e+03, 2.38559387e+02, 1.24173755e+03, 2.39853500e+02,
    1.21376758e+03, 2.41395874e+02, 1.18633789e+03, 2.42672028e+02,
    1.15860596e+03, 2.44107468e+02, 1.13102649e+03, 2.45308685e+02,
    1.10334216e+03, 2.46476883e+02, 1.26878137e+03, 2.10078247e+02,
    1.24072168e+03, 2.11680206e+02, 1.21296411e+03, 2.13122070e+02,
    1.18547021e+03, 2.14369965e+02, 1.15761548e+03, 2.15553162e+02,
    1.12974951e+03, 2.16838577e+02, 1.10210388e+03, 2.18161041e+02,
    1.26781689e+03, 1.81763763e+02, 1.23981653e+03, 1.83221634e+02,
    1.21207532e+03, 1.84624130e+02, 1.18443713e+03, 1.85858078e+02,
    1.15649109e+03, 1.87153442e+02, 1.12876929e+03, 1.88293198e+02,
    1.10100574e+03, 1.89496277e+02, 1.26691553e+03, 1.53311935e+02,
    1.23897351e+03, 1.54633545e+02, 1.21125562e+03, 1.55853333e+02,
    1.18343774e+03, 1.57205536e+02, 1.15550232e+03, 1.58480927e+02,
    1.12760461e+03, 1.59617386e+02, 1.09990906e+03, 1.60683578e+02,
    1.26621228e+03, 1.24584846e+02, 1.23818506e+03, 1.25757431e+02,
    1.21039502e+03, 1.27335976e+02, 1.18249231e+03, 1.28471649e+02,
    1.15447070e+03, 1.29539581e+02, 1.12672058e+03, 1.30637970e+02,
    1.09863232e+03, 1.31867584e+02, 1.26535278e+03, 9.57358017e+01,
    1.23738281e+03, 9.72007523e+01, 1.20946362e+03, 9.84354324e+01,
    1.18143933e+03, 9.94674911e+01, 1.15364062e+03, 1.00576714e+02,
    1.12553442e+03, 1.01736092e+02, 1.09763892e+03, 1.02601730e+02,
    1.26451868e+03, 6.68496017e+01, 1.23656396e+03, 6.82456207e+01,
    1.20843469e+03, 6.94356308e+01, 1.18069116e+03, 7.05086594e+01,
    1.15257544e+03, 7.15388107e+01, 1.12456470e+03, 7.24641571e+01,
    1.09653052e+03, 7.35655136e+01 ]
