%YAML:1.0
---
points: [ 2.28598785e+02, 4.86180840e+01, 2.27972839e+02, 6.75608673e+01,
    2.27604080e+02, 8.64235992e+01, 2.26980972e+02, 1.05069298e+02,
    2.26517471e+02, 1.23308655e+02, 2.25792816e+02, 1.41460785e+02,
    2.25798233e+02, 1.59058960e+02, 2.10703995e+02, 4.80074005e+01,
    2.10200424e+02, 6.70223923e+01, 2.09734390e+02, 8.57409592e+01,
    2.09415131e+02, 1.04154182e+02, 2.09106613e+02, 1.22530464e+02,
    2.08602066e+02, 1.40199600e+02, 2.08297363e+02, 1.58173935e+02,
    1.92565994e+02, 4.73712158e+01, 1.92321381e+02, 6.62334976e+01,
    1.92021332e+02, 8.50295639e+01, 1.91803131e+02, 1.03452797e+02,
    1.91468063e+02, 1.21544807e+02, 1.91293076e+02, 1.39546173e+02,
    1.91092987e+02, 1.57308441e+02, 1.74833801e+02, 4.67716713e+01,
    1.74585800e+02, 6.55135422e+01, 1.74338699e+02, 8.42473831e+01,
    1.74213608e+02, 1.02697227e+02, 1.74138489e+02, 1.20804245e+02,
    1.74027634e+02, 1.38853195e+02, 1.73862915e+02, 1.56395355e+02,
    1.56669342e+02, 4.61127701e+01, 1.56692535e+02, 6.48366547e+01,
    1.56659531e+02, 8.34678497e+01, 1.56620377e+02, 1.01850937e+02,
    1.56616180e+02, 1.19976265e+02, 1.56564545e+02, 1.37997040e+02,
    1.56426132e+02, 1.55524155e+02, 1.39113358e+02, 4.55273056e+01,
    1.38849686e+02, 6.41747284e+01, 1.38885040e+02, 8.26864014e+01,
    1.38935577e+02, 1.01121857e+02, 1.39035751e+02, 1.19092659e+02,
    1.39159073e+02, 1.37271545e+02, 1.39154282e+02, 1.54716110e+02,
    1.21151115e+02, 4.53052177e+01, 1.21262993e+02, 6.34306564e+01,
    1.21320671e+02, 8.19213943e+01, 1.21428474e+02, 1.00311417e+02,
    1.21666718e+02, 1.18416191e+02, 1.21677467e+02, 1.36444641e+02,
    1.21693054e+02, 1.53935379e+02, 1.03848427e+02, 4.47703476e+01,
    1.03630478e+02, 6.33356018e+01, 1.03756134e+02, 8.14957886e+01,
    1.03930298e+02, 9.96860504e+01, 1.04130844e+02, 1.17720314e+02,
    1.04394547e+02, 1.35648254e+02, 1.04445137e+02, 1.53188751e+02,
    8.63652649e+01, 4.47844200e+01, 8.65769501e+01, 6.27562065e+01,
    8.65369492e+01, 8.09667816e+01, 8.66660538e+01, 9.91483841e+01,
    8.68420181e+01, 1.17068344e+02, 8.70150223e+01, 1.34791763e+02,
    8.73179398e+01, 1.52533463e+02 ]
