%YAML:1.0
---
points: [ 7.57146729e+02, 4.62078667e+01, 7.56359863e+02, 1.03022804e+02,
    7.55947144e+02, 1.58940155e+02, 7.55373779e+02, 2.13870209e+02,
    7.54783875e+02, 2.67587067e+02, 7.54333435e+02, 3.20731598e+02,
    7.53570984e+02, 3.72891418e+02, 7.03463806e+02, 4.36424484e+01,
    7.03392090e+02, 1.00447502e+02, 7.03330872e+02, 1.56362228e+02,
    7.03258301e+02, 2.11426727e+02, 7.03127930e+02, 2.65341919e+02,
    7.03037415e+02, 3.18419098e+02, 7.02563904e+02, 3.70552887e+02,
    6.50085205e+02, 4.11843109e+01, 6.50313416e+02, 9.77526627e+01,
    6.50667175e+02, 1.53748581e+02, 6.50993042e+02, 2.08679581e+02,
    6.51367554e+02, 2.62531097e+02, 6.51439514e+02, 3.15728485e+02,
    6.51380859e+02, 3.68068390e+02, 5.96732239e+02, 3.89560432e+01,
    5.97369568e+02, 9.54322968e+01, 5.98098999e+02, 1.51182861e+02,
    5.98832642e+02, 2.06310532e+02, 5.99518555e+02, 2.60208893e+02,
    6.00067810e+02, 3.13327118e+02, 6.00351135e+02, 3.65529572e+02,
    5.43268127e+02, 3.64136009e+01, 5.44322327e+02, 9.28378677e+01,
    5.45337708e+02, 1.48701019e+02, 5.46388733e+02, 2.03572891e+02,
    5.47423584e+02, 2.57487457e+02, 5.48272827e+02, 3.10628662e+02,
    5.48637451e+02, 3.63088562e+02, 4.89771790e+02, 3.40902138e+01,
    4.91070801e+02, 9.05040588e+01, 4.92390411e+02, 1.45989029e+02,
    4.93749817e+02, 2.01119827e+02, 4.95063049e+02, 2.54828934e+02,
    4.96084473e+02, 3.08110199e+02, 4.96705383e+02, 3.60491241e+02,
    4.36297913e+02, 3.17365131e+01, 4.37839172e+02, 8.80508041e+01,
    4.39532074e+02, 1.43663940e+02, 4.41101929e+02, 1.98469101e+02,
    4.42743561e+02, 2.52368988e+02, 4.44013794e+02, 3.05600189e+02,
    4.44826599e+02, 3.58057892e+02, 3.83153564e+02, 2.96058655e+01,
    3.85108307e+02, 8.58757324e+01, 3.86764252e+02, 1.41300751e+02,
    3.88928802e+02, 1.96236038e+02, 3.90584320e+02, 2.49820602e+02,
    3.92179047e+02, 3.03169037e+02, 3.93312866e+02, 3.55516571e+02,
    3.29818420e+02, 2.76684818e+01, 3.32192993e+02, 8.35972824e+01,
    3.34329071e+02, 1.39177841e+02, 3.36546722e+02, 1.93601379e+02,
    3.38533905e+02, 2.47501495e+02, 3.40300964e+02, 3.00680206e+02,
    3.41607849e+02, 3.53265167e+02 ]
