%YAML:1.0
---
points: [ 1.21540540e+03, 7.21585266e+02, 1.19513000e+03, 7.24758240e+02,
    1.17455298e+03, 7.28510620e+02, 1.15385449e+03, 7.32118713e+02,
    1.13264197e+03, 7.35749146e+02, 1.11129822e+03, 7.39692505e+02,
    1.08928967e+03, 7.43697876e+02, 1.21427795e+03, 6.95803406e+02,
    1.19394653e+03, 6.98706482e+02, 1.17349402e+03, 7.02045044e+02,
    1.15261438e+03, 7.05381714e+02, 1.13151636e+03, 7.08653931e+02,
    1.10987061e+03, 7.12403931e+02, 1.08768787e+03, 7.15911987e+02,
    1.21331787e+03, 6.70095886e+02, 1.19277686e+03, 6.72626648e+02,
    1.17237097e+03, 6.75622375e+02, 1.15152161e+03, 6.78609497e+02,
    1.13034985e+03, 6.81667603e+02, 1.10857507e+03, 6.85038330e+02,
    1.08647852e+03, 6.88285095e+02, 1.21223511e+03, 6.44240234e+02,
    1.19165894e+03, 6.46607971e+02, 1.17114856e+03, 6.49341553e+02,
    1.15038293e+03, 6.51832642e+02, 1.12903943e+03, 6.54717285e+02,
    1.10744824e+03, 6.57585144e+02, 1.08533948e+03, 6.60537720e+02,
    1.21114453e+03, 6.18356750e+02, 1.19060901e+03, 6.20469238e+02,
    1.16998987e+03, 6.22870667e+02, 1.14923193e+03, 6.25208374e+02,
    1.12777454e+03, 6.27771179e+02, 1.10627661e+03, 6.30199524e+02,
    1.08407507e+03, 6.32916321e+02, 1.21015161e+03, 5.92441345e+02,
    1.18963818e+03, 5.94485535e+02, 1.16918433e+03, 5.96536682e+02,
    1.14831775e+03, 5.98450012e+02, 1.12686804e+03, 6.00671631e+02,
    1.10518079e+03, 6.02817444e+02, 1.08263660e+03, 6.05165222e+02,
    1.20936902e+03, 5.66587402e+02, 1.18886304e+03, 5.68362854e+02,
    1.16834204e+03, 5.70187988e+02, 1.14740833e+03, 5.71790527e+02,
    1.12598120e+03, 5.73687988e+02, 1.10410730e+03, 5.75564819e+02,
    1.08167419e+03, 5.77432617e+02, 1.20836328e+03, 5.40703308e+02,
    1.18803284e+03, 5.42252991e+02, 1.16735852e+03, 5.43670715e+02,
    1.14641028e+03, 5.45159363e+02, 1.12484033e+03, 5.46540833e+02,
    1.10314209e+03, 5.48296814e+02, 1.08073181e+03, 5.49756226e+02,
    1.20753552e+03, 5.14713379e+02, 1.18726367e+03, 5.15969360e+02,
    1.16651294e+03, 5.17264526e+02, 1.14559424e+03, 5.18378845e+02,
    1.12403369e+03, 5.19498474e+02, 1.10214673e+03, 5.20633362e+02,
    1.07968542e+03, 5.21942322e+02 ]
