%YAML:1.0
---
points: [ 3.14723969e+02, 5.04948082e+01, 3.33821045e+02, 5.26490784e+01,
    3.53145264e+02, 5.48634224e+01, 3.72072296e+02, 5.72689781e+01,
    3.91228668e+02, 5.94196320e+01, 4.10073883e+02, 6.19208412e+01,
    4.28772491e+02, 6.42977829e+01, 3.12766541e+02, 7.00156021e+01,
    3.31820221e+02, 7.17861328e+01, 3.50819336e+02, 7.41423950e+01,
    3.70160431e+02, 7.63834229e+01, 3.89287231e+02, 7.85963058e+01,
    4.08350983e+02, 8.07820892e+01, 4.27117340e+02, 8.30654755e+01,
    3.10201630e+02, 8.94964981e+01, 3.29780640e+02, 9.12840729e+01,
    3.49015869e+02, 9.37214890e+01, 3.67988464e+02, 9.54305344e+01,
    3.87297760e+02, 9.77199554e+01, 4.06393463e+02, 9.98052597e+01,
    4.25538757e+02, 1.02053619e+02, 3.08267365e+02, 1.08869652e+02,
    3.27234161e+02, 1.10790085e+02, 3.46775940e+02, 1.13052483e+02,
    3.66143219e+02, 1.14719299e+02, 3.85139465e+02, 1.17037315e+02,
    4.04454987e+02, 1.18908813e+02, 4.23529755e+02, 1.21127708e+02,
    3.06283508e+02, 1.28092636e+02, 3.25369751e+02, 1.30250183e+02,
    3.44304016e+02, 1.32159149e+02, 3.63786407e+02, 1.34293854e+02,
    3.83146332e+02, 1.36117722e+02, 4.02443329e+02, 1.38186295e+02,
    4.21623840e+02, 1.40140900e+02, 3.03869659e+02, 1.47249756e+02,
    3.23236908e+02, 1.49621841e+02, 3.42546722e+02, 1.51253098e+02,
    3.61559998e+02, 1.53562149e+02, 3.80842163e+02, 1.55287216e+02,
    4.00344574e+02, 1.57395813e+02, 4.19754211e+02, 1.59365128e+02,
    3.02181427e+02, 1.66686859e+02, 3.21011017e+02, 1.68489075e+02,
    3.40202789e+02, 1.70749741e+02, 3.59699615e+02, 1.72460266e+02,
    3.78908722e+02, 1.74627960e+02, 3.98282501e+02, 1.76545746e+02,
    4.17881104e+02, 1.78602936e+02, 2.99778992e+02, 1.85686676e+02,
    3.19156036e+02, 1.87715302e+02, 3.38103760e+02, 1.89659134e+02,
    3.57383301e+02, 1.91720367e+02, 3.76752197e+02, 1.93681931e+02,
    3.96226013e+02, 1.95729385e+02, 4.15607513e+02, 1.97742310e+02,
    2.98114807e+02, 2.04692795e+02, 3.16814575e+02, 2.06813385e+02,
    3.36186462e+02, 2.08723785e+02, 3.55503601e+02, 2.10888062e+02,
    3.74674896e+02, 2.12763016e+02, 3.94253784e+02, 2.14939713e+02,
    4.13709473e+02, 2.17017853e+02 ]
