%YAML:1.0
---
points: [ 7.75518555e+02, 1.23523003e+02, 7.81245178e+02, 1.80735870e+02,
    7.86505127e+02, 2.34222260e+02, 7.91495422e+02, 2.84298706e+02,
    7.96188477e+02, 3.30842041e+02, 8.00502991e+02, 3.75125549e+02,
    8.04430359e+02, 4.16637726e+02, 7.17676453e+02, 1.21654678e+02,
    7.25543823e+02, 1.78749115e+02, 7.32842407e+02, 2.32304108e+02,
    7.39442383e+02, 2.82223419e+02, 7.45623840e+02, 3.28822174e+02,
    7.51535095e+02, 3.73127625e+02, 7.56847046e+02, 4.14631165e+02,
    6.60175781e+02, 1.19769867e+02, 6.69866211e+02, 1.76819870e+02,
    6.79069519e+02, 2.30302048e+02, 6.87382751e+02, 2.80407288e+02,
    6.95493408e+02, 3.27081116e+02, 7.02573303e+02, 3.71327881e+02,
    7.09423279e+02, 4.13086639e+02, 6.02772156e+02, 1.17899536e+02,
    6.14467712e+02, 1.74968277e+02, 6.25383789e+02, 2.28412857e+02,
    6.35561584e+02, 2.78291748e+02, 6.44888672e+02, 3.25057098e+02,
    6.53947571e+02, 3.69488190e+02, 6.61955444e+02, 4.11354187e+02,
    5.45386169e+02, 1.16345314e+02, 5.59065674e+02, 1.73169342e+02,
    5.71583374e+02, 2.26368179e+02, 5.83528931e+02, 2.76480469e+02,
    5.94598450e+02, 3.23337921e+02, 6.04858337e+02, 3.67482178e+02,
    6.14312439e+02, 4.09547272e+02, 4.87916046e+02, 1.14712502e+02,
    5.03375427e+02, 1.71607529e+02, 5.17755737e+02, 2.24705353e+02,
    5.31382812e+02, 2.74909088e+02, 5.43926575e+02, 3.21563812e+02,
    5.55595886e+02, 3.66153168e+02, 5.66389404e+02, 4.08289276e+02,
    4.30990387e+02, 1.13658035e+02, 4.48155029e+02, 1.70280258e+02,
    4.64201813e+02, 2.23331360e+02, 4.79367340e+02, 2.73177307e+02,
    4.93397125e+02, 3.19986450e+02, 5.06571106e+02, 3.64520172e+02,
    5.18624695e+02, 4.06753143e+02, 3.74436890e+02, 1.12448570e+02,
    3.93210815e+02, 1.68661438e+02, 4.10852509e+02, 2.21674133e+02,
    4.27493164e+02, 2.71480560e+02, 4.43195496e+02, 3.18381683e+02,
    4.57555359e+02, 3.62709045e+02, 4.70885223e+02, 4.04872467e+02,
    3.17871338e+02, 1.11522728e+02, 3.38287598e+02, 1.67507904e+02,
    3.57513092e+02, 2.20247116e+02, 3.75776917e+02, 2.70130829e+02,
    3.92715546e+02, 3.16846375e+02, 4.08555176e+02, 3.61287628e+02,
    4.23388641e+02, 4.03463043e+02 ]
