%YAML:1.0
---
points: [ 4.26128357e+02, 4.83859711e+01, 4.26144043e+02, 6.69701843e+01,
    4.25841766e+02, 8.59397049e+01, 4.25710388e+02, 1.04823296e+02,
    4.25388336e+02, 1.23971329e+02, 4.25115448e+02, 1.42934662e+02,
    4.24738403e+02, 1.62548889e+02, 4.07929047e+02, 4.70760155e+01,
    4.07657806e+02, 6.59486465e+01, 4.07246246e+02, 8.49048080e+01,
    4.06833710e+02, 1.04254402e+02, 4.06674194e+02, 1.23420746e+02,
    4.06105103e+02, 1.42691177e+02, 4.05724548e+02, 1.61763474e+02,
    3.89060577e+02, 4.60560646e+01, 3.88833649e+02, 6.49306183e+01,
    3.88520508e+02, 8.43570938e+01, 3.87879272e+02, 1.03634766e+02,
    3.87638336e+02, 1.22780388e+02, 3.87067535e+02, 1.41950974e+02,
    3.86611877e+02, 1.61402008e+02, 3.70430176e+02, 4.50592308e+01,
    3.69748016e+02, 6.44383774e+01, 3.69414581e+02, 8.37174377e+01,
    3.68823578e+02, 1.02905571e+02, 3.68356873e+02, 1.22393585e+02,
    3.67817322e+02, 1.41676529e+02, 3.67335724e+02, 1.60839188e+02,
    3.51222443e+02, 4.44226189e+01, 3.50733887e+02, 6.37261429e+01,
    3.50192474e+02, 8.31764374e+01, 3.49700928e+02, 1.02520210e+02,
    3.49126038e+02, 1.21992203e+02, 3.48586609e+02, 1.41134521e+02,
    3.47992859e+02, 1.60465820e+02, 3.32104736e+02, 4.37627373e+01,
    3.31711395e+02, 6.29627037e+01, 3.31090759e+02, 8.25964661e+01,
    3.30604065e+02, 1.02036781e+02, 3.30019104e+02, 1.21477661e+02,
    3.29408875e+02, 1.40748672e+02, 3.28874664e+02, 1.59921448e+02,
    3.12824524e+02, 4.29500885e+01, 3.12579224e+02, 6.23456192e+01,
    3.11835266e+02, 8.20380707e+01, 3.11289642e+02, 1.01365768e+02,
    3.10809479e+02, 1.20916183e+02, 3.10223785e+02, 1.40316467e+02,
    3.09754639e+02, 1.59530807e+02, 2.93811676e+02, 4.21825867e+01,
    2.93108307e+02, 6.17251282e+01, 2.92673462e+02, 8.13282166e+01,
    2.92092834e+02, 1.00824730e+02, 2.91604797e+02, 1.20385178e+02,
    2.90975494e+02, 1.39677277e+02, 2.90603027e+02, 1.58962738e+02,
    2.74386932e+02, 4.16221313e+01, 2.73824493e+02, 6.08756180e+01,
    2.73529816e+02, 8.06019669e+01, 2.72858459e+02, 1.00164162e+02,
    2.72488373e+02, 1.19691170e+02, 2.71879852e+02, 1.39240921e+02,
    2.71527985e+02, 1.58510651e+02 ]
