%YAML:1.0
---
points: [ 1.08086450e+03, 2.56530060e+02, 1.10463135e+03, 2.59979095e+02,
    1.12781445e+03, 2.63163086e+02, 1.15073450e+03, 2.66177734e+02,
    1.17337561e+03, 2.69371033e+02, 1.19545410e+03, 2.72111542e+02,
    1.21730835e+03, 2.75105316e+02, 1.08032886e+03, 2.84963745e+02,
    1.10380762e+03, 2.87804810e+02, 1.12728931e+03, 2.90853302e+02,
    1.14994397e+03, 2.93534668e+02, 1.17246155e+03, 2.96438171e+02,
    1.19463220e+03, 2.98931793e+02, 1.21652698e+03, 3.01583496e+02,
    1.07951611e+03, 3.13151093e+02, 1.10324072e+03, 3.15712921e+02,
    1.12653296e+03, 3.18454803e+02, 1.14936621e+03, 3.20858643e+02,
    1.17167529e+03, 3.23458069e+02, 1.19398987e+03, 3.25678528e+02,
    1.21591785e+03, 3.28196320e+02, 1.07863672e+03, 3.41175568e+02,
    1.10241211e+03, 3.43646790e+02, 1.12567297e+03, 3.45782349e+02,
    1.14860876e+03, 3.48292999e+02, 1.17095959e+03, 3.50339630e+02,
    1.19323877e+03, 3.52424866e+02, 1.21528113e+03, 3.54512573e+02,
    1.07817053e+03, 3.69334656e+02, 1.10178479e+03, 3.71333130e+02,
    1.12503442e+03, 3.73367157e+02, 1.14803589e+03, 3.75411804e+02,
    1.17033240e+03, 3.77265625e+02, 1.19253516e+03, 3.79125336e+02,
    1.21464844e+03, 3.80908875e+02, 1.07770813e+03, 3.97282837e+02,
    1.10140784e+03, 3.98935303e+02, 1.12458923e+03, 4.00699066e+02,
    1.14762708e+03, 4.02483887e+02, 1.16994324e+03, 4.04050476e+02,
    1.19218677e+03, 4.05659790e+02, 1.21434875e+03, 4.07193817e+02,
    1.07718164e+03, 4.25124268e+02, 1.10094470e+03, 4.26550629e+02,
    1.12411731e+03, 4.28164734e+02, 1.14717957e+03, 4.29515106e+02,
    1.16949072e+03, 4.30715546e+02, 1.19166211e+03, 4.32212708e+02,
    1.21378552e+03, 4.33482422e+02, 1.07671240e+03, 4.52959686e+02,
    1.10042236e+03, 4.54292969e+02, 1.12361060e+03, 4.55242767e+02,
    1.14652490e+03, 4.56417236e+02, 1.16906787e+03, 4.57526825e+02,
    1.19121741e+03, 4.58629822e+02, 1.21336560e+03, 4.59624481e+02,
    1.07632971e+03, 4.80703278e+02, 1.10010022e+03, 4.81630768e+02,
    1.12318335e+03, 4.82478760e+02, 1.14616223e+03, 4.83423401e+02,
    1.16866760e+03, 4.84383209e+02, 1.19083789e+03, 4.85157654e+02,
    1.21284509e+03, 4.85890900e+02 ]
