%YAML:1.0
---
points: [ 2.38044891e+02, 7.44965134e+01, 2.38464432e+02, 9.36674652e+01,
    2.38878693e+02, 1.11905357e+02, 2.39285858e+02, 1.28697662e+02,
    2.39748413e+02, 1.44417740e+02, 2.40127289e+02, 1.59475342e+02,
    2.40310287e+02, 1.73580994e+02, 2.18469666e+02, 7.40993805e+01,
    2.19599030e+02, 9.30976944e+01, 2.20654129e+02, 1.11139420e+02,
    2.21691406e+02, 1.28013214e+02, 2.22647720e+02, 1.44037491e+02,
    2.23548233e+02, 1.58751221e+02, 2.24318604e+02, 1.73000824e+02,
    1.99102478e+02, 7.35127258e+01, 2.00723404e+02, 9.25808792e+01,
    2.02521332e+02, 1.10507637e+02, 2.04079010e+02, 1.27417938e+02,
    2.05745056e+02, 1.43291672e+02, 2.06990891e+02, 1.58173447e+02,
    2.08250534e+02, 1.72301178e+02, 1.79625702e+02, 7.29465179e+01,
    1.82141785e+02, 9.21100006e+01, 1.84365311e+02, 1.10042419e+02,
    1.86569260e+02, 1.26916214e+02, 1.88571365e+02, 1.42581543e+02,
    1.90565186e+02, 1.57590652e+02, 1.92248016e+02, 1.71733078e+02,
    1.60272903e+02, 7.25847931e+01, 1.63342758e+02, 9.15622101e+01,
    1.66286652e+02, 1.09347763e+02, 1.69045990e+02, 1.26340714e+02,
    1.71659515e+02, 1.42095642e+02, 1.73976303e+02, 1.57161484e+02,
    1.76167068e+02, 1.71340851e+02, 1.41053009e+02, 7.20363998e+01,
    1.44714539e+02, 9.10956497e+01, 1.48161377e+02, 1.08820663e+02,
    1.51490524e+02, 1.25759819e+02, 1.54575516e+02, 1.41439667e+02,
    1.57529892e+02, 1.56638947e+02, 1.60099426e+02, 1.70809509e+02,
    1.22032799e+02, 7.19781723e+01, 1.26163589e+02, 9.07454758e+01,
    1.30201584e+02, 1.08501160e+02, 1.33914963e+02, 1.25212387e+02,
    1.37576660e+02, 1.41090225e+02, 1.40775665e+02, 1.56031174e+02,
    1.43986771e+02, 1.70361221e+02, 1.03103210e+02, 7.16072922e+01,
    1.07841263e+02, 9.04459381e+01, 1.12274178e+02, 1.08087120e+02,
    1.16655449e+02, 1.24700272e+02, 1.20698891e+02, 1.40600769e+02,
    1.24547417e+02, 1.55569687e+02, 1.28021713e+02, 1.69760956e+02,
    8.44599915e+01, 7.18266907e+01, 8.96461868e+01, 9.03557968e+01,
    9.45768661e+01, 1.07693314e+02, 9.93378677e+01, 1.24500610e+02,
    1.03855423e+02, 1.40101669e+02, 1.08083405e+02, 1.54987228e+02,
    1.11992577e+02, 1.69262299e+02 ]
