%YAML:1.0
---
points: [ 1.09203162e+03, 3.11857204e+01, 1.11718787e+03, 3.85317917e+01,
    1.14175476e+03, 4.56303520e+01, 1.16627417e+03, 5.26385460e+01,
    1.19030847e+03, 5.95876732e+01, 1.21412817e+03, 6.61698532e+01,
    1.23763599e+03, 7.25190125e+01, 1.08879333e+03, 5.93435860e+01,
    1.11375745e+03, 6.63629684e+01, 1.13857666e+03, 7.33046417e+01,
    1.16301038e+03, 8.02743225e+01, 1.18711328e+03, 8.65863571e+01,
    1.21105847e+03, 9.31610718e+01, 1.23448889e+03, 9.93471680e+01,
    1.08546167e+03, 8.74893646e+01, 1.11061060e+03, 9.43429642e+01,
    1.13526990e+03, 1.01125290e+02, 1.15979382e+03, 1.07461899e+02,
    1.18377087e+03, 1.13893242e+02, 1.20773572e+03, 1.20032013e+02,
    1.23153760e+03, 1.26111115e+02, 1.08191992e+03, 1.15620468e+02,
    1.10719287e+03, 1.22308060e+02, 1.13212756e+03, 1.28573334e+02,
    1.15648035e+03, 1.34842438e+02, 1.18064417e+03, 1.41080276e+02,
    1.20453638e+03, 1.46937881e+02, 1.22834290e+03, 1.52662903e+02,
    1.07871313e+03, 1.43827347e+02, 1.10394385e+03, 1.50013275e+02,
    1.12863818e+03, 1.56178406e+02, 1.15342578e+03, 1.62316910e+02,
    1.17740381e+03, 1.68117111e+02, 1.20148840e+03, 1.73816010e+02,
    1.22534204e+03, 1.79532578e+02, 1.07553137e+03, 1.71594208e+02,
    1.10078625e+03, 1.77693970e+02, 1.12571484e+03, 1.83685150e+02,
    1.15013281e+03, 1.89534241e+02, 1.17444458e+03, 1.95264389e+02,
    1.19839368e+03, 2.00796860e+02, 1.22246387e+03, 2.06006851e+02,
    1.07244153e+03, 1.99635178e+02, 1.09756775e+03, 2.05469116e+02,
    1.12250256e+03, 2.11386566e+02, 1.14723193e+03, 2.16855225e+02,
    1.17122168e+03, 2.22393661e+02, 1.19553650e+03, 2.27608795e+02,
    1.21932874e+03, 2.32815216e+02, 1.06938892e+03, 2.27740128e+02,
    1.09448315e+03, 2.33405853e+02, 1.11936218e+03, 2.38671112e+02,
    1.14379688e+03, 2.44254486e+02, 1.16829041e+03, 2.49399673e+02,
    1.19223853e+03, 2.54491974e+02, 1.21637781e+03, 2.59373749e+02,
    1.06610828e+03, 2.55516205e+02, 1.09141687e+03, 2.60852051e+02,
    1.11635193e+03, 2.66209351e+02, 1.14084290e+03, 2.71294067e+02,
    1.16508960e+03, 2.76345123e+02, 1.18936877e+03, 2.81291138e+02,
    1.21323853e+03, 2.86167694e+02 ]
