%YAML:1.0
---
points: [ 4.15705536e+02, 1.53229050e+02, 4.14698853e+02, 1.72600662e+02,
    4.13806152e+02, 1.92012222e+02, 4.13000336e+02, 2.11469498e+02,
    4.12245056e+02, 2.30874146e+02, 4.11574036e+02, 2.49941696e+02,
    4.10854218e+02, 2.69202484e+02, 3.96442108e+02, 1.52665344e+02,
    3.95506042e+02, 1.71930206e+02, 3.94541016e+02, 1.91629578e+02,
    3.93611115e+02, 2.10742661e+02, 3.92959869e+02, 2.29972534e+02,
    3.92235199e+02, 2.49409760e+02, 3.91628418e+02, 2.68722412e+02,
    3.76942596e+02, 1.51841843e+02, 3.76008148e+02, 1.71569168e+02,
    3.75089813e+02, 1.90752838e+02, 3.74461823e+02, 2.09868912e+02,
    3.73666687e+02, 2.29483749e+02, 3.72981171e+02, 2.48718384e+02,
    3.72330444e+02, 2.67889069e+02, 3.57556458e+02, 1.51334839e+02,
    3.56706665e+02, 1.70777939e+02, 3.55863037e+02, 1.90209152e+02,
    3.54995483e+02, 2.09595901e+02, 3.54276154e+02, 2.28733658e+02,
    3.53634308e+02, 2.47919327e+02, 3.53161377e+02, 2.67105560e+02,
    3.38199249e+02, 1.50685287e+02, 3.37223022e+02, 1.70171402e+02,
    3.36499390e+02, 1.89553360e+02, 3.35752869e+02, 2.08754715e+02,
    3.34996552e+02, 2.28106613e+02, 3.34324127e+02, 2.47356873e+02,
    3.33774689e+02, 2.66516388e+02, 3.18896820e+02, 1.50092392e+02,
    3.17931610e+02, 1.69532639e+02, 3.17253815e+02, 1.88828445e+02,
    3.16598785e+02, 2.08149887e+02, 3.15895020e+02, 2.27590012e+02,
    3.15080688e+02, 2.46664749e+02, 3.14553802e+02, 2.65796783e+02,
    2.99699585e+02, 1.49345703e+02, 2.98884460e+02, 1.68881165e+02,
    2.97944580e+02, 1.88306931e+02, 2.97333221e+02, 2.07606049e+02,
    2.96759521e+02, 2.26813553e+02, 2.96172791e+02, 2.45893967e+02,
    2.95587769e+02, 2.65212738e+02, 2.80276520e+02, 1.48785904e+02,
    2.79701050e+02, 1.68343536e+02, 2.78971191e+02, 1.87685074e+02,
    2.78286346e+02, 2.06918015e+02, 2.77609955e+02, 2.25913300e+02,
    2.76868835e+02, 2.45308533e+02, 2.76325439e+02, 2.64657379e+02,
    2.60989655e+02, 1.48200089e+02, 2.60379028e+02, 1.67687943e+02,
    2.59728027e+02, 1.87182678e+02, 2.59117401e+02, 2.06042511e+02,
    2.58329468e+02, 2.25336945e+02, 2.57781219e+02, 2.44703400e+02,
    2.57145996e+02, 2.64084045e+02 ]
