%YAML:1.0
---
points: [ 8.04635010e+02, 7.40979385e+01, 7.98440735e+02, 1.02322060e+02,
    7.91958557e+02, 1.32143784e+02, 7.85204468e+02, 1.63519577e+02,
    7.77885254e+02, 1.96654068e+02, 7.70103455e+02, 2.32033829e+02,
    7.61548157e+02, 2.69333313e+02, 7.55048767e+02, 7.55204620e+01,
    7.47750854e+02, 1.03610962e+02, 7.39540649e+02, 1.33551407e+02,
    7.31379639e+02, 1.65010803e+02, 7.22347168e+02, 1.98133820e+02,
    7.12628113e+02, 2.33175842e+02, 7.02321228e+02, 2.70086700e+02,
    7.06047607e+02, 7.69917831e+01, 6.97013611e+02, 1.04809196e+02,
    6.87526978e+02, 1.34559219e+02, 6.77592407e+02, 1.66106094e+02,
    6.67139038e+02, 1.99135864e+02, 6.55511414e+02, 2.34148819e+02,
    6.43293030e+02, 2.70690552e+02, 6.56960205e+02, 7.86910248e+01,
    6.46705383e+02, 1.06516068e+02, 6.36006226e+02, 1.35951889e+02,
    6.24388733e+02, 1.67303711e+02, 6.12132507e+02, 2.00239639e+02,
    5.98825806e+02, 2.35078064e+02, 5.84410522e+02, 2.71516998e+02,
    6.08230347e+02, 7.97061920e+01, 5.96513306e+02, 1.07709656e+02,
    5.84393250e+02, 1.37340500e+02, 5.71282715e+02, 1.68224838e+02,
    5.57281372e+02, 2.01186691e+02, 5.42101624e+02, 2.35612717e+02,
    5.25703552e+02, 2.71904816e+02, 5.59440613e+02, 8.06872330e+01,
    5.46557251e+02, 1.08452042e+02, 5.32752930e+02, 1.37804092e+02,
    5.18215332e+02, 1.68805481e+02, 5.02451233e+02, 2.01533813e+02,
    4.85579834e+02, 2.35796021e+02, 4.67094910e+02, 2.71867889e+02,
    5.11212036e+02, 8.16467667e+01, 4.96823456e+02, 1.09342857e+02,
    4.81666565e+02, 1.38683868e+02, 4.65397156e+02, 1.69643936e+02,
    4.48078369e+02, 2.02277649e+02, 4.29412445e+02, 2.36279556e+02,
    4.09015594e+02, 2.72217896e+02, 4.63249207e+02, 8.28679733e+01,
    4.47571625e+02, 1.10547806e+02, 4.30930237e+02, 1.39714157e+02,
    4.13428406e+02, 1.70665192e+02, 3.94398529e+02, 2.03053970e+02,
    3.73930695e+02, 2.37277817e+02, 3.51665802e+02, 2.72887665e+02,
    4.15451813e+02, 8.36726456e+01, 3.98416138e+02, 1.11467751e+02,
    3.80602295e+02, 1.40610229e+02, 3.61475525e+02, 1.71430405e+02,
    3.40995697e+02, 2.03671875e+02, 3.18751038e+02, 2.37819107e+02,
    2.94851013e+02, 2.73607697e+02 ]
