%YAML:1.0
---
points: [ 2.42236191e+02, 5.78005791e+01, 2.41329025e+02, 6.71667633e+01,
    2.40163605e+02, 7.71931763e+01, 2.38919113e+02, 8.80319138e+01,
    2.37617859e+02, 9.92379684e+01, 2.36260849e+02, 1.11010574e+02,
    2.34689056e+02, 1.23678505e+02, 2.25685287e+02, 5.83316689e+01,
    2.23999161e+02, 6.77494659e+01, 2.22316681e+02, 7.78749924e+01,
    2.20577026e+02, 8.84874420e+01, 2.18760727e+02, 9.97209854e+01,
    2.16801712e+02, 1.11417168e+02, 2.14647736e+02, 1.24026695e+02,
    2.08712112e+02, 5.91344299e+01, 2.06855087e+02, 6.83234634e+01,
    2.04669815e+02, 7.84276123e+01, 2.02403503e+02, 8.90224991e+01,
    2.00074051e+02, 1.00056114e+02, 1.97384354e+02, 1.12091545e+02,
    1.94570831e+02, 1.24354973e+02, 1.92405365e+02, 5.97917175e+01,
    1.89717789e+02, 6.90900879e+01, 1.87166046e+02, 7.88828888e+01,
    1.84284119e+02, 8.95597229e+01, 1.81258362e+02, 1.00648918e+02,
    1.78191132e+02, 1.12294365e+02, 1.74740387e+02, 1.24754517e+02,
    1.75697983e+02, 6.01782227e+01, 1.72858505e+02, 6.94938736e+01,
    1.69694778e+02, 7.95088120e+01, 1.66412430e+02, 8.98996811e+01,
    1.62852631e+02, 1.01009903e+02, 1.58994949e+02, 1.12647675e+02,
    1.54790878e+02, 1.24995094e+02, 1.59489090e+02, 6.07246170e+01,
    1.55868912e+02, 6.99996109e+01, 1.52373215e+02, 7.96303329e+01,
    1.48346436e+02, 9.03635406e+01, 1.44422775e+02, 1.01367569e+02,
    1.39968704e+02, 1.12798515e+02, 1.35140549e+02, 1.25107704e+02,
    1.42880859e+02, 6.14412613e+01, 1.39278519e+02, 7.05818939e+01,
    1.35044388e+02, 8.02849121e+01, 1.30704391e+02, 9.06009140e+01,
    1.26072365e+02, 1.01561195e+02, 1.20931725e+02, 1.13275146e+02,
    1.15475655e+02, 1.25244827e+02, 1.27149666e+02, 6.17141914e+01,
    1.22651840e+02, 7.09557953e+01, 1.18054283e+02, 8.08092270e+01,
    1.13352005e+02, 9.09904556e+01, 1.08074272e+02, 1.01954224e+02,
    1.02440094e+02, 1.13503830e+02, 9.63895111e+01, 1.25460175e+02,
    1.11035332e+02, 6.22368698e+01, 1.06414406e+02, 7.16358337e+01,
    1.01230667e+02, 8.13994064e+01, 9.59783096e+01, 9.14901810e+01,
    9.01757050e+01, 1.02510406e+02, 8.40736008e+01, 1.13802345e+02,
    7.73420334e+01, 1.25896461e+02 ]
