%YAML:1.0
---
points: [ 2.46083771e+02, 8.16714172e+01, 2.44936478e+02, 9.79760590e+01,
    2.43831192e+02, 1.14304153e+02, 2.42785767e+02, 1.30422882e+02,
    2.41831757e+02, 1.46450867e+02, 2.40849396e+02, 1.62337387e+02,
    2.39866333e+02, 1.78149918e+02, 2.32324097e+02, 7.78419037e+01,
    2.31261459e+02, 9.46955414e+01, 2.30162460e+02, 1.11355530e+02,
    2.29073166e+02, 1.27882187e+02, 2.28100082e+02, 1.44399536e+02,
    2.27199951e+02, 1.60581757e+02, 2.26276840e+02, 1.76859695e+02,
    2.17775726e+02, 7.39825897e+01, 2.16754456e+02, 9.10735855e+01,
    2.15677246e+02, 1.08273308e+02, 2.14631256e+02, 1.25311012e+02,
    2.13676178e+02, 1.42088272e+02, 2.12759949e+02, 1.58790634e+02,
    2.11919250e+02, 1.75505661e+02, 2.02515945e+02, 6.98402786e+01,
    2.01535172e+02, 8.75241089e+01, 2.00443069e+02, 1.05012482e+02,
    1.99408859e+02, 1.22621780e+02, 1.98427002e+02, 1.39765213e+02,
    1.97605789e+02, 1.56916870e+02, 1.96747360e+02, 1.73957581e+02,
    1.86536591e+02, 6.54133682e+01, 1.85397812e+02, 8.34427948e+01,
    1.84438736e+02, 1.01480354e+02, 1.83375641e+02, 1.19497101e+02,
    1.82429703e+02, 1.37254501e+02, 1.81554504e+02, 1.54893723e+02,
    1.80836456e+02, 1.72418747e+02, 1.69650085e+02, 6.08649178e+01,
    1.68580429e+02, 7.94622498e+01, 1.67481567e+02, 9.79105988e+01,
    1.66550323e+02, 1.16220856e+02, 1.65584503e+02, 1.34622345e+02,
    1.64810165e+02, 1.52841827e+02, 1.64063858e+02, 1.70794144e+02,
    1.51757141e+02, 5.59547157e+01, 1.50720566e+02, 7.49802856e+01,
    1.49724884e+02, 9.40902100e+01, 1.48686005e+02, 1.12953941e+02,
    1.47785156e+02, 1.31837708e+02, 1.47004913e+02, 1.50503128e+02,
    1.46201111e+02, 1.68966858e+02, 1.33165039e+02, 5.12793922e+01,
    1.31879623e+02, 7.06950150e+01, 1.30837280e+02, 8.99731903e+01,
    1.29797562e+02, 1.09531517e+02, 1.28964478e+02, 1.28841064e+02,
    1.28009399e+02, 1.48043991e+02, 1.27254066e+02, 1.67155838e+02,
    1.13266457e+02, 4.62066574e+01, 1.12195274e+02, 6.58860168e+01,
    1.10862213e+02, 8.59530411e+01, 1.09938782e+02, 1.05870735e+02,
    1.08907166e+02, 1.25834328e+02, 1.08082710e+02, 1.45553238e+02,
    1.07156357e+02, 1.65283508e+02 ]
