%YAML:1.0
---
points: [ 8.22129150e+02, 1.45347672e+02, 8.19033569e+02, 1.93629242e+02,
    8.16380432e+02, 2.41762711e+02, 8.13487427e+02, 2.89479340e+02,
    8.10981018e+02, 3.36558716e+02, 8.08283447e+02, 3.83522461e+02,
    8.05770813e+02, 4.30149506e+02, 7.78661987e+02, 1.33984100e+02,
    7.75962769e+02, 1.83584412e+02, 7.73273376e+02, 2.33194672e+02,
    7.70503967e+02, 2.81990570e+02, 7.67891663e+02, 3.30338806e+02,
    7.65450867e+02, 3.78479431e+02, 7.63141296e+02, 4.26325073e+02,
    7.33307129e+02, 1.21942444e+02, 7.30496887e+02, 1.72819992e+02,
    7.27841980e+02, 2.23629471e+02, 7.25335205e+02, 2.74073822e+02,
    7.22699463e+02, 3.23673553e+02, 7.20363159e+02, 3.73142151e+02,
    7.18039001e+02, 4.22332733e+02, 6.85118530e+02, 1.09418343e+02,
    6.82510864e+02, 1.61685989e+02, 6.80080505e+02, 2.13809921e+02,
    6.77515564e+02, 2.65572845e+02, 6.75038696e+02, 3.16622284e+02,
    6.72661072e+02, 3.67437653e+02, 6.70495117e+02, 4.17823456e+02,
    6.34450073e+02, 9.60143661e+01, 6.31845703e+02, 1.49924957e+02,
    6.29337585e+02, 2.03438583e+02, 6.27131592e+02, 2.56553131e+02,
    6.24569275e+02, 3.09085663e+02, 6.22445251e+02, 3.61331116e+02,
    6.20358215e+02, 4.13263885e+02, 5.80926453e+02, 8.18504333e+01,
    5.78491150e+02, 1.37369431e+02, 5.75974548e+02, 1.92238434e+02,
    5.73678406e+02, 2.47034119e+02, 5.71338684e+02, 3.01151154e+02,
    5.69361938e+02, 3.54918945e+02, 5.67208069e+02, 4.08224548e+02,
    5.24405884e+02, 6.71947174e+01, 5.21839844e+02, 1.24046906e+02,
    5.19469238e+02, 1.80721802e+02, 5.17189758e+02, 2.37030518e+02,
    5.14832764e+02, 2.92535431e+02, 5.12759766e+02, 3.48122101e+02,
    5.10772797e+02, 4.03120972e+02, 4.64526215e+02, 5.16386871e+01,
    4.62023865e+02, 1.10315239e+02, 4.59626251e+02, 1.68395401e+02,
    4.57305878e+02, 2.26474945e+02, 4.55054352e+02, 2.83624176e+02,
    4.53007599e+02, 3.40659363e+02, 4.50881714e+02, 3.97425537e+02,
    4.01418488e+02, 3.54056511e+01, 3.98574768e+02, 9.55348587e+01,
    3.96330322e+02, 1.55589798e+02, 3.93817078e+02, 2.15202576e+02,
    3.91681610e+02, 2.74382812e+02, 3.89604919e+02, 3.33359314e+02,
    3.87481964e+02, 3.91634796e+02 ]
