%YAML:1.0
---
points: [ 3.24300262e+02, 1.14733803e+02, 3.43652649e+02, 1.17181305e+02,
    3.62662231e+02, 1.18817413e+02, 3.81816864e+02, 1.21218239e+02,
    4.01013855e+02, 1.23212135e+02, 4.20044128e+02, 1.25527611e+02,
    4.39131073e+02, 1.27500389e+02, 3.21853394e+02, 1.34242493e+02,
    3.41245422e+02, 1.36545410e+02, 3.60571594e+02, 1.38221451e+02,
    3.79591949e+02, 1.40550964e+02, 3.98865356e+02, 1.42455872e+02,
    4.18034576e+02, 1.44687149e+02, 4.37057556e+02, 1.46713211e+02,
    3.19916016e+02, 1.53721664e+02, 3.38821014e+02, 1.55571167e+02,
    3.58266083e+02, 1.57723999e+02, 3.77615753e+02, 1.59678146e+02,
    3.96729767e+02, 1.61767914e+02, 4.15945953e+02, 1.63686310e+02,
    4.35069794e+02, 1.66002029e+02, 3.17810272e+02, 1.73051285e+02,
    3.36881500e+02, 1.74709778e+02, 3.55870850e+02, 1.77014923e+02,
    3.75349518e+02, 1.78744568e+02, 3.94467499e+02, 1.80982437e+02,
    4.13803406e+02, 1.83050400e+02, 4.33186768e+02, 1.84945633e+02,
    3.15439850e+02, 1.91770996e+02, 3.34784607e+02, 1.94215790e+02,
    3.53914093e+02, 1.95784698e+02, 3.73054016e+02, 1.98210297e+02,
    3.92441833e+02, 2.00039215e+02, 4.11639801e+02, 2.02102005e+02,
    4.31056458e+02, 2.04291321e+02, 3.13712280e+02, 2.11292664e+02,
    3.32479034e+02, 2.13020660e+02, 3.51785797e+02, 2.15254211e+02,
    3.71121307e+02, 2.17196472e+02, 3.90340424e+02, 2.19273468e+02,
    4.09586578e+02, 2.21279175e+02, 4.28931915e+02, 2.23243210e+02,
    3.11375763e+02, 2.29991028e+02, 3.30728394e+02, 2.32260223e+02,
    3.49798798e+02, 2.34105087e+02, 3.68884155e+02, 2.36275009e+02,
    3.88254944e+02, 2.38390762e+02, 4.07641571e+02, 2.40321106e+02,
    4.26898956e+02, 2.42363358e+02, 3.09693512e+02, 2.49245667e+02,
    3.28487152e+02, 2.51222122e+02, 3.47770538e+02, 2.53256577e+02,
    3.67021393e+02, 2.55335449e+02, 3.86162415e+02, 2.57354706e+02,
    4.05498627e+02, 2.59449615e+02, 4.24767944e+02, 2.61585205e+02,
    3.07386047e+02, 2.68387848e+02, 3.26758667e+02, 2.70274017e+02,
    3.45731415e+02, 2.72614227e+02, 3.64918365e+02, 2.74279053e+02,
    3.84190979e+02, 2.76673981e+02, 4.03434998e+02, 2.78619995e+02,
    4.22649170e+02, 2.80525757e+02 ]
