%YAML:1.0
---
points: [ 1.27112793e+03, 7.05059998e+02, 1.24605420e+03, 7.20179810e+02,
    1.22156982e+03, 7.35402588e+02, 1.19756177e+03, 7.50334106e+02,
    1.17399609e+03, 7.65264099e+02, 1.15066162e+03, 7.79945312e+02,
    1.12785376e+03, 7.94525513e+02, 1.25325964e+03, 6.82355103e+02,
    1.22843689e+03, 6.97783081e+02, 1.20398547e+03, 7.13087708e+02,
    1.18028821e+03, 7.28276978e+02, 1.15660779e+03, 7.43403259e+02,
    1.13355176e+03, 7.58327454e+02, 1.11054333e+03, 7.72813171e+02,
    1.23557007e+03, 6.59719910e+02, 1.21073010e+03, 6.75364685e+02,
    1.18657825e+03, 6.90963013e+02, 1.16269604e+03, 7.06279541e+02,
    1.13934839e+03, 7.21555298e+02, 1.11616431e+03, 7.36593201e+02,
    1.09353687e+03, 7.51509033e+02, 1.21757654e+03, 6.36948486e+02,
    1.19302612e+03, 6.52806519e+02, 1.16877759e+03, 6.68615662e+02,
    1.14530139e+03, 6.84246216e+02, 1.12175366e+03, 6.99607605e+02,
    1.09887317e+03, 7.14912109e+02, 1.07627283e+03, 7.29885925e+02,
    1.19974072e+03, 6.14192627e+02, 1.17530151e+03, 6.30217224e+02,
    1.15126733e+03, 6.46270996e+02, 1.12764539e+03, 6.61992371e+02,
    1.10439917e+03, 6.77599731e+02, 1.08154688e+03, 6.93093567e+02,
    1.05912244e+03, 7.08390930e+02, 1.18185620e+03, 5.91306091e+02,
    1.15752026e+03, 6.07625610e+02, 1.13356799e+03, 6.23845825e+02,
    1.11013782e+03, 6.39851074e+02, 1.08690918e+03, 6.55682312e+02,
    1.06421997e+03, 6.71375671e+02, 1.04178369e+03, 6.86648193e+02,
    1.16400549e+03, 5.68520752e+02, 1.13974011e+03, 5.85168396e+02,
    1.11587524e+03, 6.01524475e+02, 1.09251758e+03, 6.17764893e+02,
    1.06943823e+03, 6.33756226e+02, 1.04673328e+03, 6.49619446e+02,
    1.02439575e+03, 6.65238342e+02, 1.14595410e+03, 5.45554016e+02,
    1.12177905e+03, 5.62441895e+02, 1.09815356e+03, 5.79130005e+02,
    1.07477002e+03, 5.95546021e+02, 1.05179944e+03, 6.11770813e+02,
    1.02923206e+03, 6.27698303e+02, 1.00695642e+03, 6.43506775e+02,
    1.12794678e+03, 5.22528137e+02, 1.10385681e+03, 5.39650208e+02,
    1.08024365e+03, 5.56589233e+02, 1.05709106e+03, 5.73246155e+02,
    1.03418628e+03, 5.89598083e+02, 1.01160541e+03, 6.05721069e+02,
    9.89512817e+02, 6.21656372e+02 ]
