%YAML:1.0
---
points: [ 1.96736038e+02, 1.24347801e+02, 1.95258484e+02, 1.43799240e+02,
    1.93749969e+02, 1.63311646e+02, 1.92287003e+02, 1.82760590e+02,
    1.90763489e+02, 2.02207733e+02, 1.89179291e+02, 2.21670303e+02,
    1.87634415e+02, 2.40779083e+02, 1.77288651e+02, 1.22722382e+02,
    1.75755508e+02, 1.42272461e+02, 1.74306030e+02, 1.61713226e+02,
    1.72751190e+02, 1.81267105e+02, 1.71276382e+02, 2.00766083e+02,
    1.69750366e+02, 2.19842163e+02, 1.68184433e+02, 2.39356110e+02,
    1.57772034e+02, 1.21230751e+02, 1.56291962e+02, 1.40726517e+02,
    1.54738754e+02, 1.60117447e+02, 1.53298904e+02, 1.79748886e+02,
    1.51748672e+02, 1.98857224e+02, 1.50227600e+02, 2.18430023e+02,
    1.48684525e+02, 2.37767258e+02, 1.38382462e+02, 1.19777809e+02,
    1.36804779e+02, 1.39158066e+02, 1.35398636e+02, 1.58765457e+02,
    1.33812775e+02, 1.78043747e+02, 1.32333328e+02, 1.97474426e+02,
    1.30763123e+02, 2.16763092e+02, 1.29236450e+02, 2.36260178e+02,
    1.18854698e+02, 1.18236519e+02, 1.17480087e+02, 1.37804657e+02,
    1.15891632e+02, 1.57059860e+02, 1.14416389e+02, 1.76619202e+02,
    1.12770157e+02, 1.95786713e+02, 1.11273674e+02, 2.15192932e+02,
    1.09705299e+02, 2.34743622e+02, 9.98358078e+01, 1.16727928e+02,
    9.81590118e+01, 1.36058563e+02, 9.66404343e+01, 1.55533661e+02,
    9.48682938e+01, 1.74805237e+02, 9.33912888e+01, 1.94073883e+02,
    9.17710266e+01, 2.13692795e+02, 8.99988785e+01, 2.33019394e+02,
    8.07838287e+01, 1.15323555e+02, 7.90858307e+01, 1.34690674e+02,
    7.76389542e+01, 1.53907059e+02, 7.57700272e+01, 1.73397781e+02,
    7.40160370e+01, 1.92683350e+02, 7.23777771e+01, 2.12006943e+02,
    7.07100220e+01, 2.31637283e+02, 6.19887924e+01, 1.13911514e+02,
    6.02014465e+01, 1.33183105e+02, 5.85374527e+01, 1.52565659e+02,
    5.67868080e+01, 1.71777649e+02, 5.50512009e+01, 1.91083298e+02,
    5.33465958e+01, 2.10635712e+02, 5.15122757e+01, 2.29860046e+02,
    4.36704369e+01, 1.12870934e+02, 4.17691460e+01, 1.31999863e+02,
    3.99064674e+01, 1.51037048e+02, 3.82449493e+01, 1.70553192e+02,
    3.64498024e+01, 1.89688477e+02, 3.47195396e+01, 2.08875671e+02,
    3.29625931e+01, 2.28210419e+02 ]
