%YAML:1.0
---
points: [ 6.98381714e+02, 9.25967560e+01, 6.95296997e+02, 1.50514877e+02,
    6.91933411e+02, 2.08299042e+02, 6.88548279e+02, 2.65527832e+02,
    6.85302124e+02, 3.22394531e+02, 6.81587402e+02, 3.78869812e+02,
    6.77577271e+02, 4.35326935e+02, 6.52854553e+02, 9.72977295e+01,
    6.49715088e+02, 1.54050217e+02, 6.46735413e+02, 2.10482437e+02,
    6.43606262e+02, 2.66526855e+02, 6.40369995e+02, 3.22394440e+02,
    6.36893372e+02, 3.77746307e+02, 6.32919617e+02, 4.32980743e+02,
    6.09200867e+02, 1.01913155e+02, 6.06317627e+02, 1.57283875e+02,
    6.03307800e+02, 2.12611191e+02, 6.00413696e+02, 2.67537476e+02,
    5.97198608e+02, 3.22314484e+02, 5.93496704e+02, 3.76585449e+02,
    5.89681824e+02, 4.30589203e+02, 5.67525818e+02, 1.06499496e+02,
    5.64575439e+02, 1.60620956e+02, 5.61565857e+02, 2.14642731e+02,
    5.58713013e+02, 2.68638367e+02, 5.55567261e+02, 3.22226440e+02,
    5.52233459e+02, 3.75583801e+02, 5.48280640e+02, 4.28573181e+02,
    5.26854797e+02, 1.10530678e+02, 5.24090515e+02, 1.63710938e+02,
    5.21476074e+02, 2.16732849e+02, 5.18458496e+02, 2.69673035e+02,
    5.15508423e+02, 3.22148712e+02, 5.12010864e+02, 3.74420715e+02,
    5.07745850e+02, 4.26487366e+02, 4.87520447e+02, 1.14403351e+02,
    4.84894287e+02, 1.66538696e+02, 4.82115936e+02, 2.18502197e+02,
    4.79365570e+02, 2.70443787e+02, 4.76251953e+02, 3.21827850e+02,
    4.72655182e+02, 3.73173187e+02, 4.68572601e+02, 4.24380280e+02,
    4.49742096e+02, 1.18426605e+02, 4.47247223e+02, 1.69432343e+02,
    4.44499146e+02, 2.20407990e+02, 4.41596954e+02, 2.71245178e+02,
    4.38612396e+02, 3.21762970e+02, 4.35004211e+02, 3.72047699e+02,
    4.30885132e+02, 4.22437531e+02, 4.13562347e+02, 1.22239235e+02,
    4.11215179e+02, 1.72126022e+02, 4.08306152e+02, 2.22295303e+02,
    4.05698700e+02, 2.72160126e+02, 4.02538086e+02, 3.21638275e+02,
    3.99126953e+02, 3.71173645e+02, 3.95139893e+02, 4.20400909e+02,
    3.78524506e+02, 1.25608124e+02, 3.75786072e+02, 1.74846619e+02,
    3.73500580e+02, 2.23840149e+02, 3.70661041e+02, 2.72801025e+02,
    3.67607880e+02, 3.21584045e+02, 3.64296997e+02, 3.70299286e+02,
    3.60207153e+02, 4.18577240e+02 ]
