%YAML:1.0
---
points: [ 1.26572974e+03, 4.46675507e+02, 1.24545264e+03, 4.69336578e+02,
    1.22553748e+03, 4.91476257e+02, 1.20612378e+03, 5.13358765e+02,
    1.18713708e+03, 5.34891479e+02, 1.16836316e+03, 5.56078857e+02,
    1.15001892e+03, 5.76892456e+02, 1.24241455e+03, 4.28501740e+02,
    1.22242639e+03, 4.51303741e+02, 1.20270264e+03, 4.73626678e+02,
    1.18356665e+03, 4.95568085e+02, 1.16460583e+03, 5.17331848e+02,
    1.14615979e+03, 5.38575867e+02, 1.12796777e+03, 5.59563721e+02,
    1.21934192e+03, 4.10324677e+02, 1.19940088e+03, 4.33277832e+02,
    1.17998254e+03, 4.55751068e+02, 1.16106055e+03, 4.77933380e+02,
    1.14230420e+03, 4.99811401e+02, 1.12392114e+03, 5.21274536e+02,
    1.10602295e+03, 5.42412292e+02, 1.19603699e+03, 3.92104187e+02,
    1.17649231e+03, 4.15234070e+02, 1.15726343e+03, 4.37892456e+02,
    1.13847632e+03, 4.60239410e+02, 1.11993762e+03, 4.82240875e+02,
    1.10176941e+03, 5.03834534e+02, 1.08396143e+03, 5.25075623e+02,
    1.17289075e+03, 3.73792633e+02, 1.15351648e+03, 3.97177032e+02,
    1.13457434e+03, 4.20111053e+02, 1.11587012e+03, 4.42518738e+02,
    1.09760889e+03, 4.64604187e+02, 1.07960608e+03, 4.86396210e+02,
    1.06201245e+03, 5.07750214e+02, 1.14974719e+03, 3.55566406e+02,
    1.13062231e+03, 3.79173309e+02, 1.11178381e+03, 4.02259247e+02,
    1.09345154e+03, 4.24833679e+02, 1.07526331e+03, 4.47206726e+02,
    1.05745374e+03, 4.69087708e+02, 1.04004822e+03, 4.90543579e+02,
    1.12669812e+03, 3.37383270e+02, 1.10771594e+03, 3.61120056e+02,
    1.08918164e+03, 3.84457642e+02, 1.07083313e+03, 4.07198944e+02,
    1.05295325e+03, 4.29671173e+02, 1.03538696e+03, 4.51678894e+02,
    1.01805725e+03, 4.73432007e+02, 1.10355481e+03, 3.19071533e+02,
    1.08476709e+03, 3.43039673e+02, 1.06639111e+03, 3.66488403e+02,
    1.04836719e+03, 3.89488739e+02, 1.03055518e+03, 4.12047485e+02,
    1.01321960e+03, 4.34339508e+02, 9.96030029e+02, 4.56119232e+02,
    1.08041589e+03, 3.00695831e+02, 1.06183362e+03, 3.24887177e+02,
    1.04357800e+03, 3.48549164e+02, 1.02571936e+03, 3.71638824e+02,
    1.00824646e+03, 3.94471436e+02, 9.90909180e+02, 4.16753357e+02,
    9.73971313e+02, 4.38751007e+02 ]
