%YAML:1.0
---
points: [ 2.11025772e+02, 6.44208221e+01, 2.09779129e+02, 8.37776718e+01,
    2.08584106e+02, 1.03316422e+02, 2.07294235e+02, 1.22636093e+02,
    2.06078445e+02, 1.41845551e+02, 2.04751053e+02, 1.60993225e+02,
    2.03300003e+02, 1.79929306e+02, 1.94887375e+02, 6.59740143e+01,
    1.93662674e+02, 8.51729279e+01, 1.92503815e+02, 1.04000481e+02,
    1.91328857e+02, 1.23075821e+02, 1.90178101e+02, 1.41901535e+02,
    1.88913544e+02, 1.60431229e+02, 1.87507507e+02, 1.79293365e+02,
    1.79391296e+02, 6.74965439e+01, 1.78231171e+02, 8.61475754e+01,
    1.77130707e+02, 1.04916267e+02, 1.76039948e+02, 1.23295845e+02,
    1.74850647e+02, 1.41742844e+02, 1.73535629e+02, 1.60148499e+02,
    1.72209808e+02, 1.78444748e+02, 1.64672195e+02, 6.91360703e+01,
    1.63466766e+02, 8.72279282e+01, 1.62320297e+02, 1.05456535e+02,
    1.61249969e+02, 1.23777367e+02, 1.60117584e+02, 1.41764893e+02,
    1.58934525e+02, 1.59726425e+02, 1.57575760e+02, 1.77704483e+02,
    1.50256989e+02, 7.05735092e+01, 1.49178955e+02, 8.83693695e+01,
    1.48182785e+02, 1.06193939e+02, 1.47053116e+02, 1.24068291e+02,
    1.45959167e+02, 1.41852875e+02, 1.44688782e+02, 1.59370911e+02,
    1.43245300e+02, 1.76996841e+02, 1.36473007e+02, 7.20598526e+01,
    1.35342575e+02, 8.95471878e+01, 1.34303375e+02, 1.06983131e+02,
    1.33209381e+02, 1.24477257e+02, 1.32167648e+02, 1.41641785e+02,
    1.30891113e+02, 1.59058044e+02, 1.29423096e+02, 1.76344513e+02,
    1.23242599e+02, 7.34507675e+01, 1.22141853e+02, 9.06937332e+01,
    1.21056038e+02, 1.07521706e+02, 1.19924942e+02, 1.24675781e+02,
    1.18840271e+02, 1.41578064e+02, 1.17558617e+02, 1.58686157e+02,
    1.16149101e+02, 1.75651154e+02, 1.10571358e+02, 7.49159241e+01,
    1.09356247e+02, 9.17073059e+01, 1.08398811e+02, 1.08285950e+02,
    1.07341011e+02, 1.25096954e+02, 1.06224525e+02, 1.41743439e+02,
    1.04974197e+02, 1.58468933e+02, 1.03534386e+02, 1.74987381e+02,
    9.82573471e+01, 7.62843170e+01, 9.71433716e+01, 9.27148666e+01,
    9.61039734e+01, 1.09028702e+02, 9.50133972e+01, 1.25456734e+02,
    9.39058228e+01, 1.41636154e+02, 9.26696014e+01, 1.58119980e+02,
    9.12743378e+01, 1.74432541e+02 ]
