%YAML:1.0
---
points: [ 1.26039221e+03, 5.07381012e+02, 1.20475500e+03, 5.10469666e+02,
    1.14948950e+03, 5.13619812e+02, 1.09452112e+03, 5.16787048e+02,
    1.03976550e+03, 5.19893250e+02, 9.85286133e+02, 5.23319580e+02,
    9.30427856e+02, 5.26367310e+02, 1.25804102e+03, 4.52344635e+02,
    1.20235571e+03, 4.55495697e+02, 1.14696313e+03, 4.58929688e+02,
    1.09161572e+03, 4.62123993e+02, 1.03697986e+03, 4.65435638e+02,
    9.81899658e+02, 4.68582153e+02, 9.27301514e+02, 4.71640930e+02,
    1.25555493e+03, 3.96889069e+02, 1.20001648e+03, 4.00443939e+02,
    1.14439062e+03, 4.03679840e+02, 1.08915088e+03, 4.07256683e+02,
    1.03388123e+03, 4.10477081e+02, 9.79015381e+02, 4.13576477e+02,
    9.23915039e+02, 4.16760712e+02, 1.25341687e+03, 3.41301453e+02,
    1.19746582e+03, 3.44768188e+02, 1.14172314e+03, 3.48498413e+02,
    1.08625940e+03, 3.51743896e+02, 1.03118750e+03, 3.55310181e+02,
    9.75713806e+02, 3.58479187e+02, 9.20657837e+02, 3.61534912e+02,
    1.25135095e+03, 2.85111725e+02, 1.19525159e+03, 2.88619965e+02,
    1.13934705e+03, 2.92409515e+02, 1.08352588e+03, 2.96113251e+02,
    1.02827271e+03, 2.99358551e+02, 9.72744019e+02, 3.02638000e+02,
    9.17444946e+02, 3.05585205e+02, 1.24942163e+03, 2.28265930e+02,
    1.19297559e+03, 2.32039124e+02, 1.13698914e+03, 2.35711655e+02,
    1.08080786e+03, 2.39446030e+02, 1.02542908e+03, 2.42740173e+02,
    9.69719055e+02, 2.45946457e+02, 9.13989563e+02, 2.49238617e+02,
    1.24744214e+03, 1.70815491e+02, 1.19082288e+03, 1.74735931e+02,
    1.13437476e+03, 1.78631195e+02, 1.07839587e+03, 1.82258743e+02,
    1.02244641e+03, 1.85739914e+02, 9.66500732e+02, 1.88828201e+02,
    9.10634155e+02, 1.91780991e+02, 1.24532971e+03, 1.13260201e+02,
    1.18861121e+03, 1.17223007e+02, 1.13223376e+03, 1.20791252e+02,
    1.07553870e+03, 1.24625824e+02, 1.01957233e+03, 1.28249207e+02,
    9.63475159e+02, 1.31352402e+02, 9.07267578e+02, 1.34276031e+02,
    1.24340515e+03, 5.48422470e+01, 1.18648499e+03, 5.87758064e+01,
    1.12956323e+03, 6.25964317e+01, 1.07314502e+03, 6.63881683e+01,
    1.01668872e+03, 6.98795624e+01, 9.60267212e+02, 7.29137039e+01,
    9.03642639e+02, 7.58467331e+01 ]
