%YAML:1.0
---
points: [ 6.85921021e+01, 1.70612457e+02, 8.77708893e+01, 1.70901108e+02,
    1.07354813e+02, 1.71710098e+02, 1.26802048e+02, 1.72181137e+02,
    1.46605728e+02, 1.72743469e+02, 1.65998062e+02, 1.73446426e+02,
    1.85690018e+02, 1.73817917e+02, 6.78462067e+01, 1.89839554e+02,
    8.74501724e+01, 1.90657806e+02, 1.06795433e+02, 1.90880203e+02,
    1.26656929e+02, 1.91702423e+02, 1.46105621e+02, 1.92171677e+02,
    1.65714920e+02, 1.92711060e+02, 1.85133926e+02, 1.93333954e+02,
    6.77603378e+01, 2.09389587e+02, 8.68070984e+01, 2.09821869e+02,
    1.06649124e+02, 2.10615479e+02, 1.25974083e+02, 2.10846664e+02,
    1.45707474e+02, 2.11697235e+02, 1.65211288e+02, 2.11887314e+02,
    1.84671738e+02, 2.12749969e+02, 6.76105804e+01, 2.28735199e+02,
    8.67167587e+01, 2.29243561e+02, 1.05956306e+02, 2.29757065e+02,
    1.25744110e+02, 2.30348648e+02, 1.45277924e+02, 2.30823273e+02,
    1.64756363e+02, 2.31556030e+02, 1.84164169e+02, 2.31827484e+02,
    6.69302139e+01, 2.47846176e+02, 8.63083191e+01, 2.48652939e+02,
    1.05710861e+02, 2.48947205e+02, 1.25276436e+02, 2.49707626e+02,
    1.44724670e+02, 2.49922791e+02, 1.64181259e+02, 2.50713303e+02,
    1.83603470e+02, 2.51091461e+02, 6.67453308e+01, 2.67250214e+02,
    8.57535782e+01, 2.67807739e+02, 1.04989288e+02, 2.68513214e+02,
    1.24686508e+02, 2.68792572e+02, 1.43928177e+02, 2.69596985e+02,
    1.63621567e+02, 2.69858246e+02, 1.82817215e+02, 2.70664856e+02,
    6.65138855e+01, 2.86589539e+02, 8.55351562e+01, 2.87113434e+02,
    1.04708145e+02, 2.87747253e+02, 1.23924644e+02, 2.88319672e+02,
    1.43576889e+02, 2.88776245e+02, 1.62807098e+02, 2.89400391e+02,
    1.82318008e+02, 2.89865692e+02, 6.60807266e+01, 3.05691650e+02,
    8.49337463e+01, 3.06545105e+02, 1.04211174e+02, 3.06947113e+02,
    1.23688835e+02, 3.07682129e+02, 1.42800110e+02, 3.08183014e+02,
    1.62295181e+02, 3.08765320e+02, 1.81715683e+02, 3.09454834e+02,
    6.59354782e+01, 3.24775360e+02, 8.47492828e+01, 3.25621765e+02,
    1.03795830e+02, 3.26244476e+02, 1.22926170e+02, 3.26913483e+02,
    1.42304092e+02, 3.27668579e+02, 1.61716110e+02, 3.28225464e+02,
    1.80908051e+02, 3.28863190e+02 ]
