%YAML:1.0
---
points: [ 4.00702301e+02, 2.04328186e+02, 3.81785767e+02, 2.05281265e+02,
    3.62867035e+02, 2.06487976e+02, 3.43970428e+02, 2.07481598e+02,
    3.25294037e+02, 2.08664978e+02, 3.06698456e+02, 2.09690979e+02,
    2.88078430e+02, 2.10761230e+02, 4.00067322e+02, 1.85571396e+02,
    3.81058044e+02, 1.86643906e+02, 3.62093231e+02, 1.87771362e+02,
    3.43232361e+02, 1.88918503e+02, 3.24469391e+02, 1.90141861e+02,
    3.05744781e+02, 1.91124100e+02, 2.87039490e+02, 1.92332703e+02,
    3.99350647e+02, 1.66659683e+02, 3.80387573e+02, 1.67799271e+02,
    3.61349426e+02, 1.69084183e+02, 3.42426514e+02, 1.70242706e+02,
    3.23513733e+02, 1.71414932e+02, 3.04723389e+02, 1.72550415e+02,
    2.86131012e+02, 1.73625870e+02, 3.98601685e+02, 1.47880875e+02,
    3.79558350e+02, 1.49048279e+02, 3.60685394e+02, 1.50301254e+02,
    3.41503113e+02, 1.51430832e+02, 3.22634033e+02, 1.52593689e+02,
    3.03876099e+02, 1.53851807e+02, 2.85112946e+02, 1.54910629e+02,
    3.97941498e+02, 1.28866608e+02, 3.78812683e+02, 1.29952576e+02,
    3.59903717e+02, 1.31167389e+02, 3.40690186e+02, 1.32359741e+02,
    3.21872375e+02, 1.33670151e+02, 3.02984161e+02, 1.34804459e+02,
    2.84204376e+02, 1.35872025e+02, 3.97338409e+02, 1.09652046e+02,
    3.78165955e+02, 1.10815643e+02, 3.59218597e+02, 1.12075386e+02,
    3.40033447e+02, 1.13194778e+02, 3.21228058e+02, 1.14420090e+02,
    3.02061310e+02, 1.15711479e+02, 2.83297516e+02, 1.16722755e+02,
    3.96473450e+02, 9.04441071e+01, 3.77527374e+02, 9.15444412e+01,
    3.58395660e+02, 9.28022614e+01, 3.39325653e+02, 9.38234711e+01,
    3.20301056e+02, 9.51351395e+01, 3.01308319e+02, 9.63627930e+01,
    2.82262543e+02, 9.73361206e+01, 3.95484558e+02, 7.13455963e+01,
    3.76608582e+02, 7.22890015e+01, 3.57629486e+02, 7.33488007e+01,
    3.38406677e+02, 7.46435394e+01, 3.19572662e+02, 7.57555923e+01,
    3.00404358e+02, 7.67921219e+01, 2.81296844e+02, 7.78215714e+01,
    3.94611572e+02, 5.21374626e+01, 3.75839478e+02, 5.28954086e+01,
    3.56816132e+02, 5.41506004e+01, 3.37549469e+02, 5.52143860e+01,
    3.18635681e+02, 5.62541542e+01, 2.99498169e+02, 5.72001724e+01,
    2.80343445e+02, 5.81986122e+01 ]
