%YAML:1.0
---
points: [ 1.30866272e+03, 2.60148712e+02, 1.28604529e+03, 2.83415619e+02,
    1.26420691e+03, 3.06163483e+02, 1.24254480e+03, 3.28209961e+02,
    1.22172498e+03, 3.49926453e+02, 1.20134094e+03, 3.71202301e+02,
    1.18158960e+03, 3.91896545e+02, 1.28658484e+03, 2.40351089e+02,
    1.26436316e+03, 2.63946838e+02, 1.24247070e+03, 2.86885254e+02,
    1.22130859e+03, 3.09292999e+02, 1.20056396e+03, 3.31375732e+02,
    1.18049829e+03, 3.52889008e+02, 1.16076501e+03, 3.73734375e+02,
    1.26453394e+03, 2.20500793e+02, 1.24237976e+03, 2.44347763e+02,
    1.22082800e+03, 2.67658661e+02, 1.19990601e+03, 2.90383209e+02,
    1.17945605e+03, 3.12593719e+02, 1.15947595e+03, 3.34455170e+02,
    1.13994409e+03, 3.55689270e+02, 1.24236035e+03, 2.00457108e+02,
    1.22054810e+03, 2.24640976e+02, 1.19927454e+03, 2.48379883e+02,
    1.17850342e+03, 2.71334717e+02, 1.15820459e+03, 2.93910248e+02,
    1.13837024e+03, 3.16005676e+02, 1.11892932e+03, 3.37468201e+02,
    1.22027441e+03, 1.80359955e+02, 1.19860425e+03, 2.04882736e+02,
    1.17750586e+03, 2.28849854e+02, 1.15692847e+03, 2.52231247e+02,
    1.13681177e+03, 2.75020172e+02, 1.11715796e+03, 2.97368042e+02,
    1.09806567e+03, 3.19181152e+02, 1.19790930e+03, 1.60211411e+02,
    1.17653198e+03, 1.84927292e+02, 1.15563159e+03, 2.09329086e+02,
    1.13532117e+03, 2.32821732e+02, 1.11537854e+03, 2.56131104e+02,
    1.09586597e+03, 2.78718597e+02, 1.07692700e+03, 3.00653381e+02,
    1.17558618e+03, 1.39902267e+02, 1.15436011e+03, 1.65030869e+02,
    1.13371875e+03, 1.89599350e+02, 1.11358728e+03, 2.13591049e+02,
    1.09384485e+03, 2.37063095e+02, 1.07447437e+03, 2.59920807e+02,
    1.05572473e+03, 2.82298035e+02, 1.15300256e+03, 1.19383354e+02,
    1.13207825e+03, 1.44938873e+02, 1.11160352e+03, 1.69698715e+02,
    1.09163831e+03, 1.94091995e+02, 1.07215466e+03, 2.17727341e+02,
    1.05304602e+03, 2.41079926e+02, 1.03447583e+03, 2.63530609e+02,
    1.13046021e+03, 9.88668823e+01, 1.10962085e+03, 1.24600281e+02,
    1.08943066e+03, 1.49849609e+02, 1.06963879e+03, 1.74353943e+02,
    1.05037683e+03, 1.98402557e+02, 1.03142957e+03, 2.21858932e+02,
    1.01310370e+03, 2.44733932e+02 ]
