%YAML:1.0
---
points: [ 1.32018530e+03, 9.89007568e+01, 1.32120349e+03, 1.58651382e+02,
    1.32212988e+03, 2.17835800e+02, 1.32319629e+03, 2.76871155e+02,
    1.32430591e+03, 3.35351501e+02, 1.32556287e+03, 3.93609314e+02,
    1.32705359e+03, 4.51637360e+02, 1.26047620e+03, 1.02664513e+02,
    1.26159082e+03, 1.62148605e+02, 1.26263721e+03, 2.21375153e+02,
    1.26377393e+03, 2.80235687e+02, 1.26487891e+03, 3.38507935e+02,
    1.26630994e+03, 3.96507446e+02, 1.26787646e+03, 4.54255951e+02,
    1.20146631e+03, 1.06454865e+02, 1.20254456e+03, 1.65702789e+02,
    1.20375232e+03, 2.24584183e+02, 1.20520056e+03, 2.83300659e+02,
    1.20640930e+03, 3.41326080e+02, 1.20774988e+03, 3.99045624e+02,
    1.20949182e+03, 4.56452850e+02, 1.14279932e+03, 1.10231712e+02,
    1.14429663e+03, 1.69378540e+02, 1.14555762e+03, 2.28165100e+02,
    1.14707361e+03, 2.86475494e+02, 1.14850256e+03, 3.44248657e+02,
    1.14995532e+03, 4.01621399e+02, 1.15170947e+03, 4.58776642e+02,
    1.08477747e+03, 1.13581177e+02, 1.08639233e+03, 1.72560562e+02,
    1.08780750e+03, 2.31260544e+02, 1.08955505e+03, 2.89456055e+02,
    1.09112402e+03, 3.46712311e+02, 1.09266675e+03, 4.04079865e+02,
    1.09460425e+03, 4.60830597e+02, 1.02724365e+03, 1.16842201e+02,
    1.02881067e+03, 1.75710831e+02, 1.03061853e+03, 2.34313843e+02,
    1.03252051e+03, 2.92169464e+02, 1.03424561e+03, 3.49485687e+02,
    1.03617151e+03, 4.06450439e+02, 1.03804541e+03, 4.63089478e+02,
    9.69852478e+02, 1.20030563e+02, 9.71709229e+02, 1.78705399e+02,
    9.73893372e+02, 2.37165436e+02, 9.75657715e+02, 2.94743622e+02,
    9.77751892e+02, 3.51693481e+02, 9.79640625e+02, 4.08612274e+02,
    9.81552917e+02, 4.65287537e+02, 9.12878784e+02, 1.23217613e+02,
    9.15308777e+02, 1.81674667e+02, 9.17483093e+02, 2.39663239e+02,
    9.19581848e+02, 2.97504059e+02, 9.21665405e+02, 3.54410156e+02,
    9.23757446e+02, 4.10785980e+02, 9.25714294e+02, 4.67198700e+02,
    8.56121033e+02, 1.25733963e+02, 8.58658569e+02, 1.84349121e+02,
    8.61162659e+02, 2.42359406e+02, 8.63594177e+02, 2.99651093e+02,
    8.65730713e+02, 3.56523926e+02, 8.67989380e+02, 4.13104797e+02,
    8.70079956e+02, 4.69322449e+02 ]
