%YAML:1.0
---
points: [ 4.21595245e+02, 6.70460815e+01, 4.22296265e+02, 8.65809555e+01,
    4.23060486e+02, 1.06340988e+02, 4.23519104e+02, 1.26081543e+02,
    4.24125031e+02, 1.45747116e+02, 4.24447845e+02, 1.65354996e+02,
    4.25212494e+02, 1.85163025e+02, 4.02070648e+02, 6.76684799e+01,
    4.02540161e+02, 8.75278854e+01, 4.03117310e+02, 1.07223602e+02,
    4.03641693e+02, 1.26969017e+02, 4.04128082e+02, 1.46622559e+02,
    4.04689728e+02, 1.66221817e+02, 4.05149933e+02, 1.85839996e+02,
    3.82147797e+02, 6.86921234e+01, 3.82824158e+02, 8.83438721e+01,
    3.83272278e+02, 1.08096207e+02, 3.83719543e+02, 1.27916069e+02,
    3.84101257e+02, 1.47544647e+02, 3.84670441e+02, 1.67086182e+02,
    3.85170197e+02, 1.86631882e+02, 3.62347656e+02, 6.96044006e+01,
    3.62946777e+02, 8.93431168e+01, 3.63485382e+02, 1.09117241e+02,
    3.63838470e+02, 1.28858505e+02, 3.64337952e+02, 1.48535675e+02,
    3.64823059e+02, 1.67973434e+02, 3.65349152e+02, 1.87515717e+02,
    3.42796539e+02, 7.06710663e+01, 3.43220306e+02, 9.03916931e+01,
    3.43661713e+02, 1.10187622e+02, 3.44113220e+02, 1.29922638e+02,
    3.44605530e+02, 1.49409195e+02, 3.44992859e+02, 1.68909424e+02,
    3.45718079e+02, 1.88362289e+02, 3.22990967e+02, 7.16874466e+01,
    3.23569061e+02, 9.14612350e+01, 3.24215790e+02, 1.10997238e+02,
    3.24589142e+02, 1.30763474e+02, 3.25051575e+02, 1.50213928e+02,
    3.25675293e+02, 1.69755157e+02, 3.26161896e+02, 1.88988373e+02,
    3.03660431e+02, 7.28379211e+01, 3.04127747e+02, 9.24947433e+01,
    3.04571320e+02, 1.12178490e+02, 3.05107117e+02, 1.31800552e+02,
    3.05707306e+02, 1.51248718e+02, 3.06146698e+02, 1.70584869e+02,
    3.06773590e+02, 1.89699341e+02, 2.84062347e+02, 7.39625015e+01,
    2.84839478e+02, 9.34912796e+01, 2.85316010e+02, 1.13186340e+02,
    2.85936981e+02, 1.32752625e+02, 2.86509674e+02, 1.51994247e+02,
    2.87125732e+02, 1.71353836e+02, 2.87717865e+02, 1.90285019e+02,
    2.64861908e+02, 7.50366821e+01, 2.65541565e+02, 9.45100784e+01,
    2.66099152e+02, 1.14152687e+02, 2.66804993e+02, 1.33631409e+02,
    2.67371490e+02, 1.52973953e+02, 2.68032623e+02, 1.72016403e+02,
    2.68559296e+02, 1.91236603e+02 ]
