%YAML:1.0
---
points: [ 4.26684357e+02, 2.44699860e+02, 4.25551056e+02, 2.63771545e+02,
    4.24522827e+02, 2.82984406e+02, 4.23426483e+02, 3.02350922e+02,
    4.22369965e+02, 3.21713013e+02, 4.21113831e+02, 3.40673920e+02,
    4.19900848e+02, 3.59731201e+02, 4.07475037e+02, 2.43764511e+02,
    4.06403351e+02, 2.62869995e+02, 4.05411835e+02, 2.81997528e+02,
    4.04355225e+02, 3.01540741e+02, 4.03315277e+02, 3.20678772e+02,
    4.02243652e+02, 3.39876923e+02, 4.01089783e+02, 3.58979492e+02,
    3.87921844e+02, 2.42621490e+02, 3.87108795e+02, 2.61739838e+02,
    3.85975220e+02, 2.81124542e+02, 3.85167542e+02, 3.00593933e+02,
    3.84094025e+02, 3.19761597e+02, 3.83188232e+02, 3.38970062e+02,
    3.82327484e+02, 3.58451721e+02, 3.68558044e+02, 2.41695786e+02,
    3.67704010e+02, 2.60816681e+02, 3.66766510e+02, 2.79897339e+02,
    3.65768463e+02, 2.99395721e+02, 3.65037140e+02, 3.18752258e+02,
    3.63900665e+02, 3.38205658e+02, 3.63110748e+02, 3.57752594e+02,
    3.49276794e+02, 2.40609543e+02, 3.48274750e+02, 2.59764679e+02,
    3.47397491e+02, 2.79185822e+02, 3.46462433e+02, 2.98652191e+02,
    3.45751251e+02, 3.17786041e+02, 3.44888611e+02, 3.37147217e+02,
    3.43829773e+02, 3.56762390e+02, 3.30138092e+02, 2.39689575e+02,
    3.29032928e+02, 2.58803558e+02, 3.28264618e+02, 2.77890320e+02,
    3.27449188e+02, 2.97269257e+02, 3.26264618e+02, 3.16759033e+02,
    3.25695404e+02, 3.36261261e+02, 3.24789673e+02, 3.55836487e+02,
    3.10803802e+02, 2.38609421e+02, 3.09998077e+02, 2.57775940e+02,
    3.08891479e+02, 2.77106354e+02, 3.08210388e+02, 2.96431030e+02,
    3.07301147e+02, 3.15834869e+02, 3.06321136e+02, 3.35485626e+02,
    3.05728851e+02, 3.55115387e+02, 2.91781250e+02, 2.37664276e+02,
    2.90797394e+02, 2.56805176e+02, 2.89978577e+02, 2.75886627e+02,
    2.88839935e+02, 2.95224579e+02, 2.88206451e+02, 3.14789825e+02,
    2.87044098e+02, 3.34232056e+02, 2.86339050e+02, 3.54080261e+02,
    2.72748108e+02, 2.36778885e+02, 2.71715790e+02, 2.55792191e+02,
    2.70773621e+02, 2.75059479e+02, 2.69861053e+02, 2.94509186e+02,
    2.68799591e+02, 3.13893677e+02, 2.67995483e+02, 3.33474976e+02,
    2.66832306e+02, 3.53205139e+02 ]
