%YAML:1.0
---
points: [ 1.19570361e+03, 5.27561157e+02, 1.23931641e+03, 5.27615112e+02,
    1.28270361e+03, 5.27630188e+02, 1.32620422e+03, 5.27753235e+02,
    1.36915198e+03, 5.27709045e+02, 1.41184570e+03, 5.27733704e+02,
    1.45460559e+03, 5.27849854e+02, 1.19498718e+03, 5.72377808e+02,
    1.23847620e+03, 5.72272827e+02, 1.28177063e+03, 5.72114868e+02,
    1.32515698e+03, 5.72063171e+02, 1.36815588e+03, 5.71970032e+02,
    1.41109106e+03, 5.71834473e+02, 1.45367310e+03, 5.71713074e+02,
    1.19427466e+03, 6.17168762e+02, 1.23765381e+03, 6.16787781e+02,
    1.28108606e+03, 6.16646729e+02, 1.32437244e+03, 6.16374023e+02,
    1.36723877e+03, 6.16134583e+02, 1.41026086e+03, 6.15880554e+02,
    1.45307019e+03, 6.15783142e+02, 1.19343250e+03, 6.61399109e+02,
    1.23703174e+03, 6.61046082e+02, 1.28043030e+03, 6.60654419e+02,
    1.32354822e+03, 6.60400879e+02, 1.36641064e+03, 6.60024719e+02,
    1.40944507e+03, 6.59718872e+02, 1.45244397e+03, 6.59537903e+02,
    1.19300232e+03, 7.06030029e+02, 1.23651868e+03, 7.05350159e+02,
    1.27980103e+03, 7.04799683e+02, 1.32296130e+03, 7.04380127e+02,
    1.36574231e+03, 7.03886780e+02, 1.40866150e+03, 7.03488464e+02,
    1.45175623e+03, 7.03282288e+02, 1.19259387e+03, 7.50402588e+02,
    1.23621655e+03, 7.49708923e+02, 1.27949438e+03, 7.49093628e+02,
    1.32264490e+03, 7.48542297e+02, 1.36540991e+03, 7.48023621e+02,
    1.40840747e+03, 7.47492554e+02, 1.45142358e+03, 7.46988770e+02,
    1.19233630e+03, 7.94856323e+02, 1.23579236e+03, 7.93817200e+02,
    1.27909229e+03, 7.93192505e+02, 1.32232312e+03, 7.92466797e+02,
    1.36494299e+03, 7.91859009e+02, 1.40783545e+03, 7.91352905e+02,
    1.45079504e+03, 7.90854614e+02, 1.19189941e+03, 8.39101746e+02,
    1.23545093e+03, 8.38238342e+02, 1.27870239e+03, 8.37349976e+02,
    1.32171741e+03, 8.36410217e+02, 1.36449963e+03, 8.35543335e+02,
    1.40730457e+03, 8.34927673e+02, 1.45027576e+03, 8.34436646e+02,
    1.19169507e+03, 8.83571472e+02, 1.23516846e+03, 8.82486206e+02,
    1.27833313e+03, 8.81387024e+02, 1.32138586e+03, 8.80399963e+02,
    1.36408508e+03, 8.79466553e+02, 1.40682019e+03, 8.78527161e+02,
    1.44963867e+03, 8.77799316e+02 ]
