%YAML:1.0
---
points: [ 1.35448877e+03, 1.23274147e+02, 1.35198657e+03, 1.79234985e+02,
    1.34951758e+03, 2.34598038e+02, 1.34742944e+03, 2.89952942e+02,
    1.34531323e+03, 3.44534760e+02, 1.34336646e+03, 3.99089386e+02,
    1.34184473e+03, 4.53347931e+02, 1.31560229e+03, 1.13577164e+02,
    1.31304175e+03, 1.70763290e+02, 1.31051135e+03, 2.28088181e+02,
    1.30836462e+03, 2.84549072e+02, 1.30625366e+03, 3.40528503e+02,
    1.30447205e+03, 3.96452789e+02, 1.30302649e+03, 4.51731720e+02,
    1.27470361e+03, 1.03365364e+02, 1.27233630e+03, 1.62230270e+02,
    1.26975171e+03, 2.20667450e+02, 1.26751318e+03, 2.78936676e+02,
    1.26542004e+03, 3.36328308e+02, 1.26376758e+03, 3.93519531e+02,
    1.26258594e+03, 4.50310547e+02, 1.23154761e+03, 9.28681412e+01,
    1.22940369e+03, 1.53346359e+02, 1.22706653e+03, 2.13443893e+02,
    1.22470142e+03, 2.72941650e+02, 1.22269006e+03, 3.32053650e+02,
    1.22129907e+03, 3.90616974e+02, 1.22009656e+03, 4.48774933e+02,
    1.18667700e+03, 8.13220825e+01, 1.18443311e+03, 1.43804825e+02,
    1.18209058e+03, 2.05479202e+02, 1.18010498e+03, 2.66690125e+02,
    1.17819849e+03, 3.27362457e+02, 1.17653625e+03, 3.87333679e+02,
    1.17572595e+03, 4.46863281e+02, 1.13947803e+03, 6.92440414e+01,
    1.13754028e+03, 1.33374725e+02, 1.13525867e+03, 1.97028320e+02,
    1.13332117e+03, 2.60108002e+02, 1.13153308e+03, 3.22193176e+02,
    1.13027124e+03, 3.83716705e+02, 1.12953955e+03, 4.45219025e+02,
    1.08968823e+03, 5.62700424e+01, 1.08754602e+03, 1.22386131e+02,
    1.08562268e+03, 1.87781143e+02, 1.08381726e+03, 2.52857956e+02,
    1.08230859e+03, 3.16719940e+02, 1.08109387e+03, 3.80361542e+02,
    1.08068689e+03, 4.43285980e+02, 1.03672400e+03, 4.25303001e+01,
    1.03475659e+03, 1.10530960e+02, 1.03321155e+03, 1.78136566e+02,
    1.03147058e+03, 2.45195801e+02, 1.03009680e+03, 3.11077911e+02,
    1.02906909e+03, 3.76286163e+02, 1.02867761e+03, 4.40826172e+02,
    9.80659119e+02, 2.74553299e+01, 9.79109497e+02, 9.79329605e+01,
    9.77433838e+02, 1.67592789e+02, 9.76065674e+02, 2.36752853e+02,
    9.75001099e+02, 3.04543365e+02, 9.74226074e+02, 3.71888245e+02,
    9.73778015e+02, 4.38632538e+02 ]
