%YAML:1.0
---
points: [ 2.71804413e+02, 1.27906548e+02, 2.58655884e+02, 1.42170776e+02,
    2.45394653e+02, 1.56199631e+02, 2.32273804e+02, 1.70493347e+02,
    2.19095886e+02, 1.84466888e+02, 2.05539841e+02, 1.98692932e+02,
    1.92378769e+02, 2.12904221e+02, 2.57694305e+02, 1.14581642e+02,
    2.44491333e+02, 1.28941986e+02, 2.31249268e+02, 1.43045975e+02,
    2.18127274e+02, 1.57177933e+02, 2.04835602e+02, 1.71287643e+02,
    1.91575653e+02, 1.85297379e+02, 1.78223694e+02, 1.99544189e+02,
    2.43621994e+02, 1.01243813e+02, 2.30450455e+02, 1.15499901e+02,
    2.17201447e+02, 1.29680573e+02, 2.03983871e+02, 1.43929443e+02,
    1.90679382e+02, 1.58078461e+02, 1.77262329e+02, 1.72135574e+02,
    1.63797882e+02, 1.86273331e+02, 2.29481613e+02, 8.80711594e+01,
    2.16248138e+02, 1.02186714e+02, 2.03049927e+02, 1.16445824e+02,
    1.89752213e+02, 1.30621918e+02, 1.76412903e+02, 1.44705170e+02,
    1.63141830e+02, 1.58796707e+02, 1.49577057e+02, 1.73025482e+02,
    2.15271545e+02, 7.47141342e+01, 2.02027466e+02, 8.89130096e+01,
    1.88763351e+02, 1.03137100e+02, 1.75503769e+02, 1.17298920e+02,
    1.62158249e+02, 1.31451660e+02, 1.48679581e+02, 1.45491180e+02,
    1.35131439e+02, 1.59613983e+02, 2.01076263e+02, 6.12801628e+01,
    1.87857330e+02, 7.54268112e+01, 1.74523193e+02, 8.96522751e+01,
    1.61217865e+02, 1.03796387e+02, 1.47937408e+02, 1.17931305e+02,
    1.34342056e+02, 1.32055756e+02, 1.20742226e+02, 1.46206863e+02,
    1.86929794e+02, 4.80227776e+01, 1.73663498e+02, 6.22386131e+01,
    1.60246979e+02, 7.63370285e+01, 1.46826782e+02, 9.04951477e+01,
    1.33488342e+02, 1.04697914e+02, 1.20030403e+02, 1.18766640e+02,
    1.06312065e+02, 1.32812149e+02, 1.72832779e+02, 3.51534195e+01,
    1.59590073e+02, 4.90770760e+01, 1.46175720e+02, 6.31569328e+01,
    1.32822403e+02, 7.73084412e+01, 1.19455063e+02, 9.13850327e+01,
    1.05859154e+02, 1.05442093e+02, 9.23257599e+01, 1.19558640e+02,
    1.58983551e+02, 2.22012405e+01, 1.45512329e+02, 3.62590179e+01,
    1.32319855e+02, 5.00744553e+01, 1.18791359e+02, 6.42320251e+01,
    1.05417404e+02, 7.82990112e+01, 9.18841553e+01, 9.22988968e+01,
    7.82791290e+01, 1.06492119e+02 ]
