%YAML:1.0
---
points: [ 4.30081329e+02, 7.56189346e+01, 4.29718597e+02, 9.37915115e+01,
    4.29067902e+02, 1.12454468e+02, 4.28556671e+02, 1.30642990e+02,
    4.27997925e+02, 1.49280197e+02, 4.27467102e+02, 1.67440369e+02,
    4.27023102e+02, 1.86021301e+02, 4.18462097e+02, 7.20654449e+01,
    4.17928284e+02, 9.09690399e+01, 4.17308044e+02, 1.09933876e+02,
    4.16641785e+02, 1.28837616e+02, 4.16094452e+02, 1.47787140e+02,
    4.15415161e+02, 1.66707230e+02, 4.14951691e+02, 1.85331055e+02,
    4.05707672e+02, 6.84479065e+01, 4.05266205e+02, 8.77983551e+01,
    4.04653290e+02, 1.07391296e+02, 4.03968811e+02, 1.26814301e+02,
    4.03376282e+02, 1.46308441e+02, 4.02879822e+02, 1.65684189e+02,
    4.02373962e+02, 1.84945755e+02, 3.92387360e+02, 6.44911804e+01,
    3.91986755e+02, 8.45598679e+01, 3.91349426e+02, 1.04686554e+02,
    3.90613586e+02, 1.24870697e+02, 3.89931610e+02, 1.44712814e+02,
    3.89344025e+02, 1.64601654e+02, 3.88857086e+02, 1.84220749e+02,
    3.78550323e+02, 6.06822929e+01, 3.77922882e+02, 8.11642380e+01,
    3.77214111e+02, 1.01916031e+02, 3.76483398e+02, 1.22510361e+02,
    3.75773224e+02, 1.43120056e+02, 3.75278687e+02, 1.63451035e+02,
    3.74924957e+02, 1.83856293e+02, 3.64010742e+02, 5.64939842e+01,
    3.63198364e+02, 7.77279358e+01, 3.62536499e+02, 9.89905243e+01,
    3.61922028e+02, 1.20151688e+02, 3.61116577e+02, 1.41287399e+02,
    3.60595032e+02, 1.62346664e+02, 3.60288879e+02, 1.83099548e+02,
    3.48283264e+02, 5.19429817e+01, 3.47732880e+02, 7.39543228e+01,
    3.47058472e+02, 9.58580399e+01, 3.46190063e+02, 1.17749718e+02,
    3.45614716e+02, 1.39527023e+02, 3.45020508e+02, 1.61096909e+02,
    3.44713470e+02, 1.82373627e+02, 3.31876251e+02, 4.73232574e+01,
    3.31188599e+02, 7.00412292e+01, 3.30461731e+02, 9.26200027e+01,
    3.29660858e+02, 1.15244057e+02, 3.29024750e+02, 1.37569504e+02,
    3.28583832e+02, 1.59830627e+02, 3.28325592e+02, 1.81703491e+02,
    3.14326263e+02, 4.23391914e+01, 3.13670959e+02, 6.57905350e+01,
    3.12957489e+02, 8.92846222e+01, 3.12212189e+02, 1.12498390e+02,
    3.11685944e+02, 1.35532379e+02, 3.11178650e+02, 1.58396057e+02,
    3.10829926e+02, 1.81043945e+02 ]
