%YAML:1.0
---
points: [ 1.20242017e+03, 1.40417053e+02, 1.24776428e+03, 1.40569733e+02,
    1.29313989e+03, 1.40760315e+02, 1.33879517e+03, 1.41040771e+02,
    1.38453870e+03, 1.41217560e+02, 1.43047302e+03, 1.41399246e+02,
    1.47654700e+03, 1.41672485e+02, 1.19943823e+03, 1.87658585e+02,
    1.24423071e+03, 1.87997482e+02, 1.28939929e+03, 1.88188080e+02,
    1.33447937e+03, 1.88362915e+02, 1.38000671e+03, 1.88529297e+02,
    1.42559546e+03, 1.88758453e+02, 1.47137000e+03, 1.88963745e+02,
    1.19637830e+03, 2.34321167e+02, 1.24078455e+03, 2.34445374e+02,
    1.28550037e+03, 2.34608810e+02, 1.33050220e+03, 2.34792694e+02,
    1.37537073e+03, 2.35171173e+02, 1.42078845e+03, 2.35290466e+02,
    1.46635693e+03, 2.35535919e+02, 1.19337268e+03, 2.79760834e+02,
    1.23749976e+03, 2.80003601e+02, 1.28169653e+03, 2.80274963e+02,
    1.32646790e+03, 2.80493256e+02, 1.37087585e+03, 2.80651703e+02,
    1.41607263e+03, 2.81068573e+02, 1.46116101e+03, 2.81304840e+02,
    1.19064917e+03, 3.24388245e+02, 1.23436328e+03, 3.24532562e+02,
    1.27830566e+03, 3.24904999e+02, 1.32246899e+03, 3.25162170e+02,
    1.36661963e+03, 3.25458344e+02, 1.41140662e+03, 3.25764282e+02,
    1.45634583e+03, 3.26288696e+02, 1.18802295e+03, 3.68130707e+02,
    1.23146155e+03, 3.68475647e+02, 1.27483777e+03, 3.68793457e+02,
    1.31862549e+03, 3.69305817e+02, 1.36259106e+03, 3.69590240e+02,
    1.40684485e+03, 3.70074829e+02, 1.45169922e+03, 3.70465363e+02,
    1.18557690e+03, 4.11218750e+02, 1.22842725e+03, 4.11596252e+02,
    1.27147974e+03, 4.11994690e+02, 1.31502563e+03, 4.12421112e+02,
    1.35859900e+03, 4.12727509e+02, 1.40254944e+03, 4.13292145e+02,
    1.44703870e+03, 4.13807098e+02, 1.18310999e+03, 4.53439026e+02,
    1.22554211e+03, 4.53840149e+02, 1.26839429e+03, 4.54424072e+02,
    1.31144824e+03, 4.54676758e+02, 1.35458667e+03, 4.55307587e+02,
    1.39824182e+03, 4.55789368e+02, 1.44240515e+03, 4.56520905e+02,
    1.18067700e+03, 4.94883575e+02, 1.22279602e+03, 4.95482513e+02,
    1.26519824e+03, 4.96053589e+02, 1.30785400e+03, 4.96547089e+02,
    1.35069592e+03, 4.97332062e+02, 1.39423022e+03, 4.97815002e+02,
    1.43776965e+03, 4.98615234e+02 ]
