%YAML:1.0
---
points: [ 2.20425034e+02, 2.72537975e+01, 2.31224075e+02, 4.33064156e+01,
    2.41771606e+02, 5.97596550e+01, 2.52391571e+02, 7.62141953e+01,
    2.63036560e+02, 9.26218109e+01, 2.73711853e+02, 1.09078934e+02,
    2.84339752e+02, 1.25415001e+02, 2.04240585e+02, 3.76778183e+01,
    2.14853790e+02, 5.40649376e+01, 2.25511093e+02, 7.03658218e+01,
    2.36227463e+02, 8.69792023e+01, 2.46934280e+02, 1.03411255e+02,
    2.57541138e+02, 1.19737099e+02, 2.68167084e+02, 1.36148804e+02,
    1.88013168e+02, 4.83986053e+01, 1.98635223e+02, 6.46441422e+01,
    2.09303940e+02, 8.11840363e+01, 2.20072418e+02, 9.76835938e+01,
    2.30705154e+02, 1.14056145e+02, 2.41345474e+02, 1.30436478e+02,
    2.51999847e+02, 1.46711716e+02, 1.71777328e+02, 5.91517601e+01,
    1.82456055e+02, 7.53666992e+01, 1.93189453e+02, 9.18511047e+01,
    2.03968399e+02, 1.08319672e+02, 2.14616180e+02, 1.24729515e+02,
    2.25259491e+02, 1.41085587e+02, 2.35971329e+02, 1.57347336e+02,
    1.55542511e+02, 6.97041702e+01, 1.66226761e+02, 8.61173096e+01,
    1.76989639e+02, 1.02453026e+02, 1.87756119e+02, 1.18901100e+02,
    1.98451599e+02, 1.35243179e+02, 2.09177811e+02, 1.51646225e+02,
    2.19760605e+02, 1.67803345e+02, 1.39276367e+02, 8.03129501e+01,
    1.50018951e+02, 9.66315155e+01, 1.60679352e+02, 1.13054131e+02,
    1.71455414e+02, 1.29376633e+02, 1.82178207e+02, 1.45781372e+02,
    1.92885971e+02, 1.62085831e+02, 2.03499023e+02, 1.78263489e+02,
    1.23021004e+02, 9.09406052e+01, 1.33610031e+02, 1.07234489e+02,
    1.44386993e+02, 1.23547890e+02, 1.55206299e+02, 1.40073608e+02,
    1.65996750e+02, 1.56303802e+02, 1.76657043e+02, 1.72623978e+02,
    1.87258286e+02, 1.88840393e+02, 1.06749046e+02, 1.01562119e+02,
    1.17414261e+02, 1.17829895e+02, 1.28151764e+02, 1.34218124e+02,
    1.39018799e+02, 1.50562698e+02, 1.49656113e+02, 1.66772354e+02,
    1.60339981e+02, 1.83151001e+02, 1.71071625e+02, 1.99319016e+02,
    9.05728378e+01, 1.12219406e+02, 1.01121040e+02, 1.28403503e+02,
    1.11778267e+02, 1.44748550e+02, 1.22503357e+02, 1.61079041e+02,
    1.33258667e+02, 1.77337860e+02, 1.43924988e+02, 1.93703262e+02,
    1.54542923e+02, 2.09992645e+02 ]
