%YAML:1.0
---
points: [ 1.36571265e+03, 4.75498619e+01, 1.35599158e+03, 1.17163353e+02,
    1.34623328e+03, 1.86440125e+02, 1.33625171e+03, 2.55604340e+02,
    1.32626721e+03, 3.24363312e+02, 1.31633154e+03, 3.93148193e+02,
    1.30622681e+03, 4.61506500e+02, 1.29552124e+03, 5.55797729e+01,
    1.28590076e+03, 1.23077881e+02, 1.27639832e+03, 1.90397995e+02,
    1.26672632e+03, 2.57295746e+02, 1.25733826e+03, 3.23808502e+02,
    1.24759888e+03, 3.90328766e+02, 1.23780493e+03, 4.56185028e+02,
    1.22949902e+03, 6.33877869e+01, 1.22048694e+03, 1.28640869e+02,
    1.21139563e+03, 1.93718292e+02, 1.20196887e+03, 2.58821991e+02,
    1.19273608e+03, 3.23263153e+02, 1.18347388e+03, 3.87365265e+02,
    1.17407593e+03, 4.51214539e+02, 1.16804468e+03, 7.08908463e+01,
    1.15930090e+03, 1.34095032e+02, 1.15028601e+03, 1.97357758e+02,
    1.14151062e+03, 2.60359985e+02, 1.13262659e+03, 3.22626648e+02,
    1.12359216e+03, 3.84651306e+02, 1.11454370e+03, 4.46469208e+02,
    1.10976843e+03, 7.73822403e+01, 1.10138000e+03, 1.39163666e+02,
    1.09295410e+03, 2.00434006e+02, 1.08459631e+03, 2.61377930e+02,
    1.07593884e+03, 3.21798615e+02, 1.06736938e+03, 3.82142700e+02,
    1.05845630e+03, 4.41918152e+02, 1.05466821e+03, 8.35025482e+01,
    1.04674719e+03, 1.43457016e+02, 1.03868799e+03, 2.02901825e+02,
    1.03060974e+03, 2.62279205e+02, 1.02246826e+03, 3.20813782e+02,
    1.01393439e+03, 3.79370392e+02, 1.00533661e+03, 4.37527191e+02,
    1.00277142e+03, 8.93994598e+01, 9.95362366e+02, 1.47435593e+02,
    9.87490295e+02, 2.05422882e+02, 9.79798035e+02, 2.62913208e+02,
    9.71913818e+02, 3.19844574e+02, 9.63848389e+02, 3.76786072e+02,
    9.55092163e+02, 4.33368408e+02, 9.54000977e+02, 9.47031784e+01,
    9.46784363e+02, 1.51247543e+02, 9.39278687e+02, 2.07618027e+02,
    9.32142639e+02, 2.63727234e+02, 9.24311829e+02, 3.19098328e+02,
    9.16499329e+02, 3.74441895e+02, 9.08057068e+02, 4.29385529e+02,
    9.07369812e+02, 9.95365219e+01, 9.00482422e+02, 1.54655807e+02,
    8.93463135e+02, 2.09463577e+02, 8.86287903e+02, 2.64269684e+02,
    8.79023132e+02, 3.18218658e+02, 8.71291260e+02, 3.71944977e+02,
    8.63284363e+02, 4.25544861e+02 ]
