%YAML:1.0
---
points: [ 4.42630890e+02, 5.14411736e+01, 4.40643738e+02, 7.34183731e+01,
    4.37980316e+02, 9.63394165e+01, 4.34992554e+02, 1.19047188e+02,
    4.32149658e+02, 1.42462326e+02, 4.29045166e+02, 1.65502487e+02,
    4.25710785e+02, 1.88688751e+02, 4.19163696e+02, 5.30380020e+01,
    4.16174866e+02, 7.48557663e+01, 4.13525452e+02, 9.70138245e+01,
    4.10720123e+02, 1.19384697e+02, 4.07571045e+02, 1.41957718e+02,
    4.04491516e+02, 1.64258011e+02, 4.01191467e+02, 1.86770340e+02,
    3.95837280e+02, 5.47918015e+01, 3.93249237e+02, 7.62772064e+01,
    3.90430481e+02, 9.79189377e+01, 3.87298492e+02, 1.19856468e+02,
    3.84478027e+02, 1.41526108e+02, 3.81170013e+02, 1.63351486e+02,
    3.78013672e+02, 1.85025146e+02, 3.74224152e+02, 5.69928818e+01,
    3.71395538e+02, 7.76772461e+01, 3.68494080e+02, 9.90753403e+01,
    3.65642181e+02, 1.20223984e+02, 3.62601837e+02, 1.41153641e+02,
    3.59453278e+02, 1.62281311e+02, 3.56245026e+02, 1.83414413e+02,
    3.53318451e+02, 5.88005753e+01, 3.50549896e+02, 7.93002243e+01,
    3.47843079e+02, 9.97772827e+01, 3.44860016e+02, 1.20357758e+02,
    3.41969727e+02, 1.41050400e+02, 3.38926849e+02, 1.61480209e+02,
    3.35822632e+02, 1.81996506e+02, 3.33651550e+02, 6.05716553e+01,
    3.30945862e+02, 8.06426239e+01, 3.28157654e+02, 1.00880791e+02,
    3.25229736e+02, 1.20939850e+02, 3.22380096e+02, 1.40791611e+02,
    3.19495026e+02, 1.60674286e+02, 3.16405884e+02, 1.80467606e+02,
    3.14985687e+02, 6.25096436e+01, 3.12326080e+02, 8.19146957e+01,
    3.09685089e+02, 1.01530327e+02, 3.06657288e+02, 1.21011894e+02,
    3.04055664e+02, 1.40430481e+02, 3.01167450e+02, 1.59858505e+02,
    2.98194122e+02, 1.79018280e+02, 2.97204529e+02, 6.43129196e+01,
    2.94739624e+02, 8.33566818e+01, 2.92099548e+02, 1.02290955e+02,
    2.89456238e+02, 1.21460464e+02, 2.86709229e+02, 1.40309723e+02,
    2.84075531e+02, 1.59116180e+02, 2.81189636e+02, 1.77655914e+02,
    2.80432587e+02, 6.59692307e+01, 2.77926117e+02, 8.45977020e+01,
    2.75469513e+02, 1.03056641e+02, 2.72859741e+02, 1.21743706e+02,
    2.70372925e+02, 1.39910553e+02, 2.67696381e+02, 1.58313171e+02,
    2.64978699e+02, 1.76404861e+02 ]
