%YAML:1.0
---
points: [ 1.47142517e+03, 7.66029846e+02, 1.43138635e+03, 7.80463623e+02,
    1.39183923e+03, 7.95356812e+02, 1.35328931e+03, 8.09994751e+02,
    1.31484607e+03, 8.25111145e+02, 1.27724438e+03, 8.39800293e+02,
    1.23981006e+03, 8.54742615e+02, 1.46482947e+03, 7.39325317e+02,
    1.42383276e+03, 7.54390564e+02, 1.38364124e+03, 7.69464172e+02,
    1.34428223e+03, 7.84574463e+02, 1.30527490e+03, 7.99937317e+02,
    1.26675208e+03, 8.15290161e+02, 1.22879626e+03, 8.30279175e+02,
    1.45819519e+03, 7.11702454e+02, 1.41639294e+03, 7.27218872e+02,
    1.37527979e+03, 7.42747498e+02, 1.33516028e+03, 7.58456543e+02,
    1.29533423e+03, 7.74083130e+02, 1.25620923e+03, 7.89673157e+02,
    1.21743665e+03, 8.05291138e+02, 1.45081812e+03, 6.82812378e+02,
    1.40824219e+03, 6.98972595e+02, 1.36638464e+03, 7.14877930e+02,
    1.32545850e+03, 7.31178284e+02, 1.28475085e+03, 7.47204773e+02,
    1.24489526e+03, 7.63349915e+02, 1.20542346e+03, 7.79170410e+02,
    1.44330054e+03, 6.52658813e+02, 1.39975696e+03, 6.69262878e+02,
    1.35711169e+03, 6.85796265e+02, 1.31530786e+03, 7.02475342e+02,
    1.27387012e+03, 7.19170288e+02, 1.23327429e+03, 7.35510864e+02,
    1.19321167e+03, 7.52056946e+02, 1.43543677e+03, 6.21432983e+02,
    1.39111194e+03, 6.38598633e+02, 1.34753113e+03, 6.55759644e+02,
    1.30507239e+03, 6.73107727e+02, 1.26269092e+03, 6.90205261e+02,
    1.22129211e+03, 7.07075439e+02, 1.18031689e+03, 7.23692688e+02,
    1.42755798e+03, 5.89206909e+02, 1.38228577e+03, 6.06988098e+02,
    1.33768994e+03, 6.24770325e+02, 1.29424951e+03, 6.42534546e+02,
    1.25130188e+03, 6.60280640e+02, 1.20896570e+03, 6.77609375e+02,
    1.16727100e+03, 6.94963623e+02, 1.41917957e+03, 5.55159302e+02,
    1.37302832e+03, 5.73692688e+02, 1.32754529e+03, 5.92269653e+02,
    1.28306787e+03, 6.10645935e+02, 1.23923767e+03, 6.28681335e+02,
    1.19598474e+03, 6.46947571e+02, 1.15349988e+03, 6.64739014e+02,
    1.41060742e+03, 5.19747253e+02, 1.36337585e+03, 5.39043213e+02,
    1.31688208e+03, 5.58377136e+02, 1.27155200e+03, 5.77267273e+02,
    1.22664746e+03, 5.96085999e+02, 1.18257825e+03, 6.14663452e+02,
    1.13935193e+03, 6.33124939e+02 ]
