%YAML:1.0
---
points: [ 4.68276581e+02, 8.05822525e+01, 4.63431152e+02, 1.03456520e+02,
    4.58270142e+02, 1.25745720e+02, 4.53366669e+02, 1.46148300e+02,
    4.48835114e+02, 1.65698486e+02, 4.44252350e+02, 1.84043701e+02,
    4.40059784e+02, 2.01344666e+02, 4.44558380e+02, 8.07543411e+01,
    4.39739685e+02, 1.04196930e+02, 4.35296326e+02, 1.26206383e+02,
    4.31001923e+02, 1.46744308e+02, 4.26875946e+02, 1.66317383e+02,
    4.22853821e+02, 1.84538757e+02, 4.19400970e+02, 2.01587723e+02,
    4.19739349e+02, 8.16949463e+01, 4.15807220e+02, 1.05100204e+02,
    4.12067841e+02, 1.27058937e+02, 4.08413574e+02, 1.47548965e+02,
    4.04991913e+02, 1.66780319e+02, 4.01700928e+02, 1.84928635e+02,
    3.98683044e+02, 2.02080399e+02, 3.95002411e+02, 8.27052536e+01,
    3.92036102e+02, 1.06008102e+02, 3.88978729e+02, 1.27874153e+02,
    3.85915405e+02, 1.48456406e+02, 3.83223969e+02, 1.67470963e+02,
    3.80701935e+02, 1.85508133e+02, 3.78292938e+02, 2.02531372e+02,
    3.70723206e+02, 8.40681076e+01, 3.68149323e+02, 1.07241219e+02,
    3.65956940e+02, 1.29001892e+02, 3.63682404e+02, 1.49314133e+02,
    3.61625397e+02, 1.68188675e+02, 3.59864777e+02, 1.86066055e+02,
    3.58073181e+02, 2.02822113e+02, 3.46349152e+02, 8.52583466e+01,
    3.44723480e+02, 1.08376343e+02, 3.43307404e+02, 1.29968842e+02,
    3.41811798e+02, 1.50307526e+02, 3.40488342e+02, 1.68886581e+02,
    3.39294495e+02, 1.86718079e+02, 3.38209167e+02, 2.03435120e+02,
    3.22466522e+02, 8.70806427e+01, 3.21741089e+02, 1.09687149e+02,
    3.20870209e+02, 1.31213104e+02, 3.20154999e+02, 1.51170639e+02,
    3.19634003e+02, 1.69786911e+02, 3.19069702e+02, 1.87295135e+02,
    3.18615906e+02, 2.03860901e+02, 2.98507416e+02, 8.85790100e+01,
    2.98725525e+02, 1.11122650e+02, 2.98850861e+02, 1.32244904e+02,
    2.98940552e+02, 1.52189789e+02, 2.99015686e+02, 1.70580734e+02,
    2.99210419e+02, 1.87840530e+02, 2.99365417e+02, 2.04306107e+02,
    2.75302948e+02, 8.98806839e+01, 2.76191772e+02, 1.12603043e+02,
    2.77173035e+02, 1.33356140e+02, 2.77989105e+02, 1.53035202e+02,
    2.78828094e+02, 1.71301498e+02, 2.79630096e+02, 1.88488525e+02,
    2.80336395e+02, 2.04688278e+02 ]
