%YAML:1.0
---
points: [ 3.53402954e+02, 2.64406872e+01, 3.69602875e+02, 3.65331459e+01,
    3.86124939e+02, 4.69101410e+01, 4.02259521e+02, 5.71403809e+01,
    4.18628296e+02, 6.74459229e+01, 4.34805176e+02, 7.79813004e+01,
    4.50872528e+02, 8.83257217e+01, 3.43309418e+02, 4.22090836e+01,
    3.59791992e+02, 5.26098289e+01, 3.76035858e+02, 6.28418770e+01,
    3.92504150e+02, 7.32727814e+01, 4.08767334e+02, 8.35792160e+01,
    4.25236450e+02, 9.39609909e+01, 4.41348297e+02, 1.04240425e+02,
    3.33146790e+02, 5.86388702e+01, 3.49582581e+02, 6.88935089e+01,
    3.66035828e+02, 7.92332916e+01, 3.82415222e+02, 8.95398331e+01,
    3.98833221e+02, 9.97987976e+01, 4.15214447e+02, 1.10084610e+02,
    4.31743744e+02, 1.20363625e+02, 3.22932526e+02, 7.52085724e+01,
    3.39317474e+02, 8.53900757e+01, 3.55738129e+02, 9.57023392e+01,
    3.72254517e+02, 1.06027359e+02, 3.88660370e+02, 1.16181503e+02,
    4.05212341e+02, 1.26358238e+02, 4.21689362e+02, 1.36661255e+02,
    3.12697479e+02, 9.17099457e+01, 3.29126678e+02, 1.01931732e+02,
    3.45450470e+02, 1.12241608e+02, 3.61986206e+02, 1.22443130e+02,
    3.78399323e+02, 1.32605530e+02, 3.95011810e+02, 1.42853455e+02,
    4.11696899e+02, 1.52979340e+02, 3.02414886e+02, 1.08295502e+02,
    3.18817261e+02, 1.18531609e+02, 3.35243683e+02, 1.28769211e+02,
    3.51697815e+02, 1.38938309e+02, 3.68142670e+02, 1.49153580e+02,
    3.84792084e+02, 1.59248138e+02, 4.01475861e+02, 1.69392639e+02,
    2.92219025e+02, 1.24851723e+02, 3.08546783e+02, 1.35088699e+02,
    3.24884644e+02, 1.45284225e+02, 3.41360870e+02, 1.55396454e+02,
    3.57789246e+02, 1.65551682e+02, 3.74498383e+02, 1.75696426e+02,
    3.91253967e+02, 1.85896667e+02, 2.82084106e+02, 1.41320023e+02,
    2.98323120e+02, 1.51492310e+02, 3.14681305e+02, 1.61673386e+02,
    3.31134644e+02, 1.71859344e+02, 3.47575348e+02, 1.81972107e+02,
    3.64173279e+02, 1.92157135e+02, 3.80896179e+02, 2.02266663e+02,
    2.71878784e+02, 1.57724045e+02, 2.88190430e+02, 1.67907318e+02,
    3.04442444e+02, 1.78085602e+02, 3.20912689e+02, 1.88215759e+02,
    3.37288971e+02, 1.98286606e+02, 3.53879303e+02, 2.08447815e+02,
    3.70629578e+02, 2.18742813e+02 ]
