%YAML:1.0
---
points: [ 1.43762292e+03, 1.33298599e+02, 1.42408289e+03, 2.05373337e+02,
    1.41167859e+03, 2.72227112e+02, 1.40011255e+03, 3.34656769e+02,
    1.38940674e+03, 3.92562958e+02, 1.37947046e+03, 4.47091797e+02,
    1.37024915e+03, 4.98259827e+02, 1.36167639e+03, 1.37637238e+02,
    1.35111609e+03, 2.09101212e+02, 1.34124463e+03, 2.75541473e+02,
    1.33215332e+03, 3.37377533e+02, 1.32351636e+03, 3.94630249e+02,
    1.31593201e+03, 4.48640900e+02, 1.30877039e+03, 4.99338074e+02,
    1.28697095e+03, 1.42085815e+02, 1.27933545e+03, 2.13223511e+02,
    1.27185388e+03, 2.78808685e+02, 1.26521960e+03, 3.40057159e+02,
    1.25914539e+03, 3.96736542e+02, 1.25356567e+03, 4.50279419e+02,
    1.24853491e+03, 5.00581879e+02, 1.21344861e+03, 1.46504349e+02,
    1.20858228e+03, 2.16994934e+02, 1.20392407e+03, 2.82109772e+02,
    1.19979724e+03, 3.42608795e+02, 1.19583777e+03, 3.98785095e+02,
    1.19229431e+03, 4.51643158e+02, 1.18936267e+03, 5.01698639e+02,
    1.14148438e+03, 1.51255127e+02, 1.13920593e+03, 2.20764847e+02,
    1.13726489e+03, 2.85397858e+02, 1.13530896e+03, 3.45367737e+02,
    1.13362000e+03, 4.00940735e+02, 1.13230066e+03, 4.53551208e+02,
    1.13102332e+03, 5.02847351e+02, 1.07044568e+03, 1.55784058e+02,
    1.07082263e+03, 2.24837616e+02, 1.07137659e+03, 2.88600769e+02,
    1.07197803e+03, 3.48256348e+02, 1.07245935e+03, 4.03338684e+02,
    1.07297998e+03, 4.55313141e+02, 1.07363647e+03, 5.04504822e+02,
    1.00052826e+03, 1.60397934e+02, 1.00362384e+03, 2.28645721e+02,
    1.00674567e+03, 2.91807861e+02, 1.00950946e+03, 3.50674316e+02,
    1.01220972e+03, 4.05436798e+02, 1.01460791e+03, 4.57025970e+02,
    1.01693903e+03, 5.06031403e+02, 9.31739441e+02, 1.64587280e+02,
    9.37641785e+02, 2.32245880e+02, 9.43101562e+02, 2.94717316e+02,
    9.48255310e+02, 3.53218262e+02, 9.52791870e+02, 4.07412140e+02,
    9.57108154e+02, 4.58623260e+02, 9.61093079e+02, 5.07082336e+02,
    8.63636963e+02, 1.68491272e+02, 8.72046326e+02, 2.35532532e+02,
    8.80013367e+02, 2.97584137e+02, 8.87149597e+02, 3.55538574e+02,
    8.93764587e+02, 4.09301453e+02, 9.00161316e+02, 4.60336639e+02,
    9.05696167e+02, 5.08317535e+02 ]
