%YAML:1.0
---
points: [ 1.22254834e+03, 2.09859955e+02, 1.26303430e+03, 2.15591446e+02,
    1.30243030e+03, 2.21108337e+02, 1.34151941e+03, 2.26425705e+02,
    1.37962805e+03, 2.31492569e+02, 1.41714441e+03, 2.36451813e+02,
    1.45407275e+03, 2.41224121e+02, 1.22619312e+03, 2.51203369e+02,
    1.26660339e+03, 2.56448181e+02, 1.30667517e+03, 2.61521637e+02,
    1.34581396e+03, 2.66444183e+02, 1.38450476e+03, 2.71351044e+02,
    1.42243127e+03, 2.75867981e+02, 1.45973608e+03, 2.80239838e+02,
    1.22944934e+03, 2.93303101e+02, 1.27058240e+03, 2.98057678e+02,
    1.31109973e+03, 3.02841919e+02, 1.35064417e+03, 3.07376221e+02,
    1.38955090e+03, 3.11734161e+02, 1.42785547e+03, 3.15730621e+02,
    1.46565540e+03, 3.19755554e+02, 1.23298486e+03, 3.36242615e+02,
    1.27462793e+03, 3.40472839e+02, 1.31547058e+03, 3.44745789e+02,
    1.35540369e+03, 3.49006134e+02, 1.39473840e+03, 3.52834076e+02,
    1.43343506e+03, 3.56603333e+02, 1.47171326e+03, 3.60194733e+02,
    1.23707092e+03, 3.79919189e+02, 1.27896057e+03, 3.83643433e+02,
    1.31997449e+03, 3.87538361e+02, 1.36050842e+03, 3.91295837e+02,
    1.40027673e+03, 3.94824158e+02, 1.43932227e+03, 3.98206879e+02,
    1.47823743e+03, 4.01471924e+02, 1.24126550e+03, 4.24184235e+02,
    1.28364917e+03, 4.27729156e+02, 1.32525293e+03, 4.31023712e+02,
    1.36596155e+03, 4.34308350e+02, 1.40620508e+03, 4.37492554e+02,
    1.44566248e+03, 4.40421570e+02, 1.48510962e+03, 4.43245209e+02,
    1.24549670e+03, 4.69545868e+02, 1.28836536e+03, 4.72443542e+02,
    1.33035535e+03, 4.75581360e+02, 1.37157483e+03, 4.78380646e+02,
    1.41206946e+03, 4.81158691e+02, 1.45229333e+03, 4.83551025e+02,
    1.49175110e+03, 4.86121521e+02, 1.24990417e+03, 5.15717529e+02,
    1.29316614e+03, 5.18422180e+02, 1.33558484e+03, 5.20782654e+02,
    1.37727246e+03, 5.23491943e+02, 1.41813623e+03, 5.25585388e+02,
    1.45859326e+03, 5.27876892e+02, 1.49857263e+03, 5.29670654e+02,
    1.25471204e+03, 5.63304260e+02, 1.29845996e+03, 5.65410339e+02,
    1.34124182e+03, 5.67404785e+02, 1.38343237e+03, 5.69497559e+02,
    1.42453223e+03, 5.71412476e+02, 1.46538831e+03, 5.72934448e+02,
    1.50572192e+03, 5.74672302e+02 ]
