%YAML:1.0
---
points: [ 4.43941986e+02, 5.80883713e+01, 4.47631500e+02, 7.28240814e+01,
    4.51097778e+02, 8.87547760e+01, 4.54786469e+02, 1.05176697e+02,
    4.58636841e+02, 1.23144310e+02, 4.62712280e+02, 1.41363007e+02,
    4.67059113e+02, 1.60980804e+02, 4.24044769e+02, 5.70862656e+01,
    4.26816498e+02, 7.22229385e+01, 4.29863678e+02, 8.80080566e+01,
    4.32946228e+02, 1.04619080e+02, 4.36012726e+02, 1.22327461e+02,
    4.39377625e+02, 1.40736282e+02, 4.43027618e+02, 1.60394699e+02,
    4.03481567e+02, 5.63992348e+01, 4.05933044e+02, 7.14796677e+01,
    4.08253540e+02, 8.73850784e+01, 4.10733856e+02, 1.04297768e+02,
    4.13232269e+02, 1.21861099e+02, 4.15933868e+02, 1.40224487e+02,
    4.18775665e+02, 1.59694443e+02, 3.83201050e+02, 5.62565613e+01,
    3.84873505e+02, 7.10872192e+01, 3.86634644e+02, 8.72018585e+01,
    3.88574249e+02, 1.03930779e+02, 3.90405701e+02, 1.21422249e+02,
    3.92532928e+02, 1.39729385e+02, 3.94637299e+02, 1.59078476e+02,
    3.62763000e+02, 5.57094460e+01, 3.64129120e+02, 7.10034485e+01,
    3.65201965e+02, 8.68253326e+01, 3.66365326e+02, 1.03672966e+02,
    3.67715179e+02, 1.21038292e+02, 3.69102509e+02, 1.39321564e+02,
    3.70549835e+02, 1.58352722e+02, 3.42408722e+02, 5.53291702e+01,
    3.43061371e+02, 7.05975189e+01, 3.43796997e+02, 8.63006134e+01,
    3.44583252e+02, 1.03134789e+02, 3.45179626e+02, 1.20526237e+02,
    3.45925323e+02, 1.38971603e+02, 3.46779449e+02, 1.57797501e+02,
    3.22100708e+02, 5.50473671e+01, 3.22339966e+02, 7.03471527e+01,
    3.22593140e+02, 8.60220795e+01, 3.22625336e+02, 1.02862404e+02,
    3.22855682e+02, 1.20009377e+02, 3.22964722e+02, 1.38383469e+02,
    3.23292603e+02, 1.57109848e+02, 3.02065308e+02, 5.47993927e+01,
    3.01815369e+02, 7.01471481e+01, 3.01514618e+02, 8.57847366e+01,
    3.01089020e+02, 1.02804626e+02, 3.00734924e+02, 1.19914001e+02,
    3.00353088e+02, 1.37896591e+02, 2.99982635e+02, 1.56703827e+02,
    2.82008209e+02, 5.46670952e+01, 2.81335754e+02, 6.97112885e+01,
    2.80642242e+02, 8.57071991e+01, 2.79734650e+02, 1.02168640e+02,
    2.78925262e+02, 1.19573502e+02, 2.78000946e+02, 1.37367950e+02,
    2.77039276e+02, 1.55901306e+02 ]
