%YAML:1.0
---
points: [ 1.57548633e+03, 1.04925179e+02, 1.58143018e+03, 1.50565506e+02,
    1.58742615e+03, 1.96110519e+02, 1.59334631e+03, 2.41234528e+02,
    1.59946216e+03, 2.86251404e+02, 1.60534119e+03, 3.30996307e+02,
    1.61150928e+03, 3.75762909e+02, 1.53030042e+03, 1.12778389e+02,
    1.53635474e+03, 1.58224319e+02, 1.54222253e+03, 2.03548080e+02,
    1.54820886e+03, 2.48830444e+02, 1.55396533e+03, 2.93640656e+02,
    1.56010901e+03, 3.38538757e+02, 1.56638074e+03, 3.83100677e+02,
    1.48509766e+03, 1.20330109e+02, 1.49093262e+03, 1.66052490e+02,
    1.49693994e+03, 2.11335190e+02, 1.50278235e+03, 2.56462128e+02,
    1.50883179e+03, 3.01368927e+02, 1.51504663e+03, 3.45940857e+02,
    1.52146094e+03, 3.90584045e+02, 1.43949988e+03, 1.28538666e+02,
    1.44566577e+03, 1.73820923e+02, 1.45169873e+03, 2.19112137e+02,
    1.45773389e+03, 2.64329803e+02, 1.46370312e+03, 3.08930817e+02,
    1.46996729e+03, 3.53634064e+02, 1.47622571e+03, 3.97954926e+02,
    1.39457385e+03, 1.36241150e+02, 1.40054089e+03, 1.81733856e+02,
    1.40648035e+03, 2.27061722e+02, 1.41248010e+03, 2.71986725e+02,
    1.41855957e+03, 3.16661774e+02, 1.42475781e+03, 3.61194061e+02,
    1.43146509e+03, 4.05367340e+02, 1.34945068e+03, 1.44310318e+02,
    1.35550305e+03, 1.89526596e+02, 1.36151379e+03, 2.34731003e+02,
    1.36768848e+03, 2.79694824e+02, 1.37375903e+03, 3.24230957e+02,
    1.38023877e+03, 3.68548065e+02, 1.38665173e+03, 4.12766449e+02,
    1.30451379e+03, 1.52074402e+02, 1.31062537e+03, 1.97471832e+02,
    1.31669385e+03, 2.42561508e+02, 1.32274609e+03, 2.87479645e+02,
    1.32903967e+03, 3.31820007e+02, 1.33545178e+03, 3.76227264e+02,
    1.34218652e+03, 4.19971161e+02, 1.25964160e+03, 1.60289459e+02,
    1.26570508e+03, 2.05390289e+02, 1.27188953e+03, 2.50419037e+02,
    1.27832129e+03, 2.95276520e+02, 1.28453577e+03, 3.39452393e+02,
    1.29086145e+03, 3.83445496e+02, 1.29748401e+03, 4.27578156e+02,
    1.21491248e+03, 1.67857544e+02, 1.22129980e+03, 2.13315445e+02,
    1.22752783e+03, 2.58185760e+02, 1.23369873e+03, 3.02835236e+02,
    1.24020605e+03, 3.46828705e+02, 1.24669080e+03, 3.91108124e+02,
    1.25341626e+03, 4.34636322e+02 ]
