%YAML:1.0
---
points: [ 1.38681189e+03, 6.78269348e+01, 1.39302234e+03, 1.13997833e+02,
    1.39959424e+03, 1.62047684e+02, 1.40643359e+03, 2.12518524e+02,
    1.41362097e+03, 2.65102600e+02, 1.42152234e+03, 3.20551270e+02,
    1.42970667e+03, 3.78564087e+02, 1.32453076e+03, 6.77976532e+01,
    1.32917896e+03, 1.13691292e+02, 1.33386328e+03, 1.61905090e+02,
    1.33901685e+03, 2.12286972e+02, 1.34440271e+03, 2.64830170e+02,
    1.35028992e+03, 3.19624756e+02, 1.35666382e+03, 3.77429260e+02,
    1.26278113e+03, 6.77993469e+01, 1.26579480e+03, 1.13660660e+02,
    1.26924194e+03, 1.61694107e+02, 1.27259692e+03, 2.12055069e+02,
    1.27613367e+03, 2.64254059e+02, 1.28020862e+03, 3.18909454e+02,
    1.28456616e+03, 3.76118500e+02, 1.20156116e+03, 6.83330002e+01,
    1.20334167e+03, 1.13789871e+02, 1.20519629e+03, 1.61618820e+02,
    1.20693469e+03, 2.11784485e+02, 1.20866931e+03, 2.63785309e+02,
    1.21115125e+03, 3.18241425e+02, 1.21344714e+03, 3.74948669e+02,
    1.14113452e+03, 6.78335342e+01, 1.14137341e+03, 1.13600288e+02,
    1.14169336e+03, 1.61469101e+02, 1.14190723e+03, 2.11304291e+02,
    1.14241150e+03, 2.62817291e+02, 1.14279077e+03, 3.17096741e+02,
    1.14348303e+03, 3.73229614e+02, 1.08100879e+03, 6.73020630e+01,
    1.08009436e+03, 1.12907814e+02, 1.07902539e+03, 1.60549057e+02,
    1.07783386e+03, 2.10138794e+02, 1.07669116e+03, 2.61585571e+02,
    1.07559973e+03, 3.15322998e+02, 1.07456152e+03, 3.71141541e+02,
    1.02159015e+03, 6.66767120e+01, 1.01925946e+03, 1.12313934e+02,
    1.01691547e+03, 1.59743195e+02, 1.01441193e+03, 2.09164398e+02,
    1.01183075e+03, 2.60436829e+02, 1.00910071e+03, 3.13737885e+02,
    1.00635297e+03, 3.69299255e+02, 9.62513245e+02, 6.61696091e+01,
    9.59128235e+02, 1.11512634e+02, 9.55384644e+02, 1.58744293e+02,
    9.51639587e+02, 2.08229996e+02, 9.47674072e+02, 2.59291168e+02,
    9.43405273e+02, 3.12326538e+02, 9.38776062e+02, 3.67327789e+02,
    9.03817078e+02, 6.51358795e+01, 8.99229919e+02, 1.10351189e+02,
    8.94472107e+02, 1.57500427e+02, 8.89295105e+02, 2.06818100e+02,
    8.83889343e+02, 2.57494751e+02, 8.78095459e+02, 3.10452484e+02,
    8.71797729e+02, 3.65471954e+02 ]
