%YAML:1.0
---
points: [ 4.40142426e+02, 1.44166840e+02, 4.24199738e+02, 1.54301147e+02,
    4.07877747e+02, 1.64406998e+02, 3.91401428e+02, 1.74681671e+02,
    3.74958191e+02, 1.84861023e+02, 3.58410034e+02, 1.95185577e+02,
    3.41993774e+02, 2.05355057e+02, 4.30162445e+02, 1.27821617e+02,
    4.13980804e+02, 1.37830353e+02, 3.97696167e+02, 1.48042923e+02,
    3.81216034e+02, 1.58259445e+02, 3.64701508e+02, 1.68517700e+02,
    3.48232483e+02, 1.78818817e+02, 3.31781158e+02, 1.89075211e+02,
    4.19969757e+02, 1.11328293e+02, 4.03950897e+02, 1.21376801e+02,
    3.87506531e+02, 1.31626740e+02, 3.71010712e+02, 1.41937088e+02,
    3.54570496e+02, 1.52154404e+02, 3.38058807e+02, 1.62396469e+02,
    3.21650116e+02, 1.72668060e+02, 4.09822754e+02, 9.51549530e+01,
    3.93680206e+02, 1.05074417e+02, 3.77340820e+02, 1.15255753e+02,
    3.60875427e+02, 1.25514404e+02, 3.44408600e+02, 1.35781769e+02,
    3.27937103e+02, 1.46083679e+02, 3.11537903e+02, 1.56306320e+02,
    3.99646942e+02, 7.86914520e+01, 3.83511200e+02, 8.86851425e+01,
    3.67225220e+02, 9.88377151e+01, 3.50779877e+02, 1.09129684e+02,
    3.34272766e+02, 1.19370132e+02, 3.17843475e+02, 1.29573059e+02,
    3.01395721e+02, 1.39806641e+02, 3.89514832e+02, 6.23726501e+01,
    3.73411346e+02, 7.22326050e+01, 3.57156891e+02, 8.22886200e+01,
    3.40653534e+02, 9.25364761e+01, 3.24233368e+02, 1.02732864e+02,
    3.07729340e+02, 1.13062103e+02, 2.91326355e+02, 1.23230026e+02,
    3.79371582e+02, 4.60824814e+01, 3.63231232e+02, 5.59722252e+01,
    3.46964264e+02, 6.58375092e+01, 3.30485870e+02, 7.59495239e+01,
    3.14149902e+02, 8.61998825e+01, 2.97661743e+02, 9.63876114e+01,
    2.81193237e+02, 1.06597809e+02, 3.68982758e+02, 3.00311928e+01,
    3.53011871e+02, 3.94494171e+01, 3.36748016e+02, 4.94589272e+01,
    3.20341614e+02, 5.94702568e+01, 3.03985229e+02, 6.96037064e+01,
    2.87436523e+02, 7.97297058e+01, 2.71010254e+02, 8.99029236e+01,
    3.58735291e+02, 1.37129946e+01, 3.42715698e+02, 2.32698421e+01,
    3.26550079e+02, 3.29387779e+01, 3.10142822e+02, 4.30737610e+01,
    2.93749268e+02, 5.29471550e+01, 2.77263336e+02, 6.30613785e+01,
    2.60729736e+02, 7.30868225e+01 ]
