%YAML:1.0
---
points: [ 1.42882812e+03, 5.96957031e+02, 1.42374780e+03, 6.62496277e+02,
    1.41880249e+03, 7.28062500e+02, 1.41421509e+03, 7.93450134e+02,
    1.40966687e+03, 8.58829834e+02, 1.40515881e+03, 9.24109131e+02,
    1.40060217e+03, 9.89530212e+02, 1.36105725e+03, 5.92372375e+02,
    1.35615369e+03, 6.57613831e+02, 1.35143848e+03, 7.22895874e+02,
    1.34683667e+03, 7.87911072e+02, 1.34245667e+03, 8.53161621e+02,
    1.33803882e+03, 9.18332397e+02, 1.33384863e+03, 9.83684204e+02,
    1.29383923e+03, 5.87771790e+02, 1.28926184e+03, 6.52778198e+02,
    1.28452698e+03, 7.17635132e+02, 1.28027637e+03, 7.82677917e+02,
    1.27581531e+03, 8.47479919e+02, 1.27170044e+03, 9.12565857e+02,
    1.26777576e+03, 9.77918213e+02, 1.22742371e+03, 5.83458252e+02,
    1.22278699e+03, 6.48056274e+02, 1.21846472e+03, 7.12735657e+02,
    1.21401904e+03, 7.77221008e+02, 1.21018579e+03, 8.41866577e+02,
    1.20609985e+03, 9.06920898e+02, 1.20224890e+03, 9.72021240e+02,
    1.16161133e+03, 5.79153198e+02, 1.15738855e+03, 6.43612854e+02,
    1.15307373e+03, 7.07712158e+02, 1.14876746e+03, 7.72110535e+02,
    1.14471570e+03, 8.36418030e+02, 1.14075964e+03, 9.01310608e+02,
    1.13697827e+03, 9.66385620e+02, 1.09672021e+03, 5.75051514e+02,
    1.09246851e+03, 6.39101196e+02, 1.08839600e+03, 7.02955505e+02,
    1.08422046e+03, 7.67257385e+02, 1.08032849e+03, 8.31289062e+02,
    1.07605371e+03, 8.96088928e+02, 1.07235400e+03, 9.61073975e+02,
    1.03239465e+03, 5.70838501e+02, 1.02832739e+03, 6.34680908e+02,
    1.02397723e+03, 6.98403015e+02, 1.02018817e+03, 7.62453003e+02,
    1.01610980e+03, 8.26321777e+02, 1.01211145e+03, 8.90944275e+02,
    1.00798785e+03, 9.55762512e+02, 9.68578430e+02, 5.66672302e+02,
    9.64534119e+02, 6.30315430e+02, 9.60446533e+02, 6.94028931e+02,
    9.56410583e+02, 7.57695374e+02, 9.52511353e+02, 8.21495850e+02,
    9.48414978e+02, 8.85740967e+02, 9.44333069e+02, 9.50483398e+02,
    9.04729614e+02, 5.62572449e+02, 9.00923340e+02, 6.26158020e+02,
    8.97007690e+02, 6.89612488e+02, 8.93053040e+02, 7.53282166e+02,
    8.89145874e+02, 8.16831299e+02, 8.84945129e+02, 8.80902771e+02,
    8.80600708e+02, 9.45450256e+02 ]
