%YAML:1.0
---
points: [ 4.63928833e+02, 2.34642838e+02, 4.62135925e+02, 2.56809296e+02,
    4.59854004e+02, 2.78748108e+02, 4.57993500e+02, 3.00508789e+02,
    4.55988068e+02, 3.22253906e+02, 4.53663147e+02, 3.43541260e+02,
    4.51518738e+02, 3.65106934e+02, 4.41769226e+02, 2.33173828e+02,
    4.39895172e+02, 2.55276627e+02, 4.37912292e+02, 2.77132751e+02,
    4.36032379e+02, 2.99264496e+02, 4.34244629e+02, 3.20973602e+02,
    4.32239716e+02, 3.42533783e+02, 4.30141296e+02, 3.63797852e+02,
    4.19044922e+02, 2.31687119e+02, 4.17401459e+02, 2.53654144e+02,
    4.15690186e+02, 2.75754730e+02, 4.13925079e+02, 2.97663300e+02,
    4.12081329e+02, 3.19333893e+02, 4.10323853e+02, 3.40999298e+02,
    4.08648102e+02, 3.62610809e+02, 3.96455872e+02, 2.30328018e+02,
    3.94847412e+02, 2.52238129e+02, 3.93291321e+02, 2.74158447e+02,
    3.91537231e+02, 2.95898438e+02, 3.89955597e+02, 3.17784241e+02,
    3.88396179e+02, 3.39504822e+02, 3.86684845e+02, 3.61116486e+02,
    3.73925568e+02, 2.28548920e+02, 3.72296082e+02, 2.50681366e+02,
    3.70816650e+02, 2.72435608e+02, 3.69283081e+02, 2.94376526e+02,
    3.67794342e+02, 3.15937103e+02, 3.66267975e+02, 3.37866821e+02,
    3.64786835e+02, 3.59652924e+02, 3.51626617e+02, 2.27264648e+02,
    3.50115448e+02, 2.49029572e+02, 3.48608368e+02, 2.70969818e+02,
    3.47269531e+02, 2.92760651e+02, 3.45763092e+02, 3.14235352e+02,
    3.44233887e+02, 3.35961823e+02, 3.42950989e+02, 3.57871979e+02,
    3.29450714e+02, 2.25724426e+02, 3.27980286e+02, 2.47588348e+02,
    3.26525360e+02, 2.69165649e+02, 3.25080841e+02, 2.91124573e+02,
    3.23824951e+02, 3.12784393e+02, 3.22589142e+02, 3.34175018e+02,
    3.20992218e+02, 3.56074890e+02, 3.07599213e+02, 2.24326431e+02,
    3.06191345e+02, 2.46006546e+02, 3.04654785e+02, 2.67436157e+02,
    3.03307159e+02, 2.89263672e+02, 3.01929260e+02, 3.10946289e+02,
    3.00723175e+02, 3.32678040e+02, 2.99354309e+02, 3.54360199e+02,
    2.85825165e+02, 2.23013290e+02, 2.84403687e+02, 2.44498642e+02,
    2.83105713e+02, 2.65984222e+02, 2.81613922e+02, 2.87538513e+02,
    2.80270721e+02, 3.08952271e+02, 2.79186462e+02, 3.30779053e+02,
    2.77676727e+02, 3.52694031e+02 ]
