%YAML:1.0
---
points: [ 3.50605133e+02, 1.72420242e+02, 3.64253784e+02, 1.85953079e+02,
    3.78003235e+02, 1.99506134e+02, 3.91708771e+02, 2.13023560e+02,
    4.05514069e+02, 2.26480331e+02, 4.19107025e+02, 2.39990967e+02,
    4.32870850e+02, 2.53313721e+02, 3.36945251e+02, 1.86321716e+02,
    3.50659698e+02, 1.99845505e+02, 3.64397369e+02, 2.13368332e+02,
    3.78155884e+02, 2.26781281e+02, 3.92078217e+02, 2.40292679e+02,
    4.05827606e+02, 2.53753052e+02, 4.19387543e+02, 2.67138153e+02,
    3.23547394e+02, 2.00136475e+02, 3.37169647e+02, 2.13662155e+02,
    3.50888092e+02, 2.27161224e+02, 3.64711731e+02, 2.40516052e+02,
    3.78611206e+02, 2.54114319e+02, 3.92388611e+02, 2.67541931e+02,
    4.06171204e+02, 2.80932709e+02, 3.09934082e+02, 2.13961151e+02,
    3.23669220e+02, 2.27370544e+02, 3.37432953e+02, 2.40821884e+02,
    3.51218811e+02, 2.54284637e+02, 3.65170013e+02, 2.67776550e+02,
    3.79014618e+02, 2.81310364e+02, 3.92824524e+02, 2.94748474e+02,
    2.96484253e+02, 2.27686478e+02, 3.10190430e+02, 2.41090744e+02,
    3.23950531e+02, 2.54574112e+02, 3.37785553e+02, 2.67969482e+02,
    3.51711151e+02, 2.81511414e+02, 3.65600037e+02, 2.95028717e+02,
    3.79400482e+02, 3.08548218e+02, 2.83047241e+02, 2.41430405e+02,
    2.96818237e+02, 2.54882706e+02, 3.10626923e+02, 2.68293701e+02,
    3.24459534e+02, 2.81802368e+02, 3.38301605e+02, 2.95361786e+02,
    3.52229797e+02, 3.08913910e+02, 3.66047394e+02, 3.22375946e+02,
    2.69749756e+02, 2.55196625e+02, 2.83431274e+02, 2.68685364e+02,
    2.97304321e+02, 2.82113098e+02, 3.11154755e+02, 2.95595917e+02,
    3.25119385e+02, 3.09159607e+02, 3.38988068e+02, 3.22722839e+02,
    3.52829865e+02, 3.36284332e+02, 2.56295410e+02, 2.68981110e+02,
    2.70186066e+02, 2.82478180e+02, 2.83948883e+02, 2.95913361e+02,
    2.97790497e+02, 3.09532532e+02, 3.11723297e+02, 3.23139343e+02,
    3.25677612e+02, 3.36704376e+02, 3.39499146e+02, 3.50197845e+02,
    2.42917908e+02, 2.82930634e+02, 2.56763092e+02, 2.96408661e+02,
    2.70666077e+02, 3.09988556e+02, 2.84403229e+02, 3.23560089e+02,
    2.98320709e+02, 3.37134430e+02, 3.12251648e+02, 3.50705048e+02,
    3.26061676e+02, 3.64266968e+02 ]
