%YAML:1.0
---
points: [ 7.57462402e+02, 4.98339783e+02, 7.85782898e+02, 5.02023193e+02,
    8.14170166e+02, 5.05293182e+02, 8.42421997e+02, 5.08542877e+02,
    8.70465271e+02, 5.11780334e+02, 8.98539917e+02, 5.14687378e+02,
    9.26697144e+02, 5.18008301e+02, 7.52658936e+02, 5.24586670e+02,
    7.81256714e+02, 5.28221558e+02, 8.09953186e+02, 5.31520020e+02,
    8.38354736e+02, 5.34737976e+02, 8.66598328e+02, 5.38053955e+02,
    8.95269958e+02, 5.41171082e+02, 9.23395142e+02, 5.44343445e+02,
    7.47634766e+02, 5.51180115e+02, 7.76516541e+02, 5.54699036e+02,
    8.05568542e+02, 5.58236145e+02, 8.34092041e+02, 5.61381470e+02,
    8.62921875e+02, 5.64745972e+02, 8.91554871e+02, 5.67747803e+02,
    9.20319336e+02, 5.71076843e+02, 7.42612244e+02, 5.78503052e+02,
    7.71727478e+02, 5.81908142e+02, 8.01141113e+02, 5.85500305e+02,
    8.30009155e+02, 5.88561768e+02, 8.59107178e+02, 5.91994202e+02,
    8.88007202e+02, 5.95292297e+02, 9.16955750e+02, 5.98341553e+02,
    7.37415771e+02, 6.06450623e+02, 7.66911377e+02, 6.09724548e+02,
    7.96490112e+02, 6.13252258e+02, 8.25719788e+02, 6.16590820e+02,
    8.54988281e+02, 6.19756714e+02, 8.84432190e+02, 6.23131775e+02,
    9.13499512e+02, 6.26254456e+02, 7.32228149e+02, 6.34687012e+02,
    7.61805969e+02, 6.38242554e+02, 7.91695679e+02, 6.41517822e+02,
    8.21466919e+02, 6.44880676e+02, 8.50922852e+02, 6.48176270e+02,
    8.80572021e+02, 6.51340088e+02, 9.10200378e+02, 6.54712280e+02,
    7.26568176e+02, 6.63584717e+02, 7.56766602e+02, 6.66849060e+02,
    7.86738953e+02, 6.70409790e+02, 8.16882385e+02, 6.73649780e+02,
    8.46820618e+02, 6.76880310e+02, 8.76673462e+02, 6.80352051e+02,
    9.06600342e+02, 6.83601196e+02, 7.20976562e+02, 6.93077637e+02,
    7.51499634e+02, 6.96521240e+02, 7.81805481e+02, 6.99862061e+02,
    8.12287842e+02, 7.03221558e+02, 8.42628784e+02, 7.06712158e+02,
    8.72744568e+02, 7.09805542e+02, 9.02819824e+02, 7.13334229e+02,
    7.15173096e+02, 7.23339966e+02, 7.45960205e+02, 7.26764771e+02,
    7.76794006e+02, 7.29991943e+02, 8.07425293e+02, 7.33540039e+02,
    8.38253601e+02, 7.36911255e+02, 8.68791870e+02, 7.40311523e+02,
    8.99281677e+02, 7.43723816e+02 ]
