%YAML:1.0
---
points: [ 5.47321716e+02, 3.56310974e+02, 5.98380676e+02, 3.64578949e+02,
    6.49865417e+02, 3.72665802e+02, 7.01881226e+02, 3.81318970e+02,
    7.54224487e+02, 3.89514740e+02, 8.07088257e+02, 3.98047699e+02,
    8.60242004e+02, 4.06677246e+02, 5.45606079e+02, 4.09318451e+02,
    5.96209045e+02, 4.17695770e+02, 6.47284363e+02, 4.26065796e+02,
    6.98416382e+02, 4.34421539e+02, 7.49998718e+02, 4.43089233e+02,
    8.02087524e+02, 4.51527130e+02, 8.54441772e+02, 4.60402954e+02,
    5.44058899e+02, 4.60848114e+02, 5.93883484e+02, 4.69392517e+02,
    6.44262146e+02, 4.77707825e+02, 6.94961182e+02, 4.86404419e+02,
    7.45722290e+02, 4.94911682e+02, 7.97094421e+02, 5.03607605e+02,
    8.48778442e+02, 5.12779053e+02, 5.42645630e+02, 5.11148499e+02,
    5.91690979e+02, 5.19481506e+02, 6.41486023e+02, 5.28202087e+02,
    6.91489197e+02, 5.36684692e+02, 7.41747742e+02, 5.45457642e+02,
    7.92300781e+02, 5.54444397e+02, 8.43425659e+02, 5.63601807e+02,
    5.40630310e+02, 5.60256592e+02, 5.89552979e+02, 5.68721191e+02,
    6.38626648e+02, 5.77110291e+02, 6.88004700e+02, 5.86134827e+02,
    7.37555115e+02, 5.94869934e+02, 7.87403748e+02, 6.03764099e+02,
    8.37803406e+02, 6.13412598e+02, 5.38670715e+02, 6.08299927e+02,
    5.86741638e+02, 6.16908813e+02, 6.35431213e+02, 6.25461731e+02,
    6.84372070e+02, 6.34254333e+02, 7.33234802e+02, 6.43363525e+02,
    7.82469238e+02, 6.52440002e+02, 8.32246521e+02, 6.62111450e+02,
    5.36735046e+02, 6.55249451e+02, 5.84454468e+02, 6.63980591e+02,
    6.32474121e+02, 6.72468262e+02, 6.80669189e+02, 6.81492615e+02,
    7.28923523e+02, 6.90549744e+02, 7.77685852e+02, 6.99805237e+02,
    8.26800232e+02, 7.09612122e+02, 5.34667175e+02, 7.01316956e+02,
    5.81704773e+02, 7.09685303e+02, 6.29159546e+02, 7.18568604e+02,
    6.77054932e+02, 7.27510925e+02, 7.24774231e+02, 7.36598389e+02,
    7.73114380e+02, 7.46073364e+02, 8.21572815e+02, 7.56129333e+02,
    5.32598206e+02, 7.46266785e+02, 5.79181396e+02, 7.55106689e+02,
    6.26198364e+02, 7.63864929e+02, 6.73380615e+02, 7.72725464e+02,
    7.20626648e+02, 7.81982605e+02, 7.68427246e+02, 7.91635681e+02,
    8.16301331e+02, 8.01808594e+02 ]
