%YAML:1.0
---
points: [ 4.27284271e+02, 3.03986755e+02, 4.10647217e+02, 3.13363586e+02,
    3.93864899e+02, 3.22851959e+02, 3.77154266e+02, 3.32339142e+02,
    3.60306061e+02, 3.41874481e+02, 3.43483398e+02, 3.51296265e+02,
    3.26630432e+02, 3.60982697e+02, 4.18144440e+02, 2.87263916e+02,
    4.01347839e+02, 2.96627502e+02, 3.84565247e+02, 3.06056244e+02,
    3.67710541e+02, 3.15470520e+02, 3.50890686e+02, 3.24957245e+02,
    3.34174347e+02, 3.34446960e+02, 3.17244232e+02, 3.44093597e+02,
    4.08801819e+02, 2.70389069e+02, 3.92009338e+02, 2.79854126e+02,
    3.75134888e+02, 2.89151703e+02, 3.58269409e+02, 2.98566467e+02,
    3.41415863e+02, 3.08011932e+02, 3.24650909e+02, 3.17463806e+02,
    3.07820496e+02, 3.27083771e+02, 3.99349182e+02, 2.53593781e+02,
    3.82529541e+02, 2.63021484e+02, 3.65708923e+02, 2.72311218e+02,
    3.48767090e+02, 2.81710358e+02, 3.31885284e+02, 2.91101227e+02,
    3.15197083e+02, 3.00622864e+02, 2.98427032e+02, 3.10141602e+02,
    3.90028168e+02, 2.36774216e+02, 3.73082825e+02, 2.46166458e+02,
    3.56232788e+02, 2.55438461e+02, 3.39224213e+02, 2.64804626e+02,
    3.22515259e+02, 2.74238953e+02, 3.05759583e+02, 2.83648529e+02,
    2.89044128e+02, 2.93207458e+02, 3.80625702e+02, 2.20015274e+02,
    3.63680206e+02, 2.29273621e+02, 3.46773926e+02, 2.38681503e+02,
    3.29985596e+02, 2.48055283e+02, 3.13122833e+02, 2.57342621e+02,
    2.96368286e+02, 2.66800323e+02, 2.79639313e+02, 2.76336334e+02,
    3.71234772e+02, 2.03153427e+02, 3.54234894e+02, 2.12519058e+02,
    3.37403534e+02, 2.21904739e+02, 3.20547272e+02, 2.31258041e+02,
    3.03821136e+02, 2.40595444e+02, 2.87012146e+02, 2.50112579e+02,
    2.70250885e+02, 2.59514130e+02, 3.61835876e+02, 1.86347488e+02,
    3.44920197e+02, 1.95781708e+02, 3.28104004e+02, 2.05167221e+02,
    3.11254150e+02, 2.14554276e+02, 2.94464081e+02, 2.23865997e+02,
    2.77701569e+02, 2.33268478e+02, 2.60968689e+02, 2.42706345e+02,
    3.52583374e+02, 1.69534378e+02, 3.35642120e+02, 1.79006638e+02,
    3.18784424e+02, 1.88360336e+02, 3.01911591e+02, 1.97771637e+02,
    2.85186127e+02, 2.07125305e+02, 2.68419373e+02, 2.16410324e+02,
    2.51481720e+02, 2.25777649e+02 ]
