%YAML:1.0
---
points: [ 4.46708252e+02, 3.65744568e+02, 4.25867828e+02, 3.65872040e+02,
    4.04670715e+02, 3.65377533e+02, 3.83235107e+02, 3.64765442e+02,
    3.61784149e+02, 3.64114441e+02, 3.40360962e+02, 3.63350403e+02,
    3.19226318e+02, 3.62504395e+02, 4.48307892e+02, 3.45418152e+02,
    4.27030731e+02, 3.45175079e+02, 4.05520477e+02, 3.44679688e+02,
    3.84008301e+02, 3.44028229e+02, 3.62367828e+02, 3.43205505e+02,
    3.41052429e+02, 3.42434631e+02, 3.19491211e+02, 3.41928406e+02,
    4.49618835e+02, 3.24825562e+02, 4.28063293e+02, 3.24391388e+02,
    4.06368591e+02, 3.23730255e+02, 3.84540710e+02, 3.23103027e+02,
    3.62901184e+02, 3.22314514e+02, 3.41324371e+02, 3.21586853e+02,
    3.20046844e+02, 3.20921509e+02, 4.50407745e+02, 3.03717834e+02,
    4.28864349e+02, 3.03275421e+02, 4.07017822e+02, 3.02639282e+02,
    3.85032196e+02, 3.02116089e+02, 3.63305511e+02, 3.01279388e+02,
    3.41645538e+02, 3.00561615e+02, 3.20272644e+02, 2.99866821e+02,
    4.51418121e+02, 2.82554779e+02, 4.29571625e+02, 2.82095947e+02,
    4.07748199e+02, 2.81498840e+02, 3.85621429e+02, 2.80815857e+02,
    3.63834625e+02, 2.80243713e+02, 3.42143890e+02, 2.79654022e+02,
    3.20624817e+02, 2.78910339e+02, 4.52247437e+02, 2.61259064e+02,
    4.30434021e+02, 2.60612457e+02, 4.08366638e+02, 2.60164337e+02,
    3.86186859e+02, 2.59709625e+02, 3.64366516e+02, 2.59100311e+02,
    3.42544067e+02, 2.58459839e+02, 3.21101318e+02, 2.57989532e+02,
    4.53169067e+02, 2.39509201e+02, 4.31327637e+02, 2.39241852e+02,
    4.09082123e+02, 2.38822937e+02, 3.86875061e+02, 2.38217667e+02,
    3.64788605e+02, 2.38021240e+02, 3.42869843e+02, 2.37370926e+02,
    3.21456879e+02, 2.37090744e+02, 4.54120209e+02, 2.18107941e+02,
    4.32087189e+02, 2.17709335e+02, 4.09820160e+02, 2.17312790e+02,
    3.87418060e+02, 2.16954651e+02, 3.65381134e+02, 2.16504715e+02,
    3.43628326e+02, 2.16105652e+02, 3.21851593e+02, 2.15888489e+02,
    4.54850311e+02, 1.96072525e+02, 4.32816162e+02, 1.95882950e+02,
    4.10573517e+02, 1.95706909e+02, 3.88232697e+02, 1.95395340e+02,
    3.66044647e+02, 1.95025787e+02, 3.44132355e+02, 1.94918579e+02,
    3.22451111e+02, 1.94537399e+02 ]
