%YAML:1.0
---
points: [ 1.01438306e+03, 4.78679138e+02, 1.07747864e+03, 4.79535248e+02,
    1.14131580e+03, 4.80376831e+02, 1.20548022e+03, 4.81115692e+02,
    1.27064563e+03, 4.81669464e+02, 1.33694751e+03, 4.82375641e+02,
    1.40377002e+03, 4.83105835e+02, 1.01335083e+03, 5.41310974e+02,
    1.07623889e+03, 5.42286560e+02, 1.13967383e+03, 5.43399475e+02,
    1.20365076e+03, 5.44451904e+02, 1.26898914e+03, 5.45397034e+02,
    1.33472632e+03, 5.46485840e+02, 1.40154211e+03, 5.47604797e+02,
    1.01234320e+03, 6.03455322e+02, 1.07515979e+03, 6.04499695e+02,
    1.13857324e+03, 6.05759521e+02, 1.20236401e+03, 6.07278564e+02,
    1.26742114e+03, 6.08570251e+02, 1.33308643e+03, 6.10186279e+02,
    1.39965588e+03, 6.11722839e+02, 1.01145331e+03, 6.65555054e+02,
    1.07415149e+03, 6.66718689e+02, 1.13748535e+03, 6.68263916e+02,
    1.20114917e+03, 6.69933289e+02, 1.26573999e+03, 6.71562683e+02,
    1.33158777e+03, 6.73549316e+02, 1.39763245e+03, 6.75470764e+02,
    1.01043488e+03, 7.27338013e+02, 1.07299268e+03, 7.28687805e+02,
    1.13633923e+03, 7.30452454e+02, 1.19994165e+03, 7.32517456e+02,
    1.26454517e+03, 7.34515869e+02, 1.32985876e+03, 7.36752686e+02,
    1.39609509e+03, 7.39037231e+02, 1.00941681e+03, 7.88990723e+02,
    1.07205518e+03, 7.90749146e+02, 1.13517480e+03, 7.92567993e+02,
    1.19879065e+03, 7.95203979e+02, 1.26348376e+03, 7.97449707e+02,
    1.32862878e+03, 8.00049622e+02, 1.39440637e+03, 8.02314819e+02,
    1.00851819e+03, 8.50798340e+02, 1.07109656e+03, 8.52798401e+02,
    1.13428247e+03, 8.55228699e+02, 1.19787256e+03, 8.57554993e+02,
    1.26246997e+03, 8.60374695e+02, 1.32767261e+03, 8.63177185e+02,
    1.39305640e+03, 8.65724426e+02, 1.00761804e+03, 9.12883850e+02,
    1.07033728e+03, 9.14933044e+02, 1.13345020e+03, 9.17457703e+02,
    1.19689319e+03, 9.20180481e+02, 1.26127625e+03, 9.23145264e+02,
    1.32629407e+03, 9.26105347e+02, 1.39153516e+03, 9.28934021e+02,
    1.00687817e+03, 9.75118713e+02, 1.06953284e+03, 9.77309875e+02,
    1.13268896e+03, 9.80156555e+02, 1.19595923e+03, 9.82602417e+02,
    1.26020642e+03, 9.85740417e+02, 1.32470215e+03, 9.88677307e+02,
    1.39000623e+03, 9.91821167e+02 ]
