%YAML:1.0
---
points: [ 1.04745618e+03, 6.13801575e+02, 1.12481946e+03, 6.12832886e+02,
    1.20269263e+03, 6.12597412e+02, 1.28069849e+03, 6.12656738e+02,
    1.35981689e+03, 6.13307068e+02, 1.43883984e+03, 6.13945679e+02,
    1.51831567e+03, 6.14924438e+02, 1.04278601e+03, 6.69422241e+02,
    1.11708582e+03, 6.68218506e+02, 1.19152307e+03, 6.67697754e+02,
    1.26634644e+03, 6.67919067e+02, 1.34183118e+03, 6.68740234e+02,
    1.41761560e+03, 6.69573486e+02, 1.49322131e+03, 6.70379822e+02,
    1.03859753e+03, 7.20487549e+02, 1.10998755e+03, 7.19218018e+02,
    1.18153540e+03, 7.18865051e+02, 1.25333630e+03, 7.19223938e+02,
    1.32566284e+03, 7.19811646e+02, 1.39823755e+03, 7.20616638e+02,
    1.47094434e+03, 7.21591614e+02, 1.03463513e+03, 7.67541016e+02,
    1.10341309e+03, 7.66475952e+02, 1.17219128e+03, 7.66106628e+02,
    1.24128992e+03, 7.66554688e+02, 1.31077014e+03, 7.67021301e+02,
    1.38053174e+03, 7.67930237e+02, 1.45016724e+03, 7.68641785e+02,
    1.03115894e+03, 8.11024231e+02, 1.09714172e+03, 8.09801331e+02,
    1.16370532e+03, 8.09659668e+02, 1.22986499e+03, 8.10167908e+02,
    1.29695459e+03, 8.10676392e+02, 1.36382434e+03, 8.11486694e+02,
    1.43094250e+03, 8.12504700e+02, 1.02776550e+03, 8.51749023e+02,
    1.09166687e+03, 8.50931458e+02, 1.15567395e+03, 8.50732117e+02,
    1.21980994e+03, 8.51253357e+02, 1.28440686e+03, 8.51769226e+02,
    1.34888940e+03, 8.52549561e+02, 1.41321082e+03, 8.53056763e+02,
    1.02477075e+03, 8.90532227e+02, 1.08653015e+03, 8.89616333e+02,
    1.14858655e+03, 8.89459595e+02, 1.21052820e+03, 8.89807800e+02,
    1.27264673e+03, 8.90379639e+02, 1.33475659e+03, 8.91060364e+02,
    1.39737402e+03, 8.91659363e+02, 1.02206061e+03, 9.26520508e+02,
    1.08173792e+03, 9.25773499e+02, 1.14177966e+03, 9.25503235e+02,
    1.20164136e+03, 9.25785461e+02, 1.26162195e+03, 9.26284851e+02,
    1.32187354e+03, 9.26963501e+02, 1.38189746e+03, 9.27561951e+02,
    1.01938171e+03, 9.60423645e+02, 1.07734119e+03, 9.59760864e+02,
    1.13549390e+03, 9.59695435e+02, 1.19330835e+03, 9.59735107e+02,
    1.25152979e+03, 9.59989990e+02, 1.30955713e+03, 9.60450562e+02,
    1.36781738e+03, 9.61004272e+02 ]
