%YAML:1.0
---
points: [ 2.45596283e+02, 3.15948822e+02, 2.31903488e+02, 3.29673126e+02,
    2.18130142e+02, 3.43500641e+02, 2.04261887e+02, 3.57284180e+02,
    1.90445938e+02, 3.71069763e+02, 1.76698135e+02, 3.84587708e+02,
    1.63046448e+02, 3.98339630e+02, 2.31997635e+02, 3.02157135e+02,
    2.18276245e+02, 3.15821686e+02, 2.04449356e+02, 3.29699036e+02,
    1.90659439e+02, 3.43411957e+02, 1.76831070e+02, 3.57256500e+02,
    1.63116135e+02, 3.71069122e+02, 1.49327484e+02, 3.84401764e+02,
    2.18447357e+02, 2.88402832e+02, 2.04751282e+02, 3.02151245e+02,
    1.90885986e+02, 3.16005432e+02, 1.77067413e+02, 3.29777405e+02,
    1.63190598e+02, 3.43610077e+02, 1.49390305e+02, 3.57318512e+02,
    1.35541168e+02, 3.71127594e+02, 2.05014557e+02, 2.74707764e+02,
    1.91206985e+02, 2.88549011e+02, 1.77352036e+02, 3.02245026e+02,
    1.63380234e+02, 3.16021454e+02, 1.49550568e+02, 3.29874146e+02,
    1.35644974e+02, 3.43639587e+02, 1.21852669e+02, 3.57329681e+02,
    1.91349930e+02, 2.61064758e+02, 1.77458054e+02, 2.74796631e+02,
    1.63661087e+02, 2.88420288e+02, 1.49723358e+02, 3.02356384e+02,
    1.35879608e+02, 3.16164673e+02, 1.21950104e+02, 3.29991974e+02,
    1.08176430e+02, 3.43681030e+02, 1.77673279e+02, 2.47408020e+02,
    1.63816193e+02, 2.61195862e+02, 1.49972458e+02, 2.74965027e+02,
    1.36060593e+02, 2.88752258e+02, 1.22110146e+02, 3.02485352e+02,
    1.08169777e+02, 3.16346008e+02, 9.43661575e+01, 3.30064301e+02,
    1.63955750e+02, 2.33929321e+02, 1.50092606e+02, 2.47548508e+02,
    1.36161438e+02, 2.61276184e+02, 1.22152634e+02, 2.75071167e+02,
    1.08285362e+02, 2.88787628e+02, 9.43290405e+01, 3.02649231e+02,
    8.05734329e+01, 3.16281464e+02, 1.50099335e+02, 2.20219284e+02,
    1.36295532e+02, 2.33802216e+02, 1.22324394e+02, 2.47615829e+02,
    1.08419952e+02, 2.61394379e+02, 9.46005707e+01, 2.75125549e+02,
    8.06834183e+01, 2.88899689e+02, 6.70586472e+01, 3.02550262e+02,
    1.36277252e+02, 2.06560394e+02, 1.22465202e+02, 2.20154037e+02,
    1.08471062e+02, 2.33901840e+02, 9.44989090e+01, 2.47624771e+02,
    8.07701874e+01, 2.61278839e+02, 6.69736252e+01, 2.75103943e+02,
    5.33555908e+01, 2.88717072e+02 ]
