%YAML:1.0
---
points: [ 8.98278381e+02, 3.66709045e+02, 8.69655945e+02, 3.70783386e+02,
    8.41167908e+02, 3.74637329e+02, 8.12793640e+02, 3.78311951e+02,
    7.84706177e+02, 3.82024933e+02, 7.56661865e+02, 3.85612366e+02,
    7.28825928e+02, 3.89065643e+02, 8.95731567e+02, 3.37982330e+02,
    8.67125183e+02, 3.41934357e+02, 8.38616516e+02, 3.45828003e+02,
    8.10590576e+02, 3.49721527e+02, 7.82300964e+02, 3.53576996e+02,
    7.54419128e+02, 3.57142548e+02, 7.26676147e+02, 3.60671387e+02,
    8.93063416e+02, 3.08969421e+02, 8.64594543e+02, 3.13262299e+02,
    8.36234436e+02, 3.17392700e+02, 8.07907532e+02, 3.21239288e+02,
    7.79952515e+02, 3.24925568e+02, 7.52141418e+02, 3.28765961e+02,
    7.24257751e+02, 3.32567230e+02, 8.90544861e+02, 2.80322357e+02,
    8.61879272e+02, 2.84593842e+02, 8.33563293e+02, 2.88643951e+02,
    8.05592834e+02, 2.92612183e+02, 7.77466614e+02, 2.96700745e+02,
    7.49580994e+02, 3.00544769e+02, 7.22045105e+02, 3.04316681e+02,
    8.87849915e+02, 2.51489319e+02, 8.59530029e+02, 2.55984039e+02,
    8.31262146e+02, 2.60393677e+02, 8.03116882e+02, 2.64444092e+02,
    7.75098755e+02, 2.68453217e+02, 7.47401062e+02, 2.72263794e+02,
    7.19609375e+02, 2.76265015e+02, 8.85438110e+02, 2.22985870e+02,
    8.56904236e+02, 2.27491959e+02, 8.28607666e+02, 2.31842026e+02,
    8.00643127e+02, 2.35841156e+02, 7.72582153e+02, 2.40097672e+02,
    7.44799622e+02, 2.44242462e+02, 7.17411926e+02, 2.48262283e+02,
    8.82567200e+02, 1.94297989e+02, 8.54322144e+02, 1.98767792e+02,
    8.26135559e+02, 2.03368805e+02, 7.97920227e+02, 2.07637146e+02,
    7.70043396e+02, 2.11962601e+02, 7.42428467e+02, 2.15947235e+02,
    7.14750916e+02, 2.20008286e+02, 8.80159302e+02, 1.65729736e+02,
    8.51606689e+02, 1.70434937e+02, 8.23466736e+02, 1.75158432e+02,
    7.95468201e+02, 1.79405029e+02, 7.67551208e+02, 1.83619019e+02,
    7.39774841e+02, 1.87773819e+02, 7.12418274e+02, 1.92032425e+02,
    8.77329590e+02, 1.37190536e+02, 8.49062073e+02, 1.41930222e+02,
    8.20842041e+02, 1.46461349e+02, 7.92739685e+02, 1.51043640e+02,
    7.65053040e+02, 1.55501114e+02, 7.37503174e+02, 1.59988220e+02,
    7.10056274e+02, 1.64137482e+02 ]
