%YAML:1.0
---
points: [ 3.44050598e+02, 2.40484497e+02, 3.70622589e+02, 2.40280106e+02,
    3.97158508e+02, 2.40089066e+02, 4.23486969e+02, 2.40099716e+02,
    4.49625580e+02, 2.40046829e+02, 4.74751251e+02, 2.40493668e+02,
    4.99530609e+02, 2.40086227e+02, 3.40238647e+02, 2.59313721e+02,
    3.65517334e+02, 2.59040649e+02, 3.91015533e+02, 2.58950409e+02,
    4.16319397e+02, 2.58929291e+02, 4.41155212e+02, 2.59133484e+02,
    4.65982452e+02, 2.58860077e+02, 4.89353760e+02, 2.59105865e+02,
    3.36736633e+02, 2.76798523e+02, 3.61043915e+02, 2.76493439e+02,
    3.85435944e+02, 2.76287659e+02, 4.09768494e+02, 2.76261902e+02,
    4.33833069e+02, 2.76240814e+02, 4.57214844e+02, 2.76427307e+02,
    4.80640808e+02, 2.75828491e+02, 3.33420776e+02, 2.92678131e+02,
    3.56825134e+02, 2.92326935e+02, 3.80220764e+02, 2.92262268e+02,
    4.03557068e+02, 2.92261475e+02, 4.26708374e+02, 2.92353241e+02,
    4.49649994e+02, 2.92109344e+02, 4.71582520e+02, 2.92154114e+02,
    3.30376862e+02, 3.07401367e+02, 3.52948730e+02, 3.07118195e+02,
    3.75452728e+02, 3.07058502e+02, 3.97985535e+02, 3.06919739e+02,
    4.20225342e+02, 3.06975494e+02, 4.42095734e+02, 3.07018982e+02,
    4.63750305e+02, 3.06551849e+02, 3.27692352e+02, 3.21235168e+02,
    3.49352844e+02, 3.21020386e+02, 3.70996094e+02, 3.20889832e+02,
    3.92707428e+02, 3.20956268e+02, 4.14283905e+02, 3.20761871e+02,
    4.35433411e+02, 3.20575989e+02, 4.56022369e+02, 3.20423737e+02,
    3.25186401e+02, 3.34212402e+02, 3.46144531e+02, 3.34001953e+02,
    3.66836212e+02, 3.33695435e+02, 3.87864075e+02, 3.33816559e+02,
    4.08618774e+02, 3.33625397e+02, 4.29181671e+02, 3.33501495e+02,
    4.49286469e+02, 3.32986115e+02, 3.22814545e+02, 3.46371582e+02,
    3.42910492e+02, 3.46121521e+02, 3.63192810e+02, 3.45960663e+02,
    3.83234100e+02, 3.45782196e+02, 4.03425964e+02, 3.45705414e+02,
    4.23122314e+02, 3.45356781e+02, 4.42701691e+02, 3.45194916e+02,
    3.20410614e+02, 3.57704773e+02, 3.40191406e+02, 3.57421814e+02,
    3.59652191e+02, 3.57173706e+02, 3.79151428e+02, 3.57185608e+02,
    3.98376587e+02, 3.56875977e+02, 4.17704559e+02, 3.56664734e+02,
    4.36255798e+02, 3.56052948e+02 ]
