%YAML:1.0
---
points: [ 4.59077637e+02, 3.24910645e+02, 4.38111420e+02, 3.27757416e+02,
    4.16907440e+02, 3.29914215e+02, 3.95733795e+02, 3.32215240e+02,
    3.74705505e+02, 3.34315186e+02, 3.53725800e+02, 3.36310974e+02,
    3.32974365e+02, 3.38159210e+02, 4.52438477e+02, 3.05142426e+02,
    4.31867859e+02, 3.07635529e+02, 4.11139832e+02, 3.09975983e+02,
    3.90499969e+02, 3.12142365e+02, 3.69939209e+02, 3.14338470e+02,
    3.49750336e+02, 3.15997772e+02, 3.29589813e+02, 3.18164459e+02,
    4.46088867e+02, 2.86199738e+02, 4.25710632e+02, 2.88547241e+02,
    4.05596039e+02, 2.90881989e+02, 3.85436554e+02, 2.93176544e+02,
    3.65443359e+02, 2.95175049e+02, 3.45751953e+02, 2.97155029e+02,
    3.26264221e+02, 2.99078674e+02, 4.39628326e+02, 2.68194519e+02,
    4.19994751e+02, 2.70657715e+02, 4.00192993e+02, 2.72894745e+02,
    3.80605591e+02, 2.75186401e+02, 3.61163818e+02, 2.77229828e+02,
    3.42082275e+02, 2.79395355e+02, 3.23174988e+02, 2.81216125e+02,
    4.33580231e+02, 2.51249603e+02, 4.14259674e+02, 2.53574509e+02,
    3.95130981e+02, 2.55923431e+02, 3.76037628e+02, 2.58157593e+02,
    3.57212616e+02, 2.60432068e+02, 3.38586853e+02, 2.62431732e+02,
    3.20267273e+02, 2.64318695e+02, 4.27708344e+02, 2.35124176e+02,
    4.08965881e+02, 2.37496399e+02, 3.90239380e+02, 2.39771255e+02,
    3.71734650e+02, 2.42113449e+02, 3.53451080e+02, 2.44230988e+02,
    3.35344849e+02, 2.46343201e+02, 3.17579193e+02, 2.48291016e+02,
    4.22122955e+02, 2.19673752e+02, 4.03908630e+02, 2.22196945e+02,
    3.85670349e+02, 2.24435440e+02, 3.67631927e+02, 2.26783676e+02,
    3.49937225e+02, 2.29113144e+02, 3.32282043e+02, 2.31262070e+02,
    3.14962128e+02, 2.33201477e+02, 4.16964905e+02, 2.05115509e+02,
    3.99086609e+02, 2.07554916e+02, 3.81275421e+02, 2.10060226e+02,
    3.63858185e+02, 2.12526764e+02, 3.46519501e+02, 2.14847122e+02,
    3.29435974e+02, 2.16912949e+02, 3.12539673e+02, 2.18951462e+02,
    4.12152252e+02, 1.91263321e+02, 3.94514435e+02, 1.93842712e+02,
    3.77401550e+02, 1.96286133e+02, 3.60164642e+02, 1.98757355e+02,
    3.43387695e+02, 2.01022598e+02, 3.26703918e+02, 2.03206589e+02,
    3.10243042e+02, 2.05282425e+02 ]
