%YAML:1.0
---
points: [ 1.42666052e+03, 8.67322144e+02, 1.36190332e+03, 8.73499512e+02,
    1.29819531e+03, 8.79630920e+02, 1.23523242e+03, 8.85351196e+02,
    1.17348914e+03, 8.91150940e+02, 1.11220728e+03, 8.96737427e+02,
    1.05173621e+03, 9.02390747e+02, 1.40804675e+03, 8.06562012e+02,
    1.34543689e+03, 8.12856750e+02, 1.28365100e+03, 8.18841187e+02,
    1.22275464e+03, 8.24886292e+02, 1.16300073e+03, 8.30790100e+02,
    1.10376404e+03, 8.36791138e+02, 1.04527039e+03, 8.42501709e+02,
    1.39064819e+03, 7.49439087e+02, 1.32999243e+03, 7.55822083e+02,
    1.27015747e+03, 7.62237244e+02, 1.21127673e+03, 7.68430908e+02,
    1.15337024e+03, 7.74636963e+02, 1.09591211e+03, 7.80578003e+02,
    1.03929724e+03, 7.86390259e+02, 1.37411536e+03, 6.96058899e+02,
    1.31545996e+03, 7.02529785e+02, 1.25742078e+03, 7.09043762e+02,
    1.20038281e+03, 7.15516235e+02, 1.14407275e+03, 7.21795471e+02,
    1.08861938e+03, 7.27996338e+02, 1.03366272e+03, 7.33854736e+02,
    1.35863037e+03, 6.45322144e+02, 1.30162805e+03, 6.52215210e+02,
    1.24533508e+03, 6.59092163e+02, 1.18996399e+03, 6.65586121e+02,
    1.13560413e+03, 6.71823914e+02, 1.08157654e+03, 6.78130493e+02,
    1.02843628e+03, 6.83950256e+02, 1.34421558e+03, 5.97437866e+02,
    1.28876758e+03, 6.04457214e+02, 1.23430774e+03, 6.11519348e+02,
    1.18042029e+03, 6.18189087e+02, 1.12755310e+03, 6.24589478e+02,
    1.07528333e+03, 6.30901917e+02, 1.02337408e+03, 6.36942261e+02,
    1.33039075e+03, 5.52198547e+02, 1.27659290e+03, 5.59491699e+02,
    1.22349829e+03, 5.66458618e+02, 1.17132629e+03, 5.73371521e+02,
    1.12008105e+03, 5.80132202e+02, 1.06922021e+03, 5.86437378e+02,
    1.01867236e+03, 5.92398438e+02, 1.31748108e+03, 5.09330200e+02,
    1.26513318e+03, 5.16944214e+02, 1.21359766e+03, 5.24056885e+02,
    1.16289197e+03, 5.31167603e+02, 1.11282581e+03, 5.37900085e+02,
    1.06347424e+03, 5.44354248e+02, 1.01430933e+03, 5.50319214e+02,
    1.30545300e+03, 4.68549103e+02, 1.25453259e+03, 4.76149475e+02,
    1.20436841e+03, 4.83544250e+02, 1.15470142e+03, 4.90839111e+02,
    1.10622021e+03, 4.97514343e+02, 1.05789014e+03, 5.03995667e+02,
    1.01020099e+03, 5.10231293e+02 ]
