%YAML:1.0
---
points: [ 1.02796616e+02, 1.92837158e+02, 1.21654907e+02, 1.98358307e+02,
    1.40459259e+02, 2.03808624e+02, 1.59368149e+02, 2.09289581e+02,
    1.78183823e+02, 2.14644012e+02, 1.96879089e+02, 2.20221649e+02,
    2.15653091e+02, 2.25541168e+02, 9.76925278e+01, 2.11709122e+02,
    1.16416374e+02, 2.17045288e+02, 1.35318619e+02, 2.22415543e+02,
    1.54172699e+02, 2.27838074e+02, 1.72874634e+02, 2.33232178e+02,
    1.91587387e+02, 2.38710739e+02, 2.10324997e+02, 2.44067612e+02,
    9.25875168e+01, 2.30336319e+02, 1.11273201e+02, 2.35747650e+02,
    1.30134888e+02, 2.41079132e+02, 1.48821564e+02, 2.46366867e+02,
    1.67584030e+02, 2.51810501e+02, 1.86285294e+02, 2.57298096e+02,
    2.05003052e+02, 2.62738739e+02, 8.77222366e+01, 2.48871948e+02,
    1.06220322e+02, 2.54240143e+02, 1.24815063e+02, 2.59500092e+02,
    1.43646667e+02, 2.64908112e+02, 1.62322449e+02, 2.70296661e+02,
    1.81066406e+02, 2.75742859e+02, 1.99636765e+02, 2.81247925e+02,
    8.26166077e+01, 2.67378113e+02, 1.00997597e+02, 2.72762665e+02,
    1.19706314e+02, 2.78102783e+02, 1.38380081e+02, 2.83440826e+02,
    1.57101898e+02, 2.88833527e+02, 1.75636307e+02, 2.94301270e+02,
    1.94216980e+02, 2.99877136e+02, 7.76337204e+01, 2.85797241e+02,
    9.60956497e+01, 2.91241760e+02, 1.14438438e+02, 2.96609497e+02,
    1.33151108e+02, 3.02043640e+02, 1.51619659e+02, 3.07428955e+02,
    1.70268555e+02, 3.12967957e+02, 1.88703369e+02, 3.18576752e+02,
    7.28409576e+01, 3.04015991e+02, 9.09744034e+01, 3.09426056e+02,
    1.09364853e+02, 3.14963531e+02, 1.27762077e+02, 3.20418701e+02,
    1.46293808e+02, 3.25954803e+02, 1.64762054e+02, 3.31528381e+02,
    1.83261383e+02, 3.37289642e+02, 6.81925125e+01, 3.22137451e+02,
    8.62226639e+01, 3.27678650e+02, 1.04327766e+02, 3.33229218e+02,
    1.22740189e+02, 3.38786469e+02, 1.41034882e+02, 3.44255371e+02,
    1.59460861e+02, 3.49988495e+02, 1.77881531e+02, 3.55779755e+02,
    6.36741829e+01, 3.39910248e+02, 8.15153198e+01, 3.45709564e+02,
    9.95154037e+01, 3.51348175e+02, 1.17679558e+02, 3.57134674e+02,
    1.35983261e+02, 3.62632172e+02, 1.54241516e+02, 3.68431396e+02,
    1.72603302e+02, 3.74188965e+02 ]
