%YAML:1.0
---
points: [ 9.06708313e+02, 2.58874908e+02, 9.50650696e+02, 2.68158295e+02,
    9.95797913e+02, 2.77603088e+02, 1.04191895e+03, 2.87415588e+02,
    1.08884436e+03, 2.97389099e+02, 1.13740686e+03, 3.07531250e+02,
    1.18692017e+03, 3.18110199e+02, 9.05034729e+02, 3.03106781e+02,
    9.47825867e+02, 3.12647949e+02, 9.91387817e+02, 3.22224304e+02,
    1.03644592e+03, 3.32346832e+02, 1.08207324e+03, 3.42329742e+02,
    1.12900867e+03, 3.52796448e+02, 1.17724951e+03, 3.63551941e+02,
    9.03253235e+02, 3.44917542e+02, 9.45015747e+02, 3.54619476e+02,
    9.87543091e+02, 3.64605774e+02, 1.03137146e+03, 3.74650848e+02,
    1.07559265e+03, 3.84962158e+02, 1.12147192e+03, 3.95687683e+02,
    1.16798828e+03, 4.06904907e+02, 9.01816101e+02, 3.84484497e+02,
    9.42509399e+02, 3.94434235e+02, 9.84058472e+02, 4.04493500e+02,
    1.02651819e+03, 4.14602356e+02, 1.06975830e+03, 4.25225830e+02,
    1.11409436e+03, 4.35975769e+02, 1.15948450e+03, 4.47428802e+02,
    9.00364258e+02, 4.22611359e+02, 9.39899780e+02, 4.32410431e+02,
    9.80460205e+02, 4.42576904e+02, 1.02182764e+03, 4.53082489e+02,
    1.06408301e+03, 4.63641022e+02, 1.10711499e+03, 4.74625793e+02,
    1.15115356e+03, 4.86382721e+02, 8.98620483e+02, 4.58721375e+02,
    9.37459534e+02, 4.68896545e+02, 9.76779846e+02, 4.79074799e+02,
    1.01733069e+03, 4.89617859e+02, 1.05839062e+03, 5.00449188e+02,
    1.10036414e+03, 5.11672150e+02, 1.14329590e+03, 5.23441528e+02,
    8.97209656e+02, 4.93284698e+02, 9.34875244e+02, 5.03484314e+02,
    9.73659119e+02, 5.13721558e+02, 1.01287860e+03, 5.24455505e+02,
    1.05315735e+03, 5.35308777e+02, 1.09403503e+03, 5.46697754e+02,
    1.13574146e+03, 5.58592773e+02, 8.95718933e+02, 5.26407471e+02,
    9.32658936e+02, 5.36509094e+02, 9.70397461e+02, 5.46943726e+02,
    1.00888092e+03, 5.57485535e+02, 1.04808154e+03, 5.68603210e+02,
    1.08794360e+03, 5.80145813e+02, 1.12864417e+03, 5.91851501e+02,
    8.94326050e+02, 5.58277039e+02, 9.30439148e+02, 5.68376892e+02,
    9.67408997e+02, 5.78632935e+02, 1.00508459e+03, 5.89479797e+02,
    1.04328223e+03, 6.00579590e+02, 1.08216785e+03, 6.12036804e+02,
    1.12206836e+03, 6.24023804e+02 ]
