%YAML:1.0
---
points: [ 1.31947168e+03, 9.93240723e+02, 1.25329163e+03, 9.77186646e+02,
    1.19139258e+03, 9.61950623e+02, 1.13357178e+03, 9.48079773e+02,
    1.07984497e+03, 9.34996155e+02, 1.02893335e+03, 9.23030334e+02,
    9.81304382e+02, 9.11780029e+02, 1.32029260e+03, 9.23554382e+02,
    1.25409497e+03, 9.09739868e+02, 1.19254309e+03, 8.97104370e+02,
    1.13516467e+03, 8.85337036e+02, 1.08157214e+03, 8.74336548e+02,
    1.03124841e+03, 8.64264465e+02, 9.83526062e+02, 8.54789612e+02,
    1.32088208e+03, 8.54478821e+02, 1.25488879e+03, 8.43309631e+02,
    1.19372070e+03, 8.32971619e+02, 1.13661035e+03, 8.23282837e+02,
    1.08343188e+03, 8.14224792e+02, 1.03323218e+03, 8.06231567e+02,
    9.85661255e+02, 7.98394470e+02, 1.32155542e+03, 7.86337341e+02,
    1.25573230e+03, 7.77510437e+02, 1.19491479e+03, 7.69547791e+02,
    1.13814709e+03, 7.62051697e+02, 1.08522375e+03, 7.55328613e+02,
    1.03519275e+03, 7.48911255e+02, 9.87878967e+02, 7.43133179e+02,
    1.32179126e+03, 7.18738098e+02, 1.25662939e+03, 7.12662354e+02,
    1.19608508e+03, 7.07012268e+02, 1.13943213e+03, 7.01674683e+02,
    1.08673560e+03, 6.96764954e+02, 1.03716577e+03, 6.92347656e+02,
    9.89966248e+02, 6.88025879e+02, 1.32229224e+03, 6.52155457e+02,
    1.25730481e+03, 6.48569031e+02, 1.19679199e+03, 6.45149048e+02,
    1.14058374e+03, 6.42054016e+02, 1.08816394e+03, 6.39167908e+02,
    1.03861951e+03, 6.36355408e+02, 9.91529175e+02, 6.33841064e+02,
    1.32268384e+03, 5.86311768e+02, 1.25813745e+03, 5.85138000e+02,
    1.19794165e+03, 5.83791382e+02, 1.14193823e+03, 5.82790894e+02,
    1.08977637e+03, 5.81841064e+02, 1.04030090e+03, 5.80992493e+02,
    9.93424622e+02, 5.80177185e+02, 1.32343237e+03, 5.20873901e+02,
    1.25909668e+03, 5.22226562e+02, 1.19929150e+03, 5.23362366e+02,
    1.14347449e+03, 5.24374939e+02, 1.09141187e+03, 5.25189453e+02,
    1.04231299e+03, 5.26087463e+02, 9.95538147e+02, 5.26694153e+02,
    1.32418896e+03, 4.55815765e+02, 1.26017419e+03, 4.59571716e+02,
    1.20063000e+03, 4.62910858e+02, 1.14479639e+03, 4.66136353e+02,
    1.09288684e+03, 4.68924896e+02, 1.04389319e+03, 4.71418762e+02,
    9.97363770e+02, 4.73668854e+02 ]
