%YAML:1.0
---
points: [ 2.13354172e+02, 8.11604595e+00, 2.22813904e+02, 2.17736568e+01,
    2.32265198e+02, 3.63508606e+01, 2.42139847e+02, 5.12378273e+01,
    2.52214218e+02, 6.66527481e+01, 2.62515045e+02, 8.25584488e+01,
    2.73117950e+02, 9.87232742e+01, 1.96606247e+02, 1.76873245e+01,
    2.05497940e+02, 3.20151367e+01, 2.14970764e+02, 4.64655037e+01,
    2.24553833e+02, 6.16838074e+01, 2.34375946e+02, 7.72898941e+01,
    2.44494156e+02, 9.32683487e+01, 2.54848038e+02, 1.09673622e+02,
    1.79527710e+02, 2.77592030e+01, 1.88502670e+02, 4.19303055e+01,
    1.97496414e+02, 5.67457848e+01, 2.07024826e+02, 7.21110382e+01,
    2.16656235e+02, 8.78335495e+01, 2.26482849e+02, 1.03945374e+02,
    2.36589493e+02, 1.20352829e+02, 1.62719421e+02, 3.76375504e+01,
    1.71280029e+02, 5.20743065e+01, 1.80228775e+02, 6.70489273e+01,
    1.89478607e+02, 8.24670258e+01, 1.98976807e+02, 9.84189529e+01,
    2.08609222e+02, 1.14595589e+02, 2.18428070e+02, 1.31163986e+02,
    1.45697037e+02, 4.76647606e+01, 1.54160843e+02, 6.21990547e+01,
    1.62913483e+02, 7.72741394e+01, 1.71935425e+02, 9.28711243e+01,
    1.81151123e+02, 1.08847412e+02, 1.90555969e+02, 1.25130173e+02,
    2.00201935e+02, 1.41819626e+02, 1.28902176e+02, 5.74198380e+01,
    1.37006943e+02, 7.22373428e+01, 1.45428146e+02, 8.73317490e+01,
    1.54229568e+02, 1.03085716e+02, 1.63244766e+02, 1.19149475e+02,
    1.72499191e+02, 1.35521500e+02, 1.81861069e+02, 1.52308914e+02,
    1.11915833e+02, 6.73742371e+01, 1.19769226e+02, 8.22204361e+01,
    1.28049286e+02, 9.75356827e+01, 1.36522171e+02, 1.13339241e+02,
    1.45314453e+02, 1.29454788e+02, 1.54285873e+02, 1.46083313e+02,
    1.63441757e+02, 1.62964172e+02, 9.50612488e+01, 7.74628525e+01,
    1.02665604e+02, 9.23032074e+01, 1.10647324e+02, 1.07691872e+02,
    1.19089523e+02, 1.23679550e+02, 1.27407814e+02, 1.39858505e+02,
    1.36213989e+02, 1.56519714e+02, 1.45043686e+02, 1.73511322e+02,
    7.82670212e+01, 8.74222717e+01, 8.55415955e+01, 1.02356224e+02,
    9.32624969e+01, 1.17990761e+02, 1.01223900e+02, 1.33936890e+02,
    1.09429276e+02, 1.50284653e+02, 1.17908859e+02, 1.67094025e+02,
    1.26470322e+02, 1.84233505e+02 ]
