%YAML:1.0
---
points: [ 9.17662537e+02, 2.08997803e+02, 8.95284485e+02, 2.29288879e+02,
    8.72817566e+02, 2.49288925e+02, 8.50645508e+02, 2.69035706e+02,
    8.28391479e+02, 2.88663147e+02, 8.06192261e+02, 3.08134979e+02,
    7.84101807e+02, 3.27446594e+02, 8.99246033e+02, 1.87353775e+02,
    8.76922668e+02, 2.07642014e+02, 8.54627502e+02, 2.27693192e+02,
    8.32510437e+02, 2.47443665e+02, 8.10341919e+02, 2.67114563e+02,
    7.88369019e+02, 2.86522308e+02, 7.66469971e+02, 3.05773499e+02,
    8.80808960e+02, 1.65811844e+02, 8.58635132e+02, 1.86223282e+02,
    8.36511841e+02, 2.06248917e+02, 8.14543701e+02, 2.25984344e+02,
    7.92516418e+02, 2.45549545e+02, 7.70594849e+02, 2.64981628e+02,
    7.48747498e+02, 2.84365509e+02, 8.62590637e+02, 1.44464798e+02,
    8.40555908e+02, 1.64846100e+02, 8.18578613e+02, 1.84862411e+02,
    7.96645813e+02, 2.04627274e+02, 7.74679382e+02, 2.24264969e+02,
    7.52965088e+02, 2.43617889e+02, 7.31225159e+02, 2.62975800e+02,
    8.44574585e+02, 1.23367241e+02, 8.22620972e+02, 1.43643494e+02,
    8.00657593e+02, 1.63719376e+02, 7.78838074e+02, 1.83466537e+02,
    7.57107727e+02, 2.03101837e+02, 7.35426880e+02, 2.22401703e+02,
    7.13665649e+02, 2.41708313e+02, 8.26494812e+02, 1.02265579e+02,
    8.04631897e+02, 1.22466949e+02, 7.82843201e+02, 1.42540863e+02,
    7.61175110e+02, 1.62279816e+02, 7.39451599e+02, 1.81817047e+02,
    7.17804932e+02, 2.01248367e+02, 6.96407959e+02, 2.20554977e+02,
    8.08531616e+02, 8.12765808e+01, 7.86773865e+02, 1.01448860e+02,
    7.65120483e+02, 1.21476768e+02, 7.43448425e+02, 1.41227646e+02,
    7.21866211e+02, 1.60792419e+02, 7.00336975e+02, 1.80180603e+02,
    6.78924072e+02, 1.99402176e+02, 7.90635132e+02, 6.04256668e+01,
    7.68939148e+02, 8.05602417e+01, 7.47458557e+02, 1.00494514e+02,
    7.25833252e+02, 1.20264214e+02, 7.04489685e+02, 1.39800903e+02,
    6.83046448e+02, 1.59243332e+02, 6.61693970e+02, 1.78464218e+02,
    7.72925537e+02, 3.96677666e+01, 7.51412415e+02, 5.97439651e+01,
    7.29811218e+02, 7.97225418e+01, 7.08518616e+02, 9.94436493e+01,
    6.87091919e+02, 1.18966911e+02, 6.65795227e+02, 1.38373184e+02,
    6.44541992e+02, 1.57588333e+02 ]
