%YAML:1.0
---
points: [ 4.27139679e+02, 3.67209534e+02, 4.04095886e+02, 3.62473419e+02,
    3.81853088e+02, 3.57761322e+02, 3.61247772e+02, 3.53512299e+02,
    3.41623566e+02, 3.49226929e+02, 3.23178284e+02, 3.45175568e+02,
    3.05907104e+02, 3.41305389e+02, 4.27784760e+02, 3.44368561e+02,
    4.04548981e+02, 3.40259857e+02, 3.82478668e+02, 3.36305664e+02,
    3.61649384e+02, 3.32570740e+02, 3.42176697e+02, 3.28743805e+02,
    3.23843292e+02, 3.25409943e+02, 3.06372009e+02, 3.22187103e+02,
    4.28353363e+02, 3.21367432e+02, 4.04891052e+02, 3.18108093e+02,
    3.82815796e+02, 3.14758026e+02, 3.62125793e+02, 3.11692230e+02,
    3.42447113e+02, 3.08584686e+02, 3.24252228e+02, 3.05840698e+02,
    3.06911591e+02, 3.03077911e+02, 4.28802002e+02, 2.98817291e+02,
    4.05170959e+02, 2.96040100e+02, 3.83186737e+02, 2.93389099e+02,
    3.62381104e+02, 2.90862946e+02, 3.42889343e+02, 2.88452667e+02,
    3.24691040e+02, 2.86504364e+02, 3.07423065e+02, 2.84350525e+02,
    4.28847656e+02, 2.75993622e+02, 4.05526703e+02, 2.74081390e+02,
    3.83453766e+02, 2.72133423e+02, 3.62512909e+02, 2.70272308e+02,
    3.43377930e+02, 2.68895111e+02, 3.25106110e+02, 2.67200806e+02,
    3.07894043e+02, 2.65642151e+02, 4.29001160e+02, 2.53562546e+02,
    4.05660187e+02, 2.52418671e+02, 3.83755127e+02, 2.51250183e+02,
    3.62805847e+02, 2.50113602e+02, 3.43683746e+02, 2.49050735e+02,
    3.25524445e+02, 2.48103165e+02, 3.08292908e+02, 2.47246063e+02,
    4.29139740e+02, 2.31180542e+02, 4.05816406e+02, 2.30806458e+02,
    3.83781830e+02, 2.30512833e+02, 3.63253265e+02, 2.29963898e+02,
    3.43921570e+02, 2.29730270e+02, 3.25833771e+02, 2.29331680e+02,
    3.08766052e+02, 2.29056992e+02, 4.29166046e+02, 2.09071228e+02,
    4.05998383e+02, 2.09430954e+02, 3.84049164e+02, 2.09625061e+02,
    3.63785553e+02, 2.09943253e+02, 3.44458252e+02, 2.10432571e+02,
    3.26470184e+02, 2.10710312e+02, 3.09308868e+02, 2.10908371e+02,
    4.29168793e+02, 1.86817810e+02, 4.06089935e+02, 1.87884796e+02,
    3.84461884e+02, 1.89147247e+02, 3.63909271e+02, 1.90322250e+02,
    3.44784210e+02, 1.91196167e+02, 3.26864838e+02, 1.92137894e+02,
    3.09860291e+02, 1.92934753e+02 ]
