%YAML:1.0
---
points: [ 3.48811920e+02, 1.93522186e+02, 3.64542847e+02, 1.94515472e+02,
    3.79631653e+02, 1.95212082e+02, 3.93947723e+02, 1.96107925e+02,
    4.07833618e+02, 1.96626160e+02, 4.20856659e+02, 1.97590500e+02,
    4.33342194e+02, 1.98018997e+02, 3.48698181e+02, 2.15089249e+02,
    3.64205017e+02, 2.15230789e+02, 3.79336761e+02, 2.15708191e+02,
    3.93908020e+02, 2.15869156e+02, 4.07663177e+02, 2.16100449e+02,
    4.20802307e+02, 2.16206924e+02, 4.33271149e+02, 2.16642914e+02,
    3.48518250e+02, 2.36268188e+02, 3.64109711e+02, 2.36295837e+02,
    3.79346344e+02, 2.35842041e+02, 3.93839844e+02, 2.35626953e+02,
    4.07605499e+02, 2.35410614e+02, 4.20701538e+02, 2.35333832e+02,
    4.33099030e+02, 2.34925018e+02, 3.48338715e+02, 2.57932678e+02,
    3.64041962e+02, 2.57197968e+02, 3.79214539e+02, 2.56323669e+02,
    3.93775146e+02, 2.55461823e+02, 4.07637970e+02, 2.54941940e+02,
    4.20568695e+02, 2.53914352e+02, 4.33140350e+02, 2.53633118e+02,
    3.47985687e+02, 2.79654602e+02, 3.63884369e+02, 2.78187164e+02,
    3.78920715e+02, 2.76694305e+02, 3.93550171e+02, 2.75512726e+02,
    4.07381348e+02, 2.74296814e+02, 4.20420258e+02, 2.73285553e+02,
    4.33017212e+02, 2.71961487e+02, 3.47995361e+02, 3.01227875e+02,
    3.63953857e+02, 2.99155212e+02, 3.79032288e+02, 2.97268158e+02,
    3.93586212e+02, 2.95380676e+02, 4.07474701e+02, 2.93651001e+02,
    4.20324341e+02, 2.91979340e+02, 4.32833344e+02, 2.90443176e+02,
    3.48112549e+02, 3.22885895e+02, 3.63951752e+02, 3.20266907e+02,
    3.79096130e+02, 3.17695007e+02, 3.93662811e+02, 3.15397308e+02,
    4.07464844e+02, 3.13177612e+02, 4.20429962e+02, 3.11136322e+02,
    4.32771851e+02, 3.08872742e+02, 3.48082581e+02, 3.44719391e+02,
    3.64090515e+02, 3.41454102e+02, 3.79221771e+02, 3.38300873e+02,
    3.93639099e+02, 3.35427307e+02, 4.07351349e+02, 3.32572021e+02,
    4.20323120e+02, 3.29849304e+02, 4.32533295e+02, 3.27519073e+02,
    3.48031525e+02, 3.66510559e+02, 3.64007874e+02, 3.62520172e+02,
    3.79165955e+02, 3.58781738e+02, 3.93542206e+02, 3.55472412e+02,
    4.07081390e+02, 3.51902435e+02, 4.20286530e+02, 3.48753479e+02,
    4.32250366e+02, 3.45700348e+02 ]
