%YAML:1.0
---
points: [ 9.48658997e+02, 3.10464386e+02, 9.20354858e+02, 3.19584595e+02,
    8.92060425e+02, 3.28829620e+02, 8.64126282e+02, 3.37801361e+02,
    8.35933716e+02, 3.46719971e+02, 8.08129150e+02, 3.55577393e+02,
    7.80323486e+02, 3.64347748e+02, 9.40109314e+02, 2.81851654e+02,
    9.11759705e+02, 2.91182770e+02, 8.83550720e+02, 3.00448090e+02,
    8.55459167e+02, 3.09544037e+02, 8.27444824e+02, 3.18440369e+02,
    7.99541992e+02, 3.27378693e+02, 7.71648132e+02, 3.36191254e+02,
    9.31544922e+02, 2.53152451e+02, 9.03268921e+02, 2.62579987e+02,
    8.74976379e+02, 2.71882355e+02, 8.46966492e+02, 2.81189270e+02,
    8.18687683e+02, 2.90137268e+02, 7.90806885e+02, 2.99015137e+02,
    7.63107544e+02, 3.07846832e+02, 9.22961731e+02, 2.24506317e+02,
    8.94545044e+02, 2.33975418e+02, 8.66446533e+02, 2.43478729e+02,
    8.38343140e+02, 2.52520248e+02, 8.10216675e+02, 2.61597870e+02,
    7.82170227e+02, 2.70671814e+02, 7.54497314e+02, 2.79674377e+02,
    9.14352478e+02, 1.95704865e+02, 8.86061157e+02, 2.05414810e+02,
    8.57713318e+02, 2.14735321e+02, 8.29696106e+02, 2.24080521e+02,
    8.01648376e+02, 2.33265366e+02, 7.73612610e+02, 2.42307846e+02,
    7.45689880e+02, 2.51383545e+02, 9.05697937e+02, 1.66933319e+02,
    8.77360535e+02, 1.76575333e+02, 8.49219055e+02, 1.86238113e+02,
    8.21065674e+02, 1.95345871e+02, 7.92836792e+02, 2.04609543e+02,
    7.64833984e+02, 2.13781433e+02, 7.37193787e+02, 2.22934509e+02,
    8.96960449e+02, 1.38082245e+02, 8.68640259e+02, 1.47745605e+02,
    8.40326355e+02, 1.57414139e+02, 8.12278564e+02, 1.66613052e+02,
    7.84155090e+02, 1.75916107e+02, 7.56291382e+02, 1.85310425e+02,
    7.28276978e+02, 1.94349609e+02, 8.88380554e+02, 1.09074173e+02,
    8.59788696e+02, 1.18824608e+02, 8.31632141e+02, 1.28467957e+02,
    8.03458740e+02, 1.37899445e+02, 7.75427368e+02, 1.47277756e+02,
    7.47437988e+02, 1.56496658e+02, 7.19575867e+02, 1.65747726e+02,
    8.79572266e+02, 7.99226151e+01, 8.51328674e+02, 8.99346313e+01,
    8.22811768e+02, 9.95506744e+01, 7.94782715e+02, 1.09070969e+02,
    7.66530518e+02, 1.18529007e+02, 7.38642822e+02, 1.27877594e+02,
    7.10727112e+02, 1.37095825e+02 ]
