%YAML:1.0
---
points: [ 1.35997961e+03, 9.28567810e+02, 1.31970105e+03, 9.36740540e+02,
    1.27768250e+03, 9.45543640e+02, 1.23352100e+03, 9.54912720e+02,
    1.18742212e+03, 9.64822937e+02, 1.13866357e+03, 9.75454224e+02,
    1.08763025e+03, 9.86763000e+02, 1.35950830e+03, 8.72636658e+02,
    1.31931726e+03, 8.79777283e+02, 1.27706213e+03, 8.86928772e+02,
    1.23300903e+03, 8.94728760e+02, 1.18663110e+03, 9.02885498e+02,
    1.13844531e+03, 9.11928650e+02, 1.08749915e+03, 9.21503662e+02,
    1.35897034e+03, 8.17419067e+02, 1.31873499e+03, 8.22917175e+02,
    1.27659460e+03, 8.28730164e+02, 1.23255664e+03, 8.34960938e+02,
    1.18643494e+03, 8.41576721e+02, 1.13809143e+03, 8.48797913e+02,
    1.08757239e+03, 8.56502319e+02, 1.35807263e+03, 7.61941528e+02,
    1.31807898e+03, 7.66388428e+02, 1.27591711e+03, 7.70877197e+02,
    1.23197522e+03, 7.75655334e+02, 1.18597620e+03, 7.80717163e+02,
    1.13788196e+03, 7.86281067e+02, 1.08744104e+03, 7.92044373e+02,
    1.35801477e+03, 7.07239746e+02, 1.31765100e+03, 7.10009521e+02,
    1.27559265e+03, 7.13314697e+02, 1.23172583e+03, 7.16620056e+02,
    1.18585425e+03, 7.20152710e+02, 1.13787695e+03, 7.23937012e+02,
    1.08767908e+03, 7.28338257e+02, 1.35811023e+03, 6.52419617e+02,
    1.31777148e+03, 6.54341675e+02, 1.27571753e+03, 6.55837219e+02,
    1.23201172e+03, 6.57968018e+02, 1.18621912e+03, 6.59964417e+02,
    1.13846191e+03, 6.62281616e+02, 1.08867395e+03, 6.64786255e+02,
    1.35818481e+03, 5.97916443e+02, 1.31782288e+03, 5.98433411e+02,
    1.27583228e+03, 5.98863159e+02, 1.23215295e+03, 5.99447388e+02,
    1.18652734e+03, 6.00173218e+02, 1.13881152e+03, 6.00781616e+02,
    1.08935327e+03, 6.01593689e+02, 1.35830078e+03, 5.43641052e+02,
    1.31798120e+03, 5.42973755e+02, 1.27613232e+03, 5.42088440e+02,
    1.23218091e+03, 5.41359253e+02, 1.18668225e+03, 5.40417847e+02,
    1.13923828e+03, 5.39591125e+02, 1.08961047e+03, 5.38645203e+02,
    1.35867615e+03, 4.89240356e+02, 1.31853687e+03, 4.87276337e+02,
    1.27653308e+03, 4.85406189e+02, 1.23274512e+03, 4.83058533e+02,
    1.18735669e+03, 4.80827606e+02, 1.13969983e+03, 4.78357758e+02,
    1.09037500e+03, 4.75746857e+02 ]
