%YAML:1.0
---
points: [ 2.96315704e+02, 1.47691147e+02, 2.78588226e+02, 1.59098389e+02,
    2.60913269e+02, 1.70513672e+02, 2.43327545e+02, 1.81652374e+02,
    2.25572327e+02, 1.92853531e+02, 2.07884491e+02, 2.04073227e+02,
    1.90072891e+02, 2.15241562e+02, 2.84953979e+02, 1.30793839e+02,
    2.67349213e+02, 1.42267685e+02, 2.49892471e+02, 1.53487900e+02,
    2.32360977e+02, 1.64651962e+02, 2.14793732e+02, 1.75733063e+02,
    1.97178558e+02, 1.86777252e+02, 1.79431244e+02, 1.97913635e+02,
    2.73838074e+02, 1.14194237e+02, 2.56402374e+02, 1.25531082e+02,
    2.38973541e+02, 1.36806107e+02, 2.21626404e+02, 1.47797928e+02,
    2.04137497e+02, 1.58889359e+02, 1.86609283e+02, 1.69808044e+02,
    1.69012924e+02, 1.80747284e+02, 2.62806427e+02, 9.77912598e+01,
    2.45465332e+02, 1.09134239e+02, 2.28230698e+02, 1.20244080e+02,
    2.10942444e+02, 1.31172195e+02, 1.93545654e+02, 1.42119766e+02,
    1.76108536e+02, 1.53043320e+02, 1.58625137e+02, 1.63874619e+02,
    2.52011642e+02, 8.18148499e+01, 2.34799530e+02, 9.29302979e+01,
    2.17592300e+02, 1.03901993e+02, 2.00420120e+02, 1.14752251e+02,
    1.83138000e+02, 1.25641693e+02, 1.65804214e+02, 1.36434769e+02,
    1.48356827e+02, 1.47224487e+02, 2.41244125e+02, 6.59325333e+01,
    2.24180740e+02, 7.68880539e+01, 2.07116806e+02, 8.77830505e+01,
    1.90026062e+02, 9.85798798e+01, 1.72842163e+02, 1.09316772e+02,
    1.55538574e+02, 1.20028435e+02, 1.38294327e+02, 1.30758194e+02,
    2.30723495e+02, 5.02814827e+01, 2.13710052e+02, 6.11276016e+01,
    1.96753372e+02, 7.19068222e+01, 1.79753403e+02, 8.25740204e+01,
    1.62634430e+02, 9.32693481e+01, 1.45505905e+02, 1.03860550e+02,
    1.28306213e+02, 1.14440186e+02, 2.20285828e+02, 3.51355019e+01,
    2.03547470e+02, 4.56673164e+01, 1.86572891e+02, 5.63042641e+01,
    1.69674194e+02, 6.68854141e+01, 1.52732285e+02, 7.74959030e+01,
    1.35673035e+02, 8.80419083e+01, 1.18743553e+02, 9.85868073e+01,
    2.10243591e+02, 2.01198978e+01, 1.93349564e+02, 3.08569870e+01,
    1.76631760e+02, 4.11141396e+01, 1.59817505e+02, 5.15584679e+01,
    1.43023880e+02, 6.21275024e+01, 1.26231483e+02, 7.24981537e+01,
    1.09288223e+02, 8.31013794e+01 ]
