%YAML:1.0
---
points: [ 7.28437683e+02, 7.97780945e+02, 6.69674561e+02, 8.00319275e+02,
    6.11440247e+02, 8.02472900e+02, 5.53241150e+02, 8.04709412e+02,
    4.95499908e+02, 8.07247559e+02, 4.37958282e+02, 8.09398682e+02,
    3.80635956e+02, 8.11661621e+02, 7.26106384e+02, 7.37543274e+02,
    6.67605408e+02, 7.40034607e+02, 6.09364929e+02, 7.42529297e+02,
    5.51338562e+02, 7.44986938e+02, 4.93566681e+02, 7.47550415e+02,
    4.35957855e+02, 7.50102417e+02, 3.78677307e+02, 7.52681091e+02,
    7.23728516e+02, 6.77448364e+02, 6.65415344e+02, 6.80317566e+02,
    6.07378601e+02, 6.82817566e+02, 5.49167419e+02, 6.85707275e+02,
    4.91575531e+02, 6.88344055e+02, 4.33927521e+02, 6.91294006e+02,
    3.76444916e+02, 6.93730042e+02, 7.21605957e+02, 6.18246460e+02,
    6.63307495e+02, 6.20938599e+02, 6.05150085e+02, 6.23688721e+02,
    5.47211670e+02, 6.26670044e+02, 4.89599365e+02, 6.29521484e+02,
    4.31872101e+02, 6.32477661e+02, 3.74412201e+02, 6.35404297e+02,
    7.18675720e+02, 5.58878113e+02, 6.60656616e+02, 5.61739685e+02,
    6.02652832e+02, 5.64997253e+02, 5.44608765e+02, 5.67888306e+02,
    4.87295349e+02, 5.70868652e+02, 4.29480438e+02, 5.73965271e+02,
    3.71747192e+02, 5.76763428e+02, 7.16056824e+02, 4.99705109e+02,
    6.57934570e+02, 5.02900574e+02, 5.99981873e+02, 5.06329254e+02,
    5.42134827e+02, 5.09196655e+02, 4.84633148e+02, 5.12496887e+02,
    4.26752014e+02, 5.15458191e+02, 3.69162201e+02, 5.18563965e+02,
    7.13081177e+02, 4.40699371e+02, 6.55029968e+02, 4.44334595e+02,
    5.97170959e+02, 4.47465637e+02, 5.39282410e+02, 4.50625580e+02,
    4.81694000e+02, 4.53967987e+02, 4.23967194e+02, 4.57109314e+02,
    3.66349976e+02, 4.60244324e+02, 7.10296021e+02, 3.82026581e+02,
    6.52330383e+02, 3.85490570e+02, 5.94369019e+02, 3.88765259e+02,
    5.36585144e+02, 3.92357544e+02, 4.79148102e+02, 3.95679718e+02,
    4.21577881e+02, 3.98798462e+02, 3.63961761e+02, 4.02350128e+02,
    7.07105713e+02, 3.22857483e+02, 6.49142029e+02, 3.26605103e+02,
    5.91358459e+02, 3.30198456e+02, 5.33564697e+02, 3.33834747e+02,
    4.76196594e+02, 3.37317688e+02, 4.18587830e+02, 3.40593994e+02,
    3.61244141e+02, 3.43983246e+02 ]
