%YAML:1.0
---
points: [ 2.94726440e+02, 2.43721924e+01, 2.95002930e+02, 4.08188477e+01,
    2.95256348e+02, 5.82664299e+01, 2.95620178e+02, 7.61313705e+01,
    2.95646667e+02, 9.43507233e+01, 2.95858612e+02, 1.13274307e+02,
    2.96142792e+02, 1.32461014e+02, 2.75344696e+02, 2.38632908e+01,
    2.75225372e+02, 4.08078041e+01, 2.75138733e+02, 5.79810944e+01,
    2.74973999e+02, 7.59114227e+01, 2.74979523e+02, 9.43664780e+01,
    2.75031158e+02, 1.13221298e+02, 2.74980927e+02, 1.32297134e+02,
    2.55634644e+02, 2.37892666e+01, 2.55570297e+02, 4.04147949e+01,
    2.55029617e+02, 5.77543526e+01, 2.54788284e+02, 7.56708145e+01,
    2.54630081e+02, 9.40988617e+01, 2.54186234e+02, 1.12807350e+02,
    2.53829819e+02, 1.31959869e+02, 2.36258499e+02, 2.36485958e+01,
    2.35690674e+02, 4.01767426e+01, 2.34926178e+02, 5.75848618e+01,
    2.34688797e+02, 7.54125977e+01, 2.33989548e+02, 9.37076263e+01,
    2.33545609e+02, 1.12399300e+02, 2.32799652e+02, 1.31588882e+02,
    2.16655441e+02, 2.31825485e+01, 2.15862198e+02, 3.97787323e+01,
    2.14861694e+02, 5.70483704e+01, 2.14193085e+02, 7.49387283e+01,
    2.13620514e+02, 9.33684235e+01, 2.12472183e+02, 1.11934105e+02,
    2.11684128e+02, 1.31139542e+02, 1.97117661e+02, 2.28654022e+01,
    1.95837845e+02, 3.95290947e+01, 1.94832886e+02, 5.66660347e+01,
    1.93751144e+02, 7.45505142e+01, 1.92718674e+02, 9.27103577e+01,
    1.91727982e+02, 1.11357651e+02, 1.90298080e+02, 1.30479492e+02,
    1.77544830e+02, 2.27101040e+01, 1.76158524e+02, 3.90931625e+01,
    1.74773438e+02, 5.63102722e+01, 1.73352127e+02, 7.39206619e+01,
    1.71804428e+02, 9.21869202e+01, 1.70431061e+02, 1.10782646e+02,
    1.68859467e+02, 1.29798477e+02, 1.58259659e+02, 2.26443157e+01,
    1.56430115e+02, 3.89204407e+01, 1.54766983e+02, 5.58418388e+01,
    1.52915482e+02, 7.37258606e+01, 1.51254196e+02, 9.17431183e+01,
    1.49749283e+02, 1.10352783e+02, 1.47525345e+02, 1.29419785e+02,
    1.38820068e+02, 2.26356678e+01, 1.36800766e+02, 3.87606850e+01,
    1.34676117e+02, 5.56939430e+01, 1.32638168e+02, 7.32495422e+01,
    1.30779572e+02, 9.12605591e+01, 1.28308929e+02, 1.09784897e+02,
    1.26178833e+02, 1.28796539e+02 ]
