%YAML:1.0
---
points: [ 9.45793274e+02, 6.21823975e+02, 9.43875061e+02, 6.49277954e+02,
    9.42156372e+02, 6.76427917e+02, 9.40314575e+02, 7.03391724e+02,
    9.38530457e+02, 7.30319275e+02, 9.36942627e+02, 7.56813171e+02,
    9.35102112e+02, 7.83345825e+02, 9.16872559e+02, 6.21330505e+02,
    9.15133362e+02, 6.48903320e+02, 9.13464172e+02, 6.76320251e+02,
    9.11800781e+02, 7.03348389e+02, 9.10425720e+02, 7.30285950e+02,
    9.08566467e+02, 7.57065430e+02, 9.07149841e+02, 7.83512390e+02,
    8.87674744e+02, 6.20893311e+02, 8.86200500e+02, 6.48650696e+02,
    8.84695190e+02, 6.76301331e+02, 8.83302368e+02, 7.03378662e+02,
    8.81650696e+02, 7.30534790e+02, 8.80312805e+02, 7.57382385e+02,
    8.78904785e+02, 7.83896912e+02, 8.58293152e+02, 6.20484680e+02,
    8.56838135e+02, 6.48550720e+02, 8.55453918e+02, 6.76172363e+02,
    8.54215759e+02, 7.03494446e+02, 8.53067749e+02, 7.30799377e+02,
    8.51729248e+02, 7.57795349e+02, 8.50434021e+02, 7.84491760e+02,
    8.28402893e+02, 6.20137024e+02, 8.27280151e+02, 6.48196960e+02,
    8.26155457e+02, 6.75940552e+02, 8.24844116e+02, 7.03469543e+02,
    8.23787170e+02, 7.30965332e+02, 8.22770386e+02, 7.58148193e+02,
    8.21628845e+02, 7.85030762e+02, 7.98257568e+02, 6.19615601e+02,
    7.97307739e+02, 6.47961853e+02, 7.96385315e+02, 6.76054565e+02,
    7.95489807e+02, 7.03611084e+02, 7.94501282e+02, 7.31273621e+02,
    7.93485413e+02, 7.58590210e+02, 7.92466064e+02, 7.85475464e+02,
    7.67942200e+02, 6.19433899e+02, 7.67054871e+02, 6.47920105e+02,
    7.66318237e+02, 6.76097351e+02, 7.65560791e+02, 7.04005981e+02,
    7.64694397e+02, 7.31652710e+02, 7.64001892e+02, 7.59146606e+02,
    7.63281006e+02, 7.86298706e+02, 7.37203003e+02, 6.19239685e+02,
    7.36574341e+02, 6.47841797e+02, 7.36062073e+02, 6.76176575e+02,
    7.35373047e+02, 7.04320496e+02, 7.34693909e+02, 7.32137512e+02,
    7.34059265e+02, 7.59684875e+02, 7.33443665e+02, 7.86841858e+02,
    7.06138367e+02, 6.18933044e+02, 7.05752563e+02, 6.47811462e+02,
    7.05368164e+02, 6.76385620e+02, 7.04904480e+02, 7.04469849e+02,
    7.04409607e+02, 7.32558594e+02, 7.03818787e+02, 7.60174011e+02,
    7.03373047e+02, 7.87490662e+02 ]
