%YAML:1.0
---
points: [ 2.23268356e+02, 3.02726196e+02, 2.03364746e+02, 3.03220581e+02,
    1.83608002e+02, 3.03863556e+02, 1.63882507e+02, 3.04651855e+02,
    1.44376022e+02, 3.05357361e+02, 1.25010231e+02, 3.06155853e+02,
    1.05737198e+02, 3.06735016e+02, 2.22379150e+02, 2.82187378e+02,
    2.02503418e+02, 2.82823059e+02, 1.82774719e+02, 2.83759644e+02,
    1.63076706e+02, 2.84601746e+02, 1.43557983e+02, 2.85411865e+02,
    1.24174469e+02, 2.86155579e+02, 1.04878075e+02, 2.86877594e+02,
    2.21440186e+02, 2.61993744e+02, 2.01717911e+02, 2.62724548e+02,
    1.81954865e+02, 2.63689758e+02, 1.62303284e+02, 2.64596466e+02,
    1.42853592e+02, 2.65337830e+02, 1.23342751e+02, 2.66358215e+02,
    1.03956108e+02, 2.67225098e+02, 2.20551849e+02, 2.41676422e+02,
    2.00818802e+02, 2.42865219e+02, 1.81190155e+02, 2.43716583e+02,
    1.61454971e+02, 2.44722610e+02, 1.42013550e+02, 2.45686310e+02,
    1.22639771e+02, 2.46520264e+02, 1.03166481e+02, 2.47660873e+02,
    2.19605621e+02, 2.21903030e+02, 1.99806030e+02, 2.22775528e+02,
    1.80337219e+02, 2.23819977e+02, 1.60676819e+02, 2.24831772e+02,
    1.41223633e+02, 2.25826141e+02, 1.21741394e+02, 2.26785568e+02,
    1.02345619e+02, 2.27744705e+02, 2.18609070e+02, 2.01763275e+02,
    1.98927841e+02, 2.02877350e+02, 1.79355087e+02, 2.04055710e+02,
    1.59694809e+02, 2.04981384e+02, 1.40203568e+02, 2.06108917e+02,
    1.20788956e+02, 2.07162216e+02, 1.01313225e+02, 2.08260010e+02,
    2.17621216e+02, 1.81872452e+02, 1.97884064e+02, 1.83154617e+02,
    1.78318863e+02, 1.84212372e+02, 1.58767929e+02, 1.85225266e+02,
    1.39292267e+02, 1.86483093e+02, 1.19899765e+02, 1.87615387e+02,
    1.00410202e+02, 1.88562607e+02, 2.16619202e+02, 1.62134628e+02,
    1.96917267e+02, 1.63306427e+02, 1.77323410e+02, 1.64402512e+02,
    1.57798828e+02, 1.65593063e+02, 1.38330978e+02, 1.66762680e+02,
    1.18897430e+02, 1.67862701e+02, 9.95950165e+01, 1.68964615e+02,
    2.15597900e+02, 1.42036423e+02, 1.95853073e+02, 1.43403214e+02,
    1.76293106e+02, 1.44683777e+02, 1.56769073e+02, 1.45892822e+02,
    1.37358856e+02, 1.47150223e+02, 1.18048607e+02, 1.48320160e+02,
    9.87642670e+01, 1.49409424e+02 ]
