%YAML:1.0
---
points: [ 2.33336624e+02, 1.43783752e+02, 2.33837875e+02, 1.63110016e+02,
    2.34482483e+02, 1.82661713e+02, 2.35190521e+02, 2.02278793e+02,
    2.31076187e+02, 2.21144119e+02, 2.35521484e+02, 2.42754486e+02,
    2.36744553e+02, 2.61447662e+02, 2.13883682e+02, 1.44330200e+02,
    2.14473648e+02, 1.63920090e+02, 2.15092133e+02, 1.83378860e+02,
    2.15567429e+02, 2.02823593e+02, 2.16226334e+02, 2.22450150e+02,
    2.16501160e+02, 2.42129517e+02, 2.17080841e+02, 2.62194946e+02,
    1.94521866e+02, 1.45246109e+02, 1.95112183e+02, 1.64503998e+02,
    1.95544388e+02, 1.83934967e+02, 1.96133286e+02, 2.03547287e+02,
    1.96563644e+02, 2.23168594e+02, 1.96908997e+02, 2.42967743e+02,
    1.97283997e+02, 2.62689941e+02, 1.75199539e+02, 1.45821564e+02,
    1.75740936e+02, 1.65393524e+02, 1.76257843e+02, 1.84718277e+02,
    1.76752090e+02, 2.04276459e+02, 1.77166534e+02, 2.23829620e+02,
    1.77467636e+02, 2.43408493e+02, 1.77792343e+02, 2.63271698e+02,
    1.55894333e+02, 1.46598236e+02, 1.56341431e+02, 1.65926437e+02,
    1.56879898e+02, 1.85299011e+02, 1.57255508e+02, 2.04844727e+02,
    1.57622116e+02, 2.24360413e+02, 1.58008316e+02, 2.44116928e+02,
    1.58112915e+02, 2.63939392e+02, 1.36542496e+02, 1.47282547e+02,
    1.37050415e+02, 1.66646240e+02, 1.37378403e+02, 1.86036926e+02,
    1.37842850e+02, 2.05599533e+02, 1.38113449e+02, 2.25053818e+02,
    1.38307129e+02, 2.44768097e+02, 1.38418457e+02, 2.64547882e+02,
    1.17248543e+02, 1.47857193e+02, 1.17672531e+02, 1.67368500e+02,
    1.18072136e+02, 1.86674500e+02, 1.18295242e+02, 2.06163452e+02,
    1.18674988e+02, 2.25714828e+02, 1.18791214e+02, 2.45384705e+02,
    1.18839951e+02, 2.65219818e+02, 9.81868515e+01, 1.48706039e+02,
    9.85076599e+01, 1.67872131e+02, 9.88109131e+01, 1.87395630e+02,
    9.91308136e+01, 2.06729843e+02, 9.92974777e+01, 2.26325546e+02,
    9.95164108e+01, 2.45833603e+02, 9.95643768e+01, 2.65714600e+02,
    7.92600250e+01, 1.49651535e+02, 7.94263382e+01, 1.68681244e+02,
    7.97040558e+01, 1.87930466e+02, 7.98892059e+01, 2.07459335e+02,
    8.00761719e+01, 2.26850220e+02, 8.02768478e+01, 2.46562210e+02,
    8.02334442e+01, 2.66463165e+02 ]
