%YAML:1.0
---
points: [ 1.01312445e+03, 7.12175293e+02, 9.83530945e+02, 7.13232666e+02,
    9.54079590e+02, 7.14487732e+02, 9.24884583e+02, 7.15903320e+02,
    8.96028687e+02, 7.17309692e+02, 8.66925964e+02, 7.18546753e+02,
    8.38333984e+02, 7.19899963e+02, 1.01116431e+03, 6.82363525e+02,
    9.81456726e+02, 6.83575439e+02, 9.52133057e+02, 6.85008118e+02,
    9.22963623e+02, 6.86462402e+02, 8.93751099e+02, 6.87823914e+02,
    8.64962402e+02, 6.89458862e+02, 8.36434509e+02, 6.91082947e+02,
    1.00901892e+03, 6.52654602e+02, 9.79477478e+02, 6.54224792e+02,
    9.49895020e+02, 6.55609924e+02, 9.20882874e+02, 6.57183960e+02,
    8.91730408e+02, 6.58806091e+02, 8.62921936e+02, 6.60397827e+02,
    8.34120728e+02, 6.61799988e+02, 1.00698590e+03, 6.22944702e+02,
    9.77310791e+02, 6.24539185e+02, 9.48039062e+02, 6.26104187e+02,
    9.18707275e+02, 6.27855042e+02, 8.89711243e+02, 6.29439453e+02,
    8.60706299e+02, 6.31218628e+02, 8.32173035e+02, 6.32891296e+02,
    1.00506421e+03, 5.93325500e+02, 9.75376221e+02, 5.95088562e+02,
    9.45831482e+02, 5.96744507e+02, 9.16715454e+02, 5.98420227e+02,
    8.87507385e+02, 6.00341553e+02, 8.58668396e+02, 6.02008057e+02,
    8.29806091e+02, 6.03646606e+02, 1.00281750e+03, 5.63632874e+02,
    9.73355347e+02, 5.65441895e+02, 9.43825928e+02, 5.67216492e+02,
    9.14566040e+02, 5.69285583e+02, 8.85468018e+02, 5.70950745e+02,
    8.56434387e+02, 5.72708374e+02, 8.27807129e+02, 5.74727539e+02,
    1.00089771e+03, 5.33877502e+02, 9.71203552e+02, 5.35796082e+02,
    9.41760925e+02, 5.37790466e+02, 9.12405945e+02, 5.39731750e+02,
    8.83256653e+02, 5.41581604e+02, 8.54303833e+02, 5.43719543e+02,
    8.25553223e+02, 5.45575745e+02, 9.98745850e+02, 5.04024384e+02,
    9.69190796e+02, 5.06289581e+02, 9.39526733e+02, 5.08246948e+02,
    9.10334473e+02, 5.10330292e+02, 8.81080322e+02, 5.12370544e+02,
    8.52208984e+02, 5.14339783e+02, 8.23325562e+02, 5.16415527e+02,
    9.96807251e+02, 4.74338928e+02, 9.66931824e+02, 4.76440979e+02,
    9.37424438e+02, 4.78573425e+02, 9.08082153e+02, 4.80828400e+02,
    8.78873596e+02, 4.82765533e+02, 8.49793701e+02, 4.85024445e+02,
    8.21133179e+02, 4.87025543e+02 ]
