%YAML:1.0
---
points: [ 7.62554749e+02, 3.28203644e+02, 7.64222412e+02, 3.85570221e+02,
    7.65610596e+02, 4.43219147e+02, 7.66940063e+02, 5.01066040e+02,
    7.68450134e+02, 5.58908142e+02, 7.69616333e+02, 6.17539978e+02,
    7.70661072e+02, 6.76531616e+02, 7.05248718e+02, 3.30036743e+02,
    7.06742249e+02, 3.87485321e+02, 7.08183105e+02, 4.45115234e+02,
    7.09536926e+02, 5.02817108e+02, 7.10710571e+02, 5.60884766e+02,
    7.11686584e+02, 6.19404419e+02, 7.12493469e+02, 6.78347900e+02,
    6.47865112e+02, 3.32140106e+02, 6.49352783e+02, 3.89462433e+02,
    6.50607300e+02, 4.47127502e+02, 6.51987549e+02, 5.04774231e+02,
    6.53027161e+02, 5.62748657e+02, 6.53770691e+02, 6.21364014e+02,
    6.54286255e+02, 6.80381836e+02, 5.90659851e+02, 3.34217102e+02,
    5.91911011e+02, 3.91507446e+02, 5.93266174e+02, 4.49113739e+02,
    5.94371033e+02, 5.06838165e+02, 5.95400391e+02, 5.64831482e+02,
    5.95908630e+02, 6.23375366e+02, 5.96258301e+02, 6.82120911e+02,
    5.33230164e+02, 3.36084045e+02, 5.34464600e+02, 3.93397095e+02,
    5.35661133e+02, 4.50907196e+02, 5.36681458e+02, 5.08748260e+02,
    5.37485718e+02, 5.66611511e+02, 5.38004333e+02, 6.25061890e+02,
    5.37860779e+02, 6.84124573e+02, 4.75569702e+02, 3.38057373e+02,
    4.76714508e+02, 3.95416351e+02, 4.77783356e+02, 4.52885223e+02,
    4.78693542e+02, 5.10725769e+02, 4.79389709e+02, 5.68569275e+02,
    4.79560577e+02, 6.27153198e+02, 4.79389374e+02, 6.86093079e+02,
    4.18321320e+02, 3.39978241e+02, 4.19315277e+02, 3.97342834e+02,
    4.20308594e+02, 4.54748108e+02, 4.21088165e+02, 5.12621887e+02,
    4.21506012e+02, 5.70594360e+02, 4.21533447e+02, 6.28917847e+02,
    4.21151031e+02, 6.87797119e+02, 3.61338379e+02, 3.42064636e+02,
    3.62284668e+02, 3.99292603e+02, 3.63167908e+02, 4.56619690e+02,
    3.63801605e+02, 5.14550415e+02, 3.64113831e+02, 5.72407959e+02,
    3.64116699e+02, 6.30709717e+02, 3.63527740e+02, 6.89535156e+02,
    3.04470673e+02, 3.44250854e+02, 3.05322662e+02, 4.01390137e+02,
    3.06152740e+02, 4.58711853e+02, 3.06548248e+02, 5.16491638e+02,
    3.06708405e+02, 5.74382874e+02, 3.06581238e+02, 6.32619995e+02,
    3.06059143e+02, 6.91434875e+02 ]
