%YAML:1.0
---
points: [ 2.87859131e+02, 4.14440193e+01, 2.87286591e+02, 6.29087524e+01,
    2.86409790e+02, 8.42858887e+01, 2.85397797e+02, 1.06198120e+02,
    2.84870880e+02, 1.27271179e+02, 2.84274231e+02, 1.48548981e+02,
    2.83261597e+02, 1.70162140e+02, 2.66905182e+02, 4.22010422e+01,
    2.66172455e+02, 6.34848862e+01, 2.65278259e+02, 8.50399551e+01,
    2.64712891e+02, 1.06247200e+02, 2.64124512e+02, 1.27309158e+02,
    2.63201538e+02, 1.48350159e+02, 2.62274139e+02, 1.69434601e+02,
    2.46209503e+02, 4.29678383e+01, 2.45544464e+02, 6.41621628e+01,
    2.44777802e+02, 8.52374268e+01, 2.44266983e+02, 1.06324776e+02,
    2.43529083e+02, 1.27398468e+02, 2.42680054e+02, 1.48398315e+02,
    2.41863937e+02, 1.69268066e+02, 2.25881363e+02, 4.38542709e+01,
    2.25324554e+02, 6.47423706e+01, 2.24561005e+02, 8.56110077e+01,
    2.23888290e+02, 1.06642036e+02, 2.23267456e+02, 1.27415710e+02,
    2.22659927e+02, 1.48288071e+02, 2.21869568e+02, 1.68727951e+02,
    2.05819687e+02, 4.46543579e+01, 2.05307343e+02, 6.53503036e+01,
    2.04720947e+02, 8.61048889e+01, 2.04118820e+02, 1.06782883e+02,
    2.03583923e+02, 1.27419861e+02, 2.02741364e+02, 1.47887726e+02,
    2.01850571e+02, 1.68406860e+02, 1.86415176e+02, 4.54862671e+01,
    1.85692551e+02, 6.57652206e+01, 1.85015320e+02, 8.63347092e+01,
    1.84520386e+02, 1.06760735e+02, 1.83778641e+02, 1.27269569e+02,
    1.82953369e+02, 1.47619812e+02, 1.82291092e+02, 1.67794983e+02,
    1.66786362e+02, 4.60652046e+01, 1.66311310e+02, 6.63734131e+01,
    1.65699829e+02, 8.66173401e+01, 1.65003647e+02, 1.06857346e+02,
    1.64586319e+02, 1.27017410e+02, 1.63717453e+02, 1.47518250e+02,
    1.62801376e+02, 1.67611511e+02, 1.48134674e+02, 4.69013405e+01,
    1.47511322e+02, 6.67857590e+01, 1.46666046e+02, 8.68082504e+01,
    1.45896851e+02, 1.06859230e+02, 1.45427536e+02, 1.26894630e+02,
    1.44724640e+02, 1.46894440e+02, 1.43804626e+02, 1.66845032e+02,
    1.29523605e+02, 4.78687057e+01, 1.28714783e+02, 6.75259476e+01,
    1.27821899e+02, 8.72194824e+01, 1.27349709e+02, 1.07055069e+02,
    1.26710411e+02, 1.26820900e+02, 1.25811852e+02, 1.46755829e+02,
    1.24814919e+02, 1.66699142e+02 ]
