%YAML:1.0
---
points: [ 9.79243042e+02, 5.23415833e+02, 9.83471008e+02, 5.79853638e+02,
    9.87531677e+02, 6.33492188e+02, 9.91540466e+02, 6.84511169e+02,
    9.95468384e+02, 7.33099426e+02, 9.98940491e+02, 7.79512085e+02,
    1.00243396e+03, 8.24199463e+02, 9.13490356e+02, 5.28028748e+02,
    9.19786499e+02, 5.84295532e+02, 9.25714905e+02, 6.37531128e+02,
    9.31227112e+02, 6.88292908e+02, 9.36549438e+02, 7.36583862e+02,
    9.41586426e+02, 7.83077332e+02, 9.46392822e+02, 8.27709412e+02,
    8.48486938e+02, 5.32642273e+02, 8.56377930e+02, 5.88594421e+02,
    8.64051270e+02, 6.41732788e+02, 8.71109131e+02, 6.92308716e+02,
    8.77894958e+02, 7.40363281e+02, 8.84343872e+02, 7.86726868e+02,
    8.90418640e+02, 8.31409912e+02, 7.83639709e+02, 5.37026062e+02,
    7.93398438e+02, 5.92989990e+02, 8.02613281e+02, 6.45834534e+02,
    8.11412354e+02, 6.96405029e+02, 8.19492249e+02, 7.44300720e+02,
    8.27444397e+02, 7.90563721e+02, 8.34539673e+02, 8.35017151e+02,
    7.18474365e+02, 5.41821899e+02, 7.30251038e+02, 5.97586609e+02,
    7.41248047e+02, 6.50326233e+02, 7.51534546e+02, 7.00658997e+02,
    7.61124268e+02, 7.48463745e+02, 7.70258118e+02, 7.94568726e+02,
    7.78797913e+02, 8.39110046e+02, 6.53590393e+02, 5.46878418e+02,
    6.66928162e+02, 6.02463501e+02, 6.79768982e+02, 6.55087830e+02,
    6.91480774e+02, 7.05380005e+02, 7.02592834e+02, 7.53046021e+02,
    7.12920959e+02, 7.99047791e+02, 7.22903687e+02, 8.43737976e+02,
    5.88276001e+02, 5.51884583e+02, 6.03591003e+02, 6.07448792e+02,
    6.17930786e+02, 6.59935181e+02, 6.31528442e+02, 7.09871216e+02,
    6.44000488e+02, 7.57596375e+02, 6.55808655e+02, 8.03528809e+02,
    6.66976929e+02, 8.48205322e+02, 5.23218323e+02, 5.56749512e+02,
    5.40408020e+02, 6.12179993e+02, 5.56397644e+02, 6.64634338e+02,
    5.71518311e+02, 7.14391418e+02, 5.85729980e+02, 7.61910706e+02,
    5.98908691e+02, 8.07943481e+02, 6.11408997e+02, 8.52055542e+02,
    4.57702576e+02, 5.61927612e+02, 4.76755920e+02, 6.17238403e+02,
    4.94635529e+02, 6.69426270e+02, 5.11537994e+02, 7.18944214e+02,
    5.26928040e+02, 7.66603577e+02, 5.41777405e+02, 8.12393921e+02,
    5.55382568e+02, 8.56350220e+02 ]
