%YAML:1.0
---
points: [ 3.26250031e+02, 4.55163040e+01, 3.25659180e+02, 6.51196136e+01,
    3.24723083e+02, 8.52368469e+01, 3.23922791e+02, 1.04862778e+02,
    3.22925079e+02, 1.25092384e+02, 3.22218842e+02, 1.44773727e+02,
    3.21341766e+02, 1.64495682e+02, 3.07385590e+02, 4.33514977e+01,
    3.06666229e+02, 6.33010368e+01, 3.05660065e+02, 8.34953766e+01,
    3.04802612e+02, 1.03504623e+02, 3.04060730e+02, 1.23683174e+02,
    3.03110352e+02, 1.43561829e+02, 3.02326172e+02, 1.63616943e+02,
    2.87802277e+02, 4.10432434e+01, 2.87102417e+02, 6.11885986e+01,
    2.86361450e+02, 8.15743256e+01, 2.85389069e+02, 1.01983994e+02,
    2.84738342e+02, 1.22267784e+02, 2.83998718e+02, 1.42544312e+02,
    2.83157715e+02, 1.62323105e+02, 2.68311890e+02, 3.91314201e+01,
    2.67667938e+02, 5.93523369e+01, 2.66693451e+02, 7.97973938e+01,
    2.65851440e+02, 1.00297058e+02, 2.65212341e+02, 1.20794044e+02,
    2.64537079e+02, 1.41296173e+02, 2.63753174e+02, 1.61518570e+02,
    2.48162720e+02, 3.67163887e+01, 2.47561600e+02, 5.73045540e+01,
    2.46731094e+02, 7.81363602e+01, 2.46019180e+02, 9.87395859e+01,
    2.45284470e+02, 1.19278778e+02, 2.44474274e+02, 1.39757843e+02,
    2.43813461e+02, 1.60249908e+02, 2.27886353e+02, 3.42323952e+01,
    2.26953232e+02, 5.51337776e+01, 2.26366531e+02, 7.57705154e+01,
    2.25732681e+02, 9.70029068e+01, 2.25064957e+02, 1.17678444e+02,
    2.24407120e+02, 1.38303360e+02, 2.23705002e+02, 1.58777771e+02,
    2.06854584e+02, 3.21218109e+01, 2.06357498e+02, 5.28431587e+01,
    2.05687622e+02, 7.40963058e+01, 2.04888885e+02, 9.48469391e+01,
    2.04324615e+02, 1.16013947e+02, 2.03634552e+02, 1.36754181e+02,
    2.02877731e+02, 1.57383408e+02, 1.85978958e+02, 2.98831081e+01,
    1.85205261e+02, 5.06796303e+01, 1.84425339e+02, 7.17263184e+01,
    1.83780121e+02, 9.32408218e+01, 1.83231750e+02, 1.14110931e+02,
    1.82594009e+02, 1.35290878e+02, 1.82044449e+02, 1.56142120e+02,
    1.64562943e+02, 2.74753113e+01, 1.63747940e+02, 4.84942894e+01,
    1.62799850e+02, 6.96028595e+01, 1.62326996e+02, 9.08529816e+01,
    1.61622879e+02, 1.12275673e+02, 1.61027756e+02, 1.33662750e+02,
    1.60246414e+02, 1.54912643e+02 ]
