%YAML:1.0
---
points: [ 3.12431580e+02, 2.09669373e+02, 3.12607727e+02, 2.28946365e+02,
    3.12811890e+02, 2.47130219e+02, 3.13087219e+02, 2.64460510e+02,
    3.13355103e+02, 2.80898041e+02, 3.13598480e+02, 2.96812897e+02,
    3.13892853e+02, 3.11935516e+02, 2.89968323e+02, 2.11247528e+02,
    2.90816467e+02, 2.30361130e+02, 2.91692505e+02, 2.48507843e+02,
    2.92436615e+02, 2.65594513e+02, 2.93266876e+02, 2.82064056e+02,
    2.94015564e+02, 2.97846710e+02, 2.94726410e+02, 3.12950592e+02,
    2.67850739e+02, 2.12796356e+02, 2.69247040e+02, 2.31836609e+02,
    2.70705750e+02, 2.49827255e+02, 2.72001617e+02, 2.66939453e+02,
    2.73245697e+02, 2.83246246e+02, 2.74412964e+02, 2.98952423e+02,
    2.75631165e+02, 3.14177216e+02, 2.45797363e+02, 2.14397018e+02,
    2.47873398e+02, 2.33314346e+02, 2.49755325e+02, 2.51160187e+02,
    2.51704666e+02, 2.68275085e+02, 2.53360062e+02, 2.84670624e+02,
    2.55040237e+02, 3.00199738e+02, 2.56661835e+02, 3.15316956e+02,
    2.23940948e+02, 2.16156204e+02, 2.26455627e+02, 2.34904419e+02,
    2.28988037e+02, 2.52586914e+02, 2.31334885e+02, 2.69763031e+02,
    2.33657394e+02, 2.85951996e+02, 2.35742737e+02, 3.01512238e+02,
    2.37776291e+02, 3.16555573e+02, 2.01942642e+02, 2.17794785e+02,
    2.05155594e+02, 2.36395218e+02, 2.08277679e+02, 2.54273743e+02,
    2.11140137e+02, 2.71169067e+02, 2.13846176e+02, 2.87324219e+02,
    2.16494720e+02, 3.03021545e+02, 2.18902222e+02, 3.18059174e+02,
    1.80062103e+02, 2.19483124e+02, 1.83851562e+02, 2.38024994e+02,
    1.87498764e+02, 2.55861893e+02, 1.90855469e+02, 2.72682648e+02,
    1.94126907e+02, 2.88832672e+02, 1.97127121e+02, 3.04466309e+02,
    2.00031677e+02, 3.19454010e+02, 1.58106415e+02, 2.21064560e+02,
    1.62547150e+02, 2.39646408e+02, 1.66747818e+02, 2.57332581e+02,
    1.70751892e+02, 2.74222412e+02, 1.74475555e+02, 2.90309265e+02,
    1.77905197e+02, 3.05766449e+02, 1.81211685e+02, 3.20706207e+02,
    1.36114059e+02, 2.22770691e+02, 1.41195145e+02, 2.41341965e+02,
    1.46002548e+02, 2.58944153e+02, 1.50493729e+02, 2.75795502e+02,
    1.54706665e+02, 2.91825378e+02, 1.58687119e+02, 3.07230103e+02,
    1.62405670e+02, 3.22177155e+02 ]
