%YAML:1.0
---
points: [ 9.18574524e+02, 9.52518768e+01, 9.48595154e+02, 1.02932076e+02,
    9.78079956e+02, 1.10392014e+02, 1.00739502e+03, 1.17764297e+02,
    1.03664685e+03, 1.24800262e+02, 1.06561292e+03, 1.31890305e+02,
    1.09452014e+03, 1.39218155e+02, 9.12492432e+02, 1.26527466e+02,
    9.42301270e+02, 1.34243820e+02, 9.71668762e+02, 1.41492355e+02,
    1.00102313e+03, 1.48766373e+02, 1.03022058e+03, 1.55657837e+02,
    1.05925134e+03, 1.62706451e+02, 1.08781665e+03, 1.69560013e+02,
    9.06507385e+02, 1.57577988e+02, 9.36240234e+02, 1.65122391e+02,
    9.65517517e+02, 1.72193283e+02, 9.94774170e+02, 1.79399323e+02,
    1.02364166e+03, 1.86374390e+02, 1.05279736e+03, 1.93168793e+02,
    1.08133862e+03, 1.99902359e+02, 9.00638245e+02, 1.88583038e+02,
    9.29974731e+02, 1.95860718e+02, 9.59458374e+02, 2.02835083e+02,
    9.88510559e+02, 2.09709106e+02, 1.01752863e+03, 2.16628357e+02,
    1.04631421e+03, 2.23452942e+02, 1.07494434e+03, 2.29977890e+02,
    8.94517395e+02, 2.19203537e+02, 9.23918701e+02, 2.26386826e+02,
    9.53321777e+02, 2.33422974e+02, 9.82282227e+02, 2.40050034e+02,
    1.01132855e+03, 2.46697754e+02, 1.03974487e+03, 2.53421646e+02,
    1.06844348e+03, 2.60185638e+02, 8.88585510e+02, 2.49649078e+02,
    9.17949036e+02, 2.56487061e+02, 9.47373047e+02, 2.63448334e+02,
    9.76049561e+02, 2.70176941e+02, 1.00513684e+03, 2.76593109e+02,
    1.03359619e+03, 2.83092529e+02, 1.06200671e+03, 2.89518524e+02,
    8.82621033e+02, 2.79748871e+02, 9.12177429e+02, 2.86565826e+02,
    9.41325989e+02, 2.93113770e+02, 9.70223938e+02, 2.99622192e+02,
    9.98782654e+02, 3.06312744e+02, 1.02751379e+03, 3.12551086e+02,
    1.05570044e+03, 3.18797363e+02, 8.76826782e+02, 3.09591003e+02,
    9.06309631e+02, 3.16411987e+02, 9.35305786e+02, 3.22792633e+02,
    9.64197754e+02, 3.29252716e+02, 9.92683044e+02, 3.35475586e+02,
    1.02133093e+03, 3.41801361e+02, 1.04945642e+03, 3.48068085e+02,
    8.71048950e+02, 3.39350922e+02, 9.00546448e+02, 3.45788940e+02,
    9.29392029e+02, 3.52199646e+02, 9.58245605e+02, 3.58544128e+02,
    9.86595764e+02, 3.64772125e+02, 1.01518805e+03, 3.70864502e+02,
    1.04340698e+03, 3.77126801e+02 ]
