%YAML:1.0
---
points: [ 3.06044342e+02, 1.86901428e+02, 3.07788727e+02, 2.02338943e+02,
    3.09599640e+02, 2.18638275e+02, 3.11434814e+02, 2.35776901e+02,
    3.13649292e+02, 2.53741196e+02, 3.15876068e+02, 2.72843384e+02,
    3.18354828e+02, 2.93129486e+02, 2.88041565e+02, 1.88330536e+02,
    2.89285797e+02, 2.03753235e+02, 2.90648712e+02, 2.20038162e+02,
    2.92054840e+02, 2.37069046e+02, 2.93700439e+02, 2.55055756e+02,
    2.95297882e+02, 2.73982483e+02, 2.97237122e+02, 2.94031769e+02,
    2.70137115e+02, 1.89764603e+02, 2.71051575e+02, 2.05140106e+02,
    2.71892120e+02, 2.21349869e+02, 2.72919647e+02, 2.38420883e+02,
    2.73799622e+02, 2.56296448e+02, 2.74898865e+02, 2.75279907e+02,
    2.76085602e+02, 2.95190704e+02, 2.52462555e+02, 1.91283401e+02,
    2.52968414e+02, 2.06614502e+02, 2.53381302e+02, 2.22775238e+02,
    2.53881958e+02, 2.39742111e+02, 2.54307571e+02, 2.57686127e+02,
    2.54822388e+02, 2.76502991e+02, 2.55313980e+02, 2.96527405e+02,
    2.35023102e+02, 1.92693192e+02, 2.35002991e+02, 2.08099167e+02,
    2.35025955e+02, 2.24132294e+02, 2.34960251e+02, 2.41109344e+02,
    2.34962479e+02, 2.58898743e+02, 2.34874451e+02, 2.77781952e+02,
    2.34659027e+02, 2.97496582e+02, 2.17431870e+02, 1.93916519e+02,
    2.17120178e+02, 2.09171814e+02, 2.16634201e+02, 2.25457275e+02,
    2.16159760e+02, 2.42321335e+02, 2.15596909e+02, 2.60102509e+02,
    2.14911453e+02, 2.78840393e+02, 2.14202225e+02, 2.98780487e+02,
    2.00176315e+02, 1.95201401e+02, 1.99333633e+02, 2.10533356e+02,
    1.98368118e+02, 2.26666824e+02, 1.97399597e+02, 2.43473038e+02,
    1.96346222e+02, 2.61227448e+02, 1.95175812e+02, 2.80127563e+02,
    1.93781662e+02, 2.99765381e+02, 1.82761307e+02, 1.96602905e+02,
    1.81549713e+02, 2.11960587e+02, 1.80254333e+02, 2.27940872e+02,
    1.78874771e+02, 2.44974640e+02, 1.77244934e+02, 2.62625458e+02,
    1.75533615e+02, 2.81243286e+02, 1.73694763e+02, 3.01033142e+02,
    1.65441437e+02, 1.97800613e+02, 1.63864410e+02, 2.13263489e+02,
    1.62116867e+02, 2.29297119e+02, 1.60222305e+02, 2.46116699e+02,
    1.58215851e+02, 2.63817657e+02, 1.55928650e+02, 2.82502686e+02,
    1.53577255e+02, 3.02134979e+02 ]
