%YAML:1.0
---
points: [ 9.29319153e+02, 2.88855652e+02, 9.04562439e+02, 3.05524872e+02,
    8.79930176e+02, 3.22030670e+02, 8.55439209e+02, 3.38422668e+02,
    8.30964905e+02, 3.54644104e+02, 8.06546387e+02, 3.70836761e+02,
    7.82208923e+02, 3.86890289e+02, 9.14001770e+02, 2.64867065e+02,
    8.89355469e+02, 2.81523834e+02, 8.64798889e+02, 2.98083191e+02,
    8.40368042e+02, 3.14447083e+02, 8.16064941e+02, 3.30723450e+02,
    7.91700134e+02, 3.46875488e+02, 7.67451782e+02, 3.62877808e+02,
    8.98654114e+02, 2.41042145e+02, 8.74256592e+02, 2.57669708e+02,
    8.49784851e+02, 2.74267883e+02, 8.25457825e+02, 2.90605560e+02,
    8.01288635e+02, 3.06873108e+02, 7.77007996e+02, 3.23066498e+02,
    7.52680908e+02, 3.38986572e+02, 8.83546204e+02, 2.17518402e+02,
    8.59134949e+02, 2.34140549e+02, 8.34758240e+02, 2.50594574e+02,
    8.10500305e+02, 2.66955322e+02, 7.86495178e+02, 2.83302887e+02,
    7.62315308e+02, 2.99385986e+02, 7.38205627e+02, 3.15296356e+02,
    8.68356506e+02, 1.93792908e+02, 8.44184265e+02, 2.10548630e+02,
    8.19898743e+02, 2.26995361e+02, 7.95765686e+02, 2.43430481e+02,
    7.71782410e+02, 2.59653900e+02, 7.47655640e+02, 2.75716736e+02,
    7.23546021e+02, 2.91572083e+02, 8.53356750e+02, 1.70267685e+02,
    8.29109497e+02, 1.86957535e+02, 8.05031494e+02, 2.03440063e+02,
    7.80963074e+02, 2.19778229e+02, 7.57080078e+02, 2.36094482e+02,
    7.32868042e+02, 2.52064468e+02, 7.08900452e+02, 2.67965210e+02,
    8.38218628e+02, 1.46821701e+02, 8.14263916e+02, 1.63509598e+02,
    7.90209961e+02, 1.80019135e+02, 7.66295837e+02, 1.96407944e+02,
    7.42370361e+02, 2.12553558e+02, 7.18464600e+02, 2.28650681e+02,
    6.94356567e+02, 2.44362854e+02, 8.23433533e+02, 1.23642418e+02,
    7.99427612e+02, 1.40285309e+02, 7.75493713e+02, 1.56741135e+02,
    7.51642761e+02, 1.73212585e+02, 7.27862793e+02, 1.89363251e+02,
    7.04046326e+02, 2.05351654e+02, 6.80127991e+02, 2.21130234e+02,
    8.08463013e+02, 1.00441025e+02, 7.84631409e+02, 1.17080299e+02,
    7.60814575e+02, 1.33601059e+02, 7.37148438e+02, 1.49961456e+02,
    7.13360779e+02, 1.66136108e+02, 6.89545776e+02, 1.82116745e+02,
    6.65615601e+02, 1.97821655e+02 ]
