%YAML:1.0
---
points: [ 9.86602356e+02, 4.55587646e+02, 9.89157288e+02, 5.01496490e+02,
    9.91603333e+02, 5.49494385e+02, 9.94429260e+02, 5.99801147e+02,
    9.97233398e+02, 6.52766785e+02, 1.00037921e+03, 7.08946960e+02,
    1.00343427e+03, 7.68608948e+02, 9.34012146e+02, 4.59943726e+02,
    9.35140930e+02, 5.05530090e+02, 9.36490417e+02, 5.53548035e+02,
    9.37755493e+02, 6.03756165e+02, 9.39023010e+02, 6.56818298e+02,
    9.40315857e+02, 7.12825439e+02, 9.41730042e+02, 7.72062439e+02,
    8.81828857e+02, 4.64243896e+02, 8.81743225e+02, 5.09543793e+02,
    8.81564209e+02, 5.57507446e+02, 8.81489258e+02, 6.07823608e+02,
    8.81288696e+02, 6.60650085e+02, 8.80884705e+02, 7.16739746e+02,
    8.80510193e+02, 7.75682922e+02, 8.30187500e+02, 4.68547913e+02,
    8.28704529e+02, 5.13793030e+02, 8.27452271e+02, 5.61558167e+02,
    8.25813049e+02, 6.12058533e+02, 8.23963074e+02, 6.64770752e+02,
    8.22221924e+02, 7.20388977e+02, 8.19675781e+02, 7.79482727e+02,
    7.78603210e+02, 4.72464600e+02, 7.76027527e+02, 5.17925232e+02,
    7.73391174e+02, 5.65687622e+02, 7.70287781e+02, 6.15847290e+02,
    7.66826416e+02, 6.68476624e+02, 7.63397888e+02, 7.24165466e+02,
    7.59096863e+02, 7.82981201e+02, 7.27217896e+02, 4.76352325e+02,
    7.23217712e+02, 5.21733582e+02, 7.19171631e+02, 5.69482849e+02,
    7.14712219e+02, 6.19521240e+02, 7.10076721e+02, 6.72037964e+02,
    7.04614075e+02, 7.27785034e+02, 6.98602051e+02, 7.86472656e+02,
    6.75767395e+02, 4.80212891e+02, 6.70616638e+02, 5.25512634e+02,
    6.65330017e+02, 5.73299805e+02, 6.59542358e+02, 6.23369324e+02,
    6.53259399e+02, 6.75928406e+02, 6.46262085e+02, 7.31487915e+02,
    6.38429688e+02, 7.90243225e+02, 6.24569519e+02, 4.83946136e+02,
    6.18387573e+02, 5.29444275e+02, 6.11742065e+02, 5.76948853e+02,
    6.04576843e+02, 6.27400940e+02, 5.96629883e+02, 6.79742310e+02,
    5.88166687e+02, 7.35238464e+02, 5.78732910e+02, 7.93703491e+02,
    5.73539490e+02, 4.87588928e+02, 5.65848083e+02, 5.33227478e+02,
    5.58265625e+02, 5.80855774e+02, 5.49506775e+02, 6.30916870e+02,
    5.40239075e+02, 6.83411377e+02, 5.30188538e+02, 7.39000732e+02,
    5.19045532e+02, 7.97430176e+02 ]
