%YAML:1.0
---
points: [ 4.61803894e+02, 9.49676895e+01, 4.57800598e+02, 1.15981956e+02,
    4.53766998e+02, 1.37123138e+02, 4.49634003e+02, 1.57412155e+02,
    4.45318268e+02, 1.77691147e+02, 4.41356049e+02, 1.97479309e+02,
    4.37351715e+02, 2.16733292e+02, 4.41850403e+02, 9.22010498e+01,
    4.37839142e+02, 1.13751762e+02, 4.33987885e+02, 1.34711166e+02,
    4.29752777e+02, 1.55405319e+02, 4.25755585e+02, 1.75748199e+02,
    4.21714050e+02, 1.95689438e+02, 4.18010712e+02, 2.14794525e+02,
    4.21454346e+02, 8.98533936e+01, 4.17751251e+02, 1.11357330e+02,
    4.13766113e+02, 1.32590576e+02, 4.09707977e+02, 1.53392685e+02,
    4.05830200e+02, 1.73655899e+02, 4.02115448e+02, 1.93568451e+02,
    3.98587921e+02, 2.12962708e+02, 4.00828156e+02, 8.74364777e+01,
    3.97101044e+02, 1.09234459e+02, 3.93289795e+02, 1.30658813e+02,
    3.89491516e+02, 1.51343918e+02, 3.85902039e+02, 1.71680817e+02,
    3.82323792e+02, 1.91498413e+02, 3.79011169e+02, 2.10910553e+02,
    3.80057617e+02, 8.52393570e+01, 3.76426605e+02, 1.06993889e+02,
    3.72777557e+02, 1.28312424e+02, 3.69175232e+02, 1.49677643e+02,
    3.65818268e+02, 1.69812378e+02, 3.62401733e+02, 1.89719818e+02,
    3.59346069e+02, 2.09251068e+02, 3.59230804e+02, 8.28898621e+01,
    3.55772156e+02, 1.05231964e+02, 3.52374054e+02, 1.26653526e+02,
    3.48894043e+02, 1.47330643e+02, 3.45803925e+02, 1.67793777e+02,
    3.42734863e+02, 1.87832550e+02, 3.39842682e+02, 2.07338806e+02,
    3.38155121e+02, 8.11562958e+01, 3.35000092e+02, 1.03144852e+02,
    3.31802795e+02, 1.24623344e+02, 3.28685974e+02, 1.45687347e+02,
    3.25846130e+02, 1.66215469e+02, 3.23113953e+02, 1.85787979e+02,
    3.20404480e+02, 2.05300613e+02, 3.17191071e+02, 7.89318848e+01,
    3.14249939e+02, 1.01140701e+02, 3.11359833e+02, 1.22708336e+02,
    3.08759186e+02, 1.43861389e+02, 3.06020782e+02, 1.64107407e+02,
    3.03470123e+02, 1.84247589e+02, 3.01011627e+02, 2.03681122e+02,
    2.95927795e+02, 7.68206940e+01, 2.93321106e+02, 9.91567154e+01,
    2.90809235e+02, 1.20688095e+02, 2.88261169e+02, 1.41740082e+02,
    2.85849976e+02, 1.62221420e+02, 2.83758209e+02, 1.82076630e+02,
    2.81682648e+02, 2.01553665e+02 ]
