%YAML:1.0
---
points: [ 3.21941254e+02, 2.03049347e+02, 3.21485107e+02, 2.21130585e+02,
    3.21029877e+02, 2.39177246e+02, 3.20631348e+02, 2.57214996e+02,
    3.20296234e+02, 2.75113403e+02, 3.20167175e+02, 2.93059326e+02,
    3.19908234e+02, 3.11069092e+02, 3.08509033e+02, 2.03134842e+02,
    3.07928436e+02, 2.21747955e+02, 3.07533081e+02, 2.40226990e+02,
    3.07173706e+02, 2.58793701e+02, 3.06821869e+02, 2.77148254e+02,
    3.06596008e+02, 2.95671661e+02, 3.06489624e+02, 3.14100372e+02,
    2.94064972e+02, 2.03157150e+02, 2.93735474e+02, 2.22269943e+02,
    2.93279022e+02, 2.41351364e+02, 2.92993347e+02, 2.60426758e+02,
    2.92694672e+02, 2.79361755e+02, 2.92485046e+02, 2.98279205e+02,
    2.92349701e+02, 3.17377258e+02, 2.78936554e+02, 2.03192154e+02,
    2.78558868e+02, 2.23041870e+02, 2.78149475e+02, 2.42594238e+02,
    2.77907898e+02, 2.62242462e+02, 2.77667358e+02, 2.81734131e+02,
    2.77442352e+02, 3.01226257e+02, 2.77460144e+02, 3.20860138e+02,
    2.63013031e+02, 2.03287521e+02, 2.62594086e+02, 2.23716324e+02,
    2.62214752e+02, 2.43847244e+02, 2.62017334e+02, 2.64145172e+02,
    2.61713531e+02, 2.84211548e+02, 2.61629181e+02, 3.04441193e+02,
    2.61598785e+02, 3.24651062e+02, 2.45935577e+02, 2.03297989e+02,
    2.45618286e+02, 2.24380249e+02, 2.45347656e+02, 2.45348755e+02,
    2.45091232e+02, 2.66216003e+02, 2.44902481e+02, 2.86910004e+02,
    2.44794678e+02, 3.07843384e+02, 2.44803040e+02, 3.28756195e+02,
    2.27736176e+02, 2.03486511e+02, 2.27542847e+02, 2.25312210e+02,
    2.27263229e+02, 2.46980042e+02, 2.27055939e+02, 2.68448639e+02,
    2.26815109e+02, 2.90007507e+02, 2.26760345e+02, 3.11545074e+02,
    2.26846542e+02, 3.33145813e+02, 2.08236526e+02, 2.03659088e+02,
    2.08077240e+02, 2.26120972e+02, 2.07820343e+02, 2.48669998e+02,
    2.07615768e+02, 2.70841583e+02, 2.07509491e+02, 2.93058075e+02,
    2.07485321e+02, 3.15438690e+02, 2.07634216e+02, 3.37683624e+02,
    1.87304962e+02, 2.03820740e+02, 1.87156845e+02, 2.27219940e+02,
    1.86983932e+02, 2.50396027e+02, 1.86813263e+02, 2.73588715e+02,
    1.86758347e+02, 2.96599701e+02, 1.86706573e+02, 3.19741364e+02,
    1.86865967e+02, 3.42787933e+02 ]
