%YAML:1.0
---
points: [ 9.40336853e+02, 3.09350281e+02, 9.41441956e+02, 3.39327606e+02,
    9.42517090e+02, 3.69412292e+02, 9.43534607e+02, 3.99418884e+02,
    9.44512939e+02, 4.29558655e+02, 9.45497375e+02, 4.59969147e+02,
    9.46440247e+02, 4.90559357e+02, 9.11827759e+02, 3.13177216e+02,
    9.12836670e+02, 3.42888794e+02, 9.13804199e+02, 3.72552399e+02,
    9.14922485e+02, 4.02568787e+02, 9.15845398e+02, 4.32513062e+02,
    9.16807495e+02, 4.62427094e+02, 9.17498596e+02, 4.92656250e+02,
    8.84038269e+02, 3.16974487e+02, 8.84892883e+02, 3.46291199e+02,
    8.85843445e+02, 3.75857239e+02, 8.86647888e+02, 4.05549591e+02,
    8.87611084e+02, 4.35077057e+02, 8.88475159e+02, 4.65060760e+02,
    8.89222412e+02, 4.94941772e+02, 8.56595459e+02, 3.20589264e+02,
    8.57540649e+02, 3.49710419e+02, 8.58415833e+02, 3.79035278e+02,
    8.59274963e+02, 4.08375458e+02, 8.59985901e+02, 4.37865234e+02,
    8.60641907e+02, 4.67358337e+02, 8.61267456e+02, 4.97194397e+02,
    8.29486206e+02, 3.24233276e+02, 8.30343872e+02, 3.53177948e+02,
    8.31300903e+02, 3.82139069e+02, 8.31957153e+02, 4.11354523e+02,
    8.32704407e+02, 4.40372192e+02, 8.33348694e+02, 4.69775208e+02,
    8.33645264e+02, 4.99203430e+02, 8.02661987e+02, 3.27662872e+02,
    8.03510071e+02, 3.56276886e+02, 8.04375610e+02, 3.85125549e+02,
    8.05119446e+02, 4.13860291e+02, 8.05643677e+02, 4.42901764e+02,
    8.06156555e+02, 4.71937927e+02, 8.06431396e+02, 5.01383575e+02,
    7.76420593e+02, 3.30909119e+02, 7.77191711e+02, 3.59464569e+02,
    7.77805542e+02, 3.87899231e+02, 7.78540771e+02, 4.16702545e+02,
    7.79170532e+02, 4.45320770e+02, 7.79485168e+02, 4.74319489e+02,
    7.79649170e+02, 5.03086670e+02, 7.50513611e+02, 3.34288422e+02,
    7.51258362e+02, 3.62436096e+02, 7.51904724e+02, 3.90874817e+02,
    7.52530334e+02, 4.19314056e+02, 7.52987427e+02, 4.47761139e+02,
    7.53330078e+02, 4.76439545e+02, 7.53417786e+02, 5.05210510e+02,
    7.24842590e+02, 3.37486908e+02, 7.25528442e+02, 3.65478424e+02,
    7.26269592e+02, 3.93501556e+02, 7.26681152e+02, 4.21874420e+02,
    7.27071228e+02, 4.50123566e+02, 7.27390320e+02, 4.78528748e+02,
    7.27380859e+02, 5.07128784e+02 ]
