%YAML:1.0
---
points: [ 4.24034271e+02, 4.65857697e+01, 4.25687439e+02, 6.31293564e+01,
    4.26922546e+02, 8.04056702e+01, 4.28126007e+02, 9.82222595e+01,
    4.29476013e+02, 1.16650848e+02, 4.30642883e+02, 1.35675980e+02,
    4.31949890e+02, 1.55185974e+02, 4.05449127e+02, 4.47615089e+01,
    4.06266479e+02, 6.16550217e+01, 4.07320160e+02, 7.89246445e+01,
    4.08140472e+02, 9.69280319e+01, 4.09076172e+02, 1.15382980e+02,
    4.09920074e+02, 1.34354095e+02, 4.10884613e+02, 1.53872253e+02,
    3.85971588e+02, 4.32783546e+01, 3.87084625e+02, 6.01082573e+01,
    3.87341675e+02, 7.75828400e+01, 3.88024872e+02, 9.56029968e+01,
    3.88476807e+02, 1.14158913e+02, 3.89128113e+02, 1.33102310e+02,
    3.89573212e+02, 1.52532898e+02, 3.67035187e+02, 4.19148903e+01,
    3.67200409e+02, 5.88403244e+01, 3.67529785e+02, 7.63425598e+01,
    3.67735138e+02, 9.43687439e+01, 3.67985443e+02, 1.12836449e+02,
    3.68258820e+02, 1.32127258e+02, 3.68392334e+02, 1.51532852e+02,
    3.47525757e+02, 4.04465561e+01, 3.47714508e+02, 5.74739304e+01,
    3.47585876e+02, 7.51086884e+01, 3.47487244e+02, 9.31423187e+01,
    3.47296997e+02, 1.11769592e+02, 3.47269592e+02, 1.30762558e+02,
    3.47213715e+02, 1.50263336e+02, 3.28114227e+02, 3.89697800e+01,
    3.27737427e+02, 5.62409363e+01, 3.27617493e+02, 7.37194824e+01,
    3.27225189e+02, 9.20941849e+01, 3.26791443e+02, 1.10580765e+02,
    3.26344116e+02, 1.29271225e+02, 3.26227966e+02, 1.48796661e+02,
    3.08645050e+02, 3.77790146e+01, 3.08089447e+02, 5.47686310e+01,
    3.07684692e+02, 7.25166931e+01, 3.06930603e+02, 9.07106400e+01,
    3.06261108e+02, 1.09256454e+02, 3.05665100e+02, 1.28224243e+02,
    3.05052612e+02, 1.47348572e+02, 2.89009583e+02, 3.64289207e+01,
    2.88315033e+02, 5.35496254e+01, 2.87590240e+02, 7.12335281e+01,
    2.86720001e+02, 8.94179001e+01, 2.85829193e+02, 1.08015221e+02,
    2.84901398e+02, 1.27104355e+02, 2.84224030e+02, 1.46297409e+02,
    2.69537689e+02, 3.51521759e+01, 2.68643066e+02, 5.21960297e+01,
    2.67682922e+02, 7.00715866e+01, 2.66348267e+02, 8.80995407e+01,
    2.65416382e+02, 1.06693237e+02, 2.64260651e+02, 1.25670700e+02,
    2.62944031e+02, 1.45086792e+02 ]
