%YAML:1.0
---
points: [ 1.03252112e+03, 5.03643555e+02, 1.03146558e+03, 5.56955078e+02,
    1.03038477e+03, 6.10126892e+02, 1.02940857e+03, 6.63180847e+02,
    1.02864795e+03, 7.15734619e+02, 1.02814160e+03, 7.68547546e+02,
    1.02771497e+03, 8.21529541e+02, 9.89772461e+02, 5.03801971e+02,
    9.88600891e+02, 5.58706909e+02, 9.87598633e+02, 6.13323059e+02,
    9.86643677e+02, 6.67684387e+02, 9.86027832e+02, 7.22046082e+02,
    9.85540222e+02, 7.76305115e+02, 9.85357605e+02, 8.30752075e+02,
    9.44276733e+02, 5.04077515e+02, 9.43400940e+02, 5.60544678e+02,
    9.42521606e+02, 6.16953552e+02, 9.41766663e+02, 6.72788696e+02,
    9.40967834e+02, 7.28591614e+02, 9.40547668e+02, 7.84645630e+02,
    9.40319214e+02, 8.40609558e+02, 8.95866150e+02, 5.04308228e+02,
    8.95349487e+02, 5.62510010e+02, 8.94636230e+02, 6.20451660e+02,
    8.93891968e+02, 6.78197632e+02, 8.93197998e+02, 7.35677979e+02,
    8.92729248e+02, 7.93383606e+02, 8.92693665e+02, 8.51354553e+02,
    8.44767700e+02, 5.04571198e+02, 8.44206665e+02, 5.64715820e+02,
    8.43560791e+02, 6.24355408e+02, 8.43096558e+02, 6.84131348e+02,
    8.42527588e+02, 7.43444336e+02, 8.42267822e+02, 8.02938599e+02,
    8.42245361e+02, 8.62668213e+02, 7.90381897e+02, 5.04776611e+02,
    7.90066101e+02, 5.66895020e+02, 7.89534119e+02, 6.28754639e+02,
    7.88944153e+02, 6.90587646e+02, 7.88572876e+02, 7.51695801e+02,
    7.88329895e+02, 8.13365417e+02, 7.88432983e+02, 8.75350647e+02,
    7.31839844e+02, 5.05222443e+02, 7.31711365e+02, 5.69591797e+02,
    7.31408386e+02, 6.33560364e+02, 7.31089355e+02, 6.97246338e+02,
    7.30571045e+02, 7.60768250e+02, 7.30522278e+02, 8.24547241e+02,
    7.30621399e+02, 8.88527100e+02, 6.69183044e+02, 5.05520111e+02,
    6.69137390e+02, 5.72210938e+02, 6.68934265e+02, 6.38504211e+02,
    6.68521606e+02, 7.04590881e+02, 6.68413879e+02, 7.70462830e+02,
    6.68361389e+02, 8.36522400e+02, 6.68589783e+02, 9.02651184e+02,
    6.01293335e+02, 5.05915497e+02, 6.01408447e+02, 5.75224365e+02,
    6.01445679e+02, 6.44063843e+02, 6.01406982e+02, 7.12617981e+02,
    6.01409912e+02, 7.80979126e+02, 6.01476379e+02, 8.49489868e+02,
    6.01808777e+02, 9.17973267e+02 ]
