%YAML:1.0
---
points: [ 8.90729309e+02, 5.17189758e+02, 8.91226318e+02, 5.83156982e+02,
    8.91728821e+02, 6.48849670e+02, 8.92115173e+02, 7.14456970e+02,
    8.92302612e+02, 7.80077759e+02, 8.92453613e+02, 8.45637634e+02,
    8.92225342e+02, 9.11846375e+02, 8.37405640e+02, 5.16522766e+02,
    8.38106018e+02, 5.80539490e+02, 8.38763977e+02, 6.44334229e+02,
    8.39088562e+02, 7.07929199e+02, 8.39443115e+02, 7.71425598e+02,
    8.39401550e+02, 8.35372070e+02, 8.39168274e+02, 8.99381714e+02,
    7.87078125e+02, 5.15871826e+02, 7.87914612e+02, 5.77966553e+02,
    7.88610291e+02, 6.39985291e+02, 7.89278809e+02, 7.01859863e+02,
    7.89613159e+02, 7.63634277e+02, 7.89524292e+02, 8.25548523e+02,
    7.88968750e+02, 8.87797119e+02, 7.40021973e+02, 5.15278992e+02,
    7.40641235e+02, 5.75675110e+02, 7.41513367e+02, 6.35911865e+02,
    7.42148804e+02, 6.96370056e+02, 7.42472900e+02, 7.56099365e+02,
    7.42396179e+02, 8.16536133e+02, 7.41868286e+02, 8.76897095e+02,
    6.94721863e+02, 5.14772034e+02, 6.95839966e+02, 5.73636597e+02,
    6.96628723e+02, 6.32368958e+02, 6.97243774e+02, 6.91002319e+02,
    6.97480835e+02, 7.49352417e+02, 6.97388611e+02, 8.07936707e+02,
    6.96540283e+02, 8.66812012e+02, 6.51650146e+02, 5.14368591e+02,
    6.52687866e+02, 5.71650574e+02, 6.53567322e+02, 6.28824463e+02,
    6.54212219e+02, 6.86159241e+02, 6.54436035e+02, 7.42811768e+02,
    6.54257080e+02, 8.00082764e+02, 6.53447754e+02, 8.57433044e+02,
    6.10751099e+02, 5.13940735e+02, 6.11873779e+02, 5.69957214e+02,
    6.12677368e+02, 6.25614136e+02, 6.13335327e+02, 6.81298096e+02,
    6.13575989e+02, 7.36669495e+02, 6.13382141e+02, 7.92386536e+02,
    6.12555176e+02, 8.48508667e+02, 5.71751892e+02, 5.13500916e+02,
    5.73133728e+02, 5.68155579e+02, 5.74005859e+02, 6.22467834e+02,
    5.74810791e+02, 6.76675354e+02, 5.75019409e+02, 7.30729858e+02,
    5.74846924e+02, 7.85364441e+02, 5.74136047e+02, 8.39583313e+02,
    5.34465515e+02, 5.13111633e+02, 5.35637207e+02, 5.66418579e+02,
    5.36892334e+02, 6.19468445e+02, 5.37640930e+02, 6.72432800e+02,
    5.37926453e+02, 7.25327637e+02, 5.37964844e+02, 7.78361816e+02,
    5.37109314e+02, 8.31507263e+02 ]
