%YAML:1.0
---
points: [ 8.97027954e+02, 3.84654816e+02, 9.09582336e+02, 4.11658020e+02,
    9.22362122e+02, 4.38650177e+02, 9.34971191e+02, 4.65542603e+02,
    9.47464722e+02, 4.92319031e+02, 9.59979675e+02, 5.19252563e+02,
    9.72530823e+02, 5.45925232e+02, 8.71152283e+02, 3.97594269e+02,
    8.83682617e+02, 4.24519501e+02, 8.96483887e+02, 4.51339844e+02,
    9.09093750e+02, 4.77908356e+02, 9.21542114e+02, 5.04562805e+02,
    9.34127319e+02, 5.31023682e+02, 9.46471130e+02, 5.57648193e+02,
    8.45637024e+02, 4.10358978e+02, 8.58271545e+02, 4.36900726e+02,
    8.70855225e+02, 4.63571045e+02, 8.83432556e+02, 4.90100067e+02,
    8.95858643e+02, 5.16480591e+02, 9.08322083e+02, 5.43011597e+02,
    9.20681763e+02, 5.69432068e+02, 8.20466980e+02, 4.22787537e+02,
    8.33078369e+02, 4.49375671e+02, 8.45647034e+02, 4.75734863e+02,
    8.58190063e+02, 5.02175385e+02, 8.70589111e+02, 5.28436768e+02,
    8.82896545e+02, 5.54641113e+02, 8.95314270e+02, 5.80980530e+02,
    7.95435669e+02, 4.35333557e+02, 8.08101868e+02, 4.61615967e+02,
    8.20573181e+02, 4.87868225e+02, 8.33147034e+02, 5.14201599e+02,
    8.45514221e+02, 5.40245850e+02, 8.57697388e+02, 5.66470398e+02,
    8.69918091e+02, 5.92578857e+02, 7.70605774e+02, 4.47586639e+02,
    7.83250732e+02, 4.73726990e+02, 7.95690063e+02, 4.99829407e+02,
    8.08253174e+02, 5.25971558e+02, 8.20486450e+02, 5.51890808e+02,
    8.32622253e+02, 5.77907288e+02, 8.44816833e+02, 6.04008179e+02,
    7.46154358e+02, 4.59705322e+02, 7.58559021e+02, 4.85691711e+02,
    7.71187988e+02, 5.11655212e+02, 7.83476074e+02, 5.37611450e+02,
    7.95690063e+02, 5.63463318e+02, 8.07976013e+02, 5.89435242e+02,
    8.20033447e+02, 6.15295654e+02, 7.21742004e+02, 4.71790558e+02,
    7.34386353e+02, 4.97647308e+02, 7.46703125e+02, 5.23476746e+02,
    7.59190002e+02, 5.49278259e+02, 7.71386108e+02, 5.74789673e+02,
    7.83480164e+02, 6.00638794e+02, 7.95455566e+02, 6.26415161e+02,
    6.97575806e+02, 4.83689606e+02, 7.10126648e+02, 5.09451477e+02,
    7.22512390e+02, 5.35149048e+02, 7.34881897e+02, 5.60686951e+02,
    7.47092346e+02, 5.86319641e+02, 7.59124573e+02, 6.11798340e+02,
    7.71102051e+02, 6.37525085e+02 ]
