%YAML:1.0
---
points: [ 4.16054565e+02, 4.57126923e+01, 4.16198975e+02, 6.63052216e+01,
    4.15608002e+02, 8.71612778e+01, 4.15159302e+02, 1.08120682e+02,
    4.14380188e+02, 1.29280716e+02, 4.13778442e+02, 1.50452698e+02,
    4.13198517e+02, 1.71695923e+02, 3.94902771e+02, 4.57026024e+01,
    3.94234741e+02, 6.65783081e+01, 3.93796509e+02, 8.73734818e+01,
    3.93187134e+02, 1.08464737e+02, 3.92359894e+02, 1.29399399e+02,
    3.91722809e+02, 1.50436371e+02, 3.91104828e+02, 1.71329025e+02,
    3.73157288e+02, 4.62907219e+01, 3.72856567e+02, 6.67440872e+01,
    3.72140289e+02, 8.76721725e+01, 3.71318604e+02, 1.08480362e+02,
    3.70701599e+02, 1.29333832e+02, 3.70162750e+02, 1.50290146e+02,
    3.69227295e+02, 1.71259735e+02, 3.52324219e+02, 4.69794998e+01,
    3.51660156e+02, 6.74982071e+01, 3.51094421e+02, 8.82387695e+01,
    3.50273560e+02, 1.09078201e+02, 3.49253693e+02, 1.29409210e+02,
    3.48373352e+02, 1.50241318e+02, 3.48010864e+02, 1.70905655e+02,
    3.31227509e+02, 4.76020279e+01, 3.30604645e+02, 6.81137848e+01,
    3.29940918e+02, 8.85133972e+01, 3.29306274e+02, 1.09245682e+02,
    3.28302856e+02, 1.29918976e+02, 3.27587830e+02, 1.50264206e+02,
    3.27023468e+02, 1.70510223e+02, 3.10692566e+02, 4.81519279e+01,
    3.09860046e+02, 6.85914917e+01, 3.09237885e+02, 8.92917099e+01,
    3.08564667e+02, 1.09364052e+02, 3.07876526e+02, 1.30020844e+02,
    3.07190247e+02, 1.50263535e+02, 3.06250397e+02, 1.70268768e+02,
    2.90397339e+02, 4.87384720e+01, 2.89699249e+02, 6.92185364e+01,
    2.89017487e+02, 8.92893906e+01, 2.88207458e+02, 1.09857841e+02,
    2.87696686e+02, 1.30269363e+02, 2.87107971e+02, 1.50207245e+02,
    2.86235992e+02, 1.70245621e+02, 2.70414246e+02, 4.95437775e+01,
    2.69783630e+02, 6.97416229e+01, 2.69264374e+02, 9.00120163e+01,
    2.68618469e+02, 1.10154976e+02, 2.67921051e+02, 1.30151093e+02,
    2.67146881e+02, 1.50072372e+02, 2.66367859e+02, 1.69860199e+02,
    2.50698792e+02, 5.02097931e+01, 2.50079102e+02, 7.01793213e+01,
    2.49641891e+02, 9.03240433e+01, 2.48915314e+02, 1.10365044e+02,
    2.48486649e+02, 1.30108292e+02, 2.47737839e+02, 1.49915588e+02,
    2.46898224e+02, 1.69558273e+02 ]
