%YAML:1.0
---
points: [ 2.82454163e+02, 2.07579300e+02, 2.82625183e+02, 2.30028168e+02,
    2.82683105e+02, 2.52241150e+02, 2.82793610e+02, 2.74500153e+02,
    2.82857910e+02, 2.96742828e+02, 2.83068726e+02, 3.18990509e+02,
    2.82885864e+02, 3.41385681e+02, 2.62978424e+02, 2.07318939e+02,
    2.63111237e+02, 2.28976746e+02, 2.63299774e+02, 2.50633133e+02,
    2.63381531e+02, 2.72219330e+02, 2.63576019e+02, 2.93746674e+02,
    2.63399963e+02, 3.15293915e+02, 2.63513550e+02, 3.36988220e+02,
    2.44777863e+02, 2.07122818e+02, 2.44901749e+02, 2.28187454e+02,
    2.44988007e+02, 2.49074966e+02, 2.45206772e+02, 2.70169525e+02,
    2.45316956e+02, 2.91045898e+02, 2.45304565e+02, 3.12064056e+02,
    2.45183029e+02, 3.33064697e+02, 2.27601852e+02, 2.06915985e+02,
    2.27757065e+02, 2.27497559e+02, 2.27976212e+02, 2.47768005e+02,
    2.28148499e+02, 2.68184143e+02, 2.28177231e+02, 2.88508453e+02,
    2.28224533e+02, 3.08937439e+02, 2.28092072e+02, 3.29258759e+02,
    2.11239594e+02, 2.06781906e+02, 2.11427505e+02, 2.26690109e+02,
    2.11733383e+02, 2.46558868e+02, 2.11807281e+02, 2.66326080e+02,
    2.11965317e+02, 2.86161865e+02, 2.11898743e+02, 3.05858551e+02,
    2.11665390e+02, 3.25806183e+02, 1.95576630e+02, 2.06573288e+02,
    1.95901398e+02, 2.25983398e+02, 1.96133560e+02, 2.45257065e+02,
    1.96239700e+02, 2.64619843e+02, 1.96312668e+02, 2.83892242e+02,
    1.96314789e+02, 3.03213196e+02, 1.96133530e+02, 3.22526581e+02,
    1.80907242e+02, 2.06495819e+02, 1.81158264e+02, 2.25416138e+02,
    1.81342148e+02, 2.44172836e+02, 1.81452316e+02, 2.63031708e+02,
    1.81516464e+02, 2.81718079e+02, 1.81492264e+02, 3.00661743e+02,
    1.81284882e+02, 3.19482178e+02, 1.66713211e+02, 2.06455048e+02,
    1.67187119e+02, 2.24768066e+02, 1.67329788e+02, 2.43162415e+02,
    1.67655029e+02, 2.61398102e+02, 1.67631805e+02, 2.79684113e+02,
    1.67535614e+02, 2.98089996e+02, 1.67387390e+02, 3.16477356e+02,
    1.53288559e+02, 2.06229019e+02, 1.53624207e+02, 2.24224854e+02,
    1.54079330e+02, 2.42084961e+02, 1.54227066e+02, 2.60056274e+02,
    1.54269180e+02, 2.77826141e+02, 1.54233444e+02, 2.95724030e+02,
    1.54006760e+02, 3.13703522e+02 ]
