%YAML:1.0
---
points: [ 7.94713867e+02, 4.25070068e+02, 8.19403748e+02, 4.40465118e+02,
    8.44114319e+02, 4.55893585e+02, 8.68713623e+02, 4.71429016e+02,
    8.93419922e+02, 4.86834778e+02, 9.18256165e+02, 5.02457275e+02,
    9.43157654e+02, 5.18186157e+02, 7.80467651e+02, 4.49923523e+02,
    8.04958801e+02, 4.65356232e+02, 8.29573669e+02, 4.80659302e+02,
    8.54131775e+02, 4.96206421e+02, 8.78740540e+02, 5.11569824e+02,
    9.03389832e+02, 5.27121338e+02, 9.28158386e+02, 5.42758667e+02,
    7.66410767e+02, 4.74626129e+02, 7.90706055e+02, 4.89867859e+02,
    8.15213257e+02, 5.05320282e+02, 8.39707886e+02, 5.20680847e+02,
    8.64142761e+02, 5.36108826e+02, 8.88609253e+02, 5.51574890e+02,
    9.13251648e+02, 5.67216248e+02, 7.52529053e+02, 4.99091431e+02,
    7.76636597e+02, 5.14243774e+02, 8.01080505e+02, 5.29546082e+02,
    8.25439514e+02, 5.45013672e+02, 8.49645020e+02, 5.60318298e+02,
    8.74146729e+02, 5.75790405e+02, 8.98533081e+02, 5.91437622e+02,
    7.38443359e+02, 5.23296326e+02, 7.62639343e+02, 5.38437988e+02,
    7.86789062e+02, 5.53677124e+02, 8.11115967e+02, 5.69107727e+02,
    8.35290710e+02, 5.84400024e+02, 8.59573303e+02, 5.99798401e+02,
    8.83754883e+02, 6.15416260e+02, 7.24583923e+02, 5.47363647e+02,
    7.48649231e+02, 5.62493408e+02, 7.72773682e+02, 5.77660522e+02,
    7.96867554e+02, 5.92962219e+02, 8.20908569e+02, 6.08316101e+02,
    8.45136292e+02, 6.23657715e+02, 8.69204834e+02, 6.39375916e+02,
    7.10745422e+02, 5.71262512e+02, 7.34733704e+02, 5.86389160e+02,
    7.58681824e+02, 6.01494690e+02, 7.82780884e+02, 6.16778687e+02,
    8.06593567e+02, 6.31966125e+02, 8.30737366e+02, 6.47506714e+02,
    8.54658691e+02, 6.62931030e+02, 6.97173645e+02, 5.94965149e+02,
    7.20980713e+02, 6.09930359e+02, 7.44827026e+02, 6.25102234e+02,
    7.68778503e+02, 6.40330688e+02, 7.92602600e+02, 6.55469238e+02,
    8.16508545e+02, 6.70863159e+02, 8.40351318e+02, 6.86477905e+02,
    6.83422058e+02, 6.18503662e+02, 7.07212646e+02, 6.33515137e+02,
    7.31006836e+02, 6.48503235e+02, 7.54793823e+02, 6.63631531e+02,
    7.78594299e+02, 6.78782288e+02, 8.02343018e+02, 6.94367004e+02,
    8.26121704e+02, 7.09804993e+02 ]
