%YAML:1.0
---
points: [ 4.13197998e+02, 5.57552872e+01, 4.12282196e+02, 7.49034729e+01,
    4.11229218e+02, 9.44273758e+01, 4.10090332e+02, 1.13895256e+02,
    4.08769470e+02, 1.33672485e+02, 4.07580872e+02, 1.53171524e+02,
    4.06434753e+02, 1.72847717e+02, 3.95542908e+02, 5.28538475e+01,
    3.94380096e+02, 7.23404236e+01, 3.93239838e+02, 9.20842209e+01,
    3.92008972e+02, 1.11891907e+02, 3.90663696e+02, 1.31746170e+02,
    3.89439117e+02, 1.51551483e+02, 3.88224304e+02, 1.71473145e+02,
    3.77199371e+02, 4.99309311e+01, 3.76217010e+02, 6.97965698e+01,
    3.74803528e+02, 8.97292862e+01, 3.73466339e+02, 1.09765388e+02,
    3.72112244e+02, 1.29874146e+02, 3.70935211e+02, 1.49778824e+02,
    3.69608734e+02, 1.69893784e+02, 3.58664276e+02, 4.73258171e+01,
    3.57401947e+02, 6.71779480e+01, 3.56147827e+02, 8.75305099e+01,
    3.54717865e+02, 1.07685242e+02, 3.53253998e+02, 1.27880989e+02,
    3.51930878e+02, 1.48258072e+02, 3.50639160e+02, 1.68451508e+02,
    3.39500977e+02, 4.43974724e+01, 3.38302795e+02, 6.46938477e+01,
    3.36820251e+02, 8.51729736e+01, 3.35384521e+02, 1.05744614e+02,
    3.34159454e+02, 1.26217270e+02, 3.32792450e+02, 1.46616898e+02,
    3.31584290e+02, 1.66753586e+02, 3.20283539e+02, 4.14890785e+01,
    3.18843384e+02, 6.19723930e+01, 3.17388306e+02, 8.27072525e+01,
    3.16039673e+02, 1.03285149e+02, 3.14802734e+02, 1.23930252e+02,
    3.13506897e+02, 1.44513214e+02, 3.12285522e+02, 1.65024353e+02,
    3.00494843e+02, 3.84989700e+01, 2.99151642e+02, 5.93419266e+01,
    2.97785095e+02, 8.02509384e+01, 2.96213409e+02, 1.01145744e+02,
    2.94949768e+02, 1.22127968e+02, 2.93778534e+02, 1.42729904e+02,
    2.92626923e+02, 1.63313965e+02, 2.80514587e+02, 3.56479683e+01,
    2.78880341e+02, 5.65381660e+01, 2.77624451e+02, 7.77931137e+01,
    2.76363251e+02, 9.90216827e+01, 2.75153137e+02, 1.19871979e+02,
    2.73747101e+02, 1.41091049e+02, 2.72287109e+02, 1.61710098e+02,
    2.59642426e+02, 3.26816940e+01, 2.58535736e+02, 5.37416153e+01,
    2.57036438e+02, 7.51843109e+01, 2.55901016e+02, 9.66471786e+01,
    2.54665237e+02, 1.17685280e+02, 2.53242401e+02, 1.38772903e+02,
    2.51879410e+02, 1.60079300e+02 ]
