%YAML:1.0
---
points: [ 8.89294495e+02, 3.58586914e+02, 8.57427734e+02, 3.93482056e+02,
    8.25999084e+02, 4.28117432e+02, 7.94407776e+02, 4.62632751e+02,
    7.62797058e+02, 4.97093048e+02, 7.31330383e+02, 5.31426086e+02,
    6.99630554e+02, 5.65793152e+02, 8.54438232e+02, 3.26390350e+02,
    8.22987854e+02, 3.61308563e+02, 7.91303284e+02, 3.96196075e+02,
    7.59798401e+02, 4.30777466e+02, 7.28418274e+02, 4.65323822e+02,
    6.96599060e+02, 4.99835083e+02, 6.64969238e+02, 5.34216492e+02,
    8.19777222e+02, 2.93998688e+02, 7.88076538e+02, 3.29127930e+02,
    7.56599060e+02, 3.63956604e+02, 7.24974243e+02, 3.98844513e+02,
    6.93603088e+02, 4.33365417e+02, 6.61891724e+02, 4.68051239e+02,
    6.30030579e+02, 5.02513916e+02, 7.84756531e+02, 2.61479370e+02,
    7.53375549e+02, 2.96643280e+02, 7.21658691e+02, 3.31860199e+02,
    6.90165955e+02, 3.66799591e+02, 6.58567505e+02, 4.01481812e+02,
    6.26955872e+02, 4.36184021e+02, 5.95045410e+02, 4.70711517e+02,
    7.49648132e+02, 2.28691971e+02, 7.18001770e+02, 2.64182953e+02,
    6.86542786e+02, 2.99488373e+02, 6.54964050e+02, 3.34476807e+02,
    6.23428406e+02, 3.69364044e+02, 5.91623108e+02, 4.04007172e+02,
    5.59609314e+02, 4.38651154e+02, 7.14226746e+02, 1.95514389e+02,
    6.82649841e+02, 2.31271118e+02, 6.51179932e+02, 2.66651825e+02,
    6.19433655e+02, 3.01973541e+02, 5.87894226e+02, 3.36801666e+02,
    5.56147522e+02, 3.71689026e+02, 5.23932739e+02, 4.06447571e+02,
    6.78583801e+02, 1.62631332e+02, 6.46921204e+02, 1.98332016e+02,
    6.15396851e+02, 2.33913269e+02, 5.83644348e+02, 2.69211548e+02,
    5.52272217e+02, 3.04335846e+02, 5.20313110e+02, 3.39255127e+02,
    4.88257080e+02, 3.74175812e+02, 6.42820068e+02, 1.29279999e+02,
    6.11359680e+02, 1.65233231e+02, 5.79705750e+02, 2.00795380e+02,
    5.48171509e+02, 2.36564224e+02, 5.16591553e+02, 2.71634674e+02,
    4.84627167e+02, 3.06751709e+02, 4.52533478e+02, 3.41678772e+02,
    6.07099792e+02, 9.59547195e+01, 5.75443359e+02, 1.31900208e+02,
    5.43968079e+02, 1.67838974e+02, 5.12385925e+02, 2.03525833e+02,
    4.80670563e+02, 2.38822739e+02, 4.48815399e+02, 2.74147705e+02,
    4.16695831e+02, 3.09300873e+02 ]
