%YAML:1.0
---
points: [ 2.68651215e+02, 1.53818253e+02, 2.57876129e+02, 1.65697815e+02,
    2.47126816e+02, 1.77682587e+02, 2.36006958e+02, 1.89352890e+02,
    2.25963028e+02, 2.00531906e+02, 2.15015854e+02, 2.12397141e+02,
    2.04309326e+02, 2.24127014e+02, 2.56980194e+02, 1.42992691e+02,
    2.46224197e+02, 1.54804337e+02, 2.35395020e+02, 1.66712479e+02,
    2.24738159e+02, 1.78399109e+02, 2.14025146e+02, 1.90136978e+02,
    2.03422806e+02, 2.01745972e+02, 1.92693512e+02, 2.13447723e+02,
    2.45252930e+02, 1.32045975e+02, 2.34480377e+02, 1.43905258e+02,
    2.23770142e+02, 1.55808289e+02, 2.12966782e+02, 1.67652176e+02,
    2.02468323e+02, 1.79348190e+02, 1.91652252e+02, 1.90953613e+02,
    1.80850388e+02, 2.02631042e+02, 2.33484985e+02, 1.21075333e+02,
    2.22720612e+02, 1.33031174e+02, 2.11995544e+02, 1.44927551e+02,
    2.01314728e+02, 1.56784454e+02, 1.90551849e+02, 1.68573135e+02,
    1.79914597e+02, 1.80237152e+02, 1.69209564e+02, 1.91965347e+02,
    2.21698853e+02, 1.10010674e+02, 2.10910614e+02, 1.22033203e+02,
    2.00246414e+02, 1.33947617e+02, 1.89519470e+02, 1.45948822e+02,
    1.78797211e+02, 1.57745316e+02, 1.68064621e+02, 1.69431366e+02,
    1.57300262e+02, 1.81134720e+02, 2.09785812e+02, 9.88734894e+01,
    1.99031647e+02, 1.11008728e+02, 1.88321686e+02, 1.22988556e+02,
    1.77578568e+02, 1.34873260e+02, 1.66948517e+02, 1.46728165e+02,
    1.56179810e+02, 1.58605652e+02, 1.45381317e+02, 1.70292053e+02,
    1.97857666e+02, 8.78502808e+01, 1.87075073e+02, 9.99168243e+01,
    1.76402130e+02, 1.11930992e+02, 1.65675293e+02, 1.23882408e+02,
    1.55016739e+02, 1.35778702e+02, 1.44223099e+02, 1.47638824e+02,
    1.33433243e+02, 1.59372192e+02, 1.85954590e+02, 7.67609558e+01,
    1.75191544e+02, 8.88856354e+01, 1.64506607e+02, 1.00896255e+02,
    1.53754028e+02, 1.12989746e+02, 1.43121887e+02, 1.24833672e+02,
    1.32315643e+02, 1.36720642e+02, 1.21565765e+02, 1.48515823e+02,
    1.74035309e+02, 6.55927200e+01, 1.63244598e+02, 7.78483963e+01,
    1.52545105e+02, 8.98822174e+01, 1.41848129e+02, 1.01953262e+02,
    1.31173264e+02, 1.13889755e+02, 1.20440102e+02, 1.25793488e+02,
    1.09654076e+02, 1.37605621e+02 ]
