%YAML:1.0
---
points: [ 2.81417114e+02, 1.60237427e+02, 2.71801178e+02, 1.72063110e+02,
    2.62260223e+02, 1.83755463e+02, 2.52790451e+02, 1.95387512e+02,
    2.43372849e+02, 2.06947403e+02, 2.34031998e+02, 2.18461700e+02,
    2.24725983e+02, 2.29963318e+02, 2.70737305e+02, 1.50873169e+02,
    2.60993317e+02, 1.62910278e+02, 2.51288177e+02, 1.74830780e+02,
    2.41621735e+02, 1.86768509e+02, 2.32143784e+02, 1.98573456e+02,
    2.22785797e+02, 2.10205032e+02, 2.13370071e+02, 2.21992920e+02,
    2.59690765e+02, 1.41055405e+02, 2.49753235e+02, 1.53401733e+02,
    2.39940872e+02, 1.65644608e+02, 2.30200912e+02, 1.77841873e+02,
    2.20593918e+02, 1.89898560e+02, 2.11006668e+02, 2.01818924e+02,
    2.01405746e+02, 2.13764038e+02, 2.48103394e+02, 1.30848953e+02,
    2.38047760e+02, 1.43600754e+02, 2.28148010e+02, 1.56112625e+02,
    2.18237213e+02, 1.68563660e+02, 2.08482162e+02, 1.80744492e+02,
    1.98796646e+02, 1.93058167e+02, 1.89150650e+02, 2.05275833e+02,
    2.36157623e+02, 1.20411629e+02, 2.25978699e+02, 1.33313904e+02,
    2.15917984e+02, 1.46140366e+02, 2.05925385e+02, 1.58852127e+02,
    1.95995834e+02, 1.71440231e+02, 1.86134506e+02, 1.83936905e+02,
    1.76317932e+02, 1.96354706e+02, 2.23747040e+02, 1.09457451e+02,
    2.13420197e+02, 1.22731003e+02, 2.03216660e+02, 1.35818054e+02,
    1.92985962e+02, 1.48812683e+02, 1.83017059e+02, 1.61609421e+02,
    1.72927399e+02, 1.74555206e+02, 1.63001175e+02, 1.87279633e+02,
    2.10781998e+02, 9.80934372e+01, 2.00297348e+02, 1.11648392e+02,
    1.89916992e+02, 1.25050690e+02, 1.79617447e+02, 1.38307526e+02,
    1.69403381e+02, 1.51565338e+02, 1.59194824e+02, 1.64606842e+02,
    1.49150299e+02, 1.77734177e+02, 1.97341248e+02, 8.62139359e+01,
    1.86672546e+02, 1.00118187e+02, 1.76155136e+02, 1.13802719e+02,
    1.65653564e+02, 1.27517136e+02, 1.55304901e+02, 1.40938522e+02,
    1.44980896e+02, 1.54359406e+02, 1.34733337e+02, 1.67742432e+02,
    1.83214081e+02, 7.40319748e+01, 1.72599533e+02, 8.81292114e+01,
    1.61759552e+02, 1.02239044e+02, 1.51150925e+02, 1.16105148e+02,
    1.40610825e+02, 1.29975342e+02, 1.30091049e+02, 1.43707825e+02,
    1.19693817e+02, 1.57412277e+02 ]
