%YAML:1.0
---
points: [ 7.84569397e+02, 4.46741974e+02, 8.13086304e+02, 4.48155396e+02,
    8.41923706e+02, 4.49371704e+02, 8.70764771e+02, 4.50430664e+02,
    8.99891968e+02, 4.51593170e+02, 9.29063232e+02, 4.52869141e+02,
    9.58590942e+02, 4.54188965e+02, 7.84533875e+02, 4.75865723e+02,
    8.12890869e+02, 4.77161041e+02, 8.41622314e+02, 4.78338806e+02,
    8.70361328e+02, 4.79664673e+02, 8.99361877e+02, 4.80906311e+02,
    9.28342468e+02, 4.82197052e+02, 9.57650696e+02, 4.83468781e+02,
    7.84469360e+02, 5.04477173e+02, 8.12698181e+02, 5.05844971e+02,
    8.41291992e+02, 5.07243988e+02, 8.70036987e+02, 5.08510986e+02,
    8.98632507e+02, 5.09788086e+02, 9.27603882e+02, 5.11414215e+02,
    9.56657410e+02, 5.12707947e+02, 7.84514771e+02, 5.32936584e+02,
    8.12540466e+02, 5.34313782e+02, 8.41001587e+02, 5.35591431e+02,
    8.69593140e+02, 5.37138428e+02, 8.98190063e+02, 5.38558777e+02,
    9.26937988e+02, 5.40057556e+02, 9.55754517e+02, 5.41486328e+02,
    7.84314514e+02, 5.61155884e+02, 8.12443848e+02, 5.62521301e+02,
    8.40625488e+02, 5.64096191e+02, 8.69203247e+02, 5.65518555e+02,
    8.97440002e+02, 5.66971619e+02, 9.26256104e+02, 5.68560913e+02,
    9.54887939e+02, 5.70321899e+02, 7.84240173e+02, 5.89182495e+02,
    8.12125427e+02, 5.90695190e+02, 8.40266479e+02, 5.92196472e+02,
    8.68588379e+02, 5.93627319e+02, 8.96768066e+02, 5.95384644e+02,
    9.25330444e+02, 5.96955139e+02, 9.54085999e+02, 5.98602844e+02,
    7.84022095e+02, 6.16942871e+02, 8.11786255e+02, 6.18471130e+02,
    8.39784058e+02, 6.20107910e+02, 8.68162292e+02, 6.21676086e+02,
    8.96225464e+02, 6.23297180e+02, 9.24539978e+02, 6.25008484e+02,
    9.53164124e+02, 6.27042908e+02, 7.83813538e+02, 6.44426819e+02,
    8.11576843e+02, 6.45931641e+02, 8.39430847e+02, 6.47560303e+02,
    8.67527466e+02, 6.49320068e+02, 8.95573486e+02, 6.50890259e+02,
    9.23848022e+02, 6.52886047e+02, 9.52270325e+02, 6.54844299e+02,
    7.83575623e+02, 6.71700439e+02, 8.11315125e+02, 6.73495544e+02,
    8.39005981e+02, 6.75117432e+02, 8.66819824e+02, 6.76734680e+02,
    8.94897583e+02, 6.78741211e+02, 9.23169312e+02, 6.80623474e+02,
    9.51260010e+02, 6.82622314e+02 ]
