%YAML:1.0
---
points: [ 9.31630859e+02, 3.77553162e+02, 9.03618713e+02, 4.12236145e+02,
    8.75846619e+02, 4.46819031e+02, 8.48205200e+02, 4.81164490e+02,
    8.20874756e+02, 5.15237122e+02, 7.93520142e+02, 5.49202148e+02,
    7.66343384e+02, 5.83170105e+02, 8.98433350e+02, 3.49690643e+02,
    8.70152222e+02, 3.85270142e+02, 8.41830811e+02, 4.20527557e+02,
    8.13820740e+02, 4.55537292e+02, 7.86064270e+02, 4.90267181e+02,
    7.58425415e+02, 5.25082825e+02, 7.30830322e+02, 5.59622498e+02,
    8.63929138e+02, 3.20940155e+02, 8.35187256e+02, 3.57271576e+02,
    8.06572754e+02, 3.93294495e+02, 7.78208374e+02, 4.29184357e+02,
    7.50058533e+02, 4.64502930e+02, 7.22005127e+02, 4.99995392e+02,
    6.94019409e+02, 5.35425293e+02, 8.28032166e+02, 2.90917816e+02,
    7.99031921e+02, 3.28218384e+02, 7.69933105e+02, 3.65018402e+02,
    7.41160339e+02, 4.01626038e+02, 7.12550293e+02, 4.37782318e+02,
    6.84131470e+02, 4.74146515e+02, 6.55755859e+02, 5.10120667e+02,
    7.90782104e+02, 2.59692047e+02, 7.61269287e+02, 2.97789734e+02,
    7.31881958e+02, 3.35600616e+02, 7.02634827e+02, 3.73087738e+02,
    6.73643860e+02, 4.10141327e+02, 6.44599365e+02, 4.47104919e+02,
    6.15842285e+02, 4.84028442e+02, 7.51879395e+02, 2.27259979e+02,
    7.22007507e+02, 2.66362915e+02, 6.92123169e+02, 3.04943787e+02,
    6.62443298e+02, 3.43382721e+02, 6.32985046e+02, 3.81283569e+02,
    6.03654236e+02, 4.19147949e+02, 5.74312683e+02, 4.56830139e+02,
    7.11437134e+02, 1.93445038e+02, 6.80925049e+02, 2.33408432e+02,
    6.50698730e+02, 2.72988678e+02, 6.20487732e+02, 3.12310455e+02,
    5.90647766e+02, 3.51275543e+02, 5.60787415e+02, 3.89908356e+02,
    5.30997131e+02, 4.28637329e+02, 6.69085999e+02, 1.58163681e+02,
    6.38301819e+02, 1.99142731e+02, 6.07522339e+02, 2.39671326e+02,
    5.76918457e+02, 2.80027100e+02, 5.46572876e+02, 3.19727173e+02,
    5.16323059e+02, 3.59514587e+02, 4.86089935e+02, 3.99000824e+02,
    6.25151550e+02, 1.21327400e+02, 5.93607666e+02, 1.63347153e+02,
    5.62571289e+02, 2.04961029e+02, 5.31436096e+02, 2.46318939e+02,
    5.00621521e+02, 2.87150452e+02, 4.69677216e+02, 3.27770081e+02,
    4.39154877e+02, 3.68308380e+02 ]
