%YAML:1.0
---
points: [ 4.25463257e+02, 2.10831055e+02, 4.26866180e+02, 2.29925140e+02,
    4.28334198e+02, 2.49688141e+02, 4.29716034e+02, 2.69988037e+02,
    4.31151917e+02, 2.90814850e+02, 4.32636902e+02, 3.11948273e+02,
    4.34217316e+02, 3.33662537e+02, 4.05801849e+02, 2.09976196e+02,
    4.07091980e+02, 2.29328400e+02, 4.08194916e+02, 2.49095840e+02,
    4.09509033e+02, 2.69460022e+02, 4.10740784e+02, 2.90249054e+02,
    4.12162354e+02, 3.11600189e+02, 4.13494354e+02, 3.33282318e+02,
    3.86163544e+02, 2.09556686e+02, 3.87036957e+02, 2.28707672e+02,
    3.88116882e+02, 2.48537811e+02, 3.89151215e+02, 2.68726166e+02,
    3.90250763e+02, 2.89569977e+02, 3.91429169e+02, 3.10776245e+02,
    3.92549683e+02, 3.32779846e+02, 3.66339844e+02, 2.08805588e+02,
    3.67106842e+02, 2.28011414e+02, 3.67820465e+02, 2.47732056e+02,
    3.68614258e+02, 2.68048767e+02, 3.69490265e+02, 2.88743317e+02,
    3.70322418e+02, 3.10260162e+02, 3.71556671e+02, 3.32054260e+02,
    3.46717621e+02, 2.08160522e+02, 3.47163300e+02, 2.27546188e+02,
    3.47726746e+02, 2.46981140e+02, 3.48304535e+02, 2.67152039e+02,
    3.49217560e+02, 2.88132172e+02, 3.49592224e+02, 3.09229523e+02,
    3.50164185e+02, 3.31218903e+02, 3.27153473e+02, 2.07585815e+02,
    3.27395508e+02, 2.26581665e+02, 3.27744415e+02, 2.46121307e+02,
    3.28144226e+02, 2.66258850e+02, 3.28211212e+02, 2.87104126e+02,
    3.29009888e+02, 3.08258118e+02, 3.29292755e+02, 3.30263367e+02,
    3.07796448e+02, 2.06864594e+02, 3.07788971e+02, 2.25819641e+02,
    3.07785736e+02, 2.45320694e+02, 3.07901276e+02, 2.65593170e+02,
    3.08081818e+02, 2.86287628e+02, 3.08273834e+02, 3.07395416e+02,
    3.08204681e+02, 3.29428680e+02, 2.88353973e+02, 2.06069214e+02,
    2.88049408e+02, 2.25196198e+02, 2.87955292e+02, 2.44719879e+02,
    2.87721100e+02, 2.64911560e+02, 2.87325409e+02, 2.85291077e+02,
    2.87263580e+02, 3.06867065e+02, 2.87309082e+02, 3.28954834e+02,
    2.68915009e+02, 2.05399811e+02, 2.68544861e+02, 2.24615845e+02,
    2.67946259e+02, 2.44010452e+02, 2.67548798e+02, 2.64022186e+02,
    2.67015747e+02, 2.84695282e+02, 2.66172211e+02, 3.06313690e+02,
    2.66227814e+02, 3.28371185e+02 ]
