%YAML:1.0
---
points: [ 2.56395996e+02, 8.58971939e+01, 2.64836761e+02, 1.00572617e+02,
    2.73022552e+02, 1.14588509e+02, 2.80754608e+02, 1.27950111e+02,
    2.88285339e+02, 1.40665558e+02, 2.95454102e+02, 1.53121811e+02,
    3.02330688e+02, 1.64986115e+02, 2.42309753e+02, 9.58480148e+01,
    2.51176651e+02, 1.10238640e+02, 2.59538574e+02, 1.23995644e+02,
    2.67577911e+02, 1.37112808e+02, 2.75247437e+02, 1.49682999e+02,
    2.82726715e+02, 1.61731781e+02, 2.89907776e+02, 1.73342926e+02,
    2.28420303e+02, 1.05709030e+02, 2.37504349e+02, 1.19839005e+02,
    2.46206726e+02, 1.33265991e+02, 2.54510513e+02, 1.46281815e+02,
    2.62565643e+02, 1.58461349e+02, 2.70139160e+02, 1.70354111e+02,
    2.77567596e+02, 1.81832031e+02, 2.14592804e+02, 1.15506523e+02,
    2.24038773e+02, 1.29313217e+02, 2.32955658e+02, 1.42573303e+02,
    2.41580292e+02, 1.55187683e+02, 2.49776215e+02, 1.67249786e+02,
    2.57710602e+02, 1.78885696e+02, 2.65409912e+02, 1.90031219e+02,
    2.00861099e+02, 1.25162804e+02, 2.10606293e+02, 1.38780426e+02,
    2.19802658e+02, 1.51607346e+02, 2.28783218e+02, 1.64098526e+02,
    2.37196335e+02, 1.75928116e+02, 2.45341293e+02, 1.87401062e+02,
    2.53137711e+02, 1.98391998e+02, 1.87199890e+02, 1.34812012e+02,
    1.97276428e+02, 1.48130508e+02, 2.06848145e+02, 1.60825958e+02,
    2.15945709e+02, 1.73028320e+02, 2.24718369e+02, 1.84639893e+02,
    2.33134781e+02, 1.95864319e+02, 2.41222076e+02, 2.06681274e+02,
    1.73662415e+02, 1.44390259e+02, 1.83953384e+02, 1.57438538e+02,
    1.93818329e+02, 1.69898087e+02, 2.03201401e+02, 1.81891159e+02,
    2.12205673e+02, 1.93241898e+02, 2.20774384e+02, 2.04320251e+02,
    2.29126419e+02, 2.15058838e+02, 1.60136810e+02, 1.53921295e+02,
    1.70767746e+02, 1.66608795e+02, 1.80878860e+02, 1.78871780e+02,
    1.90541138e+02, 1.90555496e+02, 1.99737137e+02, 2.01794113e+02,
    2.08633881e+02, 2.12609131e+02, 2.17176727e+02, 2.23141510e+02,
    1.46708878e+02, 1.63442978e+02, 1.57487381e+02, 1.75976776e+02,
    1.67911255e+02, 1.87874741e+02, 1.77894791e+02, 1.99393784e+02,
    1.87381317e+02, 2.10371719e+02, 1.96399185e+02, 2.21035568e+02,
    2.05197723e+02, 2.31319885e+02 ]
