%YAML:1.0
---
points: [ 4.25849640e+02, 2.62866486e+02, 4.22589294e+02, 2.82432159e+02,
    4.19215576e+02, 3.01647522e+02, 4.16116608e+02, 3.20105530e+02,
    4.13082031e+02, 3.38291931e+02, 4.09886200e+02, 3.55872498e+02,
    4.06927979e+02, 3.72952179e+02, 4.04789032e+02, 2.61751251e+02,
    4.01779144e+02, 2.81466187e+02, 3.98867859e+02, 3.00594543e+02,
    3.95926575e+02, 3.19233917e+02, 3.93156494e+02, 3.37481995e+02,
    3.90439117e+02, 3.55199524e+02, 3.87713623e+02, 3.72401367e+02,
    3.83511047e+02, 2.60641663e+02, 3.80853851e+02, 2.80266632e+02,
    3.78267578e+02, 2.99583618e+02, 3.75757202e+02, 3.18207977e+02,
    3.73302185e+02, 3.36426117e+02, 3.70843109e+02, 3.54470154e+02,
    3.68556915e+02, 3.71881470e+02, 3.62202728e+02, 2.59519684e+02,
    3.59833588e+02, 2.79147095e+02, 3.57655762e+02, 2.98220276e+02,
    3.55536835e+02, 3.17280426e+02, 3.53233521e+02, 3.35642059e+02,
    3.51208710e+02, 3.53454346e+02, 3.49034576e+02, 3.71149048e+02,
    3.41043945e+02, 2.58283997e+02, 3.39138947e+02, 2.77997711e+02,
    3.36898743e+02, 2.97208405e+02, 3.35207642e+02, 3.16016144e+02,
    3.33221252e+02, 3.34333344e+02, 3.31341278e+02, 3.52661499e+02,
    3.29746826e+02, 3.70192871e+02, 3.20136536e+02, 2.57306488e+02,
    3.18246185e+02, 2.77112305e+02, 3.16372925e+02, 2.96307220e+02,
    3.14807770e+02, 3.15233337e+02, 3.13219604e+02, 3.33571442e+02,
    3.11779663e+02, 3.51828552e+02, 3.10097595e+02, 3.69699677e+02,
    2.98951935e+02, 2.56238617e+02, 2.97310913e+02, 2.75909790e+02,
    2.95885986e+02, 2.95228851e+02, 2.94435242e+02, 3.14193542e+02,
    2.93137238e+02, 3.32508942e+02, 2.91920929e+02, 3.50803833e+02,
    2.90640747e+02, 3.68868591e+02, 2.78235413e+02, 2.55158234e+02,
    2.76794708e+02, 2.74956238e+02, 2.75571442e+02, 2.94170013e+02,
    2.74552643e+02, 3.13207458e+02, 2.73229065e+02, 3.31694946e+02,
    2.71886444e+02, 3.50058075e+02, 2.70893158e+02, 3.67998901e+02,
    2.57092529e+02, 2.54261383e+02, 2.56215057e+02, 2.73924805e+02,
    2.55084198e+02, 2.93188354e+02, 2.54200409e+02, 3.12219818e+02,
    2.53144638e+02, 3.30832214e+02, 2.52272797e+02, 3.49197357e+02,
    2.51377594e+02, 3.67205627e+02 ]
