%YAML:1.0
---
points: [ 8.46303406e+02, 1.58095764e+02, 8.73723999e+02, 2.01545776e+02,
    9.00196350e+02, 2.43054703e+02, 9.25308655e+02, 2.82753571e+02,
    9.49372131e+02, 3.20493256e+02, 9.72447510e+02, 3.56696838e+02,
    9.94734192e+02, 3.91520874e+02, 8.05065857e+02, 1.87390594e+02,
    8.33601685e+02, 2.30014969e+02, 8.60792908e+02, 2.70612610e+02,
    8.86760132e+02, 3.09568207e+02, 9.11584839e+02, 3.46559082e+02,
    9.35487915e+02, 3.82158447e+02, 9.58446594e+02, 4.16381927e+02,
    7.64387512e+02, 2.16327484e+02, 7.93679993e+02, 2.58229492e+02,
    8.21744385e+02, 2.98101349e+02, 8.48634033e+02, 3.36210693e+02,
    8.74184692e+02, 3.72459930e+02, 8.98783813e+02, 4.07453979e+02,
    9.22441467e+02, 4.41118896e+02, 7.23827026e+02, 2.44898773e+02,
    7.54302917e+02, 2.86060577e+02, 7.83110046e+02, 3.25202576e+02,
    8.10662598e+02, 3.62494629e+02, 8.37017700e+02, 3.98144836e+02,
    8.62409363e+02, 4.32455139e+02, 8.86631775e+02, 4.65530884e+02,
    6.83540588e+02, 2.73613617e+02, 7.14656738e+02, 3.13685669e+02,
    7.44563721e+02, 3.52171478e+02, 7.72938904e+02, 3.88754181e+02,
    8.00065613e+02, 4.23693695e+02, 8.26054382e+02, 4.57434357e+02,
    8.51106812e+02, 4.90051971e+02, 6.43351135e+02, 3.01927521e+02,
    6.75469482e+02, 3.41420715e+02, 7.06065186e+02, 3.79046967e+02,
    7.35408325e+02, 4.15089172e+02, 7.63134766e+02, 4.49343628e+02,
    7.89795654e+02, 4.82484863e+02, 8.15596680e+02, 5.14520203e+02,
    6.03347961e+02, 3.30374603e+02, 6.36276245e+02, 3.68839172e+02,
    6.67757690e+02, 4.05785431e+02, 6.97726685e+02, 4.41203522e+02,
    7.26431091e+02, 4.74832581e+02, 7.53792908e+02, 5.07376068e+02,
    7.80231812e+02, 5.38886292e+02, 5.63432251e+02, 3.58328644e+02,
    5.97329529e+02, 3.96176880e+02, 6.29500732e+02, 4.32361603e+02,
    6.60412659e+02, 4.66943542e+02, 6.89616455e+02, 5.00110718e+02,
    7.17862427e+02, 5.32069214e+02, 7.44900757e+02, 5.63064148e+02,
    5.23507019e+02, 3.86391846e+02, 5.58024963e+02, 4.23511932e+02,
    5.91368713e+02, 4.58815460e+02, 6.22879761e+02, 4.92819214e+02,
    6.53054077e+02, 5.25416870e+02, 6.81893616e+02, 5.56754395e+02,
    7.09653259e+02, 5.87291138e+02 ]
