%YAML:1.0
---
points: [ 1.01260352e+03, 6.19684204e+02, 9.86549744e+02, 6.30398254e+02,
    9.60656738e+02, 6.41244019e+02, 9.35174377e+02, 6.51687317e+02,
    9.09694641e+02, 6.62520813e+02, 8.84604431e+02, 6.73055176e+02,
    8.59811279e+02, 6.83554016e+02, 1.00054816e+03, 5.93606323e+02,
    9.74514465e+02, 6.04576965e+02, 9.48622925e+02, 6.15490784e+02,
    9.23316101e+02, 6.26323242e+02, 8.97871643e+02, 6.37194519e+02,
    8.72712585e+02, 6.47732056e+02, 8.47913208e+02, 6.58469299e+02,
    9.88561951e+02, 5.67636414e+02, 9.62471008e+02, 5.78640808e+02,
    9.36566284e+02, 5.89712402e+02, 9.11184509e+02, 6.00749512e+02,
    8.85726013e+02, 6.11663147e+02, 8.60759827e+02, 6.22578308e+02,
    8.35872620e+02, 6.33353638e+02, 9.76511719e+02, 5.41374329e+02,
    9.50384949e+02, 5.52603943e+02, 9.24616333e+02, 5.63930298e+02,
    8.99115417e+02, 5.75079590e+02, 8.73693298e+02, 5.86254700e+02,
    8.48637878e+02, 5.97283691e+02, 8.23799988e+02, 6.08190247e+02,
    9.64375305e+02, 5.15004578e+02, 9.38352112e+02, 5.26469177e+02,
    9.12430481e+02, 5.37847656e+02, 8.86989990e+02, 5.49261414e+02,
    8.61553345e+02, 5.60541321e+02, 8.36441162e+02, 5.71686218e+02,
    8.11575989e+02, 5.82745972e+02, 9.52083618e+02, 4.88445251e+02,
    9.25961487e+02, 5.00260803e+02, 9.00122192e+02, 5.11720245e+02,
    8.74620422e+02, 5.23401245e+02, 8.49345276e+02, 5.34727356e+02,
    8.24278137e+02, 5.46240356e+02, 7.99386841e+02, 5.57267456e+02,
    9.39748901e+02, 4.62014984e+02, 9.13708130e+02, 4.73863556e+02,
    8.87743835e+02, 4.85601288e+02, 8.62327332e+02, 4.97381836e+02,
    8.36804443e+02, 5.09012817e+02, 8.11699341e+02, 5.20482544e+02,
    7.86882690e+02, 5.31707520e+02, 9.27409424e+02, 4.35139221e+02,
    9.01215576e+02, 4.47330414e+02, 8.75471497e+02, 4.59260254e+02,
    8.49822876e+02, 4.71258972e+02, 8.24523743e+02, 4.82907745e+02,
    7.99302124e+02, 4.94562866e+02, 7.74455139e+02, 5.06031403e+02,
    9.14829590e+02, 4.08237732e+02, 8.88652527e+02, 4.20545807e+02,
    8.62694702e+02, 4.32644958e+02, 8.37245789e+02, 4.44729828e+02,
    8.11839783e+02, 4.56657257e+02, 7.86660583e+02, 4.68515045e+02,
    7.61835632e+02, 4.80188843e+02 ]
