%YAML:1.0
---
points: [ 7.91312622e+02, 1.14879875e+02, 8.14971558e+02, 1.37619385e+02,
    8.39577454e+02, 1.61058502e+02, 8.64696533e+02, 1.85269165e+02,
    8.90852417e+02, 2.10202255e+02, 9.17970886e+02, 2.35708038e+02,
    9.46034241e+02, 2.62273041e+02, 7.59694519e+02, 1.44476761e+02,
    7.82856140e+02, 1.67602417e+02, 8.06912964e+02, 1.91611404e+02,
    8.31569336e+02, 2.16308273e+02, 8.57206848e+02, 2.41788605e+02,
    8.83495483e+02, 2.68017059e+02, 9.10672791e+02, 2.94829529e+02,
    7.28347290e+02, 1.73770187e+02, 7.50948181e+02, 1.97486542e+02,
    7.74434937e+02, 2.21806503e+02, 7.98585205e+02, 2.47244354e+02,
    8.23580872e+02, 2.73096588e+02, 8.49289917e+02, 2.99787903e+02,
    8.75641541e+02, 3.27297180e+02, 6.97141541e+02, 2.03284103e+02,
    7.19331299e+02, 2.27201202e+02, 7.42060669e+02, 2.52152817e+02,
    7.65642334e+02, 2.77880432e+02, 7.90030701e+02, 3.04439758e+02,
    8.15135681e+02, 3.31548401e+02, 8.40779907e+02, 3.59543060e+02,
    6.65539490e+02, 2.32194931e+02, 6.87258606e+02, 2.56737976e+02,
    7.09625549e+02, 2.82244781e+02, 7.32616699e+02, 3.08369781e+02,
    7.56408081e+02, 3.35335999e+02, 7.80673584e+02, 3.62973175e+02,
    8.05652405e+02, 3.91449402e+02, 6.33808472e+02, 2.60910461e+02,
    6.55099487e+02, 2.85989380e+02, 6.76840637e+02, 3.11770203e+02,
    6.99366821e+02, 3.38482788e+02, 7.22452515e+02, 3.65818787e+02,
    7.46200867e+02, 3.94212341e+02, 7.70413086e+02, 4.23224121e+02,
    6.02308594e+02, 2.89673248e+02, 6.22872925e+02, 3.15292725e+02,
    6.44247742e+02, 3.41520386e+02, 6.66080017e+02, 3.68652039e+02,
    6.88580750e+02, 3.96543427e+02, 7.11601929e+02, 4.25378540e+02,
    7.35263123e+02, 4.54892426e+02, 5.70619934e+02, 3.18478119e+02,
    5.90727600e+02, 3.44402557e+02, 6.11523499e+02, 3.71101898e+02,
    6.33091675e+02, 3.98929382e+02, 6.54757690e+02, 4.27216400e+02,
    6.77337158e+02, 4.56557098e+02, 7.00181091e+02, 4.86643066e+02,
    5.38678772e+02, 3.46982239e+02, 5.58390686e+02, 3.73398102e+02,
    5.78653870e+02, 4.00712433e+02, 5.99455688e+02, 4.28835388e+02,
    6.20703552e+02, 4.57744568e+02, 6.42547485e+02, 4.87578552e+02,
    6.64767578e+02, 5.18472290e+02 ]
