%YAML:1.0
---
points: [ 1.08177417e+03, 4.56582092e+02, 1.06402148e+03, 4.80017883e+02,
    1.04637549e+03, 5.03476746e+02, 1.02871545e+03, 5.26732056e+02,
    1.01122528e+03, 5.50249146e+02, 9.93597595e+02, 5.73518188e+02,
    9.76080750e+02, 5.96853333e+02, 1.05854370e+03, 4.38927277e+02,
    1.04082410e+03, 4.62438080e+02, 1.02318994e+03, 4.85784210e+02,
    1.00555414e+03, 5.09211487e+02, 9.87903625e+02, 5.32552429e+02,
    9.70384033e+02, 5.55946289e+02, 9.52685120e+02, 5.79350525e+02,
    1.03545544e+03, 4.21268036e+02, 1.01763562e+03, 4.44760376e+02,
    9.99948120e+02, 4.68301697e+02, 9.82411621e+02, 4.91563232e+02,
    9.64682739e+02, 5.15022156e+02, 9.47071289e+02, 5.38433411e+02,
    9.29514465e+02, 5.61751526e+02, 1.01216296e+03, 4.03505981e+02,
    9.94405884e+02, 4.27084503e+02, 9.76655823e+02, 4.50536377e+02,
    9.59121094e+02, 4.73963226e+02, 9.41440735e+02, 4.97418945e+02,
    9.23746643e+02, 5.20801575e+02, 9.06068481e+02, 5.44297607e+02,
    9.88811157e+02, 3.85630707e+02, 9.71145142e+02, 4.09301270e+02,
    9.53368225e+02, 4.32756409e+02, 9.35722107e+02, 4.56238586e+02,
    9.18020081e+02, 4.79691742e+02, 9.00392273e+02, 5.03189484e+02,
    8.82636963e+02, 5.26580750e+02, 9.65480896e+02, 3.67764435e+02,
    9.47712830e+02, 3.91481506e+02, 9.29999695e+02, 4.14989319e+02,
    9.12354675e+02, 4.38460815e+02, 8.94608948e+02, 4.61987885e+02,
    8.76835388e+02, 4.85448608e+02, 8.59227478e+02, 5.08904816e+02,
    9.42180359e+02, 3.49922058e+02, 9.24380676e+02, 3.73582825e+02,
    9.06540466e+02, 3.97269135e+02, 8.88872314e+02, 4.20680481e+02,
    8.71200745e+02, 4.44289154e+02, 8.53387878e+02, 4.67751221e+02,
    8.35566650e+02, 4.91295807e+02, 9.18590881e+02, 3.31802032e+02,
    9.00804626e+02, 3.55601715e+02, 8.83046387e+02, 3.79318054e+02,
    8.65357910e+02, 4.02839966e+02, 8.47510132e+02, 4.26412018e+02,
    8.29695496e+02, 4.49840240e+02, 8.11848633e+02, 4.73422516e+02,
    8.95135193e+02, 3.13694092e+02, 8.77219910e+02, 3.37493225e+02,
    8.59365662e+02, 3.61269470e+02, 8.41585999e+02, 3.84757507e+02,
    8.23815674e+02, 4.08429657e+02, 8.05951111e+02, 4.31935455e+02,
    7.88125183e+02, 4.55508881e+02 ]
