%YAML:1.0
---
points: [ 2.32759445e+02, 7.14809341e+01, 2.41246353e+02, 7.90698624e+01,
    2.50067307e+02, 8.69919968e+01, 2.59184174e+02, 9.51001892e+01,
    2.68626892e+02, 1.03531380e+02, 2.78435730e+02, 1.12145271e+02,
    2.88432861e+02, 1.21087845e+02, 2.22059647e+02, 8.13999329e+01,
    2.30351089e+02, 8.92744904e+01, 2.38936844e+02, 9.73095779e+01,
    2.47823410e+02, 1.05665207e+02, 2.57141846e+02, 1.14250114e+02,
    2.66603455e+02, 1.23067162e+02, 2.76523712e+02, 1.32167252e+02,
    2.11252670e+02, 9.14196472e+01, 2.19472687e+02, 9.93548737e+01,
    2.27867188e+02, 1.07546844e+02, 2.36637939e+02, 1.16095787e+02,
    2.45620178e+02, 1.24861107e+02, 2.54911591e+02, 1.33983673e+02,
    2.64404083e+02, 1.43233276e+02, 2.00725220e+02, 1.01379845e+02,
    2.08661453e+02, 1.09410202e+02, 2.16905014e+02, 1.17830833e+02,
    2.25396820e+02, 1.26619232e+02, 2.34165863e+02, 1.35501175e+02,
    2.43247421e+02, 1.44739716e+02, 2.52608963e+02, 1.54207825e+02,
    1.90023834e+02, 1.11139404e+02, 1.97838043e+02, 1.19480476e+02,
    2.05857574e+02, 1.28071579e+02, 2.14218674e+02, 1.36853119e+02,
    2.22768723e+02, 1.46031509e+02, 2.31612671e+02, 1.55456818e+02,
    2.40697067e+02, 1.65062622e+02, 1.79299072e+02, 1.20931519e+02,
    1.86944443e+02, 1.29401276e+02, 1.94816818e+02, 1.38109070e+02,
    2.02895294e+02, 1.47149109e+02, 2.11356384e+02, 1.56359009e+02,
    2.19916946e+02, 1.65966019e+02, 2.28690964e+02, 1.75781586e+02,
    1.68623672e+02, 1.30647675e+02, 1.76072296e+02, 1.39294159e+02,
    1.83741928e+02, 1.48226257e+02, 1.91672012e+02, 1.57373825e+02,
    1.99805695e+02, 1.66796432e+02, 2.08208725e+02, 1.76627502e+02,
    2.16779678e+02, 1.86531067e+02, 1.57921585e+02, 1.40367233e+02,
    1.65247604e+02, 1.49169250e+02, 1.72742340e+02, 1.58217178e+02,
    1.80538940e+02, 1.67561752e+02, 1.88422409e+02, 1.77135300e+02,
    1.96650467e+02, 1.87064697e+02, 2.05003510e+02, 1.97319763e+02,
    1.47205856e+02, 1.49993103e+02, 1.54307312e+02, 1.58985153e+02,
    1.61670883e+02, 1.68187820e+02, 1.69248032e+02, 1.77752335e+02,
    1.76926559e+02, 1.87565552e+02, 1.84921341e+02, 1.97660873e+02,
    1.93089767e+02, 2.07943283e+02 ]
