%YAML:1.0
---
points: [ 3.88558075e+02, 2.54225433e+02, 3.87336060e+02, 2.75183228e+02,
    3.86263702e+02, 2.96282410e+02, 3.85215454e+02, 3.17473785e+02,
    3.83857391e+02, 3.38301788e+02, 3.82672729e+02, 3.59290833e+02,
    3.81361847e+02, 3.80112793e+02, 3.66370300e+02, 2.52584366e+02,
    3.65335449e+02, 2.73219269e+02, 3.64264526e+02, 2.94345520e+02,
    3.63255432e+02, 3.15232513e+02, 3.62250610e+02, 3.36092102e+02,
    3.61045807e+02, 3.56998596e+02, 3.59858551e+02, 3.77745880e+02,
    3.45033722e+02, 2.51269196e+02, 3.44005096e+02, 2.71765808e+02,
    3.42857758e+02, 2.92255096e+02, 3.42008728e+02, 3.13225555e+02,
    3.40865601e+02, 3.34084473e+02, 3.39802460e+02, 3.54706390e+02,
    3.38750977e+02, 3.75592773e+02, 3.23706848e+02, 2.49637238e+02,
    3.22913544e+02, 2.70320801e+02, 3.22007935e+02, 2.90566589e+02,
    3.20918518e+02, 3.11221130e+02, 3.20176056e+02, 3.31685608e+02,
    3.18836548e+02, 3.52281464e+02, 3.17791809e+02, 3.73144196e+02,
    3.03302551e+02, 2.48335999e+02, 3.02286041e+02, 2.68445831e+02,
    3.01185883e+02, 2.88823334e+02, 3.00226837e+02, 3.09224213e+02,
    2.99254669e+02, 3.29582855e+02, 2.98232178e+02, 3.50057922e+02,
    2.97136932e+02, 3.70716309e+02, 2.83050629e+02, 2.47016327e+02,
    2.81944580e+02, 2.67180817e+02, 2.81193054e+02, 2.87033020e+02,
    2.79924255e+02, 3.07253418e+02, 2.79240540e+02, 3.27604004e+02,
    2.77880676e+02, 3.48176605e+02, 2.76855957e+02, 3.68563507e+02,
    2.63031555e+02, 2.45474380e+02, 2.62190582e+02, 2.65590759e+02,
    2.60947113e+02, 2.85292053e+02, 2.60223663e+02, 3.05634460e+02,
    2.58937592e+02, 3.25438202e+02, 2.58204956e+02, 3.45735565e+02,
    2.56793518e+02, 3.66260895e+02, 2.43486771e+02, 2.44598419e+02,
    2.42712799e+02, 2.64200134e+02, 2.41587341e+02, 2.83799957e+02,
    2.40696609e+02, 3.03735779e+02, 2.39564514e+02, 3.23696533e+02,
    2.38684586e+02, 3.43819061e+02, 2.37452469e+02, 3.63771790e+02,
    2.24352890e+02, 2.43146255e+02, 2.23301163e+02, 2.62763245e+02,
    2.22519333e+02, 2.82306946e+02, 2.21360443e+02, 3.02109222e+02,
    2.20370239e+02, 3.21852020e+02, 2.19268021e+02, 3.41715973e+02,
    2.17801712e+02, 3.61679169e+02 ]
