%YAML:1.0
---
points: [ 1.01114655e+03, 1.90948200e+01, 1.05525208e+03, 4.53208275e+01,
    1.09904443e+03, 7.13724442e+01, 1.14317285e+03, 9.74181290e+01,
    1.18701672e+03, 1.23419838e+02, 1.23124207e+03, 1.49402313e+02,
    1.27540137e+03, 1.75366043e+02, 9.87938660e+02, 6.88181381e+01,
    1.03064111e+03, 9.44064102e+01, 1.07358105e+03, 1.19797119e+02,
    1.11649243e+03, 1.45383026e+02, 1.15943286e+03, 1.70572433e+02,
    1.20236536e+03, 1.96033249e+02, 1.24557239e+03, 2.21405533e+02,
    9.65540955e+02, 1.16317673e+02, 1.00750232e+03, 1.41289978e+02,
    1.04928015e+03, 1.66181671e+02, 1.09130151e+03, 1.90948700e+02,
    1.13297766e+03, 2.15715591e+02, 1.17491467e+03, 2.40505951e+02,
    1.21696399e+03, 2.65399902e+02, 9.44582153e+02, 1.61464279e+02,
    9.85322876e+02, 1.85849686e+02, 1.02629492e+03, 2.10241318e+02,
    1.06719714e+03, 2.34490311e+02, 1.10797388e+03, 2.58449860e+02,
    1.14880103e+03, 2.82824402e+02, 1.18982629e+03, 3.07093964e+02,
    9.24352173e+02, 2.04696198e+02, 9.64258362e+02, 2.28499008e+02,
    1.00419391e+03, 2.52283096e+02, 1.04424536e+03, 2.75890778e+02,
    1.08383997e+03, 2.99508942e+02, 1.12393579e+03, 3.23287903e+02,
    1.16383789e+03, 3.47238617e+02, 9.04771301e+02, 2.45947403e+02,
    9.43816345e+02, 2.69259796e+02, 9.83004395e+02, 2.92424713e+02,
    1.02206610e+03, 3.15604340e+02, 1.06104761e+03, 3.38673096e+02,
    1.09993738e+03, 3.62035370e+02, 1.13917786e+03, 3.85434845e+02,
    8.86258362e+02, 2.85504456e+02, 9.24543640e+02, 3.08271057e+02,
    9.62654724e+02, 3.30856201e+02, 1.00091760e+03, 3.53551819e+02,
    1.03894067e+03, 3.76231171e+02, 1.07729260e+03, 3.99139343e+02,
    1.11532031e+03, 4.22161011e+02, 8.68479980e+02, 3.23283112e+02,
    9.05791870e+02, 3.45419922e+02, 9.43411377e+02, 3.67616852e+02,
    9.80769775e+02, 3.89749115e+02, 1.01812683e+03, 4.11923798e+02,
    1.05540625e+03, 4.34376160e+02, 1.09277490e+03, 4.56872437e+02,
    8.51265564e+02, 3.59516479e+02, 8.87941040e+02, 3.81323730e+02,
    9.24648987e+02, 4.02874634e+02, 9.61478638e+02, 4.24671356e+02,
    9.97855530e+02, 4.46438385e+02, 1.03450696e+03, 4.68378662e+02,
    1.07106543e+03, 4.90504639e+02 ]
