%YAML:1.0
---
points: [ 4.34096405e+02, 2.31609512e+02, 4.33676483e+02, 2.50687561e+02,
    4.33471375e+02, 2.70076019e+02, 4.33112396e+02, 2.89348297e+02,
    4.32689148e+02, 3.08653198e+02, 4.32310181e+02, 3.27672638e+02,
    4.31887299e+02, 3.46711365e+02, 4.16698303e+02, 2.31523956e+02,
    4.16283844e+02, 2.51078506e+02, 4.16149170e+02, 2.70639557e+02,
    4.15673431e+02, 2.90048370e+02, 4.15451691e+02, 3.09520264e+02,
    4.15102783e+02, 3.28880493e+02, 4.14760437e+02, 3.48246002e+02,
    3.98699158e+02, 2.31631729e+02, 3.98453949e+02, 2.51395721e+02,
    3.98195831e+02, 2.71001892e+02, 3.98031342e+02, 2.90688202e+02,
    3.97754608e+02, 3.10512543e+02, 3.97598999e+02, 3.30092438e+02,
    3.97488953e+02, 3.49783142e+02, 3.80296783e+02, 2.31721588e+02,
    3.80167480e+02, 2.51652115e+02, 3.79979279e+02, 2.71502686e+02,
    3.79815094e+02, 2.91476807e+02, 3.79670807e+02, 3.11320282e+02,
    3.79619843e+02, 3.31352356e+02, 3.79472382e+02, 3.51195862e+02,
    3.61604401e+02, 2.31811111e+02, 3.61471649e+02, 2.51854492e+02,
    3.61314972e+02, 2.71876068e+02, 3.61214508e+02, 2.92142578e+02,
    3.61194275e+02, 3.12103271e+02, 3.61123444e+02, 3.32395050e+02,
    3.61175842e+02, 3.52666809e+02, 3.42771149e+02, 2.31816849e+02,
    3.42524994e+02, 2.52153992e+02, 3.42462067e+02, 2.72391602e+02,
    3.42450989e+02, 2.92748505e+02, 3.42293610e+02, 3.13252014e+02,
    3.42378815e+02, 3.33620239e+02, 3.42575195e+02, 3.54105988e+02,
    3.23479919e+02, 2.31968506e+02, 3.23344910e+02, 2.52367249e+02,
    3.23267731e+02, 2.72881287e+02, 3.23221344e+02, 2.93275879e+02,
    3.23197113e+02, 3.14079590e+02, 3.23206055e+02, 3.34674744e+02,
    3.23379211e+02, 3.55689484e+02, 3.03989868e+02, 2.32067978e+02,
    3.03810608e+02, 2.52722092e+02, 3.03728149e+02, 2.73295441e+02,
    3.03636780e+02, 2.94126160e+02, 3.03534180e+02, 3.15189514e+02,
    3.03630981e+02, 3.35836609e+02, 3.03725067e+02, 3.56987610e+02,
    2.83976715e+02, 2.32267319e+02, 2.83910980e+02, 2.53130310e+02,
    2.83790100e+02, 2.73918396e+02, 2.83706635e+02, 2.94974365e+02,
    2.83686798e+02, 3.15984619e+02, 2.83702698e+02, 3.37216156e+02,
    2.83713684e+02, 3.58508026e+02 ]
