%YAML:1.0
---
points: [ 3.12753998e+02, 3.94530754e+01, 3.27674194e+02, 4.81170959e+01,
    3.42467041e+02, 5.68097649e+01, 3.57426788e+02, 6.56337585e+01,
    3.72341614e+02, 7.43665619e+01, 3.87345245e+02, 8.31709213e+01,
    4.02191986e+02, 9.21854477e+01, 3.04135345e+02, 5.58855362e+01,
    3.18604095e+02, 6.44097672e+01, 3.33272186e+02, 7.30320282e+01,
    3.47738098e+02, 8.15897522e+01, 3.62395599e+02, 9.01340408e+01,
    3.76862915e+02, 9.87098312e+01, 3.91622742e+02, 1.07377090e+02,
    2.95724274e+02, 7.18250656e+01, 3.10046234e+02, 8.02328796e+01,
    3.24139984e+02, 8.85298767e+01, 3.38537476e+02, 9.69841614e+01,
    3.52649689e+02, 1.05214394e+02, 3.66954712e+02, 1.13638451e+02,
    3.81208649e+02, 1.22118095e+02, 2.87875854e+02, 8.70807495e+01,
    3.01612610e+02, 9.52329788e+01, 3.15621979e+02, 1.03411499e+02,
    3.29503143e+02, 1.11579926e+02, 3.43459473e+02, 1.19752594e+02,
    3.57377502e+02, 1.27878616e+02, 3.71407776e+02, 1.36186462e+02,
    2.80193268e+02, 1.01654228e+02, 2.93791473e+02, 1.09709412e+02,
    3.07302094e+02, 1.17643158e+02, 3.20944946e+02, 1.25670425e+02,
    3.34530548e+02, 1.33619049e+02, 3.48197998e+02, 1.41655411e+02,
    3.61825745e+02, 1.49760605e+02, 2.72872894e+02, 1.15713112e+02,
    2.86127777e+02, 1.23527435e+02, 2.99409882e+02, 1.31307037e+02,
    3.12662170e+02, 1.39157532e+02, 3.25928589e+02, 1.46949188e+02,
    3.39355774e+02, 1.54796844e+02, 3.52678986e+02, 1.62823273e+02,
    2.65815155e+02, 1.29102600e+02, 2.78849060e+02, 1.36787979e+02,
    2.91759796e+02, 1.44430252e+02, 3.04819305e+02, 1.52137833e+02,
    3.17769684e+02, 1.59741898e+02, 3.30914154e+02, 1.67529022e+02,
    3.43902344e+02, 1.75285233e+02, 2.59137207e+02, 1.42007538e+02,
    2.71869598e+02, 1.49457443e+02, 2.84650757e+02, 1.56917221e+02,
    2.97285095e+02, 1.64421417e+02, 3.09989471e+02, 1.71885971e+02,
    3.22726227e+02, 1.79509735e+02, 3.35643738e+02, 1.87176254e+02,
    2.52691360e+02, 1.54227417e+02, 2.65197876e+02, 1.61618179e+02,
    2.77620972e+02, 1.68844925e+02, 2.90158752e+02, 1.76272842e+02,
    3.02540863e+02, 1.83666336e+02, 3.15038879e+02, 1.91080597e+02,
    3.27510956e+02, 1.98658722e+02 ]
