%YAML:1.0
---
points: [ 1.06903748e+03, 2.95459991e+02, 1.07285205e+03, 3.24820831e+02,
    1.07697009e+03, 3.54450897e+02, 1.08102100e+03, 3.83439270e+02,
    1.08541809e+03, 4.12592865e+02, 1.08961719e+03, 4.41496033e+02,
    1.09372473e+03, 4.70491394e+02, 1.03989209e+03, 2.99515411e+02,
    1.04414246e+03, 3.29124115e+02, 1.04827002e+03, 3.58506226e+02,
    1.05245276e+03, 3.87548248e+02, 1.05657812e+03, 4.16784210e+02,
    1.06070264e+03, 4.45709808e+02, 1.06510010e+03, 4.74684937e+02,
    1.01123730e+03, 3.03506714e+02, 1.01537567e+03, 3.33337128e+02,
    1.01946008e+03, 3.62539459e+02, 1.02357513e+03, 3.91744293e+02,
    1.02786169e+03, 4.20893951e+02, 1.03228516e+03, 4.50024597e+02,
    1.03650647e+03, 4.78959320e+02, 9.81927612e+02, 3.07697815e+02,
    9.86389526e+02, 3.37384186e+02, 9.90585327e+02, 3.66628204e+02,
    9.94961182e+02, 3.96078491e+02, 9.99095337e+02, 4.25197601e+02,
    1.00344177e+03, 4.54383179e+02, 1.00762219e+03, 4.83246063e+02,
    9.53253479e+02, 3.11829102e+02, 9.57393311e+02, 3.41382019e+02,
    9.61585327e+02, 3.70946777e+02, 9.65848755e+02, 4.00237274e+02,
    9.70297241e+02, 4.29426086e+02, 9.74591553e+02, 4.58501282e+02,
    9.78901672e+02, 4.87477448e+02, 9.23860779e+02, 3.15731781e+02,
    9.28254822e+02, 3.45435547e+02, 9.32659912e+02, 3.75116089e+02,
    9.37101807e+02, 4.04223572e+02, 9.41388611e+02, 4.33562775e+02,
    9.45611145e+02, 4.62653748e+02, 9.49845642e+02, 4.91808899e+02,
    8.94822998e+02, 3.19723938e+02, 8.99241272e+02, 3.49553284e+02,
    9.03534180e+02, 3.79077820e+02, 9.07890015e+02, 4.08400574e+02,
    9.12451172e+02, 4.37763916e+02, 9.16758240e+02, 4.66835175e+02,
    9.21283691e+02, 4.96193939e+02, 8.65423279e+02, 3.23830383e+02,
    8.69971008e+02, 3.53668152e+02, 8.74505249e+02, 3.83116119e+02,
    8.78883850e+02, 4.12574463e+02, 8.83279724e+02, 4.41906219e+02,
    8.87590454e+02, 4.71221558e+02, 8.91998840e+02, 5.00463745e+02,
    8.36106323e+02, 3.27915192e+02, 8.40511597e+02, 3.57596344e+02,
    8.45026978e+02, 3.87260834e+02, 8.49563049e+02, 4.16719543e+02,
    8.54049438e+02, 4.46040771e+02, 8.58532349e+02, 4.75502380e+02,
    8.62827515e+02, 5.04582520e+02 ]
