%YAML:1.0
---
points: [ 9.92058655e+02, 1.39910492e+02, 1.00834357e+03, 1.66327850e+02,
    1.02470215e+03, 1.92418259e+02, 1.04089795e+03, 2.18261765e+02,
    1.05723450e+03, 2.43823944e+02, 1.07332837e+03, 2.69298401e+02,
    1.08946106e+03, 2.94504333e+02, 9.66780151e+02, 1.56823746e+02,
    9.83348511e+02, 1.83191605e+02, 9.99668518e+02, 2.09297623e+02,
    1.01606946e+03, 2.34936340e+02, 1.03230200e+03, 2.60525574e+02,
    1.04853772e+03, 2.85875458e+02, 1.06464453e+03, 3.11176453e+02,
    9.41824951e+02, 1.73596329e+02, 9.58336548e+02, 1.99848389e+02,
    9.74874512e+02, 2.25961746e+02, 9.91268005e+02, 2.51548035e+02,
    1.00754248e+03, 2.77148987e+02, 1.02376056e+03, 3.02493195e+02,
    1.04006812e+03, 3.27655487e+02, 9.16709778e+02, 1.90503021e+02,
    9.33456055e+02, 2.16693451e+02, 9.49984619e+02, 2.42639511e+02,
    9.66484924e+02, 2.68249023e+02, 9.82767334e+02, 2.93695618e+02,
    9.99172729e+02, 3.18951691e+02, 1.01539581e+03, 3.44123962e+02,
    8.91780518e+02, 2.07409363e+02, 9.08492798e+02, 2.33520355e+02,
    9.25266785e+02, 2.59366364e+02, 9.41629150e+02, 2.84769226e+02,
    9.58158569e+02, 3.10294189e+02, 9.74441162e+02, 3.35477325e+02,
    9.90675720e+02, 3.60529724e+02, 8.66733337e+02, 2.24115158e+02,
    8.83628052e+02, 2.50149780e+02, 9.00363220e+02, 2.75804962e+02,
    9.16879150e+02, 3.01398499e+02, 9.33381714e+02, 3.26691620e+02,
    9.49742249e+02, 3.51970551e+02, 9.66119873e+02, 3.76984406e+02,
    8.41774292e+02, 2.40690659e+02, 8.58688965e+02, 2.66604187e+02,
    8.75570129e+02, 2.92398376e+02, 8.92189209e+02, 3.17752045e+02,
    9.08728271e+02, 3.43177307e+02, 9.25263428e+02, 3.68314056e+02,
    9.41574951e+02, 3.93276642e+02, 8.16798462e+02, 2.57421844e+02,
    8.33789734e+02, 2.83301697e+02, 8.50633789e+02, 3.08862244e+02,
    8.67451233e+02, 3.34304352e+02, 8.84059753e+02, 3.59514465e+02,
    9.00576050e+02, 3.84612366e+02, 9.17020447e+02, 4.09569702e+02,
    7.91799561e+02, 2.73891022e+02, 8.08837585e+02, 2.99743591e+02,
    8.25830994e+02, 3.25390411e+02, 8.42577637e+02, 3.50647736e+02,
    8.59346680e+02, 3.75933807e+02, 8.75927856e+02, 4.01063232e+02,
    8.92410095e+02, 4.26005524e+02 ]
