%YAML:1.0
---
points: [ 4.35201996e+02, 3.01602356e+02, 4.17488159e+02, 3.09689789e+02,
    3.99675720e+02, 3.17747284e+02, 3.82021362e+02, 3.25866211e+02,
    3.64217468e+02, 3.34140350e+02, 3.46492889e+02, 3.42366760e+02,
    3.28662872e+02, 3.50704041e+02, 4.29234467e+02, 2.84742676e+02,
    4.11094299e+02, 2.92799591e+02, 3.93159119e+02, 3.00928406e+02,
    3.75209259e+02, 3.09055450e+02, 3.57227631e+02, 3.17312347e+02,
    3.39266388e+02, 3.25620422e+02, 3.21297150e+02, 3.33885559e+02,
    4.23008514e+02, 2.67529785e+02, 4.04713745e+02, 2.75606598e+02,
    3.86405792e+02, 2.83801544e+02, 3.68281982e+02, 2.92018738e+02,
    3.50117401e+02, 3.00263489e+02, 3.31918060e+02, 3.08556274e+02,
    3.13816650e+02, 3.16859802e+02, 4.16464966e+02, 2.50018265e+02,
    3.97969757e+02, 2.58090729e+02, 3.79485046e+02, 2.66296295e+02,
    3.61114258e+02, 2.74580292e+02, 3.42746033e+02, 2.82808899e+02,
    3.24441010e+02, 2.91227173e+02, 3.06172363e+02, 2.99564331e+02,
    4.09735870e+02, 2.31942703e+02, 3.91074738e+02, 2.40190048e+02,
    3.72307648e+02, 2.48449173e+02, 3.53796448e+02, 2.56757263e+02,
    3.35253204e+02, 2.65137390e+02, 3.16752319e+02, 2.73455658e+02,
    2.98379364e+02, 2.81906952e+02, 4.02929871e+02, 2.13567337e+02,
    3.84072815e+02, 2.21959778e+02, 3.65215576e+02, 2.30383987e+02,
    3.46419250e+02, 2.38794769e+02, 3.27737091e+02, 2.47149216e+02,
    3.09144745e+02, 2.55607635e+02, 2.90461060e+02, 2.64046234e+02,
    3.96175018e+02, 1.95118561e+02, 3.77023468e+02, 2.03512009e+02,
    3.58024536e+02, 2.12072037e+02, 3.39086121e+02, 2.20514069e+02,
    3.20236145e+02, 2.29008514e+02, 3.01404114e+02, 2.37519196e+02,
    2.82617645e+02, 2.45984222e+02, 3.89265717e+02, 1.76038879e+02,
    3.69901611e+02, 1.84673859e+02, 3.50671051e+02, 1.93243820e+02,
    3.31552765e+02, 2.01848663e+02, 3.12455078e+02, 2.10376007e+02,
    2.93489288e+02, 2.19045715e+02, 2.74539490e+02, 2.27585754e+02,
    3.82131287e+02, 1.56706696e+02, 3.62678986e+02, 1.65391525e+02,
    3.43276398e+02, 1.74081497e+02, 3.23952667e+02, 1.82832718e+02,
    3.04691833e+02, 1.91498306e+02, 2.85473633e+02, 2.00138489e+02,
    2.66311432e+02, 2.08800751e+02 ]
