%YAML:1.0
---
points: [ 1.11793567e+03, 6.63203888e+01, 1.14673254e+03, 1.00371880e+02,
    1.17439990e+03, 1.32625885e+02, 1.20091394e+03, 1.63623428e+02,
    1.22629163e+03, 1.92954056e+02, 1.25070276e+03, 2.21268723e+02,
    1.27435938e+03, 2.48332108e+02, 1.08627979e+03, 1.06895584e+02,
    1.11564062e+03, 1.39614227e+02, 1.14369617e+03, 1.70882843e+02,
    1.17072644e+03, 2.00684097e+02, 1.19650708e+03, 2.29237579e+02,
    1.22151733e+03, 2.56514099e+02, 1.24569141e+03, 2.82708801e+02,
    1.05489648e+03, 1.46858963e+02, 1.08495374e+03, 1.78559555e+02,
    1.11363611e+03, 2.08666367e+02, 1.14114526e+03, 2.37414352e+02,
    1.16742004e+03, 2.64774170e+02, 1.19284338e+03, 2.91180939e+02,
    1.21758496e+03, 3.16552704e+02, 1.02414478e+03, 1.86213425e+02,
    1.05472241e+03, 2.16526154e+02, 1.08396765e+03, 2.45709488e+02,
    1.11191846e+03, 2.73490936e+02, 1.13865991e+03, 3.00042847e+02,
    1.16460657e+03, 3.25467834e+02, 1.18974988e+03, 3.49866302e+02,
    9.94080078e+02, 2.24977631e+02, 1.02507092e+03, 2.54392792e+02,
    1.05466016e+03, 2.82327240e+02, 1.08337720e+03, 3.09083282e+02,
    1.11047095e+03, 3.34537720e+02, 1.13686353e+03, 3.59218109e+02,
    1.16251538e+03, 3.83076874e+02, 9.64416687e+02, 2.63358887e+02,
    9.95966492e+02, 2.91482300e+02, 1.02618787e+03, 3.18518524e+02,
    1.05507910e+03, 3.44303894e+02, 1.08281213e+03, 3.68800537e+02,
    1.10967297e+03, 3.92679016e+02, 1.13576624e+03, 4.15675995e+02,
    9.35293945e+02, 3.00884216e+02, 9.67305725e+02, 3.28180176e+02,
    9.97903809e+02, 3.54121918e+02, 1.02737207e+03, 3.79054871e+02,
    1.05548425e+03, 4.02703308e+02, 1.08280469e+03, 4.25743958e+02,
    1.10930481e+03, 4.47996490e+02, 9.06476135e+02, 3.37987946e+02,
    9.38844910e+02, 3.64103149e+02, 9.70068542e+02, 3.89153229e+02,
    9.99708740e+02, 4.12973358e+02, 1.02840906e+03, 4.36017059e+02,
    1.05614746e+03, 4.58175964e+02, 1.08308289e+03, 4.79684723e+02,
    8.77981750e+02, 3.74605927e+02, 9.10952637e+02, 3.99791351e+02,
    9.42460083e+02, 4.23751648e+02, 9.72789062e+02, 4.46847717e+02,
    1.00173022e+03, 4.68953461e+02, 1.02983447e+03, 4.90381042e+02,
    1.05701794e+03, 5.11222321e+02 ]
