%YAML:1.0
---
points: [ 3.47203918e+02, 5.53371925e+01, 3.56096039e+02, 6.66075058e+01,
    3.64821289e+02, 7.75618668e+01, 3.73012634e+02, 8.78775177e+01,
    3.81093384e+02, 9.78182297e+01, 3.88681641e+02, 1.07295288e+02,
    3.96164978e+02, 1.16525635e+02, 3.36259430e+02, 6.87511215e+01,
    3.45595612e+02, 7.98274384e+01, 3.54292969e+02, 9.02446289e+01,
    3.62796478e+02, 1.00329346e+02, 3.70898315e+02, 1.09934067e+02,
    3.78847961e+02, 1.19034126e+02, 3.86427612e+02, 1.28053192e+02,
    3.25591064e+02, 8.20868988e+01, 3.34920837e+02, 9.27897568e+01,
    3.44019470e+02, 1.02838562e+02, 3.52627441e+02, 1.12667755e+02,
    3.60994995e+02, 1.21927368e+02, 3.68960175e+02, 1.30791748e+02,
    3.76896820e+02, 1.39402786e+02, 3.14857330e+02, 9.53684158e+01,
    3.24555359e+02, 1.05587967e+02, 3.33712067e+02, 1.15456383e+02,
    3.42510620e+02, 1.24897781e+02, 3.51055298e+02, 1.33817642e+02,
    3.59236023e+02, 1.42418259e+02, 3.67286621e+02, 1.50720566e+02,
    3.04418701e+02, 1.08477913e+02, 3.14236053e+02, 1.18528351e+02,
    3.23589355e+02, 1.27789383e+02, 3.32641663e+02, 1.36908905e+02,
    3.41187805e+02, 1.45570557e+02, 3.49594391e+02, 1.53949631e+02,
    3.57781342e+02, 1.61934250e+02, 2.94134766e+02, 1.21600426e+02,
    3.04113800e+02, 1.31033966e+02, 3.13659454e+02, 1.40115158e+02,
    3.22783936e+02, 1.48915131e+02, 3.31624512e+02, 1.57231094e+02,
    3.40226685e+02, 1.65283600e+02, 3.48533478e+02, 1.73110275e+02,
    2.83963928e+02, 1.34293701e+02, 2.94136108e+02, 1.43562820e+02,
    3.03772278e+02, 1.52249649e+02, 3.13095184e+02, 1.60778610e+02,
    3.22086731e+02, 1.68763641e+02, 3.30834351e+02, 1.76592194e+02,
    3.39356750e+02, 1.84170670e+02, 2.73900024e+02, 1.46944107e+02,
    2.84241425e+02, 1.55771164e+02, 2.94180939e+02, 1.64221725e+02,
    3.03580017e+02, 1.72259445e+02, 3.12677368e+02, 1.80080536e+02,
    3.21571289e+02, 1.87639191e+02, 3.30167450e+02, 1.94929993e+02,
    2.64093903e+02, 1.59356659e+02, 2.74547882e+02, 1.67898560e+02,
    2.84604004e+02, 1.75979721e+02, 2.94246429e+02, 1.83844849e+02,
    3.03430634e+02, 1.91247208e+02, 3.12465546e+02, 1.98573929e+02,
    3.21191956e+02, 2.05691895e+02 ]
