%YAML:1.0
---
points: [ 1.03604834e+03, 4.76537247e+01, 1.06328418e+03, 6.04443588e+01,
    1.09146985e+03, 7.36803970e+01, 1.12112231e+03, 8.74482269e+01,
    1.15187659e+03, 1.01594948e+02, 1.18450842e+03, 1.16508667e+02,
    1.21847852e+03, 1.31791229e+02, 1.00992505e+03, 8.05913620e+01,
    1.03631226e+03, 9.41882629e+01, 1.06407104e+03, 1.08174034e+02,
    1.09281653e+03, 1.22606888e+02, 1.12303137e+03, 1.37693481e+02,
    1.15451721e+03, 1.53304764e+02, 1.18762866e+03, 1.69338303e+02,
    9.83992981e+02, 1.13521103e+02, 1.00974066e+03, 1.27525101e+02,
    1.03660657e+03, 1.42331268e+02, 1.06481946e+03, 1.57525558e+02,
    1.09402795e+03, 1.73416977e+02, 1.12485010e+03, 1.89643188e+02,
    1.15684497e+03, 2.06569901e+02, 9.58557983e+02, 1.46237778e+02,
    9.83487549e+02, 1.60800125e+02, 1.00969696e+03, 1.76181412e+02,
    1.03699792e+03, 1.92219864e+02, 1.06565479e+03, 2.08653885e+02,
    1.09540759e+03, 2.25813324e+02, 1.12661340e+03, 2.43449341e+02,
    9.32749939e+02, 1.78236267e+02, 9.57399414e+02, 1.93640137e+02,
    9.82822449e+02, 2.09713898e+02, 1.00954163e+03, 2.26354507e+02,
    1.03721277e+03, 2.43586136e+02, 1.06630334e+03, 2.61427246e+02,
    1.09634180e+03, 2.79842621e+02, 9.07340210e+02, 2.10056030e+02,
    9.31088867e+02, 2.26047012e+02, 9.56029358e+02, 2.42591721e+02,
    9.81854492e+02, 2.59989777e+02, 1.00898914e+03, 2.77845947e+02,
    1.03694495e+03, 2.96429993e+02, 1.06637683e+03, 3.15491150e+02,
    8.82015869e+02, 2.41467621e+02, 9.05247864e+02, 2.58194885e+02,
    9.29440552e+02, 2.75394135e+02, 9.54661011e+02, 2.93383575e+02,
    9.80820801e+02, 3.11915314e+02, 1.00826208e+03, 3.31319183e+02,
    1.03652759e+03, 3.51200439e+02, 8.56870728e+02, 2.72707397e+02,
    8.79492981e+02, 2.89944916e+02, 9.03137695e+02, 3.07810516e+02,
    9.27699951e+02, 3.26551178e+02, 9.53197021e+02, 3.45746552e+02,
    9.79656006e+02, 3.65731140e+02, 1.00734052e+03, 3.86442963e+02,
    8.31617065e+02, 3.03601685e+02, 8.53773499e+02, 3.21493073e+02,
    8.76796936e+02, 3.40028870e+02, 9.00777771e+02, 3.59351471e+02,
    9.25505066e+02, 3.79245514e+02, 9.51334351e+02, 3.99975708e+02,
    9.78069458e+02, 4.21455597e+02 ]
