%YAML:1.0
---
points: [ 4.25023407e+02, 2.34606354e+02, 4.28632385e+02, 2.53655869e+02,
    4.32079895e+02, 2.72419586e+02, 4.35600861e+02, 2.90530121e+02,
    4.38739288e+02, 3.08240570e+02, 4.41746368e+02, 3.25297821e+02,
    4.44755646e+02, 3.42194153e+02, 4.04647491e+02, 2.40632523e+02,
    4.08563019e+02, 2.59680481e+02, 4.12348328e+02, 2.78254822e+02,
    4.16177063e+02, 2.96516602e+02, 4.19743713e+02, 3.14053955e+02,
    4.23094421e+02, 3.31319977e+02, 4.26334961e+02, 3.47954742e+02,
    3.84150543e+02, 2.46641129e+02, 3.88491211e+02, 2.65736481e+02,
    3.92601410e+02, 2.84188843e+02, 3.96736603e+02, 3.02323792e+02,
    4.00649292e+02, 3.19909485e+02, 4.04370026e+02, 3.37040222e+02,
    4.08128754e+02, 3.53922729e+02, 3.63652832e+02, 2.52546463e+02,
    3.68363190e+02, 2.71527710e+02, 3.72785583e+02, 2.90018768e+02,
    3.77202362e+02, 3.08135712e+02, 3.81444489e+02, 3.25763702e+02,
    3.85621490e+02, 3.42905701e+02, 3.89446594e+02, 3.59707550e+02,
    3.43433075e+02, 2.58720123e+02, 3.48273956e+02, 2.77387756e+02,
    3.52964966e+02, 2.95858368e+02, 3.57730011e+02, 3.14030670e+02,
    3.62202637e+02, 3.31469269e+02, 3.66609894e+02, 3.48676758e+02,
    3.70914642e+02, 3.65620056e+02, 3.23247772e+02, 2.64728821e+02,
    3.28368408e+02, 2.83509766e+02, 3.33417236e+02, 3.01830292e+02,
    3.38252960e+02, 3.19772919e+02, 3.43018127e+02, 3.37326996e+02,
    3.47762970e+02, 3.54555634e+02, 3.52254669e+02, 3.71380981e+02,
    3.03127991e+02, 2.70735626e+02, 3.08528442e+02, 2.89434052e+02,
    3.13701813e+02, 3.07755432e+02, 3.18829254e+02, 3.25712311e+02,
    3.23929535e+02, 3.43166809e+02, 3.28834259e+02, 3.60415131e+02,
    3.33653534e+02, 3.77209351e+02, 2.83148102e+02, 2.76857330e+02,
    2.88655243e+02, 2.95447845e+02, 2.94162903e+02, 3.13723602e+02,
    2.99463226e+02, 3.31587280e+02, 3.04723572e+02, 3.48979919e+02,
    3.09917999e+02, 3.66120697e+02, 3.14918640e+02, 3.82902924e+02,
    2.63186096e+02, 2.82971100e+02, 2.68894745e+02, 3.01563965e+02,
    2.74540558e+02, 3.19671265e+02, 2.80159241e+02, 3.37446960e+02,
    2.85583160e+02, 3.54810486e+02, 2.90934540e+02, 3.71949158e+02,
    2.96241730e+02, 3.88579834e+02 ]
