%YAML:1.0
---
points: [ 8.95279663e+02, 1.26392548e+02, 9.24740601e+02, 1.34277756e+02,
    9.54336548e+02, 1.41865326e+02, 9.83612793e+02, 1.49442917e+02,
    1.01277887e+03, 1.56710190e+02, 1.04204614e+03, 1.64200531e+02,
    1.07073682e+03, 1.71277115e+02, 8.88650879e+02, 1.57103912e+02,
    9.18188782e+02, 1.64957352e+02, 9.47834961e+02, 1.72435806e+02,
    9.76694885e+02, 1.79949203e+02, 1.00623987e+03, 1.87237015e+02,
    1.03507166e+03, 1.94329453e+02, 1.06404285e+03, 2.01540283e+02,
    8.82115051e+02, 1.87483185e+02, 9.11716187e+02, 1.95210449e+02,
    9.41124146e+02, 2.02690628e+02, 9.70335205e+02, 2.09900467e+02,
    9.99356995e+02, 2.17318298e+02, 1.02826160e+03, 2.24320374e+02,
    1.05712878e+03, 2.31404388e+02, 8.75654358e+02, 2.17809677e+02,
    9.05376099e+02, 2.25359619e+02, 9.34460754e+02, 2.32691574e+02,
    9.63639160e+02, 2.39959412e+02, 9.92591553e+02, 2.47150406e+02,
    1.02153143e+03, 2.54314102e+02, 1.05019080e+03, 2.61153442e+02,
    8.69318420e+02, 2.48187119e+02, 8.98684998e+02, 2.55444321e+02,
    9.28027954e+02, 2.62622467e+02, 9.57087524e+02, 2.69747223e+02,
    9.86072937e+02, 2.76770844e+02, 1.01480048e+03, 2.83758118e+02,
    1.04348755e+03, 2.90786011e+02, 8.63111328e+02, 2.77997620e+02,
    8.92292053e+02, 2.85358002e+02, 9.21661560e+02, 2.92388855e+02,
    9.50533813e+02, 2.99317627e+02, 9.79500122e+02, 3.06429016e+02,
    1.00816730e+03, 3.13274841e+02, 1.03681738e+03, 3.20067017e+02,
    8.56515442e+02, 3.07706665e+02, 8.86004028e+02, 3.14703522e+02,
    9.15183289e+02, 3.21911530e+02, 9.44156738e+02, 3.28692291e+02,
    9.73024780e+02, 3.35458984e+02, 1.00161389e+03, 3.42429321e+02,
    1.03014294e+03, 3.49315063e+02, 8.50234924e+02, 3.37275085e+02,
    8.79559143e+02, 3.44377747e+02, 9.08620850e+02, 3.51166199e+02,
    9.37619019e+02, 3.57992767e+02, 9.66366272e+02, 3.64686584e+02,
    9.95233765e+02, 3.71457703e+02, 1.02342694e+03, 3.78134796e+02,
    8.44008484e+02, 3.66545715e+02, 8.73400818e+02, 3.73562561e+02,
    9.02350830e+02, 3.80515045e+02, 9.31335571e+02, 3.87147949e+02,
    9.59890991e+02, 3.93674316e+02, 9.88544067e+02, 4.00470703e+02,
    1.01692883e+03, 4.07195801e+02 ]
