%YAML:1.0
---
points: [ 3.14293152e+02, 4.86404228e+01, 3.23990204e+02, 5.28448753e+01,
    3.34354248e+02, 5.75206413e+01, 3.44981232e+02, 6.19398155e+01,
    3.56256012e+02, 6.68375397e+01, 3.67950287e+02, 7.19184952e+01,
    3.80348938e+02, 7.71443558e+01, 3.05274811e+02, 5.94837646e+01,
    3.14967255e+02, 6.40967865e+01, 3.24905762e+02, 6.87646332e+01,
    3.35451935e+02, 7.38101501e+01, 3.46412933e+02, 7.88272171e+01,
    3.57886536e+02, 8.41552582e+01, 3.69873810e+02, 8.96463776e+01,
    2.96397583e+02, 7.05452957e+01, 3.05768768e+02, 7.52445374e+01,
    3.15609009e+02, 8.02334213e+01, 3.25830322e+02, 8.53589478e+01,
    3.36625000e+02, 9.07867126e+01, 3.47782745e+02, 9.63784332e+01,
    3.59447266e+02, 1.02143669e+02, 2.87622101e+02, 8.15139694e+01,
    2.96743317e+02, 8.65219650e+01, 3.06418304e+02, 9.16297073e+01,
    3.16319946e+02, 9.70287628e+01, 3.26766235e+02, 1.02683281e+02,
    3.37620117e+02, 1.08481552e+02, 3.49189911e+02, 1.14493385e+02,
    2.78794067e+02, 9.23869171e+01, 2.87738342e+02, 9.75679550e+01,
    2.97049591e+02, 1.02977287e+02, 3.06874268e+02, 1.08577362e+02,
    3.17013580e+02, 1.14474556e+02, 3.27576569e+02, 1.20544838e+02,
    3.38713623e+02, 1.26834534e+02, 2.70035645e+02, 1.03154282e+02,
    2.78709290e+02, 1.08505280e+02, 2.87848053e+02, 1.14136848e+02,
    2.97294159e+02, 1.20057732e+02, 3.07266449e+02, 1.26108894e+02,
    3.17587372e+02, 1.32440002e+02, 3.28365570e+02, 1.38875290e+02,
    2.61304565e+02, 1.13810463e+02, 2.69790985e+02, 1.19497963e+02,
    2.78611572e+02, 1.25379799e+02, 2.87863098e+02, 1.31502487e+02,
    2.97498077e+02, 1.37764984e+02, 3.07583344e+02, 1.44302887e+02,
    3.18041870e+02, 1.51043686e+02, 2.52661118e+02, 1.24456116e+02,
    2.60966675e+02, 1.30354111e+02, 2.69629486e+02, 1.36404160e+02,
    2.78677704e+02, 1.42769699e+02, 2.87943054e+02, 1.49267746e+02,
    2.97745789e+02, 1.56042206e+02, 3.07893433e+02, 1.63075653e+02,
    2.43940231e+02, 1.34927246e+02, 2.52203598e+02, 1.41029938e+02,
    2.60488678e+02, 1.47302094e+02, 2.69366150e+02, 1.53908951e+02,
    2.78407532e+02, 1.60616928e+02, 2.87969025e+02, 1.67719635e+02,
    2.97786896e+02, 1.74983307e+02 ]
