%YAML:1.0
---
points: [ 1.09514514e+03, 3.44701813e+02, 1.06832520e+03, 3.56964661e+02,
    1.04150500e+03, 3.69220581e+02, 1.01468176e+03, 3.81462555e+02,
    9.87926758e+02, 3.93635071e+02, 9.61170044e+02, 4.05690033e+02,
    9.34269165e+02, 4.17848877e+02, 1.08350037e+03, 3.17453491e+02,
    1.05650769e+03, 3.29770660e+02, 1.02967688e+03, 3.42016693e+02,
    1.00268848e+03, 3.54322296e+02, 9.75887512e+02, 3.66500092e+02,
    9.48998718e+02, 3.78672729e+02, 9.22119080e+02, 3.90799255e+02,
    1.07165222e+03, 2.89913696e+02, 1.04480078e+03, 3.02353760e+02,
    1.01772491e+03, 3.14654572e+02, 9.90687012e+02, 3.26946228e+02,
    9.63807617e+02, 3.39212952e+02, 9.36762756e+02, 3.51491364e+02,
    9.09778259e+02, 3.63549805e+02, 1.05993250e+03, 2.62462402e+02,
    1.03279749e+03, 2.74672607e+02, 1.00570007e+03, 2.87204254e+02,
    9.78650818e+02, 2.99516296e+02, 9.51667969e+02, 3.11740814e+02,
    9.24666748e+02, 3.24084167e+02, 8.97688232e+02, 3.36253998e+02,
    1.04798816e+03, 2.34550690e+02, 1.02082599e+03, 2.47031357e+02,
    9.93740051e+02, 2.59391083e+02, 9.66629211e+02, 2.71735321e+02,
    9.39578491e+02, 2.84156921e+02, 9.12460938e+02, 2.96355896e+02,
    8.85255737e+02, 3.08544067e+02, 1.03622998e+03, 2.06374786e+02,
    1.00883759e+03, 2.18866882e+02, 9.81695740e+02, 2.31389297e+02,
    9.54432007e+02, 2.43654572e+02, 9.27333313e+02, 2.56109497e+02,
    9.00089600e+02, 2.68406647e+02, 8.72729736e+02, 2.80609863e+02,
    1.02412170e+03, 1.78145676e+02, 9.96823181e+02, 1.90515930e+02,
    9.69531921e+02, 2.03055725e+02, 9.42206055e+02, 2.15545639e+02,
    9.14833069e+02, 2.27857666e+02, 8.87637939e+02, 2.40282516e+02,
    8.60222778e+02, 2.52466064e+02, 1.01214655e+03, 1.49483673e+02,
    9.84636902e+02, 1.62200958e+02, 9.57328735e+02, 1.74632721e+02,
    9.29764343e+02, 1.87304031e+02, 9.02560059e+02, 1.99601501e+02,
    8.75105652e+02, 2.11877792e+02, 8.47554565e+02, 2.24296478e+02,
    9.99841919e+02, 1.20693954e+02, 9.72502625e+02, 1.33306900e+02,
    9.44887268e+02, 1.45971832e+02, 9.17463684e+02, 1.58540833e+02,
    8.89894470e+02, 1.70896606e+02, 8.62428467e+02, 1.83420929e+02,
    8.34707825e+02, 1.95535919e+02 ]
