%YAML:1.0
---
points: [ 2.40580841e+02, 2.52204651e+02, 2.40062195e+02, 2.71904633e+02,
    2.39694992e+02, 2.91182251e+02, 2.39351395e+02, 3.10249329e+02,
    2.38806747e+02, 3.28875244e+02, 2.38665176e+02, 3.47025726e+02,
    2.38110336e+02, 3.65042755e+02, 2.19475479e+02, 2.51515869e+02,
    2.19309128e+02, 2.71268951e+02, 2.19133163e+02, 2.90658997e+02,
    2.18870895e+02, 3.09568359e+02, 2.18805222e+02, 3.28377533e+02,
    2.18702896e+02, 3.46561401e+02, 2.18676651e+02, 3.64500427e+02,
    1.98398300e+02, 2.50925369e+02, 1.98558929e+02, 2.70741180e+02,
    1.98597260e+02, 2.90197357e+02, 1.98689453e+02, 3.09175110e+02,
    1.98749359e+02, 3.27736969e+02, 1.98759720e+02, 3.45935822e+02,
    1.98761002e+02, 3.63912170e+02, 1.77271027e+02, 2.50548813e+02,
    1.77648636e+02, 2.70252411e+02, 1.77872589e+02, 2.89683289e+02,
    1.78393250e+02, 3.08683807e+02, 1.78691940e+02, 3.27251129e+02,
    1.78837479e+02, 3.45573059e+02, 1.79196182e+02, 3.63526978e+02,
    1.56082123e+02, 2.49904785e+02, 1.56707718e+02, 2.69740845e+02,
    1.57314728e+02, 2.89087952e+02, 1.57815689e+02, 3.08280823e+02,
    1.58518051e+02, 3.26783844e+02, 1.58839737e+02, 3.44865204e+02,
    1.59669250e+02, 3.62909119e+02, 1.34672638e+02, 2.49564987e+02,
    1.35542709e+02, 2.69366608e+02, 1.36683258e+02, 2.88783813e+02,
    1.37349701e+02, 3.07854004e+02, 1.38099380e+02, 3.26520111e+02,
    1.38983505e+02, 3.44695068e+02, 1.39724106e+02, 3.62594635e+02,
    1.13272964e+02, 2.48881912e+02, 1.14642593e+02, 2.68806244e+02,
    1.15679680e+02, 2.88377808e+02, 1.16770844e+02, 3.07561554e+02,
    1.17996986e+02, 3.25868225e+02, 1.18940834e+02, 3.44153412e+02,
    1.20086761e+02, 3.61849121e+02, 9.17589645e+01, 2.48614273e+02,
    9.34097290e+01, 2.68458405e+02, 9.47933655e+01, 2.87796539e+02,
    9.64972763e+01, 3.06801941e+02, 9.77544632e+01, 3.25562592e+02,
    9.94481583e+01, 3.43632416e+02, 1.00693542e+02, 3.60943054e+02,
    7.06251526e+01, 2.47785416e+02, 7.27664261e+01, 2.67780060e+02,
    7.45004959e+01, 2.87499237e+02, 7.63221436e+01, 3.06348480e+02,
    7.81576080e+01, 3.24783386e+02, 7.98795929e+01, 3.42759277e+02,
    8.17099915e+01, 3.60318573e+02 ]
