%YAML:1.0
---
points: [ 3.36393616e+02, 4.83499451e+01, 3.46710480e+02, 5.76516380e+01,
    3.57278534e+02, 6.74280853e+01, 3.67696716e+02, 7.68851852e+01,
    3.78351624e+02, 8.64573822e+01, 3.88912628e+02, 9.60241852e+01,
    3.99714722e+02, 1.05599709e+02, 3.28581909e+02, 5.48321457e+01,
    3.39234436e+02, 6.46104279e+01, 3.49807587e+02, 7.42551346e+01,
    3.60539154e+02, 8.40940628e+01, 3.71238861e+02, 9.37944565e+01,
    3.82117767e+02, 1.03511490e+02, 3.92935089e+02, 1.13193367e+02,
    3.20642365e+02, 6.18232994e+01, 3.31324829e+02, 7.16391373e+01,
    3.42225830e+02, 8.16052856e+01, 3.52989807e+02, 9.15086288e+01,
    3.63916473e+02, 1.01401047e+02, 3.74872986e+02, 1.11291649e+02,
    3.86079712e+02, 1.21121727e+02, 3.12335510e+02, 6.90770416e+01,
    3.23284088e+02, 7.90404129e+01, 3.34187622e+02, 8.91320343e+01,
    3.45320709e+02, 9.92706070e+01, 3.56276672e+02, 1.09325638e+02,
    3.67563385e+02, 1.19364784e+02, 3.78817688e+02, 1.29312332e+02,
    3.03755005e+02, 7.65519485e+01, 3.14786896e+02, 8.67118683e+01,
    3.25946259e+02, 9.69541321e+01, 3.37178253e+02, 1.07214554e+02,
    3.48448761e+02, 1.17498604e+02, 3.59847870e+02, 1.27661636e+02,
    3.71387268e+02, 1.37752884e+02, 2.94892761e+02, 8.41920395e+01,
    3.06249115e+02, 9.45519638e+01, 3.17558319e+02, 1.04984291e+02,
    3.28940308e+02, 1.15435471e+02, 3.40374084e+02, 1.25805656e+02,
    3.51987946e+02, 1.36169067e+02, 3.63782318e+02, 1.46474762e+02,
    2.85772644e+02, 9.21688156e+01, 2.97239960e+02, 1.02764519e+02,
    3.08735291e+02, 1.13435112e+02, 3.20286499e+02, 1.24016190e+02,
    3.31968170e+02, 1.34612854e+02, 3.43755829e+02, 1.45143143e+02,
    3.55753235e+02, 1.55582153e+02, 2.76235931e+02, 1.00425301e+02,
    2.87959198e+02, 1.11222084e+02, 2.99668823e+02, 1.22043304e+02,
    3.11368713e+02, 1.32898926e+02, 3.23233063e+02, 1.43643524e+02,
    3.35278564e+02, 1.54368195e+02, 3.47438538e+02, 1.64976379e+02,
    2.66459442e+02, 1.08877357e+02, 2.78378632e+02, 1.19932610e+02,
    2.90194733e+02, 1.31031281e+02, 3.02174927e+02, 1.42056122e+02,
    3.14219788e+02, 1.52927856e+02, 3.26454041e+02, 1.63859879e+02,
    3.38781128e+02, 1.74815689e+02 ]
