%YAML:1.0
---
points: [ 1.09961914e+03, 4.56387520e+01, 1.13033923e+03, 7.42364044e+01,
    1.16097888e+03, 1.02688034e+02, 1.19187610e+03, 1.31302216e+02,
    1.22276709e+03, 1.59465271e+02, 1.25414136e+03, 1.87841171e+02,
    1.28558740e+03, 2.15979980e+02, 1.07529028e+03, 6.58051224e+01,
    1.10639368e+03, 9.48076477e+01, 1.13744287e+03, 1.23833496e+02,
    1.16875354e+03, 1.52810852e+02, 1.20025989e+03, 1.81673645e+02,
    1.23195325e+03, 2.10453613e+02, 1.26417346e+03, 2.38894836e+02,
    1.05003613e+03, 8.68066711e+01, 1.08158984e+03, 1.16246201e+02,
    1.11335205e+03, 1.45660141e+02, 1.14511731e+03, 1.75133224e+02,
    1.17702515e+03, 2.04487717e+02, 1.20929358e+03, 2.33535263e+02,
    1.24178528e+03, 2.62629028e+02, 1.02398474e+03, 1.08525017e+02,
    1.05611633e+03, 1.38428848e+02, 1.08827698e+03, 1.68343018e+02,
    1.12050244e+03, 1.98185410e+02, 1.15286951e+03, 2.27826218e+02,
    1.18575513e+03, 2.57513672e+02, 1.21889441e+03, 2.86903870e+02,
    9.97276062e+02, 1.30574036e+02, 1.02975488e+03, 1.61143890e+02,
    1.06245227e+03, 1.91556549e+02, 1.09540784e+03, 2.21793808e+02,
    1.12827185e+03, 2.52223236e+02, 1.16150574e+03, 2.82302795e+02,
    1.19517212e+03, 3.11960999e+02, 9.69657288e+02, 1.53275284e+02,
    1.00269824e+03, 1.84381546e+02, 1.03590039e+03, 2.15338440e+02,
    1.06938525e+03, 2.46106827e+02, 1.10281677e+03, 2.76749451e+02,
    1.13669580e+03, 3.07393494e+02, 1.17105542e+03, 3.37483215e+02,
    9.41185547e+02, 1.76797989e+02, 9.74750183e+02, 2.08429916e+02,
    1.00856451e+03, 2.39816360e+02, 1.04253040e+03, 2.71216492e+02,
    1.07653284e+03, 3.02410919e+02, 1.11105750e+03, 3.33422241e+02,
    1.14576953e+03, 3.64259766e+02, 9.11494751e+02, 2.01195419e+02,
    9.45867249e+02, 2.33375473e+02, 9.80226135e+02, 2.65310242e+02,
    1.01462878e+03, 2.97310181e+02, 1.04941797e+03, 3.29011108e+02,
    1.08426697e+03, 3.60526306e+02, 1.11964746e+03, 3.91996490e+02,
    8.80987671e+02, 2.26267242e+02, 9.15811035e+02, 2.58813293e+02,
    9.50740295e+02, 2.91510925e+02, 9.85906128e+02, 3.24081696e+02,
    1.02110211e+03, 3.56327423e+02, 1.05677234e+03, 3.88624481e+02,
    1.09272168e+03, 4.20659973e+02 ]
