%YAML:1.0
---
points: [ 3.43744781e+02, 4.73990135e+01, 3.53744049e+02, 5.84936256e+01,
    3.63774170e+02, 6.99585876e+01, 3.73795868e+02, 8.13956451e+01,
    3.83787598e+02, 9.27469864e+01, 3.93754486e+02, 1.04100685e+02,
    4.03813904e+02, 1.15523460e+02, 3.32399231e+02, 5.74282570e+01,
    3.42424133e+02, 6.88271637e+01, 3.52339081e+02, 8.01793900e+01,
    3.62326782e+02, 9.16694336e+01, 3.72378174e+02, 1.02954536e+02,
    3.82375458e+02, 1.14274422e+02, 3.92483032e+02, 1.25528976e+02,
    3.21046082e+02, 6.77658920e+01, 3.30983307e+02, 7.91452332e+01,
    3.41000610e+02, 9.05332565e+01, 3.50960724e+02, 1.01851768e+02,
    3.60986633e+02, 1.13143448e+02, 3.70902710e+02, 1.24447449e+02,
    3.81021606e+02, 1.35698441e+02, 3.09691162e+02, 7.81110229e+01,
    3.19699890e+02, 8.94403229e+01, 3.29687195e+02, 1.00760658e+02,
    3.39638428e+02, 1.12088570e+02, 3.49593842e+02, 1.23416016e+02,
    3.59580414e+02, 1.34614624e+02, 3.69605255e+02, 1.45828903e+02,
    2.98408142e+02, 8.83736877e+01, 3.08341339e+02, 9.97776871e+01,
    3.18297546e+02, 1.10987122e+02, 3.28266479e+02, 1.22357239e+02,
    3.38184814e+02, 1.33570053e+02, 3.48148254e+02, 1.44801743e+02,
    3.58181580e+02, 1.55959930e+02, 2.87130249e+02, 9.86715012e+01,
    2.97101562e+02, 1.09924347e+02, 3.07033386e+02, 1.21251442e+02,
    3.16929474e+02, 1.32508194e+02, 3.26836578e+02, 1.43697342e+02,
    3.36839508e+02, 1.54842758e+02, 3.46904755e+02, 1.65919922e+02,
    2.75962097e+02, 1.08849815e+02, 2.85881836e+02, 1.20194389e+02,
    2.95788391e+02, 1.31397919e+02, 3.05690857e+02, 1.42715179e+02,
    3.15581848e+02, 1.53792542e+02, 3.25510437e+02, 1.64951935e+02,
    3.35478607e+02, 1.76067627e+02, 2.64766357e+02, 1.19102150e+02,
    2.74736084e+02, 1.30340607e+02, 2.84630493e+02, 1.41578339e+02,
    2.94525909e+02, 1.52679550e+02, 3.04382324e+02, 1.63792892e+02,
    3.14300751e+02, 1.74941193e+02, 3.24296356e+02, 1.85996262e+02,
    2.53725708e+02, 1.29126404e+02, 2.63683136e+02, 1.40398468e+02,
    2.73463257e+02, 1.51618439e+02, 2.83430481e+02, 1.62750183e+02,
    2.93212402e+02, 1.73850143e+02, 3.03095978e+02, 1.84909225e+02,
    3.13088745e+02, 1.95980927e+02 ]
