%YAML:1.0
---
points: [ 1.11545239e+03, 4.25702744e+01, 1.14491870e+03, 7.67611771e+01,
    1.17446558e+03, 1.10630379e+02, 1.20409802e+03, 1.44558029e+02,
    1.23352332e+03, 1.78189346e+02, 1.26295312e+03, 2.11716797e+02,
    1.29270288e+03, 2.45200089e+02, 1.08169690e+03, 7.36636658e+01,
    1.11130530e+03, 1.07647598e+02, 1.14073315e+03, 1.41653717e+02,
    1.17017871e+03, 1.75300507e+02, 1.19951562e+03, 2.08968842e+02,
    1.22907104e+03, 2.42351303e+02, 1.25863916e+03, 2.75494873e+02,
    1.04831995e+03, 1.04557953e+02, 1.07762061e+03, 1.38478439e+02,
    1.10721606e+03, 1.72355499e+02, 1.13653772e+03, 2.05964233e+02,
    1.16590991e+03, 2.39381546e+02, 1.19534741e+03, 2.72592682e+02,
    1.22494165e+03, 3.05657104e+02, 1.01500653e+03, 1.35430359e+02,
    1.04455139e+03, 1.69183105e+02, 1.07382434e+03, 2.02710144e+02,
    1.10336426e+03, 2.36383911e+02, 1.13254272e+03, 2.69566742e+02,
    1.16181970e+03, 3.02716278e+02, 1.19137305e+03, 3.35644104e+02,
    9.82093140e+02, 1.65885559e+02, 1.01138080e+03, 1.99571045e+02,
    1.04079138e+03, 2.33199799e+02, 1.07016138e+03, 2.66511292e+02,
    1.09928406e+03, 2.99531128e+02, 1.12855750e+03, 3.32586639e+02,
    1.15806714e+03, 3.65411407e+02, 9.49100342e+02, 1.96217392e+02,
    9.78457581e+02, 2.29710541e+02, 1.00789557e+03, 2.63242218e+02,
    1.03719995e+03, 2.96309540e+02, 1.06630933e+03, 3.29376373e+02,
    1.09552991e+03, 3.62220001e+02, 1.12499146e+03, 3.95033020e+02,
    9.16458008e+02, 2.26353043e+02, 9.45798706e+02, 2.59731171e+02,
    9.75121521e+02, 2.92871918e+02, 1.00433838e+03, 3.26117889e+02,
    1.03347559e+03, 3.58845978e+02, 1.06273083e+03, 3.91693237e+02,
    1.09200098e+03, 4.24499542e+02, 8.83774475e+02, 2.56311310e+02,
    9.13244385e+02, 2.89480530e+02, 9.42483643e+02, 3.22522278e+02,
    9.71807434e+02, 3.55543427e+02, 1.00080200e+03, 3.88314484e+02,
    1.03007410e+03, 4.21084930e+02, 1.05934827e+03, 4.53601471e+02,
    8.51305237e+02, 2.85871277e+02, 8.80693176e+02, 3.19149628e+02,
    9.09982361e+02, 3.52079559e+02, 9.39345398e+02, 3.84922699e+02,
    9.68375244e+02, 4.17491364e+02, 9.97485413e+02, 4.50277863e+02,
    1.02657751e+03, 4.82734619e+02 ]
