%YAML:1.0
---
points: [ 9.59095764e+02, 5.24665771e+02, 9.57516907e+02, 5.50593018e+02,
    9.55854126e+02, 5.77195862e+02, 9.54288574e+02, 6.04258972e+02,
    9.52645325e+02, 6.32020325e+02, 9.50667358e+02, 6.60334961e+02,
    9.49158997e+02, 6.89353760e+02, 9.31246155e+02, 5.23027954e+02,
    9.29169006e+02, 5.49013428e+02, 9.27374268e+02, 5.75517761e+02,
    9.25390198e+02, 6.02560608e+02, 9.23472900e+02, 6.30229675e+02,
    9.21519775e+02, 6.58503235e+02, 9.19377686e+02, 6.87402954e+02,
    9.03174133e+02, 5.21359131e+02, 9.01179443e+02, 5.47165100e+02,
    8.98815857e+02, 5.73642273e+02, 8.96610413e+02, 6.00832458e+02,
    8.94437622e+02, 6.28413757e+02, 8.91915222e+02, 6.56645935e+02,
    8.89586670e+02, 6.85531067e+02, 8.75413025e+02, 5.19612793e+02,
    8.72998901e+02, 5.45516296e+02, 8.70409790e+02, 5.71956604e+02,
    8.67969543e+02, 5.98981812e+02, 8.65310974e+02, 6.26725891e+02,
    8.62610840e+02, 6.54838684e+02, 8.59740784e+02, 6.83643982e+02,
    8.47517212e+02, 5.17894104e+02, 8.44678894e+02, 5.43834839e+02,
    8.42002502e+02, 5.70340576e+02, 8.39037720e+02, 5.97349548e+02,
    8.36166565e+02, 6.24701599e+02, 8.33098755e+02, 6.53023376e+02,
    8.29788757e+02, 6.81704590e+02, 8.19394043e+02, 5.16115662e+02,
    8.16515381e+02, 5.41893250e+02, 8.13283997e+02, 5.68360291e+02,
    8.10283997e+02, 5.95473022e+02, 8.06843384e+02, 6.22847046e+02,
    8.03470337e+02, 6.50900696e+02, 8.00105225e+02, 6.79777405e+02,
    7.91433899e+02, 5.14231873e+02, 7.88179199e+02, 5.40152588e+02,
    7.84797058e+02, 5.66539551e+02, 7.81240662e+02, 5.93544312e+02,
    7.77617371e+02, 6.21055786e+02, 7.74045044e+02, 6.49185486e+02,
    7.70104248e+02, 6.77660095e+02, 7.63433228e+02, 5.12479919e+02,
    7.59701904e+02, 5.38421448e+02, 7.56098694e+02, 5.64812134e+02,
    7.52399231e+02, 5.91817566e+02, 7.48462280e+02, 6.19183228e+02,
    7.44276001e+02, 6.47403931e+02, 7.40011780e+02, 6.75965881e+02,
    7.35108582e+02, 5.10549316e+02, 7.31426392e+02, 5.36394958e+02,
    7.27456726e+02, 5.62829407e+02, 7.23308899e+02, 590., 7.18857361e+02,
    6.17427002e+02, 7.14523682e+02, 6.45462280e+02, 7.10006409e+02,
    6.74311462e+02 ]
