%YAML:1.0
---
points: [ 3.14680634e+02, 2.33082047e+02, 3.14069122e+02, 2.52681824e+02,
    3.13483276e+02, 2.72163483e+02, 3.13004852e+02, 2.91996552e+02,
    3.12505280e+02, 3.11673676e+02, 3.12052094e+02, 3.31404938e+02,
    3.11592773e+02, 3.51376556e+02, 2.95655121e+02, 2.32701004e+02,
    2.94941406e+02, 2.52361938e+02, 2.94400848e+02, 2.72165039e+02,
    2.93870331e+02, 2.91946747e+02, 2.93287842e+02, 3.11964813e+02,
    2.92851379e+02, 3.31860504e+02, 2.92452209e+02, 3.51963226e+02,
    2.76402771e+02, 2.32235764e+02, 2.75815308e+02, 2.52031570e+02,
    2.75067505e+02, 2.71968109e+02, 2.74618927e+02, 2.92050537e+02,
    2.73922180e+02, 3.12110565e+02, 2.73464142e+02, 3.32255768e+02,
    2.72867340e+02, 3.52562439e+02, 2.56802856e+02, 2.31788559e+02,
    2.56179138e+02, 2.51924789e+02, 2.55617157e+02, 2.71952881e+02,
    2.54883621e+02, 2.92162903e+02, 2.54348526e+02, 3.12328430e+02,
    2.53836105e+02, 3.32694214e+02, 2.53410522e+02, 3.53223694e+02,
    2.36886002e+02, 2.31498505e+02, 2.36305573e+02, 2.51659576e+02,
    2.35721680e+02, 2.71936584e+02, 2.35072174e+02, 2.92423248e+02,
    2.34574707e+02, 3.12660278e+02, 2.33851120e+02, 3.33278442e+02,
    2.33327698e+02, 3.53894135e+02, 2.16602661e+02, 2.31104858e+02,
    2.15908127e+02, 2.51425247e+02, 2.15376236e+02, 2.72007141e+02,
    2.14729828e+02, 2.92523834e+02, 2.14157623e+02, 3.13208771e+02,
    2.13533585e+02, 3.33896576e+02, 2.12802307e+02, 3.54781982e+02,
    1.95824982e+02, 2.30654907e+02, 1.95271210e+02, 2.51294983e+02,
    1.94678848e+02, 2.72104034e+02, 1.94009460e+02, 2.92774902e+02,
    1.93364487e+02, 3.13540527e+02, 1.92671539e+02, 3.34413086e+02,
    1.91868271e+02, 3.55627991e+02, 1.74076935e+02, 2.30949966e+02,
    1.74155045e+02, 2.51213425e+02, 1.73362549e+02, 2.72134766e+02,
    1.72786194e+02, 2.93106018e+02, 1.72205627e+02, 3.14144348e+02,
    1.71495804e+02, 3.35201630e+02, 1.70757996e+02, 3.56281097e+02,
    1.53182968e+02, 2.31727844e+02, 1.52151352e+02, 2.51103058e+02,
    1.51753113e+02, 2.72274414e+02, 1.51192703e+02, 2.93313354e+02,
    1.50435852e+02, 3.14510651e+02, 1.49776611e+02, 3.35852600e+02,
    1.49060959e+02, 3.56949066e+02 ]
