%YAML:1.0
---
points: [ 8.49524841e+02, 5.26527588e+02, 8.47737183e+02, 5.52314697e+02,
    8.45783325e+02, 5.78766846e+02, 8.43957336e+02, 6.05693420e+02,
    8.42054016e+02, 6.33288452e+02, 8.39794067e+02, 6.61454590e+02,
    8.37840149e+02, 6.90559021e+02, 8.21548645e+02, 5.25640686e+02,
    8.19313965e+02, 5.51495544e+02, 8.17294006e+02, 5.77883240e+02,
    8.14933228e+02, 6.04933105e+02, 8.12570496e+02, 6.32584961e+02,
    8.10321777e+02, 6.60744812e+02, 8.07658569e+02, 6.89675659e+02,
    7.93394226e+02, 5.25006104e+02, 7.90972290e+02, 5.50670044e+02,
    7.88491089e+02, 5.77165588e+02, 7.85856934e+02, 6.04228149e+02,
    7.83255493e+02, 6.31942505e+02, 7.80553406e+02, 6.60162292e+02,
    7.77596863e+02, 6.88921326e+02, 7.65295959e+02, 5.24400574e+02,
    7.62609009e+02, 5.50109436e+02, 7.59696228e+02, 5.76438782e+02,
    7.56826416e+02, 6.03455383e+02, 7.53957336e+02, 6.30959839e+02,
    7.50621887e+02, 6.59412781e+02, 7.47585510e+02, 6.88291870e+02,
    7.37209290e+02, 5.23523254e+02, 7.33958435e+02, 5.49420227e+02,
    7.31007446e+02, 5.75734375e+02, 7.27741333e+02, 6.02673218e+02,
    7.24352478e+02, 6.30219788e+02, 7.20930237e+02, 6.58660828e+02,
    7.17298096e+02, 6.87436096e+02, 7.08706055e+02, 5.22639221e+02,
    7.05585632e+02, 5.48513916e+02, 7.02058655e+02, 5.74799988e+02,
    6.98343323e+02, 6.01974548e+02, 6.94757202e+02, 6.29456726e+02,
    6.90847107e+02, 6.57710938e+02, 6.86699768e+02, 6.86546265e+02,
    6.80503479e+02, 5.21836487e+02, 6.76662415e+02, 5.47617065e+02,
    6.73044067e+02, 5.74110046e+02, 6.69176270e+02, 6.01242126e+02,
    6.65085205e+02, 6.28718567e+02, 6.60737549e+02, 6.56829895e+02,
    6.56262390e+02, 6.85812073e+02, 6.52144409e+02, 5.20790527e+02,
    6.48218689e+02, 5.46750549e+02, 6.43966309e+02, 5.73259460e+02,
    6.39667664e+02, 6.00423584e+02, 6.35401611e+02, 6.27863220e+02,
    6.30758301e+02, 6.56183899e+02, 6.25947388e+02, 6.85083069e+02,
    6.23414062e+02, 5.19920959e+02, 6.19173889e+02, 5.45753479e+02,
    6.14796143e+02, 5.72356689e+02, 6.10353821e+02, 5.99411926e+02,
    6.05620544e+02, 6.27234680e+02, 6.00549988e+02, 6.55377075e+02,
    5.95406250e+02, 6.84238831e+02 ]
