%YAML:1.0
---
points: [ 1.13227104e+02, 3.58804169e+02, 1.12882225e+02, 3.38768890e+02,
    1.12740829e+02, 3.19270416e+02, 1.12692558e+02, 2.99715271e+02,
    1.12185837e+02, 2.79760529e+02, 1.11782028e+02, 2.59940430e+02,
    1.11639351e+02, 2.40436935e+02, 1.31712280e+02, 3.59834991e+02,
    1.31593506e+02, 3.39965424e+02, 1.31370697e+02, 3.19831665e+02,
    1.30975632e+02, 2.99958008e+02, 1.30794403e+02, 2.80024994e+02,
    1.30629242e+02, 2.60191376e+02, 1.30209763e+02, 2.40410950e+02,
    1.50178101e+02, 3.61078186e+02, 1.50127045e+02, 3.40770020e+02,
    1.50015076e+02, 3.20715912e+02, 1.49833344e+02, 3.00673615e+02,
    1.49704803e+02, 2.80540009e+02, 1.49532440e+02, 2.60563354e+02,
    1.49198410e+02, 2.40320786e+02, 1.69513657e+02, 3.62189453e+02,
    1.69325882e+02, 3.41713928e+02, 1.69228317e+02, 3.21351898e+02,
    1.68995331e+02, 3.01008636e+02, 1.68848511e+02, 2.80725525e+02,
    1.68684631e+02, 2.60603027e+02, 1.68495743e+02, 2.40268875e+02,
    1.88782990e+02, 3.63213776e+02, 1.88817215e+02, 3.42628296e+02,
    1.88729446e+02, 3.22026489e+02, 1.88637054e+02, 3.01497894e+02,
    1.88476166e+02, 2.80916412e+02, 1.88162918e+02, 2.60645416e+02,
    1.87953903e+02, 2.40288300e+02, 2.08729767e+02, 3.64320251e+02,
    2.08554108e+02, 3.43297028e+02, 2.08469513e+02, 3.22616425e+02,
    2.08342957e+02, 3.02096008e+02, 2.08066574e+02, 2.81350311e+02,
    2.07940842e+02, 2.60741180e+02, 2.07720383e+02, 2.40356873e+02,
    2.28715042e+02, 3.65576355e+02, 2.28622925e+02, 3.44420135e+02,
    2.28401993e+02, 3.23283630e+02, 2.28264755e+02, 3.02606781e+02,
    2.28044006e+02, 2.81727386e+02, 2.27774597e+02, 2.60984802e+02,
    2.27574677e+02, 2.40312927e+02, 2.49026138e+02, 3.66714966e+02,
    2.48991394e+02, 3.45235626e+02, 2.48791946e+02, 3.24258087e+02,
    2.48530273e+02, 3.03229980e+02, 2.48410812e+02, 2.82211304e+02,
    2.48182098e+02, 2.61189697e+02, 2.47894974e+02, 2.40356430e+02,
    2.69864471e+02, 3.68063873e+02, 2.69777466e+02, 3.46428650e+02,
    2.69398102e+02, 3.25192017e+02, 2.69262177e+02, 3.03920563e+02,
    2.69186981e+02, 2.82435516e+02, 2.68920502e+02, 2.61295105e+02,
    2.68384766e+02, 2.40084015e+02 ]
