%YAML:1.0
---
points: [ 1.98471771e+02, 1.78067032e+02, 2.12267151e+02, 1.94357910e+02,
    2.25939194e+02, 2.10457077e+02, 2.39504807e+02, 2.26600540e+02,
    2.53011551e+02, 2.42625015e+02, 2.66577423e+02, 2.58762909e+02,
    2.80129669e+02, 2.75041962e+02, 1.83178223e+02, 1.91713013e+02,
    1.96807480e+02, 2.07679214e+02, 2.10378677e+02, 2.23675217e+02,
    2.23874054e+02, 2.39654999e+02, 2.37350143e+02, 2.55567307e+02,
    2.50792053e+02, 2.71556244e+02, 2.64213135e+02, 2.87699219e+02,
    1.68043900e+02, 2.04976517e+02, 1.81590378e+02, 2.20872894e+02,
    1.95091461e+02, 2.36674744e+02, 2.08572632e+02, 2.52524704e+02,
    2.21882599e+02, 2.68268677e+02, 2.35204910e+02, 2.84133087e+02,
    2.48506958e+02, 3.00158020e+02, 1.53213516e+02, 2.18019699e+02,
    1.66719711e+02, 2.33754684e+02, 1.80167343e+02, 2.49480301e+02,
    1.93460648e+02, 2.65157471e+02, 2.06717148e+02, 2.80776276e+02,
    2.19946503e+02, 2.96503448e+02, 2.33135376e+02, 3.12392883e+02,
    1.38521179e+02, 2.31002106e+02, 1.51976120e+02, 2.46542557e+02,
    1.65336304e+02, 2.62077393e+02, 1.78547394e+02, 2.77616547e+02,
    1.91697037e+02, 2.93111847e+02, 2.04832291e+02, 3.08758636e+02,
    2.17848373e+02, 3.24564453e+02, 1.24040321e+02, 2.43767365e+02,
    1.37336395e+02, 2.59179474e+02, 1.50575058e+02, 2.74509827e+02,
    1.63731110e+02, 2.89958984e+02, 1.76807709e+02, 3.05388794e+02,
    1.89836060e+02, 3.20894928e+02, 2.02779541e+02, 3.36602844e+02,
    1.09805573e+02, 2.56263611e+02, 1.23034142e+02, 2.71622620e+02,
    1.36177261e+02, 2.86861755e+02, 1.49238754e+02, 3.02166595e+02,
    1.62205826e+02, 3.17357910e+02, 1.75151764e+02, 3.32866028e+02,
    1.88001740e+02, 3.48377197e+02, 9.58899231e+01, 2.68556274e+02,
    1.09007744e+02, 2.83647095e+02, 1.22067703e+02, 2.98921448e+02,
    1.35169678e+02, 3.14092529e+02, 1.47959656e+02, 3.29140350e+02,
    1.60840210e+02, 3.44438019e+02, 1.73446533e+02, 3.59830017e+02,
    8.22972412e+01, 2.80630554e+02, 9.52512207e+01, 2.95676880e+02,
    1.08190048e+02, 3.10634033e+02, 1.21137230e+02, 3.25755402e+02,
    1.33907669e+02, 3.40705353e+02, 1.46623718e+02, 3.55800385e+02,
    1.59260101e+02, 3.71015564e+02 ]
