%YAML:1.0
---
points: [ 2.03117615e+02, 1.82979446e+02, 2.13510818e+02, 1.89877548e+02,
    2.23848160e+02, 1.96799301e+02, 2.34133438e+02, 2.03682434e+02,
    2.44446899e+02, 2.10523575e+02, 2.54691910e+02, 2.17274277e+02,
    2.65081268e+02, 2.24140533e+02, 1.96044296e+02, 1.92461227e+02,
    2.06606216e+02, 1.99468582e+02, 2.17036438e+02, 2.06413086e+02,
    2.27539658e+02, 2.13336761e+02, 2.37989182e+02, 2.20241348e+02,
    2.48386139e+02, 2.26976669e+02, 2.58890350e+02, 2.33910355e+02,
    1.88855072e+02, 2.02141037e+02, 1.99433090e+02, 2.09179428e+02,
    2.10138657e+02, 2.16255112e+02, 2.20798843e+02, 2.23211380e+02,
    2.31384628e+02, 2.30199036e+02, 2.41853485e+02, 2.37139343e+02,
    2.52481552e+02, 2.44093536e+02, 1.81429657e+02, 2.12120331e+02,
    1.92256104e+02, 2.19149643e+02, 2.03040588e+02, 2.26306488e+02,
    2.13793976e+02, 2.33361679e+02, 2.24503906e+02, 2.40471985e+02,
    2.35213379e+02, 2.47442703e+02, 2.45955780e+02, 2.54354797e+02,
    1.73831390e+02, 2.22264664e+02, 1.84770660e+02, 2.29432755e+02,
    1.95719635e+02, 2.36654190e+02, 2.06664139e+02, 2.43733185e+02,
    2.17530197e+02, 2.50837967e+02, 2.28401367e+02, 2.57962830e+02,
    2.39282257e+02, 2.65103699e+02, 1.66063141e+02, 2.32711212e+02,
    1.77159348e+02, 2.39930145e+02, 1.88259460e+02, 2.47142990e+02,
    1.99310318e+02, 2.54394196e+02, 2.10317230e+02, 2.61621643e+02,
    2.21405167e+02, 2.68809509e+02, 2.32448517e+02, 2.75951447e+02,
    1.58003799e+02, 2.43436020e+02, 1.69266907e+02, 2.50723251e+02,
    1.80533966e+02, 2.58109467e+02, 1.91724106e+02, 2.65421875e+02,
    2.02923019e+02, 2.72731049e+02, 2.14116806e+02, 2.79989899e+02,
    2.25323822e+02, 2.87349152e+02, 1.49672333e+02, 2.54465118e+02,
    1.61196762e+02, 2.61886139e+02, 1.72581894e+02, 2.69285095e+02,
    1.83994217e+02, 2.76700500e+02, 1.95271912e+02, 2.84037445e+02,
    2.06726974e+02, 2.91529510e+02, 2.18056458e+02, 2.98813019e+02,
    1.41217789e+02, 2.65824921e+02, 1.52790390e+02, 2.73297241e+02,
    1.64420700e+02, 2.80847290e+02, 1.75914825e+02, 2.88318939e+02,
    1.87502335e+02, 2.95887390e+02, 1.98993958e+02, 3.03324341e+02,
    2.10567154e+02, 3.10869019e+02 ]
