%YAML:1.0
---
points: [ 7.49163330e+02, 5.13293030e+02, 7.49670166e+02, 5.40576477e+02,
    7.50365662e+02, 5.68527893e+02, 7.50912781e+02, 5.96916809e+02,
    7.51599243e+02, 6.25544983e+02, 7.52193176e+02, 6.55127319e+02,
    7.52603455e+02, 6.85305054e+02, 7.22380066e+02, 5.17897095e+02,
    7.22656982e+02, 5.45192688e+02, 7.23153503e+02, 5.72838013e+02,
    7.23408264e+02, 6.01314636e+02, 7.23702271e+02, 6.29814026e+02,
    7.23992981e+02, 6.59351868e+02, 7.24101562e+02, 6.89252197e+02,
    6.95666870e+02, 5.22582581e+02, 6.95769104e+02, 5.49624817e+02,
    6.96022339e+02, 5.77197998e+02, 6.96127625e+02, 6.05472534e+02,
    6.96259216e+02, 6.34106995e+02, 6.96116699e+02, 6.63420898e+02,
    6.95814331e+02, 6.93104370e+02, 6.69483704e+02, 5.27190430e+02,
    6.69430908e+02, 5.54203430e+02, 6.69251770e+02, 5.81608704e+02,
    6.69151611e+02, 6.09637268e+02, 6.68888672e+02, 6.38396057e+02,
    6.68533264e+02, 6.67356873e+02, 6.68091370e+02, 6.97109253e+02,
    6.43297913e+02, 5.31526428e+02, 6.42988525e+02, 5.58513489e+02,
    6.42616821e+02, 5.86071472e+02, 6.42227417e+02, 6.13848206e+02,
    6.41638855e+02, 6.42420898e+02, 6.41050537e+02, 6.71362732e+02,
    6.40105652e+02, 7.01093262e+02, 6.17163269e+02, 5.35768616e+02,
    6.16566589e+02, 5.62709412e+02, 6.16111572e+02, 5.90273865e+02,
    6.15387329e+02, 6.18166504e+02, 6.14599426e+02, 6.46391785e+02,
    6.13591003e+02, 6.75400574e+02, 6.12570251e+02, 7.04668457e+02,
    5.91320862e+02, 5.40249634e+02, 5.90586975e+02, 5.66968689e+02,
    5.89691345e+02, 5.94343262e+02, 5.88843567e+02, 6.22300720e+02,
    5.87745605e+02, 6.50345825e+02, 5.86569763e+02, 6.79349854e+02,
    5.85234802e+02, 7.08528381e+02, 5.65668213e+02, 5.44619934e+02,
    5.64685425e+02, 5.71311157e+02, 5.63781616e+02, 5.98435608e+02,
    5.62706604e+02, 6.26309570e+02, 5.61380188e+02, 6.54460815e+02,
    5.59919922e+02, 6.83034790e+02, 5.58318115e+02, 7.12418396e+02,
    5.40176331e+02, 5.48946228e+02, 5.38995056e+02, 5.75472107e+02,
    5.37863892e+02, 6.02567017e+02, 5.36554138e+02, 6.30221313e+02,
    5.34960571e+02, 6.58368652e+02, 5.33378967e+02, 6.86970093e+02,
    5.31355469e+02, 7.16167114e+02 ]
