%YAML:1.0
---
points: [ 7.17242554e+02, 4.44510071e+02, 7.48007141e+02, 4.64992004e+02,
    7.78614014e+02, 4.85297668e+02, 8.09337341e+02, 5.05524994e+02,
    8.39749634e+02, 5.25621277e+02, 8.70332397e+02, 5.45741943e+02,
    9.00674194e+02, 5.65735291e+02, 6.95419006e+02, 4.72528168e+02,
    7.26620178e+02, 4.93062042e+02, 7.57769653e+02, 5.13605103e+02,
    7.88784302e+02, 5.33963196e+02, 8.19687378e+02, 5.54427734e+02,
    8.50581909e+02, 5.74576965e+02, 8.81475647e+02, 5.94809143e+02,
    6.73007629e+02, 5.01104126e+02, 7.04728027e+02, 5.21886536e+02,
    7.36337463e+02, 5.42613647e+02, 7.67791260e+02, 5.63319397e+02,
    7.99215515e+02, 5.83809814e+02, 8.30444275e+02, 6.04337830e+02,
    8.61695618e+02, 6.24621399e+02, 6.50196350e+02, 5.30448303e+02,
    6.82428101e+02, 5.51405640e+02, 7.14375183e+02, 5.72359680e+02,
    7.46318176e+02, 5.93237732e+02, 7.78016296e+02, 6.13966919e+02,
    8.09712341e+02, 6.34632996e+02, 8.41475037e+02, 6.55302368e+02,
    6.26507874e+02, 5.60469849e+02, 6.59255310e+02, 5.81679138e+02,
    6.91662903e+02, 6.02793518e+02, 7.24119934e+02, 6.23910828e+02,
    7.56311951e+02, 6.44865479e+02, 7.88448547e+02, 6.65891907e+02,
    8.20647217e+02, 6.86679749e+02, 6.02229980e+02, 5.91395691e+02,
    6.35394531e+02, 6.12700623e+02, 6.68318665e+02, 6.34210571e+02,
    7.01305786e+02, 6.55444824e+02, 7.33848206e+02, 6.76615234e+02,
    7.66578613e+02, 6.97776855e+02, 7.99267944e+02, 7.18994934e+02,
    5.77285645e+02, 6.23071411e+02, 6.10805359e+02, 6.44727844e+02,
    6.44284668e+02, 6.66398682e+02, 6.77704407e+02, 6.87972351e+02,
    7.10791016e+02, 7.09431152e+02, 7.43981812e+02, 7.30885254e+02,
    7.77164490e+02, 7.52301575e+02, 5.51450439e+02, 6.55712830e+02,
    5.85598572e+02, 6.77595886e+02, 6.19468323e+02, 6.99500977e+02,
    6.53443420e+02, 7.21397156e+02, 6.86985596e+02, 7.43135742e+02,
    7.20715576e+02, 7.64849487e+02, 7.54378723e+02, 7.86689941e+02,
    5.24836121e+02, 6.89336121e+02, 5.59440125e+02, 7.11583984e+02,
    5.94013000e+02, 7.33670776e+02, 6.28423035e+02, 7.55890259e+02,
    6.62564209e+02, 7.77820312e+02, 6.96648743e+02, 8.00005798e+02,
    7.30833191e+02, 8.21967224e+02 ]
