%YAML:1.0
---
points: [ 9.26458496e+02, 5.82718567e+02, 9.25512451e+02, 6.10580078e+02,
    9.24571960e+02, 6.38476257e+02, 9.23772278e+02, 6.66380005e+02,
    9.22897278e+02, 6.94241455e+02, 9.22134705e+02, 7.22468933e+02,
    9.21295471e+02, 7.50604187e+02, 8.98590332e+02, 5.81800232e+02,
    8.97680908e+02, 6.09657227e+02, 8.96905762e+02, 6.37604248e+02,
    8.96103577e+02, 6.65596497e+02, 8.95195740e+02, 6.93422791e+02,
    8.94311096e+02, 7.21587402e+02, 8.93334290e+02, 7.49695007e+02,
    8.70758972e+02, 5.81053772e+02, 8.69999329e+02, 6.08764771e+02,
    8.69237732e+02, 6.36818481e+02, 8.68345459e+02, 6.64679016e+02,
    8.67338623e+02, 6.92642761e+02, 8.66368713e+02, 7.20729919e+02,
    8.65421570e+02, 7.49078186e+02, 8.43198181e+02, 5.80331360e+02,
    8.42397278e+02, 6.08083008e+02, 8.41442261e+02, 6.35797852e+02,
    8.40440735e+02, 6.64031311e+02, 8.39551941e+02, 6.91788025e+02,
    8.38536865e+02, 7.19889832e+02, 8.37652771e+02, 7.48345825e+02,
    8.15409546e+02, 5.79426697e+02, 8.14432617e+02, 6.07388184e+02,
    8.13481445e+02, 6.35111084e+02, 8.12634094e+02, 6.63200867e+02,
    8.11633667e+02, 6.91135803e+02, 8.10756958e+02, 7.19272095e+02,
    8.09624207e+02, 7.47559448e+02, 7.87363342e+02, 5.78552307e+02,
    7.86469910e+02, 6.06534058e+02, 7.85668213e+02, 6.34422729e+02,
    7.84663086e+02, 6.62344971e+02, 7.83744019e+02, 6.90467834e+02,
    7.82592407e+02, 7.18505127e+02, 7.81574280e+02, 7.46758484e+02,
    7.59472534e+02, 5.77762390e+02, 7.58645813e+02, 6.05696960e+02,
    7.57636597e+02, 6.33687561e+02, 7.56696716e+02, 6.61594360e+02,
    7.55668701e+02, 6.89701294e+02, 7.54654053e+02, 7.17853333e+02,
    7.53574158e+02, 7.46171753e+02, 7.31579590e+02, 5.76950867e+02,
    7.30622620e+02, 6.04943726e+02, 7.29657349e+02, 6.32849426e+02,
    7.28666016e+02, 6.60897278e+02, 7.27718567e+02, 6.88874207e+02,
    7.26682312e+02, 7.17296875e+02, 7.25421204e+02, 7.45443970e+02,
    7.03355957e+02, 5.76244446e+02, 7.02461487e+02, 6.04146912e+02,
    7.01567505e+02, 6.32176331e+02, 7.00621521e+02, 6.60295898e+02,
    6.99555603e+02, 6.88242126e+02, 6.98366455e+02, 7.16500305e+02,
    6.97144714e+02, 7.44850830e+02 ]
