%YAML:1.0
---
points: [ 2.73308716e+02, 3.30098694e+02, 2.61658569e+02, 3.45573029e+02,
    2.50273590e+02, 3.60741241e+02, 2.39108002e+02, 3.75515656e+02,
    2.28286850e+02, 3.89937256e+02, 2.17656296e+02, 4.03621399e+02,
    2.07372650e+02, 4.17343262e+02, 2.55772659e+02, 3.18053894e+02,
    2.44349670e+02, 3.33724854e+02, 2.33213654e+02, 3.49028503e+02,
    2.22234329e+02, 3.63996185e+02, 2.11632019e+02, 3.78467377e+02,
    2.01239960e+02, 3.92737305e+02, 1.91060928e+02, 4.06345581e+02,
    2.38332596e+02, 3.06022797e+02, 2.27102417e+02, 3.21909302e+02,
    2.16174011e+02, 3.37305603e+02, 2.05380783e+02, 3.52531616e+02,
    1.94960693e+02, 3.67208679e+02, 1.84684509e+02, 3.81549744e+02,
    1.74728455e+02, 3.95660156e+02, 2.20964325e+02, 2.94072906e+02,
    2.09988480e+02, 3.10062042e+02, 1.99186249e+02, 3.25718506e+02,
    1.88522034e+02, 3.41078705e+02, 1.78276459e+02, 3.55956757e+02,
    1.68205139e+02, 3.70479797e+02, 1.58339752e+02, 3.84618530e+02,
    2.03512100e+02, 2.82365692e+02, 1.92687790e+02, 2.98432220e+02,
    1.82169388e+02, 3.14174652e+02, 1.71689468e+02, 3.29625092e+02,
    1.61587936e+02, 3.44655853e+02, 1.51706833e+02, 3.59381836e+02,
    1.42125595e+02, 3.73751038e+02, 1.86025009e+02, 2.70580475e+02,
    1.75360825e+02, 2.86876617e+02, 1.64987366e+02, 3.02705750e+02,
    1.54734406e+02, 3.18327942e+02, 1.44802261e+02, 3.33443878e+02,
    1.35108734e+02, 3.48328979e+02, 1.25565132e+02, 3.63042450e+02,
    1.68468781e+02, 2.58920471e+02, 1.58050507e+02, 2.75250519e+02,
    1.47787109e+02, 2.91280914e+02, 1.37754868e+02, 3.06943451e+02,
    1.28064880e+02, 3.22304047e+02, 1.18444481e+02, 3.37269104e+02,
    1.09155861e+02, 3.51920349e+02, 1.50881760e+02, 2.47131943e+02,
    1.40614532e+02, 2.63627136e+02, 1.30605225e+02, 2.79812683e+02,
    1.20813042e+02, 2.95577637e+02, 1.11293839e+02, 3.11102631e+02,
    1.01972458e+02, 3.26155701e+02, 9.29552612e+01, 3.40860016e+02,
    1.33127747e+02, 2.35340729e+02, 1.23132355e+02, 2.52050201e+02,
    1.13304382e+02, 2.68286926e+02, 1.03780548e+02, 2.84278564e+02,
    9.43951492e+01, 2.99829926e+02, 8.55001144e+01, 3.15036011e+02,
    7.66314011e+01, 3.29822327e+02 ]
