%YAML:1.0
---
points: [ 1.92965591e+02, 2.15619858e+02, 2.06329620e+02, 2.22538635e+02,
    2.19470642e+02, 2.29314468e+02, 2.32507965e+02, 2.36142609e+02,
    2.45393982e+02, 2.42827316e+02, 2.58237885e+02, 2.49648712e+02,
    2.70871735e+02, 2.56449799e+02, 1.87607025e+02, 2.26275726e+02,
    2.00705582e+02, 2.32991364e+02, 2.13659363e+02, 2.39585327e+02,
    2.26418732e+02, 2.46215958e+02, 2.39117966e+02, 2.52729156e+02,
    2.51684219e+02, 2.59370789e+02, 2.64140137e+02, 2.65967926e+02,
    1.82395813e+02, 2.36463943e+02, 1.95256226e+02, 2.42992813e+02,
    2.07988663e+02, 2.49429657e+02, 2.20596176e+02, 2.55888779e+02,
    2.33080673e+02, 2.62285187e+02, 2.45430405e+02, 2.68806610e+02,
    2.57616882e+02, 2.75341949e+02, 1.77454346e+02, 2.46252136e+02,
    1.90069717e+02, 2.52600388e+02, 2.02592102e+02, 2.58939972e+02,
    2.14998062e+02, 2.65304962e+02, 2.27230194e+02, 2.71555298e+02,
    2.39335266e+02, 2.77798340e+02, 2.51417755e+02, 2.84235840e+02,
    1.72599106e+02, 2.55749969e+02, 1.85008881e+02, 2.61979706e+02,
    1.97296814e+02, 2.68105133e+02, 2.09532043e+02, 2.74289917e+02,
    2.21597916e+02, 2.80389313e+02, 2.33498383e+02, 2.86672974e+02,
    2.45303818e+02, 2.93007324e+02, 1.67914185e+02, 2.65019592e+02,
    1.80129059e+02, 2.71072998e+02, 1.92235931e+02, 2.77061432e+02,
    2.04227081e+02, 2.83135193e+02, 2.16055801e+02, 2.89146667e+02,
    2.27823334e+02, 2.95247131e+02, 2.39518417e+02, 3.01463409e+02,
    1.63385986e+02, 2.73899475e+02, 1.75395081e+02, 2.79886536e+02,
    1.87319916e+02, 2.85785187e+02, 1.99106506e+02, 2.91735168e+02,
    2.10762924e+02, 2.97612823e+02, 2.22307144e+02, 3.03569794e+02,
    2.33773651e+02, 3.09674988e+02, 1.59013763e+02, 2.82539307e+02,
    1.70880646e+02, 2.88297852e+02, 1.82617981e+02, 2.94087341e+02,
    1.94205719e+02, 2.99824341e+02, 2.05673981e+02, 3.05661041e+02,
    2.17025269e+02, 3.11512268e+02, 2.28330246e+02, 3.17451813e+02,
    1.54748978e+02, 2.90841583e+02, 1.66463211e+02, 2.96530060e+02,
    1.77995758e+02, 3.02187927e+02, 1.89429260e+02, 3.07832123e+02,
    2.00717621e+02, 3.13483734e+02, 2.11968277e+02, 3.19235596e+02,
    2.22994522e+02, 3.25065765e+02 ]
