%YAML:1.0
---
points: [ 6.71777893e+02, 5.40312439e+02, 7.11770874e+02, 5.60706055e+02,
    7.51340698e+02, 5.80879700e+02, 7.90322632e+02, 6.01030273e+02,
    8.28881287e+02, 6.20868958e+02, 8.67112061e+02, 6.40843994e+02,
    9.04817749e+02, 6.60752563e+02, 6.57585999e+02, 5.71948303e+02,
    6.96832153e+02, 5.91608521e+02, 7.35678711e+02, 6.11257507e+02,
    7.74127380e+02, 6.30781860e+02, 8.11908752e+02, 6.50220703e+02,
    8.49505371e+02, 6.69595215e+02, 8.86560059e+02, 6.89266113e+02,
    6.43892273e+02, 6.02023132e+02, 6.82535461e+02, 6.21463684e+02,
    7.20621216e+02, 6.40552368e+02, 7.58445496e+02, 6.59588135e+02,
    7.95626770e+02, 6.78438110e+02, 8.32452881e+02, 6.97529053e+02,
    8.68994507e+02, 7.16653442e+02, 6.30921082e+02, 6.31166626e+02,
    6.68673889e+02, 6.49832642e+02, 7.06304199e+02, 6.68636963e+02,
    7.43395874e+02, 6.87263794e+02, 7.79889587e+02, 7.05622620e+02,
    8.16251038e+02, 7.24376953e+02, 8.52015198e+02, 7.43112793e+02,
    6.18073486e+02, 6.59351440e+02, 6.55432983e+02, 6.77688171e+02,
    6.92358826e+02, 6.95713440e+02, 7.28758972e+02, 7.14155579e+02,
    7.64675720e+02, 7.32067017e+02, 8.00349243e+02, 7.50401489e+02,
    8.35508545e+02, 7.68849304e+02, 6.05582581e+02, 6.86739746e+02,
    6.42248169e+02, 7.04632996e+02, 6.78550659e+02, 7.22389038e+02,
    7.14464539e+02, 7.40293030e+02, 7.49779175e+02, 7.57851868e+02,
    7.84887756e+02, 7.75773499e+02, 8.19492920e+02, 7.94072266e+02,
    5.93614563e+02, 7.13185730e+02, 6.29685364e+02, 7.30691895e+02,
    6.65424011e+02, 7.47941711e+02, 7.00630737e+02, 7.65437683e+02,
    7.35520935e+02, 7.82714172e+02, 7.69947815e+02, 8.00352051e+02,
    8.04085754e+02, 8.18221924e+02, 5.82123657e+02, 7.38638000e+02,
    6.17556274e+02, 7.55609741e+02, 6.52540405e+02, 7.72677734e+02,
    6.87522766e+02, 7.89550415e+02, 7.21647095e+02, 8.06635559e+02,
    7.55648743e+02, 8.23822327e+02, 7.89162415e+02, 8.41465942e+02,
    5.70736145e+02, 7.63415161e+02, 6.05634094e+02, 7.80108887e+02,
    6.40337769e+02, 7.96599060e+02, 6.74471619e+02, 8.13389648e+02,
    7.08282959e+02, 8.30010193e+02, 7.41603943e+02, 8.46889160e+02,
    7.74699463e+02, 8.64028015e+02 ]
