%YAML:1.0
---
points: [ 2.44188248e+02, 2.20523941e+02, 2.53356766e+02, 2.27150604e+02,
    2.62070831e+02, 2.33487122e+02, 2.70385345e+02, 2.39514999e+02,
    2.78425873e+02, 2.45368622e+02, 2.86018219e+02, 2.50887161e+02,
    2.93423340e+02, 2.56322784e+02, 2.34382416e+02, 2.31220901e+02,
    2.43776459e+02, 2.37629440e+02, 2.52698288e+02, 2.43643066e+02,
    2.61167969e+02, 2.49501724e+02, 2.69411102e+02, 2.55028366e+02,
    2.77231140e+02, 2.60348755e+02, 2.84832306e+02, 2.65642090e+02,
    2.24665192e+02, 2.41906479e+02, 2.34201736e+02, 2.48008759e+02,
    2.43352707e+02, 2.53788895e+02, 2.52076843e+02, 2.59385101e+02,
    2.60472992e+02, 2.64649841e+02, 2.68441589e+02, 2.69855469e+02,
    2.76313141e+02, 2.74850891e+02, 2.14980576e+02, 2.52435608e+02,
    2.24753174e+02, 2.58274963e+02, 2.34144775e+02, 2.63809479e+02,
    2.43058762e+02, 2.69210938e+02, 2.51591446e+02, 2.74228760e+02,
    2.59835785e+02, 2.79228088e+02, 2.67730743e+02, 2.84083466e+02,
    2.05443756e+02, 2.63043854e+02, 2.15447998e+02, 2.68608582e+02,
    2.24907333e+02, 2.73845581e+02, 2.34076843e+02, 2.78953857e+02,
    2.42763168e+02, 2.83820496e+02, 2.51208481e+02, 2.88633392e+02,
    2.59357605e+02, 2.93288208e+02, 1.95847885e+02, 2.73683075e+02,
    2.06132629e+02, 2.78872711e+02, 2.15874954e+02, 2.83912933e+02,
    2.25186829e+02, 2.88802032e+02, 2.34182846e+02, 2.93528137e+02,
    2.42728119e+02, 2.98070251e+02, 2.51042084e+02, 3.02656494e+02,
    1.86419617e+02, 2.84223938e+02, 1.96898132e+02, 2.89210449e+02,
    2.06814087e+02, 2.94004822e+02, 2.16278580e+02, 2.98691925e+02,
    2.25445129e+02, 3.03103027e+02, 2.34180374e+02, 3.07546356e+02,
    2.42662308e+02, 3.11791595e+02, 1.76957123e+02, 2.94674561e+02,
    1.87661362e+02, 2.99371552e+02, 1.97810135e+02, 3.03957062e+02,
    2.07535583e+02, 3.08330963e+02, 2.16778702e+02, 3.12628174e+02,
    2.25755112e+02, 3.16758606e+02, 2.34359100e+02, 3.20935364e+02,
    1.67724030e+02, 3.05084106e+02, 1.78534058e+02, 3.09599243e+02,
    1.88827972e+02, 3.13862244e+02, 1.98805344e+02, 3.18016022e+02,
    2.08211624e+02, 3.22016754e+02, 2.17306137e+02, 3.26093475e+02,
    2.26089462e+02, 3.30014038e+02 ]
