%YAML:1.0
---
points: [ 1.72544144e+02, 1.48590363e+02, 1.71814438e+02, 1.38735733e+02,
    1.71525375e+02, 1.28870026e+02, 1.70829361e+02, 1.19241241e+02,
    1.70371811e+02, 1.09412140e+02, 1.69743713e+02, 9.95892410e+01,
    1.69212616e+02, 8.96161346e+01, 1.81890701e+02, 1.48065674e+02,
    1.81635071e+02, 1.38621017e+02, 1.80865280e+02, 1.28704651e+02,
    1.80626617e+02, 1.18933670e+02, 1.79869598e+02, 1.09013527e+02,
    1.79551788e+02, 9.92698364e+01, 1.78826126e+02, 8.92393417e+01,
    1.91626511e+02, 1.47785324e+02, 1.90936783e+02, 1.38128555e+02,
    1.90662704e+02, 1.28614334e+02, 1.89940796e+02, 1.18630669e+02,
    1.89626480e+02, 1.08834885e+02, 1.88945251e+02, 9.88200989e+01,
    1.88657516e+02, 8.89382477e+01, 2.01040848e+02, 1.47671082e+02,
    2.00693878e+02, 1.37813980e+02, 2.00132950e+02, 1.28136856e+02,
    1.99719940e+02, 1.18474129e+02, 1.99159225e+02, 1.08572235e+02,
    1.98758774e+02, 9.87441864e+01, 1.98177902e+02, 8.86780548e+01,
    2.10660873e+02, 1.47416626e+02, 2.10124451e+02, 1.37709320e+02,
    2.09740036e+02, 1.27789291e+02, 2.09290359e+02, 1.18092903e+02,
    2.08793427e+02, 1.08211113e+02, 2.08349930e+02, 9.84119110e+01,
    2.07790421e+02, 8.83519592e+01, 2.20003769e+02, 1.46935089e+02,
    2.19741562e+02, 1.37485855e+02, 2.19253433e+02, 1.27652794e+02,
    2.18757797e+02, 1.17786812e+02, 2.18464432e+02, 1.07868309e+02,
    2.17824448e+02, 9.78974457e+01, 2.17615662e+02, 8.80444336e+01,
    2.29616821e+02, 1.46704300e+02, 2.29068817e+02, 1.37037537e+02,
    2.28779175e+02, 1.27366592e+02, 2.28448135e+02, 1.17572113e+02,
    2.27878220e+02, 1.07709808e+02, 2.27657913e+02, 9.76779404e+01,
    2.27039581e+02, 8.77804947e+01, 2.38899307e+02, 1.46428970e+02,
    2.38781906e+02, 1.36672897e+02, 2.38328232e+02, 1.26978897e+02,
    2.37777100e+02, 1.17185905e+02, 2.37636398e+02, 1.07291077e+02,
    2.37046051e+02, 9.73949051e+01, 2.36737991e+02, 8.74477234e+01,
    2.48588074e+02, 1.46122360e+02, 2.48053894e+02, 1.36415253e+02,
    2.47807434e+02, 1.26683311e+02, 2.47597473e+02, 1.16825089e+02,
    2.46977997e+02, 1.06889969e+02, 2.46767944e+02, 9.69695282e+01,
    2.46520828e+02, 8.69371948e+01 ]
