%YAML:1.0
---
points: [ 9.22219360e+02, 3.51309021e+02, 9.21528442e+02, 3.79416809e+02,
    9.20795166e+02, 4.07288086e+02, 9.20233765e+02, 4.35168152e+02,
    9.19563477e+02, 4.62958221e+02, 9.18835327e+02, 4.90944183e+02,
    9.18398254e+02, 5.18829468e+02, 8.94287476e+02, 3.50633362e+02,
    8.93607422e+02, 3.78650574e+02, 8.93071899e+02, 4.06609009e+02,
    8.92449768e+02, 4.34543030e+02, 8.91758423e+02, 4.62394043e+02,
    8.91306885e+02, 4.90354462e+02, 8.90533081e+02, 5.18334961e+02,
    8.66443237e+02, 3.50108643e+02, 8.65826599e+02, 3.77938599e+02,
    8.65323914e+02, 4.06083588e+02, 8.64754700e+02, 4.33791901e+02,
    8.64167847e+02, 4.61726685e+02, 8.63422424e+02, 4.89587646e+02,
    8.62683289e+02, 5.17613464e+02, 8.38606323e+02, 3.49454132e+02,
    8.38189575e+02, 3.77299469e+02, 8.37549072e+02, 4.05390533e+02,
    8.36914490e+02, 4.33252472e+02, 8.36339844e+02, 4.61122528e+02,
    8.35599243e+02, 4.88910095e+02, 8.34801270e+02, 5.16966064e+02,
    8.10782898e+02, 3.48762115e+02, 8.10299988e+02, 3.76586578e+02,
    8.09618774e+02, 4.04574677e+02, 8.09094971e+02, 4.32614319e+02,
    8.08449524e+02, 4.60384399e+02, 8.07729065e+02, 4.88359467e+02,
    8.07069458e+02, 5.16282288e+02, 7.82719910e+02, 3.47899170e+02,
    7.82307983e+02, 3.75896942e+02, 7.81715637e+02, 4.03818359e+02,
    7.81211060e+02, 4.31826904e+02, 7.80556213e+02, 4.59618622e+02,
    7.79805298e+02, 4.87576996e+02, 7.79172852e+02, 5.15552917e+02,
    7.54797058e+02, 3.47146454e+02, 7.54262207e+02, 3.75279083e+02,
    7.53704285e+02, 4.03183960e+02, 7.53187988e+02, 4.31088409e+02,
    7.52560242e+02, 4.58978668e+02, 7.51777832e+02, 4.86925964e+02,
    7.50915527e+02, 5.14799744e+02, 7.26861023e+02, 3.46335907e+02,
    7.26401978e+02, 3.74444153e+02, 7.25751892e+02, 4.02493866e+02,
    7.25204529e+02, 4.30350067e+02, 7.24439331e+02, 4.58364105e+02,
    7.23647644e+02, 4.86275757e+02, 7.22951660e+02, 5.14226990e+02,
    6.98561584e+02, 3.45495972e+02, 6.98173828e+02, 3.73523132e+02,
    6.97515381e+02, 4.01617981e+02, 6.96938171e+02, 4.29559235e+02,
    6.96440735e+02, 4.57502380e+02, 6.95598206e+02, 4.85548065e+02,
    6.94704712e+02, 5.13518127e+02 ]
