%YAML:1.0
---
points: [ 8.24132141e+02, 5.55301880e+02, 8.53281616e+02, 5.74819519e+02,
    8.81227783e+02, 5.93536743e+02, 9.07852844e+02, 6.11361694e+02,
    9.33300476e+02, 6.28459106e+02, 9.57613892e+02, 6.44777954e+02,
    9.81146729e+02, 6.60698914e+02, 7.95417786e+02, 5.87144104e+02,
    8.25324463e+02, 6.05713501e+02, 8.53774292e+02, 6.23549377e+02,
    8.81079712e+02, 6.40693848e+02, 9.06881531e+02, 6.56944519e+02,
    9.31952820e+02, 6.72755371e+02, 9.55935791e+02, 6.88208496e+02,
    7.66924072e+02, 6.18587036e+02, 7.97548523e+02, 6.36516846e+02,
    8.26605591e+02, 6.53454041e+02, 8.54447449e+02, 6.69869446e+02,
    8.80978943e+02, 6.85490051e+02, 9.06393311e+02, 7.00652100e+02,
    9.30918213e+02, 7.15495483e+02, 7.38554016e+02, 6.49696716e+02,
    7.69929688e+02, 6.66863037e+02, 7.99645813e+02, 6.83303528e+02,
    8.28057434e+02, 6.98832336e+02, 8.55098755e+02, 7.13820068e+02,
    8.81097717e+02, 7.28380188e+02, 9.06140625e+02, 7.42597961e+02,
    7.10560730e+02, 6.81087158e+02, 7.42383545e+02, 6.97375183e+02,
    7.72747986e+02, 7.12836670e+02, 8.01756165e+02, 7.27804565e+02,
    8.29364563e+02, 7.42215393e+02, 8.55809204e+02, 7.56300232e+02,
    8.81526245e+02, 7.69865784e+02, 6.82586365e+02, 7.12499695e+02,
    7.15104614e+02, 7.27898560e+02, 7.46131897e+02, 7.42721191e+02,
    7.75734192e+02, 7.57117188e+02, 8.03766479e+02, 7.70689209e+02,
    8.30964966e+02, 7.84176514e+02, 8.56978699e+02, 7.97409363e+02,
    6.54938232e+02, 7.43602112e+02, 6.87905640e+02, 7.58405762e+02,
    7.19459412e+02, 7.72502625e+02, 7.49614624e+02, 7.86068970e+02,
    7.78375793e+02, 7.99081604e+02, 8.05931885e+02, 8.11926147e+02,
    8.32584351e+02, 8.24595642e+02, 6.27149109e+02, 7.74561462e+02,
    6.60934265e+02, 7.88528564e+02, 6.92940063e+02, 8.01988647e+02,
    7.23763245e+02, 8.14688110e+02, 7.52873474e+02, 8.27293823e+02,
    7.81215881e+02, 8.39489990e+02, 8.08145447e+02, 8.51650757e+02,
    5.99577759e+02, 8.05664734e+02, 6.33816406e+02, 8.18866516e+02,
    6.66658508e+02, 8.31413391e+02, 6.97861511e+02, 8.43563843e+02,
    7.27696838e+02, 8.55477234e+02, 7.56276062e+02, 8.67176025e+02,
    7.83910217e+02, 8.78584961e+02 ]
