%YAML:1.0
---
points: [ 9.04467651e+02, 1.06960175e+02, 9.02466003e+02, 1.36556015e+02,
    9.00695679e+02, 1.66196243e+02, 8.98644409e+02, 1.95572067e+02,
    8.96929993e+02, 2.24562714e+02, 8.95195435e+02, 2.53679337e+02,
    8.93194824e+02, 2.82410522e+02, 8.76014038e+02, 1.04729347e+02,
    8.74283142e+02, 1.34516296e+02, 8.72418762e+02, 1.64169861e+02,
    8.70539795e+02, 1.93395111e+02, 8.68795715e+02, 2.22653732e+02,
    8.66977600e+02, 2.51455597e+02, 8.65234924e+02, 2.80351135e+02,
    8.47689148e+02, 1.02612389e+02, 8.45682922e+02, 1.32406754e+02,
    8.44168335e+02, 1.61825897e+02, 8.42489624e+02, 1.91368683e+02,
    8.40705933e+02, 2.20372482e+02, 8.38844116e+02, 2.49444305e+02,
    8.37298645e+02, 2.78163452e+02, 8.19203857e+02, 1.00618423e+02,
    8.17564575e+02, 1.30197250e+02, 8.15940979e+02, 1.59824066e+02,
    8.14256348e+02, 1.89222809e+02, 8.12573853e+02, 2.18275665e+02,
    8.11033691e+02, 2.47315689e+02, 8.09369080e+02, 2.76035461e+02,
    7.90686768e+02, 9.82928314e+01, 7.89253723e+02, 1.28048553e+02,
    7.87525452e+02, 1.57515701e+02, 7.85976624e+02, 1.86968857e+02,
    7.84529602e+02, 2.16117004e+02, 7.82663940e+02, 2.45076736e+02,
    7.81227478e+02, 2.73696259e+02, 7.62110352e+02, 9.60538864e+01,
    7.60544556e+02, 1.25598221e+02, 7.59184570e+02, 1.55288116e+02,
    7.57668945e+02, 1.84645584e+02, 7.56185669e+02, 2.13741669e+02,
    7.54614685e+02, 2.42694717e+02, 7.53117554e+02, 2.71454041e+02,
    7.33524963e+02, 9.36869049e+01, 7.32275330e+02, 1.23471687e+02,
    7.30681824e+02, 1.52978241e+02, 7.29261719e+02, 1.82404877e+02,
    7.27840759e+02, 2.11480896e+02, 7.26486816e+02, 2.40332840e+02,
    7.24765747e+02, 2.69238159e+02, 7.04915283e+02, 9.16004791e+01,
    7.03548828e+02, 1.21157494e+02, 7.02244202e+02, 1.50612686e+02,
    7.00967590e+02, 1.80242859e+02, 6.99527344e+02, 2.09173157e+02,
    6.98128357e+02, 2.38293701e+02, 6.96586121e+02, 2.66803101e+02,
    6.76258118e+02, 8.91208878e+01, 6.74915161e+02, 1.18811363e+02,
    6.73691162e+02, 1.48354904e+02, 6.72383301e+02, 1.77663010e+02,
    6.71087952e+02, 2.06825607e+02, 6.69654968e+02, 2.35743973e+02,
    6.68336365e+02, 2.64612732e+02 ]
