%YAML:1.0
---
points: [ 2.09000961e+02, 2.02709900e+02, 2.17795776e+02, 2.08313141e+02,
    2.26813370e+02, 2.14142929e+02, 2.36184601e+02, 2.20105362e+02,
    2.45786301e+02, 2.26312576e+02, 2.55747772e+02, 2.32674789e+02,
    2.66117920e+02, 2.39277588e+02, 2.01753815e+02, 2.12816269e+02,
    2.10443466e+02, 2.18623779e+02, 2.19428284e+02, 2.24617813e+02,
    2.28699860e+02, 2.30826965e+02, 2.38384583e+02, 2.37153870e+02,
    2.48101883e+02, 2.43719162e+02, 2.58320160e+02, 2.50514084e+02,
    1.94421173e+02, 2.22927673e+02, 2.03023651e+02, 2.28910553e+02,
    2.11951782e+02, 2.35094543e+02, 2.21203751e+02, 2.41471130e+02,
    2.30675552e+02, 2.48038681e+02, 2.40426041e+02, 2.54879196e+02,
    2.50452393e+02, 2.61910278e+02, 1.87067139e+02, 2.33140839e+02,
    1.95644638e+02, 2.39312378e+02, 2.04445496e+02, 2.45713959e+02,
    2.13579529e+02, 2.52318176e+02, 2.22943604e+02, 2.59123260e+02,
    2.32595276e+02, 2.66092072e+02, 2.42626495e+02, 2.73421417e+02,
    1.79531281e+02, 2.43432953e+02, 1.88038498e+02, 2.49823929e+02,
    1.96779526e+02, 2.56406036e+02, 2.05836304e+02, 2.63175751e+02,
    2.15111328e+02, 2.70286652e+02, 2.24664230e+02, 2.77573029e+02,
    2.34537735e+02, 2.85033081e+02, 1.71864929e+02, 2.53879318e+02,
    1.80323715e+02, 2.60425812e+02, 1.89019363e+02, 2.67187164e+02,
    1.97870880e+02, 2.74246307e+02, 2.07148026e+02, 2.81486786e+02,
    2.16597137e+02, 2.89030365e+02, 2.26292984e+02, 2.96783630e+02,
    1.64176498e+02, 2.64376221e+02, 1.72486389e+02, 2.71167969e+02,
    1.81073685e+02, 2.78241272e+02, 1.89965683e+02, 2.85453430e+02,
    1.99003342e+02, 2.92958282e+02, 2.08375885e+02, 3.00741211e+02,
    2.18031754e+02, 3.08700989e+02, 1.56376984e+02, 2.75003204e+02,
    1.64678726e+02, 2.82001709e+02, 1.73115692e+02, 2.89205475e+02,
    1.81957260e+02, 2.96728333e+02, 1.90851135e+02, 3.04437408e+02,
    2.00200684e+02, 3.12469360e+02, 2.09732544e+02, 3.20762024e+02,
    1.48478943e+02, 2.85771606e+02, 1.56645676e+02, 2.92948608e+02,
    1.65048706e+02, 3.00427582e+02, 1.73760651e+02, 3.08120636e+02,
    1.82623535e+02, 3.16104950e+02, 1.91833160e+02, 3.24430664e+02,
    2.01204941e+02, 3.33004974e+02 ]
