%YAML:1.0
---
points: [ 2.30313171e+02, 1.65325150e+02, 2.20826172e+02, 1.66157043e+02,
    2.11426559e+02, 1.67157867e+02, 2.01912277e+02, 1.68064545e+02,
    1.92544830e+02, 1.69059189e+02, 1.83072754e+02, 1.69854828e+02,
    1.73608459e+02, 1.70798203e+02, 2.29410095e+02, 1.55730804e+02,
    2.19942154e+02, 1.56658295e+02, 2.10574799e+02, 1.57668640e+02,
    2.01029205e+02, 1.58556885e+02, 1.91610184e+02, 1.59606598e+02,
    1.82147278e+02, 1.60468979e+02, 1.72673538e+02, 1.61383850e+02,
    2.28550949e+02, 1.46212433e+02, 2.18978104e+02, 1.47080475e+02,
    2.09558334e+02, 1.48086639e+02, 2.00019180e+02, 1.49087646e+02,
    1.90653641e+02, 1.49993423e+02, 1.81156815e+02, 1.50929611e+02,
    1.71630707e+02, 1.51777252e+02, 2.27603149e+02, 1.36571411e+02,
    2.18036850e+02, 1.37620102e+02, 2.08671524e+02, 1.38491364e+02,
    1.99108597e+02, 1.39501221e+02, 1.89668579e+02, 1.40518524e+02,
    1.80199356e+02, 1.41451965e+02, 1.70660751e+02, 1.42442551e+02,
    2.26651321e+02, 1.26952385e+02, 2.17070999e+02, 1.27872955e+02,
    2.07673508e+02, 1.28919937e+02, 1.98166229e+02, 1.29917511e+02,
    1.88710068e+02, 1.30957901e+02, 1.79156891e+02, 1.31853516e+02,
    1.69686798e+02, 1.32706879e+02, 2.25671997e+02, 1.17289421e+02,
    2.16167603e+02, 1.18420151e+02, 2.06720642e+02, 1.19292305e+02,
    1.97203186e+02, 1.20364029e+02, 1.87756516e+02, 1.21298233e+02,
    1.78166000e+02, 1.22260521e+02, 1.68644699e+02, 1.23301453e+02,
    2.24686401e+02, 1.07687904e+02, 2.15136459e+02, 1.08606361e+02,
    2.05727753e+02, 1.09698441e+02, 1.96176254e+02, 1.10673386e+02,
    1.86697769e+02, 1.11697647e+02, 1.77139786e+02, 1.12669113e+02,
    1.67650742e+02, 1.13608574e+02, 2.23766724e+02, 9.79016190e+01,
    2.14207916e+02, 9.90826569e+01, 2.04683304e+02, 1.00093254e+02,
    1.95202347e+02, 1.01176277e+02, 1.85718536e+02, 1.02150352e+02,
    1.76195572e+02, 1.02952118e+02, 1.66674286e+02, 1.04027901e+02,
    2.22798172e+02, 8.82472305e+01, 2.13232285e+02, 8.93625031e+01,
    2.03754974e+02, 9.03882751e+01, 1.94193832e+02, 9.15430145e+01,
    1.84756638e+02, 9.24977570e+01, 1.75188049e+02, 9.34215698e+01,
    1.65690872e+02, 9.43984451e+01 ]
