%YAML:1.0
---
points: [ 7.34823547e+02, 5.02500153e+02, 7.59644104e+02, 5.19167908e+02,
    7.85201660e+02, 5.36293091e+02, 8.11568848e+02, 5.53993286e+02,
    8.38591736e+02, 5.72175781e+02, 8.66671143e+02, 5.90926453e+02,
    8.95546875e+02, 6.10419128e+02, 7.12972778e+02, 5.32191650e+02,
    7.37582031e+02, 5.49358643e+02, 7.62984680e+02, 5.67190308e+02,
    7.89061829e+02, 5.85362610e+02, 8.16000366e+02, 6.04253601e+02,
    8.43685364e+02, 6.23526611e+02, 8.72315796e+02, 6.43617798e+02,
    6.90945801e+02, 5.62204712e+02, 7.15357056e+02, 5.79823792e+02,
    7.40449463e+02, 5.98188660e+02, 7.66292542e+02, 6.16998779e+02,
    7.92958557e+02, 6.36390625e+02, 8.20450073e+02, 6.56563293e+02,
    8.48632263e+02, 6.77254089e+02, 6.68884888e+02, 5.92573364e+02,
    6.92843994e+02, 6.10613220e+02, 7.17725342e+02, 6.29523376e+02,
    7.43426453e+02, 6.48998962e+02, 7.69703125e+02, 6.69024597e+02,
    7.96911987e+02, 6.89777710e+02, 8.24810059e+02, 7.11237061e+02,
    6.46158936e+02, 6.22864685e+02, 6.70058411e+02, 6.41803223e+02,
    6.94665100e+02, 6.61258972e+02, 7.20049255e+02, 6.81340149e+02,
    7.46129517e+02, 7.02029236e+02, 7.72917908e+02, 7.23472412e+02,
    8.00537964e+02, 7.45638306e+02, 6.23033447e+02, 6.53687256e+02,
    6.46651550e+02, 6.73125244e+02, 6.71034302e+02, 6.93252136e+02,
    6.96147522e+02, 7.13966125e+02, 7.21831299e+02, 7.35416138e+02,
    7.48401184e+02, 7.57569031e+02, 7.75631165e+02, 7.80472778e+02,
    5.99669434e+02, 6.84878052e+02, 6.23047241e+02, 7.04915405e+02,
    6.47159729e+02, 7.25636902e+02, 6.71970459e+02, 7.47086304e+02,
    6.97497009e+02, 7.69123291e+02, 7.23656189e+02, 7.92062378e+02,
    7.50556824e+02, 8.15737366e+02, 5.76148193e+02, 7.16358215e+02,
    5.99292236e+02, 7.37094666e+02, 6.23037109e+02, 7.58364929e+02,
    6.47638245e+02, 7.80564758e+02, 6.72740234e+02, 8.03419128e+02,
    6.98704529e+02, 8.27038452e+02, 7.25273376e+02, 8.51616028e+02,
    5.52063904e+02, 7.48248779e+02, 5.74859558e+02, 7.69554565e+02,
    5.98511169e+02, 7.91588989e+02, 6.22754395e+02, 8.14542603e+02,
    6.47640625e+02, 8.37986511e+02, 6.73326294e+02, 8.62541931e+02,
    6.99506958e+02, 8.87931641e+02 ]
