%YAML:1.0
---
points: [ 2.98907745e+02, 7.65745010e+01, 2.98765198e+02, 8.64074783e+01,
    2.98696411e+02, 9.61959229e+01, 2.98443848e+02, 1.06178818e+02,
    2.98136841e+02, 1.15883644e+02, 2.97844879e+02, 1.25761696e+02,
    2.97751038e+02, 1.35544220e+02, 2.89531921e+02, 7.63391571e+01,
    2.89179626e+02, 8.63042984e+01, 2.88815704e+02, 9.61741409e+01,
    2.88761963e+02, 1.06042465e+02, 2.88687958e+02, 1.15924057e+02,
    2.88595703e+02, 1.25641373e+02, 2.88257874e+02, 1.35385986e+02,
    2.79751129e+02, 7.61913834e+01, 2.79686859e+02, 8.62017365e+01,
    2.79561035e+02, 9.61278458e+01, 2.79317566e+02, 1.05885292e+02,
    2.79029510e+02, 1.15887093e+02, 2.78800598e+02, 1.25586853e+02,
    2.78741119e+02, 1.35365509e+02, 2.70079407e+02, 7.61538925e+01,
    2.69894867e+02, 8.60423508e+01, 2.69765411e+02, 9.60095825e+01,
    2.69728638e+02, 1.05864532e+02, 2.69665039e+02, 1.15742699e+02,
    2.69626709e+02, 1.25558144e+02, 2.69370575e+02, 1.35302261e+02,
    2.60642670e+02, 7.59675751e+01, 2.60496490e+02, 8.59268265e+01,
    2.60339722e+02, 9.58845367e+01, 2.60179626e+02, 1.05860405e+02,
    2.59921326e+02, 1.15640190e+02, 2.59801666e+02, 1.25467278e+02,
    2.59817993e+02, 1.35171204e+02, 2.50782074e+02, 7.59358902e+01,
    2.50794495e+02, 8.58398438e+01, 2.50742569e+02, 9.57623978e+01,
    2.50707336e+02, 1.05732460e+02, 2.50704666e+02, 1.15533737e+02,
    2.50650528e+02, 1.25322433e+02, 2.50501556e+02, 1.34963165e+02,
    2.41250397e+02, 7.58420258e+01, 2.41112335e+02, 8.58081818e+01,
    2.41022018e+02, 9.56833725e+01, 2.40921326e+02, 1.05663887e+02,
    2.40859116e+02, 1.15429077e+02, 2.40743805e+02, 1.25236198e+02,
    2.40805374e+02, 1.34828369e+02, 2.31732819e+02, 7.57508850e+01,
    2.31742386e+02, 8.57552795e+01, 2.31726151e+02, 9.55943375e+01,
    2.31695175e+02, 1.05653076e+02, 2.31649490e+02, 1.15277344e+02,
    2.31654221e+02, 1.24978714e+02, 2.31583160e+02, 1.34770721e+02,
    2.21843002e+02, 7.55945816e+01, 2.21855499e+02, 8.56295853e+01,
    2.21826401e+02, 9.54586411e+01, 2.21825653e+02, 1.05420425e+02,
    2.21844315e+02, 1.15074898e+02, 2.21846252e+02, 1.24899498e+02,
    2.21826614e+02, 1.34692627e+02 ]
