%YAML:1.0
---
points: [ 2.04101868e+02, 1.97086899e+02, 2.13910614e+02, 2.04169159e+02,
    2.23709564e+02, 2.11483536e+02, 2.33501328e+02, 2.18827332e+02,
    2.43147018e+02, 2.25873001e+02, 2.52913254e+02, 2.33214523e+02,
    2.62656403e+02, 2.40501816e+02, 1.96936859e+02, 2.06765320e+02,
    2.06654480e+02, 2.13990814e+02, 2.16527237e+02, 2.21217926e+02,
    2.26288528e+02, 2.28452881e+02, 2.36027100e+02, 2.35614365e+02,
    2.45750504e+02, 2.42688553e+02, 2.55531265e+02, 2.50003159e+02,
    1.89753723e+02, 2.16392105e+02, 1.99562836e+02, 2.23629135e+02,
    2.09374588e+02, 2.30853058e+02, 2.19164200e+02, 2.38094254e+02,
    2.28885941e+02, 2.45207626e+02, 2.38573563e+02, 2.52484955e+02,
    2.48272125e+02, 2.59737061e+02, 1.82624542e+02, 2.26103241e+02,
    1.92491669e+02, 2.33296646e+02, 2.02243057e+02, 2.40516815e+02,
    2.11988495e+02, 2.47731781e+02, 2.21719772e+02, 2.54862213e+02,
    2.31434769e+02, 2.62005951e+02, 2.41126007e+02, 2.69283783e+02,
    1.75499649e+02, 2.35778610e+02, 1.85314590e+02, 2.42954758e+02,
    1.95084793e+02, 2.50121674e+02, 2.04877335e+02, 2.57287079e+02,
    2.14569138e+02, 2.64445984e+02, 2.24261581e+02, 2.71675995e+02,
    2.33974548e+02, 2.78983612e+02, 1.68340027e+02, 2.45497223e+02,
    1.78156830e+02, 2.52609146e+02, 1.87946228e+02, 2.59746307e+02,
    1.97702271e+02, 2.66884644e+02, 2.07411942e+02, 2.74008301e+02,
    2.17145142e+02, 2.81314911e+02, 2.26859833e+02, 2.88519135e+02,
    1.61173950e+02, 2.55113602e+02, 1.70992706e+02, 2.62324341e+02,
    1.80784210e+02, 2.69457794e+02, 1.90541855e+02, 2.76629456e+02,
    2.00232132e+02, 2.83750244e+02, 2.09909698e+02, 2.90979492e+02,
    2.19602676e+02, 2.98272369e+02, 1.54011932e+02, 2.64820831e+02,
    1.63875046e+02, 2.71941528e+02, 1.73666916e+02, 2.79040405e+02,
    1.83432144e+02, 2.86194214e+02, 1.93087708e+02, 2.93355560e+02,
    2.02818069e+02, 3.00537537e+02, 2.12474762e+02, 3.07797516e+02,
    1.46894547e+02, 2.74422333e+02, 1.56709686e+02, 2.81587860e+02,
    1.66478485e+02, 2.88712006e+02, 1.76237289e+02, 2.95826355e+02,
    1.85963791e+02, 3.02988525e+02, 1.95582657e+02, 3.10209839e+02,
    2.05267883e+02, 3.17578156e+02 ]
