%YAML:1.0
---
points: [ 7.21517395e+02, 4.85759796e+02, 7.50648499e+02, 5.07296753e+02,
    7.79714783e+02, 5.28650574e+02, 8.08698120e+02, 5.50037476e+02,
    8.37474548e+02, 5.71319885e+02, 8.66436279e+02, 5.92658325e+02,
    8.95173584e+02, 6.13920837e+02, 7.00436523e+02, 5.14599548e+02,
    7.29661133e+02, 5.35898926e+02, 7.58632141e+02, 5.57335266e+02,
    7.87658081e+02, 5.78542114e+02, 8.16503723e+02, 5.99850830e+02,
    8.45305115e+02, 6.21072266e+02, 8.73956970e+02, 6.42390198e+02,
    6.79410034e+02, 5.43389954e+02, 7.08510620e+02, 5.64531128e+02,
    7.37565369e+02, 5.85840759e+02, 7.66585815e+02, 6.07144470e+02,
    7.95407227e+02, 6.28256348e+02, 8.24177490e+02, 6.49492249e+02,
    8.52772095e+02, 6.70734863e+02, 6.58443542e+02, 5.71921692e+02,
    6.87588135e+02, 5.93106628e+02, 7.16539612e+02, 6.14390930e+02,
    7.45649719e+02, 6.35494934e+02, 7.74405884e+02, 6.56612610e+02,
    8.03205017e+02, 6.77791321e+02, 8.31695007e+02, 6.99159485e+02,
    6.37265625e+02, 6.00520630e+02, 6.66417175e+02, 6.21610291e+02,
    6.95505127e+02, 6.42794067e+02, 7.24473328e+02, 6.63937256e+02,
    7.53312439e+02, 6.84986694e+02, 7.81950134e+02, 7.06278992e+02,
    8.10475708e+02, 7.27557373e+02, 6.16057373e+02, 6.29178467e+02,
    6.45335510e+02, 6.50248535e+02, 6.74301697e+02, 6.71388855e+02,
    7.03439026e+02, 6.92465698e+02, 7.32011353e+02, 7.13582886e+02,
    7.60732117e+02, 7.34746460e+02, 7.89329285e+02, 7.56148865e+02,
    5.94890198e+02, 6.57781128e+02, 6.24084045e+02, 6.78710571e+02,
    6.53249390e+02, 6.99791260e+02, 6.82119080e+02, 7.20954773e+02,
    7.10869507e+02, 7.41964233e+02, 7.39448425e+02, 7.63360352e+02,
    7.68025696e+02, 7.84666809e+02, 5.73683533e+02, 6.86375122e+02,
    6.02937744e+02, 7.07360107e+02, 6.31912292e+02, 7.28426270e+02,
    6.61012451e+02, 7.49402405e+02, 6.89610413e+02, 7.70612244e+02,
    7.18373108e+02, 7.91681091e+02, 7.46806335e+02, 8.13151733e+02,
    5.52490173e+02, 7.14947998e+02, 5.81636963e+02, 7.35922607e+02, 622.,
    763., 6.39682434e+02, 7.77998230e+02, 6.68432251e+02, 7.98966919e+02,
    6.97028015e+02, 8.20301697e+02, 7.25545715e+02, 8.41647644e+02 ]
