%YAML:1.0
---
points: [ 1.02842896e+03, 3.88799042e+02, 1.00061017e+03, 3.89022278e+02,
    9.72596680e+02, 3.89283081e+02, 9.44640869e+02, 3.89529755e+02,
    9.16789124e+02, 3.89777527e+02, 8.88790833e+02, 3.90007538e+02,
    8.60594543e+02, 3.90186584e+02, 1.02837183e+03, 3.60583679e+02,
    1.00048041e+03, 3.60870483e+02, 9.72473328e+02, 3.61179230e+02,
    9.44410950e+02, 3.61346100e+02, 9.16554382e+02, 3.61520966e+02,
    8.88417542e+02, 3.61682068e+02, 8.60207581e+02, 3.61835541e+02,
    1.02827930e+03, 3.32427856e+02, 1.00032428e+03, 3.32609070e+02,
    9.72276672e+02, 3.32904785e+02, 9.44194763e+02, 3.33247589e+02,
    9.16293701e+02, 3.33446716e+02, 8.88022278e+02, 3.33548096e+02,
    8.59744629e+02, 3.33602997e+02, 1.02813477e+03, 3.04049072e+02,
    1.00016632e+03, 3.04221039e+02, 9.72047485e+02, 3.04516968e+02,
    9.43919678e+02, 3.04792725e+02, 9.15899414e+02, 3.04977905e+02,
    8.87596558e+02, 3.05080200e+02, 8.59463196e+02, 3.05157715e+02,
    1.02802063e+03, 2.75538269e+02, 1.00001379e+03, 2.75748352e+02,
    9.71779602e+02, 2.76088776e+02, 9.43699341e+02, 2.76342377e+02,
    9.15562378e+02, 2.76474976e+02, 8.87221863e+02, 2.76521698e+02,
    8.58933899e+02, 2.76509705e+02, 1.02800098e+03, 2.46679077e+02,
    9.99804810e+02, 2.47034149e+02, 9.71645935e+02, 2.47276749e+02,
    9.43468933e+02, 2.47451050e+02, 9.15303162e+02, 2.47626740e+02,
    8.86795593e+02, 2.47661041e+02, 8.58538086e+02, 2.47616318e+02,
    1.02791150e+03, 2.17988342e+02, 9.99766724e+02, 2.18208878e+02,
    9.71403625e+02, 2.18376205e+02, 9.43200500e+02, 2.18515900e+02,
    9.14939636e+02, 2.18644501e+02, 8.86514771e+02, 2.18619080e+02,
    8.58159424e+02, 2.18523773e+02, 1.02786084e+03, 1.88885071e+02,
    9.99554138e+02, 1.89242325e+02, 9.71222412e+02, 1.89441528e+02,
    9.42844238e+02, 1.89590942e+02, 9.14564087e+02, 1.89649429e+02,
    8.86202820e+02, 1.89612106e+02, 8.57720520e+02, 1.89485031e+02,
    1.02781140e+03, 1.59739365e+02, 9.99484619e+02, 1.59995361e+02,
    9.71024597e+02, 1.60265472e+02, 9.42627441e+02, 1.60374069e+02,
    9.14239929e+02, 1.60408829e+02, 8.85719604e+02, 1.60382416e+02,
    8.57204163e+02, 1.60221313e+02 ]
