%YAML:1.0
---
points: [ 6.57890503e+02, 4.69834351e+02, 6.86170471e+02, 4.70571106e+02,
    7.14289978e+02, 4.71267029e+02, 7.42652527e+02, 4.71772247e+02,
    7.70664001e+02, 4.72322052e+02, 7.98837219e+02, 4.72938080e+02,
    8.26861694e+02, 4.73461212e+02, 6.57329895e+02, 4.97927124e+02,
    6.85684814e+02, 4.98426178e+02, 7.14029724e+02, 4.99068634e+02,
    7.42143005e+02, 4.99631073e+02, 7.70355164e+02, 5.00191223e+02,
    7.98194763e+02, 5.00871002e+02, 8.26398071e+02, 5.01376099e+02,
    6.56958130e+02, 5.25877930e+02, 6.85318848e+02, 5.26441528e+02,
    7.13409790e+02, 5.26984253e+02, 7.41707825e+02, 5.27594360e+02,
    7.69786621e+02, 5.28130981e+02, 7.97745667e+02, 5.28657654e+02,
    8.25906860e+02, 5.29206116e+02, 6.56495056e+02, 5.53892395e+02,
    6.84877380e+02, 5.54387390e+02, 7.13049072e+02, 5.54799133e+02,
    7.41186829e+02, 5.55391296e+02, 7.69425293e+02, 5.55866699e+02,
    7.97304443e+02, 5.56372131e+02, 8.25356812e+02, 5.56904358e+02,
    6.56036499e+02, 5.81648193e+02, 6.84410889e+02, 5.82241638e+02,
    7.12472778e+02, 5.82614258e+02, 7.40712463e+02, 5.83108032e+02,
    7.68894226e+02, 5.83636047e+02, 7.96741638e+02, 5.84174194e+02,
    8.24745422e+02, 5.84794006e+02, 6.55365540e+02, 6.09784363e+02,
    6.83776611e+02, 6.10152710e+02, 7.11810608e+02, 6.10658081e+02,
    7.40139343e+02, 6.11106079e+02, 7.68306335e+02, 6.11680908e+02,
    7.96188049e+02, 6.12183533e+02, 8.24184875e+02, 6.12648376e+02,
    6.54807312e+02, 6.37759949e+02, 6.83071594e+02, 6.38159851e+02,
    7.11422058e+02, 6.38573120e+02, 7.39476440e+02, 6.39064148e+02,
    7.67618042e+02, 6.39441223e+02, 7.95601196e+02, 6.39894592e+02,
    8.23502319e+02, 6.40453491e+02, 6.54302673e+02, 6.65794800e+02,
    6.82439331e+02, 6.66096802e+02, 7.10665771e+02, 6.66438110e+02,
    7.39007996e+02, 6.66719727e+02, 7.66904114e+02, 6.67248657e+02,
    7.95053589e+02, 6.67738892e+02, 8.22852722e+02, 6.68322144e+02,
    6.53487976e+02, 6.93665833e+02, 6.81661438e+02, 6.94119141e+02,
    7.10062805e+02, 6.94405701e+02, 7.38396667e+02, 6.94979675e+02,
    7.66232178e+02, 6.95293945e+02, 7.94450256e+02, 6.95865906e+02,
    8.22370178e+02, 6.96326050e+02 ]
