%YAML:1.0
---
points: [ 1.76933746e+02, 1.91557297e+02, 1.86507996e+02, 1.91776291e+02,
    1.96088867e+02, 1.92005417e+02, 2.05650146e+02, 1.92235474e+02,
    2.15149521e+02, 1.92555176e+02, 2.24579987e+02, 1.92574905e+02,
    2.34191040e+02, 1.92890457e+02, 1.76819992e+02, 2.01042755e+02,
    1.86384354e+02, 2.01301788e+02, 1.95895050e+02, 2.01536331e+02,
    2.05463730e+02, 2.01804153e+02, 2.15051086e+02, 2.01785004e+02,
    2.24466034e+02, 2.02133316e+02, 2.33890045e+02, 2.02360672e+02,
    1.76639023e+02, 2.10574646e+02, 1.86259293e+02, 2.10772720e+02,
    1.95762833e+02, 2.10897491e+02, 2.05234100e+02, 2.11043076e+02,
    2.14773544e+02, 2.11316971e+02, 2.24371307e+02, 2.11506866e+02,
    2.33491394e+02, 2.11815399e+02, 1.76502975e+02, 2.20101654e+02,
    1.86127274e+02, 2.20227982e+02, 1.95570221e+02, 2.20454575e+02,
    2.05160248e+02, 2.20646515e+02, 2.14625870e+02, 2.20668228e+02,
    2.24023712e+02, 2.20878525e+02, 2.33725632e+02, 2.21169418e+02,
    1.76316376e+02, 2.29593231e+02, 1.85968567e+02, 2.29698456e+02,
    1.95392609e+02, 2.29860062e+02, 2.05027756e+02, 2.29954025e+02,
    2.14504395e+02, 2.30191589e+02, 2.23834732e+02, 2.30378128e+02,
    2.33471893e+02, 2.30523071e+02, 1.76202194e+02, 2.38967148e+02,
    1.85626663e+02, 2.39126541e+02, 1.95282440e+02, 2.39348282e+02,
    2.04713257e+02, 2.39451553e+02, 2.14295654e+02, 2.39640762e+02,
    2.23733124e+02, 2.39643997e+02, 2.33258423e+02, 2.39886215e+02,
    1.75934692e+02, 2.48462860e+02, 1.85459991e+02, 2.48654663e+02,
    1.95129074e+02, 2.48848190e+02, 2.04614761e+02, 2.48935577e+02,
    2.14081711e+02, 2.49161453e+02, 2.23552200e+02, 2.49299911e+02,
    2.32988617e+02, 2.49406052e+02, 1.75738617e+02, 2.57917755e+02,
    1.85299866e+02, 2.58003601e+02, 1.94856003e+02, 2.58156952e+02,
    2.04408997e+02, 2.58300507e+02, 2.13819427e+02, 2.58598114e+02,
    2.23356689e+02, 2.58702972e+02, 2.32817657e+02, 2.58819550e+02,
    1.75575867e+02, 2.67507660e+02, 1.85089462e+02, 2.67575226e+02,
    1.94675903e+02, 2.67682739e+02, 2.04199127e+02, 2.67805206e+02,
    2.13635681e+02, 2.68043762e+02, 2.23155014e+02, 2.68224365e+02,
    2.32685211e+02, 2.68410370e+02 ]
