%YAML:1.0
---
points: [ 8.60956055e+02, 4.62305359e+02, 8.88897339e+02, 4.62408203e+02,
    9.16875305e+02, 4.62508179e+02, 9.44505798e+02, 4.62561371e+02,
    9.72463257e+02, 4.62553619e+02, 1.00024231e+03, 4.62526184e+02,
    1.02800195e+03, 4.62526093e+02, 8.60959045e+02, 4.90282654e+02,
    8.88956421e+02, 4.90333832e+02, 9.16837402e+02, 4.90378448e+02,
    9.44522156e+02, 4.90432892e+02, 9.72418518e+02, 4.90416138e+02,
    1.00025037e+03, 4.90424011e+02, 1.02792175e+03, 4.90409241e+02,
    8.60922302e+02, 5.18046448e+02, 8.88951599e+02, 5.18003418e+02,
    9.16870117e+02, 5.18097473e+02, 9.44520325e+02, 5.18083679e+02,
    9.72405579e+02, 5.18098694e+02, 1.00025818e+03, 5.18122864e+02,
    1.02795142e+03, 5.18116455e+02, 8.60945251e+02, 5.45768921e+02,
    8.89035156e+02, 5.45760315e+02, 9.16828613e+02, 5.45772705e+02,
    9.44520386e+02, 5.45815613e+02, 9.72407043e+02, 5.45788086e+02,
    1.00027502e+03, 5.45762939e+02, 1.02797327e+03, 5.45785583e+02,
    8.60950195e+02, 5.73628052e+02, 8.88940063e+02, 5.73617920e+02,
    9.16843567e+02, 5.73611511e+02, 9.44519226e+02, 5.73604187e+02,
    9.72448608e+02, 5.73607544e+02, 1.00028186e+03, 5.73616821e+02,
    1.02806384e+03, 5.73593933e+02, 8.60930054e+02, 6.01501648e+02,
    8.88972107e+02, 6.01478577e+02, 9.16787842e+02, 6.01432678e+02,
    9.44529114e+02, 6.01424133e+02, 9.72445740e+02, 6.01437500e+02,
    1.00033704e+03, 6.01473450e+02, 1.02807617e+03, 6.01469666e+02,
    8.60830688e+02, 6.29244141e+02, 8.88969421e+02, 6.29191223e+02,
    9.16776611e+02, 6.29165222e+02, 9.44531860e+02, 6.29146301e+02,
    9.72474731e+02, 6.29182983e+02, 1.00039154e+03, 6.29171387e+02,
    1.02815564e+03, 6.29242371e+02, 8.60792480e+02, 6.57108398e+02,
    8.88910645e+02, 6.57049927e+02, 9.16763855e+02, 6.56976440e+02,
    9.44547607e+02, 6.56988159e+02, 9.72483276e+02, 6.56972046e+02,
    1.00042688e+03, 6.57011963e+02, 1.02816492e+03, 6.57115601e+02,
    8.60729004e+02, 6.85046936e+02, 8.88831543e+02, 6.84916626e+02,
    9.16781616e+02, 6.84947510e+02, 9.44520691e+02, 6.84920410e+02,
    9.72488586e+02, 6.84938110e+02, 1.00043817e+03, 6.85041504e+02,
    1.02829810e+03, 6.85133606e+02 ]
