%YAML:1.0
---
points: [ 2.46651779e+02, 8.25247421e+01, 2.56224426e+02, 8.27169113e+01,
    2.65767151e+02, 8.29140091e+01, 2.75666229e+02, 8.30418701e+01,
    2.85157593e+02, 8.31715775e+01, 2.94743042e+02, 8.35390015e+01,
    3.04661926e+02, 8.37258530e+01, 2.46571121e+02, 9.25277939e+01,
    2.55918869e+02, 9.26783447e+01, 2.65745361e+02, 9.27687607e+01,
    2.75431702e+02, 9.28987732e+01, 2.84907349e+02, 9.31612854e+01,
    2.94661377e+02, 9.32491302e+01, 3.04256866e+02, 9.34265823e+01,
    2.46256027e+02, 1.02249763e+02, 2.55812943e+02, 1.02580421e+02,
    2.65643158e+02, 1.02732872e+02, 2.75028107e+02, 1.02867249e+02,
    2.84731873e+02, 1.02922134e+02, 2.94441437e+02, 1.03111183e+02,
    3.03903351e+02, 1.03331902e+02, 2.46092361e+02, 1.12198250e+02,
    2.55754837e+02, 1.12412819e+02, 2.65370148e+02, 1.12538200e+02,
    2.74804413e+02, 1.12663651e+02, 2.84614227e+02, 1.12790871e+02,
    2.93980103e+02, 1.12939964e+02, 3.03750885e+02, 1.12985168e+02,
    2.45908722e+02, 1.21784271e+02, 2.55681122e+02, 1.22121346e+02,
    2.65142059e+02, 1.22431145e+02, 2.74767609e+02, 1.22556053e+02,
    2.84209473e+02, 1.22665855e+02, 2.93822815e+02, 1.22711617e+02,
    3.03600494e+02, 1.22787239e+02, 2.45803162e+02, 1.31741257e+02,
    2.55570831e+02, 1.31779434e+02, 2.64869232e+02, 1.31855667e+02,
    2.74652435e+02, 1.32033630e+02, 2.83898865e+02, 1.32317291e+02,
    2.93702026e+02, 1.32509247e+02, 3.03191498e+02, 1.32553909e+02,
    2.45780029e+02, 1.41441711e+02, 2.55347153e+02, 1.41672928e+02,
    2.64804413e+02, 1.41760849e+02, 2.74386292e+02, 1.41845947e+02,
    2.83773315e+02, 1.41932602e+02, 2.93457031e+02, 1.42105148e+02,
    3.02885406e+02, 1.42191513e+02, 2.45673737e+02, 1.50896530e+02,
    2.55093048e+02, 1.51109436e+02, 2.64735901e+02, 1.51320023e+02,
    2.74051788e+02, 1.51561081e+02, 2.83714447e+02, 1.51638046e+02,
    2.93039764e+02, 1.51651230e+02, 3.02779877e+02, 1.51724289e+02,
    2.45641815e+02, 1.60498779e+02, 2.54938400e+02, 1.60691910e+02,
    2.64544281e+02, 1.60705139e+02, 2.73864929e+02, 1.60843018e+02,
    2.83509949e+02, 1.61105270e+02, 2.92884796e+02, 1.61303375e+02,
    3.02536560e+02, 1.61463593e+02 ]
