%YAML:1.0
---
points: [ 8.64888245e+02, 5.48807007e+02, 8.65089844e+02, 5.76576416e+02,
    8.65235779e+02, 6.04520569e+02, 8.65310608e+02, 6.32355469e+02,
    8.65351807e+02, 6.60339661e+02, 8.65448120e+02, 6.88047424e+02,
    8.65425476e+02, 7.16182678e+02, 8.37101135e+02, 5.48857300e+02,
    8.37260315e+02, 5.76699036e+02, 8.37435608e+02, 6.04646240e+02,
    8.37541138e+02, 6.32508972e+02, 8.37577637e+02, 6.60433594e+02,
    8.37600525e+02, 6.88333435e+02, 8.37666870e+02, 7.16287292e+02,
    8.09097168e+02, 5.49008606e+02, 8.09353027e+02, 5.76760803e+02,
    8.09524597e+02, 6.04856323e+02, 8.09622375e+02, 6.32666504e+02,
    8.09685059e+02, 6.60593750e+02, 8.09714539e+02, 6.88517578e+02,
    8.09706970e+02, 7.16556030e+02, 7.81295593e+02, 5.49012085e+02,
    7.81403259e+02, 5.76956421e+02, 7.81546936e+02, 6.04947510e+02,
    7.81596802e+02, 6.32851929e+02, 7.81662659e+02, 6.60794006e+02,
    7.81702271e+02, 6.88829041e+02, 7.81684265e+02, 7.16853943e+02,
    7.53357910e+02, 5.49165527e+02, 7.53551575e+02, 5.76980835e+02,
    7.53654419e+02, 6.05041565e+02, 7.53698914e+02, 6.32974792e+02,
    7.53734497e+02, 6.60972473e+02, 7.53750610e+02, 6.89028687e+02,
    7.53713806e+02, 7.17197693e+02, 7.25149109e+02, 5.49279480e+02,
    7.25369446e+02, 5.77222290e+02, 7.25541687e+02, 6.05196228e+02,
    7.25572327e+02, 6.33323669e+02, 7.25645081e+02, 6.61200989e+02,
    7.25594971e+02, 6.89383728e+02, 7.25607483e+02, 7.17459412e+02,
    6.97130127e+02, 5.49434082e+02, 6.97239014e+02, 5.77319702e+02,
    6.97330200e+02, 6.05478149e+02, 6.97436890e+02, 6.33465942e+02,
    6.97414246e+02, 6.61514832e+02, 6.97386841e+02, 6.89692505e+02,
    6.97374268e+02, 7.17831482e+02, 6.68714233e+02, 5.49522705e+02,
    6.69007141e+02, 5.77499878e+02, 6.69172791e+02, 6.05713928e+02,
    6.69179688e+02, 6.33667664e+02, 6.69184998e+02, 6.61816284e+02,
    6.69104492e+02, 6.90065674e+02, 6.69097839e+02, 7.18131409e+02,
    6.40245972e+02, 5.49595581e+02, 6.40479553e+02, 5.77663513e+02,
    6.40557312e+02, 6.05910461e+02, 6.40626770e+02, 6.33859253e+02,
    6.40593140e+02, 6.62195557e+02, 6.40583740e+02, 6.90350159e+02,
    6.40444031e+02, 7.18539612e+02 ]
