%YAML:1.0
---
points: [ 2.43283066e+02, 1.33737823e+02, 2.36424149e+02, 1.40793976e+02,
    2.29697708e+02, 1.47708908e+02, 2.23022568e+02, 1.54522278e+02,
    2.16311508e+02, 1.61426544e+02, 2.09693787e+02, 1.68161835e+02,
    2.03012558e+02, 1.74984406e+02, 2.36453918e+02, 1.26794838e+02,
    2.29717026e+02, 1.33921051e+02, 2.23063599e+02, 1.40873093e+02,
    2.16338806e+02, 1.47742981e+02, 2.09655167e+02, 1.54539917e+02,
    2.02987015e+02, 1.61361221e+02, 1.96358032e+02, 1.68158630e+02,
    2.29752350e+02, 1.20009499e+02, 2.23080841e+02, 1.27065483e+02,
    2.16344147e+02, 1.34045807e+02, 2.09601456e+02, 1.41015167e+02,
    2.03024490e+02, 1.47805222e+02, 1.96298141e+02, 1.54645828e+02,
    1.89722961e+02, 1.61384216e+02, 2.23009430e+02, 1.13054810e+02,
    2.16259949e+02, 1.20164726e+02, 2.09544922e+02, 1.27181206e+02,
    2.02907455e+02, 1.34128021e+02, 1.96270401e+02, 1.40984848e+02,
    1.89605942e+02, 1.47906143e+02, 1.83083099e+02, 1.54621948e+02,
    2.16279678e+02, 1.06280113e+02, 2.09580582e+02, 1.13324005e+02,
    2.02878723e+02, 1.20375626e+02, 1.96223160e+02, 1.27344063e+02,
    1.89559311e+02, 1.34216064e+02, 1.82984787e+02, 1.41113983e+02,
    1.76354645e+02, 1.47855942e+02, 2.09478714e+02, 9.93415222e+01,
    2.02840378e+02, 1.06482880e+02, 1.96155106e+02, 1.13597008e+02,
    1.89562668e+02, 1.20442108e+02, 1.82877075e+02, 1.27363266e+02,
    1.76249405e+02, 1.34275513e+02, 1.69694931e+02, 1.41118713e+02,
    2.02795853e+02, 9.25102310e+01, 1.96137680e+02, 9.96595078e+01,
    1.89382904e+02, 1.06711067e+02, 1.82790619e+02, 1.13621788e+02,
    1.76147156e+02, 1.20581070e+02, 1.69563141e+02, 1.27462097e+02,
    1.62967941e+02, 1.34327286e+02, 1.96023880e+02, 8.56709213e+01,
    1.89281586e+02, 9.28077087e+01, 1.82694641e+02, 9.98163071e+01,
    1.76132812e+02, 1.06859802e+02, 1.69390045e+02, 1.13809837e+02,
    1.62820984e+02, 1.20662277e+02, 1.56286469e+02, 1.27525276e+02,
    1.89268753e+02, 7.88524933e+01, 1.82591599e+02, 8.59579697e+01,
    1.75927780e+02, 9.30872955e+01, 1.69350906e+02, 9.99458389e+01,
    1.62718170e+02, 1.07034912e+02, 1.56209152e+02, 1.13871559e+02,
    1.49614029e+02, 1.20771461e+02 ]
