%YAML:1.0
---
points: [ 2.47033646e+02, 2.18354156e+02, 2.46990326e+02, 2.27810410e+02,
    2.47064255e+02, 2.37186646e+02, 2.47118912e+02, 2.46717026e+02,
    2.47149078e+02, 2.56180817e+02, 2.47225021e+02, 2.65559296e+02,
    2.47251678e+02, 2.75146667e+02, 2.37655060e+02, 2.18264694e+02,
    2.37690079e+02, 2.27774124e+02, 2.37612747e+02, 2.37325073e+02,
    2.37640976e+02, 2.46798004e+02, 2.37677017e+02, 2.56190857e+02,
    2.37701569e+02, 2.65643433e+02, 2.37748657e+02, 2.75083984e+02,
    2.28215424e+02, 2.18443848e+02, 2.28264648e+02, 2.27813293e+02,
    2.28300705e+02, 2.37383591e+02, 2.28329163e+02, 2.46847900e+02,
    2.28329147e+02, 2.56289368e+02, 2.28312927e+02, 2.65728027e+02,
    2.28371323e+02, 2.75153168e+02, 2.18671860e+02, 2.18489441e+02,
    2.18761108e+02, 2.27765152e+02, 2.18759979e+02, 2.37440186e+02,
    2.18761673e+02, 2.46925140e+02, 2.18862534e+02, 2.56382721e+02,
    2.18865295e+02, 2.65884033e+02, 2.18894119e+02, 2.75265900e+02,
    2.09281418e+02, 2.18501053e+02, 2.09313263e+02, 2.27872025e+02,
    2.09361862e+02, 2.37501556e+02, 2.09348969e+02, 2.46875916e+02,
    2.09378571e+02, 2.56418884e+02, 2.09433029e+02, 2.65859924e+02,
    2.09437897e+02, 2.75305847e+02, 1.99748184e+02, 2.18444534e+02,
    1.99807617e+02, 2.27938385e+02, 1.99876480e+02, 2.37525665e+02,
    1.99892593e+02, 2.46960114e+02, 1.99868317e+02, 2.56498383e+02,
    1.99879883e+02, 2.65933777e+02, 1.99877533e+02, 2.75444061e+02,
    1.90260452e+02, 2.18555115e+02, 1.90311768e+02, 2.27996216e+02,
    1.90336884e+02, 2.37537369e+02, 1.90411224e+02, 2.47066055e+02,
    1.90328552e+02, 2.56575104e+02, 1.90409973e+02, 2.66085907e+02,
    1.90408997e+02, 2.75535614e+02, 1.80651062e+02, 2.18604538e+02,
    1.80673706e+02, 2.28086426e+02, 1.80809204e+02, 2.37603577e+02,
    1.80854019e+02, 2.47051987e+02, 1.80865494e+02, 2.56647186e+02,
    1.80809235e+02, 2.66108002e+02, 1.80785080e+02, 2.75665588e+02,
    1.71190247e+02, 2.18606522e+02, 1.71236343e+02, 2.28110535e+02,
    1.71208115e+02, 2.37639099e+02, 1.71258698e+02, 2.47177368e+02,
    1.71244781e+02, 2.56747650e+02, 1.71218109e+02, 2.66216003e+02,
    1.71145035e+02, 2.75891876e+02 ]
