%YAML:1.0
---
points: [ 1.40274280e+03, 6.03390808e+02, 1.40229541e+03, 6.32262329e+02,
    1.40171204e+03, 6.60799866e+02, 1.40136450e+03, 6.89448975e+02,
    1.40114087e+03, 7.18152344e+02, 1.40085193e+03, 7.46656921e+02,
    1.40062842e+03, 7.75452576e+02, 1.37255115e+03, 6.02885437e+02,
    1.37192773e+03, 6.31553894e+02, 1.37153979e+03, 6.60205444e+02,
    1.37114172e+03, 6.88544006e+02, 1.37089551e+03, 7.17295471e+02,
    1.37064600e+03, 7.45637207e+02, 1.37054407e+03, 7.74365234e+02,
    1.34255981e+03, 6.02445190e+02, 1.34214575e+03, 6.30783508e+02,
    1.34165930e+03, 6.59475769e+02, 1.34147095e+03, 6.87674805e+02,
    1.34112610e+03, 7.16326965e+02, 1.34089001e+03, 7.44681519e+02,
    1.34076099e+03, 7.73141174e+02, 1.31262805e+03, 6.01858826e+02,
    1.31224280e+03, 6.30208313e+02, 1.31191357e+03, 6.58710205e+02,
    1.31168420e+03, 6.86992981e+02, 1.31153052e+03, 7.15435730e+02,
    1.31136682e+03, 7.43765503e+02, 1.31129541e+03, 7.72184692e+02,
    1.28321729e+03, 6.01446960e+02, 1.28271204e+03, 6.29583679e+02,
    1.28239917e+03, 6.58030151e+02, 1.28213464e+03, 6.86288269e+02,
    1.28188904e+03, 7.14436707e+02, 1.28183435e+03, 7.42745911e+02,
    1.28173474e+03, 7.71106384e+02, 1.25377307e+03, 6.00957031e+02,
    1.25346643e+03, 6.29055176e+02, 1.25330664e+03, 6.57349915e+02,
    1.25315015e+03, 6.85487549e+02, 1.25294495e+03, 7.13604980e+02,
    1.25280847e+03, 7.41815308e+02, 1.25272998e+03, 7.70074036e+02,
    1.22471582e+03, 6.00495605e+02, 1.22452222e+03, 6.28550171e+02,
    1.22430762e+03, 6.56575439e+02, 1.22420593e+03, 6.84646790e+02,
    1.22393909e+03, 7.12797546e+02, 1.22388745e+03, 7.40928650e+02,
    1.22374744e+03, 7.69137268e+02, 1.19601208e+03, 6.00111145e+02,
    1.19576343e+03, 6.28074829e+02, 1.19565149e+03, 6.56004272e+02,
    1.19545544e+03, 6.83953430e+02, 1.19539758e+03, 7.12165955e+02,
    1.19530737e+03, 7.40073181e+02, 1.19517346e+03, 7.68168030e+02,
    1.16752161e+03, 5.99544312e+02, 1.16730981e+03, 6.27569763e+02,
    1.16713782e+03, 6.55431519e+02, 1.16690820e+03, 6.83333313e+02,
    1.16679260e+03, 7.11285278e+02, 1.16664832e+03, 7.39271606e+02,
    1.16652087e+03, 7.66971191e+02 ]
