%YAML:1.0
---
points: [ 2.51732468e+02, 2.26528870e+02, 2.51816956e+02, 2.35939713e+02,
    2.51811707e+02, 2.45275116e+02, 2.51847336e+02, 2.54422394e+02,
    2.51895218e+02, 2.63362061e+02, 2.52012787e+02, 2.72608826e+02,
    2.52053207e+02, 2.81392731e+02, 2.41803192e+02, 2.26545258e+02,
    2.41949738e+02, 2.36046921e+02, 2.42160492e+02, 2.45268234e+02,
    2.42223221e+02, 2.54426376e+02, 2.42405533e+02, 2.63564850e+02,
    2.42525223e+02, 2.72660492e+02, 2.42640747e+02, 2.81476807e+02,
    2.32059601e+02, 2.26716888e+02, 2.32279953e+02, 2.36101273e+02,
    2.32493454e+02, 2.45331268e+02, 2.32688004e+02, 2.54620667e+02,
    2.32792511e+02, 2.63695007e+02, 2.32943665e+02, 2.72742371e+02,
    2.33080704e+02, 2.81680847e+02, 2.22187988e+02, 2.26825851e+02,
    2.22353134e+02, 2.36124115e+02, 2.22616135e+02, 2.45413666e+02,
    2.22876236e+02, 2.54733093e+02, 2.23112946e+02, 2.63882935e+02,
    2.23349854e+02, 2.72913910e+02, 2.23679779e+02, 2.81809998e+02,
    2.12344971e+02, 2.26779800e+02, 2.12599503e+02, 2.36197617e+02,
    2.12894333e+02, 2.45522263e+02, 2.13237137e+02, 2.54773727e+02,
    2.13536118e+02, 2.63957214e+02, 2.13813721e+02, 2.72964233e+02,
    2.14042435e+02, 2.81999420e+02, 2.02383148e+02, 2.26807312e+02,
    2.02787369e+02, 2.36375702e+02, 2.03230637e+02, 2.45657150e+02,
    2.03550034e+02, 2.54906921e+02, 2.03875397e+02, 2.64143158e+02,
    2.04206818e+02, 2.73125549e+02, 2.04526871e+02, 2.82086121e+02,
    1.92510880e+02, 2.26974731e+02, 1.93029922e+02, 2.36434647e+02,
    1.93378174e+02, 2.45740585e+02, 1.93733719e+02, 2.55046844e+02,
    1.94209625e+02, 2.64228638e+02, 1.94578491e+02, 2.73286285e+02,
    1.94918533e+02, 2.82300232e+02, 1.82472076e+02, 2.27007919e+02,
    1.83028076e+02, 2.36616547e+02, 1.83540680e+02, 2.45822556e+02,
    1.84115311e+02, 2.55193054e+02, 1.84510132e+02, 2.64461578e+02,
    1.84873840e+02, 2.73542084e+02, 1.85338547e+02, 2.82436401e+02,
    1.72550659e+02, 2.27200317e+02, 1.73164124e+02, 2.36680939e+02,
    1.73631409e+02, 2.46039703e+02, 1.74220001e+02, 2.55327621e+02,
    1.74665817e+02, 2.64603302e+02, 1.75234528e+02, 2.73655334e+02,
    1.75591843e+02, 2.82693451e+02 ]
