%YAML:1.0
---
points: [ 8.76275818e+02, 5.73105408e+02, 8.76819275e+02, 6.00715881e+02,
    8.77406067e+02, 6.28149841e+02, 8.77900269e+02, 6.55179688e+02,
    8.78529663e+02, 6.81995056e+02, 8.79009338e+02, 7.08524963e+02,
    8.79514832e+02, 7.34728638e+02, 8.47363159e+02, 5.73208252e+02,
    8.48105713e+02, 6.00850098e+02, 8.48751770e+02, 6.28372498e+02,
    8.49502686e+02, 6.55397034e+02, 8.50290894e+02, 6.82270874e+02,
    8.50775452e+02, 7.08740540e+02, 8.51496277e+02, 7.35142578e+02,
    8.18173950e+02, 5.73470947e+02, 8.19205688e+02, 6.01157654e+02,
    8.20133728e+02, 6.28590027e+02, 8.21113953e+02, 6.55581421e+02,
    8.21874268e+02, 6.82523010e+02, 8.22576294e+02, 7.09237122e+02,
    8.23445190e+02, 7.35528870e+02, 7.89139038e+02, 5.73699829e+02,
    7.90285400e+02, 6.01415039e+02, 7.91415955e+02, 6.28826416e+02,
    7.92297791e+02, 6.55879517e+02, 7.93477661e+02, 6.82789490e+02,
    7.94409668e+02, 7.09526428e+02, 7.95493774e+02, 7.36010803e+02,
    7.59800171e+02, 5.73796143e+02, 7.61271057e+02, 6.01569763e+02,
    7.62516418e+02, 6.29061279e+02, 7.63714661e+02, 6.56167908e+02,
    7.64954590e+02, 6.83261353e+02, 7.66057739e+02, 7.09953064e+02,
    7.67110718e+02, 7.36426819e+02, 7.30571533e+02, 5.73977234e+02,
    7.32215942e+02, 6.01818787e+02, 7.33508972e+02, 6.29412048e+02,
    7.34807983e+02, 6.56572876e+02, 7.36411316e+02, 6.83709900e+02,
    7.37616516e+02, 7.10501038e+02, 7.38793335e+02, 7.36899475e+02,
    7.01315674e+02, 5.74427490e+02, 7.02873291e+02, 6.02220520e+02,
    7.04577026e+02, 6.29736145e+02, 7.06321594e+02, 6.57114319e+02,
    7.07629028e+02, 6.84295898e+02, 7.09041077e+02, 7.11174072e+02,
    7.10481689e+02, 7.37633301e+02, 6.71556580e+02, 5.74607300e+02,
    6.73600159e+02, 6.02583252e+02, 6.75438171e+02, 6.30148315e+02,
    6.77090271e+02, 6.57632202e+02, 6.78798645e+02, 6.84789185e+02,
    6.80445740e+02, 7.11641235e+02, 6.81849182e+02, 7.38282715e+02,
    6.42002319e+02, 5.74847656e+02, 6.44065063e+02, 6.02890259e+02,
    6.46052917e+02, 6.30673523e+02, 6.48134521e+02, 6.58108154e+02,
    6.49781006e+02, 6.85501038e+02, 6.51579956e+02, 7.12176697e+02,
    6.53412659e+02, 7.38876221e+02 ]
