%YAML:1.0
---
points: [ 1.12444995e+03, 5.04649567e+02, 1.12528137e+03, 4.76593292e+02,
    1.12615454e+03, 4.48420349e+02, 1.12694373e+03, 4.19826965e+02,
    1.12765967e+03, 3.91401611e+02, 1.12855237e+03, 3.62466217e+02,
    1.12941675e+03, 3.33505157e+02, 1.15308215e+03, 5.05218567e+02,
    1.15376660e+03, 4.76974304e+02, 1.15464844e+03, 4.48664062e+02,
    1.15553198e+03, 4.20056915e+02, 1.15645276e+03, 3.91489075e+02,
    1.15746497e+03, 3.62460999e+02, 1.15849243e+03, 3.33477539e+02,
    1.18155188e+03, 5.05614655e+02, 1.18254175e+03, 4.77418915e+02,
    1.18352881e+03, 4.48925323e+02, 1.18448730e+03, 4.20279053e+02,
    1.18553076e+03, 3.91517548e+02, 1.18652478e+03, 3.62481415e+02,
    1.18757471e+03, 3.33379791e+02, 1.21052100e+03, 5.06146973e+02,
    1.21148059e+03, 4.77636475e+02, 1.21242639e+03, 4.49356201e+02,
    1.21343347e+03, 4.20419861e+02, 1.21456323e+03, 3.91611420e+02,
    1.21576294e+03, 3.62453369e+02, 1.21694543e+03, 3.33280182e+02,
    1.23951013e+03, 5.06568542e+02, 1.24051318e+03, 4.78120087e+02,
    1.24162708e+03, 4.49526611e+02, 1.24280835e+03, 4.20595917e+02,
    1.24395923e+03, 3.91663177e+02, 1.24529919e+03, 3.62487823e+02,
    1.24661096e+03, 3.33166107e+02, 1.26881946e+03, 5.07050293e+02,
    1.26993701e+03, 4.78442566e+02, 1.27118225e+03, 4.49694122e+02,
    1.27237976e+03, 4.20791016e+02, 1.27366516e+03, 3.91787048e+02,
    1.27510559e+03, 3.62453003e+02, 1.27646704e+03, 3.33004517e+02,
    1.29842566e+03, 5.07438354e+02, 1.29963440e+03, 4.78660889e+02,
    1.30089941e+03, 4.49985321e+02, 1.30224097e+03, 4.20989136e+02,
    1.30352930e+03, 3.91820923e+02, 1.30530908e+03, 3.62423370e+02,
    1.30672168e+03, 3.32824799e+02, 1.32830176e+03, 5.07778259e+02,
    1.32939844e+03, 4.79172729e+02, 1.33072375e+03, 4.50337311e+02,
    1.33226221e+03, 4.21136505e+02, 1.33354895e+03, 3.91955231e+02,
    1.33529102e+03, 3.62434143e+02, 1.33705872e+03, 3.32788757e+02,
    1.35822375e+03, 5.08364410e+02, 1.35945020e+03, 4.79576050e+02,
    1.36074915e+03, 4.50507935e+02, 1.36243054e+03, 4.21417572e+02,
    1.36405188e+03, 3.92064270e+02, 1.36561938e+03, 3.62401947e+02,
    1.36753772e+03, 3.32602020e+02 ]
