%YAML:1.0
---
points: [ 1.98027420e+02, 7.39422379e+01, 2.04825760e+02, 8.10715332e+01,
    2.11599396e+02, 8.80391769e+01, 2.18289108e+02, 9.50628510e+01,
    2.25080612e+02, 1.02052834e+02, 2.31765121e+02, 1.09074684e+02,
    2.38450912e+02, 1.16102783e+02, 1.91169876e+02, 8.08413467e+01,
    1.98065079e+02, 8.78807602e+01, 2.04763214e+02, 9.49390259e+01,
    2.11427963e+02, 1.02013718e+02, 2.18205414e+02, 1.08952522e+02,
    2.24962418e+02, 1.16016716e+02, 2.31595261e+02, 1.22881767e+02,
    1.84404388e+02, 8.77347946e+01, 1.91231430e+02, 9.47526016e+01,
    1.98041595e+02, 1.01850449e+02, 2.04753265e+02, 1.08821846e+02,
    2.11366821e+02, 1.15772491e+02, 2.18158264e+02, 1.22752579e+02,
    2.24814072e+02, 1.29646271e+02, 1.77609756e+02, 9.46054306e+01,
    1.84383499e+02, 1.01640419e+02, 1.91206711e+02, 1.08731087e+02,
    1.97914383e+02, 1.15690147e+02, 2.04633209e+02, 1.22649475e+02,
    2.11308426e+02, 1.29623459e+02, 2.18020309e+02, 1.36552734e+02,
    1.70941757e+02, 1.01403847e+02, 1.77693939e+02, 1.08474518e+02,
    1.84418732e+02, 1.15537300e+02, 1.91162140e+02, 1.22476051e+02,
    1.97881195e+02, 1.29457245e+02, 2.04575134e+02, 1.36334930e+02,
    2.11232773e+02, 1.43318817e+02, 1.64171158e+02, 1.08306450e+02,
    1.70988632e+02, 1.15374504e+02, 1.77710587e+02, 1.22279907e+02,
    1.84408127e+02, 1.29175720e+02, 1.91153366e+02, 1.36219238e+02,
    1.97772934e+02, 1.43092331e+02, 2.04482986e+02, 1.50028748e+02,
    1.57492462e+02, 1.15091438e+02, 1.64271561e+02, 1.22081535e+02,
    1.70971985e+02, 1.29104630e+02, 1.77661774e+02, 1.36013382e+02,
    1.84327072e+02, 1.42840668e+02, 1.91089157e+02, 1.49785400e+02,
    1.97700409e+02, 1.56701004e+02, 1.50779449e+02, 1.21900925e+02,
    1.57473267e+02, 1.28878281e+02, 1.64236511e+02, 1.35760147e+02,
    1.71009827e+02, 1.42644073e+02, 1.77691193e+02, 1.49590042e+02,
    1.84271194e+02, 1.56508911e+02, 1.90977997e+02, 1.63348068e+02,
    1.44111008e+02, 1.28598602e+02, 1.50847549e+02, 1.35486771e+02,
    1.57501190e+02, 1.42455109e+02, 1.64215820e+02, 1.49379684e+02,
    1.70876907e+02, 1.56295029e+02, 1.77601334e+02, 1.63158981e+02,
    1.84218597e+02, 1.70039444e+02 ]
