%YAML:1.0
---
points: [ 5.55293091e+02, 5.13264587e+02, 5.53435303e+02, 5.46855774e+02,
    5.51135010e+02, 5.80766235e+02, 5.48963257e+02, 6.14440308e+02,
    5.46592590e+02, 6.48604126e+02, 5.44156982e+02, 6.82594360e+02,
    5.41684204e+02, 7.16990967e+02, 5.20519165e+02, 5.11439880e+02,
    5.18567383e+02, 5.45317383e+02, 5.16536743e+02, 5.79173706e+02,
    5.14146118e+02, 6.13055847e+02, 5.11720184e+02, 6.47146484e+02,
    5.09216644e+02, 6.81376404e+02, 5.06710205e+02, 7.15580261e+02,
    4.85684448e+02, 5.09477478e+02, 4.83662262e+02, 5.43546631e+02,
    4.81525208e+02, 5.77476746e+02, 4.79296570e+02, 6.11545349e+02,
    4.76657898e+02, 6.45653381e+02, 4.74280518e+02, 6.80015381e+02,
    4.71500397e+02, 7.14342468e+02, 4.50613037e+02, 5.07662506e+02,
    4.48702454e+02, 5.41662292e+02, 4.46489380e+02, 5.75814209e+02,
    4.44077332e+02, 6.09902100e+02, 4.41531677e+02, 6.44373596e+02,
    4.38981598e+02, 6.78592651e+02, 4.36386017e+02, 7.13202637e+02,
    4.15901459e+02, 5.05936249e+02, 4.13582184e+02, 5.40073486e+02,
    4.11420135e+02, 5.74375122e+02, 4.08752441e+02, 6.08378967e+02,
    4.06384064e+02, 6.42812744e+02, 4.03582642e+02, 6.77207764e+02,
    4.01081970e+02, 7.11836426e+02, 3.80614990e+02, 5.04012817e+02,
    3.78381897e+02, 5.38419067e+02, 3.75943939e+02, 5.72475281e+02,
    3.73494781e+02, 6.06891907e+02, 3.70748199e+02, 6.41265259e+02,
    3.68209473e+02, 6.75816650e+02, 3.65528778e+02, 7.10366150e+02,
    3.45280701e+02, 5.02381256e+02, 3.43096008e+02, 5.36506592e+02,
    3.40540009e+02, 5.70960632e+02, 3.38024841e+02, 6.05247070e+02,
    3.35254181e+02, 6.39768677e+02, 3.32540833e+02, 6.74471619e+02,
    3.29783630e+02, 7.09026550e+02, 3.09829742e+02, 5.00483459e+02,
    3.07468536e+02, 5.34662842e+02, 3.05150757e+02, 5.69329651e+02,
    3.02374268e+02, 6.03577881e+02, 2.99694794e+02, 6.38308960e+02,
    2.97004303e+02, 6.72731323e+02, 2.94117401e+02, 7.07625977e+02,
    2.74537323e+02, 4.98542572e+02, 2.71902802e+02, 5.33084106e+02,
    2.69442413e+02, 5.67500671e+02, 2.66643524e+02, 6.02012146e+02,
    2.64100067e+02, 6.36599670e+02, 2.61264282e+02, 6.71345276e+02,
    2.58497803e+02, 7.06277283e+02 ]
