%YAML:1.0
---
points: [ 2.00084503e+02, 7.10993881e+01, 2.06313187e+02, 7.76786346e+01,
    2.12553162e+02, 8.43326035e+01, 2.18895752e+02, 9.09942322e+01,
    2.25269623e+02, 9.76806107e+01, 2.31629852e+02, 1.04486839e+02,
    2.38102158e+02, 1.11165749e+02, 1.92894455e+02, 7.75159912e+01,
    1.99199951e+02, 8.42061157e+01, 2.05402206e+02, 9.09187317e+01,
    2.11616638e+02, 9.75891266e+01, 2.17994217e+02, 1.04303757e+02,
    2.24318588e+02, 1.11030655e+02, 2.30714096e+02, 1.17908531e+02,
    1.85763611e+02, 8.40218277e+01, 1.92025436e+02, 9.06106567e+01,
    1.98220078e+02, 9.74114685e+01, 2.04446136e+02, 1.04129402e+02,
    2.10714828e+02, 1.10902641e+02, 2.17076950e+02, 1.17677544e+02,
    2.23424286e+02, 1.24490044e+02, 1.78628235e+02, 9.04579697e+01,
    1.84774734e+02, 9.72600632e+01, 1.91008606e+02, 1.04052956e+02,
    1.97189804e+02, 1.10716774e+02, 2.03433243e+02, 1.17486786e+02,
    2.09762726e+02, 1.24342293e+02, 2.16122040e+02, 1.31184738e+02,
    1.71463760e+02, 9.70169449e+01, 1.77612350e+02, 1.03774315e+02,
    1.83826843e+02, 1.10476791e+02, 1.90029739e+02, 1.17294006e+02,
    1.96177032e+02, 1.24115021e+02, 2.02446091e+02, 1.30910248e+02,
    2.08761902e+02, 1.37808151e+02, 1.64337677e+02, 1.03518486e+02,
    1.70425415e+02, 1.10266159e+02, 1.76526886e+02, 1.17036537e+02,
    1.82725266e+02, 1.23778793e+02, 1.88944473e+02, 1.30638779e+02,
    1.95186737e+02, 1.37433731e+02, 2.01412735e+02, 1.44411880e+02,
    1.57144180e+02, 1.09940941e+02, 1.63244141e+02, 1.16719063e+02,
    1.69329330e+02, 1.23502579e+02, 1.75381775e+02, 1.30252975e+02,
    1.81593613e+02, 1.37207275e+02, 1.87813324e+02, 1.44036499e+02,
    1.94054672e+02, 1.50998657e+02, 1.49996719e+02, 1.16378914e+02,
    1.56023911e+02, 1.23181877e+02, 1.62070526e+02, 1.29962723e+02,
    1.68216431e+02, 1.36786377e+02, 1.74317078e+02, 1.43692810e+02,
    1.80429520e+02, 1.50575211e+02, 1.86669693e+02, 1.57574615e+02,
    1.42786133e+02, 1.22801003e+02, 1.48792679e+02, 1.29631546e+02,
    1.54746384e+02, 1.36465164e+02, 1.60866974e+02, 1.43290970e+02,
    1.66966599e+02, 1.50252640e+02, 1.73122864e+02, 1.57177200e+02,
    1.79247589e+02, 1.64115631e+02 ]
