%YAML:1.0
---
points: [ 9.11534790e+02, 5.48415771e+02, 9.10907410e+02, 5.76269165e+02,
    9.10420776e+02, 6.04152100e+02, 9.09905457e+02, 6.32588806e+02,
    9.09295532e+02, 6.61210754e+02, 9.08608276e+02, 6.90349731e+02,
    9.08098816e+02, 7.19525208e+02, 8.83443665e+02, 5.48126892e+02,
    8.82701416e+02, 5.75792847e+02, 8.82034302e+02, 6.03868958e+02,
    8.81362183e+02, 6.32312012e+02, 8.80631470e+02, 6.60870117e+02,
    8.79785400e+02, 6.89908325e+02, 8.79148560e+02, 7.19309021e+02,
    8.55413391e+02, 5.47715210e+02, 8.54662109e+02, 5.75497803e+02,
    8.53723816e+02, 6.03517212e+02, 8.53045776e+02, 6.31968689e+02,
    8.52131714e+02, 6.60578064e+02, 8.51022217e+02, 6.89598450e+02,
    8.50166260e+02, 7.18965332e+02, 8.27471497e+02, 5.47258179e+02,
    8.26551453e+02, 5.75155579e+02, 8.25479797e+02, 6.03314209e+02,
    8.24405457e+02, 6.31649353e+02, 8.23323242e+02, 6.60402893e+02,
    8.22353516e+02, 6.89343079e+02, 8.21187927e+02, 7.18651306e+02,
    7.99428528e+02, 5.46909302e+02, 7.98245789e+02, 5.74769592e+02,
    7.97171875e+02, 6.03036499e+02, 7.95862549e+02, 6.31259583e+02,
    7.94627808e+02, 6.60107849e+02, 7.93322388e+02, 6.89070984e+02,
    7.91826172e+02, 7.18478821e+02, 7.71151001e+02, 5.46500671e+02,
    7.69986084e+02, 5.74553406e+02, 7.68660217e+02, 6.02558044e+02,
    7.67211609e+02, 6.30867310e+02, 7.65711975e+02, 6.59690430e+02,
    7.64384094e+02, 6.88884216e+02, 7.62676819e+02, 7.18292480e+02,
    7.43077759e+02, 5.46175842e+02, 7.41543823e+02, 5.74214600e+02,
    7.40081421e+02, 6.02294250e+02, 7.38517944e+02, 6.30549744e+02,
    7.36862183e+02, 6.59492310e+02, 7.35210876e+02, 6.88490723e+02,
    7.33451294e+02, 7.18039001e+02, 7.14645325e+02, 5.45684692e+02,
    7.13053040e+02, 5.73827637e+02, 7.11500305e+02, 6.01866516e+02,
    7.09695496e+02, 6.30291260e+02, 7.07778015e+02, 6.59267456e+02,
    7.06147461e+02, 6.88254578e+02, 7.04098450e+02, 7.17817322e+02,
    6.86293213e+02, 5.45432617e+02, 6.84621033e+02, 5.73374451e+02,
    6.82587646e+02, 6.01600098e+02, 6.80757874e+02, 6.30016602e+02,
    6.78751282e+02, 6.58912903e+02, 6.76608215e+02, 6.87968567e+02,
    6.74558167e+02, 7.17616760e+02 ]
