%YAML:1.0
---
points: [ 2.62950104e+02, 2.18242096e+02, 2.62843170e+02, 2.27610016e+02,
    2.62777252e+02, 2.37326508e+02, 2.62727478e+02, 2.46777542e+02,
    2.62558746e+02, 2.56486389e+02, 2.62681458e+02, 2.66269318e+02,
    2.62386902e+02, 2.76243805e+02, 2.53431351e+02, 2.18132980e+02,
    2.53298508e+02, 2.27575577e+02, 2.53201141e+02, 2.37125214e+02,
    2.53041229e+02, 2.46686630e+02, 2.52923630e+02, 2.56337311e+02,
    2.52779449e+02, 2.66298065e+02, 2.52948181e+02, 2.76176331e+02,
    2.43887207e+02, 2.18038849e+02, 2.43872421e+02, 2.27392883e+02,
    2.43619690e+02, 2.37028992e+02, 2.43514069e+02, 2.46594986e+02,
    2.43282562e+02, 2.56330902e+02, 2.43173889e+02, 2.66204559e+02,
    2.43052307e+02, 2.76155365e+02, 2.34444717e+02, 2.17887970e+02,
    2.34224030e+02, 2.27296509e+02, 2.33951202e+02, 2.36803574e+02,
    2.33730835e+02, 2.46449417e+02, 2.33511169e+02, 2.56205200e+02,
    2.33224686e+02, 2.66138672e+02, 2.33186020e+02, 2.76080658e+02,
    2.24907959e+02, 2.17775238e+02, 2.24664017e+02, 2.27185379e+02,
    2.24372177e+02, 2.36771637e+02, 2.24089935e+02, 2.46362549e+02,
    2.23779938e+02, 2.56139252e+02, 2.23534012e+02, 2.65936188e+02,
    2.23149597e+02, 2.75881256e+02, 2.15466995e+02, 2.17643890e+02,
    2.15150131e+02, 2.27088058e+02, 2.14772018e+02, 2.36560608e+02,
    2.14425110e+02, 2.46154190e+02, 2.14069916e+02, 2.56002594e+02,
    2.13627838e+02, 2.65754730e+02, 2.13315216e+02, 2.75738495e+02,
    2.05813339e+02, 2.17506149e+02, 2.05603806e+02, 2.26889252e+02,
    2.05064667e+02, 2.36406342e+02, 2.04712875e+02, 2.46027374e+02,
    2.04306564e+02, 2.55812363e+02, 2.03912323e+02, 2.65714600e+02,
    2.03332489e+02, 2.75605927e+02, 1.96336014e+02, 2.17404434e+02,
    1.95823242e+02, 2.26781754e+02, 1.95418396e+02, 2.36270859e+02,
    1.95067856e+02, 2.45946243e+02, 1.94531998e+02, 2.55713943e+02,
    1.94020004e+02, 2.65571014e+02, 1.93502609e+02, 2.75551697e+02,
    1.86683701e+02, 2.17169510e+02, 1.86273788e+02, 2.26629700e+02,
    1.85718414e+02, 2.36188980e+02, 1.85254333e+02, 2.45816467e+02,
    1.84691544e+02, 2.55645599e+02, 1.84168488e+02, 2.65467957e+02,
    1.83453217e+02, 2.75547241e+02 ]
