%YAML:1.0
---
points: [ 2.77398621e+02, 2.28618393e+02, 2.76612427e+02, 2.38130646e+02,
    2.75982239e+02, 2.47658539e+02, 2.75206604e+02, 2.57200104e+02,
    2.74620972e+02, 2.66789124e+02, 2.73944366e+02, 2.76271118e+02,
    2.73293182e+02, 2.85914703e+02, 2.68082611e+02, 2.28051102e+02,
    2.67324646e+02, 2.37568542e+02, 2.66633148e+02, 2.47224655e+02,
    2.65950378e+02, 2.56732056e+02, 2.65203430e+02, 2.66292603e+02,
    2.64589630e+02, 2.75985168e+02, 2.63986908e+02, 2.85458160e+02,
    2.58721375e+02, 2.27411621e+02, 2.58063934e+02, 2.37066010e+02,
    2.57270782e+02, 2.46654266e+02, 2.56621643e+02, 2.56260956e+02,
    2.55925674e+02, 2.65895752e+02, 2.55268097e+02, 2.75395996e+02,
    2.54591156e+02, 2.85141510e+02, 2.49208206e+02, 2.26708954e+02,
    2.48394577e+02, 2.36396103e+02, 2.47773621e+02, 2.46142044e+02,
    2.47108780e+02, 2.55754379e+02, 2.46396713e+02, 2.65362061e+02,
    2.45713348e+02, 2.75171631e+02, 2.45071945e+02, 2.84863068e+02,
    2.39701538e+02, 2.26131424e+02, 2.38979187e+02, 2.35835938e+02,
    2.38257782e+02, 2.45445801e+02, 2.37524521e+02, 2.55202194e+02,
    2.36887177e+02, 2.64982788e+02, 2.36177979e+02, 2.74661682e+02,
    2.35417282e+02, 2.84494965e+02, 2.30016586e+02, 2.25542847e+02,
    2.29309586e+02, 2.35286209e+02, 2.28609970e+02, 2.45069733e+02,
    2.27889847e+02, 2.54784897e+02, 2.27197586e+02, 2.64557190e+02,
    2.26501343e+02, 2.74296997e+02, 2.25751450e+02, 2.84165802e+02,
    2.20411942e+02, 2.24912796e+02, 2.19585693e+02, 2.34666306e+02,
    2.18852036e+02, 2.44538162e+02, 2.18165649e+02, 2.54222778e+02,
    2.17433502e+02, 2.64150543e+02, 2.16719009e+02, 2.73976257e+02,
    2.16017899e+02, 2.83807678e+02, 2.10407455e+02, 2.24186615e+02,
    2.09655090e+02, 2.34214401e+02, 2.09084106e+02, 2.43873947e+02,
    2.08408066e+02, 2.53777466e+02, 2.07679291e+02, 2.63652618e+02,
    2.06904221e+02, 2.73454285e+02, 2.06172119e+02, 2.83330048e+02,
    2.00598465e+02, 2.23754028e+02, 1.99823853e+02, 2.33582825e+02,
    1.99213318e+02, 2.43355804e+02, 1.98362778e+02, 2.53250870e+02,
    1.97647247e+02, 2.63203705e+02, 1.96897629e+02, 2.73139923e+02,
    1.96178528e+02, 2.83091827e+02 ]
