%YAML:1.0
---
points: [ 2.52094421e+02, 1.48010880e+02, 2.43553986e+02, 1.53056244e+02,
    2.35160156e+02, 1.58210876e+02, 2.26572464e+02, 1.63191483e+02,
    2.18143051e+02, 1.68357941e+02, 2.09615585e+02, 1.73359909e+02,
    2.01078278e+02, 1.78372284e+02, 2.47102875e+02, 1.39800339e+02,
    2.38613815e+02, 1.44908127e+02, 2.30193893e+02, 1.50006866e+02,
    2.21691223e+02, 1.55077988e+02, 2.13226837e+02, 1.60182373e+02,
    2.04845642e+02, 1.65177399e+02, 1.96258728e+02, 1.70263718e+02,
    2.42191193e+02, 1.31681213e+02, 2.33698334e+02, 1.36748550e+02,
    2.25277573e+02, 1.41862350e+02, 2.16836700e+02, 1.46945633e+02,
    2.08435730e+02, 1.51974304e+02, 1.99932358e+02, 1.56963165e+02,
    1.91366135e+02, 1.61928040e+02, 2.37258987e+02, 1.23614334e+02,
    2.28799667e+02, 1.28677200e+02, 2.20413269e+02, 1.33730438e+02,
    2.12029099e+02, 1.38810944e+02, 2.03593887e+02, 1.43774139e+02,
    1.95177719e+02, 1.48841049e+02, 1.86708099e+02, 1.53806290e+02,
    2.32319366e+02, 1.15582062e+02, 2.23950439e+02, 1.20615463e+02,
    2.15559692e+02, 1.25655220e+02, 2.07179184e+02, 1.30689697e+02,
    1.98846985e+02, 1.35724869e+02, 1.90326950e+02, 1.40682266e+02,
    1.81890320e+02, 1.45680054e+02, 2.27389374e+02, 1.07513222e+02,
    2.19114532e+02, 1.12584152e+02, 2.10782227e+02, 1.17598274e+02,
    2.02360947e+02, 1.22674683e+02, 1.94111526e+02, 1.27671852e+02,
    1.85635696e+02, 1.32613281e+02, 1.77190247e+02, 1.37545776e+02,
    2.22573318e+02, 9.95204773e+01, 2.14262238e+02, 1.04531044e+02,
    2.05907623e+02, 1.09652298e+02, 1.97590485e+02, 1.14606728e+02,
    1.89243576e+02, 1.19538139e+02, 1.80862350e+02, 1.24511734e+02,
    1.72371674e+02, 1.29373093e+02, 2.17742432e+02, 9.16263657e+01,
    2.09466309e+02, 9.66184845e+01, 2.01205963e+02, 1.01715057e+02,
    1.92883499e+02, 1.06708824e+02, 1.84522781e+02, 1.11611450e+02,
    1.76243347e+02, 1.16573456e+02, 1.67788498e+02, 1.21439850e+02,
    2.13026749e+02, 8.37538757e+01, 2.04662247e+02, 8.87598724e+01,
    1.96372986e+02, 9.37136078e+01, 1.88167603e+02, 9.87383728e+01,
    1.79841370e+02, 1.03694710e+02, 1.71479980e+02, 1.08525070e+02,
    1.63117767e+02, 1.13476212e+02 ]
