%YAML:1.0
---
points: [ 5.78579102e+02, 2.94917542e+02, 5.72668762e+02, 3.28601593e+02,
    5.66712524e+02, 3.61840179e+02, 5.60644104e+02, 3.95058716e+02,
    5.54519653e+02, 4.28236389e+02, 5.48336731e+02, 4.60825653e+02,
    5.42063477e+02, 4.93617279e+02, 5.46763245e+02, 2.88285797e+02,
    5.41165588e+02, 3.22135864e+02, 5.35217834e+02, 3.55365692e+02,
    5.29222839e+02, 3.88318146e+02, 5.22986572e+02, 4.21346252e+02,
    5.16984802e+02, 4.54220459e+02, 5.10609406e+02, 4.86712189e+02,
    5.15323242e+02, 2.81951050e+02, 5.09620392e+02, 3.15394257e+02,
    5.03753876e+02, 3.48744904e+02, 4.97723419e+02, 3.81647247e+02,
    4.91744141e+02, 4.14527283e+02, 4.85569366e+02, 4.47282135e+02,
    4.79486511e+02, 4.79920654e+02, 4.83966858e+02, 2.75605042e+02,
    4.78416901e+02, 3.09032532e+02, 4.72524841e+02, 3.42177063e+02,
    4.66554901e+02, 3.75136292e+02, 4.60526794e+02, 4.07826904e+02,
    4.54470428e+02, 4.40517151e+02, 4.48388733e+02, 4.73097717e+02,
    4.53120697e+02, 2.69398621e+02, 4.47485657e+02, 3.02598663e+02,
    4.41733704e+02, 3.35652740e+02, 4.35655060e+02, 3.68441589e+02,
    4.29606476e+02, 4.01382568e+02, 4.23507751e+02, 4.33788574e+02,
    4.17576935e+02, 4.66368042e+02, 4.22212036e+02, 2.62968933e+02,
    4.16622375e+02, 2.96376770e+02, 4.10750610e+02, 3.29266632e+02,
    4.04921082e+02, 3.61947144e+02, 3.98768768e+02, 3.94581177e+02,
    3.92744202e+02, 4.27234589e+02, 3.86710388e+02, 4.59616516e+02,
    3.91382477e+02, 2.56715210e+02, 3.85692078e+02, 2.89864777e+02,
    3.80134552e+02, 3.22899170e+02, 3.74140442e+02, 3.55522766e+02,
    3.68286987e+02, 3.88084839e+02, 3.62123688e+02, 4.20490417e+02,
    3.56073151e+02, 4.52925262e+02, 3.60697937e+02, 2.50549103e+02,
    3.55194580e+02, 2.83619049e+02, 3.49474304e+02, 3.16524536e+02,
    3.43634247e+02, 3.49198395e+02, 3.37716522e+02, 3.81652466e+02,
    3.31789612e+02, 4.13939514e+02, 3.25706543e+02, 4.46111572e+02,
    3.30453949e+02, 2.44549255e+02, 3.24882874e+02, 2.77382690e+02,
    3.19060516e+02, 3.10233582e+02, 3.13281982e+02, 3.42654724e+02,
    3.07440125e+02, 3.75225098e+02, 3.01567963e+02, 4.07460022e+02,
    2.95668854e+02, 4.39553680e+02 ]
