%YAML:1.0
---
points: [ 9.53822876e+02, 5.79222839e+02, 9.51705872e+02, 6.07253235e+02,
    9.49584045e+02, 6.35274292e+02, 9.47661133e+02, 6.63278748e+02,
    9.45616150e+02, 6.91420105e+02, 9.43669922e+02, 7.19505737e+02,
    9.41727295e+02, 7.47808594e+02, 9.26327148e+02, 5.77334229e+02,
    9.24105347e+02, 6.05482666e+02, 9.22158447e+02, 6.33680054e+02,
    9.19927612e+02, 6.61669495e+02, 9.17869629e+02, 6.90196167e+02,
    9.16048523e+02, 7.18388550e+02, 9.13896729e+02, 7.46560974e+02,
    8.98368286e+02, 5.75518555e+02, 8.96322327e+02, 6.03685852e+02,
    8.94252380e+02, 6.32221252e+02, 8.92029114e+02, 6.60448181e+02,
    8.90134888e+02, 6.88744202e+02, 8.87947876e+02, 7.17364319e+02,
    8.85953308e+02, 7.45652100e+02, 8.70177307e+02, 5.73680786e+02,
    8.68178467e+02, 6.02149048e+02, 8.65835815e+02, 6.30484070e+02,
    8.63926819e+02, 6.58980408e+02, 8.61743774e+02, 6.87464966e+02,
    8.59710510e+02, 7.16228333e+02, 8.57742004e+02, 7.44565308e+02,
    8.41766418e+02, 5.71705627e+02, 8.39562256e+02, 6.00421448e+02,
    8.37534058e+02, 6.28924194e+02, 8.35438660e+02, 6.57463257e+02,
    8.33283508e+02, 6.86269958e+02, 8.31384399e+02, 7.14714172e+02,
    8.29097595e+02, 7.43727417e+02, 8.12902344e+02, 5.70054810e+02,
    8.10909180e+02, 5.98569580e+02, 8.08689514e+02, 6.27458130e+02,
    8.06653748e+02, 6.56056946e+02, 8.04584167e+02, 6.84911316e+02,
    8.02396973e+02, 7.13767883e+02, 8.00400513e+02, 7.42682556e+02,
    7.84159973e+02, 5.68211914e+02, 7.81832642e+02, 5.97069519e+02,
    7.79863159e+02, 6.25773682e+02, 7.77665588e+02, 6.54630493e+02,
    7.75532898e+02, 6.83725342e+02, 7.73508667e+02, 7.12664001e+02,
    7.71138794e+02, 7.41823853e+02, 7.54666809e+02, 5.66306274e+02,
    7.52663879e+02, 5.95428284e+02, 7.50469055e+02, 6.24288086e+02,
    7.48353638e+02, 6.53433350e+02, 7.46240967e+02, 6.82444275e+02,
    7.43829285e+02, 7.11708923e+02, 7.41684631e+02, 7.40815369e+02,
    7.25089478e+02, 5.64466125e+02, 7.22909851e+02, 5.93514954e+02,
    7.20799500e+02, 6.22832031e+02, 7.18579712e+02, 6.51895752e+02,
    7.16426819e+02, 6.81326416e+02, 7.14186829e+02, 7.10539490e+02,
    7.11755066e+02, 7.39909485e+02 ]
