%YAML:1.0
---
points: [ 1.32752502e+03, 2.97218109e+02, 1.32643103e+03, 3.11870148e+02,
    1.32529114e+03, 3.26438446e+02, 1.32410083e+03, 3.40824768e+02,
    1.32319128e+03, 3.55483551e+02, 1.32228955e+03, 3.69847198e+02,
    1.32135266e+03, 3.84384155e+02, 1.31279248e+03, 2.96495605e+02,
    1.31173743e+03, 3.10980072e+02, 1.31073730e+03, 3.25563110e+02,
    1.30966443e+03, 3.40044983e+02, 1.30861462e+03, 3.54640381e+02,
    1.30768518e+03, 3.69178345e+02, 1.30662573e+03, 3.83370148e+02,
    1.29836328e+03, 2.95545044e+02, 1.29721179e+03, 3.10292847e+02,
    1.29624243e+03, 3.24632080e+02, 1.29529346e+03, 3.39316895e+02,
    1.29420410e+03, 3.53761749e+02, 1.29321350e+03, 3.68213074e+02,
    1.29210522e+03, 3.82538635e+02, 1.28383789e+03, 2.94783081e+02,
    1.28275647e+03, 3.09387726e+02, 1.28160132e+03, 3.24038544e+02,
    1.28063464e+03, 3.38473389e+02, 1.27965747e+03, 3.52985474e+02,
    1.27870874e+03, 3.67401031e+02, 1.27764624e+03, 3.81910828e+02,
    1.26942139e+03, 2.93842194e+02, 1.26832117e+03, 3.08617371e+02,
    1.26708459e+03, 3.23287323e+02, 1.26605774e+03, 3.37646362e+02,
    1.26509619e+03, 3.52246796e+02, 1.26426721e+03, 3.66536316e+02,
    1.26328735e+03, 3.81210510e+02, 1.25477917e+03, 2.93220398e+02,
    1.25374988e+03, 3.07710236e+02, 1.25272949e+03, 3.22440674e+02,
    1.25173364e+03, 3.36768738e+02, 1.25066211e+03, 3.51231598e+02,
    1.24972485e+03, 3.65734955e+02, 1.24868176e+03, 3.80307373e+02,
    1.24030823e+03, 2.92335419e+02, 1.23930176e+03, 3.07104248e+02,
    1.23822400e+03, 3.21497803e+02, 1.23741638e+03, 3.35853333e+02,
    1.23641479e+03, 3.50502197e+02, 1.23535596e+03, 3.65030792e+02,
    1.23442615e+03, 3.79426208e+02, 1.22608752e+03, 2.91599396e+02,
    1.22478870e+03, 3.06252411e+02, 1.22378040e+03, 3.20654327e+02,
    1.22287073e+03, 3.35143402e+02, 1.22196692e+03, 3.49645233e+02,
    1.22110718e+03, 3.64283478e+02, 1.21999927e+03, 3.78481781e+02,
    1.21157166e+03, 2.90679260e+02, 1.21057288e+03, 3.05357178e+02,
    1.20954993e+03, 3.19657074e+02, 1.20847766e+03, 3.34336548e+02,
    1.20755188e+03, 3.48858063e+02, 1.20652148e+03, 3.63229004e+02,
    1.20579346e+03, 3.77602539e+02 ]
