%YAML:1.0
---
points: [ 8.84846497e+02, 5.63157349e+02, 8.84493408e+02, 5.92327087e+02,
    8.83893372e+02, 6.21309937e+02, 8.83272034e+02, 6.50353210e+02,
    8.82638428e+02, 6.79486938e+02, 8.82015381e+02, 7.08464294e+02,
    8.81341431e+02, 7.37912659e+02, 8.56658142e+02, 5.62478394e+02,
    8.56192505e+02, 5.91477356e+02, 8.55618896e+02, 6.20404297e+02,
    8.55098083e+02, 6.49283936e+02, 8.54385010e+02, 6.78321472e+02,
    8.53678833e+02, 7.07455017e+02, 8.53201233e+02, 7.36470642e+02,
    8.28571411e+02, 5.61902222e+02, 8.28247314e+02, 5.90649963e+02,
    8.27623962e+02, 6.19546326e+02, 8.27178955e+02, 6.48456604e+02,
    8.26488037e+02, 6.77290527e+02, 8.25764648e+02, 7.06338989e+02,
    8.24954834e+02, 7.35242432e+02, 8.00764954e+02, 5.61353455e+02,
    8.00454529e+02, 5.90073303e+02, 7.99919861e+02, 6.18687683e+02,
    7.99244263e+02, 6.47443604e+02, 7.98497070e+02, 6.76335938e+02,
    7.97713196e+02, 7.05180176e+02, 7.97117981e+02, 7.34148254e+02,
    7.73272095e+02, 5.60648010e+02, 7.72764038e+02, 5.89264404e+02,
    7.72134705e+02, 6.17926270e+02, 7.71470642e+02, 6.46456116e+02,
    7.70731079e+02, 6.75296448e+02, 7.70182129e+02, 7.04014404e+02,
    7.69483765e+02, 7.33025879e+02, 7.45534058e+02, 5.60040222e+02,
    7.45193359e+02, 5.88488098e+02, 7.44611755e+02, 6.17280701e+02,
    7.43886475e+02, 6.45634888e+02, 7.43318359e+02, 6.74367554e+02,
    7.42542297e+02, 7.02964355e+02, 7.41795776e+02, 7.31600159e+02,
    7.18284180e+02, 5.59427124e+02, 7.17748108e+02, 5.87809387e+02,
    7.17297119e+02, 6.16464783e+02, 7.16608826e+02, 6.44723694e+02,
    7.15811157e+02, 6.73397034e+02, 7.15043762e+02, 7.01992981e+02,
    7.14255615e+02, 7.30594666e+02, 6.90919617e+02, 5.58753357e+02,
    6.90462341e+02, 5.87237488e+02, 6.89936646e+02, 6.15570801e+02,
    6.89304565e+02, 6.44117737e+02, 6.88433777e+02, 6.72401367e+02,
    6.87564819e+02, 7.01017517e+02, 6.86725464e+02, 7.29496887e+02,
    6.63711182e+02, 5.58237427e+02, 6.63301880e+02, 5.86599182e+02,
    6.62621399e+02, 6.14916626e+02, 6.61989441e+02, 6.43325073e+02,
    6.61305847e+02, 6.71571838e+02, 6.60425354e+02, 6.99949097e+02,
    6.59547119e+02, 7.28476013e+02 ]
