%YAML:1.0
---
points: [ 2.54619202e+02, 2.23231293e+02, 2.54393631e+02, 2.33140427e+02,
    2.54255600e+02, 2.43048828e+02, 2.54045212e+02, 2.52782578e+02,
    2.53817429e+02, 2.62700775e+02, 2.53638474e+02, 2.72561249e+02,
    2.53450760e+02, 2.82538086e+02, 2.44875748e+02, 2.22936066e+02,
    2.44747498e+02, 2.32797012e+02, 2.44632843e+02, 2.42630707e+02,
    2.44412766e+02, 2.52423111e+02, 2.44197098e+02, 2.62343842e+02,
    2.43947586e+02, 2.72229889e+02, 2.43787903e+02, 2.82103912e+02,
    2.35334305e+02, 2.22677628e+02, 2.35277649e+02, 2.32546097e+02,
    2.35063873e+02, 2.42310410e+02, 2.34859283e+02, 2.52187180e+02,
    2.34690750e+02, 2.61951324e+02, 2.34425140e+02, 2.71709595e+02,
    2.34174469e+02, 2.81491241e+02, 2.25757034e+02, 2.22503494e+02,
    2.25656555e+02, 2.32266754e+02, 2.25522018e+02, 2.42106567e+02,
    2.25317841e+02, 2.51775925e+02, 2.25109833e+02, 2.61572235e+02,
    2.24846207e+02, 2.71307648e+02, 2.24677948e+02, 2.81130127e+02,
    2.16412399e+02, 2.22360046e+02, 2.16325302e+02, 2.31999252e+02,
    2.16073029e+02, 2.41775497e+02, 2.15857620e+02, 2.51388718e+02,
    2.15676605e+02, 2.61242432e+02, 2.15496155e+02, 2.71008514e+02,
    2.15191910e+02, 2.80743439e+02, 2.07040649e+02, 2.22130356e+02,
    2.06841995e+02, 2.31822723e+02, 2.06640167e+02, 2.41516418e+02,
    2.06476334e+02, 2.51146423e+02, 2.06274216e+02, 2.60922180e+02,
    2.05984665e+02, 2.70545532e+02, 2.05784546e+02, 2.80292694e+02,
    1.97711685e+02, 2.21910538e+02, 1.97583054e+02, 2.31685760e+02,
    1.97287094e+02, 2.41241089e+02, 1.97133636e+02, 2.50916809e+02,
    1.96859650e+02, 2.60602997e+02, 1.96666992e+02, 2.70282684e+02,
    1.96391037e+02, 2.79958221e+02, 1.88413422e+02, 2.21777222e+02,
    1.88184326e+02, 2.31403992e+02, 1.88081512e+02, 2.40924713e+02,
    1.87897186e+02, 2.50659393e+02, 1.87656906e+02, 2.60237549e+02,
    1.87353699e+02, 2.69838135e+02, 1.87106155e+02, 2.79579559e+02,
    1.79210632e+02, 2.21593277e+02, 1.78986237e+02, 2.31136703e+02,
    1.78738663e+02, 2.40751587e+02, 1.78510254e+02, 2.50288345e+02,
    1.78318741e+02, 2.59914337e+02, 1.78066223e+02, 2.69538544e+02,
    1.77774826e+02, 2.79185394e+02 ]
