%YAML:1.0
---
points: [ 2.34078873e+02, 8.82498169e+01, 2.38237442e+02, 9.79415970e+01,
    2.42341309e+02, 1.07309265e+02, 2.46406219e+02, 1.16853104e+02,
    2.50490234e+02, 1.25946480e+02, 2.54440125e+02, 1.35064285e+02,
    2.58407745e+02, 1.44136185e+02, 2.24940689e+02, 9.23780441e+01,
    2.29263123e+02, 1.02073563e+02, 2.33336044e+02, 1.11564568e+02,
    2.37617142e+02, 1.21008606e+02, 2.41772842e+02, 1.30179245e+02,
    2.45839706e+02, 1.39209763e+02, 2.49868103e+02, 1.48190765e+02,
    2.16050919e+02, 9.67521973e+01, 2.20266037e+02, 1.06400223e+02,
    2.24562897e+02, 1.15739876e+02, 2.28863571e+02, 1.25079887e+02,
    2.33152908e+02, 1.34257843e+02, 2.37207275e+02, 1.43320999e+02,
    2.41266479e+02, 1.52182190e+02, 2.06891632e+02, 1.01092407e+02,
    2.11287567e+02, 1.10452896e+02, 2.15639236e+02, 1.20120544e+02,
    2.20216843e+02, 1.29352844e+02, 2.24298035e+02, 1.38433823e+02,
    2.28441010e+02, 1.47346130e+02, 2.32673553e+02, 1.56191223e+02,
    1.98082001e+02, 1.05134712e+02, 2.02317352e+02, 1.14846054e+02,
    2.06797485e+02, 1.24186302e+02, 2.11204834e+02, 1.33294724e+02,
    2.15572067e+02, 1.42480133e+02, 2.19827484e+02, 1.51461975e+02,
    2.24013580e+02, 1.60339218e+02, 1.88876160e+02, 1.09381630e+02,
    1.93422913e+02, 1.18786163e+02, 1.98375626e+02, 1.27675568e+02,
    2.02996597e+02, 1.37237839e+02, 2.06694138e+02, 1.46480789e+02,
    2.11165436e+02, 1.55463654e+02, 2.15365753e+02, 1.64270752e+02,
    1.79762497e+02, 1.13493217e+02, 1.84524979e+02, 1.23160561e+02,
    1.88843994e+02, 1.32364288e+02, 1.93390015e+02, 1.41476883e+02,
    1.97986435e+02, 1.50617249e+02, 2.02269958e+02, 1.59609665e+02,
    2.06749985e+02, 1.68317581e+02, 1.70730225e+02, 1.18067886e+02,
    1.75307892e+02, 1.27213066e+02, 1.79753021e+02, 1.36816269e+02,
    1.84804260e+02, 1.45709549e+02, 1.89195343e+02, 1.54724716e+02,
    1.93704483e+02, 1.63583267e+02, 1.98104492e+02, 1.72393997e+02,
    1.61658112e+02, 1.21968491e+02, 1.66484116e+02, 1.31471024e+02,
    1.71425171e+02, 1.40799698e+02, 1.75892456e+02, 1.49912354e+02,
    1.80466751e+02, 1.58682693e+02, 1.85034668e+02, 1.67746643e+02,
    1.89405609e+02, 1.76455429e+02 ]
