%YAML:1.0
---
points: [ 1.32854358e+03, 1.31547165e+02, 1.32728198e+03, 1.46297440e+02,
    1.32586255e+03, 1.61078232e+02, 1.32448914e+03, 1.75772217e+02,
    1.32328613e+03, 1.90294373e+02, 1.32218701e+03, 2.04717484e+02,
    1.32088489e+03, 2.19262741e+02, 1.31402014e+03, 1.30579407e+02,
    1.31268359e+03, 1.45292099e+02, 1.31134827e+03, 1.60038574e+02,
    1.31013000e+03, 1.74523315e+02, 1.30874951e+03, 1.89214737e+02,
    1.30764160e+03, 2.03595825e+02, 1.30638257e+03, 2.18210098e+02,
    1.29975818e+03, 1.29415573e+02, 1.29822766e+03, 1.44263702e+02,
    1.29684387e+03, 1.58939804e+02, 1.29565881e+03, 1.73461411e+02,
    1.29450122e+03, 1.87986572e+02, 1.29300061e+03, 2.02753937e+02,
    1.29179797e+03, 2.17202148e+02, 1.28520935e+03, 1.28423676e+02,
    1.28379944e+03, 1.43233490e+02, 1.28240161e+03, 1.57820267e+02,
    1.28123218e+03, 1.72321106e+02, 1.27998596e+03, 1.87052109e+02,
    1.27871851e+03, 2.01564941e+02, 1.27738342e+03, 2.16234283e+02,
    1.27062158e+03, 1.27361488e+02, 1.26927795e+03, 1.42169495e+02,
    1.26810657e+03, 1.56717773e+02, 1.26664771e+03, 1.71314880e+02,
    1.26538135e+03, 1.86090317e+02, 1.26417737e+03, 2.00570877e+02,
    1.26310034e+03, 2.14982224e+02, 1.25618994e+03, 1.26153732e+02,
    1.25481201e+03, 1.40862213e+02, 1.25356274e+03, 1.55725967e+02,
    1.25240564e+03, 1.70335556e+02, 1.25092053e+03, 1.84987595e+02,
    1.24975171e+03, 1.99385651e+02, 1.24854590e+03, 2.13972305e+02,
    1.24176013e+03, 1.24974968e+02, 1.24044946e+03, 1.39885193e+02,
    1.23914453e+03, 1.54547012e+02, 1.23783032e+03, 1.69233292e+02,
    1.23671838e+03, 1.83658707e+02, 1.23545642e+03, 1.98228775e+02,
    1.23424817e+03, 2.12808838e+02, 1.22736853e+03, 1.24041962e+02,
    1.22614478e+03, 1.38768112e+02, 1.22471558e+03, 1.53462845e+02,
    1.22351697e+03, 1.67975479e+02, 1.22230176e+03, 1.82647659e+02,
    1.22110852e+03, 1.97268188e+02, 1.21972852e+03, 2.11823547e+02,
    1.21279883e+03, 1.22861877e+02, 1.21163928e+03, 1.37680222e+02,
    1.21056665e+03, 1.52258713e+02, 1.20909900e+03, 1.66926254e+02,
    1.20782947e+03, 1.81478409e+02, 1.20664905e+03, 1.96198380e+02,
    1.20560718e+03, 2.10597839e+02 ]
