%YAML:1.0
---
points: [ 1.04856531e+03, 5.61451050e+02, 1.04776392e+03, 5.89412476e+02,
    1.04677625e+03, 6.17340271e+02, 1.04595483e+03, 6.45247070e+02,
    1.04524365e+03, 6.72873901e+02, 1.04442847e+03, 7.00998962e+02,
    1.04356921e+03, 7.28755127e+02, 1.02090924e+03, 5.60635559e+02,
    1.01983020e+03, 5.88471008e+02, 1.01898035e+03, 6.16490601e+02,
    1.01830731e+03, 6.44247131e+02, 1.01742908e+03, 6.72163391e+02,
    1.01663440e+03, 6.99956909e+02, 1.01587830e+03, 7.28045166e+02,
    9.92951904e+02, 5.59856445e+02, 9.92154053e+02, 5.87622864e+02,
    9.91357483e+02, 6.15533997e+02, 9.90578613e+02, 6.43491272e+02,
    9.89651367e+02, 6.71135193e+02, 9.88880371e+02, 6.99217224e+02,
    9.88109009e+02, 7.27147522e+02, 9.65268799e+02, 5.59044067e+02,
    9.64465393e+02, 5.86857056e+02, 9.63637268e+02, 6.14640381e+02,
    9.62716675e+02, 6.42487305e+02, 9.61841614e+02, 6.70476562e+02,
    9.61147034e+02, 6.98297974e+02, 9.60260071e+02, 7.26351685e+02,
    9.37552063e+02, 5.58134949e+02, 9.36738831e+02, 5.86119690e+02,
    9.35776672e+02, 6.13829041e+02, 9.34943726e+02, 6.41619202e+02,
    9.34223022e+02, 6.69665344e+02, 9.33321838e+02, 6.97489441e+02,
    9.32521606e+02, 7.25419312e+02, 9.09718140e+02, 5.57340942e+02,
    9.08790955e+02, 5.85271362e+02, 9.08046082e+02, 6.13161438e+02,
    9.07326599e+02, 6.40806763e+02, 9.06457153e+02, 6.68893433e+02,
    9.05584229e+02, 6.96705872e+02, 9.04844604e+02, 7.24547424e+02,
    8.81922363e+02, 5.56403015e+02, 8.81182434e+02, 5.84462097e+02,
    8.80440430e+02, 6.12330139e+02, 8.79579529e+02, 6.40278564e+02,
    8.78665955e+02, 6.67988220e+02, 8.77849182e+02, 6.96088196e+02,
    8.76961304e+02, 7.23991516e+02, 8.54153748e+02, 5.55592651e+02,
    8.53463379e+02, 5.83578064e+02, 8.52698242e+02, 6.11556763e+02,
    8.51709961e+02, 6.39400146e+02, 8.50790283e+02, 6.67357727e+02,
    8.50016724e+02, 6.95327820e+02, 8.49177368e+02, 7.23354370e+02,
    8.26470520e+02, 5.54838806e+02, 8.25598572e+02, 5.82724426e+02,
    8.24646667e+02, 6.10757690e+02, 8.23882629e+02, 6.38633606e+02,
    8.23077698e+02, 6.66622192e+02, 8.22254150e+02, 6.94513550e+02,
    8.21338989e+02, 7.22643921e+02 ]
