%YAML:1.0
---
points: [ 3.09441162e+02, 2.22669983e+02, 3.09187317e+02, 2.32180084e+02,
    3.08827393e+02, 2.41651047e+02, 3.08494171e+02, 2.51139450e+02,
    3.08217041e+02, 2.60484924e+02, 3.08037872e+02, 2.70071228e+02,
    3.07769379e+02, 2.79540619e+02, 2.99975220e+02, 2.22340302e+02,
    2.99614319e+02, 2.31905365e+02, 2.99331024e+02, 2.41363297e+02,
    2.99097961e+02, 2.50765350e+02, 2.98860962e+02, 2.60256470e+02,
    2.98511536e+02, 2.69713196e+02, 2.98301971e+02, 2.79260193e+02,
    2.90544342e+02, 2.22155045e+02, 2.90269043e+02, 2.31560883e+02,
    2.90031067e+02, 2.41102570e+02, 2.89672180e+02, 2.50434494e+02,
    2.89454590e+02, 2.59938477e+02, 2.89094452e+02, 2.69359070e+02,
    2.88845093e+02, 2.78981049e+02, 2.81031219e+02, 2.21778152e+02,
    2.80798279e+02, 2.31310684e+02, 2.80442322e+02, 2.40733765e+02,
    2.80217072e+02, 2.50213867e+02, 2.79924713e+02, 2.59650360e+02,
    2.79699280e+02, 2.69191284e+02, 2.79451965e+02, 2.78581116e+02,
    2.71652649e+02, 2.21558548e+02, 2.71320129e+02, 2.31020874e+02,
    2.71109985e+02, 2.40374359e+02, 2.70781525e+02, 2.49928848e+02,
    2.70539978e+02, 2.59357117e+02, 2.70258850e+02, 2.68878632e+02,
    2.69922577e+02, 2.78354279e+02, 2.62183746e+02, 2.21216263e+02,
    2.61964783e+02, 2.30688980e+02, 2.61665192e+02, 2.40111832e+02,
    2.61410339e+02, 2.49644104e+02, 2.61116119e+02, 2.59171722e+02,
    2.60828522e+02, 2.68543243e+02, 2.60595703e+02, 2.78097809e+02,
    2.52921844e+02, 2.21059204e+02, 2.52544495e+02, 2.30427246e+02,
    2.52280014e+02, 2.39794418e+02, 2.51907776e+02, 2.49280930e+02,
    2.51643723e+02, 2.58850555e+02, 2.51455292e+02, 2.68321716e+02,
    2.51122711e+02, 2.77805267e+02, 2.43292969e+02, 2.20663528e+02,
    2.43123077e+02, 2.30053329e+02, 2.42778183e+02, 2.39552612e+02,
    2.42699020e+02, 2.49104187e+02, 2.42292282e+02, 2.58579590e+02,
    2.41963745e+02, 2.68095978e+02, 2.41711151e+02, 2.77455719e+02,
    2.33887299e+02, 2.20256332e+02, 2.33572800e+02, 2.30187927e+02,
    2.33538681e+02, 2.39269058e+02, 2.33114136e+02, 2.48856796e+02,
    2.32821701e+02, 2.58284241e+02, 2.32596970e+02, 2.67783905e+02,
    2.32257980e+02, 2.77190399e+02 ]
