%YAML:1.0
---
points: [ 2.66350220e+02, 1.66357162e+02, 2.58448822e+02, 1.71670135e+02,
    2.50577744e+02, 1.77123215e+02, 2.42674240e+02, 1.82453140e+02,
    2.34825638e+02, 1.87912399e+02, 2.27054062e+02, 1.93294327e+02,
    2.19069977e+02, 1.98674210e+02, 2.61121216e+02, 1.58359665e+02,
    2.53156052e+02, 1.63720551e+02, 2.45270233e+02, 1.69178986e+02,
    2.37290909e+02, 1.74450134e+02, 2.29395660e+02, 1.80106705e+02,
    2.21582977e+02, 1.85501984e+02, 2.13599960e+02, 1.90808655e+02,
    2.55737366e+02, 1.50238281e+02, 2.47783020e+02, 1.55683090e+02,
    2.39861649e+02, 1.61146469e+02, 2.31955780e+02, 1.66592896e+02,
    2.23881363e+02, 1.72037994e+02, 2.16034760e+02, 1.77526321e+02,
    2.08084030e+02, 1.82857834e+02, 2.50348770e+02, 1.42045883e+02,
    2.42351044e+02, 1.47483063e+02, 2.34418121e+02, 1.53029160e+02,
    2.26372009e+02, 1.58515884e+02, 2.18503479e+02, 1.64069626e+02,
    2.10478821e+02, 1.69539474e+02, 2.02352112e+02, 1.74875992e+02,
    2.44956421e+02, 1.33800323e+02, 2.36956421e+02, 1.39298111e+02,
    2.28917389e+02, 1.44878464e+02, 2.20926193e+02, 1.50581879e+02,
    2.12667877e+02, 1.55704086e+02, 2.04555725e+02, 1.61416687e+02,
    1.96566544e+02, 1.66857544e+02, 2.39437698e+02, 1.25309387e+02,
    2.31374649e+02, 1.30893539e+02, 2.23410263e+02, 1.36481995e+02,
    2.15364578e+02, 1.41744492e+02, 2.07883286e+02, 1.48069077e+02,
    1.98573608e+02, 1.52294968e+02, 1.91718277e+02, 1.58831757e+02,
    2.33948074e+02, 1.16908890e+02, 2.25825150e+02, 1.22498894e+02,
    2.17562347e+02, 1.28068100e+02, 2.09456558e+02, 1.33470428e+02,
    2.01464462e+02, 1.39130920e+02, 1.93108292e+02, 1.44881042e+02,
    1.85176010e+02, 1.50343613e+02, 2.28309448e+02, 1.08315971e+02,
    2.20150238e+02, 1.13852272e+02, 2.11990128e+02, 1.19632446e+02,
    2.03872299e+02, 1.25238235e+02, 1.95565826e+02, 1.30752563e+02,
    1.87442780e+02, 1.36330505e+02, 1.79215698e+02, 1.42117050e+02,
    2.22612457e+02, 9.95633774e+01, 2.14391357e+02, 1.05264397e+02,
    2.06154922e+02, 1.10988548e+02, 1.98039749e+02, 1.16598686e+02,
    1.89757446e+02, 1.22322395e+02, 1.81482330e+02, 1.27763741e+02,
    1.73246735e+02, 1.33475647e+02 ]
