%YAML:1.0
---
points: [ 2.58923096e+02, 1.86464706e+02, 2.68305847e+02, 1.87230972e+02,
    2.77754883e+02, 1.87794983e+02, 2.87174866e+02, 1.88438812e+02,
    2.96606995e+02, 1.89058060e+02, 3.06024841e+02, 1.89626373e+02,
    3.15562866e+02, 1.90290283e+02, 2.58178589e+02, 1.95935471e+02,
    2.67725861e+02, 1.96565491e+02, 2.77161652e+02, 1.97216812e+02,
    2.86495331e+02, 1.97866669e+02, 2.95994629e+02, 1.98534363e+02,
    3.05420929e+02, 1.99148468e+02, 3.14907959e+02, 1.99682755e+02,
    2.57649628e+02, 2.05280487e+02, 2.67129517e+02, 2.05971069e+02,
    2.76441223e+02, 2.06544739e+02, 2.86047150e+02, 2.07170593e+02,
    2.95329315e+02, 2.07858215e+02, 3.04938843e+02, 2.08484360e+02,
    3.14255737e+02, 2.09148819e+02, 2.56994812e+02, 2.14743790e+02,
    2.66403900e+02, 2.15378220e+02, 2.75937347e+02, 2.16120453e+02,
    2.85379791e+02, 2.16637650e+02, 2.94723938e+02, 2.17302902e+02,
    3.04250061e+02, 2.17977890e+02, 3.13622498e+02, 2.18449768e+02,
    2.56332367e+02, 2.24184326e+02, 2.65863281e+02, 2.24774902e+02,
    2.75266693e+02, 2.25386261e+02, 2.84618744e+02, 2.26149963e+02,
    2.94145172e+02, 2.26651443e+02, 3.03533447e+02, 2.27279617e+02,
    3.13089722e+02, 2.27998032e+02, 2.55649414e+02, 2.33477753e+02,
    2.65193207e+02, 2.34160309e+02, 2.74639191e+02, 2.34878342e+02,
    2.84122742e+02, 2.35397705e+02, 2.93539337e+02, 2.36119781e+02,
    3.02987946e+02, 2.36665054e+02, 3.12358582e+02, 2.37347794e+02,
    2.55130966e+02, 2.43033295e+02, 2.64680511e+02, 2.43559113e+02,
    2.73996124e+02, 2.44200409e+02, 2.83425446e+02, 2.44966827e+02,
    2.92903229e+02, 2.45517731e+02, 3.02333771e+02, 2.46171341e+02,
    3.11901001e+02, 2.46887100e+02, 2.54512115e+02, 2.52428055e+02,
    2.63965851e+02, 2.53132919e+02, 2.73333160e+02, 2.53659485e+02,
    2.82913208e+02, 2.54200729e+02, 2.92330078e+02, 2.55015228e+02,
    3.01799164e+02, 2.55587921e+02, 3.11227509e+02, 2.56258270e+02,
    2.53858398e+02, 2.61886902e+02, 2.63327393e+02, 2.62486206e+02,
    2.72839569e+02, 2.63145935e+02, 2.82233734e+02, 2.63758545e+02,
    2.91720917e+02, 2.64346283e+02, 3.01221954e+02, 2.65091400e+02,
    3.10734406e+02, 2.65819550e+02 ]
