%YAML:1.0
---
points: [ 3.03647125e+02, 8.97222061e+01, 3.03337097e+02, 9.96857910e+01,
    3.02929199e+02, 1.09589035e+02, 3.02742737e+02, 1.19433708e+02,
    3.02556610e+02, 1.29174530e+02, 3.02188202e+02, 1.38851639e+02,
    3.01875824e+02, 1.48710159e+02, 2.93829315e+02, 8.96387634e+01,
    2.93723602e+02, 9.96240234e+01, 2.93453735e+02, 1.09424873e+02,
    2.93063141e+02, 1.19333168e+02, 2.92855408e+02, 1.29132935e+02,
    2.92786804e+02, 1.38783783e+02, 2.92555756e+02, 1.48602707e+02,
    2.84312408e+02, 8.95203705e+01, 2.83958618e+02, 9.94635315e+01,
    2.83807343e+02, 1.09376770e+02, 2.83665741e+02, 1.19173706e+02,
    2.83514313e+02, 1.28971893e+02, 2.83147003e+02, 1.38716003e+02,
    2.82855896e+02, 1.48448120e+02, 2.74705170e+02, 8.94812393e+01,
    2.74595856e+02, 9.93160095e+01, 2.74320312e+02, 1.09276718e+02,
    2.73989014e+02, 1.18980453e+02, 2.73765381e+02, 1.28880066e+02,
    2.73725616e+02, 1.38634521e+02, 2.73597198e+02, 1.48289261e+02,
    2.64957123e+02, 8.92603989e+01, 2.64771698e+02, 9.91943283e+01,
    2.64749512e+02, 1.09116150e+02, 2.64643799e+02, 1.18888428e+02,
    2.64452209e+02, 1.28731735e+02, 2.64176056e+02, 1.38517990e+02,
    2.63956055e+02, 1.48096542e+02, 2.55551453e+02, 8.90970154e+01,
    2.55359909e+02, 9.89942093e+01, 2.55086990e+02, 1.08889458e+02,
    2.54941559e+02, 1.18737747e+02, 2.54827774e+02, 1.28554749e+02,
    2.54774231e+02, 1.38366837e+02, 2.54696655e+02, 1.47902435e+02,
    2.45751450e+02, 8.88281708e+01, 2.45710587e+02, 9.88886337e+01,
    2.45640976e+02, 1.08738770e+02, 2.45533218e+02, 1.18690491e+02,
    2.45425858e+02, 1.28461212e+02, 2.45108551e+02, 1.38184250e+02,
    2.45017960e+02, 1.47803955e+02, 2.36083130e+02, 8.86816025e+01,
    2.35968826e+02, 9.87574234e+01, 2.35897629e+02, 1.08599075e+02,
    2.35857819e+02, 1.18555107e+02, 2.35748444e+02, 1.28194366e+02,
    2.35765869e+02, 1.37961456e+02, 2.35710037e+02, 1.47789764e+02,
    2.26630432e+02, 8.85511093e+01, 2.26626984e+02, 9.86494064e+01,
    2.26558853e+02, 1.08465858e+02, 2.26489258e+02, 1.18432144e+02,
    2.26343460e+02, 1.27943832e+02, 2.26190582e+02, 1.37829620e+02,
    2.26015747e+02, 1.47607666e+02 ]
