%YAML:1.0
---
points: [ 5.93860413e+02, 1.72878479e+02, 5.91623901e+02, 1.87372192e+02,
    5.89662231e+02, 2.02034912e+02, 5.87335876e+02, 2.16341492e+02,
    5.85349060e+02, 2.30740097e+02, 5.83059448e+02, 2.45199158e+02,
    5.80833496e+02, 2.59733948e+02, 5.79476990e+02, 1.70596436e+02,
    5.77189087e+02, 1.85121628e+02, 5.75232178e+02, 1.99454330e+02,
    5.73030029e+02, 2.14084167e+02, 5.70637451e+02, 2.28509674e+02,
    5.68661072e+02, 2.42988373e+02, 5.66316833e+02, 2.57261780e+02,
    5.65006348e+02, 1.68324722e+02, 5.62802246e+02, 1.82640396e+02,
    5.60645874e+02, 1.97238068e+02, 5.58472046e+02, 2.11845093e+02,
    5.56266846e+02, 2.26139877e+02, 5.54104736e+02, 2.40456223e+02,
    5.51825562e+02, 2.55062653e+02, 5.50457275e+02, 1.66043671e+02,
    5.48460571e+02, 1.80530823e+02, 5.46231567e+02, 1.94914978e+02,
    5.44023560e+02, 2.09304718e+02, 5.41818481e+02, 2.23799377e+02,
    5.39549072e+02, 2.38361389e+02, 5.37374573e+02, 2.52604309e+02,
    5.36122009e+02, 1.63674591e+02, 5.33795959e+02, 1.77982010e+02,
    5.31864624e+02, 1.92539124e+02, 5.29402710e+02, 2.07171677e+02,
    5.27399902e+02, 2.21505203e+02, 5.25051697e+02, 2.35775345e+02,
    5.22724426e+02, 2.50312500e+02, 5.21570862e+02, 1.61269348e+02,
    5.19252258e+02, 1.75706497e+02, 5.17284485e+02, 1.90321121e+02,
    5.14975037e+02, 2.04604813e+02, 5.12758972e+02, 2.18941177e+02,
    5.10496948e+02, 2.33543213e+02, 5.07996918e+02, 2.47752869e+02,
    5.07075867e+02, 1.58998962e+02, 5.04854553e+02, 1.73314209e+02,
    5.02571594e+02, 1.87727005e+02, 5.00481323e+02, 2.02361145e+02,
    4.98121307e+02, 2.16661911e+02, 4.95934265e+02, 2.31016647e+02,
    4.93499023e+02, 2.45442719e+02, 4.92572052e+02, 1.56509277e+02,
    4.90501556e+02, 1.71110123e+02, 4.88132233e+02, 1.85555801e+02,
    4.86051880e+02, 2.00007614e+02, 4.83610565e+02, 2.14238419e+02,
    4.81354156e+02, 2.28711288e+02, 4.78913177e+02, 2.43124924e+02,
    4.77906769e+02, 1.54331650e+02, 4.75749969e+02, 1.68661850e+02,
    4.73726501e+02, 1.83150406e+02, 4.71331055e+02, 1.97497833e+02,
    4.69296600e+02, 2.12151215e+02, 4.66656647e+02, 2.26284592e+02,
    4.64525818e+02, 2.40616592e+02 ]
