%YAML:1.0
---
points: [ 9.00048462e+02, 4.54966614e+02, 9.27707764e+02, 4.56749603e+02,
    9.55525879e+02, 4.58827637e+02, 9.83312805e+02, 4.60673767e+02,
    1.01123352e+03, 4.62524109e+02, 1.03869470e+03, 4.64421265e+02,
    1.06653870e+03, 4.66262939e+02, 8.98157227e+02, 4.82660858e+02,
    9.25877380e+02, 4.84619537e+02, 9.53671326e+02, 4.86542358e+02,
    9.81395874e+02, 4.88419861e+02, 1.00924957e+03, 4.90409058e+02,
    1.03695630e+03, 4.92246796e+02, 1.06464893e+03, 4.93787048e+02,
    8.96311279e+02, 5.10450226e+02, 9.24064392e+02, 5.12363464e+02,
    9.51844788e+02, 5.14264221e+02, 9.79560303e+02, 5.16164124e+02,
    1.00743396e+03, 5.17939392e+02, 1.03508801e+03, 5.19682495e+02,
    1.06291760e+03, 5.21610291e+02, 8.94449280e+02, 5.38313171e+02,
    9.22325317e+02, 5.40062988e+02, 9.50021118e+02, 5.41851501e+02,
    9.77645752e+02, 5.43795654e+02, 1.00559161e+03, 5.45641724e+02,
    1.03332104e+03, 5.47521790e+02, 1.06099451e+03, 5.49390625e+02,
    8.92487671e+02, 5.65939209e+02, 9.20448303e+02, 5.67672791e+02,
    9.48336304e+02, 5.69705566e+02, 9.75772522e+02, 5.71455505e+02,
    1.00361719e+03, 5.73381165e+02, 1.03150500e+03, 5.75275024e+02,
    1.05930164e+03, 5.77000427e+02, 8.90660950e+02, 5.93638184e+02,
    9.18524597e+02, 5.95576599e+02, 9.46401855e+02, 5.97450562e+02,
    9.74150024e+02, 5.99187256e+02, 1.00177771e+03, 6.01153503e+02,
    1.02957947e+03, 6.02871582e+02, 1.05750928e+03, 6.04661621e+02,
    8.88730591e+02, 6.21486084e+02, 9.16678894e+02, 6.23251404e+02,
    9.44532532e+02, 6.25040710e+02, 9.72272095e+02, 6.26875549e+02,
    1.00021271e+03, 6.28755920e+02, 1.02784534e+03, 6.30497681e+02,
    1.05562854e+03, 6.32539246e+02, 8.86811096e+02, 6.49294556e+02,
    9.14820618e+02, 6.50892883e+02, 9.42711121e+02, 6.52793091e+02,
    9.70493225e+02, 6.54649231e+02, 9.98310547e+02, 6.56522034e+02,
    1.02630518e+03, 6.58581177e+02, 1.05382263e+03, 6.60353882e+02,
    8.85106018e+02, 6.77104004e+02, 9.12906067e+02, 6.78829224e+02,
    9.40768494e+02, 6.80765381e+02, 9.68695374e+02, 6.82481995e+02,
    9.96467896e+02, 6.84482910e+02, 1.02431433e+03, 6.86380310e+02,
    1.05227869e+03, 6.88317261e+02 ]
