%YAML:1.0
---
points: [ 2.44936142e+02, 8.96506042e+01, 2.54762543e+02, 9.00671616e+01,
    2.64400879e+02, 9.04542847e+01, 2.73920715e+02, 9.09199448e+01,
    2.83713348e+02, 9.14606934e+01, 2.93345001e+02, 9.17826538e+01,
    3.02972321e+02, 9.23309326e+01, 2.44710342e+02, 9.95128860e+01,
    2.54251755e+02, 9.98996124e+01, 2.63819519e+02, 1.00504051e+02,
    2.73581970e+02, 1.00946358e+02, 2.83193542e+02, 1.01237358e+02,
    2.92733643e+02, 1.01683479e+02, 3.02605927e+02, 1.02045387e+02,
    2.44206085e+02, 1.09387741e+02, 2.53778580e+02, 1.09883148e+02,
    2.63547516e+02, 1.10262047e+02, 2.72977356e+02, 1.10696053e+02,
    2.82693176e+02, 1.11147972e+02, 2.92271545e+02, 1.11583038e+02,
    3.01885559e+02, 1.11968544e+02, 2.43809082e+02, 1.19171471e+02,
    2.53463898e+02, 1.19625015e+02, 2.62875366e+02, 1.20142326e+02,
    2.72648773e+02, 1.20591072e+02, 2.82119598e+02, 1.20896210e+02,
    2.91782684e+02, 1.21413681e+02, 3.01427765e+02, 1.21690964e+02,
    2.43575638e+02, 1.28905121e+02, 2.52907852e+02, 1.29437927e+02,
    2.62580475e+02, 1.29750519e+02, 2.72068268e+02, 1.30217789e+02,
    2.81658783e+02, 1.30711029e+02, 2.91242401e+02, 1.31053436e+02,
    3.00834076e+02, 1.31518127e+02, 2.42942627e+02, 1.38676758e+02,
    2.52606964e+02, 1.39073395e+02, 2.61980774e+02, 1.39542145e+02,
    2.71652161e+02, 1.39829147e+02, 2.81087036e+02, 1.40359360e+02,
    2.90780487e+02, 1.40785233e+02, 3.00349915e+02, 1.41050522e+02,
    2.42708847e+02, 1.48372864e+02, 2.52103897e+02, 1.48709991e+02,
    2.61696838e+02, 1.49195129e+02, 2.71105316e+02, 1.49691193e+02,
    2.80733582e+02, 1.49970459e+02, 2.90216522e+02, 1.50506104e+02,
    2.99806396e+02, 1.50776306e+02, 2.42250183e+02, 1.57899719e+02,
    2.51723541e+02, 1.58330734e+02, 2.61220459e+02, 1.58683945e+02,
    2.70717346e+02, 1.59279099e+02, 2.80095520e+02, 1.59680481e+02,
    2.89738770e+02, 1.59944931e+02, 2.99270935e+02, 1.60425827e+02,
    2.41800964e+02, 1.67485352e+02, 2.51391678e+02, 1.67769012e+02,
    2.60742523e+02, 1.68256088e+02, 2.70230804e+02, 1.68694702e+02,
    2.79764343e+02, 1.69140442e+02, 2.89220337e+02, 1.69563751e+02,
    2.98786530e+02, 1.69920929e+02 ]
