%YAML:1.0
---
points: [ 1.10234167e+03, 6.66071533e+02, 1.07331665e+03, 6.68429016e+02,
    1.04422083e+03, 6.70795654e+02, 1.01520282e+03, 6.73223511e+02,
    9.86143677e+02, 6.75720520e+02, 9.57185913e+02, 6.78141296e+02,
    9.27991699e+02, 6.80712585e+02, 1.09917371e+03, 6.36945923e+02,
    1.07017297e+03, 6.39438293e+02, 1.04134973e+03, 6.41751465e+02,
    1.01235956e+03, 6.44356567e+02, 9.83507812e+02, 6.46597778e+02,
    9.54555115e+02, 6.49281006e+02, 9.25646667e+02, 6.51546753e+02,
    1.09590808e+03, 6.08153625e+02, 1.06724817e+03, 6.10562134e+02,
    1.03842590e+03, 6.13011597e+02, 1.00955951e+03, 6.15476379e+02,
    9.80865479e+02, 6.17992493e+02, 9.52276062e+02, 6.20350159e+02,
    9.23377808e+02, 6.22813904e+02, 1.09273132e+03, 5.79789185e+02,
    1.06429395e+03, 5.82175415e+02, 1.03553369e+03, 5.84624573e+02,
    1.00687817e+03, 5.87095947e+02, 9.78427734e+02, 5.89513062e+02,
    9.49651733e+02, 5.91888611e+02, 9.21262695e+02, 5.94322144e+02,
    1.08978235e+03, 5.51416077e+02, 1.06124634e+03, 5.54008484e+02,
    1.03274231e+03, 5.56356384e+02, 1.00429163e+03, 5.58810364e+02,
    9.75752563e+02, 5.61315002e+02, 9.47464050e+02, 5.63636414e+02,
    9.18738647e+02, 5.66032043e+02, 1.08666235e+03, 5.23550903e+02,
    1.05841577e+03, 5.25877686e+02, 1.02997559e+03, 5.28464661e+02,
    1.00159424e+03, 5.30728699e+02, 9.73488525e+02, 5.33317200e+02,
    9.44899292e+02, 5.35548889e+02, 9.16640137e+02, 5.37919617e+02,
    1.08371387e+03, 4.95728760e+02, 1.05545557e+03, 4.98189667e+02,
    1.02731824e+03, 5.00599976e+02, 9.98961975e+02, 5.02954712e+02,
    9.70795410e+02, 5.05513306e+02, 9.42635681e+02, 5.07768402e+02,
    9.14358765e+02, 5.10109589e+02, 1.08075818e+03, 4.68295624e+02,
    1.05268835e+03, 4.70687347e+02, 1.02454480e+03, 4.73225586e+02,
    9.96459961e+02, 4.75641571e+02, 9.68504150e+02, 4.77832611e+02,
    9.40343689e+02, 4.80349426e+02, 9.12199097e+02, 4.82460999e+02,
    1.07787769e+03, 4.40838470e+02, 1.04979529e+03, 4.43487518e+02,
    1.02187402e+03, 4.45725159e+02, 9.93861145e+02, 4.48363922e+02,
    9.65901123e+02, 4.50594055e+02, 9.38057495e+02, 4.52911041e+02,
    9.10016785e+02, 4.55132721e+02 ]
