%YAML:1.0
---
points: [ 4.28502319e+02, 2.91898621e+02, 4.43237640e+02, 2.94138794e+02,
    4.57720734e+02, 2.96370789e+02, 4.72365723e+02, 2.98359650e+02,
    4.86837006e+02, 3.00566681e+02, 5.01655701e+02, 3.02715668e+02,
    5.16312988e+02, 3.04722961e+02, 4.26617310e+02, 3.06540741e+02,
    4.41215271e+02, 3.08514771e+02, 4.55679230e+02, 3.10633575e+02,
    4.70465881e+02, 3.12838776e+02, 4.85198151e+02, 3.14939056e+02,
    4.99560760e+02, 3.17205933e+02, 5.14180481e+02, 3.19277649e+02,
    4.24460571e+02, 3.20802246e+02, 4.39224518e+02, 3.23111603e+02,
    4.53863007e+02, 3.25090515e+02, 4.68621155e+02, 3.27440186e+02,
    4.83093781e+02, 3.29423340e+02, 4.97565552e+02, 3.31553070e+02,
    5.12207581e+02, 3.33701080e+02, 4.22690216e+02, 3.35293884e+02,
    4.37372681e+02, 3.37502045e+02, 4.51998779e+02, 3.39582733e+02,
    4.66403809e+02, 3.41589722e+02, 4.81146332e+02, 3.43858612e+02,
    4.95728424e+02, 3.45852539e+02, 5.10329041e+02, 3.48210327e+02,
    4.20646515e+02, 3.49777039e+02, 4.35290009e+02, 3.51730499e+02,
    4.49724548e+02, 3.54087006e+02, 4.64669739e+02, 3.56220337e+02,
    4.79277161e+02, 3.58331512e+02, 4.93667816e+02, 3.60395172e+02,
    5.08180450e+02, 3.62325165e+02, 4.18567322e+02, 3.64227905e+02,
    4.33321899e+02, 3.66257904e+02, 4.47961700e+02, 3.68452148e+02,
    4.62474609e+02, 3.70534637e+02, 4.77014618e+02, 3.72516327e+02,
    4.91487061e+02, 3.74816711e+02, 5.06198303e+02, 3.76842712e+02,
    4.16682312e+02, 3.78525574e+02, 4.31299957e+02, 3.80737183e+02,
    4.45770355e+02, 3.82689240e+02, 4.60420410e+02, 3.84889618e+02,
    4.74956055e+02, 3.87001801e+02, 4.89652954e+02, 3.89200775e+02,
    5.03847687e+02, 3.91243500e+02, 4.14594604e+02, 3.92803864e+02,
    4.29174103e+02, 3.95137085e+02, 4.43843445e+02, 3.97275726e+02,
    4.58587891e+02, 3.99259247e+02, 4.72971832e+02, 4.01509583e+02,
    4.87457764e+02, 4.03466187e+02, 5.01900574e+02, 4.05549866e+02,
    4.12442169e+02, 4.07378021e+02, 4.27238342e+02, 4.09406982e+02,
    4.41695923e+02, 4.11614563e+02, 4.56305450e+02, 4.13591461e+02,
    4.70746582e+02, 4.15728882e+02, 4.85482269e+02, 4.17847168e+02,
    4.99776581e+02, 4.19825653e+02 ]
