%YAML:1.0
---
points: [ 3.28668762e+02, 2.58218658e+02, 3.18704620e+02, 2.59072571e+02,
    3.08872833e+02, 2.59891479e+02, 2.98906647e+02, 2.60655182e+02,
    2.89127045e+02, 2.61419342e+02, 2.79239105e+02, 2.62303864e+02,
    2.69402710e+02, 2.63095947e+02, 3.27456390e+02, 2.48312057e+02,
    3.17546783e+02, 2.49143082e+02, 3.07726288e+02, 2.49956558e+02,
    2.97847504e+02, 2.50751343e+02, 2.88046448e+02, 2.51628525e+02,
    2.78293488e+02, 2.52390060e+02, 2.68361267e+02, 2.53300934e+02,
    3.26289429e+02, 2.38519867e+02, 3.16468384e+02, 2.39322052e+02,
    3.06653259e+02, 2.40215179e+02, 2.96828888e+02, 2.41045502e+02,
    2.87078918e+02, 2.41834839e+02, 2.77282867e+02, 2.42579834e+02,
    2.67528534e+02, 2.43306732e+02, 3.25083282e+02, 2.28859711e+02,
    3.15302277e+02, 2.29665512e+02, 3.05547424e+02, 2.30492416e+02,
    2.95802002e+02, 2.31334839e+02, 2.86105927e+02, 2.32145889e+02,
    2.76333344e+02, 2.33015854e+02, 2.66615448e+02, 2.33817169e+02,
    3.23967773e+02, 2.19308884e+02, 3.14249512e+02, 2.20131271e+02,
    3.04545380e+02, 2.20953308e+02, 2.94805969e+02, 2.21847366e+02,
    2.85202332e+02, 2.22564774e+02, 2.75446106e+02, 2.23402969e+02,
    2.65842773e+02, 2.24191437e+02, 3.22807800e+02, 2.09695816e+02,
    3.13184967e+02, 2.10566299e+02, 3.03505188e+02, 2.11377365e+02,
    2.93863403e+02, 2.12274490e+02, 2.84238037e+02, 2.13065598e+02,
    2.74511017e+02, 2.13937958e+02, 2.64939575e+02, 2.14612015e+02,
    3.21739960e+02, 2.00299957e+02, 3.12120483e+02, 2.01166901e+02,
    3.02500610e+02, 2.01955704e+02, 2.92867004e+02, 2.02738083e+02,
    2.83300415e+02, 2.03480652e+02, 2.73673492e+02, 2.04367874e+02,
    2.64156647e+02, 2.05180252e+02, 3.20670990e+02, 1.90944260e+02,
    3.11076172e+02, 1.91824493e+02, 3.01426727e+02, 1.92695175e+02,
    2.91904663e+02, 1.93455994e+02, 2.82423492e+02, 1.94286789e+02,
    2.72898193e+02, 1.95139572e+02, 2.63251129e+02, 1.95875107e+02,
    3.19614014e+02, 1.81659164e+02, 3.10064362e+02, 1.82497055e+02,
    3.00530365e+02, 1.83394928e+02, 2.90958649e+02, 1.84204666e+02,
    2.81465363e+02, 1.85084656e+02, 2.71981232e+02, 1.85745789e+02,
    2.62431274e+02, 1.86519928e+02 ]
