%YAML:1.0
---
points: [ 2.61293488e+02, 1.98489410e+02, 2.71140076e+02, 1.98493973e+02,
    2.80995758e+02, 1.98504623e+02, 2.90823792e+02, 1.98432007e+02,
    3.00705719e+02, 1.98410370e+02, 3.10514343e+02, 1.98372665e+02,
    3.20506470e+02, 1.98363541e+02, 2.61303406e+02, 2.08345840e+02,
    2.71080109e+02, 2.08316299e+02, 2.80911774e+02, 2.08252060e+02,
    2.90646545e+02, 2.08196671e+02, 3.00496887e+02, 2.08186966e+02,
    3.10286346e+02, 2.08207397e+02, 3.20281616e+02, 2.08181274e+02,
    2.61309937e+02, 2.17909409e+02, 2.71012390e+02, 2.17803772e+02,
    2.80876312e+02, 2.17800217e+02, 2.90489471e+02, 2.17763733e+02,
    3.00349823e+02, 2.17752472e+02, 3.10172333e+02, 2.17768127e+02,
    3.20106445e+02, 2.17792038e+02, 2.61251373e+02, 2.27479599e+02,
    2.70964203e+02, 2.27383484e+02, 2.80833160e+02, 2.27340439e+02,
    2.90481964e+02, 2.27381424e+02, 3.00266937e+02, 2.27335114e+02,
    3.10073853e+02, 2.27364471e+02, 3.19863800e+02, 2.27335983e+02,
    2.61310272e+02, 2.36847473e+02, 2.70989349e+02, 2.36794159e+02,
    2.80743256e+02, 2.36813660e+02, 2.90362915e+02, 2.36858414e+02,
    3.00111908e+02, 2.36787704e+02, 3.09925049e+02, 2.36808487e+02,
    3.19587463e+02, 2.36854919e+02, 2.61297546e+02, 2.46271393e+02,
    2.71028168e+02, 2.46176773e+02, 2.80623016e+02, 2.46174866e+02,
    2.90229126e+02, 2.46141418e+02, 3.00026245e+02, 2.46160553e+02,
    3.09734924e+02, 2.46258484e+02, 3.19287720e+02, 2.46251343e+02,
    2.61310028e+02, 2.55533966e+02, 2.70984863e+02, 2.55480164e+02,
    2.80624451e+02, 2.55538162e+02, 2.90177673e+02, 2.55503281e+02,
    2.99922516e+02, 2.55567886e+02, 3.09521820e+02, 2.55580719e+02,
    3.19270874e+02, 2.55724365e+02, 2.61343323e+02, 2.64963715e+02,
    2.70981476e+02, 2.64989105e+02, 2.80510956e+02, 2.64905457e+02,
    2.90150391e+02, 2.64831543e+02, 2.99780670e+02, 2.64998779e+02,
    3.09322449e+02, 2.65061432e+02, 3.19100342e+02, 2.65079346e+02,
    2.61381622e+02, 2.74152802e+02, 2.70942566e+02, 2.74147705e+02,
    2.80514984e+02, 2.74169067e+02, 2.90050659e+02, 2.74149261e+02,
    2.99690125e+02, 2.74216888e+02, 3.09170898e+02, 2.74203278e+02,
    3.18985779e+02, 2.74282715e+02 ]
