%YAML:1.0
---
points: [ 9.35911133e+02, 5.48741760e+02, 9.37026306e+02, 5.76763977e+02,
    9.38151917e+02, 6.05133240e+02, 9.39266052e+02, 6.33334412e+02,
    9.40453796e+02, 6.61428406e+02, 9.41792053e+02, 6.89725403e+02,
    9.43092224e+02, 7.18102173e+02, 9.08350403e+02, 5.49971008e+02,
    9.09429871e+02, 5.78250671e+02, 9.10612854e+02, 6.06725220e+02,
    9.11763733e+02, 6.34985229e+02, 9.12950378e+02, 6.63526184e+02,
    9.14272583e+02, 6.92003113e+02, 9.15588379e+02, 7.20444397e+02,
    8.80557373e+02, 5.51197632e+02, 8.81554321e+02, 5.79755920e+02,
    8.82729553e+02, 6.08382690e+02, 8.84071472e+02, 6.36824036e+02,
    8.85247986e+02, 6.65577759e+02, 8.86402588e+02, 6.94218628e+02,
    8.87577942e+02, 7.22926941e+02, 8.52389160e+02, 5.52460632e+02,
    8.53455750e+02, 5.81313599e+02, 8.54495056e+02, 6.10049377e+02,
    8.55677368e+02, 6.38808899e+02, 8.56972534e+02, 6.67564453e+02,
    8.58249512e+02, 6.96476501e+02, 8.59442505e+02, 7.25374023e+02,
    8.23631592e+02, 5.53759949e+02, 8.24678894e+02, 5.82658203e+02,
    8.26031799e+02, 6.11829773e+02, 8.27274597e+02, 6.40573792e+02,
    8.28335266e+02, 6.69777893e+02, 8.29463562e+02, 6.98656860e+02,
    8.30741577e+02, 7.28047668e+02, 7.94608948e+02, 5.55078735e+02,
    7.95742004e+02, 5.84236755e+02, 7.96867798e+02, 6.13511963e+02,
    7.98066528e+02, 6.42685059e+02, 7.99354736e+02, 6.71794739e+02,
    8.00571899e+02, 7.01284546e+02, 8.01644531e+02, 7.30466919e+02,
    7.65116394e+02, 5.56368591e+02, 7.66284302e+02, 5.85879333e+02,
    7.67492371e+02, 6.15311157e+02, 7.68705505e+02, 6.44686279e+02,
    7.69896667e+02, 6.74256042e+02, 7.71131287e+02, 7.03593201e+02,
    7.72237976e+02, 7.33324219e+02, 7.35097961e+02, 5.57743103e+02,
    7.36438110e+02, 5.87439758e+02, 7.37590820e+02, 6.17272644e+02,
    7.38724609e+02, 6.46721924e+02, 7.39924438e+02, 6.76429199e+02,
    7.41136292e+02, 7.06296143e+02, 7.42364929e+02, 7.35926575e+02,
    7.04702454e+02, 5.59282593e+02, 7.06012024e+02, 5.89121582e+02,
    7.07156433e+02, 6.19044983e+02, 7.08342896e+02, 6.48874878e+02,
    7.09518250e+02, 6.78789795e+02, 7.10662109e+02, 7.08684326e+02,
    7.11764832e+02, 7.38883789e+02 ]
