%YAML:1.0
---
points: [ 1.07560193e+03, 7.13471252e+02, 1.04749658e+03, 7.13263489e+02,
    1.01928253e+03, 7.13137390e+02, 9.91160156e+02, 7.13034363e+02,
    9.63156921e+02, 7.12970276e+02, 9.34847717e+02, 7.12949829e+02,
    9.06682068e+02, 7.13126892e+02, 1.07593799e+03, 6.86169250e+02,
    1.04775024e+03, 6.86121948e+02, 1.01943866e+03, 6.85870056e+02,
    9.91197083e+02, 6.85817566e+02, 9.62982483e+02, 6.85816467e+02,
    9.34679565e+02, 6.85827332e+02, 9.06560608e+02, 6.85941467e+02,
    1.07628015e+03, 6.58682007e+02, 1.04792847e+03, 6.58542236e+02,
    1.01952795e+03, 6.58487854e+02, 9.91267700e+02, 6.58401611e+02,
    9.62999573e+02, 6.58401428e+02, 9.34505310e+02, 6.58452393e+02,
    9.06397583e+02, 6.58572815e+02, 1.07655872e+03, 6.30802734e+02,
    1.04826379e+03, 6.30836365e+02, 1.01963916e+03, 6.30701782e+02,
    9.91328918e+02, 6.30703491e+02, 9.62871643e+02, 6.30702515e+02,
    9.34409424e+02, 6.30770874e+02, 9.06096130e+02, 6.30958496e+02,
    1.07698792e+03, 6.03223694e+02, 1.04846167e+03, 6.03156738e+02,
    1.01987225e+03, 6.03141846e+02, 9.91353516e+02, 6.03156860e+02,
    9.62903442e+02, 6.03132385e+02, 9.34251831e+02, 6.03206665e+02,
    9.05739075e+02, 6.03323303e+02, 1.07743420e+03, 5.75279541e+02,
    1.04864746e+03, 5.75321472e+02, 1.02006549e+03, 5.75239441e+02,
    9.91352539e+02, 5.75284729e+02, 9.62869751e+02, 5.75248413e+02,
    9.34122864e+02, 5.75389709e+02, 9.05531555e+02, 5.75501465e+02,
    1.07781506e+03, 5.46940369e+02, 1.04895496e+03, 5.46923706e+02,
    1.02016583e+03, 5.47074097e+02, 9.91400208e+02, 5.46965393e+02,
    9.62822205e+02, 5.47106079e+02, 9.33956970e+02, 5.47149475e+02,
    9.05333252e+02, 5.47346741e+02, 1.07829700e+03, 5.18539795e+02,
    1.04926343e+03, 5.18617859e+02, 1.02049310e+03, 5.18575439e+02,
    9.91430664e+02, 5.18678711e+02, 9.62861084e+02, 5.18742981e+02,
    9.33735107e+02, 5.18868164e+02, 9.05112366e+02, 5.19101624e+02,
    1.07877490e+03, 4.90078827e+02, 1.04953857e+03, 4.89914734e+02,
    1.02070386e+03, 4.90055786e+02, 9.91552185e+02, 4.90069916e+02,
    9.62790405e+02, 4.90175446e+02, 9.33577148e+02, 4.90276123e+02,
    9.04676270e+02, 4.90456635e+02 ]
