%YAML:1.0
---
points: [ 3.15984497e+02, 1.06759926e+02, 3.12315582e+02, 1.16066025e+02,
    3.08679138e+02, 1.25294235e+02, 3.05138367e+02, 1.34385284e+02,
    3.01608643e+02, 1.43517944e+02, 2.98151306e+02, 1.52513412e+02,
    2.94624390e+02, 1.61534790e+02, 3.06932465e+02, 1.03278328e+02,
    3.03302063e+02, 1.12608078e+02, 2.99832245e+02, 1.21885681e+02,
    2.96282257e+02, 1.31004425e+02, 2.92775116e+02, 1.40103882e+02,
    2.89250916e+02, 1.49091476e+02, 2.85833893e+02, 1.58149261e+02,
    2.98052216e+02, 9.98391647e+01, 2.94491760e+02, 1.09179474e+02,
    2.90954926e+02, 1.18440628e+02, 2.87414398e+02, 1.27622635e+02,
    2.83917969e+02, 1.36700897e+02, 2.80503143e+02, 1.45799667e+02,
    2.77069550e+02, 1.54791000e+02, 2.89020325e+02, 9.63136597e+01,
    2.85461823e+02, 1.05703644e+02, 2.81935669e+02, 1.14991318e+02,
    2.78431976e+02, 1.24173195e+02, 2.75099487e+02, 1.33264374e+02,
    2.71563141e+02, 1.42411087e+02, 2.68217743e+02, 1.51364105e+02,
    2.80117218e+02, 9.28547440e+01, 2.76568512e+02, 1.02276802e+02,
    2.73088104e+02, 1.11522163e+02, 2.69612518e+02, 1.20730530e+02,
    2.66187073e+02, 1.29918198e+02, 2.62786957e+02, 1.38977661e+02,
    2.59367249e+02, 1.47983185e+02, 2.71130798e+02, 8.92913589e+01,
    2.67590485e+02, 9.87518616e+01, 2.64195618e+02, 1.08116318e+02,
    2.60737213e+02, 1.17231956e+02, 2.57243500e+02, 1.26399918e+02,
    2.53907028e+02, 1.35477768e+02, 2.50506393e+02, 1.44546494e+02,
    2.62141449e+02, 8.58558197e+01, 2.58654144e+02, 9.52356033e+01,
    2.55186630e+02, 1.04558525e+02, 2.51836990e+02, 1.13731499e+02,
    2.48366714e+02, 1.22906723e+02, 2.45095001e+02, 1.32082504e+02,
    2.41648941e+02, 1.41142380e+02, 2.53113907e+02, 8.22510300e+01,
    2.49641632e+02, 9.17126007e+01, 2.46219101e+02, 1.00899330e+02,
    2.42911575e+02, 1.10289261e+02, 2.39461990e+02, 1.19580872e+02,
    2.36144089e+02, 1.28584000e+02, 2.32815826e+02, 1.37668625e+02,
    2.44133270e+02, 7.87361145e+01, 2.40650803e+02, 8.81346130e+01,
    2.37248581e+02, 9.75421753e+01, 2.33884567e+02, 1.06741768e+02,
    2.30541245e+02, 1.16002052e+02, 2.27249649e+02, 1.25115746e+02,
    2.23858902e+02, 1.34241531e+02 ]
