%YAML:1.0
---
points: [ 8.87266357e+02, 5.73650208e+02, 8.88171692e+02, 6.03478882e+02,
    8.89054321e+02, 6.33520325e+02, 8.89580200e+02, 6.63265564e+02,
    8.90184509e+02, 6.93171570e+02, 8.90637024e+02, 7.23341187e+02,
    8.91237427e+02, 7.53400879e+02, 8.59312134e+02, 5.74056091e+02,
    8.60082092e+02, 6.03567505e+02, 8.60673767e+02, 6.33446655e+02,
    8.61374207e+02, 6.62897522e+02, 8.61924561e+02, 6.92682922e+02,
    8.62616699e+02, 7.22649231e+02, 8.63151489e+02, 7.52395630e+02,
    8.31540344e+02, 5.74469238e+02, 8.32458496e+02, 6.03726624e+02,
    8.33078552e+02, 6.33421265e+02, 8.33586121e+02, 6.62660400e+02,
    8.34183044e+02, 6.92389709e+02, 8.34608704e+02, 7.21885925e+02,
    8.35112854e+02, 7.51520508e+02, 8.04161011e+02, 5.74752869e+02,
    8.05109375e+02, 6.03915833e+02, 8.05664490e+02, 6.33402344e+02,
    8.06281372e+02, 6.62468750e+02, 8.06675293e+02, 6.91875427e+02,
    8.07268738e+02, 7.21367615e+02, 8.07637756e+02, 7.50730042e+02,
    7.77203979e+02, 5.75035217e+02, 7.78103027e+02, 6.04046265e+02,
    7.78806519e+02, 6.33332703e+02, 7.79377014e+02, 6.62281067e+02,
    7.79830872e+02, 6.91559875e+02, 7.80352905e+02, 7.20723938e+02,
    7.80632812e+02, 7.49961426e+02, 7.50460938e+02, 5.75399963e+02,
    7.51254089e+02, 6.04222473e+02, 7.51922729e+02, 6.33309265e+02,
    7.52476624e+02, 6.62146973e+02, 7.52969910e+02, 6.91275269e+02,
    7.53403259e+02, 7.20143860e+02, 7.53726685e+02, 7.49414124e+02,
    7.24016113e+02, 5.75651855e+02, 7.24705078e+02, 6.04404541e+02,
    7.25385620e+02, 6.33358215e+02, 7.26014587e+02, 6.61993896e+02,
    7.26447876e+02, 6.90942688e+02, 7.26714050e+02, 7.19603149e+02,
    7.27185303e+02, 7.48754700e+02, 6.97769226e+02, 5.76039856e+02,
    6.98499390e+02, 6.04633118e+02, 6.99244324e+02, 6.33341309e+02,
    6.99723206e+02, 6.61822815e+02, 7.00223450e+02, 6.90625610e+02,
    7.00454163e+02, 7.19204773e+02, 7.00752502e+02, 7.48159363e+02,
    6.71872742e+02, 5.76439392e+02, 6.72613892e+02, 6.04874817e+02,
    6.73183533e+02, 6.33426636e+02, 6.73674683e+02, 6.61654846e+02,
    6.74167786e+02, 6.90310181e+02, 6.74486084e+02, 7.18646118e+02,
    6.74744324e+02, 7.47373596e+02 ]
