%YAML:1.0
---
points: [ 8.77868591e+02, 4.53741882e+02, 9.05336853e+02, 4.54974060e+02,
    9.32703796e+02, 4.56038025e+02, 9.60445984e+02, 4.57111572e+02,
    9.88473328e+02, 4.58329193e+02, 1.01670709e+03, 4.59382904e+02,
    1.04541907e+03, 4.60478149e+02, 8.76452332e+02, 4.81732391e+02,
    9.03598572e+02, 4.83022980e+02, 9.31326843e+02, 4.84368591e+02,
    9.58915710e+02, 4.85639252e+02, 9.86767273e+02, 4.86858215e+02,
    1.01532764e+03, 4.88236511e+02, 1.04374390e+03, 4.89476685e+02,
    8.75016602e+02, 5.09579773e+02, 9.02220764e+02, 5.11244629e+02,
    9.29636230e+02, 5.12554993e+02, 9.57390930e+02, 5.13951782e+02,
    9.85392944e+02, 5.15446716e+02, 1.01351514e+03, 5.17037720e+02,
    1.04237146e+03, 5.18505432e+02, 8.73528320e+02, 5.37663513e+02,
    9.00792969e+02, 5.39371033e+02, 9.28292297e+02, 5.40707397e+02,
    9.55667725e+02, 5.42486084e+02, 9.83790344e+02, 5.44200806e+02,
    1.01213647e+03, 5.45615662e+02, 1.04062988e+03, 5.47424744e+02,
    8.71949402e+02, 5.65588806e+02, 8.99329651e+02, 5.67397400e+02,
    9.26683899e+02, 5.69260376e+02, 9.54311890e+02, 5.70903809e+02,
    9.82318481e+02, 5.72575439e+02, 1.01055988e+03, 5.74488403e+02,
    1.03912207e+03, 5.76336731e+02, 8.70495056e+02, 5.93513855e+02,
    8.97638977e+02, 5.95507202e+02, 9.25089722e+02, 5.97439514e+02,
    9.52699768e+02, 5.99200500e+02, 9.80611511e+02, 6.01325012e+02,
    1.00883435e+03, 6.03242004e+02, 1.03757825e+03, 6.05292358e+02,
    8.69013367e+02, 6.21550232e+02, 8.96223633e+02, 6.23470703e+02,
    9.23552734e+02, 6.25495178e+02, 9.51026672e+02, 6.27657349e+02,
    9.79174194e+02, 6.29729553e+02, 1.00735626e+03, 6.31970825e+02,
    1.03595459e+03, 6.34222473e+02, 8.67375977e+02, 6.49538757e+02,
    8.94569519e+02, 6.51592712e+02, 9.21973633e+02, 6.53911316e+02,
    9.49469849e+02, 6.56001709e+02, 9.77426331e+02, 6.58494873e+02,
    1.00575214e+03, 6.60803040e+02, 1.03422937e+03, 6.63299561e+02,
    8.65642334e+02, 6.77426575e+02, 8.92823425e+02, 6.79870239e+02,
    9.20401428e+02, 6.82240295e+02, 9.47901611e+02, 6.84671204e+02,
    9.75739441e+02, 6.87180847e+02, 1.00406927e+03, 6.89683044e+02,
    1.03274048e+03, 6.92374268e+02 ]
