%YAML:1.0
---
points: [ 2.51585983e+02, 1.86117294e+02, 2.60922852e+02, 1.86429199e+02,
    2.70389801e+02, 1.86904419e+02, 2.79881073e+02, 1.87283112e+02,
    2.89517059e+02, 1.87599731e+02, 2.99265533e+02, 1.87913589e+02,
    3.09169861e+02, 1.88428085e+02, 2.51061707e+02, 1.95556717e+02,
    2.60365204e+02, 1.96078995e+02, 2.69896240e+02, 1.96459946e+02,
    2.79344116e+02, 1.96900970e+02, 2.88953339e+02, 1.97243942e+02,
    2.98781677e+02, 1.97700653e+02, 3.08702148e+02, 1.98119156e+02,
    2.50559586e+02, 2.05083420e+02, 2.59894226e+02, 2.05402008e+02,
    2.69305023e+02, 2.06137375e+02, 2.78912231e+02, 2.06440063e+02,
    2.88360992e+02, 2.07091675e+02, 2.98198029e+02, 2.07499420e+02,
    3.08109039e+02, 2.08167023e+02, 2.50045471e+02, 2.14526901e+02,
    2.59348175e+02, 2.15125763e+02, 2.68842865e+02, 2.15671448e+02,
    2.78341217e+02, 2.16276230e+02, 2.88005859e+02, 2.16695251e+02,
    2.97776550e+02, 2.17303268e+02, 3.07515991e+02, 2.17776230e+02,
    2.49535019e+02, 2.24108658e+02, 2.58889038e+02, 2.24547165e+02,
    2.68314819e+02, 2.25356735e+02, 2.77833954e+02, 2.25846588e+02,
    2.87449188e+02, 2.26409698e+02, 2.97192810e+02, 2.27083786e+02,
    3.07088562e+02, 2.27754654e+02, 2.49015579e+02, 2.33606659e+02,
    2.58383270e+02, 2.34167816e+02, 2.67808136e+02, 2.34818024e+02,
    2.77166473e+02, 2.35457489e+02, 2.86946106e+02, 2.36164429e+02,
    2.96614380e+02, 2.36802078e+02, 3.06493317e+02, 2.37427948e+02,
    2.48517578e+02, 2.43033356e+02, 2.57879974e+02, 2.43625534e+02,
    2.67221527e+02, 2.44464066e+02, 2.76732574e+02, 2.45145401e+02,
    2.86323029e+02, 2.45887070e+02, 2.96104004e+02, 2.46534576e+02,
    3.05995056e+02, 2.47536560e+02, 2.48004913e+02, 2.52496048e+02,
    2.57328979e+02, 2.53310303e+02, 2.66689331e+02, 2.54033569e+02,
    2.76249481e+02, 2.54765488e+02, 2.85815125e+02, 2.55496674e+02,
    2.95552490e+02, 2.56406158e+02, 3.05371582e+02, 2.57201447e+02,
    2.47412933e+02, 2.62033844e+02, 2.56791138e+02, 2.62820312e+02,
    2.66187073e+02, 2.63542175e+02, 2.75652435e+02, 2.64433289e+02,
    2.85305969e+02, 2.65280914e+02, 2.95114044e+02, 2.66093323e+02,
    3.04956726e+02, 2.67209534e+02 ]
