%YAML:1.0
---
points: [ 2.65387665e+02, 8.07583008e+01, 2.73555023e+02, 8.62355347e+01,
    2.81695465e+02, 9.16495209e+01, 2.89761475e+02, 9.69794998e+01,
    2.97845978e+02, 1.02183891e+02, 3.05858215e+02, 1.07403099e+02,
    3.13812134e+02, 1.12579849e+02, 2.60337860e+02, 8.91835785e+01,
    2.68545013e+02, 9.45805740e+01, 2.76731995e+02, 9.99865341e+01,
    2.84798340e+02, 1.05255196e+02, 2.92875000e+02, 1.10488312e+02,
    3.00906860e+02, 1.15708344e+02, 3.08895752e+02, 1.20792686e+02,
    2.55392090e+02, 9.74931335e+01, 2.63613312e+02, 1.02895683e+02,
    2.71775330e+02, 1.08272621e+02, 2.79915161e+02, 1.13505768e+02,
    2.87949890e+02, 1.18690651e+02, 2.96032776e+02, 1.23877449e+02,
    3.03943298e+02, 1.29015976e+02, 2.50360596e+02, 1.05967514e+02,
    2.58605042e+02, 1.11308250e+02, 2.66799683e+02, 1.16638611e+02,
    2.74942688e+02, 1.21820290e+02, 2.83049652e+02, 1.27008957e+02,
    2.91057220e+02, 1.32157425e+02, 2.99043579e+02, 1.37183517e+02,
    2.45384186e+02, 1.14246826e+02, 2.53636826e+02, 1.19632889e+02,
    2.61883728e+02, 1.24894981e+02, 2.69969604e+02, 1.30123749e+02,
    2.78085571e+02, 1.35263672e+02, 2.86132965e+02, 1.40302750e+02,
    2.94103546e+02, 1.45382202e+02, 2.40363525e+02, 1.22682037e+02,
    2.48703339e+02, 1.27944756e+02, 2.56893036e+02, 1.33145828e+02,
    2.65055573e+02, 1.38261993e+02, 2.73181305e+02, 1.43427628e+02,
    2.81187592e+02, 1.48504364e+02, 2.89209686e+02, 1.53584549e+02,
    2.35513809e+02, 1.30873230e+02, 2.43758514e+02, 1.36151443e+02,
    2.52035156e+02, 1.41382477e+02, 2.60105194e+02, 1.46532669e+02,
    2.68223969e+02, 1.51579346e+02, 2.76289459e+02, 1.56672684e+02,
    2.84346649e+02, 1.61728821e+02, 2.30464157e+02, 1.39229691e+02,
    2.38830765e+02, 1.44501343e+02, 2.47053589e+02, 1.49607834e+02,
    2.55260529e+02, 1.54710831e+02, 2.63373657e+02, 1.59798965e+02,
    2.71417358e+02, 1.64846436e+02, 2.79459808e+02, 1.69869370e+02,
    2.25593094e+02, 1.47405838e+02, 2.33916245e+02, 1.52743317e+02,
    2.42127716e+02, 1.57798645e+02, 2.50380478e+02, 1.62940567e+02,
    2.58434448e+02, 1.67980240e+02, 2.66578339e+02, 1.73019943e+02,
    2.74544281e+02, 1.77999313e+02 ]
