%YAML:1.0
---
points: [ 2.61327698e+02, 1.93309692e+02, 2.70732880e+02, 1.93352554e+02,
    2.80054382e+02, 1.93510040e+02, 2.89097351e+02, 1.93692322e+02,
    2.98170563e+02, 1.93883408e+02, 3.07130066e+02, 1.94054398e+02,
    3.16155762e+02, 1.94241623e+02, 2.61290070e+02, 2.03096924e+02,
    2.70681122e+02, 2.03180161e+02, 2.79978302e+02, 2.03281479e+02,
    2.89076538e+02, 2.03352692e+02, 2.98185242e+02, 2.03445389e+02,
    3.07170380e+02, 2.03541077e+02, 3.16015839e+02, 2.03644302e+02,
    2.61260834e+02, 2.12890335e+02, 2.70675232e+02, 2.12869339e+02,
    2.79930725e+02, 2.12952133e+02, 2.89164276e+02, 2.12976562e+02,
    2.98148682e+02, 2.13059875e+02, 3.07175201e+02, 2.13116669e+02,
    3.16007904e+02, 2.13140564e+02, 2.61247833e+02, 2.22672333e+02,
    2.70606140e+02, 2.22681061e+02, 2.79924652e+02, 2.22657349e+02,
    2.89099457e+02, 2.22571808e+02, 2.98212708e+02, 2.22559509e+02,
    3.07199890e+02, 2.22613617e+02, 3.16062744e+02, 2.22476074e+02,
    2.61165039e+02, 2.32490845e+02, 2.70555511e+02, 2.32382004e+02,
    2.79865570e+02, 2.32280045e+02, 2.89065063e+02, 2.32242889e+02,
    2.98182465e+02, 2.32208984e+02, 3.07102875e+02, 2.32090485e+02,
    3.15959167e+02, 2.32023438e+02, 2.61108917e+02, 2.42337173e+02,
    2.70572723e+02, 2.42178467e+02, 2.79850586e+02, 2.42056229e+02,
    2.89074249e+02, 2.41821915e+02, 2.98165558e+02, 2.41771301e+02,
    3.07135712e+02, 2.41579727e+02, 3.16023132e+02, 2.41460892e+02,
    2.61130341e+02, 2.52215408e+02, 2.70550598e+02, 2.51941360e+02,
    2.79877228e+02, 2.51725327e+02, 2.89055328e+02, 2.51515915e+02,
    2.98144165e+02, 2.51316193e+02, 3.07158051e+02, 2.51164993e+02,
    3.16127838e+02, 2.51033218e+02, 2.61102814e+02, 2.62161469e+02,
    2.70631409e+02, 2.61810455e+02, 2.79797424e+02, 2.61405212e+02,
    2.89097931e+02, 2.61113586e+02, 2.98171417e+02, 2.61031128e+02,
    3.07233490e+02, 2.60687653e+02, 3.16111359e+02, 2.60387360e+02,
    2.61127045e+02, 2.72008820e+02, 2.70658630e+02, 2.71501373e+02,
    2.79909363e+02, 2.71237030e+02, 2.89084900e+02, 2.70974091e+02,
    2.98262024e+02, 2.70494232e+02, 3.07251953e+02, 2.70230225e+02,
    3.16176208e+02, 2.70021301e+02 ]
