%YAML:1.0
---
points: [ 6.52477966e+02, 5.15907837e+02, 6.53398315e+02, 4.87491638e+02,
    6.54394653e+02, 4.59194061e+02, 6.55093018e+02, 4.30644745e+02,
    6.55741882e+02, 4.02479980e+02, 6.56521545e+02, 3.73942902e+02,
    6.57133850e+02, 3.45424469e+02, 6.78483276e+02, 5.16523438e+02,
    6.79580933e+02, 4.87954346e+02, 6.80406433e+02, 4.59533569e+02,
    6.81306274e+02, 4.30867401e+02, 6.81951416e+02, 4.02459900e+02,
    6.82586914e+02, 3.73774567e+02, 6.83184021e+02, 3.45038788e+02,
    7.04882446e+02, 5.17164551e+02, 7.05790039e+02, 4.88413940e+02,
    7.06665222e+02, 4.59770782e+02, 7.07489197e+02, 4.30985565e+02,
    7.08382385e+02, 4.02470032e+02, 7.08931396e+02, 3.73578430e+02,
    7.09555298e+02, 3.44609467e+02, 7.31571777e+02, 5.17678284e+02,
    7.32508667e+02, 4.88889282e+02, 7.33286621e+02, 4.60104767e+02,
    7.34128113e+02, 4.31143341e+02, 7.34812378e+02, 4.02450592e+02,
    7.35549011e+02, 3.73442291e+02, 7.36154907e+02, 3.44368408e+02,
    7.58413940e+02, 5.18404785e+02, 7.59215820e+02, 4.89416962e+02,
    7.60205627e+02, 4.60408234e+02, 7.60861816e+02, 4.31260773e+02,
    7.61687988e+02, 4.02467285e+02, 7.62444397e+02, 3.73179596e+02,
    7.63044556e+02, 3.44035431e+02, 7.85369080e+02, 5.18966187e+02,
    7.86318665e+02, 4.89888733e+02, 7.87130981e+02, 4.60605499e+02,
    7.87952454e+02, 4.31374603e+02, 7.88836731e+02, 4.02373840e+02,
    7.89544006e+02, 3.72965210e+02, 7.90030273e+02, 3.43577301e+02,
    8.12618225e+02, 5.19562561e+02, 8.13558655e+02, 4.90367065e+02,
    8.14532654e+02, 4.60951477e+02, 8.15466248e+02, 4.31498016e+02,
    8.16301025e+02, 4.02333099e+02, 8.16913635e+02, 3.72632843e+02,
    8.17461914e+02, 3.43167175e+02, 8.40398743e+02, 5.20231079e+02,
    8.41405579e+02, 4.90833588e+02, 8.42319519e+02, 4.61240143e+02,
    8.43246765e+02, 4.31657806e+02, 8.43854614e+02, 4.02223175e+02,
    8.44554504e+02, 3.72414246e+02, 8.45124084e+02, 3.42706573e+02,
    8.68543579e+02, 5.20867737e+02, 8.69397034e+02, 4.91311676e+02,
    8.70376221e+02, 4.61461853e+02, 8.71173401e+02, 4.31714172e+02,
    8.71903809e+02, 4.02115601e+02, 8.72706543e+02, 3.72083527e+02,
    8.73406982e+02, 3.42166504e+02 ]
