%YAML:1.0
---
points: [ 2.76396790e+02, 7.02749481e+01, 2.83849304e+02, 7.66969376e+01,
    2.91219788e+02, 8.30444336e+01, 2.98608826e+02, 8.92976456e+01,
    3.06000153e+02, 9.55425415e+01, 3.13408295e+02, 1.01733948e+02,
    3.20789062e+02, 1.07892242e+02, 2.70326050e+02, 7.72394943e+01,
    2.77813568e+02, 8.36532822e+01, 2.85233612e+02, 9.00587234e+01,
    2.92558838e+02, 9.63392639e+01, 3.00066254e+02, 1.02544968e+02,
    3.07440521e+02, 1.08802650e+02, 3.14885559e+02, 1.14980247e+02,
    2.64298584e+02, 8.42423782e+01, 2.71765533e+02, 9.06573639e+01,
    2.79226318e+02, 9.70561371e+01, 2.86647980e+02, 1.03353561e+02,
    2.94104523e+02, 1.09618423e+02, 3.01501831e+02, 1.15856247e+02,
    3.08916016e+02, 1.22086182e+02, 2.58153015e+02, 9.12924881e+01,
    2.65609711e+02, 9.77895889e+01, 2.73099152e+02, 1.04181831e+02,
    2.80593475e+02, 1.10460693e+02, 2.88075745e+02, 1.16766159e+02,
    2.95493805e+02, 1.23020401e+02, 3.02981415e+02, 1.29239914e+02,
    2.52000626e+02, 9.83870544e+01, 2.59480713e+02, 1.04887894e+02,
    2.67039581e+02, 1.11316803e+02, 2.74480347e+02, 1.17617302e+02,
    2.82038147e+02, 1.23901306e+02, 2.89471893e+02, 1.30175583e+02,
    2.96953308e+02, 1.36422989e+02, 2.45720108e+02, 1.05584030e+02,
    2.53316406e+02, 1.12034035e+02, 2.60872833e+02, 1.18408195e+02,
    2.68376709e+02, 1.24775772e+02, 2.75919739e+02, 1.31110168e+02,
    2.83403900e+02, 1.37370422e+02, 2.90919342e+02, 1.43667770e+02,
    2.39560471e+02, 1.12657394e+02, 2.47090576e+02, 1.19184570e+02,
    2.54694534e+02, 1.25633995e+02, 2.62277710e+02, 1.31941177e+02,
    2.69808533e+02, 1.38261948e+02, 2.77357269e+02, 1.44574768e+02,
    2.84923218e+02, 1.50868820e+02, 2.33246185e+02, 1.19937614e+02,
    2.40883514e+02, 1.26374123e+02, 2.48477463e+02, 1.32786148e+02,
    2.56147186e+02, 1.39140442e+02, 2.63687836e+02, 1.45504059e+02,
    2.71241089e+02, 1.51804092e+02, 2.78808929e+02, 1.58149521e+02,
    2.26964417e+02, 1.27032005e+02, 2.34596710e+02, 1.33639572e+02,
    2.42228928e+02, 1.40072220e+02, 2.49877975e+02, 1.46435791e+02,
    2.57459106e+02, 1.52798187e+02, 2.65092041e+02, 1.59158676e+02,
    2.72646210e+02, 1.65457260e+02 ]
