%YAML:1.0
---
points: [ 9.04878723e+02, 4.74850647e+02, 9.32681091e+02, 4.75412018e+02,
    9.60450317e+02, 4.75823822e+02, 9.87723450e+02, 4.76353210e+02,
    1.01492090e+03, 4.76783844e+02, 1.04159167e+03, 4.77235321e+02,
    1.06795093e+03, 4.77587097e+02, 9.04745789e+02, 5.03730560e+02,
    9.32590820e+02, 5.04110077e+02, 9.60361145e+02, 5.04294922e+02,
    9.87570557e+02, 5.04664673e+02, 1.01486469e+03, 5.04985535e+02,
    1.04146289e+03, 5.05195831e+02, 1.06792700e+03, 5.05491974e+02,
    9.04636780e+02, 5.32742615e+02, 9.32542053e+02, 5.32907654e+02,
    9.60291443e+02, 5.32976562e+02, 9.87531616e+02, 5.33025330e+02,
    1.01471289e+03, 5.33170471e+02, 1.04140417e+03, 5.33230713e+02,
    1.06789099e+03, 5.33366272e+02, 9.04432068e+02, 5.61613586e+02,
    9.32497620e+02, 5.61513367e+02, 9.60235291e+02, 5.61433838e+02,
    9.87488892e+02, 5.61381531e+02, 1.01464429e+03, 5.61313232e+02,
    1.04138110e+03, 5.61213318e+02, 1.06784766e+03, 5.61132629e+02,
    9.04185181e+02, 5.90784607e+02, 9.32369812e+02, 5.90413391e+02,
    9.60122620e+02, 5.90046204e+02, 9.87364502e+02, 5.89778259e+02,
    1.01456323e+03, 5.89404846e+02, 1.04129504e+03, 5.89126953e+02,
    1.06784351e+03, 5.88938477e+02, 9.04109680e+02, 6.19609192e+02,
    9.32326477e+02, 6.19117798e+02, 9.60047974e+02, 6.18572632e+02,
    9.87379028e+02, 6.18207397e+02, 1.01454016e+03, 6.17617615e+02,
    1.04145715e+03, 6.17259766e+02, 1.06777563e+03, 6.16819641e+02,
    9.04180664e+02, 6.48649963e+02, 9.32324707e+02, 6.47776245e+02,
    9.60023865e+02, 6.47170837e+02, 9.87441895e+02, 6.46441650e+02,
    1.01468121e+03, 6.45773560e+02, 1.04150378e+03, 6.45372375e+02,
    1.06797595e+03, 6.44690918e+02, 9.03970825e+02, 6.77559937e+02,
    9.32337585e+02, 6.76622070e+02, 9.60029846e+02, 6.75735107e+02,
    9.87482727e+02, 6.74996887e+02, 1.01472656e+03, 6.74293640e+02,
    1.04163293e+03, 6.73304932e+02, 1.06802795e+03, 6.72496216e+02,
    9.03940125e+02, 7.06820557e+02, 9.32315002e+02, 7.05664551e+02,
    9.60215393e+02, 7.04511169e+02, 9.87463989e+02, 7.03443787e+02,
    1.01481317e+03, 7.02550476e+02, 1.04164087e+03, 7.01526794e+02,
    1.06829785e+03, 7.00717773e+02 ]
