%YAML:1.0
---
points: [ 2.53399551e+02, 9.37611008e+01, 2.62952881e+02, 9.42815857e+01,
    2.72678345e+02, 9.46913528e+01, 2.82178284e+02, 9.52094879e+01,
    2.91742096e+02, 9.55194550e+01, 3.01224701e+02, 9.59736023e+01,
    3.10817474e+02, 9.63643188e+01, 2.53109619e+02, 1.03650406e+02,
    2.62728668e+02, 1.04152580e+02, 2.72391479e+02, 1.04452141e+02,
    2.81880341e+02, 1.05053543e+02, 2.91455902e+02, 1.05257515e+02,
    3.00929321e+02, 1.05653847e+02, 3.10480560e+02, 1.06036346e+02,
    2.52850571e+02, 1.13288795e+02, 2.62526154e+02, 1.13816521e+02,
    2.72061249e+02, 1.14248161e+02, 2.81690582e+02, 1.14512566e+02,
    2.91121033e+02, 1.15074974e+02, 3.00677734e+02, 1.15313728e+02,
    3.10078278e+02, 1.15658264e+02, 2.52671860e+02, 1.23301666e+02,
    2.62196899e+02, 1.23558296e+02, 2.71834320e+02, 1.24117386e+02,
    2.81368805e+02, 1.24371071e+02, 2.90917358e+02, 1.24665123e+02,
    3.00318420e+02, 1.25104248e+02, 3.09854034e+02, 1.25345322e+02,
    2.52374802e+02, 1.33013138e+02, 2.61949738e+02, 1.33304199e+02,
    2.71539368e+02, 1.33699005e+02, 2.81071136e+02, 1.34120270e+02,
    2.90551910e+02, 1.34363525e+02, 3.00129517e+02, 1.34591141e+02,
    3.09521545e+02, 1.35055069e+02, 2.52084229e+02, 1.42673752e+02,
    2.61742798e+02, 1.43153534e+02, 2.71269623e+02, 1.43392365e+02,
    2.80784241e+02, 1.43647751e+02, 2.90264008e+02, 1.44042938e+02,
    2.99747742e+02, 1.44258362e+02, 3.09202545e+02, 1.44484314e+02,
    2.51880676e+02, 1.52236008e+02, 2.61466705e+02, 1.52562057e+02,
    2.70977600e+02, 1.53115112e+02, 2.80468842e+02, 1.53329468e+02,
    2.90052643e+02, 1.53530243e+02, 2.99427795e+02, 1.53800293e+02,
    3.08984589e+02, 1.54194977e+02, 2.51655045e+02, 1.62055740e+02,
    2.61250488e+02, 1.62313217e+02, 2.70738708e+02, 1.62473816e+02,
    2.80238281e+02, 1.62761795e+02, 2.89771790e+02, 1.63193634e+02,
    2.99220245e+02, 1.63356201e+02, 3.08681488e+02, 1.63569077e+02,
    2.51484924e+02, 1.71462265e+02, 2.61033569e+02, 1.71843323e+02,
    2.70536377e+02, 1.72141876e+02, 2.79967804e+02, 1.72322281e+02,
    2.89386475e+02, 1.72603729e+02, 2.99021515e+02, 1.72886978e+02,
    3.08313141e+02, 1.73222214e+02 ]
