%YAML:1.0
---
points: [ 8.76487793e+02, 1.74568771e+02, 8.75476074e+02, 2.05234375e+02,
    8.74545227e+02, 2.35684433e+02, 8.73412964e+02, 2.65859802e+02,
    8.72204529e+02, 2.96128418e+02, 8.70918701e+02, 3.25779999e+02,
    8.69726990e+02, 3.55586456e+02, 8.48007568e+02, 1.74986374e+02,
    8.47199097e+02, 2.05558334e+02, 8.46060303e+02, 2.35880066e+02,
    8.45007935e+02, 2.65805328e+02, 8.43937012e+02, 2.95769409e+02,
    8.42816833e+02, 3.25463074e+02, 8.41617493e+02, 3.55167358e+02,
    8.19632507e+02, 1.75380325e+02, 8.18900879e+02, 2.05812012e+02,
    8.18011475e+02, 2.35915283e+02, 8.17132629e+02, 2.65654327e+02,
    8.16076477e+02, 2.95597595e+02, 8.14821472e+02, 3.25098358e+02,
    8.13700378e+02, 3.54583618e+02, 7.91689087e+02, 1.75805054e+02,
    7.91047791e+02, 2.06119522e+02, 7.90259399e+02, 2.36029144e+02,
    7.89375916e+02, 2.65602509e+02, 7.88240601e+02, 2.95309174e+02,
    7.87279968e+02, 3.24701752e+02, 7.86199768e+02, 3.54068085e+02,
    7.64285339e+02, 1.76220428e+02, 7.63539429e+02, 2.06279190e+02,
    7.62681885e+02, 2.36037567e+02, 7.61718079e+02, 2.65509064e+02,
    7.60753540e+02, 2.95104828e+02, 7.59763000e+02, 3.24369781e+02,
    7.58779358e+02, 3.53512054e+02, 7.36805176e+02, 1.76403717e+02,
    7.36184387e+02, 2.06408493e+02, 7.35330322e+02, 2.35960770e+02,
    7.34436035e+02, 2.65363220e+02, 7.33588623e+02, 2.94659607e+02,
    7.32666443e+02, 3.23869873e+02, 7.31819214e+02, 3.52892426e+02,
    7.09514587e+02, 1.76597321e+02, 7.08940308e+02, 2.06426468e+02,
    7.08276672e+02, 2.35939835e+02, 7.07331421e+02, 2.65212372e+02,
    7.06587402e+02, 2.94276245e+02, 7.05634827e+02, 3.23448608e+02,
    7.04720032e+02, 3.52219604e+02, 6.82465820e+02, 1.76882004e+02,
    6.81870239e+02, 2.06556168e+02, 6.81320679e+02, 2.35753418e+02,
    6.80550720e+02, 2.64987030e+02, 6.79746704e+02, 2.93867401e+02,
    6.78759521e+02, 3.22837646e+02, 6.77862732e+02, 3.51498901e+02,
    6.55693726e+02, 1.77124100e+02, 6.55186951e+02, 2.06584259e+02,
    6.54533569e+02, 2.35670181e+02, 6.53773193e+02, 2.64658569e+02,
    6.53217896e+02, 2.93523132e+02, 6.52291382e+02, 3.22418274e+02,
    6.51390259e+02, 3.50865387e+02 ]
