%YAML:1.0
---
points: [ 8.82059448e+02, 1.81626694e+02, 9.10709595e+02, 1.83259415e+02,
    9.39156616e+02, 1.84661880e+02, 9.67430725e+02, 1.86173706e+02,
    9.95704407e+02, 1.87425827e+02, 1.02357910e+03, 1.88419601e+02,
    1.05168958e+03, 1.89544312e+02, 8.81593445e+02, 2.10775635e+02,
    9.10020081e+02, 2.12492493e+02, 9.38518005e+02, 2.13702713e+02,
    9.66556335e+02, 2.14820816e+02, 9.94803589e+02, 2.16122818e+02,
    1.02280884e+03, 2.17357407e+02, 1.05073303e+03, 2.18234161e+02,
    8.81029602e+02, 2.39635818e+02, 9.09465515e+02, 2.41092224e+02,
    9.37711365e+02, 2.42468216e+02, 9.65792114e+02, 2.43598984e+02,
    9.94052795e+02, 2.44646973e+02, 1.02210419e+03, 2.45697510e+02,
    1.04993994e+03, 2.46697113e+02, 8.80424133e+02, 2.68531952e+02,
    9.08781982e+02, 2.69817322e+02, 9.37203247e+02, 2.71070404e+02,
    9.65206909e+02, 2.72185577e+02, 9.93285889e+02, 2.73256744e+02,
    1.02128320e+03, 2.74347717e+02, 1.04933618e+03, 2.75258148e+02,
    8.79780334e+02, 2.97393524e+02, 9.08222107e+02, 2.98512482e+02,
    9.36396545e+02, 2.99671570e+02, 9.64528015e+02, 3.00753143e+02,
    9.92502747e+02, 3.01700073e+02, 1.02055664e+03, 3.02679443e+02,
    1.04832288e+03, 3.03529236e+02, 8.79237610e+02, 3.25854706e+02,
    9.07402527e+02, 3.27122223e+02, 9.35690796e+02, 3.28110992e+02,
    9.63823059e+02, 3.29083313e+02, 9.91743958e+02, 3.29861969e+02,
    1.01975073e+03, 3.30911987e+02, 1.04760974e+03, 3.31779724e+02,
    8.78614258e+02, 3.54413696e+02, 9.06794067e+02, 3.55354279e+02,
    9.34987732e+02, 3.56407135e+02, 9.63170166e+02, 3.57204895e+02,
    9.91032593e+02, 3.58151337e+02, 1.01913214e+03, 3.59008728e+02,
    1.04686292e+03, 3.59722839e+02, 8.77990112e+02, 3.82584412e+02,
    9.06269165e+02, 3.83545502e+02, 9.34345825e+02, 3.84532837e+02,
    9.62353027e+02, 3.85489471e+02, 9.90459961e+02, 3.86293152e+02,
    1.01820215e+03, 3.87182037e+02, 1.04602063e+03, 3.87864044e+02,
    8.77201782e+02, 4.10858490e+02, 9.05640442e+02, 4.11817474e+02,
    9.33728455e+02, 4.12578979e+02, 9.61703247e+02, 4.13419098e+02,
    9.89700989e+02, 4.14289368e+02, 1.01752325e+03, 4.15069519e+02,
    1.04524561e+03, 4.15976349e+02 ]
