%YAML:1.0
---
points: [ 3.21238770e+02, 1.33602371e+02, 3.15356476e+02, 1.40467026e+02,
    3.09488007e+02, 1.47407166e+02, 3.03540833e+02, 1.54411041e+02,
    2.97590485e+02, 1.61498550e+02, 2.91536469e+02, 1.68606232e+02,
    2.85466766e+02, 1.75806015e+02, 3.13930054e+02, 1.27334129e+02,
    3.08092194e+02, 1.34175903e+02, 3.02162201e+02, 1.41131302e+02,
    2.96196075e+02, 1.48115982e+02, 2.90189301e+02, 1.55167099e+02,
    2.84159363e+02, 1.62222961e+02, 2.78010315e+02, 1.69347427e+02,
    3.06714661e+02, 1.21066833e+02, 3.00769012e+02, 1.27861122e+02,
    2.94848877e+02, 1.34839996e+02, 2.88852203e+02, 1.41805725e+02,
    2.82813019e+02, 1.48832077e+02, 2.76691742e+02, 1.55876358e+02,
    2.70574463e+02, 1.62942902e+02, 2.99376129e+02, 1.14812813e+02,
    2.93457977e+02, 1.21598534e+02, 2.87524323e+02, 1.28498032e+02,
    2.81433441e+02, 1.35397614e+02, 2.75339111e+02, 1.42412018e+02,
    2.69271912e+02, 1.49406525e+02, 2.63106079e+02, 1.56493103e+02,
    2.92185760e+02, 1.08462128e+02, 2.86172485e+02, 1.15233887e+02,
    2.80212585e+02, 1.22104248e+02, 2.74124847e+02, 1.29071213e+02,
    2.68052307e+02, 1.35973877e+02, 2.61804596e+02, 1.43031448e+02,
    2.55583908e+02, 1.50061264e+02, 2.84897034e+02, 1.02035110e+02,
    2.78933136e+02, 1.08855766e+02, 2.72860168e+02, 1.15676460e+02,
    2.66739746e+02, 1.22593147e+02, 2.60639984e+02, 1.29507858e+02,
    2.54375626e+02, 1.36526703e+02, 2.48135330e+02, 1.43491013e+02,
    2.77630676e+02, 9.57104187e+01, 2.71580322e+02, 1.02420052e+02,
    2.65448792e+02, 1.09258980e+02, 2.59323395e+02, 1.16088028e+02,
    2.53131378e+02, 1.23019356e+02, 2.46827286e+02, 1.29961929e+02,
    2.40584579e+02, 1.36934525e+02, 2.70324921e+02, 8.93575821e+01,
    2.64272247e+02, 9.60560989e+01, 2.58134552e+02, 1.02800987e+02,
    2.51977127e+02, 1.09710251e+02, 2.45714920e+02, 1.16584991e+02,
    2.39413483e+02, 1.23434555e+02, 2.33057220e+02, 1.30361923e+02,
    2.63073395e+02, 8.28453217e+01, 2.56917328e+02, 8.95883179e+01,
    2.50764862e+02, 9.63278427e+01, 2.44492737e+02, 1.03167313e+02,
    2.38228821e+02, 1.10002556e+02, 2.31858459e+02, 1.16873283e+02,
    2.25418274e+02, 1.23757408e+02 ]
