%YAML:1.0
---
points: [ 8.31143921e+02, 1.09125923e+02, 8.60106262e+02, 1.12559540e+02,
    8.89286926e+02, 1.15749367e+02, 9.18105530e+02, 1.19029625e+02,
    9.46634521e+02, 1.22147675e+02, 9.75359680e+02, 1.25039528e+02,
    1.00396497e+03, 1.28008392e+02, 8.28724792e+02, 1.34762039e+02,
    8.58078979e+02, 1.38271561e+02, 8.87029602e+02, 1.41397461e+02,
    9.16359009e+02, 1.44605133e+02, 9.45075745e+02, 1.47676910e+02,
    9.73906067e+02, 1.50611008e+02, 1.00261151e+03, 1.53462418e+02,
    8.26399963e+02, 1.60956131e+02, 8.55703918e+02, 1.64220154e+02,
    8.85237427e+02, 1.67318481e+02, 9.14333984e+02, 1.70524887e+02,
    9.43451111e+02, 1.73532532e+02, 9.72386108e+02, 1.76483612e+02,
    1.00131879e+03, 1.79258041e+02, 8.23918457e+02, 1.87344055e+02,
    8.53500793e+02, 1.90549210e+02, 8.83100037e+02, 1.93548859e+02,
    9.12439758e+02, 1.96704330e+02, 9.41837891e+02, 1.99669357e+02,
    9.70781128e+02, 2.02570267e+02, 1.00001581e+03, 2.05266449e+02,
    8.21540100e+02, 2.13824905e+02, 8.51338013e+02, 2.17058395e+02,
    8.80963806e+02, 2.20104004e+02, 9.10708496e+02, 2.23240891e+02,
    9.39849609e+02, 2.26104767e+02, 9.69453369e+02, 2.28926880e+02,
    9.98579895e+02, 2.31511368e+02, 8.18964722e+02, 2.40530563e+02,
    8.49106567e+02, 2.43746765e+02, 8.79000488e+02, 2.46685547e+02,
    9.08588806e+02, 2.49728775e+02, 9.38350342e+02, 2.52675156e+02,
    9.67789062e+02, 2.55417038e+02, 9.97354858e+02, 2.57900146e+02,
    8.16554260e+02, 2.67654449e+02, 8.46790833e+02, 2.70779846e+02,
    8.76713867e+02, 2.73821320e+02, 9.06786621e+02, 2.76739746e+02,
    9.36565796e+02, 2.79705109e+02, 9.66196289e+02, 2.82325836e+02,
    9.96136536e+02, 2.84857605e+02, 8.13778748e+02, 2.95300079e+02,
    8.44469421e+02, 2.98249725e+02, 8.74686340e+02, 3.01314728e+02,
    9.04852905e+02, 3.04190643e+02, 9.34681274e+02, 3.07033081e+02,
    9.64692200e+02, 3.09541931e+02, 9.94604919e+02, 3.12085968e+02,
    8.11401550e+02, 3.23148682e+02, 8.42090454e+02, 3.25898621e+02,
    8.72467712e+02, 3.28929016e+02, 9.02816895e+02, 3.31836182e+02,
    9.32911072e+02, 3.34556763e+02, 9.63173401e+02, 3.37273315e+02,
    9.93218750e+02, 3.39590637e+02 ]
