%YAML:1.0
---
points: [ 1.00933771e+03, 1.58783417e+02, 1.00825342e+03, 1.88549225e+02,
    1.00748767e+03, 2.18123611e+02, 1.00663171e+03, 2.47213120e+02,
    1.00585150e+03, 2.76259430e+02, 1.00499481e+03, 3.04973511e+02,
    1.00429218e+03, 3.33418304e+02, 9.80821533e+02, 1.58054993e+02,
    9.80177368e+02, 1.87914337e+02, 9.79282898e+02, 2.17478714e+02,
    9.78610779e+02, 2.46483429e+02, 9.77817444e+02, 2.75551239e+02,
    9.77138611e+02, 3.04207062e+02, 9.76297791e+02, 3.32768188e+02,
    9.52523315e+02, 1.57305298e+02, 9.51884827e+02, 1.87244232e+02,
    9.51110352e+02, 2.16762405e+02, 9.50471863e+02, 2.45713623e+02,
    9.49815430e+02, 2.75011322e+02, 9.49224731e+02, 3.03504761e+02,
    9.48643188e+02, 3.32100922e+02, 9.23963196e+02, 1.56478119e+02,
    9.23493225e+02, 1.86438492e+02, 9.22985229e+02, 2.16032318e+02,
    9.22487793e+02, 2.45173965e+02, 9.21878418e+02, 2.74232880e+02,
    9.21462158e+02, 3.03014374e+02, 9.20790039e+02, 3.31455658e+02,
    8.95634460e+02, 1.55780167e+02, 8.95190186e+02, 1.85702194e+02,
    8.94778015e+02, 2.15209656e+02, 8.94221069e+02, 2.44483002e+02,
    8.93890076e+02, 2.73428436e+02, 8.93242798e+02, 3.02366028e+02,
    8.92819458e+02, 3.30743530e+02, 8.67012085e+02, 1.54967743e+02,
    8.66737732e+02, 1.84858246e+02, 8.66326355e+02, 2.14441025e+02,
    8.66089172e+02, 2.43691055e+02, 8.65675598e+02, 2.72588043e+02,
    8.65376465e+02, 3.01631195e+02, 8.65000854e+02, 3.30101288e+02,
    8.38546936e+02, 1.54148193e+02, 8.38297791e+02, 1.83961578e+02,
    8.38148987e+02, 2.13549637e+02, 8.37873352e+02, 2.42785583e+02,
    8.37652771e+02, 2.71848816e+02, 8.37317383e+02, 3.00693329e+02,
    8.37110718e+02, 3.29290619e+02, 8.09960510e+02, 1.53256943e+02,
    8.09925415e+02, 1.82990646e+02, 8.09749390e+02, 2.12663055e+02,
    8.09559875e+02, 2.41862442e+02, 8.09252319e+02, 2.71131897e+02,
    8.09171082e+02, 2.99922577e+02, 8.08949707e+02, 3.28531342e+02,
    7.81324280e+02, 1.52202942e+02, 7.81237244e+02, 1.82232864e+02,
    7.81229919e+02, 2.11777679e+02, 7.81164734e+02, 2.41000107e+02,
    7.81193970e+02, 2.70237549e+02, 7.81026978e+02, 2.99037720e+02,
    7.80857239e+02, 3.27735138e+02 ]
