%YAML:1.0
---
points: [ 3.07465912e+02, 1.19387260e+02, 3.05863800e+02, 1.29744293e+02,
    3.04336823e+02, 1.39802902e+02, 3.02826874e+02, 1.49633682e+02,
    3.01416382e+02, 1.59382996e+02, 3.00007721e+02, 1.69117737e+02,
    2.98517975e+02, 1.78514603e+02, 2.97481354e+02, 1.18273964e+02,
    2.96137299e+02, 1.28577148e+02, 2.94642792e+02, 1.38719162e+02,
    2.93199738e+02, 1.48553467e+02, 2.91822205e+02, 1.58310272e+02,
    2.90431152e+02, 1.67931580e+02, 2.89157257e+02, 1.77381485e+02,
    2.87740295e+02, 1.17345825e+02, 2.86365021e+02, 1.27451790e+02,
    2.84994019e+02, 1.37604889e+02, 2.83618988e+02, 1.47506683e+02,
    2.82320374e+02, 1.57349319e+02, 2.81045502e+02, 1.66893433e+02,
    2.79731873e+02, 1.76291458e+02, 2.77694580e+02, 1.16076904e+02,
    2.76384949e+02, 1.26381058e+02, 2.75177979e+02, 1.36455856e+02,
    2.73972656e+02, 1.46375778e+02, 2.72722168e+02, 1.56083755e+02,
    2.71438354e+02, 1.65801987e+02, 2.70323029e+02, 1.75235962e+02,
    2.68057526e+02, 1.14954178e+02, 2.66660980e+02, 1.25239510e+02,
    2.65523895e+02, 1.35326706e+02, 2.64316193e+02, 1.45339752e+02,
    2.63169403e+02, 1.55147491e+02, 2.62054108e+02, 1.64610199e+02,
    2.60906799e+02, 1.74102127e+02, 2.57880951e+02, 1.13467224e+02,
    2.56935059e+02, 1.24117706e+02, 2.55757721e+02, 1.34229401e+02,
    2.54675354e+02, 1.44178726e+02, 2.53619614e+02, 1.54030655e+02,
    2.52582794e+02, 1.63628998e+02, 2.51539383e+02, 1.73023148e+02,
    2.48766388e+02, 1.14083603e+02, 2.47090347e+02, 1.22963188e+02,
    2.46017014e+02, 1.32971527e+02, 2.44986359e+02, 1.43053421e+02,
    2.43997620e+02, 1.52806686e+02, 2.43073883e+02, 1.62427475e+02,
    2.42054001e+02, 1.71971588e+02, 2.38359375e+02, 1.11385963e+02,
    2.37247726e+02, 1.21840179e+02, 2.36281906e+02, 1.31780685e+02,
    2.35497849e+02, 1.41948898e+02, 2.34497391e+02, 1.51804688e+02,
    2.33616104e+02, 1.61477081e+02, 2.32670776e+02, 1.70855286e+02,
    2.28421738e+02, 1.10251648e+02, 2.27493515e+02, 1.20751152e+02,
    2.26692184e+02, 1.30746674e+02, 2.25733353e+02, 1.40756500e+02,
    2.24881027e+02, 1.50558487e+02, 2.24012939e+02, 1.60240265e+02,
    2.23233475e+02, 1.69788635e+02 ]
