%YAML:1.0
---
points: [ 2.96611786e+02, 8.59821854e+01, 2.96144012e+02, 9.59754486e+01,
    2.95812408e+02, 1.06060989e+02, 2.95425568e+02, 1.15858482e+02,
    2.95106781e+02, 1.25717194e+02, 2.94786652e+02, 1.35335556e+02,
    2.94389618e+02, 1.45241989e+02, 2.86841278e+02, 8.55897064e+01,
    2.86577118e+02, 9.57831116e+01, 2.86225861e+02, 1.05744820e+02,
    2.85878479e+02, 1.15627228e+02, 2.85572388e+02, 1.25393990e+02,
    2.85215515e+02, 1.35284729e+02, 2.84995636e+02, 1.45052109e+02,
    2.77263977e+02, 8.54013672e+01, 2.76967865e+02, 9.54929428e+01,
    2.76701172e+02, 1.05474190e+02, 2.76378174e+02, 1.15419266e+02,
    2.76040222e+02, 1.25285271e+02, 2.75828003e+02, 1.35177689e+02,
    2.75495605e+02, 1.44687927e+02, 2.67593262e+02, 8.52615204e+01,
    2.67361511e+02, 9.52027206e+01, 2.66977844e+02, 1.05334793e+02,
    2.66749542e+02, 1.15244713e+02, 2.66560333e+02, 1.25155586e+02,
    2.66235809e+02, 1.34882797e+02, 2.65981415e+02, 1.44430984e+02,
    2.57914429e+02, 8.51040649e+01, 2.57741302e+02, 9.51330795e+01,
    2.57530792e+02, 1.05206795e+02, 2.57239624e+02, 1.15095642e+02,
    2.56913177e+02, 1.25014351e+02, 2.56796448e+02, 1.34543167e+02,
    2.56634796e+02, 1.44309326e+02, 2.48292786e+02, 8.47475967e+01,
    2.48059753e+02, 9.49508820e+01, 2.47841553e+02, 1.04897263e+02,
    2.47743729e+02, 1.14766068e+02, 2.47510483e+02, 1.24644455e+02,
    2.47334961e+02, 1.34358109e+02, 2.47094604e+02, 1.44093597e+02,
    2.38685867e+02, 8.43590469e+01, 2.38524368e+02, 9.46737442e+01,
    2.38262360e+02, 1.04543976e+02, 2.38103287e+02, 1.14480484e+02,
    2.37879532e+02, 1.24304138e+02, 2.37837738e+02, 1.34194260e+02,
    2.37622025e+02, 1.43910675e+02, 2.28821594e+02, 8.41631699e+01,
    2.28687805e+02, 9.43831635e+01, 2.28673737e+02, 1.04203575e+02,
    2.28624557e+02, 1.14337776e+02, 2.28506058e+02, 1.24188637e+02,
    2.28304214e+02, 1.33913452e+02, 2.28161911e+02, 1.43565216e+02,
    2.19243973e+02, 8.38649902e+01, 2.19169968e+02, 9.41706390e+01,
    2.18989807e+02, 1.04010864e+02, 2.18907593e+02, 1.14055054e+02,
    2.18854263e+02, 1.23869591e+02, 2.18757797e+02, 1.33584579e+02,
    2.18637894e+02, 1.43422134e+02 ]
