%YAML:1.0
---
points: [ 2.54800385e+02, 9.93417282e+01, 2.64284576e+02, 1.02725662e+02,
    2.73573242e+02, 1.06161400e+02, 2.83071106e+02, 1.09787560e+02,
    2.92335846e+02, 1.13113571e+02, 3.01926849e+02, 1.16341240e+02,
    3.11303894e+02, 1.19763290e+02, 2.51564301e+02, 1.09216240e+02,
    2.60909668e+02, 1.12646973e+02, 2.70227844e+02, 1.15888039e+02,
    2.79542969e+02, 1.19280952e+02, 2.89078918e+02, 1.22772568e+02,
    2.98224915e+02, 1.26021706e+02, 3.07724457e+02, 1.29466995e+02,
    2.48297653e+02, 1.18909439e+02, 2.57733765e+02, 1.22424850e+02,
    2.66960785e+02, 1.25660355e+02, 2.76173645e+02, 1.29065247e+02,
    2.85544891e+02, 1.32335342e+02, 2.94846985e+02, 1.35849747e+02,
    3.04056305e+02, 1.39132492e+02, 2.45131271e+02, 1.28506927e+02,
    2.54213165e+02, 1.31869736e+02, 2.63631042e+02, 1.35262466e+02,
    2.73197876e+02, 1.38508774e+02, 2.82074615e+02, 1.41995132e+02,
    2.91334137e+02, 1.45257156e+02, 3.00613586e+02, 1.48495697e+02,
    2.41923096e+02, 1.38027695e+02, 2.51149841e+02, 1.41369980e+02,
    2.60105560e+02, 1.44637360e+02, 2.69328613e+02, 1.48151703e+02,
    2.78656708e+02, 1.51390167e+02, 2.87774567e+02, 1.54548035e+02,
    2.97096130e+02, 1.57962769e+02, 2.38820023e+02, 1.47312408e+02,
    2.47884842e+02, 1.50760971e+02, 2.57000305e+02, 1.54125412e+02,
    2.66632751e+02, 1.56498978e+02, 2.75247620e+02, 1.60765701e+02,
    2.84368530e+02, 1.63827515e+02, 2.93635712e+02, 1.67172958e+02,
    2.35709259e+02, 1.56631424e+02, 2.44804886e+02, 1.59942352e+02,
    2.53753372e+02, 1.63188171e+02, 2.62898773e+02, 1.66695908e+02,
    2.71842133e+02, 1.69832230e+02, 2.81070038e+02, 1.73290710e+02,
    2.90109894e+02, 1.76352478e+02, 2.32667557e+02, 1.65793747e+02,
    2.41556290e+02, 1.69128006e+02, 2.50705566e+02, 1.72371597e+02,
    2.59753387e+02, 1.75536575e+02, 2.68688354e+02, 1.78904785e+02,
    2.77664490e+02, 1.82166809e+02, 2.86742920e+02, 1.85372314e+02,
    2.29483292e+02, 1.74876755e+02, 2.38573120e+02, 1.78156891e+02,
    2.47430176e+02, 1.81304733e+02, 2.56532288e+02, 1.84644623e+02,
    2.65424347e+02, 1.87788696e+02, 2.74357147e+02, 1.91115891e+02,
    2.83390778e+02, 1.94359879e+02 ]
