%YAML:1.0
---
points: [ 8.22492249e+02, 2.03041672e+02, 8.52608704e+02, 2.03333435e+02,
    8.82473022e+02, 2.03703964e+02, 9.12557434e+02, 2.04174561e+02,
    9.42597717e+02, 2.04447784e+02, 9.72637207e+02, 2.04688263e+02,
    1.00264062e+03, 2.04934448e+02, 8.23227539e+02, 2.34447571e+02,
    8.53200012e+02, 2.34787338e+02, 8.82802490e+02, 2.35202759e+02,
    9.12560730e+02, 2.35508728e+02, 9.42428833e+02, 2.35824341e+02,
    9.72141418e+02, 2.36150940e+02, 1.00194409e+03, 2.36385330e+02,
    8.24003845e+02, 2.65410522e+02, 8.53567566e+02, 2.65704041e+02,
    8.83154846e+02, 2.66156097e+02, 9.12648438e+02, 2.66394440e+02,
    9.42267761e+02, 2.66616211e+02, 9.71662659e+02, 2.66942169e+02,
    1.00127942e+03, 2.67189667e+02, 8.24775879e+02, 2.95735565e+02,
    8.54106140e+02, 2.96101318e+02, 8.83443481e+02, 2.96457886e+02,
    9.12674072e+02, 2.96656281e+02, 9.42048828e+02, 2.97004852e+02,
    9.71244507e+02, 2.97362244e+02, 1.00064124e+03, 2.97507843e+02,
    8.25506897e+02, 3.25492584e+02, 8.54556702e+02, 3.25846130e+02,
    8.83626953e+02, 3.26275574e+02, 9.12724121e+02, 3.26547852e+02,
    9.41810303e+02, 3.26884460e+02, 9.70779297e+02, 3.27181366e+02,
    9.99987854e+02, 3.27508087e+02, 8.26262817e+02, 3.55089874e+02,
    8.54960327e+02, 3.55399323e+02, 8.83988403e+02, 3.55598053e+02,
    9.12770203e+02, 3.55903442e+02, 9.41587891e+02, 3.56224487e+02,
    9.70428101e+02, 3.56501740e+02, 9.99387756e+02, 3.56812195e+02,
    8.26838562e+02, 3.83933136e+02, 8.55455750e+02, 3.84200623e+02,
    8.84289551e+02, 3.84530243e+02, 9.12800964e+02, 3.84877167e+02,
    9.41354797e+02, 3.85239258e+02, 9.70121094e+02, 3.85508942e+02,
    9.98672119e+02, 3.85774994e+02, 8.27598389e+02, 4.12499054e+02,
    8.55889709e+02, 4.12682281e+02, 8.84485718e+02, 4.12978271e+02,
    9.12778076e+02, 4.13298889e+02, 9.41198730e+02, 4.13496979e+02,
    9.69610535e+02, 4.13777191e+02, 9.97968811e+02, 4.14184479e+02,
    8.28199768e+02, 4.40544037e+02, 8.56284790e+02, 4.40811554e+02,
    8.84625549e+02, 4.41134277e+02, 9.12791382e+02, 4.41239990e+02,
    9.40934387e+02, 4.41545166e+02, 9.69332703e+02, 4.41998657e+02,
    9.97377441e+02, 4.42401398e+02 ]
