%YAML:1.0
---
points: [ 1.02508142e+03, 2.07124954e+02, 1.02348340e+03, 2.34607803e+02,
    1.02215662e+03, 2.62027435e+02, 1.02068927e+03, 2.89652924e+02,
    1.01935339e+03, 3.17364838e+02, 1.01793188e+03, 3.45132202e+02,
    1.01660864e+03, 3.72771942e+02, 9.96781189e+02, 2.04544357e+02,
    9.95399597e+02, 2.32228363e+02, 9.93705444e+02, 2.59876831e+02,
    9.92312195e+02, 2.87317505e+02, 9.90809875e+02, 3.14886993e+02,
    9.89362366e+02, 3.42716370e+02, 9.87661682e+02, 3.70676605e+02,
    9.68673462e+02, 2.01964890e+02, 9.66879761e+02, 2.29602081e+02,
    9.65402100e+02, 2.57333130e+02, 9.63783142e+02, 2.85030975e+02,
    9.62236572e+02, 3.12577759e+02, 9.60547913e+02, 3.40447601e+02,
    9.58922058e+02, 3.68483307e+02, 9.40230286e+02, 1.99424103e+02,
    9.38544556e+02, 2.27290039e+02, 9.36794006e+02, 2.54917709e+02,
    9.35092834e+02, 2.82491180e+02, 9.33378906e+02, 3.10343140e+02,
    9.31666321e+02, 3.38293793e+02, 9.29899536e+02, 3.66286133e+02,
    9.11704407e+02, 1.96999481e+02, 9.09858643e+02, 2.24642639e+02,
    9.08119934e+02, 2.52479568e+02, 9.06350708e+02, 2.80228088e+02,
    9.04558655e+02, 3.07987976e+02, 9.02655457e+02, 3.35697052e+02,
    9.00932251e+02, 3.64127441e+02, 8.83025330e+02, 1.94334946e+02,
    8.81245483e+02, 2.22131805e+02, 8.79392456e+02, 2.49796005e+02,
    8.77438965e+02, 2.77484833e+02, 8.75537842e+02, 3.05475586e+02,
    8.73588501e+02, 3.33549347e+02, 8.71643066e+02, 3.61624084e+02,
    8.54401794e+02, 1.91538971e+02, 8.52478882e+02, 2.19295761e+02,
    8.50397766e+02, 2.47088974e+02, 8.48506897e+02, 2.74932892e+02,
    8.46479553e+02, 3.02827637e+02, 8.44548157e+02, 3.30841248e+02,
    8.42507629e+02, 3.59265320e+02, 8.25457825e+02, 1.88684479e+02,
    8.23430481e+02, 2.16519943e+02, 8.21390015e+02, 2.44501907e+02,
    8.19319580e+02, 2.72219116e+02, 8.17272888e+02, 3.00341278e+02,
    8.15153381e+02, 3.28504150e+02, 8.12795471e+02, 3.56634216e+02,
    7.96454102e+02, 1.86017517e+02, 7.94342163e+02, 2.13648758e+02,
    7.92110840e+02, 2.41517334e+02, 7.89983459e+02, 2.69569824e+02,
    7.87621033e+02, 2.97596741e+02, 7.85566406e+02, 3.25690063e+02,
    7.83303467e+02, 3.54345581e+02 ]
