%YAML:1.0
---
points: [ 3.01943298e+02, 1.02174812e+02, 3.01456573e+02, 1.11439186e+02,
    3.01044617e+02, 1.20944977e+02, 3.00546448e+02, 1.30238358e+02,
    3.00183960e+02, 1.39560928e+02, 2.99823822e+02, 1.49160873e+02,
    2.99358124e+02, 1.58615097e+02, 2.92271240e+02, 1.01309349e+02,
    2.91881744e+02, 1.10810783e+02, 2.91357239e+02, 1.20135887e+02,
    2.90920929e+02, 1.29457016e+02, 2.90478790e+02, 1.38980881e+02,
    2.90063629e+02, 1.48341522e+02, 2.89609589e+02, 1.57843399e+02,
    2.82777222e+02, 1.00488518e+02, 2.82313751e+02, 1.09882690e+02,
    2.81830139e+02, 1.19317535e+02, 2.81327850e+02, 1.28722672e+02,
    2.80845886e+02, 1.38150787e+02, 2.80328369e+02, 1.47558746e+02,
    2.79891571e+02, 1.57204544e+02, 2.73164459e+02, 9.96788635e+01,
    2.72656799e+02, 1.09158676e+02, 2.71991669e+02, 1.18502571e+02,
    2.71550201e+02, 1.27932510e+02, 2.71074829e+02, 1.37421463e+02,
    2.70524689e+02, 1.46884384e+02, 2.70075531e+02, 1.56314728e+02,
    2.63513062e+02, 9.89412079e+01, 2.62996979e+02, 1.08318855e+02,
    2.62387085e+02, 1.17699120e+02, 2.61789703e+02, 1.27236679e+02,
    2.61317139e+02, 1.36538116e+02, 2.60777374e+02, 1.46078110e+02,
    2.60232300e+02, 1.55616776e+02, 2.53755188e+02, 9.80225601e+01,
    2.53254868e+02, 1.07494400e+02, 2.52703186e+02, 1.16878220e+02,
    2.52114334e+02, 1.26234711e+02, 2.51540695e+02, 1.35807419e+02,
    2.50947815e+02, 1.45316208e+02, 2.50338989e+02, 1.54815460e+02,
    2.44138336e+02, 9.71199417e+01, 2.43558441e+02, 1.06510742e+02,
    2.42789627e+02, 1.15983246e+02, 2.42323151e+02, 1.25332680e+02,
    2.41654633e+02, 1.34912338e+02, 2.41145386e+02, 1.44420013e+02,
    2.40451416e+02, 1.54129028e+02, 2.34403854e+02, 9.62490921e+01,
    2.33654007e+02, 1.05763229e+02, 2.33125534e+02, 1.14988724e+02,
    2.32487976e+02, 1.24528496e+02, 2.31801819e+02, 1.34056213e+02,
    2.31196350e+02, 1.43600586e+02, 2.30498856e+02, 1.53192520e+02,
    2.24578568e+02, 9.52220383e+01, 2.23905518e+02, 1.04716942e+02,
    2.23260971e+02, 1.14197411e+02, 2.22569336e+02, 1.23564514e+02,
    2.21854782e+02, 1.33277710e+02, 2.21258591e+02, 1.42694534e+02,
    2.20493088e+02, 1.52338303e+02 ]
