%YAML:1.0
---
points: [ 1.02828760e+03, 5.50175903e+02, 9.98641541e+02, 5.51695679e+02,
    9.69179382e+02, 5.53395325e+02, 9.39528564e+02, 5.54720398e+02,
    9.09816101e+02, 5.56242249e+02, 8.80115784e+02, 5.57719788e+02,
    8.50286865e+02, 5.59223938e+02, 1.02621375e+03, 5.21634583e+02,
    9.96684998e+02, 5.23298706e+02, 9.67346191e+02, 5.24629822e+02,
    9.37923950e+02, 5.26167847e+02, 9.08369263e+02, 5.27611389e+02,
    8.78833069e+02, 5.28916748e+02, 8.49223694e+02, 5.30280212e+02,
    1.02380505e+03, 4.93397888e+02, 9.94703186e+02, 4.94981995e+02,
    9.65439087e+02, 4.96474518e+02, 9.36400024e+02, 4.97772980e+02,
    9.06851990e+02, 4.99223907e+02, 8.77545227e+02, 5.00608368e+02,
    8.48207520e+02, 5.01952393e+02, 1.02172845e+03, 4.65570435e+02,
    9.92626099e+02, 4.67114929e+02, 9.63673950e+02, 4.68544769e+02,
    9.34564026e+02, 4.69955872e+02, 9.05513367e+02, 4.71244568e+02,
    8.76282410e+02, 4.72438019e+02, 8.47075256e+02, 4.73776550e+02,
    1.01956848e+03, 4.38231293e+02, 9.90738220e+02, 4.39578552e+02,
    9.61803650e+02, 4.40965424e+02, 9.33080811e+02, 4.42302856e+02,
    9.03918701e+02, 4.43638397e+02, 8.75088135e+02, 4.44706909e+02,
    8.45805969e+02, 4.45930267e+02, 1.01752649e+03, 4.11010345e+02,
    9.88833801e+02, 4.12430817e+02, 9.60108887e+02, 4.13635345e+02,
    9.31497192e+02, 4.14814026e+02, 9.02531860e+02, 4.16220215e+02,
    8.73710266e+02, 4.17403473e+02, 8.44749756e+02, 4.18530518e+02,
    1.01548401e+03, 3.83983124e+02, 9.86828186e+02, 3.85526520e+02,
    9.58416870e+02, 3.86703308e+02, 9.29754028e+02, 3.87747986e+02,
    9.01314148e+02, 3.88924377e+02, 8.72499634e+02, 3.90244080e+02,
    8.43662231e+02, 3.91253754e+02, 1.01336237e+03, 3.57301971e+02,
    9.85116821e+02, 3.58695251e+02, 9.56578796e+02, 3.59925049e+02,
    9.28311890e+02, 3.61050385e+02, 8.99794861e+02, 3.62182526e+02,
    8.71286316e+02, 3.63220551e+02, 8.42684814e+02, 3.64343414e+02,
    1.01150201e+03, 3.30847870e+02, 9.83236694e+02, 3.32274841e+02,
    9.54890930e+02, 3.33471436e+02, 9.26770447e+02, 3.34480377e+02,
    8.98380249e+02, 3.35535004e+02, 8.69999329e+02, 3.36570770e+02,
    8.41523926e+02, 3.37602325e+02 ]
