%YAML:1.0
---
points: [ 2.20581955e+02, 1.65793182e+02, 2.20080017e+02, 1.75262558e+02,
    2.19768570e+02, 1.84783905e+02, 2.19665695e+02, 1.94179474e+02,
    2.19298813e+02, 2.03649323e+02, 2.18833694e+02, 2.13109314e+02,
    2.18592072e+02, 2.22527405e+02, 2.10867004e+02, 1.65579788e+02,
    2.10688248e+02, 1.74861496e+02, 2.10460449e+02, 1.84506958e+02,
    2.09868912e+02, 1.93813156e+02, 2.09775452e+02, 2.03344681e+02,
    2.09636047e+02, 2.12688065e+02, 2.09160095e+02, 2.22378769e+02,
    2.01563248e+02, 1.65099899e+02, 2.01224899e+02, 1.74689468e+02,
    2.00831879e+02, 1.83938629e+02, 2.00678146e+02, 1.93627121e+02,
    2.00393600e+02, 2.02896271e+02, 1.99807724e+02, 2.12626892e+02,
    1.99598801e+02, 2.21927765e+02, 1.91983139e+02, 1.64790680e+02,
    1.91755371e+02, 1.74353638e+02, 1.91538818e+02, 1.83707336e+02,
    1.91151962e+02, 1.93215820e+02, 1.90792572e+02, 2.02722977e+02,
    1.90612183e+02, 2.12204849e+02, 1.90207321e+02, 2.21763718e+02,
    1.82691742e+02, 1.64599457e+02, 1.82252350e+02, 1.73867325e+02,
    1.81926666e+02, 1.83521713e+02, 1.81717972e+02, 1.92855972e+02,
    1.81408081e+02, 2.02522629e+02, 1.80888794e+02, 2.11823654e+02,
    1.80663589e+02, 2.21517654e+02, 1.72929550e+02, 1.64054016e+02,
    1.72770645e+02, 1.73664139e+02, 1.72562683e+02, 1.82984741e+02,
    1.72189835e+02, 1.92623917e+02, 1.71873215e+02, 2.01976349e+02,
    1.71616104e+02, 2.11683411e+02, 1.71116211e+02, 2.21021622e+02,
    1.63580902e+02, 1.63760803e+02, 1.63213608e+02, 1.73314240e+02,
    1.62812500e+02, 1.82754532e+02, 1.62610397e+02, 1.92263489e+02,
    1.62254776e+02, 2.01749542e+02, 1.61820953e+02, 2.11268906e+02,
    1.61573151e+02, 2.20750198e+02, 1.53851807e+02, 1.63571121e+02,
    1.53707382e+02, 1.72836288e+02, 1.53491486e+02, 1.82557632e+02,
    1.53024704e+02, 1.91863556e+02, 1.52740829e+02, 2.01525848e+02,
    1.52397964e+02, 2.10809296e+02, 1.51924042e+02, 2.20618637e+02,
    1.44475937e+02, 1.62944916e+02, 1.44036667e+02, 1.72681351e+02,
    1.43768555e+02, 1.81997849e+02, 1.43607056e+02, 1.91688187e+02,
    1.43103195e+02, 2.00977127e+02, 1.42760941e+02, 2.10698715e+02,
    1.42280106e+02, 2.20132660e+02 ]
