%YAML:1.0
---
points: [ 3.07969177e+02, 1.13234276e+02, 3.06123688e+02, 1.23572479e+02,
    3.04327972e+02, 1.33673203e+02, 3.02599609e+02, 1.43578934e+02,
    3.00889618e+02, 1.53346100e+02, 2.99250427e+02, 1.63031631e+02,
    2.97557983e+02, 1.72475204e+02, 2.97957214e+02, 1.11775795e+02,
    2.96375671e+02, 1.22152496e+02, 2.94656647e+02, 1.32334152e+02,
    2.92898224e+02, 1.42143066e+02, 2.91297455e+02, 1.51932678e+02,
    2.89684937e+02, 1.61689514e+02, 2.88185883e+02, 1.71085907e+02,
    2.88271759e+02, 1.10531563e+02, 2.86649994e+02, 1.20698303e+02,
    2.84988190e+02, 1.30987961e+02, 2.83414886e+02, 1.40858109e+02,
    2.81845764e+02, 1.50722946e+02, 2.80313629e+02, 1.60245407e+02,
    2.78738617e+02, 1.69780411e+02, 2.78260040e+02, 1.09006775e+02,
    2.76713776e+02, 1.19349724e+02, 2.75268463e+02, 1.29540451e+02,
    2.73740692e+02, 1.39609863e+02, 2.72274719e+02, 1.49268982e+02,
    2.70777222e+02, 1.59006943e+02, 2.69356171e+02, 1.68401443e+02,
    2.68498718e+02, 1.07588066e+02, 2.66974274e+02, 1.17945084e+02,
    2.65653900e+02, 1.28125778e+02, 2.64136230e+02, 1.38102432e+02,
    2.62785675e+02, 1.47974640e+02, 2.61345673e+02, 1.57655930e+02,
    2.60025604e+02, 1.67116379e+02, 2.58466766e+02, 1.05963676e+02,
    2.57036133e+02, 1.16545120e+02, 2.55643509e+02, 1.26870148e+02,
    2.54630035e+02, 1.36786697e+02, 2.53168518e+02, 1.46552307e+02,
    2.51897202e+02, 1.56229919e+02, 2.50569183e+02, 1.65836411e+02,
    2.49549088e+02, 1.07040016e+02, 2.47992844e+02, 1.13351845e+02,
    2.46216568e+02, 1.25199585e+02, 2.44791580e+02, 1.35449066e+02,
    2.43611801e+02, 1.45197418e+02, 2.42369080e+02, 1.54847778e+02,
    2.41220734e+02, 1.64421783e+02, 2.39016083e+02, 1.03358902e+02,
    2.37536026e+02, 1.13748451e+02, 2.36274445e+02, 1.23727638e+02,
    2.35286041e+02, 1.33959930e+02, 2.34089310e+02, 1.43850113e+02,
    2.33048737e+02, 1.53620438e+02, 2.31777802e+02, 1.63037643e+02,
    2.28976746e+02, 1.01694168e+02, 2.27714951e+02, 1.12363441e+02,
    2.26760269e+02, 1.22491798e+02, 2.25626984e+02, 1.32563080e+02,
    2.24499481e+02, 1.42421295e+02, 2.23357544e+02, 1.52168167e+02,
    2.22335205e+02, 1.61766281e+02 ]
