%YAML:1.0
---
points: [ 1.04086243e+03, 2.39552826e+02, 1.03598071e+03, 2.69956970e+02,
    1.03148547e+03, 2.99553070e+02, 1.02671155e+03, 3.28867157e+02,
    1.02224249e+03, 3.57570404e+02, 1.01769385e+03, 3.85878418e+02,
    1.01342993e+03, 4.13556305e+02, 1.01180200e+03, 2.35459213e+02,
    1.00722205e+03, 2.65696442e+02, 1.00263330e+03, 2.95592377e+02,
    9.98390747e+02, 3.24579468e+02, 9.94252686e+02, 3.53655182e+02,
    9.90132324e+02, 3.81817474e+02, 9.85787598e+02, 4.09563049e+02,
    9.82722290e+02, 2.31241821e+02, 9.78490906e+02, 2.61536560e+02,
    9.74375793e+02, 2.91476379e+02, 9.70203186e+02, 3.20561707e+02,
    9.66003540e+02, 3.49476654e+02, 9.62148376e+02, 3.77756012e+02,
    9.58295715e+02, 4.05697723e+02, 9.53670837e+02, 2.27158707e+02,
    9.49643311e+02, 2.57415863e+02, 9.45698303e+02, 2.87227356e+02,
    9.41955505e+02, 3.16579529e+02, 9.38092712e+02, 3.45442688e+02,
    9.34206299e+02, 3.73772827e+02, 9.30438843e+02, 4.01906036e+02,
    9.24684570e+02, 2.22670654e+02, 9.21059082e+02, 2.53253571e+02,
    9.17358704e+02, 2.83096985e+02, 9.13473206e+02, 3.12451172e+02,
    9.10049561e+02, 3.41450897e+02, 9.06379211e+02, 3.69970337e+02,
    9.02669250e+02, 3.97755341e+02, 8.95664978e+02, 2.18401657e+02,
    8.92173767e+02, 2.49013672e+02, 8.88597473e+02, 2.78875854e+02,
    8.85265137e+02, 3.08389587e+02, 8.81668457e+02, 3.37394073e+02,
    8.78466248e+02, 3.65803406e+02, 8.75189392e+02, 3.93661804e+02,
    8.66572876e+02, 2.14089447e+02, 8.63424927e+02, 2.44708084e+02,
    8.60095459e+02, 2.74739899e+02, 8.56760315e+02, 3.04150146e+02,
    8.53628052e+02, 3.33403137e+02, 8.50430908e+02, 3.61641144e+02,
    8.47476929e+02, 3.89768616e+02, 8.37451721e+02, 2.09665588e+02,
    8.34331665e+02, 2.40403564e+02, 8.31423523e+02, 2.70556549e+02,
    8.28426270e+02, 3.00111237e+02, 8.25433472e+02, 3.29124481e+02,
    8.22520447e+02, 3.57664948e+02, 8.19461853e+02, 3.85878418e+02,
    8.08145020e+02, 2.05407684e+02, 8.05430237e+02, 2.36056793e+02,
    8.02571594e+02, 2.66284760e+02, 7.99759888e+02, 2.95854736e+02,
    7.97131470e+02, 3.24833160e+02, 7.94345215e+02, 3.53680237e+02,
    7.91550842e+02, 3.81777710e+02 ]
