%YAML:1.0
---
points: [ 8.38151672e+02, 3.86446808e+02, 8.66720947e+02, 3.88687561e+02,
    8.95701294e+02, 3.91360260e+02, 9.24950500e+02, 3.93646423e+02,
    9.54227112e+02, 3.96272522e+02, 9.84048523e+02, 3.98642761e+02,
    1.01399054e+03, 4.01306610e+02, 8.36905457e+02, 4.15952515e+02,
    8.65358826e+02, 4.18537781e+02, 8.94144226e+02, 4.21124268e+02,
    9.23159363e+02, 4.23719788e+02, 9.52387329e+02, 4.26313324e+02,
    9.81668274e+02, 4.28923859e+02, 1.01175745e+03, 4.31488861e+02,
    8.35702759e+02, 4.45134155e+02, 8.64120605e+02, 4.47792664e+02,
    8.92500000e+02, 4.50446503e+02, 9.21487671e+02, 4.53266388e+02,
    9.50296021e+02, 4.55741699e+02, 9.79797363e+02, 4.58634766e+02,
    1.00930939e+03, 4.61336884e+02, 8.34585083e+02, 4.73791260e+02,
    8.62679565e+02, 4.76612335e+02, 8.91089355e+02, 4.79392761e+02,
    9.19586304e+02, 4.82127869e+02, 9.48566284e+02, 4.85112701e+02,
    9.77557129e+02, 4.87790924e+02, 1.00702576e+03, 4.90903625e+02,
    8.33397339e+02, 5.02375305e+02, 8.61322571e+02, 5.05142792e+02,
    8.89577026e+02, 5.08017609e+02, 9.18059753e+02, 5.10878845e+02,
    9.46552734e+02, 5.13817139e+02, 9.75470703e+02, 5.17010498e+02,
    1.00464282e+03, 5.19943787e+02, 8.32322205e+02, 5.30352844e+02,
    8.59840820e+02, 5.33422424e+02, 8.87916870e+02, 5.36342285e+02,
    9.16346680e+02, 5.39459778e+02, 9.44604736e+02, 5.42483521e+02,
    9.73456848e+02, 5.45577515e+02, 1.00229041e+03, 5.49080261e+02,
    8.31065979e+02, 5.58364563e+02, 8.58620972e+02, 5.61275818e+02,
    8.86389648e+02, 5.64489990e+02, 9.14523254e+02, 5.67493042e+02,
    9.42738159e+02, 5.70686707e+02, 9.71276917e+02, 5.74056396e+02,
    1.00019409e+03, 5.77313171e+02, 8.29660156e+02, 5.85800354e+02,
    8.57348572e+02, 5.88741638e+02, 8.84877319e+02, 5.92078857e+02,
    9.12764343e+02, 5.95335083e+02, 9.40858459e+02, 5.98498291e+02,
    9.69345093e+02, 6.02008301e+02, 9.97721863e+02, 6.05494263e+02,
    8.28464539e+02, 6.13088684e+02, 8.55703552e+02, 6.16314453e+02,
    8.83389709e+02, 6.19401489e+02, 9.11179321e+02, 6.22857727e+02,
    9.38957947e+02, 6.26136597e+02, 9.67172119e+02, 6.29662109e+02,
    9.95625427e+02, 6.33507812e+02 ]
