%YAML:1.0
---
points: [ 2.28757996e+02, 2.67362091e+02, 2.19223862e+02, 2.67679810e+02,
    2.09789001e+02, 2.67931885e+02, 2.00251633e+02, 2.68397217e+02,
    1.90729767e+02, 2.68760956e+02, 1.81133240e+02, 2.68947113e+02,
    1.71638733e+02, 2.69460022e+02, 2.28559631e+02, 2.57840179e+02,
    2.18877472e+02, 2.58232147e+02, 2.09639648e+02, 2.58599182e+02,
    1.99915222e+02, 2.58796082e+02, 1.90558105e+02, 2.59170898e+02,
    1.80891006e+02, 2.59732300e+02, 1.71300140e+02, 2.59902954e+02,
    2.28015335e+02, 2.48625183e+02, 2.18721420e+02, 2.48782944e+02,
    2.09225159e+02, 2.49066574e+02, 1.99700699e+02, 2.49477112e+02,
    1.90237137e+02, 2.49778473e+02, 1.80749237e+02, 2.49926041e+02,
    1.70906860e+02, 2.50474075e+02, 2.27774445e+02, 2.39092270e+02,
    2.18511398e+02, 2.39452835e+02, 2.08940201e+02, 2.39662460e+02,
    1.99490692e+02, 2.39882431e+02, 1.89886063e+02, 2.40270126e+02,
    1.80450653e+02, 2.40664215e+02, 1.70761612e+02, 2.40887863e+02,
    2.27682892e+02, 2.29720520e+02, 2.18107697e+02, 2.29847565e+02,
    2.08795380e+02, 2.30187927e+02, 1.99203522e+02, 2.30552261e+02,
    1.89744690e+02, 2.30784988e+02, 1.80073792e+02, 2.31139801e+02,
    1.70516983e+02, 2.31605896e+02, 2.27269699e+02, 2.20150055e+02,
    2.17838715e+02, 2.20504913e+02, 2.08402115e+02, 2.20777878e+02,
    1.98872498e+02, 2.21116547e+02, 1.89446320e+02, 2.21612106e+02,
    1.79724167e+02, 2.21831406e+02, 1.70147202e+02, 2.21978241e+02,
    2.26928894e+02, 2.10519638e+02, 2.17587189e+02, 2.11005173e+02,
    2.07940277e+02, 2.11574570e+02, 1.98671799e+02, 2.11639664e+02,
    1.89063217e+02, 2.11908615e+02, 1.79542221e+02, 2.12293182e+02,
    1.69791245e+02, 2.12650269e+02, 2.26633560e+02, 2.01196121e+02,
    2.17178543e+02, 2.01685547e+02, 2.07741852e+02, 2.01886459e+02,
    1.98312225e+02, 2.02334702e+02, 1.88790848e+02, 2.02612061e+02,
    1.79204315e+02, 2.02776474e+02, 1.69611053e+02, 2.03077225e+02,
    2.26261353e+02, 1.91914413e+02, 2.16777863e+02, 1.92356079e+02,
    2.07556580e+02, 1.92723572e+02, 1.97875793e+02, 1.92786118e+02,
    1.88502747e+02, 1.93081284e+02, 1.78806778e+02, 1.93379120e+02,
    1.69227737e+02, 1.93673203e+02 ]
