%YAML:1.0
---
points: [ 2.51712921e+02, 1.11035866e+02, 2.61752899e+02, 1.11589241e+02,
    2.71705139e+02, 1.12112137e+02, 2.81780548e+02, 1.12386108e+02,
    2.91734039e+02, 1.12917885e+02, 3.01806458e+02, 1.13224075e+02,
    3.11824249e+02, 1.13559456e+02, 2.51274765e+02, 1.21745537e+02,
    2.61297577e+02, 1.22062927e+02, 2.71182495e+02, 1.22539818e+02,
    2.81141693e+02, 1.22878685e+02, 2.91168030e+02, 1.23215096e+02,
    3.01008698e+02, 1.23458214e+02, 3.11064148e+02, 1.23929878e+02,
    2.50873276e+02, 1.31570251e+02, 2.60811188e+02, 1.32288177e+02,
    2.70833313e+02, 1.32468613e+02, 2.80630005e+02, 1.33135925e+02,
    2.90435181e+02, 1.33288132e+02, 3.00353088e+02, 1.33828033e+02,
    3.10297241e+02, 1.34259567e+02, 2.50442963e+02, 1.41933380e+02,
    2.60521667e+02, 1.42266220e+02, 2.70304260e+02, 1.42702087e+02,
    2.80142853e+02, 1.43190598e+02, 2.89860962e+02, 1.43436844e+02,
    2.99678650e+02, 1.43871613e+02, 3.09634460e+02, 1.44217178e+02,
    2.50255280e+02, 1.51859940e+02, 2.60013977e+02, 1.52334900e+02,
    2.69741852e+02, 1.52642929e+02, 2.79451965e+02, 1.53156082e+02,
    2.89224854e+02, 1.53354019e+02, 2.99085693e+02, 1.53811157e+02,
    3.08910614e+02, 1.54360260e+02, 2.49847565e+02, 1.61774780e+02,
    2.59652222e+02, 1.62176254e+02, 2.69269623e+02, 1.62439484e+02,
    2.79010956e+02, 1.62854874e+02, 2.88694000e+02, 1.63296295e+02,
    2.98367859e+02, 1.63641068e+02, 3.08233948e+02, 1.64048645e+02,
    2.49609375e+02, 1.71377380e+02, 2.59269470e+02, 1.71849854e+02,
    2.68815247e+02, 1.72249634e+02, 2.78433533e+02, 1.72581558e+02,
    2.88083374e+02, 1.73149689e+02, 2.97819672e+02, 1.73403137e+02,
    3.07449005e+02, 1.73838608e+02, 2.49245834e+02, 1.81164261e+02,
    2.58743591e+02, 1.81417130e+02, 2.68354462e+02, 1.81849091e+02,
    2.77976471e+02, 1.82209488e+02, 2.87464386e+02, 1.82652267e+02,
    2.97156555e+02, 1.83084702e+02, 3.06903473e+02, 1.83377228e+02,
    2.48863495e+02, 1.90542221e+02, 2.58408447e+02, 1.91031769e+02,
    2.67931152e+02, 1.91336502e+02, 2.77448639e+02, 1.91705444e+02,
    2.86928589e+02, 1.92135788e+02, 2.96503967e+02, 1.92554031e+02,
    3.06170349e+02, 1.92999878e+02 ]
