%YAML:1.0
---
points: [ 8.75677490e+02, 2.33323746e+02, 9.05249084e+02, 2.34606552e+02,
    9.34417114e+02, 2.35812897e+02, 9.63970032e+02, 2.37195969e+02,
    9.93263428e+02, 2.38525970e+02, 1.02256384e+03, 2.39606934e+02,
    1.05236047e+03, 2.40641937e+02, 8.74951904e+02, 2.63652222e+02,
    9.04119019e+02, 2.65136414e+02, 9.33433777e+02, 2.66362885e+02,
    9.62619324e+02, 2.67543304e+02, 9.91694763e+02, 2.68776703e+02,
    1.02119861e+03, 2.70100922e+02, 1.05033142e+03, 2.71181305e+02,
    8.74307861e+02, 2.93696014e+02, 9.03271118e+02, 2.95181030e+02,
    9.32267212e+02, 2.96533295e+02, 9.61364624e+02, 2.97620483e+02,
    9.90418457e+02, 2.98739746e+02, 1.01944501e+03, 3.00041901e+02,
    1.04855542e+03, 3.01419556e+02, 8.73554749e+02, 3.23572998e+02,
    9.02261292e+02, 3.24715363e+02, 9.31308472e+02, 3.26015472e+02,
    9.60136108e+02, 3.27428192e+02, 9.88974243e+02, 3.28518707e+02,
    1.01787958e+03, 3.29584290e+02, 1.04682019e+03, 3.30742706e+02,
    8.72874695e+02, 3.52804840e+02, 9.01514832e+02, 3.54158844e+02,
    9.30139038e+02, 3.55465576e+02, 9.58851990e+02, 3.56542725e+02,
    9.87473450e+02, 3.57712921e+02, 1.01642834e+03, 3.59018768e+02,
    1.04489514e+03, 3.60324463e+02, 8.72025818e+02, 3.81959930e+02,
    9.00639160e+02, 3.83126099e+02, 9.29132629e+02, 3.84327759e+02,
    9.57719116e+02, 3.85596222e+02, 9.86271606e+02, 3.86740753e+02,
    1.01466827e+03, 3.87834198e+02, 1.04347351e+03, 3.89098907e+02,
    8.71262695e+02, 4.10568481e+02, 8.99739990e+02, 4.11758270e+02,
    9.28085449e+02, 4.12842621e+02, 9.56481018e+02, 4.14104614e+02,
    9.84771301e+02, 4.15346680e+02, 1.01326984e+03, 4.16587677e+02,
    1.04164600e+03, 4.17695953e+02, 8.70537964e+02, 4.38854340e+02,
    8.98857117e+02, 4.40052856e+02, 9.27095642e+02, 4.41183105e+02,
    9.55248657e+02, 4.42436859e+02, 9.83510193e+02, 4.43727539e+02,
    1.01176501e+03, 4.44669495e+02, 1.04005835e+03, 4.45994751e+02,
    8.69874268e+02, 4.66873352e+02, 8.97878967e+02, 4.68008514e+02,
    9.25919128e+02, 4.69312866e+02, 9.54169800e+02, 4.70357635e+02,
    9.82119385e+02, 4.71466644e+02, 1.01031616e+03, 4.72742279e+02,
    1.03829126e+03, 4.74207733e+02 ]
