%YAML:1.0
---
points: [ 2.83237335e+02, 2.14691956e+02, 2.82658661e+02, 2.24283615e+02,
    2.82111572e+02, 2.33770218e+02, 2.81501862e+02, 2.43356323e+02,
    2.80907623e+02, 2.52868011e+02, 2.80335114e+02, 2.62298401e+02,
    2.79848053e+02, 2.72005188e+02, 2.73874359e+02, 2.14258301e+02,
    2.73284454e+02, 2.23818878e+02, 2.72721008e+02, 2.33300049e+02,
    2.72103455e+02, 2.42859161e+02, 2.71614227e+02, 2.52431046e+02,
    2.71142975e+02, 2.61983124e+02, 2.70519012e+02, 2.71624725e+02,
    2.64555084e+02, 2.13749802e+02, 2.63923035e+02, 2.23276413e+02,
    2.63379089e+02, 2.32809601e+02, 2.62818359e+02, 2.42424728e+02,
    2.62296722e+02, 2.52008179e+02, 2.61670807e+02, 2.61587433e+02,
    2.61100983e+02, 2.71239014e+02, 2.55112778e+02, 2.13135498e+02,
    2.54523239e+02, 2.22694260e+02, 2.53915833e+02, 2.32288803e+02,
    2.53329300e+02, 2.41937057e+02, 2.52762756e+02, 2.51533051e+02,
    2.52167328e+02, 2.61199951e+02, 2.51689362e+02, 2.70946442e+02,
    2.45601089e+02, 2.12614532e+02, 2.44971848e+02, 2.22163910e+02,
    2.44385132e+02, 2.31784164e+02, 2.43834488e+02, 2.41516647e+02,
    2.43300064e+02, 2.51068115e+02, 2.42685059e+02, 2.60905701e+02,
    2.42101654e+02, 2.70640686e+02, 2.35970734e+02, 2.12043488e+02,
    2.35510025e+02, 2.21649292e+02, 2.34850311e+02, 2.31393616e+02,
    2.34246414e+02, 2.41112350e+02, 2.33710190e+02, 2.50787140e+02,
    2.33050964e+02, 2.60604889e+02, 2.32593582e+02, 2.70357697e+02,
    2.26207993e+02, 2.11393890e+02, 2.25768051e+02, 2.21138519e+02,
    2.25071411e+02, 2.30940216e+02, 2.24511261e+02, 2.40603470e+02,
    2.23894180e+02, 2.50433899e+02, 2.23348877e+02, 2.60240662e+02,
    2.22776062e+02, 2.70063995e+02, 2.16518005e+02, 2.10778076e+02,
    2.15964264e+02, 2.20579498e+02, 2.15409653e+02, 2.30457108e+02,
    2.14772476e+02, 2.40184067e+02, 2.14174500e+02, 2.49948288e+02,
    2.13643814e+02, 2.59820862e+02, 2.12952652e+02, 2.69741943e+02,
    2.06768417e+02, 2.10327011e+02, 2.06116302e+02, 2.20127777e+02,
    2.05555649e+02, 2.29829788e+02, 2.04902466e+02, 2.39741745e+02,
    2.04325531e+02, 2.49564987e+02, 2.03721405e+02, 2.59457794e+02,
    2.03059814e+02, 2.69497894e+02 ]
