%YAML:1.0
---
points: [ 1.02237744e+03, 6.73706055e+02, 9.92472229e+02, 6.75277771e+02,
    9.62511169e+02, 6.76551819e+02, 9.32694641e+02, 6.77868347e+02,
    9.02569397e+02, 6.79510376e+02, 8.72855042e+02, 6.80860046e+02,
    8.42820557e+02, 6.82354736e+02, 1.02052136e+03, 6.44247009e+02,
    9.90747009e+02, 6.45616028e+02, 9.60975220e+02, 6.47109924e+02,
    9.31534058e+02, 6.48523010e+02, 9.01706604e+02, 6.49832520e+02,
    8.72102539e+02, 6.51246155e+02, 8.42443420e+02, 6.52650696e+02,
    1.01851300e+03, 6.15131836e+02, 9.89268311e+02, 6.16727783e+02,
    9.59579529e+02, 6.18103516e+02, 9.30231018e+02, 6.19401794e+02,
    9.00783936e+02, 6.20713745e+02, 8.71271912e+02, 6.22282593e+02,
    8.41914368e+02, 6.23531250e+02, 1.01675806e+03, 5.86533081e+02,
    9.87322205e+02, 5.87960876e+02, 9.58283020e+02, 5.89410645e+02,
    9.29072815e+02, 5.90818604e+02, 8.99898193e+02, 5.92230591e+02,
    8.70495911e+02, 5.93475891e+02, 8.41351074e+02, 5.94906006e+02,
    1.01489355e+03, 5.58487427e+02, 9.85834778e+02, 5.59883728e+02,
    9.56770203e+02, 5.61305725e+02, 9.27901794e+02, 5.62582886e+02,
    8.98795044e+02, 5.64066528e+02, 8.69903076e+02, 5.65366150e+02,
    8.40741638e+02, 5.66577698e+02, 1.01304462e+03, 5.30596436e+02,
    9.84350830e+02, 5.32242188e+02, 9.55456177e+02, 5.33529968e+02,
    9.26740845e+02, 5.34795532e+02, 8.97863220e+02, 5.36104431e+02,
    8.69273987e+02, 5.37439026e+02, 8.40245667e+02, 5.38716309e+02,
    1.01134857e+03, 5.03271057e+02, 9.82577576e+02, 5.04696503e+02,
    9.54096619e+02, 5.06258301e+02, 9.25586975e+02, 5.07476074e+02,
    8.96924622e+02, 5.08672699e+02, 8.68408386e+02, 5.09803528e+02,
    8.39665710e+02, 5.11340454e+02, 1.00956860e+03, 4.76420288e+02,
    9.81129150e+02, 4.77705780e+02, 9.52772095e+02, 4.79171692e+02,
    9.24374146e+02, 4.80399200e+02, 8.96086365e+02, 4.81609222e+02,
    8.67624146e+02, 4.82768250e+02, 8.39206726e+02, 4.84081177e+02,
    1.00782721e+03, 4.49712433e+02, 9.79600830e+02, 4.51143616e+02,
    9.51362915e+02, 4.52459534e+02, 9.23339905e+02, 4.53753967e+02,
    8.95252625e+02, 4.54881439e+02, 8.66824829e+02, 4.56128723e+02,
    8.38614258e+02, 4.57286194e+02 ]
