%YAML:1.0
---
points: [ 2.24828644e+02, 1.55814453e+02, 2.15347885e+02, 1.56182220e+02,
    2.05808319e+02, 1.56566849e+02, 1.96310120e+02, 1.57032166e+02,
    1.86799759e+02, 1.57451416e+02, 1.77275375e+02, 1.57695206e+02,
    1.67601074e+02, 1.58087204e+02, 2.24398987e+02, 1.46189560e+02,
    2.14843796e+02, 1.46550934e+02, 2.05287354e+02, 1.47105347e+02,
    1.95838074e+02, 1.47398392e+02, 1.86261871e+02, 1.47705429e+02,
    1.76698975e+02, 1.48186020e+02, 1.67188095e+02, 1.48627411e+02,
    2.23938583e+02, 1.36525848e+02, 2.14420898e+02, 1.37186417e+02,
    2.04863983e+02, 1.37423370e+02, 1.95363113e+02, 1.37812805e+02,
    1.85805588e+02, 1.38311066e+02, 1.76259048e+02, 1.38643600e+02,
    1.66695312e+02, 1.38885956e+02, 2.23533981e+02, 1.26930382e+02,
    2.13936676e+02, 1.27315361e+02, 2.04423782e+02, 1.27767845e+02,
    1.94805176e+02, 1.28213196e+02, 1.85295593e+02, 1.28594391e+02,
    1.75675018e+02, 1.28814987e+02, 1.66165848e+02, 1.29421188e+02,
    2.23105820e+02, 1.17215385e+02, 2.13551605e+02, 1.17724144e+02,
    2.03898682e+02, 1.18170441e+02, 1.94445755e+02, 1.18469231e+02,
    1.84760376e+02, 1.18971512e+02, 1.75283936e+02, 1.19373940e+02,
    1.65675659e+02, 1.19672035e+02, 2.22660934e+02, 1.07581833e+02,
    2.13091141e+02, 1.08089851e+02, 2.03556549e+02, 1.08399719e+02,
    1.93914108e+02, 1.08880997e+02, 1.84337143e+02, 1.09282471e+02,
    1.74733185e+02, 1.09652092e+02, 1.65167862e+02, 1.10043068e+02,
    2.22240524e+02, 9.78271255e+01, 2.12620743e+02, 9.83647156e+01,
    2.02977264e+02, 9.86677551e+01, 1.93520813e+02, 9.90785065e+01,
    1.83797409e+02, 9.96028290e+01, 1.74245346e+02, 9.99699783e+01,
    1.64646622e+02, 1.00384171e+02, 2.21740753e+02, 8.80650024e+01,
    2.12073425e+02, 8.83809052e+01, 2.02686005e+02, 8.89861603e+01,
    1.92847397e+02, 8.94316559e+01, 1.83337906e+02, 8.98025818e+01,
    1.73756012e+02, 9.02674637e+01, 1.64087799e+02, 9.06333847e+01,
    2.21382797e+02, 7.83528519e+01, 2.11653412e+02, 7.87518768e+01,
    2.01980057e+02, 7.91562347e+01, 1.92560608e+02, 7.97160187e+01,
    1.82783264e+02, 8.00083313e+01, 1.73260361e+02, 8.05125198e+01,
    1.63726837e+02, 8.09008331e+01 ]
