%YAML:1.0
---
points: [ 7.98842834e+02, 3.64393280e+02, 7.70905151e+02, 3.65548279e+02,
    7.42796509e+02, 3.66622131e+02, 7.14763916e+02, 3.67752716e+02,
    6.86515381e+02, 3.68804688e+02, 6.58479492e+02, 3.69889679e+02,
    6.30065674e+02, 3.70968811e+02, 7.97590088e+02, 3.36019592e+02,
    7.69529968e+02, 3.37308075e+02, 7.41520935e+02, 3.38554382e+02,
    7.13422241e+02, 3.39521667e+02, 6.85219910e+02, 3.40518738e+02,
    6.56814331e+02, 3.41586578e+02, 6.28603821e+02, 3.42703217e+02,
    7.96330994e+02, 3.07748932e+02, 7.68279236e+02, 3.08955811e+02,
    7.39934692e+02, 3.10132141e+02, 7.11974548e+02, 3.11326874e+02,
    6.83605957e+02, 3.12306122e+02, 6.55401672e+02, 3.13443115e+02,
    6.27088318e+02, 3.14281311e+02, 7.94964355e+02, 2.79354431e+02,
    7.66635132e+02, 2.80584503e+02, 7.38637512e+02, 2.81693207e+02,
    7.10425110e+02, 2.82771210e+02, 6.82098694e+02, 2.83865509e+02,
    6.53642456e+02, 2.84964539e+02, 6.25488281e+02, 2.85963287e+02,
    7.93498474e+02, 2.50702347e+02, 7.65410706e+02, 2.52023071e+02,
    7.37197449e+02, 2.53266785e+02, 7.08816650e+02, 2.54437820e+02,
    6.80530151e+02, 2.55389633e+02, 6.52344971e+02, 2.56473999e+02,
    6.23643799e+02, 2.57395691e+02, 7.92164368e+02, 2.22218414e+02,
    7.63908691e+02, 2.23398911e+02, 7.35606873e+02, 2.24523758e+02,
    7.07372925e+02, 2.25540894e+02, 6.78968872e+02, 2.26657654e+02,
    6.50430847e+02, 2.27806610e+02, 6.22268921e+02, 2.28694824e+02,
    7.90578186e+02, 1.93253937e+02, 7.62437988e+02, 1.94583328e+02,
    7.33904053e+02, 1.95799896e+02, 7.05730042e+02, 1.96748611e+02,
    6.77236450e+02, 1.97915787e+02, 6.48800354e+02, 1.98927719e+02,
    6.20395996e+02, 2.00019958e+02, 7.89309692e+02, 1.64472336e+02,
    7.60651917e+02, 1.65711548e+02, 7.32525452e+02, 1.66754593e+02,
    7.03959229e+02, 1.67887512e+02, 6.75587585e+02, 1.69210938e+02,
    6.47225037e+02, 1.70147751e+02, 6.18618591e+02, 1.71239639e+02,
    7.87583130e+02, 1.35318588e+02, 7.59340515e+02, 1.36549026e+02,
    7.30672791e+02, 1.37754944e+02, 7.02477051e+02, 1.39085159e+02,
    6.73965210e+02, 1.40145264e+02, 6.45418823e+02, 1.41147354e+02,
    6.16962158e+02, 1.42290298e+02 ]
