%YAML:1.0
---
points: [ 2.58138336e+02, 8.46158981e+01, 2.57893890e+02, 9.46167984e+01,
    2.57770630e+02, 1.04447121e+02, 2.57695404e+02, 1.14432144e+02,
    2.57578949e+02, 1.24291382e+02, 2.57407288e+02, 1.34104172e+02,
    2.57232391e+02, 1.43845673e+02, 2.48512115e+02, 8.43877945e+01,
    2.48353912e+02, 9.45332108e+01, 2.48182693e+02, 1.04351379e+02,
    2.48022659e+02, 1.14355446e+02, 2.47992981e+02, 1.24229660e+02,
    2.47933167e+02, 1.33926559e+02, 2.47801178e+02, 1.43729568e+02,
    2.38750275e+02, 8.42846146e+01, 2.38683273e+02, 9.44340439e+01,
    2.38675583e+02, 1.04260025e+02, 2.38601425e+02, 1.14278419e+02,
    2.38621475e+02, 1.24067749e+02, 2.38356064e+02, 1.33808640e+02,
    2.38223907e+02, 1.43656021e+02, 2.29180359e+02, 8.42280884e+01,
    2.29082214e+02, 9.42788239e+01, 2.28931519e+02, 1.04133644e+02,
    2.28866852e+02, 1.14169411e+02, 2.28904053e+02, 1.23879936e+02,
    2.28828934e+02, 1.33636459e+02, 2.28775284e+02, 1.43518600e+02,
    2.19579147e+02, 8.40738144e+01, 2.19514282e+02, 9.41757889e+01,
    2.19535812e+02, 1.03936035e+02, 2.19516586e+02, 1.14006226e+02,
    2.19395248e+02, 1.23687927e+02, 2.19402649e+02, 1.33501282e+02,
    2.19302490e+02, 1.43298019e+02, 2.09769028e+02, 8.39022293e+01,
    2.09816818e+02, 9.39330368e+01, 2.09734512e+02, 1.03766953e+02,
    2.09790955e+02, 1.13674400e+02, 2.09773895e+02, 1.23442001e+02,
    2.09760117e+02, 1.33383652e+02, 2.09758621e+02, 1.43112869e+02,
    2.00075760e+02, 8.37493896e+01, 2.00109711e+02, 9.37288208e+01,
    2.00145264e+02, 1.03570038e+02, 2.00146286e+02, 1.13565346e+02,
    2.00174545e+02, 1.23316071e+02, 2.00160355e+02, 1.33151657e+02,
    2.00193359e+02, 1.42900879e+02, 1.90543320e+02, 8.36205597e+01,
    1.90587891e+02, 9.36781845e+01, 1.90628510e+02, 1.03431969e+02,
    1.90635452e+02, 1.13418144e+02, 1.90621750e+02, 1.23164932e+02,
    1.90647186e+02, 1.32909622e+02, 1.90656540e+02, 1.42713547e+02,
    1.80759964e+02, 8.35403900e+01, 1.80764664e+02, 9.33856506e+01,
    1.80870819e+02, 1.03285385e+02, 1.80869965e+02, 1.13192619e+02,
    1.81008057e+02, 1.22947144e+02, 1.80989182e+02, 1.32742416e+02,
    1.80977249e+02, 1.42508591e+02 ]
