%YAML:1.0
---
points: [ 8.96247253e+02, 1.54594086e+02, 8.95882812e+02, 1.84195389e+02,
    8.95650391e+02, 2.13531647e+02, 8.95508728e+02, 2.42783249e+02,
    8.95347656e+02, 2.71685730e+02, 8.94963135e+02, 3.00586151e+02,
    8.94894836e+02, 3.29273804e+02, 8.67699707e+02, 1.54269577e+02,
    8.67503906e+02, 1.83678116e+02, 8.67362183e+02, 2.13225723e+02,
    8.67184570e+02, 2.42293396e+02, 8.67000977e+02, 2.71389709e+02,
    8.67023987e+02, 3.00102631e+02, 8.66809509e+02, 3.28695343e+02,
    8.39169495e+02, 1.53727692e+02, 8.39135254e+02, 1.83192017e+02,
    8.39132263e+02, 2.12722733e+02, 8.39086731e+02, 2.41809219e+02,
    8.39052856e+02, 2.70809937e+02, 8.38872803e+02, 2.99630615e+02,
    8.38763611e+02, 3.28339966e+02, 8.10775330e+02, 1.53317749e+02,
    8.10885681e+02, 1.82736954e+02, 8.10891541e+02, 2.12292572e+02,
    8.10909241e+02, 2.41270645e+02, 8.10858276e+02, 2.70452911e+02,
    8.10935974e+02, 2.99080994e+02, 8.10934448e+02, 3.27841248e+02,
    7.82162231e+02, 1.52589478e+02, 7.82270996e+02, 1.82301575e+02,
    7.82455811e+02, 2.11645355e+02, 7.82498291e+02, 2.40736298e+02,
    7.82669250e+02, 2.69934937e+02, 7.82671692e+02, 2.98553131e+02,
    7.82682129e+02, 3.27286377e+02, 7.53602844e+02, 1.51897476e+02,
    7.53870911e+02, 1.81585800e+02, 7.54057861e+02, 2.11034668e+02,
    7.54228088e+02, 2.40160400e+02, 7.54350037e+02, 2.69203827e+02,
    7.54469666e+02, 2.98102509e+02, 7.54451294e+02, 3.26690216e+02,
    7.24909180e+02, 1.51256653e+02, 7.25137146e+02, 1.81045685e+02,
    7.25466614e+02, 2.10319916e+02, 7.25806946e+02, 2.39583984e+02,
    7.26058411e+02, 2.68544830e+02, 7.26098450e+02, 2.97403259e+02,
    7.26259033e+02, 3.26019165e+02, 6.96257935e+02, 1.50654526e+02,
    6.96692139e+02, 1.80366135e+02, 6.97001648e+02, 2.09582092e+02,
    6.97260437e+02, 2.39074326e+02, 6.97497559e+02, 2.67902313e+02,
    6.97813538e+02, 2.96793518e+02, 6.97914795e+02, 3.25362823e+02,
    6.67407410e+02, 1.50001968e+02, 6.67890930e+02, 1.79590866e+02,
    6.68372314e+02, 2.09030731e+02, 6.68735779e+02, 2.38393036e+02,
    6.69111877e+02, 2.67134735e+02, 6.69300598e+02, 2.96180542e+02,
    6.69509399e+02, 3.24795471e+02 ]
