%YAML:1.0
---
points: [ 2.45728180e+02, 2.65213745e+02, 2.36222519e+02, 2.65191010e+02,
    2.26820923e+02, 2.65317017e+02, 2.17538544e+02, 2.65405151e+02,
    2.08208176e+02, 2.65605804e+02, 1.99009445e+02, 2.65743164e+02,
    1.89843216e+02, 2.65819702e+02, 2.45362534e+02, 2.55210556e+02,
    2.35860748e+02, 2.55473297e+02, 2.26491776e+02, 2.55589371e+02,
    2.17148346e+02, 2.55756790e+02, 2.07819626e+02, 2.55887604e+02,
    1.98757187e+02, 2.56202332e+02, 1.89597092e+02, 2.56358704e+02,
    2.44936874e+02, 2.45452637e+02, 2.35515213e+02, 2.45589981e+02,
    2.26058853e+02, 2.45872421e+02, 2.16767242e+02, 2.46118866e+02,
    2.07566818e+02, 2.46443527e+02, 1.98321472e+02, 2.46637863e+02,
    1.89193298e+02, 2.46779724e+02, 2.44619034e+02, 2.35666992e+02,
    2.35043243e+02, 2.35873886e+02, 2.25760956e+02, 2.36179153e+02,
    2.16419891e+02, 2.36504105e+02, 2.07183182e+02, 2.36752060e+02,
    1.98022385e+02, 2.36970306e+02, 1.88833099e+02, 2.37322388e+02,
    2.44191086e+02, 2.25857391e+02, 2.34688126e+02, 2.26109314e+02,
    2.25348175e+02, 2.26474472e+02, 2.16043564e+02, 2.26770264e+02,
    2.06740570e+02, 2.27101868e+02, 1.97636932e+02, 2.27442490e+02,
    1.88489532e+02, 2.27731827e+02, 2.43721069e+02, 2.16107361e+02,
    2.34303284e+02, 2.16481705e+02, 2.24866409e+02, 2.16756256e+02,
    2.15657547e+02, 2.17169479e+02, 2.06366806e+02, 2.17659454e+02,
    1.97218109e+02, 2.17904617e+02, 1.88026123e+02, 2.18262268e+02,
    2.43338196e+02, 2.06258286e+02, 2.33864120e+02, 2.06644226e+02,
    2.24442734e+02, 2.06948090e+02, 2.15222443e+02, 2.07463715e+02,
    2.05949326e+02, 2.07876755e+02, 1.96751328e+02, 2.08281982e+02,
    1.87577606e+02, 2.08690704e+02, 2.42942902e+02, 1.96367859e+02,
    2.33515778e+02, 1.96909607e+02, 2.24067810e+02, 1.97361343e+02,
    2.14705032e+02, 1.97796204e+02, 2.05598099e+02, 1.98347595e+02,
    1.96366684e+02, 1.98741348e+02, 1.87167191e+02, 1.99200974e+02,
    2.42552902e+02, 1.86538239e+02, 2.33057663e+02, 1.87193008e+02,
    2.23677292e+02, 1.87658997e+02, 2.14361267e+02, 1.88198532e+02,
    2.05150436e+02, 1.88746704e+02, 1.95879135e+02, 1.89204178e+02,
    1.86705170e+02, 1.89628632e+02 ]
