%YAML:1.0
---
points: [ 1.00933917e+03, 7.64312500e+02, 9.80534241e+02, 7.65768188e+02,
    9.51906738e+02, 7.67527344e+02, 9.23497253e+02, 7.69740051e+02,
    8.95122375e+02, 7.71684814e+02, 8.66567017e+02, 7.74254883e+02,
    8.38370422e+02, 7.76440125e+02, 1.00721686e+03, 7.41553589e+02,
    9.78106140e+02, 7.43388550e+02, 9.49049194e+02, 7.45106628e+02,
    9.20372864e+02, 7.47366272e+02, 8.91426025e+02, 7.49676758e+02,
    8.62748474e+02, 7.51708313e+02, 8.34058716e+02, 7.54291809e+02,
    1.00505975e+03, 7.18606750e+02, 9.75470764e+02, 7.20409119e+02,
    9.46132141e+02, 7.22505493e+02, 9.17080627e+02, 7.24596252e+02,
    8.87685913e+02, 7.26914124e+02, 8.58711182e+02, 7.29262451e+02,
    8.29574524e+02, 7.31567566e+02, 1.00260114e+03, 6.94911072e+02,
    9.72896851e+02, 6.96854614e+02, 9.43242981e+02, 6.98914551e+02,
    9.13542908e+02, 7.01376160e+02, 8.84056641e+02, 7.03490601e+02,
    8.54515686e+02, 7.06030884e+02, 8.25241516e+02, 7.08281006e+02,
    1.00048840e+03, 6.70591309e+02, 9.70212708e+02, 6.72469299e+02,
    9.39989685e+02, 6.74756897e+02, 9.10254822e+02, 6.77058838e+02,
    8.80220886e+02, 6.79482727e+02, 8.50302124e+02, 6.81960449e+02,
    8.20611938e+02, 6.84425964e+02, 9.97990845e+02, 6.45651672e+02,
    9.67425964e+02, 6.47721497e+02, 9.36995117e+02, 6.50146912e+02,
    9.06559082e+02, 6.52528625e+02, 8.76238647e+02, 6.55056946e+02,
    8.45815430e+02, 6.57514221e+02, 8.15794739e+02, 6.59979980e+02,
    9.95692749e+02, 6.20367310e+02, 9.64612610e+02, 6.22609192e+02,
    9.33529846e+02, 6.24833923e+02, 9.02694031e+02, 6.27523682e+02,
    8.72026794e+02, 6.29955811e+02, 8.41473389e+02, 6.32642578e+02,
    8.10862488e+02, 6.35132996e+02, 9.93121643e+02, 5.94132874e+02,
    9.61578125e+02, 5.96584351e+02, 9.30286560e+02, 5.98857544e+02,
    8.99097839e+02, 6.01612732e+02, 8.67867981e+02, 6.04120728e+02,
    8.36850159e+02, 6.06903076e+02, 8.05753296e+02, 6.09432922e+02,
    9.90604980e+02, 5.67357361e+02, 9.58660583e+02, 5.69873657e+02,
    9.26758484e+02, 5.72428955e+02, 8.95342102e+02, 5.75088013e+02,
    8.63626831e+02, 5.77567993e+02, 8.32128540e+02, 5.80445251e+02,
    8.00661865e+02, 5.83024841e+02 ]
