%YAML:1.0
---
points: [ 9.17370789e+02, 4.50058990e+02, 9.74888306e+02, 4.53488342e+02,
    1.03246484e+03, 4.56456146e+02, 1.08968872e+03, 4.59674469e+02,
    1.14738599e+03, 4.62678589e+02, 1.20493994e+03, 4.65799438e+02,
    1.26262732e+03, 4.68827667e+02, 9.14185974e+02, 5.07665100e+02,
    9.71631348e+02, 5.10910614e+02, 1.02909692e+03, 5.13883728e+02,
    1.08635022e+03, 5.17130554e+02, 1.14388782e+03, 5.20134094e+02,
    1.20147864e+03, 5.23335205e+02, 1.25912646e+03, 5.26373108e+02,
    9.11185791e+02, 5.65244934e+02, 9.68683105e+02, 5.68237915e+02,
    1.02619189e+03, 5.71277832e+02, 1.08312927e+03, 5.74330872e+02,
    1.14061230e+03, 5.77250183e+02, 1.19818787e+03, 5.80450500e+02,
    1.25584253e+03, 5.83531616e+02, 9.07837158e+02, 6.22569458e+02,
    9.65484497e+02, 6.25433716e+02, 1.02289362e+03, 6.28489014e+02,
    1.08027185e+03, 6.31443176e+02, 1.13769653e+03, 6.34491638e+02,
    1.19527930e+03, 6.37729553e+02, 1.25287329e+03, 6.40828430e+02,
    9.04771667e+02, 6.79897949e+02, 9.62379700e+02, 6.82564087e+02,
    1.01975732e+03, 6.85676697e+02, 1.07699304e+03, 6.88525574e+02,
    1.13443445e+03, 6.91725281e+02, 1.19189233e+03, 6.94928101e+02,
    1.24971448e+03, 6.98131897e+02, 9.01605042e+02, 7.37541016e+02,
    9.59375732e+02, 7.40118896e+02, 1.01688928e+03, 7.43043091e+02,
    1.07421204e+03, 7.46081482e+02, 1.13161719e+03, 7.49308594e+02,
    1.18941760e+03, 7.52516418e+02, 1.24686487e+03, 7.55572327e+02,
    8.98387085e+02, 7.95283691e+02, 9.56377197e+02, 7.97657043e+02,
    1.01357300e+03, 8.00580994e+02, 1.07111035e+03, 8.03483826e+02,
    1.12880420e+03, 8.06836243e+02, 1.18653345e+03, 8.10168945e+02,
    1.24422900e+03, 8.13464722e+02, 8.95448669e+02, 8.53269287e+02,
    9.53328308e+02, 8.55621643e+02, 1.01083203e+03, 8.58446228e+02,
    1.06848157e+03, 8.61394287e+02, 1.12601489e+03, 8.64570496e+02,
    1.18372559e+03, 8.67913391e+02, 1.24159253e+03, 8.71405396e+02,
    8.92187500e+02, 9.11439331e+02, 9.49948730e+02, 9.13829041e+02,
    1.00780640e+03, 9.16789734e+02, 1.06543127e+03, 9.19513367e+02,
    1.12311414e+03, 9.22912903e+02, 1.18098230e+03, 9.26180298e+02,
    1.23862244e+03, 9.29479187e+02 ]
