%YAML:1.0
---
points: [ 1.70418442e+02, 2.56722870e+02, 1.70464279e+02, 2.47069626e+02,
    1.70457367e+02, 2.37709213e+02, 1.70414948e+02, 2.27885498e+02,
    1.70360443e+02, 2.18559143e+02, 1.70365601e+02, 2.08852814e+02,
    1.70253525e+02, 1.99312866e+02, 1.79675217e+02, 2.56796906e+02,
    1.79649979e+02, 2.47182816e+02, 1.79691666e+02, 2.37682587e+02,
    1.79680954e+02, 2.27945084e+02, 1.79629837e+02, 2.18424164e+02,
    1.79544922e+02, 2.08848709e+02, 1.79532608e+02, 1.99209198e+02,
    1.88804047e+02, 2.56933502e+02, 1.88934158e+02, 2.47354614e+02,
    1.88826538e+02, 2.37635803e+02, 1.88867203e+02, 2.27960648e+02,
    1.88804092e+02, 2.18424118e+02, 1.88817917e+02, 2.08807953e+02,
    1.88727341e+02, 1.99033813e+02, 1.98201279e+02, 2.56998627e+02,
    1.98116577e+02, 2.47389969e+02, 1.98154358e+02, 2.37680222e+02,
    1.98168793e+02, 2.27939926e+02, 1.98106522e+02, 2.18410461e+02,
    1.98056503e+02, 2.08739670e+02, 1.97910980e+02, 1.98959976e+02,
    2.07496658e+02, 2.57169647e+02, 2.07549896e+02, 2.47403412e+02,
    2.07588043e+02, 2.37723923e+02, 2.07469345e+02, 2.27926300e+02,
    2.07528397e+02, 2.18430161e+02, 2.07437851e+02, 2.08695145e+02,
    2.07302414e+02, 1.98913605e+02, 2.16860992e+02, 2.57245789e+02,
    2.16801102e+02, 2.47515640e+02, 2.16833893e+02, 2.37728851e+02,
    2.16767151e+02, 2.28049164e+02, 2.16775330e+02, 2.18381821e+02,
    2.16766769e+02, 2.08649536e+02, 2.16644699e+02, 1.98881699e+02,
    2.26389191e+02, 2.57307770e+02, 2.26374496e+02, 2.47604599e+02,
    2.26403992e+02, 2.37796997e+02, 2.26389740e+02, 2.28044632e+02,
    2.26328094e+02, 2.18346878e+02, 2.26243576e+02, 2.08585892e+02,
    2.26089661e+02, 1.98841949e+02, 2.35831299e+02, 2.57482025e+02,
    2.35795074e+02, 2.47674820e+02, 2.35793411e+02, 2.37856766e+02,
    2.35798889e+02, 2.27975845e+02, 2.35799255e+02, 2.18431168e+02,
    2.35694214e+02, 2.08575241e+02, 2.35629486e+02, 1.98730118e+02,
    2.45519669e+02, 2.57703430e+02, 2.45469955e+02, 2.47818909e+02,
    2.45421387e+02, 2.37936813e+02, 2.45387772e+02, 2.28073837e+02,
    2.45353989e+02, 2.18331955e+02, 2.45311325e+02, 2.08570862e+02,
    2.45209518e+02, 1.98631836e+02 ]
