%YAML:1.0
---
points: [ 8.92312378e+02, 1.33789856e+02, 8.90539368e+02, 1.60844559e+02,
    8.88771973e+02, 1.88234802e+02, 8.86793091e+02, 2.15675705e+02,
    8.85184021e+02, 2.43379105e+02, 8.83274231e+02, 2.71272278e+02,
    8.81379700e+02, 2.99122192e+02, 8.63805359e+02, 1.32900146e+02,
    8.61776306e+02, 1.60174744e+02, 8.59870972e+02, 1.87460846e+02,
    8.58157227e+02, 2.14868423e+02, 8.56120544e+02, 2.42499405e+02,
    8.54187439e+02, 2.70222992e+02, 8.52148254e+02, 2.98213562e+02,
    8.35200745e+02, 1.32311371e+02, 8.33224243e+02, 1.59393417e+02,
    8.31379272e+02, 1.86541885e+02, 8.29279419e+02, 2.13878540e+02,
    8.27327820e+02, 2.41379135e+02, 8.25126404e+02, 2.69221405e+02,
    8.22899292e+02, 2.96945312e+02, 8.06773560e+02, 1.31505768e+02,
    8.04795349e+02, 1.58416214e+02, 8.02653809e+02, 1.85602386e+02,
    8.00629822e+02, 2.13089798e+02, 7.98356384e+02, 2.40425278e+02,
    7.96196594e+02, 2.68087067e+02, 7.93761108e+02, 2.95795013e+02,
    7.78517151e+02, 1.30488266e+02, 7.76267334e+02, 1.57498962e+02,
    7.74212952e+02, 1.84633087e+02, 7.71694641e+02, 2.11985977e+02,
    7.69481262e+02, 2.39418564e+02, 7.67188232e+02, 2.66871490e+02,
    7.64669006e+02, 2.94567688e+02, 7.49926819e+02, 1.29448380e+02,
    7.47814148e+02, 1.56317795e+02, 7.45406738e+02, 1.83394089e+02,
    7.43105835e+02, 2.10792496e+02, 7.40554932e+02, 2.38208252e+02,
    7.38228455e+02, 2.65574402e+02, 7.35463562e+02, 2.93202606e+02,
    7.21770264e+02, 1.28599030e+02, 7.19223389e+02, 1.55419724e+02,
    7.16921631e+02, 1.82398270e+02, 7.14329651e+02, 2.09569016e+02,
    7.11844177e+02, 2.36760574e+02, 7.09139587e+02, 2.64399628e+02,
    7.06412903e+02, 2.91879883e+02, 6.93399109e+02, 1.27568954e+02,
    6.90859741e+02, 1.54373428e+02, 6.88289490e+02, 1.81403839e+02,
    6.85758606e+02, 2.08459717e+02, 6.83169617e+02, 2.35540451e+02,
    6.80342285e+02, 2.63048981e+02, 6.77254028e+02, 2.90587433e+02,
    6.65047668e+02, 1.26356369e+02, 6.62482422e+02, 1.53191757e+02,
    6.59898254e+02, 1.80150925e+02, 6.57167175e+02, 2.07302887e+02,
    6.54374084e+02, 2.34500290e+02, 6.51320312e+02, 2.61658600e+02,
    6.48341431e+02, 2.89158203e+02 ]
