%YAML:1.0
---
points: [ 2.57039978e+02, 7.76003418e+01, 2.56575775e+02, 8.67365417e+01,
    2.55952087e+02, 9.60675430e+01, 2.55379272e+02, 1.05342827e+02,
    2.54896561e+02, 1.14647621e+02, 2.54324356e+02, 1.24153603e+02,
    2.53721115e+02, 1.33591431e+02, 2.47375931e+02, 7.73060837e+01,
    2.46734787e+02, 8.64011993e+01, 2.46211502e+02, 9.56686630e+01,
    2.45508148e+02, 1.05127190e+02, 2.45012405e+02, 1.14429970e+02,
    2.44447266e+02, 1.23727493e+02, 2.43798355e+02, 1.33311569e+02,
    2.37612762e+02, 7.71350632e+01, 2.36972473e+02, 8.61697998e+01,
    2.36455490e+02, 9.53768921e+01, 2.35773865e+02, 1.04748268e+02,
    2.35210297e+02, 1.14146439e+02, 2.34506088e+02, 1.23427299e+02,
    2.33872650e+02, 1.33010239e+02, 2.27991943e+02, 7.69329071e+01,
    2.27369354e+02, 8.60696945e+01, 2.26682587e+02, 9.51539078e+01,
    2.26072128e+02, 1.04354103e+02, 2.25359909e+02, 1.13762283e+02,
    2.24645706e+02, 1.23224335e+02, 2.23973740e+02, 1.32527130e+02,
    2.18380051e+02, 7.66156464e+01, 2.17632843e+02, 8.57451248e+01,
    2.16996826e+02, 9.49115524e+01, 2.16295013e+02, 1.04111710e+02,
    2.15614044e+02, 1.13331520e+02, 2.14812622e+02, 1.22854195e+02,
    2.14169952e+02, 1.32115097e+02, 2.08704498e+02, 7.63602371e+01,
    2.08020065e+02, 8.54171066e+01, 2.07272888e+02, 9.45169220e+01,
    2.06611435e+02, 1.03658302e+02, 2.05776291e+02, 1.13006966e+02,
    2.05074341e+02, 1.22364410e+02, 2.04205399e+02, 1.31619446e+02,
    1.99093109e+02, 7.61136932e+01, 1.98355057e+02, 8.50916061e+01,
    1.97577530e+02, 9.42168579e+01, 1.96738159e+02, 1.03317337e+02,
    1.95958878e+02, 1.12569023e+02, 1.95166199e+02, 1.22020454e+02,
    1.94340591e+02, 1.31262268e+02, 1.89590805e+02, 7.57961121e+01,
    1.88763504e+02, 8.47717361e+01, 1.87925537e+02, 9.38133850e+01,
    1.87171509e+02, 1.03037163e+02, 1.86283249e+02, 1.12235664e+02,
    1.85417053e+02, 1.21593491e+02, 1.84514923e+02, 1.30865021e+02,
    1.79917175e+02, 7.54549637e+01, 1.79130280e+02, 8.44493103e+01,
    1.78302414e+02, 9.36026611e+01, 1.77409866e+02, 1.02665154e+02,
    1.76548019e+02, 1.11844505e+02, 1.75622604e+02, 1.21224541e+02,
    1.74651413e+02, 1.30437439e+02 ]
