%YAML:1.0
---
points: [ 9.18262024e+02, 1.92906113e+02, 9.17257874e+02, 2.23943512e+02,
    9.16428589e+02, 2.54525650e+02, 9.15365173e+02, 2.84540131e+02,
    9.14443115e+02, 3.13766327e+02, 9.13425598e+02, 3.43038544e+02,
    9.12512146e+02, 3.71638397e+02, 8.88770630e+02, 1.91588608e+02,
    8.88001221e+02, 2.22710587e+02, 8.87258667e+02, 2.53248398e+02,
    8.86606567e+02, 2.83140869e+02, 8.85974670e+02, 3.12602539e+02,
    8.85420532e+02, 3.41703064e+02, 8.84672974e+02, 3.70528473e+02,
    8.59449707e+02, 1.90446167e+02, 8.58866150e+02, 2.21358414e+02,
    8.58472961e+02, 2.51721649e+02, 8.57978333e+02, 2.81861938e+02,
    8.57556152e+02, 3.11418396e+02, 8.57012451e+02, 3.40419983e+02,
    8.56459839e+02, 3.69283264e+02, 8.29905884e+02, 1.88992508e+02,
    8.29711609e+02, 2.19842773e+02, 8.29498718e+02, 2.50444733e+02,
    8.29347656e+02, 2.80644012e+02, 8.29095093e+02, 3.10155426e+02,
    8.28723206e+02, 3.39244202e+02, 8.28475220e+02, 3.67916382e+02,
    8.00630066e+02, 1.87595230e+02, 8.00647461e+02, 2.18522537e+02,
    8.00660583e+02, 2.49154099e+02, 8.00629578e+02, 2.79408691e+02,
    8.00625610e+02, 3.08729370e+02, 8.00509644e+02, 3.38060242e+02,
    8.00380493e+02, 3.66725952e+02, 7.70878723e+02, 1.86291962e+02,
    7.71190552e+02, 2.17236481e+02, 7.71441528e+02, 2.47735245e+02,
    7.71683899e+02, 2.77906250e+02, 7.71839294e+02, 3.07489563e+02,
    7.72077148e+02, 3.36721558e+02, 7.72074524e+02, 3.65480286e+02,
    7.41397156e+02, 1.84736206e+02, 7.41985474e+02, 2.15728149e+02,
    7.42394531e+02, 2.46373230e+02, 7.42653076e+02, 2.76536102e+02,
    7.43247009e+02, 3.06226959e+02, 7.43499817e+02, 3.35352753e+02,
    7.43617065e+02, 3.64329407e+02, 7.11628540e+02, 1.83249786e+02,
    7.12426270e+02, 2.14432617e+02, 7.13218079e+02, 2.44850235e+02,
    7.13841553e+02, 2.75271820e+02, 7.14398438e+02, 3.04703186e+02,
    7.15072388e+02, 3.34121704e+02, 7.15289490e+02, 3.62781311e+02,
    6.82008728e+02, 1.81771637e+02, 6.82932800e+02, 2.12882874e+02,
    6.83916382e+02, 2.43565765e+02, 6.84750427e+02, 2.73670166e+02,
    6.85531006e+02, 3.03478088e+02, 6.86289429e+02, 3.32736389e+02,
    6.86682983e+02, 3.61609497e+02 ]
