%YAML:1.0
---
points: [ 2.66385925e+02, 9.73972855e+01, 2.65777618e+02, 1.08160522e+02,
    2.65542053e+02, 1.18286476e+02, 2.64701202e+02, 1.28630630e+02,
    2.64304474e+02, 1.38604355e+02, 2.63767487e+02, 1.48318237e+02,
    2.63344513e+02, 1.58283051e+02, 2.56244598e+02, 9.71776276e+01,
    2.55021194e+02, 1.07051102e+02, 2.54775391e+02, 1.18828453e+02,
    2.55139236e+02, 1.27934448e+02, 2.54639069e+02, 1.38317184e+02,
    2.54417114e+02, 1.48147018e+02, 2.53944153e+02, 1.57817383e+02,
    2.46220551e+02, 9.66119690e+01, 2.45587143e+02, 1.06958710e+02,
    2.45937531e+02, 1.17478195e+02, 2.45386673e+02, 1.27851219e+02,
    2.45191605e+02, 1.37652573e+02, 2.44618835e+02, 1.47798737e+02,
    2.44401062e+02, 1.57410812e+02, 2.36323837e+02, 9.63770523e+01,
    2.35996933e+02, 1.06725639e+02, 2.35746185e+02, 1.17131775e+02,
    2.35620621e+02, 1.27316826e+02, 2.35421341e+02, 1.37477844e+02,
    2.35100769e+02, 1.47304611e+02, 2.34912964e+02, 1.57118973e+02,
    2.26470398e+02, 9.58872757e+01, 2.26120682e+02, 1.06327820e+02,
    2.25969177e+02, 1.16635857e+02, 2.25784378e+02, 1.26905510e+02,
    2.25687897e+02, 1.36936890e+02, 2.25501190e+02, 1.46760849e+02,
    2.25346786e+02, 1.56549011e+02, 2.16409271e+02, 9.53634262e+01,
    2.16299179e+02, 1.05979942e+02, 2.16243164e+02, 1.16306686e+02,
    2.16091034e+02, 1.26447083e+02, 2.15930038e+02, 1.36494843e+02,
    2.15905823e+02, 1.46331360e+02, 2.15823990e+02, 1.56266068e+02,
    2.06520126e+02, 9.49539795e+01, 2.06379700e+02, 1.05522392e+02,
    2.06248077e+02, 1.15808983e+02, 2.06207809e+02, 1.26079033e+02,
    2.06256668e+02, 1.35975693e+02, 2.06140396e+02, 1.46049423e+02,
    2.06127365e+02, 1.55763351e+02, 1.96403458e+02, 9.44641876e+01,
    1.96546036e+02, 1.05130936e+02, 1.96515045e+02, 1.15439087e+02,
    1.96619186e+02, 1.25636505e+02, 1.96560623e+02, 1.35607437e+02,
    1.96626266e+02, 1.45543808e+02, 1.96645493e+02, 1.55406845e+02,
    1.86412888e+02, 9.40632324e+01, 1.86519119e+02, 1.04649315e+02,
    1.86668243e+02, 1.14950195e+02, 1.86689743e+02, 1.25117279e+02,
    1.86836624e+02, 1.35199432e+02, 1.86839600e+02, 1.45129898e+02,
    1.86932297e+02, 1.54921127e+02 ]
