%YAML:1.0
---
points: [ 9.30589661e+02, 4.96622849e+01, 9.89177612e+02, 5.50474281e+01,
    1.04746484e+03, 6.00775375e+01, 1.10542761e+03, 6.46017838e+01,
    1.16361145e+03, 6.88829193e+01, 1.22181787e+03, 7.26933136e+01,
    1.27980225e+03, 7.69984665e+01, 9.26687134e+02, 1.09263695e+02,
    9.84960205e+02, 1.14455139e+02, 1.04308728e+03, 1.19329132e+02,
    1.10086072e+03, 1.23699776e+02, 1.15910168e+03, 1.27827774e+02,
    1.21710693e+03, 1.31968811e+02, 1.27509241e+03, 1.35677734e+02,
    9.22606018e+02, 1.68440506e+02, 9.80749756e+02, 1.73478836e+02,
    1.03868872e+03, 1.78148621e+02, 1.09646521e+03, 1.82440643e+02,
    1.15446130e+03, 1.86616653e+02, 1.21247742e+03, 1.90569092e+02,
    1.27047070e+03, 1.94322906e+02, 9.18567322e+02, 2.27587006e+02,
    9.76548279e+02, 2.32444260e+02, 1.03449414e+03, 2.36773651e+02,
    1.09215637e+03, 2.41039032e+02, 1.14993909e+03, 2.45097290e+02,
    1.20781262e+03, 2.49131485e+02, 1.26590027e+03, 2.52716095e+02,
    9.14607300e+02, 2.86313354e+02, 9.72611938e+02, 2.91003235e+02,
    1.03033459e+03, 2.95263519e+02, 1.08768884e+03, 2.99380951e+02,
    1.14550623e+03, 3.03320496e+02, 1.20335669e+03, 3.07353882e+02,
    1.26130212e+03, 3.11146057e+02, 9.10817200e+02, 3.44544769e+02,
    9.68536865e+02, 3.48917664e+02, 1.02616345e+03, 3.53268860e+02,
    1.08358789e+03, 3.57140930e+02, 1.14132422e+03, 3.61198273e+02,
    1.19908411e+03, 3.65209290e+02, 1.25685461e+03, 3.68946075e+02,
    9.06725342e+02, 4.02242310e+02, 9.64592407e+02, 4.06548798e+02,
    1.02221991e+03, 4.10660675e+02, 1.07956519e+03, 4.14556580e+02,
    1.13729626e+03, 4.18669159e+02, 1.19496167e+03, 4.22631744e+02,
    1.25269556e+03, 4.26481079e+02, 9.02742737e+02, 4.59828308e+02,
    9.60470703e+02, 4.64142334e+02, 1.01811115e+03, 4.68032440e+02,
    1.07546130e+03, 4.72112610e+02, 1.13297168e+03, 4.76200500e+02,
    1.19062866e+03, 4.80104523e+02, 1.24860852e+03, 4.83998047e+02,
    8.98777222e+02, 5.17475830e+02, 9.56544373e+02, 5.21463623e+02,
    1.01418030e+03, 5.25345764e+02, 1.07133936e+03, 5.29410278e+02,
    1.12891333e+03, 5.33472107e+02, 1.18657629e+03, 5.37530640e+02,
    1.24441589e+03, 5.41488281e+02 ]
