%YAML:1.0
---
points: [ 3.11551147e+02, 2.82370514e+02, 3.02061005e+02, 2.82916809e+02,
    2.92488159e+02, 2.83373138e+02, 2.83045959e+02, 2.83979584e+02,
    2.73583557e+02, 2.84524811e+02, 2.64181427e+02, 2.85151978e+02,
    2.54759033e+02, 2.85707672e+02, 3.10896088e+02, 2.72909271e+02,
    3.01378601e+02, 2.73437744e+02, 2.91884003e+02, 2.73997925e+02,
    2.82453247e+02, 2.74474609e+02, 2.73001526e+02, 2.75115723e+02,
    2.63583740e+02, 2.75641541e+02, 2.54151031e+02, 2.76311920e+02,
    3.10316010e+02, 2.63486786e+02, 3.00800201e+02, 2.63999451e+02,
    2.91248138e+02, 2.64572052e+02, 2.81809753e+02, 2.65232788e+02,
    2.72411652e+02, 2.65692322e+02, 2.62996521e+02, 2.66309357e+02,
    2.53622620e+02, 2.66874908e+02, 3.09656311e+02, 2.53952484e+02,
    3.00079956e+02, 2.54445740e+02, 2.90657349e+02, 2.55121140e+02,
    2.81189789e+02, 2.55552933e+02, 2.71772491e+02, 2.56264404e+02,
    2.62332245e+02, 2.56834473e+02, 2.52957855e+02, 2.57351593e+02,
    3.09039734e+02, 2.44596405e+02, 2.99508575e+02, 2.45134064e+02,
    2.90034515e+02, 2.45643860e+02, 2.80678162e+02, 2.46267639e+02,
    2.71173523e+02, 2.46892700e+02, 2.61784760e+02, 2.47413300e+02,
    2.52335892e+02, 2.47977325e+02, 3.08390472e+02, 2.35089539e+02,
    2.98892761e+02, 2.35663177e+02, 2.89411316e+02, 2.36251328e+02,
    2.80003143e+02, 2.36862366e+02, 2.70603699e+02, 2.37468536e+02,
    2.61200348e+02, 2.37958633e+02, 2.51764709e+02, 2.38634979e+02,
    3.07863708e+02, 2.25761978e+02, 2.98276337e+02, 2.26334991e+02,
    2.88870148e+02, 2.26779572e+02, 2.79465118e+02, 2.27482346e+02,
    2.70014648e+02, 2.27994965e+02, 2.60482635e+02, 2.28612823e+02,
    2.51172836e+02, 2.29298859e+02, 3.07243042e+02, 2.16278671e+02,
    2.97775116e+02, 2.16802383e+02, 2.88252747e+02, 2.17432922e+02,
    2.78865906e+02, 2.18164719e+02, 2.69402283e+02, 2.18657257e+02,
    2.59950317e+02, 2.19333740e+02, 2.50582565e+02, 2.19875061e+02,
    3.06574554e+02, 2.06967377e+02, 2.97141296e+02, 2.07567184e+02,
    2.87731201e+02, 2.08185318e+02, 2.78247070e+02, 2.08717484e+02,
    2.68831268e+02, 2.09197464e+02, 2.59314423e+02, 2.09935516e+02,
    2.50079208e+02, 2.10291519e+02 ]
