%YAML:1.0
---
points: [ 4.36711761e+02, 5.77064896e+01, 4.96889496e+02, 5.91693306e+01,
    5.56614014e+02, 6.02787971e+01, 6.16065674e+02, 6.11409111e+01,
    6.75285583e+02, 6.19028740e+01, 7.34027771e+02, 6.25511551e+01,
    7.92662781e+02, 6.32313576e+01, 4.37039886e+02, 1.17269989e+02,
    4.97237885e+02, 1.18462845e+02, 5.57126831e+02, 1.19474648e+02,
    6.16454407e+02, 1.20435562e+02, 6.75596497e+02, 1.21282082e+02,
    7.34401001e+02, 1.22108032e+02, 7.92990540e+02, 1.22701935e+02,
    4.37241211e+02, 1.76340973e+02, 4.97553955e+02, 1.77440231e+02,
    5.57594910e+02, 1.78548798e+02, 6.16887817e+02, 1.79511139e+02,
    6.76034180e+02, 1.80446198e+02, 7.34747864e+02, 1.81134018e+02,
    7.93271912e+02, 1.81713562e+02, 4.37779968e+02, 2.35556885e+02,
    4.98158630e+02, 2.36636642e+02, 5.58259521e+02, 2.37764099e+02,
    6.17387085e+02, 2.38581451e+02, 6.76504700e+02, 2.39360840e+02,
    7.35170715e+02, 2.39902817e+02, 7.93649170e+02, 2.40533096e+02,
    4.38474731e+02, 2.94700287e+02, 4.98840088e+02, 2.95912170e+02,
    5.58795410e+02, 2.96580688e+02, 6.17953430e+02, 2.97338806e+02,
    6.77040222e+02, 2.98022614e+02, 7.35689087e+02, 2.98606567e+02,
    7.93880676e+02, 2.99153046e+02, 4.38900818e+02, 3.53856079e+02,
    4.99250000e+02, 3.54549744e+02, 5.59233521e+02, 3.55224091e+02,
    6.18323181e+02, 3.55716553e+02, 6.77340149e+02, 3.56360596e+02,
    7.36000732e+02, 3.56791504e+02, 7.94101562e+02, 3.57251099e+02,
    4.39110718e+02, 4.12393951e+02, 4.99452118e+02, 4.12846893e+02,
    5.59438354e+02, 4.13418060e+02, 6.18465332e+02, 4.13824860e+02,
    6.77468750e+02, 4.14186005e+02, 7.36108093e+02, 4.14625244e+02,
    7.94146545e+02, 4.14948242e+02, 4.39314331e+02, 4.71044678e+02,
    4.99578857e+02, 4.71312927e+02, 5.59527954e+02, 4.71634583e+02,
    6.18582214e+02, 4.71875427e+02, 6.77561035e+02, 4.72249481e+02,
    7.36112305e+02, 4.72457764e+02, 7.94031921e+02, 4.72697571e+02,
    4.39320587e+02, 5.29498901e+02, 4.99596100e+02, 5.29672668e+02,
    5.59385254e+02, 5.29759888e+02, 6.18473633e+02, 5.29910278e+02,
    6.77482727e+02, 5.30025330e+02, 7.35955139e+02, 5.30193054e+02,
    7.93925110e+02, 5.30370361e+02 ]
