%YAML:1.0
---
points: [ 4.23335052e+02, 2.69076355e+02, 4.11331726e+02, 2.70325714e+02,
    3.99281738e+02, 2.71477783e+02, 3.87344208e+02, 2.72806915e+02,
    3.75326752e+02, 2.74112091e+02, 3.63352478e+02, 2.75294556e+02,
    3.51311768e+02, 2.76519592e+02, 4.22236481e+02, 2.57232635e+02,
    4.10338226e+02, 2.58377838e+02, 3.98266357e+02, 2.59529633e+02,
    3.86204620e+02, 2.60734283e+02, 3.74227478e+02, 2.61963348e+02,
    3.62162415e+02, 2.63293121e+02, 3.50143524e+02, 2.64562103e+02,
    4.21295929e+02, 2.45125381e+02, 4.09224884e+02, 2.46360657e+02,
    3.97202728e+02, 2.47667145e+02, 3.85150574e+02, 2.49017136e+02,
    3.73020782e+02, 2.50132553e+02, 3.61070557e+02, 2.51242950e+02,
    3.49026642e+02, 2.52480347e+02, 4.20340424e+02, 2.33209000e+02,
    4.08233765e+02, 2.34380295e+02, 3.96093170e+02, 2.35511841e+02,
    3.83993561e+02, 2.36789078e+02, 3.71925903e+02, 2.38094345e+02,
    3.59966309e+02, 2.39301315e+02, 3.47900452e+02, 2.40510788e+02,
    4.19044403e+02, 2.21031296e+02, 4.07077637e+02, 2.22331009e+02,
    3.94967133e+02, 2.23626358e+02, 3.82955658e+02, 2.24708359e+02,
    3.70845764e+02, 2.26070450e+02, 3.58801910e+02, 2.27337143e+02,
    3.46707520e+02, 2.28465363e+02, 4.18150330e+02, 2.09085022e+02,
    4.06028992e+02, 2.10127045e+02, 3.93934143e+02, 2.11558685e+02,
    3.81926239e+02, 2.12803101e+02, 3.69717896e+02, 2.13973587e+02,
    3.57734283e+02, 2.15257294e+02, 3.45576569e+02, 2.16439667e+02,
    4.17143188e+02, 1.96920547e+02, 4.05077820e+02, 1.98334732e+02,
    3.92946014e+02, 1.99300552e+02, 3.80886627e+02, 2.00744614e+02,
    3.68763947e+02, 2.01911697e+02, 3.56638214e+02, 2.03216049e+02,
    3.44562836e+02, 2.04362762e+02, 4.16199799e+02, 1.84877518e+02,
    4.03976074e+02, 1.86016006e+02, 3.92025543e+02, 1.87300125e+02,
    3.79863922e+02, 1.88597351e+02, 3.67676941e+02, 1.89812668e+02,
    3.55626251e+02, 1.91059586e+02, 3.43524963e+02, 1.92212753e+02,
    4.15186859e+02, 1.72660751e+02, 4.03063171e+02, 1.73944427e+02,
    3.90994476e+02, 1.75181137e+02, 3.78887878e+02, 1.76403290e+02,
    3.66668732e+02, 1.77677841e+02, 3.54563690e+02, 1.78888565e+02,
    3.42442139e+02, 1.80109177e+02 ]
