%YAML:1.0
---
points: [ 3.01671936e+02, 2.24613998e+02, 3.01229828e+02, 2.34093399e+02,
    3.00906403e+02, 2.43484177e+02, 3.00574371e+02, 2.53123901e+02,
    3.00210663e+02, 2.62557312e+02, 2.99952301e+02, 2.72052216e+02,
    2.99540497e+02, 2.81624969e+02, 2.92192352e+02, 2.24259506e+02,
    2.91851685e+02, 2.33710342e+02, 2.91436584e+02, 2.43172043e+02,
    2.91051819e+02, 2.52555588e+02, 2.90782532e+02, 2.62194702e+02,
    2.90471680e+02, 2.71559814e+02, 2.90068726e+02, 2.81244995e+02,
    2.82813568e+02, 2.23873688e+02, 2.82373779e+02, 2.33351868e+02,
    2.81979858e+02, 2.42770660e+02, 2.81741180e+02, 2.52196213e+02,
    2.81355927e+02, 2.61724884e+02, 2.80973907e+02, 2.71183807e+02,
    2.80632446e+02, 2.80886169e+02, 2.73328247e+02, 2.23581284e+02,
    2.72970490e+02, 2.32884415e+02, 2.72663391e+02, 2.42337296e+02,
    2.72287323e+02, 2.51869370e+02, 2.71847992e+02, 2.61231049e+02,
    2.71578400e+02, 2.70852783e+02, 2.71207184e+02, 2.80436951e+02,
    2.63898895e+02, 2.23167816e+02, 2.63606323e+02, 2.32565979e+02,
    2.63202026e+02, 2.41907501e+02, 2.62780945e+02, 2.51407516e+02,
    2.62548920e+02, 2.60868134e+02, 2.62069794e+02, 2.70441406e+02,
    2.61789215e+02, 2.80097839e+02, 2.54521515e+02, 2.22650772e+02,
    2.54145020e+02, 2.32168839e+02, 2.53802948e+02, 2.41592316e+02,
    2.53529922e+02, 2.51089722e+02, 2.53094559e+02, 2.60543549e+02,
    2.52761337e+02, 2.70141602e+02, 2.52397018e+02, 2.79679382e+02,
    2.44485458e+02, 2.22127594e+02, 2.44658249e+02, 2.31830856e+02,
    2.44420563e+02, 2.41267563e+02, 2.43864380e+02, 2.50705688e+02,
    2.43661987e+02, 2.60208649e+02, 2.43198868e+02, 2.69713440e+02,
    2.42822098e+02, 2.79255188e+02, 2.34923080e+02, 2.22331131e+02,
    2.35444427e+02, 2.31533600e+02, 2.34921371e+02, 2.41005203e+02,
    2.34621613e+02, 2.50326416e+02, 2.34187912e+02, 2.59842346e+02,
    2.33828186e+02, 2.69318237e+02, 2.33545975e+02, 2.78894348e+02,
    2.26529236e+02, 2.22072357e+02, 2.25813339e+02, 2.31190872e+02,
    2.25597473e+02, 2.40599533e+02, 2.25219452e+02, 2.49980896e+02,
    2.24800186e+02, 2.59399567e+02, 2.24478500e+02, 2.69053284e+02,
    2.23900528e+02, 2.78633484e+02 ]
