%YAML:1.0
---
points: [ 1.36878162e+03, 6.98403564e+02, 1.33271594e+03, 7.01795715e+02,
    1.29701379e+03, 7.05350281e+02, 1.26150378e+03, 7.08718628e+02,
    1.22625098e+03, 7.12419067e+02, 1.19078320e+03, 7.16111267e+02,
    1.15556421e+03, 7.19561768e+02, 1.36534607e+03, 6.62969055e+02,
    1.32935950e+03, 6.66496155e+02, 1.29360327e+03, 6.70070312e+02,
    1.25827612e+03, 6.73470581e+02, 1.22261792e+03, 6.77020691e+02,
    1.18735596e+03, 6.80656616e+02, 1.15223865e+03, 6.84393921e+02,
    1.36227832e+03, 6.27770996e+02, 1.32624268e+03, 6.31141113e+02,
    1.29042883e+03, 6.34659973e+02, 1.25476489e+03, 6.38396912e+02,
    1.21935596e+03, 6.41763550e+02, 1.18403149e+03, 6.45446533e+02,
    1.14871448e+03, 6.49258850e+02, 1.35878638e+03, 5.92352966e+02,
    1.32275598e+03, 5.95970032e+02, 1.28683569e+03, 5.99351501e+02,
    1.25148914e+03, 6.02949768e+02, 1.21607019e+03, 6.06647827e+02,
    1.18057861e+03, 6.10181274e+02, 1.14520044e+03, 6.13739258e+02,
    1.35545093e+03, 5.56890259e+02, 1.31950793e+03, 5.60450562e+02,
    1.28364868e+03, 5.64119446e+02, 1.24820447e+03, 5.67489624e+02,
    1.21254712e+03, 5.71284363e+02, 1.17724231e+03, 5.74869629e+02,
    1.14175281e+03, 5.78489685e+02, 1.35246155e+03, 5.21395569e+02,
    1.31642456e+03, 5.24982361e+02, 1.28053113e+03, 5.28584229e+02,
    1.24481445e+03, 5.32341675e+02, 1.20939392e+03, 5.35727783e+02,
    1.17387695e+03, 5.39453857e+02, 1.13850305e+03, 5.43218567e+02,
    1.34938635e+03, 4.85874390e+02, 1.31327380e+03, 4.89509491e+02,
    1.27741174e+03, 4.93136292e+02, 1.24183801e+03, 4.96775391e+02,
    1.20632776e+03, 5.00469086e+02, 1.17057227e+03, 5.03938843e+02,
    1.13527283e+03, 5.07581696e+02, 1.34638171e+03, 4.50160065e+02,
    1.31033875e+03, 4.53833954e+02, 1.27444678e+03, 4.57486938e+02,
    1.23865869e+03, 4.61218628e+02, 1.20291431e+03, 4.64786621e+02,
    1.16754346e+03, 4.68436859e+02, 1.13210388e+03, 4.71935822e+02,
    1.34344482e+03, 4.14352295e+02, 1.30737732e+03, 4.18112396e+02,
    1.27138330e+03, 4.21730499e+02, 1.23568323e+03, 4.25367462e+02,
    1.20003577e+03, 4.29125183e+02, 1.16441064e+03, 4.32643738e+02,
    1.12875269e+03, 4.36283966e+02 ]
