%YAML:1.0
---
points: [ 1.38081152e+03, 4.71601440e+02, 1.38173755e+03, 5.08215118e+02,
    1.38287085e+03, 5.44566101e+02, 1.38418457e+03, 5.81084900e+02,
    1.38541663e+03, 6.17301880e+02, 1.38653967e+03, 6.53482239e+02,
    1.38820801e+03, 6.89586243e+02, 1.34417358e+03, 4.73534760e+02,
    1.34519983e+03, 5.09895538e+02, 1.34638147e+03, 5.46370117e+02,
    1.34759131e+03, 5.82537048e+02, 1.34881812e+03, 6.18869324e+02,
    1.35029016e+03, 6.55165283e+02, 1.35206763e+03, 6.91407471e+02,
    1.30745471e+03, 4.75506287e+02, 1.30858301e+03, 5.11781982e+02,
    1.30982043e+03, 5.48255981e+02, 1.31126575e+03, 5.84487793e+02,
    1.31242065e+03, 6.20479614e+02, 1.31389075e+03, 6.56814514e+02,
    1.31566663e+03, 6.93061584e+02, 1.27068933e+03, 4.77205200e+02,
    1.27212463e+03, 5.13449158e+02, 1.27348462e+03, 5.49920593e+02,
    1.27480273e+03, 5.86348267e+02, 1.27630798e+03, 6.22433960e+02,
    1.27771204e+03, 6.58548096e+02, 1.27956091e+03, 6.94775452e+02,
    1.23438916e+03, 4.79029877e+02, 1.23566187e+03, 5.15468018e+02,
    1.23698999e+03, 5.51526489e+02, 1.23842432e+03, 5.87912354e+02,
    1.23982690e+03, 6.23884644e+02, 1.24155322e+03, 6.60349731e+02,
    1.24336487e+03, 6.96498474e+02, 1.19809497e+03, 4.80851288e+02,
    1.19951440e+03, 5.17368530e+02, 1.20080664e+03, 5.53531128e+02,
    1.20234290e+03, 5.89741638e+02, 1.20373035e+03, 6.25744141e+02,
    1.20561414e+03, 6.61983582e+02, 1.20748560e+03, 6.98244202e+02,
    1.16179590e+03, 4.82556366e+02, 1.16339099e+03, 5.18927246e+02,
    1.16470532e+03, 5.55393982e+02, 1.16628125e+03, 5.91578247e+02,
    1.16775073e+03, 6.27530273e+02, 1.16955078e+03, 6.63832520e+02,
    1.17127576e+03, 7.00179932e+02, 1.12562817e+03, 4.84481659e+02,
    1.12715002e+03, 5.20737122e+02, 1.12854944e+03, 5.56980103e+02,
    1.13016602e+03, 5.93373596e+02, 1.13179089e+03, 6.29292664e+02,
    1.13345789e+03, 6.65586243e+02, 1.13540002e+03, 7.01755737e+02,
    1.08948633e+03, 4.86413910e+02, 1.09096265e+03, 5.22674866e+02,
    1.09245764e+03, 5.58746948e+02, 1.09427100e+03, 5.95143127e+02,
    1.09573315e+03, 6.31172241e+02, 1.09744250e+03, 6.67347412e+02,
    1.09931238e+03, 7.03516235e+02 ]
