%YAML:1.0
---
points: [ 4.28183716e+02, 1.92241089e+02, 4.28395233e+02, 2.04603561e+02,
    4.28721863e+02, 2.16928818e+02, 4.29093018e+02, 2.29191483e+02,
    4.29357544e+02, 2.41639282e+02, 4.29763245e+02, 2.53669571e+02,
    4.30143860e+02, 2.66124969e+02, 4.16013977e+02, 1.92689682e+02,
    4.16266602e+02, 2.05166718e+02, 4.16547485e+02, 2.17610764e+02,
    4.16886017e+02, 2.29907898e+02, 4.17278748e+02, 2.42092484e+02,
    4.17747070e+02, 2.54440094e+02, 4.18164459e+02, 2.66616730e+02,
    4.03570709e+02, 1.93380676e+02, 4.03868011e+02, 2.05634399e+02,
    4.04280945e+02, 2.18184067e+02, 4.04687744e+02, 2.30559433e+02,
    4.05163116e+02, 2.42825089e+02, 4.05450775e+02, 2.54849472e+02,
    4.06046875e+02, 2.67451019e+02, 3.91264771e+02, 1.93971878e+02,
    3.91609314e+02, 2.06348495e+02, 3.92021118e+02, 2.18730652e+02,
    3.92371399e+02, 2.31043167e+02, 3.92908386e+02, 2.43351044e+02,
    3.93379578e+02, 2.55771820e+02, 3.93857056e+02, 2.67957062e+02,
    3.78833252e+02, 1.94602524e+02, 3.79185028e+02, 2.07042938e+02,
    3.79602203e+02, 2.19359741e+02, 3.80162872e+02, 2.31699768e+02,
    3.80520020e+02, 2.43996307e+02, 3.81153381e+02, 2.56212433e+02,
    3.81614655e+02, 2.68547729e+02, 3.66393768e+02, 1.95210678e+02,
    3.66927856e+02, 2.07630417e+02, 3.67432800e+02, 2.19976044e+02,
    3.67787994e+02, 2.32258011e+02, 3.68328308e+02, 2.44616592e+02,
    3.68841675e+02, 2.56993866e+02, 3.69414978e+02, 2.69299744e+02,
    3.54124847e+02, 1.95795242e+02, 3.54493652e+02, 2.08242126e+02,
    3.54975952e+02, 2.20513947e+02, 3.55381805e+02, 2.32912369e+02,
    3.56000824e+02, 2.45126358e+02, 3.56431030e+02, 2.57402100e+02,
    3.57164917e+02, 2.69841675e+02, 3.41620544e+02, 1.96398468e+02,
    3.42247040e+02, 2.08843994e+02, 3.42608521e+02, 2.21212982e+02,
    3.43149170e+02, 2.33517120e+02, 3.43663147e+02, 2.45795990e+02,
    3.44225067e+02, 2.58179749e+02, 3.44969269e+02, 2.70431366e+02,
    3.29368958e+02, 1.97071198e+02, 3.29885345e+02, 2.09434341e+02,
    3.30319153e+02, 2.21759048e+02, 3.30867706e+02, 2.34114594e+02,
    3.31363800e+02, 2.46318680e+02, 3.32084900e+02, 2.58680634e+02,
    3.32539856e+02, 2.71076996e+02 ]
