%YAML:1.0
---
points: [ 8.09532715e+02, 8.45665833e+02, 7.51465088e+02, 8.46776184e+02,
    6.93092346e+02, 8.48066345e+02, 6.34381714e+02, 8.49393616e+02,
    5.75515808e+02, 8.50602600e+02, 5.16343018e+02, 8.51991577e+02,
    4.56438019e+02, 8.53500183e+02, 8.09129150e+02, 7.87589294e+02,
    7.51190308e+02, 7.88511047e+02, 6.92886169e+02, 7.89752258e+02,
    6.34121216e+02, 7.90912781e+02, 5.75271545e+02, 7.92206970e+02,
    5.15816650e+02, 7.93457886e+02, 4.55895447e+02, 7.95027100e+02,
    8.08624878e+02, 7.29566956e+02, 7.50711975e+02, 7.30559326e+02,
    6.92524231e+02, 7.31536072e+02, 6.33810974e+02, 7.32830688e+02,
    5.74986450e+02, 7.33928711e+02, 5.15289062e+02, 7.35156006e+02,
    4.55331268e+02, 7.36486145e+02, 8.08215820e+02, 6.71879272e+02,
    7.50296631e+02, 6.72700989e+02, 6.91993286e+02, 6.73894897e+02,
    6.33371704e+02, 6.74830444e+02, 5.74441833e+02, 6.75891235e+02,
    5.14757507e+02, 6.76986938e+02, 4.54638336e+02, 6.78223389e+02,
    8.07484985e+02, 6.14462524e+02, 7.49708984e+02, 6.15333984e+02,
    6.91451538e+02, 6.16171265e+02, 6.32726624e+02, 6.17100281e+02,
    5.73840881e+02, 6.17947083e+02, 5.13991821e+02, 6.18868652e+02,
    4.53732697e+02, 6.19783142e+02, 8.06786682e+02, 5.56910583e+02,
    7.48850952e+02, 5.57744019e+02, 6.90672424e+02, 5.58497314e+02,
    6.32018372e+02, 5.59223206e+02, 5.72823364e+02, 5.59987366e+02,
    5.13098267e+02, 5.60667114e+02, 4.52561035e+02, 5.61499207e+02,
    8.05911560e+02, 4.99468811e+02, 7.48185730e+02, 5.00104614e+02,
    6.89717285e+02, 5.00850372e+02, 6.30900940e+02, 5.01399445e+02,
    5.71755066e+02, 5.01945709e+02, 5.11913422e+02, 5.02495483e+02,
    4.51320923e+02, 5.02848846e+02, 8.05235474e+02, 4.41982605e+02,
    7.47267273e+02, 4.42493652e+02, 6.88788330e+02, 4.43006317e+02,
    6.29880981e+02, 4.43490967e+02, 5.70735840e+02, 4.43813660e+02,
    5.10878998e+02, 4.44212128e+02, 4.50266815e+02, 4.44479828e+02,
    8.04124695e+02, 3.83939423e+02, 7.46213989e+02, 3.84534210e+02,
    6.87648254e+02, 3.84960968e+02, 6.28721436e+02, 3.85298584e+02,
    5.69558899e+02, 3.85414459e+02, 5.09509399e+02, 3.85568176e+02,
    4.48922150e+02, 3.85633728e+02 ]
