%YAML:1.0
---
points: [ 2.49426163e+02, 2.01475754e+02, 2.58883606e+02, 2.01626617e+02,
    2.68442566e+02, 2.01664108e+02, 2.77830475e+02, 2.01759766e+02,
    2.87103851e+02, 2.01862686e+02, 2.96203217e+02, 2.01998505e+02,
    3.05417206e+02, 2.02107376e+02, 2.49318756e+02, 2.11428909e+02,
    2.58879303e+02, 2.11419998e+02, 2.68366119e+02, 2.11493622e+02,
    2.77776733e+02, 2.11528046e+02, 2.87141602e+02, 2.11441223e+02,
    2.96162842e+02, 2.11485367e+02, 3.05324615e+02, 2.11561661e+02,
    2.49324265e+02, 2.21236786e+02, 2.58850739e+02, 2.21266006e+02,
    2.68394958e+02, 2.21125778e+02, 2.77814667e+02, 2.21079575e+02,
    2.87027435e+02, 2.21045486e+02, 2.96200348e+02, 2.21130264e+02,
    3.05402954e+02, 2.21145721e+02, 2.49283295e+02, 2.31044266e+02,
    2.58853546e+02, 2.30922134e+02, 2.68352844e+02, 2.30846024e+02,
    2.77763062e+02, 2.30787033e+02, 2.87022400e+02, 2.30665649e+02,
    2.96168518e+02, 2.30632401e+02, 3.05343170e+02, 2.30585342e+02,
    2.49258667e+02, 2.40897858e+02, 2.58849701e+02, 2.40791916e+02,
    2.68339447e+02, 2.40595215e+02, 2.77708954e+02, 2.40454956e+02,
    2.86979370e+02, 2.40277313e+02, 2.96171814e+02, 2.40251038e+02,
    3.05367584e+02, 2.40086868e+02, 2.49299744e+02, 2.50752472e+02,
    2.58873291e+02, 2.50463333e+02, 2.68360931e+02, 2.50300430e+02,
    2.77725983e+02, 2.50045135e+02, 2.87014648e+02, 2.49894608e+02,
    2.96241058e+02, 2.49728943e+02, 3.05429443e+02, 2.49627182e+02,
    2.49309540e+02, 2.60598053e+02, 2.58868927e+02, 2.60327637e+02,
    2.68382812e+02, 2.60143188e+02, 2.77720428e+02, 2.59833008e+02,
    2.87043549e+02, 2.59576935e+02, 2.96283569e+02, 2.59475891e+02,
    3.05528839e+02, 2.59231689e+02, 2.49266174e+02, 2.70468903e+02,
    2.58853607e+02, 2.70158508e+02, 2.68358002e+02, 2.69801727e+02,
    2.77803009e+02, 2.69444031e+02, 2.87011261e+02, 2.69268280e+02,
    2.96298248e+02, 2.68992340e+02, 3.05558533e+02, 2.68723480e+02,
    2.49255814e+02, 2.80310364e+02, 2.58865204e+02, 2.80021820e+02,
    2.68406342e+02, 2.79538116e+02, 2.77785370e+02, 2.79228760e+02,
    2.87096466e+02, 2.78937073e+02, 2.96342316e+02, 2.78597748e+02,
    3.05645416e+02, 2.78352844e+02 ]
