%YAML:1.0
---
points: [ 1.34535767e+03, 5.18113831e+02, 1.34265344e+03, 5.52523499e+02,
    1.34031250e+03, 5.86004456e+02, 1.33809985e+03, 6.18386719e+02,
    1.33597437e+03, 6.49618652e+02, 1.33387268e+03, 6.80291626e+02,
    1.33237305e+03, 7.09666992e+02, 1.30531360e+03, 5.23275513e+02,
    1.30335083e+03, 5.57472839e+02, 1.30152380e+03, 5.90786682e+02,
    1.30005640e+03, 6.22899170e+02, 1.29847742e+03, 6.54319397e+02,
    1.29721155e+03, 6.84630310e+02, 1.29608569e+03, 7.14340271e+02,
    1.26517639e+03, 5.28302124e+02, 1.26403040e+03, 5.62487000e+02,
    1.26292627e+03, 5.95614258e+02, 1.26199707e+03, 6.27765686e+02,
    1.26122571e+03, 6.58836975e+02, 1.26046082e+03, 6.89293274e+02,
    1.25988672e+03, 7.18752808e+02, 1.22520874e+03, 5.33267700e+02,
    1.22487793e+03, 5.67266968e+02, 1.22454749e+03, 6.00420593e+02,
    1.22426758e+03, 6.32492981e+02, 1.22394751e+03, 6.63506226e+02,
    1.22382593e+03, 6.93626099e+02, 1.22394409e+03, 7.23424194e+02,
    1.18570825e+03, 5.38445679e+02, 1.18593250e+03, 5.72389343e+02,
    1.18629578e+03, 6.05233276e+02, 1.18655225e+03, 6.37333069e+02,
    1.18693506e+03, 6.67921997e+02, 1.18747656e+03, 6.98311462e+02,
    1.18809082e+03, 7.28030945e+02, 1.14621606e+03, 5.43605957e+02,
    1.14722168e+03, 5.77418701e+02, 1.14827698e+03, 6.10353821e+02,
    1.14917798e+03, 6.42231689e+02, 1.15013916e+03, 6.73026184e+02,
    1.15124304e+03, 7.03139893e+02, 1.15249316e+03, 7.32893127e+02,
    1.10680542e+03, 5.48894104e+02, 1.10844653e+03, 5.82546143e+02,
    1.11023340e+03, 6.15322388e+02, 1.11163660e+03, 6.47146484e+02,
    1.11331055e+03, 6.77659546e+02, 1.11499609e+03, 7.08124451e+02,
    1.11669934e+03, 7.37630066e+02, 1.06751062e+03, 5.54190613e+02,
    1.06979199e+03, 5.87573730e+02, 1.07216016e+03, 6.20375427e+02,
    1.07437866e+03, 6.51763062e+02, 1.07648706e+03, 6.82559937e+02,
    1.07876599e+03, 7.12700562e+02, 1.08094849e+03, 7.42297852e+02,
    1.02830518e+03, 5.59456665e+02, 1.03134961e+03, 5.92766418e+02,
    1.03417090e+03, 6.25260071e+02, 1.03712329e+03, 6.56799316e+02,
    1.03971521e+03, 6.87527222e+02, 1.04266321e+03, 7.17549622e+02,
    1.04526501e+03, 7.46825256e+02 ]
