%YAML:1.0
---
points: [ 4.18737274e+02, 2.07972839e+02, 4.17362549e+02, 2.19797592e+02,
    4.16063141e+02, 2.31103317e+02, 4.14833679e+02, 2.42024384e+02,
    4.13692688e+02, 2.52690079e+02, 4.12495209e+02, 2.63065643e+02,
    4.11460480e+02, 2.73119843e+02, 4.05069122e+02, 2.09558975e+02,
    4.04017426e+02, 2.21588638e+02, 4.03034546e+02, 2.32773529e+02,
    4.01945496e+02, 2.43708160e+02, 4.01040070e+02, 2.54304565e+02,
    4.00196350e+02, 2.64649963e+02, 3.99293274e+02, 2.74671448e+02,
    3.91638702e+02, 2.11477371e+02, 3.90671661e+02, 2.23104065e+02,
    3.89954468e+02, 2.34514069e+02, 3.89209167e+02, 2.45291733e+02,
    3.88471069e+02, 2.55961426e+02, 3.87724762e+02, 2.66196533e+02,
    3.87147644e+02, 2.76342255e+02, 3.78082428e+02, 2.13208664e+02,
    3.77450867e+02, 2.24755127e+02, 3.76875336e+02, 2.36070084e+02,
    3.76302094e+02, 2.46998093e+02, 3.75718262e+02, 2.57487427e+02,
    3.75312805e+02, 2.67778229e+02, 3.74964905e+02, 2.77862396e+02,
    3.64579803e+02, 2.14947922e+02, 3.64060852e+02, 2.26464005e+02,
    3.63806915e+02, 2.37670425e+02, 3.63448608e+02, 2.48538345e+02,
    3.63224304e+02, 2.59079468e+02, 3.62993805e+02, 2.69385040e+02,
    3.62690399e+02, 2.79483856e+02, 3.51088379e+02, 2.16689285e+02,
    3.50974304e+02, 2.28239761e+02, 3.50845764e+02, 2.39393524e+02,
    3.50659485e+02, 2.50232895e+02, 3.50580414e+02, 2.60730072e+02,
    3.50512360e+02, 2.71003723e+02, 3.50549164e+02, 2.81079315e+02,
    3.37610565e+02, 2.18484146e+02, 3.37693024e+02, 2.29942398e+02,
    3.37724396e+02, 2.41095169e+02, 3.37933624e+02, 2.51926178e+02,
    3.38068817e+02, 2.62355896e+02, 3.38093018e+02, 2.72627045e+02,
    3.38318054e+02, 2.82738403e+02, 3.24092438e+02, 2.20183197e+02,
    3.24417999e+02, 2.31672821e+02, 3.24858673e+02, 2.42805054e+02,
    3.25156586e+02, 2.53528564e+02, 3.25411316e+02, 2.63900269e+02,
    3.25883331e+02, 2.74166412e+02, 3.26247925e+02, 2.84233643e+02,
    3.10810577e+02, 2.21997803e+02, 3.11312347e+02, 2.33424744e+02,
    3.11920532e+02, 2.44449860e+02, 3.12375946e+02, 2.55210342e+02,
    3.13041168e+02, 2.65578400e+02, 3.13434357e+02, 2.75813141e+02,
    3.14113953e+02, 2.85815460e+02 ]
