%YAML:1.0
---
points: [ 4.57495636e+02, 4.08925293e+02, 5.32596680e+02, 4.12067932e+02,
    6.03331726e+02, 4.14457916e+02, 6.69778992e+02, 4.17064270e+02,
    7.32925964e+02, 4.19113251e+02, 7.92219849e+02, 4.20977325e+02,
    8.48802917e+02, 4.22847992e+02, 4.58993622e+02, 4.78735626e+02,
    5.33976562e+02, 4.79390381e+02, 6.04734253e+02, 4.79903717e+02,
    6.70991333e+02, 4.80490967e+02, 7.33980408e+02, 4.80933136e+02,
    7.93404419e+02, 4.81212799e+02, 8.49616089e+02, 4.81476044e+02,
    4.60290253e+02, 5.48326294e+02, 5.35235840e+02, 5.46520752e+02,
    6.06069153e+02, 5.45091125e+02, 6.72377930e+02, 5.43677734e+02,
    7.35093140e+02, 5.42386230e+02, 7.94594727e+02, 5.41134521e+02,
    8.50667542e+02, 5.39894592e+02, 4.61424927e+02, 6.17701843e+02,
    5.36558044e+02, 6.13682007e+02, 6.07172302e+02, 6.10358826e+02,
    6.73461121e+02, 6.07131714e+02, 7.36321838e+02, 6.03813782e+02,
    7.95567627e+02, 6.01199707e+02, 8.51826904e+02, 5.98400513e+02,
    4.62573395e+02, 6.87017151e+02, 5.37508728e+02, 6.81070190e+02,
    6.08082581e+02, 6.75533386e+02, 6.74391052e+02, 6.70428894e+02,
    7.37209351e+02, 6.65560608e+02, 7.96504028e+02, 6.60951721e+02,
    8.52723389e+02, 6.56704834e+02, 4.63580292e+02, 7.56493225e+02,
    5.38441467e+02, 7.48571533e+02, 6.08918518e+02, 7.40935730e+02,
    6.75380981e+02, 7.33877075e+02, 7.38225037e+02, 7.27432068e+02,
    7.97477234e+02, 7.21200012e+02, 8.53623779e+02, 7.15311890e+02,
    4.64575287e+02, 8.26115906e+02, 5.39328247e+02, 8.16028137e+02,
    6.09961365e+02, 8.06492432e+02, 6.76216492e+02, 7.97580139e+02,
    7.39210144e+02, 7.89308411e+02, 7.98584595e+02, 7.81609802e+02,
    8.54689819e+02, 7.74313110e+02, 4.65633911e+02, 8.95884399e+02,
    5.40182190e+02, 8.83712158e+02, 6.10754089e+02, 8.72165161e+02,
    6.77041321e+02, 8.61574463e+02, 7.39843872e+02, 8.51556396e+02,
    7.99493774e+02, 8.42274109e+02, 8.55736633e+02, 8.33499146e+02,
    4.66697388e+02, 9.65505249e+02, 5.41218506e+02, 9.51549988e+02,
    6.11642029e+02, 9.38452698e+02, 6.77785217e+02, 9.25985352e+02,
    7.40808228e+02, 9.14235474e+02, 8.00437500e+02, 9.03146606e+02,
    8.56863831e+02, 8.92807129e+02 ]
