%YAML:1.0
---
points: [ 2.26826614e+02, 2.02597870e+02, 2.35892212e+02, 2.02614685e+02,
    2.45179382e+02, 2.02557999e+02, 2.54620712e+02, 2.02500778e+02,
    2.63980103e+02, 2.02419678e+02, 2.73635406e+02, 2.02292068e+02,
    2.83328247e+02, 2.02323914e+02, 2.26844910e+02, 2.12082077e+02,
    2.35954636e+02, 2.12128250e+02, 2.45223373e+02, 2.12160843e+02,
    2.54632523e+02, 2.12175125e+02, 2.64084259e+02, 2.12130493e+02,
    2.73588715e+02, 2.12085938e+02, 2.83323181e+02, 2.12147369e+02,
    2.26850433e+02, 2.21596298e+02, 2.35972565e+02, 2.21710983e+02,
    2.45279022e+02, 2.21680588e+02, 2.54640213e+02, 2.21755249e+02,
    2.64000732e+02, 2.21783432e+02, 2.73669037e+02, 2.21865219e+02,
    2.83308105e+02, 2.21986755e+02, 2.26939682e+02, 2.30996048e+02,
    2.35979523e+02, 2.31120071e+02, 2.45295029e+02, 2.31282425e+02,
    2.54666016e+02, 2.31464478e+02, 2.64061615e+02, 2.31557861e+02,
    2.73680328e+02, 2.31664062e+02, 2.83360687e+02, 2.31782791e+02,
    2.26913452e+02, 2.40484756e+02, 2.36035004e+02, 2.40674332e+02,
    2.45360260e+02, 2.40839798e+02, 2.54700745e+02, 2.40991425e+02,
    2.64064880e+02, 2.41249741e+02, 2.73702423e+02, 2.41502426e+02,
    2.83318268e+02, 2.41645706e+02, 2.26900269e+02, 2.49893921e+02,
    2.35990204e+02, 2.50144302e+02, 2.45294113e+02, 2.50445663e+02,
    2.54596390e+02, 2.50680588e+02, 2.64012604e+02, 2.50886444e+02,
    2.73715637e+02, 2.51201996e+02, 2.83346741e+02, 2.51476242e+02,
    2.26885895e+02, 2.59370819e+02, 2.36028610e+02, 2.59712982e+02,
    2.45335388e+02, 2.60089508e+02, 2.54657394e+02, 2.60382385e+02,
    2.64042938e+02, 2.60669525e+02, 2.73678833e+02, 2.61120056e+02,
    2.83294708e+02, 2.61325836e+02, 2.26876328e+02, 2.68889740e+02,
    2.36034363e+02, 2.69204987e+02, 2.45334488e+02, 2.69632751e+02,
    2.54685745e+02, 2.69949615e+02, 2.63995819e+02, 2.70406219e+02,
    2.73697174e+02, 2.70816315e+02, 2.83305786e+02, 2.71189087e+02,
    2.26835342e+02, 2.78437500e+02, 2.36012192e+02, 2.78799286e+02,
    2.45279373e+02, 2.79148193e+02, 2.54690292e+02, 2.79618378e+02,
    2.64013123e+02, 2.80194702e+02, 2.73674591e+02, 2.80647461e+02,
    2.83388702e+02, 2.81249817e+02 ]
