%YAML:1.0
---
points: [ 1.29063550e+03, 4.72701904e+02, 1.29666748e+03, 5.05270813e+02,
    1.30308374e+03, 5.38541870e+02, 1.30968945e+03, 5.72585632e+02,
    1.31657532e+03, 6.07546509e+02, 1.32355469e+03, 6.43726868e+02,
    1.33127014e+03, 6.80627563e+02, 1.25530054e+03, 4.74212280e+02,
    1.26090393e+03, 5.06559601e+02, 1.26667407e+03, 5.39836365e+02,
    1.27283508e+03, 5.74053223e+02, 1.27925513e+03, 6.08995667e+02,
    1.28576123e+03, 6.45101624e+02, 1.29261853e+03, 6.82122986e+02,
    1.21995532e+03, 4.75550659e+02, 1.22522644e+03, 5.07842804e+02,
    1.23055457e+03, 5.41232788e+02, 1.23629407e+03, 5.75403259e+02,
    1.24196118e+03, 6.10396179e+02, 1.24809680e+03, 6.46426880e+02,
    1.25441748e+03, 6.83386841e+02, 1.18471838e+03, 4.76979858e+02,
    1.18950232e+03, 5.09313202e+02, 1.19444727e+03, 5.42606079e+02,
    1.19945654e+03, 5.76640198e+02, 1.20477258e+03, 6.11869629e+02,
    1.21040381e+03, 6.47783752e+02, 1.21628589e+03, 6.84957031e+02,
    1.14936707e+03, 4.78110748e+02, 1.15374023e+03, 5.10648071e+02,
    1.15830127e+03, 5.43935913e+02, 1.16277917e+03, 5.78198242e+02,
    1.16752930e+03, 6.13320618e+02, 1.17254700e+03, 6.49361755e+02,
    1.17782349e+03, 6.86345581e+02, 1.11418909e+03, 4.79345886e+02,
    1.11791565e+03, 5.11703674e+02, 1.12209485e+03, 5.45216736e+02,
    1.12629651e+03, 5.79470642e+02, 1.13043640e+03, 6.14405640e+02,
    1.13488879e+03, 6.50524353e+02, 1.13959412e+03, 6.87530029e+02,
    1.07894763e+03, 4.80567444e+02, 1.08234900e+03, 5.13051086e+02,
    1.08575427e+03, 5.46408020e+02, 1.08955103e+03, 5.80745605e+02,
    1.09326599e+03, 6.15652161e+02, 1.09719934e+03, 6.51801514e+02,
    1.10142834e+03, 6.88949463e+02, 1.04368274e+03, 4.81666199e+02,
    1.04658582e+03, 5.14370239e+02, 1.04957544e+03, 5.47798523e+02,
    1.05282800e+03, 5.82144165e+02, 1.05596106e+03, 6.17274719e+02,
    1.05949316e+03, 6.53374390e+02, 1.06312207e+03, 6.90513672e+02,
    1.00823578e+03, 4.82623199e+02, 1.01088281e+03, 5.15459961e+02,
    1.01332141e+03, 5.49067993e+02, 1.01621307e+03, 5.83321716e+02,
    1.01869666e+03, 6.18543091e+02, 1.02172662e+03, 6.54703247e+02,
    1.02459460e+03, 6.91898010e+02 ]
