%YAML:1.0
---
points: [ 8.91999512e+02, 5.82531395e+01, 9.54375793e+02, 8.71760941e+01,
    1.01634308e+03, 1.15725266e+02, 1.07812122e+03, 1.43943359e+02,
    1.14017151e+03, 1.72286865e+02, 1.20237512e+03, 2.00139954e+02,
    1.26452161e+03, 2.28091202e+02, 8.66621460e+02, 1.25721336e+02,
    9.27671021e+02, 1.54117432e+02, 9.88649170e+02, 1.82175980e+02,
    1.04913196e+03, 2.09947861e+02, 1.10993835e+03, 2.37505356e+02,
    1.17067273e+03, 2.65085510e+02, 1.23169849e+03, 2.92383850e+02,
    8.42108948e+02, 1.90656281e+02, 9.02313110e+02, 2.18373703e+02,
    9.62066040e+02, 2.45882370e+02, 1.02134192e+03, 2.73103821e+02,
    1.08096924e+03, 3.00338867e+02, 1.14060461e+03, 3.27209778e+02,
    1.20033594e+03, 3.54340271e+02, 8.18659302e+02, 2.53267303e+02,
    8.77787842e+02, 2.80378326e+02, 9.36428162e+02, 3.07248169e+02,
    9.94599304e+02, 3.33848602e+02, 1.05321387e+03, 3.60543182e+02,
    1.11162305e+03, 3.87123718e+02, 1.17039734e+03, 4.13651917e+02,
    7.96092163e+02, 3.13365112e+02, 8.54214783e+02, 3.39831207e+02,
    9.11672974e+02, 3.66270844e+02, 9.68960022e+02, 3.92354736e+02,
    1.02639307e+03, 4.18480804e+02, 1.08382507e+03, 4.44678467e+02,
    1.14139893e+03, 4.70779968e+02, 7.74238281e+02, 3.71476868e+02,
    8.31125488e+02, 3.97262299e+02, 8.87886780e+02, 4.23088501e+02,
    9.44228821e+02, 4.48739929e+02, 1.00053223e+03, 4.74502960e+02,
    1.05702454e+03, 5.00386810e+02, 1.11360620e+03, 5.26070618e+02,
    7.52549255e+02, 4.27373810e+02, 8.08824036e+02, 4.52733185e+02,
    8.64686279e+02, 4.78138672e+02, 9.20121460e+02, 5.03429077e+02,
    9.75656372e+02, 5.28675293e+02, 1.03121545e+03, 5.54199097e+02,
    1.08677917e+03, 5.79555115e+02, 7.31858643e+02, 4.81583618e+02,
    7.87215820e+02, 5.06477081e+02, 8.42160522e+02, 5.31395508e+02,
    8.96775513e+02, 5.56327576e+02, 9.51431213e+02, 5.81330505e+02,
    1.00606757e+03, 6.06388611e+02, 1.06076184e+03, 6.31496643e+02,
    7.11377441e+02, 5.34240662e+02, 7.65976990e+02, 5.58710815e+02,
    8.20215759e+02, 5.83307800e+02, 8.73977173e+02, 6.07681152e+02,
    9.27788025e+02, 6.32376709e+02, 9.81644653e+02, 6.57171387e+02,
    1.03559753e+03, 6.81918274e+02 ]
