%YAML:1.0
---
points: [ 2.84194427e+02, 2.19685715e+02, 2.84218292e+02, 2.29618408e+02,
    2.84437866e+02, 2.39368851e+02, 2.84489685e+02, 2.49317047e+02,
    2.84728210e+02, 2.59186646e+02, 2.84825623e+02, 2.69081207e+02,
    2.84916290e+02, 2.78999176e+02, 2.74302246e+02, 2.19786240e+02,
    2.74509918e+02, 2.29581787e+02, 2.74667694e+02, 2.39518631e+02,
    2.74800568e+02, 2.49167404e+02, 2.74812286e+02, 2.59069611e+02,
    2.74944672e+02, 2.68868591e+02, 2.75170227e+02, 2.78807892e+02,
    2.64703857e+02, 2.19842346e+02, 2.64879456e+02, 2.29657700e+02,
    2.64954193e+02, 2.39410675e+02, 2.65063110e+02, 2.49227081e+02,
    2.65268127e+02, 2.58932129e+02, 2.65343445e+02, 2.68810486e+02,
    2.65524384e+02, 2.78584412e+02, 2.54988312e+02, 2.19928574e+02,
    2.55168228e+02, 2.29689056e+02, 2.55364532e+02, 2.39442032e+02,
    2.55542908e+02, 2.49182358e+02, 2.55659470e+02, 2.58965515e+02,
    2.55731033e+02, 2.68657593e+02, 2.55826569e+02, 2.78438446e+02,
    2.45619492e+02, 2.20008804e+02, 2.45748535e+02, 2.29724411e+02,
    2.45861389e+02, 2.39429977e+02, 2.45898407e+02, 2.49121429e+02,
    2.46019638e+02, 2.58843048e+02, 2.46171021e+02, 2.68537720e+02,
    2.46261841e+02, 2.78367828e+02, 2.36109253e+02, 2.20161728e+02,
    2.36288666e+02, 2.29789536e+02, 2.36502426e+02, 2.39444366e+02,
    2.36546082e+02, 2.49084793e+02, 2.36678909e+02, 2.58801849e+02,
    2.36719177e+02, 2.68482452e+02, 2.36837769e+02, 2.78194763e+02,
    2.26758591e+02, 2.20190048e+02, 2.26854111e+02, 2.29857117e+02,
    2.26920517e+02, 2.39450378e+02, 2.27140457e+02, 2.49017975e+02,
    2.27229507e+02, 2.58785583e+02, 2.27359390e+02, 2.68466339e+02,
    2.27466248e+02, 2.78092346e+02, 2.17429703e+02, 2.20342972e+02,
    2.17539505e+02, 2.29921753e+02, 2.17713577e+02, 2.39473984e+02,
    2.17829300e+02, 2.49112076e+02, 2.17823425e+02, 2.58762146e+02,
    2.17874069e+02, 2.68316589e+02, 2.17960327e+02, 2.77969635e+02,
    2.08169525e+02, 2.20385971e+02, 2.08271515e+02, 2.29892517e+02,
    2.08394714e+02, 2.39578705e+02, 2.08469116e+02, 2.49072205e+02,
    2.08590271e+02, 2.58734344e+02, 2.08654877e+02, 2.68213379e+02,
    2.08705734e+02, 2.77857819e+02 ]
