%YAML:1.0
---
points: [ 3.97234894e+02, 1.92514069e+02, 3.99619812e+02, 2.03540436e+02,
    4.02104187e+02, 2.14891724e+02, 4.04628876e+02, 2.26433304e+02,
    4.07170044e+02, 2.38351120e+02, 4.09943420e+02, 2.50519272e+02,
    4.12807190e+02, 2.63175293e+02, 3.85257721e+02, 1.92877029e+02,
    3.87425934e+02, 2.04020035e+02, 3.89790039e+02, 2.15357224e+02,
    3.92155975e+02, 2.26829971e+02, 3.94659332e+02, 2.38928955e+02,
    3.97309448e+02, 2.51127228e+02, 3.99930908e+02, 2.63637451e+02,
    3.73215515e+02, 1.93416183e+02, 3.75290009e+02, 2.04413559e+02,
    3.77426453e+02, 2.15742264e+02, 3.79756897e+02, 2.27499939e+02,
    3.82082458e+02, 2.39293015e+02, 3.84405670e+02, 2.51624374e+02,
    3.86926941e+02, 2.64228729e+02, 3.61169830e+02, 1.93844223e+02,
    3.63179474e+02, 2.04950989e+02, 3.65137787e+02, 2.16202469e+02,
    3.67209930e+02, 2.27990677e+02, 3.69349060e+02, 2.39894928e+02,
    3.71629578e+02, 2.52119873e+02, 3.74016113e+02, 2.64651550e+02,
    3.49217773e+02, 1.94323105e+02, 3.50950256e+02, 2.05402313e+02,
    3.52787415e+02, 2.16731461e+02, 3.54758514e+02, 2.28337204e+02,
    3.56709778e+02, 2.40272141e+02, 3.58815186e+02, 2.52583405e+02,
    3.60958313e+02, 2.65235992e+02, 3.37143616e+02, 1.94688263e+02,
    3.38822662e+02, 2.05740753e+02, 3.40581207e+02, 2.17230850e+02,
    3.42213165e+02, 2.28722198e+02, 3.44040588e+02, 2.40678162e+02,
    3.46007843e+02, 2.53017212e+02, 3.48109680e+02, 2.65617065e+02,
    3.25124786e+02, 1.95226135e+02, 3.26620239e+02, 2.06264816e+02,
    3.28093811e+02, 2.17548569e+02, 3.29710236e+02, 2.29246857e+02,
    3.31412445e+02, 2.41173660e+02, 3.33098145e+02, 2.53422195e+02,
    3.34866211e+02, 2.66143768e+02, 3.13155762e+02, 1.95507584e+02,
    3.14493225e+02, 2.06595093e+02, 3.15807800e+02, 2.18081436e+02,
    3.17269836e+02, 2.29706940e+02, 3.18704254e+02, 2.41544113e+02,
    3.20289246e+02, 2.53921890e+02, 3.21986237e+02, 2.66427399e+02,
    3.01170959e+02, 1.95878113e+02, 3.02353302e+02, 2.07203278e+02,
    3.03505127e+02, 2.18373596e+02, 3.04804565e+02, 2.30147720e+02,
    3.06066223e+02, 2.42079742e+02, 3.07436035e+02, 2.54337250e+02,
    3.08864929e+02, 2.67042389e+02 ]
