%YAML:1.0
---
points: [ 1.38263245e+03, 4.35657501e+02, 1.38482764e+03, 4.76976501e+02,
    1.38710181e+03, 5.18065063e+02, 1.38942737e+03, 5.59172791e+02,
    1.39155688e+03, 6.00034546e+02, 1.39399963e+03, 6.41038208e+02,
    1.39628015e+03, 6.82184753e+02, 1.33951099e+03, 4.39598175e+02,
    1.34174683e+03, 4.79780212e+02, 1.34393518e+03, 5.19879761e+02,
    1.34630762e+03, 5.60325439e+02, 1.34853430e+03, 6.00315002e+02,
    1.35063782e+03, 6.40396484e+02, 1.35318738e+03, 6.80647461e+02,
    1.29837500e+03, 4.43283112e+02, 1.30046655e+03, 4.82520996e+02,
    1.30252417e+03, 5.21928589e+02, 1.30489990e+03, 5.61299927e+02,
    1.30726843e+03, 6.00500854e+02, 1.30933105e+03, 6.39774414e+02,
    1.31154895e+03, 6.79310547e+02, 1.25881934e+03, 4.46632141e+02,
    1.26090869e+03, 4.85292236e+02, 1.26323328e+03, 5.23835083e+02,
    1.26537415e+03, 5.62328735e+02, 1.26757727e+03, 6.00779663e+02,
    1.26974365e+03, 6.39207153e+02, 1.27183472e+03, 6.77644897e+02,
    1.22078284e+03, 4.50040222e+02, 1.22293860e+03, 4.87765564e+02,
    1.22524670e+03, 5.25514038e+02, 1.22741589e+03, 5.63424316e+02,
    1.22948462e+03, 6.00854980e+02, 1.23174194e+03, 6.38692627e+02,
    1.23360229e+03, 6.76446289e+02, 1.18439978e+03, 4.53435333e+02,
    1.18644153e+03, 4.90411560e+02, 1.18855420e+03, 5.27425964e+02,
    1.19067346e+03, 5.64461548e+02, 1.19284949e+03, 6.01226440e+02,
    1.19512488e+03, 6.38241089e+02, 1.19677197e+03, 6.75430359e+02,
    1.14922119e+03, 4.56308777e+02, 1.15133618e+03, 4.92668457e+02,
    1.15351074e+03, 5.28966003e+02, 1.15556628e+03, 5.65367981e+02,
    1.15782581e+03, 6.01459229e+02, 1.15971533e+03, 6.37786194e+02,
    1.16154822e+03, 6.74228149e+02, 1.11556909e+03, 4.59442291e+02,
    1.11758154e+03, 4.94933075e+02, 1.11970740e+03, 5.30497803e+02,
    1.12205042e+03, 5.66290833e+02, 1.12407935e+03, 6.01700867e+02,
    1.12614221e+03, 6.37318298e+02, 1.12778406e+03, 6.72829224e+02,
    1.08276477e+03, 4.62148865e+02, 1.08514502e+03, 4.97268127e+02,
    1.08726428e+03, 5.32188354e+02, 1.08947778e+03, 5.67003784e+02,
    1.09145496e+03, 6.01933655e+02, 1.09336963e+03, 6.36979614e+02,
    1.09520410e+03, 6.71796143e+02 ]
