%YAML:1.0
---
points: [ 4.31815216e+02, 1.80126968e+02, 4.32448730e+02, 1.94080246e+02,
    4.33384888e+02, 2.07945221e+02, 4.33980560e+02, 2.21829498e+02,
    4.34591644e+02, 2.35839539e+02, 4.35337097e+02, 2.49532593e+02,
    4.35986389e+02, 2.63557831e+02, 4.16912354e+02, 1.81271133e+02,
    4.17504486e+02, 1.94975357e+02, 4.18265564e+02, 2.08629074e+02,
    4.19067963e+02, 2.22369476e+02, 4.19753204e+02, 2.35760773e+02,
    4.20391296e+02, 2.49503464e+02, 4.21156738e+02, 2.63053314e+02,
    4.02405701e+02, 1.82476685e+02, 4.03227509e+02, 1.95890915e+02,
    4.03894867e+02, 2.09294464e+02, 4.04608307e+02, 2.22567459e+02,
    4.05381622e+02, 2.35870499e+02, 4.06046295e+02, 2.49329178e+02,
    4.06651642e+02, 2.62807495e+02, 3.88494141e+02, 1.83653503e+02,
    3.89277130e+02, 1.96790100e+02, 3.89955963e+02, 2.09804153e+02,
    3.90720184e+02, 2.22937210e+02, 3.91351929e+02, 2.36161911e+02,
    3.92121735e+02, 2.49199036e+02, 3.92892944e+02, 2.62319641e+02,
    3.75121613e+02, 1.84707352e+02, 3.75805969e+02, 1.97624054e+02,
    3.76455505e+02, 2.10392624e+02, 3.77318420e+02, 2.23401093e+02,
    3.78018799e+02, 2.36199142e+02, 3.78600800e+02, 2.49085510e+02,
    3.79315491e+02, 2.61867462e+02, 3.62114319e+02, 1.85848236e+02,
    3.62853638e+02, 1.98506805e+02, 3.63609894e+02, 2.11139404e+02,
    3.64276825e+02, 2.23702316e+02, 3.65099487e+02, 2.36233231e+02,
    3.65781891e+02, 2.48767792e+02, 3.66395142e+02, 2.61396973e+02,
    3.49656372e+02, 1.86932068e+02, 3.50390961e+02, 1.99332291e+02,
    3.51094879e+02, 2.11604767e+02, 3.51767944e+02, 2.24022552e+02,
    3.52451324e+02, 2.36213257e+02, 3.53184174e+02, 2.48664948e+02,
    3.53817078e+02, 2.60982666e+02, 3.37634888e+02, 1.87944992e+02,
    3.38404938e+02, 2.00063339e+02, 3.39109497e+02, 2.12257248e+02,
    3.39864014e+02, 2.24275345e+02, 3.40445831e+02, 2.36306671e+02,
    3.41248230e+02, 2.48400375e+02, 3.41928772e+02, 2.60608246e+02,
    3.26122864e+02, 1.88846771e+02, 3.26876129e+02, 2.00788101e+02,
    3.27545563e+02, 2.12637634e+02, 3.28238708e+02, 2.24604858e+02,
    3.29016724e+02, 2.36332947e+02, 3.29598328e+02, 2.48287613e+02,
    3.30194885e+02, 2.60169098e+02 ]
