%YAML:1.0
---
points: [ 3.08795441e+02, 2.26933182e+02, 3.08466919e+02, 2.36494751e+02,
    3.08254181e+02, 2.45953903e+02, 3.08205231e+02, 2.55445053e+02,
    3.08093018e+02, 2.65032898e+02, 3.07949768e+02, 2.74508392e+02,
    3.07829956e+02, 2.84153595e+02, 2.99554840e+02, 2.26856216e+02,
    2.99288055e+02, 2.36382965e+02, 2.99197357e+02, 2.46010086e+02,
    2.98980072e+02, 2.55495483e+02, 2.98885834e+02, 2.65190735e+02,
    2.98788879e+02, 2.74596497e+02, 2.98731628e+02, 2.84236755e+02,
    2.90420898e+02, 2.26785095e+02, 2.90218262e+02, 2.36334167e+02,
    2.89989807e+02, 2.45991379e+02, 2.89890747e+02, 2.55617203e+02,
    2.89731659e+02, 2.65175690e+02, 2.89577576e+02, 2.74843872e+02,
    2.89444916e+02, 2.84371613e+02, 2.80998840e+02, 2.26696945e+02,
    2.80823578e+02, 2.36341263e+02, 2.80685272e+02, 2.46004868e+02,
    2.80569366e+02, 2.55615402e+02, 2.80410431e+02, 2.65266937e+02,
    2.80213104e+02, 2.75014954e+02, 2.80119263e+02, 2.84560944e+02,
    2.71702179e+02, 2.26609772e+02, 2.71467499e+02, 2.36340195e+02,
    2.71237579e+02, 2.45993668e+02, 2.71094086e+02, 2.55624603e+02,
    2.70944336e+02, 2.65317719e+02, 2.70834320e+02, 2.75054565e+02,
    2.70743927e+02, 2.84831818e+02, 2.62157928e+02, 2.26592041e+02,
    2.61959320e+02, 2.36341766e+02, 2.61792175e+02, 2.45977844e+02,
    2.61745514e+02, 2.55698471e+02, 2.61631165e+02, 2.65440033e+02,
    2.61533936e+02, 2.75161804e+02, 2.61281525e+02, 2.85048065e+02,
    2.52693604e+02, 2.26525711e+02, 2.52563629e+02, 2.36271530e+02,
    2.52319565e+02, 2.45988373e+02, 2.52129868e+02, 2.55777222e+02,
    2.51969101e+02, 2.65569763e+02, 2.51845398e+02, 2.75366791e+02,
    2.51743561e+02, 2.85221344e+02, 2.42922409e+02, 2.26455933e+02,
    2.42768646e+02, 2.36346100e+02, 2.42731293e+02, 2.45983749e+02,
    2.42675095e+02, 2.55906998e+02, 2.42497314e+02, 2.65793335e+02,
    2.42321381e+02, 2.75526825e+02, 2.42113983e+02, 2.85382904e+02,
    2.33318329e+02, 2.26404800e+02, 2.33124573e+02, 2.36299057e+02,
    2.32889435e+02, 2.46116333e+02, 2.32786499e+02, 2.56028473e+02,
    2.32685822e+02, 2.65880371e+02, 2.32586700e+02, 2.75830505e+02,
    2.32356430e+02, 2.85662628e+02 ]
