%YAML:1.0
---
points: [ 8.76754272e+02, 5.09618988e+02, 8.07388245e+02, 5.15248108e+02,
    7.37859192e+02, 5.20985107e+02, 6.67553040e+02, 5.26524109e+02,
    5.97066101e+02, 5.32155273e+02, 5.25996643e+02, 5.37839966e+02,
    4.54034821e+02, 5.43275269e+02, 8.72955627e+02, 4.45810974e+02,
    8.05157959e+02, 4.51254944e+02, 7.36748840e+02, 4.56702637e+02,
    6.67851196e+02, 4.61966797e+02, 5.98731018e+02, 4.67346039e+02,
    5.28809021e+02, 4.72562836e+02, 4.58736511e+02, 4.77689941e+02,
    8.69299316e+02, 3.84402618e+02, 8.02512817e+02, 3.89692322e+02,
    7.35486755e+02, 3.94828156e+02, 6.68031677e+02, 4.00157867e+02,
    6.00377258e+02, 4.05207550e+02, 5.31863220e+02, 4.10049927e+02,
    4.62730011e+02, 4.14693054e+02, 8.65565674e+02, 3.25375641e+02,
    8.00276428e+02, 3.30428711e+02, 7.34213440e+02, 3.35360443e+02,
    6.68057922e+02, 3.40422272e+02, 6.01608093e+02, 3.45286102e+02,
    5.34416870e+02, 3.50097931e+02, 4.66764771e+02, 3.54637451e+02,
    8.61961609e+02, 2.67758484e+02, 7.97542053e+02, 2.72983124e+02,
    7.33053467e+02, 2.77823486e+02, 6.67839783e+02, 2.82696045e+02,
    6.02717651e+02, 2.87379242e+02, 5.36838623e+02, 2.91821716e+02,
    4.70473206e+02, 2.95951569e+02, 8.58500244e+02, 2.12238770e+02,
    7.95177795e+02, 2.17114410e+02, 7.31608765e+02, 2.21929626e+02,
    6.67563843e+02, 2.26512878e+02, 6.03570679e+02, 2.30959732e+02,
    5.38914551e+02, 2.35288193e+02, 4.73707794e+02, 2.39175583e+02,
    8.54803833e+02, 1.58007050e+02, 7.92546265e+02, 1.62885254e+02,
    7.30124268e+02, 1.67597015e+02, 6.67296265e+02, 1.72209320e+02,
    6.04481628e+02, 1.76658722e+02, 5.40886414e+02, 1.80834778e+02,
    4.76764801e+02, 1.84407013e+02, 8.51546936e+02, 1.05885849e+02,
    7.90425598e+02, 1.10681702e+02, 7.28865845e+02, 1.15363129e+02,
    6.67156799e+02, 1.20181564e+02, 6.05516724e+02, 1.24358139e+02,
    5.43120667e+02, 1.28445816e+02, 4.80372620e+02, 1.31893280e+02,
    8.48425720e+02, 5.48709679e+01, 7.88117310e+02, 6.00149345e+01,
    7.27704224e+02, 6.48192978e+01, 6.66971741e+02, 6.94131546e+01,
    6.06331482e+02, 7.34923859e+01, 5.45017822e+02, 7.74260101e+01,
    4.83539429e+02, 8.09760590e+01 ]
