%YAML:1.0
---
points: [ 4.28491150e+02, 3.21611633e+02, 4.13665619e+02, 3.21615631e+02,
    3.98719727e+02, 3.21581116e+02, 3.83907196e+02, 3.21759521e+02,
    3.69227051e+02, 3.21481750e+02, 3.54511932e+02, 3.21497894e+02,
    3.40131958e+02, 3.21345428e+02, 4.27697754e+02, 3.07033844e+02,
    4.12761292e+02, 3.07051300e+02, 3.97843536e+02, 3.07243195e+02,
    3.83015076e+02, 3.07053833e+02, 3.68287689e+02, 3.07172119e+02,
    3.53818878e+02, 3.07249847e+02, 3.39344391e+02, 3.07116455e+02,
    4.26898834e+02, 2.92401184e+02, 4.11903229e+02, 2.92685760e+02,
    3.97052856e+02, 2.92734344e+02, 3.82136719e+02, 2.92784149e+02,
    3.67410004e+02, 2.92939178e+02, 3.53050507e+02, 2.92841492e+02,
    3.38628937e+02, 2.93088898e+02, 4.25909912e+02, 2.78011169e+02,
    4.11005768e+02, 2.78203339e+02, 3.96109253e+02, 2.78329468e+02,
    3.81274078e+02, 2.78532532e+02, 3.66536041e+02, 2.78528931e+02,
    3.52265015e+02, 2.78843994e+02, 3.37933716e+02, 2.79004333e+02,
    4.25044250e+02, 2.63687225e+02, 4.10060730e+02, 2.63878448e+02,
    3.95232605e+02, 2.64159454e+02, 3.80348633e+02, 2.64384430e+02,
    3.65882080e+02, 2.64599640e+02, 3.51360382e+02, 2.64823608e+02,
    3.37230469e+02, 2.64946991e+02, 4.24087891e+02, 2.49323257e+02,
    4.09153320e+02, 2.49710480e+02, 3.94267456e+02, 2.50079117e+02,
    3.79543427e+02, 2.50358887e+02, 3.65051849e+02, 2.50775116e+02,
    3.50702454e+02, 2.50973114e+02, 3.36468323e+02, 2.51287827e+02,
    4.23032043e+02, 2.35135254e+02, 4.08175354e+02, 2.35559357e+02,
    3.93386780e+02, 2.36013855e+02, 3.78697815e+02, 2.36413269e+02,
    3.64260223e+02, 2.36653198e+02, 3.49926971e+02, 2.37150421e+02,
    3.35932739e+02, 2.37440018e+02, 4.22163483e+02, 2.20952820e+02,
    4.07279114e+02, 2.21596130e+02, 3.92470978e+02, 2.22148895e+02,
    3.77957489e+02, 2.22579834e+02, 3.63430786e+02, 2.23133987e+02,
    3.49260223e+02, 2.23527161e+02, 3.35143127e+02, 2.24024841e+02,
    4.21097198e+02, 2.07100800e+02, 4.06312836e+02, 2.07713425e+02,
    3.91675873e+02, 2.08261429e+02, 3.77130493e+02, 2.08948074e+02,
    3.62775635e+02, 2.09417648e+02, 3.48539062e+02, 2.09872833e+02,
    3.34566620e+02, 2.10335236e+02 ]
