%YAML:1.0
---
points: [ 4.27212189e+02, 1.84685852e+02, 4.27741608e+02, 1.96983795e+02,
    4.28325439e+02, 2.09570267e+02, 4.28941498e+02, 2.22239273e+02,
    4.29628235e+02, 2.34739624e+02, 4.30289062e+02, 2.47134766e+02,
    4.31062103e+02, 2.59778320e+02, 4.18113556e+02, 1.85132309e+02,
    4.18744141e+02, 1.97994980e+02, 4.19236481e+02, 2.10540802e+02,
    4.19886688e+02, 2.23353271e+02, 4.20568970e+02, 2.35969284e+02,
    4.21419891e+02, 2.48743805e+02, 4.22218292e+02, 2.61270721e+02,
    4.08702728e+02, 1.85750900e+02, 4.09303772e+02, 1.98651596e+02,
    4.10055511e+02, 2.11625717e+02, 4.10655060e+02, 2.24460693e+02,
    4.11362640e+02, 2.37417328e+02, 4.12244293e+02, 2.50163757e+02,
    4.13032715e+02, 2.63149445e+02, 3.98914520e+02, 1.86358139e+02,
    3.99724060e+02, 1.99449585e+02, 4.00222809e+02, 2.12552567e+02,
    4.01109131e+02, 2.25786240e+02, 4.01868713e+02, 2.38782532e+02,
    4.02582001e+02, 2.51804123e+02, 4.03646454e+02, 2.64776855e+02,
    3.88992615e+02, 1.87027313e+02, 3.89701294e+02, 2.00398895e+02,
    3.90399658e+02, 2.13697357e+02, 3.91125305e+02, 2.26832458e+02,
    3.92006989e+02, 2.40128174e+02, 3.92861542e+02, 2.53458435e+02,
    3.93903320e+02, 2.66663422e+02, 3.78690491e+02, 1.87718765e+02,
    3.79467712e+02, 2.01226746e+02, 3.80230255e+02, 2.14746246e+02,
    3.80967255e+02, 2.28261429e+02, 3.81898773e+02, 2.41529434e+02,
    3.82872162e+02, 2.55125961e+02, 3.83940399e+02, 2.68477295e+02,
    3.68145294e+02, 1.88512390e+02, 3.69007294e+02, 2.02096390e+02,
    3.69744843e+02, 2.15796829e+02, 3.70654968e+02, 2.29523300e+02,
    3.71536957e+02, 2.43020264e+02, 3.72562378e+02, 2.56723541e+02,
    3.73678650e+02, 2.70394135e+02, 3.57183319e+02, 1.89178055e+02,
    3.58084381e+02, 2.03138031e+02, 3.58936768e+02, 2.17050217e+02,
    3.59679230e+02, 2.30772247e+02, 3.60709869e+02, 2.44578537e+02,
    3.61721069e+02, 2.58550842e+02, 3.62885468e+02, 2.72327545e+02,
    3.46090515e+02, 1.89833145e+02, 3.46965088e+02, 2.04046188e+02,
    3.47726746e+02, 2.18023239e+02, 3.48695007e+02, 2.32178284e+02,
    3.49602264e+02, 2.46164246e+02, 3.50799988e+02, 2.60338318e+02,
    3.51894257e+02, 2.74412781e+02 ]
