%YAML:1.0
---
points: [ 1.26352820e+03, 7.51689392e+02, 1.20189209e+03, 7.75093384e+02,
    1.14060706e+03, 7.98923767e+02, 1.07923474e+03, 8.22553833e+02,
    1.01847534e+03, 8.46490845e+02, 9.57229126e+02, 8.70581909e+02,
    8.95993347e+02, 8.94910461e+02, 1.23577820e+03, 6.89521301e+02,
    1.17524353e+03, 7.12847107e+02, 1.11470642e+03, 7.36250671e+02,
    1.05449622e+03, 7.59662292e+02, 9.94423645e+02, 7.83194031e+02,
    9.34232544e+02, 8.06856812e+02, 8.73694336e+02, 8.30814880e+02,
    1.20914075e+03, 6.29391174e+02, 1.14939087e+03, 6.52389954e+02,
    1.08980701e+03, 6.75509033e+02, 1.03039709e+03, 6.98647034e+02,
    9.71357971e+02, 7.21809814e+02, 9.11776001e+02, 7.45225159e+02,
    8.52350891e+02, 7.68608154e+02, 1.18308484e+03, 5.71214539e+02,
    1.12430029e+03, 5.94081726e+02, 1.06572034e+03, 6.16854919e+02,
    1.00707660e+03, 6.39726440e+02, 9.48749023e+02, 6.62568481e+02,
    8.90278076e+02, 6.85403137e+02, 8.31268616e+02, 7.08595215e+02,
    1.15785913e+03, 5.14307312e+02, 1.09987097e+03, 5.36954346e+02,
    1.04224512e+03, 5.59500549e+02, 9.84335938e+02, 5.82276245e+02,
    9.26758789e+02, 6.04760437e+02, 8.68945801e+02, 6.27373291e+02,
    8.10779663e+02, 6.49749084e+02, 1.13364429e+03, 4.58609619e+02,
    1.07637244e+03, 4.81212524e+02, 1.01935571e+03, 5.03546631e+02,
    9.62260315e+02, 5.26013428e+02, 9.05346802e+02, 5.48297058e+02,
    8.48251892e+02, 5.70417542e+02, 7.90495728e+02, 5.92643982e+02,
    1.10977295e+03, 4.04552063e+02, 1.05329688e+03, 4.26743500e+02,
    9.96921204e+02, 4.49060669e+02, 9.40571289e+02, 4.71133911e+02,
    8.84407410e+02, 4.93067871e+02, 8.27745483e+02, 5.14917542e+02,
    7.70726135e+02, 5.36738342e+02, 1.08678467e+03, 3.51462708e+02,
    1.03083484e+03, 3.73629425e+02, 9.75256409e+02, 3.95625610e+02,
    9.19422668e+02, 4.17608826e+02, 8.63809326e+02, 4.39289642e+02,
    8.07789917e+02, 4.60805420e+02, 7.51532959e+02, 4.82230438e+02,
    1.06427917e+03, 2.99313263e+02, 1.00915637e+03, 3.21256195e+02,
    9.53847168e+02, 3.43233521e+02, 8.98801025e+02, 3.65051025e+02,
    8.43691223e+02, 3.86332336e+02, 7.88327454e+02, 4.07561401e+02,
    7.32509277e+02, 4.28579041e+02 ]
