%YAML:1.0
---
points: [ 1.37694141e+03, 4.49125824e+02, 1.37864148e+03, 4.86256989e+02,
    1.38047046e+03, 5.23285522e+02, 1.38241467e+03, 5.60212708e+02,
    1.38455920e+03, 5.97000793e+02, 1.38664893e+03, 6.33814026e+02,
    1.38939221e+03, 6.70632019e+02, 1.34853040e+03, 4.50783234e+02,
    1.35033704e+03, 4.88377075e+02, 1.35233984e+03, 5.25856567e+02,
    1.35427869e+03, 5.63468750e+02, 1.35643872e+03, 6.00752258e+02,
    1.35891492e+03, 6.38179688e+02, 1.36153308e+03, 6.75495667e+02,
    1.31928796e+03, 4.52604675e+02, 1.32139941e+03, 4.90761658e+02,
    1.32331287e+03, 5.28802368e+02, 1.32548279e+03, 5.66720520e+02,
    1.32769885e+03, 6.04488525e+02, 1.33034277e+03, 6.42505310e+02,
    1.33314697e+03, 6.80413025e+02, 1.28924756e+03, 4.54620880e+02,
    1.29138708e+03, 4.93187683e+02, 1.29346533e+03, 5.31741272e+02,
    1.29581140e+03, 5.70354675e+02, 1.29820740e+03, 6.08528564e+02,
    1.30086646e+03, 6.46793762e+02, 1.30368970e+03, 6.85526367e+02,
    1.25854773e+03, 4.56479645e+02, 1.26058508e+03, 4.95757355e+02,
    1.26303394e+03, 5.34659180e+02, 1.26539001e+03, 5.73889526e+02,
    1.26791077e+03, 6.12621765e+02, 1.27061572e+03, 6.51557739e+02,
    1.27396851e+03, 6.90676636e+02, 1.22731189e+03, 4.58602905e+02,
    1.22946423e+03, 4.98283997e+02, 1.23189648e+03, 5.37980530e+02,
    1.23436267e+03, 5.77420044e+02, 1.23699658e+03, 6.16999573e+02,
    1.23981824e+03, 6.56333374e+02, 1.24337305e+03, 6.96102722e+02,
    1.19485840e+03, 4.60583008e+02, 1.19730835e+03, 5.01078583e+02,
    1.19979297e+03, 5.41165833e+02, 1.20237109e+03, 5.81370361e+02,
    1.20530481e+03, 6.21274536e+02, 1.20820300e+03, 6.61404236e+02,
    1.21164941e+03, 7.01581299e+02, 1.16148315e+03, 4.62754913e+02,
    1.16421570e+03, 5.03527039e+02, 1.16661255e+03, 5.44509460e+02,
    1.16941724e+03, 5.85315674e+02, 1.17228540e+03, 6.25684753e+02,
    1.17539246e+03, 6.66405518e+02, 1.17899036e+03, 7.07358582e+02,
    1.12753101e+03, 4.65023071e+02, 1.13014661e+03, 5.06509277e+02,
    1.13273145e+03, 5.47845215e+02, 1.13554785e+03, 5.89345215e+02,
    1.13855652e+03, 6.30321106e+02, 1.14170801e+03, 6.71643982e+02,
    1.14527576e+03, 7.13150085e+02 ]
