%YAML:1.0
---
points: [ 4.46236237e+02, 7.87850571e+01, 4.45979614e+02, 9.18229294e+01,
    4.45332611e+02, 1.05239449e+02, 4.44847260e+02, 1.18330986e+02,
    4.44297211e+02, 1.31702881e+02, 4.43693634e+02, 1.44696655e+02,
    4.43153900e+02, 1.58090988e+02, 4.33785767e+02, 7.79142532e+01,
    4.33195740e+02, 9.13105621e+01, 4.32690033e+02, 1.04411087e+02,
    4.32124481e+02, 1.17852547e+02, 4.31543427e+02, 1.31154739e+02,
    4.31048981e+02, 1.44475861e+02, 4.30350586e+02, 1.57708817e+02,
    4.20929840e+02, 7.73728027e+01, 4.20361420e+02, 9.05028229e+01,
    4.19864563e+02, 1.04027489e+02, 4.19271759e+02, 1.17377365e+02,
    4.18658600e+02, 1.30678329e+02, 4.17972351e+02, 1.43887283e+02,
    4.17380341e+02, 1.57267746e+02, 4.08028870e+02, 7.65957336e+01,
    4.07385956e+02, 9.01881714e+01, 4.06894897e+02, 1.03423332e+02,
    4.06263519e+02, 1.16928406e+02, 4.05528198e+02, 1.30349518e+02,
    4.04992981e+02, 1.43669662e+02, 4.04455658e+02, 1.56864563e+02,
    3.94977234e+02, 7.61626816e+01, 3.94421509e+02, 8.95528259e+01,
    3.93810669e+02, 1.03102303e+02, 3.93207367e+02, 1.16414345e+02,
    3.92541351e+02, 1.29901489e+02, 3.91928436e+02, 1.43270447e+02,
    3.91268951e+02, 1.56471313e+02, 3.82041138e+02, 7.55748291e+01,
    3.81382996e+02, 8.91311798e+01, 3.80852936e+02, 1.02567055e+02,
    3.80094788e+02, 1.16133263e+02, 3.79487762e+02, 1.29457611e+02,
    3.78919495e+02, 1.42866226e+02, 3.78360779e+02, 1.56250626e+02,
    3.68800171e+02, 7.51812439e+01, 3.68246033e+02, 8.86342316e+01,
    3.67463593e+02, 1.02226425e+02, 3.66908936e+02, 1.15640945e+02,
    3.66306061e+02, 1.29229294e+02, 3.65663971e+02, 1.42452499e+02,
    3.65150574e+02, 1.55776413e+02, 3.55594391e+02, 7.45535049e+01,
    3.54964783e+02, 8.83400040e+01, 3.54357025e+02, 1.01822784e+02,
    3.53820038e+02, 1.15323647e+02, 3.53160034e+02, 1.28705551e+02,
    3.52537476e+02, 1.42254349e+02, 3.52066071e+02, 1.55488663e+02,
    3.42310791e+02, 7.41998215e+01, 3.41866669e+02, 8.78616257e+01,
    3.41186707e+02, 1.01392288e+02, 3.40507507e+02, 1.15125221e+02,
    3.40001862e+02, 1.28375168e+02, 3.39329224e+02, 1.41886917e+02,
    3.38893890e+02, 1.55224960e+02 ]
