%YAML:1.0
---
points: [ 4.43508087e+02, 2.55778595e+02, 4.42364014e+02, 2.70075714e+02,
    4.41291779e+02, 2.84765015e+02, 4.40285461e+02, 2.98976959e+02,
    4.39303833e+02, 3.13622925e+02, 4.38227509e+02, 3.27551056e+02,
    4.37284546e+02, 3.41841980e+02, 4.29119141e+02, 2.55301041e+02,
    4.28010864e+02, 2.69839233e+02, 4.27085571e+02, 2.84585297e+02,
    4.26027649e+02, 2.98920746e+02, 4.25242828e+02, 3.13287262e+02,
    4.24286591e+02, 3.27713501e+02, 4.23237762e+02, 3.41657349e+02,
    4.14538879e+02, 2.54971817e+02, 4.13550476e+02, 2.69666382e+02,
    4.12576630e+02, 2.84248535e+02, 4.11850372e+02, 2.98815735e+02,
    4.10961945e+02, 3.13298798e+02, 4.10148224e+02, 3.27464752e+02,
    4.09324707e+02, 3.41840637e+02, 3.99793243e+02, 2.54524597e+02,
    3.98872925e+02, 2.69376526e+02, 3.98075531e+02, 2.83942566e+02,
    3.97360168e+02, 2.98459076e+02, 3.96458923e+02, 3.13009979e+02,
    3.95796051e+02, 3.27483673e+02, 3.95020599e+02, 3.41828613e+02,
    3.85045868e+02, 2.54141968e+02, 3.84154633e+02, 2.68875671e+02,
    3.83334503e+02, 2.83707428e+02, 3.82661377e+02, 2.98240112e+02,
    3.82096466e+02, 3.12855164e+02, 3.81318481e+02, 3.27128571e+02,
    3.80642883e+02, 3.41585358e+02, 3.70125122e+02, 2.53739838e+02,
    3.69401154e+02, 2.68497375e+02, 3.68692566e+02, 2.83136780e+02,
    3.68087708e+02, 2.98034241e+02, 3.67377106e+02, 3.12413696e+02,
    3.66765869e+02, 3.27205292e+02, 3.66174683e+02, 3.41454498e+02,
    3.55385284e+02, 2.53385132e+02, 3.54648956e+02, 2.68283508e+02,
    3.53972809e+02, 2.82957611e+02, 3.53395172e+02, 2.97518219e+02,
    3.52889832e+02, 3.12362274e+02, 3.52343140e+02, 3.26832520e+02,
    3.51696869e+02, 3.41410675e+02, 3.40352814e+02, 2.53130539e+02,
    3.39832794e+02, 2.68062469e+02, 3.39271729e+02, 2.82658844e+02,
    3.38717621e+02, 2.97329041e+02, 3.38229187e+02, 3.12009918e+02,
    3.37679169e+02, 3.26587738e+02, 3.37112640e+02, 3.41065186e+02,
    3.25631836e+02, 2.52727768e+02, 3.25097046e+02, 2.67517731e+02,
    3.24435913e+02, 2.82297699e+02, 3.24062897e+02, 2.97050446e+02,
    3.23393677e+02, 3.11707794e+02, 3.23076111e+02, 3.26281525e+02,
    3.22460510e+02, 3.40922211e+02 ]
