%YAML:1.0
---
points: [ 1.32166968e+03, 8.69829346e+02, 1.26540991e+03, 8.90844177e+02,
    1.20951611e+03, 9.11993225e+02, 1.15380286e+03, 9.33283569e+02,
    1.09868945e+03, 9.54648865e+02, 1.04358838e+03, 9.76142883e+02,
    9.88793579e+02, 9.98148987e+02, 1.30458667e+03, 8.20558838e+02,
    1.24755249e+03, 8.42024231e+02, 1.19079419e+03, 8.63466125e+02,
    1.13453748e+03, 8.85051514e+02, 1.07853699e+03, 9.06607300e+02,
    1.02287012e+03, 9.28731750e+02, 9.67380798e+02, 9.51024719e+02,
    1.28681494e+03, 7.69938477e+02, 1.22925598e+03, 7.91760803e+02,
    1.17166187e+03, 8.13724487e+02, 1.11463074e+03, 8.35585388e+02,
    1.05820740e+03, 8.57623230e+02, 1.00162958e+03, 8.80058105e+02,
    9.45529602e+02, 9.02861389e+02, 1.26858215e+03, 7.17681091e+02,
    1.21031787e+03, 7.40356934e+02, 1.15196472e+03, 7.62566467e+02,
    1.09431201e+03, 7.84950439e+02, 1.03691394e+03, 8.07308533e+02,
    9.79868958e+02, 8.30200806e+02, 9.22946411e+02, 8.53335815e+02,
    1.25026318e+03, 6.64661804e+02, 1.19077881e+03, 6.87423462e+02,
    1.13193152e+03, 7.10255371e+02, 1.07330603e+03, 7.32967590e+02,
    1.01548541e+03, 7.55864990e+02, 9.57426697e+02, 7.79031311e+02,
    8.99772766e+02, 8.02664001e+02, 1.23142444e+03, 6.09846802e+02,
    1.17124268e+03, 6.33290955e+02, 1.11146570e+03, 6.56552612e+02,
    1.05216260e+03, 6.79903503e+02, 9.93372131e+02, 7.03186035e+02,
    9.34615173e+02, 7.26824219e+02, 8.76039917e+02, 7.50955444e+02,
    1.21199805e+03, 5.53499695e+02, 1.15093860e+03, 5.77448059e+02,
    1.09047400e+03, 6.01282593e+02, 1.03017200e+03, 6.25164734e+02,
    9.70565552e+02, 6.48860901e+02, 9.10768311e+02, 6.73058044e+02,
    8.51453369e+02, 6.97421936e+02, 1.19223657e+03, 4.95331329e+02,
    1.13022766e+03, 5.20019409e+02, 1.06869751e+03, 5.44388855e+02,
    1.00752740e+03, 5.68659790e+02, 9.47057068e+02, 5.93004395e+02,
    8.86499451e+02, 6.17471313e+02, 8.26068542e+02, 6.42331421e+02,
    1.17176453e+03, 4.35147766e+02, 1.10892871e+03, 4.60296112e+02,
    1.04642102e+03, 4.85298065e+02, 9.84227966e+02, 5.10281799e+02,
    9.22734436e+02, 5.35198120e+02, 8.61304626e+02, 5.60063110e+02,
    7.99625000e+02, 5.85265564e+02 ]
