%YAML:1.0
---
points: [ 1.43730481e+03, 1.32822876e+02, 1.43460925e+03, 1.73181747e+02,
    1.43245471e+03, 2.13261414e+02, 1.43005493e+03, 2.53257187e+02,
    1.42783154e+03, 2.92569092e+02, 1.42558557e+03, 3.32260590e+02,
    1.42351001e+03, 3.71467896e+02, 1.39770251e+03, 1.31954605e+02,
    1.39557007e+03, 1.72155884e+02, 1.39322815e+03, 2.12460541e+02,
    1.39083289e+03, 2.52160919e+02, 1.38857312e+03, 2.91854065e+02,
    1.38651941e+03, 3.31343964e+02, 1.38459167e+03, 3.70631012e+02,
    1.35851843e+03, 1.30799667e+02, 1.35624036e+03, 1.71345840e+02,
    1.35407764e+03, 2.11501358e+02, 1.35178638e+03, 2.51406570e+02,
    1.34953198e+03, 2.91031982e+02, 1.34758008e+03, 3.30530762e+02,
    1.34565051e+03, 3.69780396e+02, 1.31896973e+03, 1.30177643e+02,
    1.31700586e+03, 1.70448013e+02, 1.31478601e+03, 2.10716599e+02,
    1.31259082e+03, 2.50560944e+02, 1.31055066e+03, 2.90319977e+02,
    1.30860608e+03, 3.29721283e+02, 1.30690112e+03, 3.69062683e+02,
    1.27987451e+03, 1.29147644e+02, 1.27769812e+03, 1.69613342e+02,
    1.27557434e+03, 2.09759918e+02, 1.27360645e+03, 2.49827408e+02,
    1.27153162e+03, 2.89426239e+02, 1.26972424e+03, 3.28909393e+02,
    1.26806458e+03, 3.67988464e+02, 1.24053320e+03, 1.28313202e+02,
    1.23851819e+03, 1.68596085e+02, 1.23661304e+03, 2.08913284e+02,
    1.23461487e+03, 2.48902664e+02, 1.23281458e+03, 2.88492401e+02,
    1.23110352e+03, 3.27972870e+02, 1.22943115e+03, 3.67171875e+02,
    1.20144080e+03, 1.27263176e+02, 1.19950378e+03, 1.67660782e+02,
    1.19754956e+03, 2.08041031e+02, 1.19572058e+03, 2.48150421e+02,
    1.19408057e+03, 2.87589294e+02, 1.19228015e+03, 3.27203827e+02,
    1.19075073e+03, 3.66149109e+02, 1.16224390e+03, 1.26268631e+02,
    1.16046558e+03, 1.66774338e+02, 1.15869238e+03, 2.07262009e+02,
    1.15694946e+03, 2.47192291e+02, 1.15526794e+03, 2.86722290e+02,
    1.15366992e+03, 3.26166443e+02, 1.15238757e+03, 3.65401337e+02,
    1.12297083e+03, 1.25115463e+02, 1.12139575e+03, 1.65725098e+02,
    1.11966772e+03, 2.06166946e+02, 1.11807593e+03, 2.46234756e+02,
    1.11665039e+03, 2.85830231e+02, 1.11518701e+03, 3.25217041e+02,
    1.11370239e+03, 3.64393158e+02 ]
