%YAML:1.0
---
points: [ 3.62467438e+02, 7.15917892e+01, 3.76605438e+02, 7.19016953e+01,
    3.91072754e+02, 7.22835846e+01, 4.05314941e+02, 7.26480789e+01,
    4.19960724e+02, 7.29247284e+01, 4.34103821e+02, 7.35540161e+01,
    4.48823730e+02, 7.40807190e+01, 3.61249817e+02, 8.62045517e+01,
    3.75644165e+02, 8.64109116e+01, 3.89877472e+02, 8.67524948e+01,
    4.04350220e+02, 8.71143341e+01, 4.18668274e+02, 8.74969025e+01,
    4.33152100e+02, 8.78510437e+01, 4.47433441e+02, 8.85281219e+01,
    3.60138824e+02, 1.00563438e+02, 3.74315247e+02, 1.00846512e+02,
    3.88620544e+02, 1.01169815e+02, 4.03151947e+02, 1.01424614e+02,
    4.17505035e+02, 1.01749435e+02, 4.31864258e+02, 1.02422318e+02,
    4.46454193e+02, 1.02772224e+02, 3.59055511e+02, 1.14887001e+02,
    3.73172028e+02, 1.15204063e+02, 3.87503235e+02, 1.15451210e+02,
    4.01900238e+02, 1.15709183e+02, 4.16270020e+02, 1.16244347e+02,
    4.30678894e+02, 1.16584465e+02, 4.45138947e+02, 1.17214584e+02,
    3.57879852e+02, 1.29067398e+02, 3.72037476e+02, 1.29389297e+02,
    3.86178528e+02, 1.29663177e+02, 4.00598450e+02, 1.29973984e+02,
    4.14972443e+02, 1.30333328e+02, 4.29472809e+02, 1.30825912e+02,
    4.43869141e+02, 1.31373123e+02, 3.56873840e+02, 1.42923859e+02,
    3.70852814e+02, 1.43315140e+02, 3.85010345e+02, 1.43552689e+02,
    3.99359741e+02, 1.44103378e+02, 4.13719360e+02, 1.44431625e+02,
    4.28143311e+02, 1.44883682e+02, 4.42633484e+02, 1.45604736e+02,
    3.55762390e+02, 1.56640533e+02, 3.69722046e+02, 1.57217361e+02,
    3.83764008e+02, 1.57474777e+02, 3.98095642e+02, 1.58044266e+02,
    4.12342194e+02, 1.58537552e+02, 4.26913055e+02, 1.58940063e+02,
    4.41271820e+02, 1.59609818e+02, 3.54682434e+02, 1.70322495e+02,
    3.68548187e+02, 1.70676331e+02, 3.82692749e+02, 1.71348221e+02,
    3.96845612e+02, 1.71668991e+02, 4.11092743e+02, 1.72351151e+02,
    4.25383057e+02, 1.72734741e+02, 4.39870209e+02, 1.73522476e+02,
    3.53585907e+02, 1.83612061e+02, 3.67467926e+02, 1.84313263e+02,
    3.81411499e+02, 1.84736053e+02, 3.95626038e+02, 1.85423965e+02,
    4.09691864e+02, 1.85844254e+02, 4.24079834e+02, 1.86662003e+02,
    4.38498291e+02, 1.87196198e+02 ]
