%YAML:1.0
---
points: [ 1.23550134e+03, 9.84068359e+02, 1.16748816e+03, 9.72826599e+02,
    1.10260339e+03, 9.62348389e+02, 1.04057532e+03, 9.52520447e+02,
    9.81460266e+02, 9.43335999e+02, 9.24462769e+02, 9.34437012e+02,
    8.69596130e+02, 9.26368286e+02, 1.23533398e+03, 9.16365784e+02,
    1.16742468e+03, 9.06701599e+02, 1.10254492e+03, 8.97465149e+02,
    1.04065405e+03, 8.88936707e+02, 9.81532166e+02, 8.81192383e+02,
    9.24607910e+02, 8.73679199e+02, 8.69728821e+02, 8.66674866e+02,
    1.23519116e+03, 8.48650452e+02, 1.16717383e+03, 8.40424316e+02,
    1.10245728e+03, 8.33033630e+02, 1.04056299e+03, 8.25843750e+02,
    9.81568359e+02, 8.19186768e+02, 9.24718140e+02, 8.13140564e+02,
    8.69830322e+02, 8.07543457e+02, 1.23492249e+03, 7.80896667e+02,
    1.16694299e+03, 7.74810181e+02, 1.10238831e+03, 7.68677124e+02,
    1.04061230e+03, 7.63099365e+02, 9.81624084e+02, 7.57765076e+02,
    9.24811401e+02, 7.53095093e+02, 8.70119080e+02, 7.48608459e+02,
    1.23468726e+03, 7.13780945e+02, 1.16675085e+03, 7.08898376e+02,
    1.10232800e+03, 7.04473938e+02, 1.04053796e+03, 7.00445557e+02,
    9.81663879e+02, 6.96507568e+02, 9.24830200e+02, 6.92902222e+02,
    8.70053833e+02, 6.89613525e+02, 1.23455725e+03, 6.46543823e+02,
    1.16660217e+03, 6.43702148e+02, 1.10212036e+03, 6.40568909e+02,
    1.04035925e+03, 6.37948608e+02, 9.81505676e+02, 6.35442688e+02,
    9.24657654e+02, 6.33255127e+02, 8.69691650e+02, 6.30954834e+02,
    1.23450244e+03, 5.79674438e+02, 1.16654761e+03, 5.78163147e+02,
    1.10208240e+03, 5.76705017e+02, 1.04032422e+03, 5.75498230e+02,
    9.81438477e+02, 5.74466858e+02, 9.24476746e+02, 5.73283325e+02,
    8.69556519e+02, 5.72238831e+02, 1.23463269e+03, 5.12602295e+02,
    1.16668311e+03, 5.12807007e+02, 1.10212085e+03, 5.12933228e+02,
    1.04035181e+03, 5.13172485e+02, 9.81397278e+02, 5.13245422e+02,
    9.24464478e+02, 5.13331543e+02, 8.69505432e+02, 5.13457642e+02,
    1.23495496e+03, 4.45190979e+02, 1.16682666e+03, 4.47057922e+02,
    1.10228735e+03, 4.48968140e+02, 1.04034900e+03, 4.50500977e+02,
    9.81325073e+02, 4.51880127e+02, 9.24330200e+02, 4.53301453e+02,
    8.69339417e+02, 4.54492188e+02 ]
