%YAML:1.0
---
points: [ 4.29317535e+02, 2.46829865e+02, 4.29511078e+02, 2.60266724e+02,
    4.29708588e+02, 2.73934662e+02, 4.29988495e+02, 2.87430573e+02,
    4.30295990e+02, 3.01154388e+02, 4.30541931e+02, 3.14681854e+02,
    4.30882202e+02, 3.28347076e+02, 4.19072876e+02, 2.47180573e+02,
    4.19029358e+02, 2.61292542e+02, 4.19182770e+02, 2.74884003e+02,
    4.19495636e+02, 2.88746094e+02, 4.19888031e+02, 3.02422333e+02,
    4.20261841e+02, 3.16375977e+02, 4.20507690e+02, 3.29977600e+02,
    4.08239685e+02, 2.48100494e+02, 4.08331116e+02, 2.61760651e+02,
    4.08556915e+02, 2.76031586e+02, 4.08936462e+02, 2.89836517e+02,
    4.09215240e+02, 3.04037109e+02, 4.09620697e+02, 3.17828247e+02,
    4.09979309e+02, 3.32013519e+02, 3.97117889e+02, 2.48455658e+02,
    3.97297028e+02, 2.62788330e+02, 3.97494232e+02, 2.76886261e+02,
    3.97898804e+02, 2.91183533e+02, 3.98231293e+02, 3.05346100e+02,
    3.98696747e+02, 3.19559662e+02, 3.98984161e+02, 3.33862427e+02,
    3.85520172e+02, 2.49201263e+02, 3.85680634e+02, 2.63414490e+02,
    3.86021393e+02, 2.77906769e+02, 3.86361877e+02, 2.92352997e+02,
    3.86866364e+02, 3.06825684e+02, 3.87252838e+02, 3.21213409e+02,
    3.87621155e+02, 3.35835999e+02, 3.73597809e+02, 2.49652740e+02,
    3.73958679e+02, 2.64304688e+02, 3.74288269e+02, 2.78930420e+02,
    3.74721832e+02, 2.93649353e+02, 3.75200165e+02, 3.08243042e+02,
    3.75618103e+02, 3.22963593e+02, 3.76063568e+02, 3.37687714e+02,
    3.61700012e+02, 2.50421829e+02, 3.62041016e+02, 2.65237183e+02,
    3.62264984e+02, 2.80109497e+02, 3.62798431e+02, 2.94944183e+02,
    3.63225372e+02, 3.09858093e+02, 3.63673767e+02, 3.24783081e+02,
    3.64173248e+02, 3.39767456e+02, 3.49251068e+02, 2.51052536e+02,
    3.49508301e+02, 2.66195801e+02, 3.50022583e+02, 2.81203094e+02,
    3.50386566e+02, 2.96312378e+02, 3.50947723e+02, 3.11437164e+02,
    3.51351959e+02, 3.26558105e+02, 3.51728241e+02, 3.41751831e+02,
    3.36525238e+02, 2.51745209e+02, 3.36879333e+02, 2.66966003e+02,
    3.37280701e+02, 2.82338867e+02, 3.37712250e+02, 2.97604919e+02,
    3.38167511e+02, 3.13050049e+02, 3.38591187e+02, 3.28446899e+02,
    3.39086670e+02, 3.43805481e+02 ]
