%YAML:1.0
---
points: [ 1.17658264e+03, 1.14878845e+02, 1.21884753e+03, 1.15202248e+02,
    1.26159912e+03, 1.15505623e+02, 1.30496277e+03, 1.15742554e+02,
    1.34843091e+03, 1.16087929e+02, 1.39239526e+03, 1.16262672e+02,
    1.43694604e+03, 1.16552818e+02, 1.17364673e+03, 1.58510147e+02,
    1.21562012e+03, 1.59031815e+02, 1.25824304e+03, 1.59354416e+02,
    1.30111914e+03, 1.59788055e+02, 1.34433118e+03, 1.60158340e+02,
    1.38822913e+03, 1.60477554e+02, 1.43256360e+03, 1.60746109e+02,
    1.17053650e+03, 2.01549835e+02, 1.21241443e+03, 2.01998718e+02,
    1.25455688e+03, 2.02563934e+02, 1.29730261e+03, 2.03021530e+02,
    1.34034570e+03, 2.03491516e+02, 1.38415979e+03, 2.04039169e+02,
    1.42828308e+03, 2.04484665e+02, 1.16761243e+03, 2.43793549e+02,
    1.20922522e+03, 2.44512100e+02, 1.25104053e+03, 2.45058319e+02,
    1.29357666e+03, 2.45690964e+02, 1.33648865e+03, 2.46353882e+02,
    1.37981714e+03, 2.47118607e+02, 1.42376611e+03, 2.47694809e+02,
    1.16473340e+03, 2.85532532e+02, 1.20617334e+03, 2.86373901e+02,
    1.24765283e+03, 2.87239594e+02, 1.29001965e+03, 2.87964508e+02,
    1.33250549e+03, 2.88806305e+02, 1.37569482e+03, 2.89648468e+02,
    1.41954919e+03, 2.90590302e+02, 1.16203259e+03, 3.26633179e+02,
    1.20280518e+03, 3.27691711e+02, 1.24440247e+03, 3.28651306e+02,
    1.28642725e+03, 3.29581757e+02, 1.32867273e+03, 3.30622650e+02,
    1.37173804e+03, 3.31785095e+02, 1.41553394e+03, 3.32770172e+02,
    1.15937048e+03, 3.67186798e+02, 1.20010413e+03, 3.68352173e+02,
    1.24127808e+03, 3.69616089e+02, 1.28281665e+03, 3.70801819e+02,
    1.32505225e+03, 3.71982239e+02, 1.36788599e+03, 3.73211578e+02,
    1.41144580e+03, 3.74604553e+02, 1.15656580e+03, 4.07160034e+02,
    1.19692883e+03, 4.08488312e+02, 1.23790002e+03, 4.09850586e+02,
    1.27950232e+03, 4.11457123e+02, 1.32136670e+03, 4.12718262e+02,
    1.36394189e+03, 4.14284027e+02, 1.40716406e+03, 4.15723969e+02,
    1.15414124e+03, 4.46572876e+02, 1.19436804e+03, 4.48302429e+02,
    1.23473730e+03, 4.49737396e+02, 1.27604993e+03, 4.51363037e+02,
    1.31765662e+03, 4.53296295e+02, 1.36011975e+03, 4.54855133e+02,
    1.40325000e+03, 4.56580292e+02 ]
