%YAML:1.0
---
points: [ 4.44678070e+02, 4.07942139e+02, 5.17905029e+02, 4.10646729e+02,
    5.87598633e+02, 4.13184387e+02, 6.54112915e+02, 4.15518219e+02,
    7.17675781e+02, 4.17615173e+02, 7.78531189e+02, 4.19513641e+02,
    8.36739258e+02, 4.21445770e+02, 4.45381958e+02, 4.74980774e+02,
    5.18528687e+02, 4.76012573e+02, 5.88367310e+02, 4.76883179e+02,
    6.54571350e+02, 4.77703705e+02, 7.18207642e+02, 4.78531006e+02,
    7.78947571e+02, 4.79330017e+02, 8.37111755e+02, 4.79918823e+02,
    4.46015594e+02, 5.41655579e+02, 5.19141235e+02, 5.41107849e+02,
    5.89036194e+02, 5.40408691e+02, 6.55235779e+02, 5.39819275e+02,
    7.18635437e+02, 5.39339783e+02, 7.79505676e+02, 5.38738220e+02,
    8.37539429e+02, 5.38275513e+02, 4.46481079e+02, 6.08529114e+02,
    5.19586731e+02, 6.06381165e+02, 5.89416199e+02, 6.03898987e+02,
    6.55641907e+02, 6.02059265e+02, 7.19225281e+02, 6.00215210e+02,
    7.80027893e+02, 5.98250610e+02, 8.37880188e+02, 5.96614014e+02,
    4.47003784e+02, 6.75363220e+02, 5.19847717e+02, 6.71305115e+02,
    5.89733093e+02, 6.67512146e+02, 6.55899170e+02, 6.64262390e+02,
    7.19423523e+02, 6.60741760e+02, 7.80276123e+02, 6.57737244e+02,
    8.38342957e+02, 6.54802734e+02, 4.47332123e+02, 7.42194824e+02,
    5.20125671e+02, 7.36670654e+02, 5.90011719e+02, 7.31382996e+02,
    6.56147644e+02, 7.26507690e+02, 7.19725952e+02, 7.21851318e+02,
    7.80540405e+02, 7.17568542e+02, 8.38595886e+02, 7.13259583e+02,
    4.47461487e+02, 8.08960022e+02, 5.20263367e+02, 8.02033936e+02,
    5.90167786e+02, 7.95341187e+02, 6.56253479e+02, 7.88951355e+02,
    7.19977844e+02, 7.82943481e+02, 7.80833862e+02, 7.77335571e+02,
    8.39113403e+02, 7.72036743e+02, 4.47906891e+02, 8.76186890e+02,
    5.20348938e+02, 8.67611694e+02, 5.90233093e+02, 8.59605286e+02,
    6.56316345e+02, 8.51810120e+02, 7.20078003e+02, 8.44562927e+02,
    7.81061462e+02, 8.37763062e+02, 8.39317688e+02, 8.31237488e+02,
    4.48072266e+02, 9.43215149e+02, 5.20634155e+02, 9.33446106e+02,
    5.90283691e+02, 9.23908936e+02, 6.56392944e+02, 9.14919739e+02,
    7.20224426e+02, 9.06595276e+02, 7.81285034e+02, 8.98251465e+02,
    8.39587646e+02, 8.90752930e+02 ]
