%YAML:1.0
---
points: [ 1.39663684e+03, 4.57583130e+02, 1.35645508e+03, 4.59566284e+02,
    1.31654395e+03, 4.61662262e+02, 1.27688025e+03, 4.64186829e+02,
    1.23752490e+03, 4.66504852e+02, 1.19840588e+03, 4.69170319e+02,
    1.15950598e+03, 4.71531830e+02, 1.40238696e+03, 4.21176300e+02,
    1.36138293e+03, 4.23340851e+02, 1.32083838e+03, 4.25503387e+02,
    1.28056165e+03, 4.28096130e+02, 1.24046997e+03, 4.30520508e+02,
    1.20058582e+03, 4.33258820e+02, 1.16104810e+03, 4.35565613e+02,
    1.40833997e+03, 3.83470581e+02, 1.36659534e+03, 3.85667694e+02,
    1.32535168e+03, 3.88114288e+02, 1.28451160e+03, 3.90714294e+02,
    1.24354224e+03, 3.93399841e+02, 1.20292432e+03, 3.96253723e+02,
    1.16264539e+03, 3.98698700e+02, 1.41445557e+03, 3.44384094e+02,
    1.37206763e+03, 3.46592072e+02, 1.32984839e+03, 3.49360748e+02,
    1.28834436e+03, 3.51933289e+02, 1.24672156e+03, 3.54772736e+02,
    1.20542664e+03, 3.57567291e+02, 1.16441528e+03, 3.60396210e+02,
    1.42066479e+03, 3.03560181e+02, 1.37757397e+03, 3.06144928e+02,
    1.33468579e+03, 3.08762054e+02, 1.29240674e+03, 3.11655701e+02,
    1.24988928e+03, 3.14536224e+02, 1.20782971e+03, 3.17538818e+02,
    1.16588831e+03, 3.20430450e+02, 1.42743726e+03, 2.61355957e+02,
    1.38347766e+03, 2.64124786e+02, 1.33986304e+03, 2.66727936e+02,
    1.29666577e+03, 2.69930573e+02, 1.25365869e+03, 2.72738312e+02,
    1.21068701e+03, 2.75922333e+02, 1.16786511e+03, 2.78811859e+02,
    1.43423499e+03, 2.17669296e+02, 1.38977954e+03, 2.20403336e+02,
    1.34529749e+03, 2.23507065e+02, 1.30142700e+03, 2.26514511e+02,
    1.25743762e+03, 2.29629227e+02, 1.21353284e+03, 2.32816452e+02,
    1.16998596e+03, 2.35835419e+02, 1.44152478e+03, 1.72157578e+02,
    1.39615649e+03, 1.75222107e+02, 1.35089075e+03, 1.78187759e+02,
    1.30628284e+03, 1.81366440e+02, 1.26127197e+03, 1.84473816e+02,
    1.21665100e+03, 1.87666321e+02, 1.17231616e+03, 1.91035934e+02,
    1.44886670e+03, 1.24867897e+02, 1.40268054e+03, 1.28024368e+02,
    1.35685730e+03, 1.30944153e+02, 1.31124438e+03, 1.34244461e+02,
    1.26541028e+03, 1.37504929e+02, 1.21988501e+03, 1.40636917e+02,
    1.17455420e+03, 1.43928345e+02 ]
