%YAML:1.0
---
points: [ 4.41498413e+02, 2.49647675e+02, 4.41511566e+02, 2.65174377e+02,
    4.41746338e+02, 2.80908081e+02, 4.41716766e+02, 2.96416870e+02,
    4.41749542e+02, 3.12132202e+02, 4.41685059e+02, 3.27512482e+02,
    4.41574768e+02, 3.43105042e+02, 4.24249878e+02, 2.49020340e+02,
    4.24494232e+02, 2.64512665e+02, 4.24674286e+02, 2.80006531e+02,
    4.24702576e+02, 2.95489960e+02, 4.24961487e+02, 3.10676849e+02,
    4.24971039e+02, 3.26102081e+02, 4.24917236e+02, 3.41298370e+02,
    4.07733429e+02, 2.48620712e+02, 4.07843140e+02, 2.63729736e+02,
    4.08154663e+02, 2.79093994e+02, 4.08327118e+02, 2.94203827e+02,
    4.08440796e+02, 3.09333527e+02, 4.08538330e+02, 3.24548767e+02,
    4.08620331e+02, 3.39618378e+02, 3.91281433e+02, 2.48170624e+02,
    3.91658173e+02, 2.63042114e+02, 3.91930054e+02, 2.78025452e+02,
    3.92170074e+02, 2.93149872e+02, 3.92276062e+02, 3.07936157e+02,
    3.92518982e+02, 3.23033417e+02, 3.92673248e+02, 3.37713318e+02,
    3.75703094e+02, 2.47756210e+02, 3.75999451e+02, 2.62327087e+02,
    3.76275818e+02, 2.77127167e+02, 3.76444244e+02, 2.91918640e+02,
    3.76772705e+02, 3.06582611e+02, 3.77030609e+02, 3.21346069e+02,
    3.77213318e+02, 3.35926788e+02, 3.60419708e+02, 2.47292831e+02,
    3.60741333e+02, 2.61772095e+02, 3.61122162e+02, 2.76204895e+02,
    3.61336334e+02, 2.90761566e+02, 3.61549408e+02, 3.05217560e+02,
    3.61871857e+02, 3.19789154e+02, 3.62083923e+02, 3.34101715e+02,
    3.45828827e+02, 2.46913895e+02, 3.46193604e+02, 2.61157227e+02,
    3.46280243e+02, 2.75250916e+02, 3.46630371e+02, 2.89696838e+02,
    3.46935333e+02, 3.03902008e+02, 3.47214020e+02, 3.18252319e+02,
    3.47383911e+02, 3.32441345e+02, 3.31461304e+02, 2.46487076e+02,
    3.31880463e+02, 2.60435760e+02, 3.32162415e+02, 2.74482391e+02,
    3.32379120e+02, 2.88552399e+02, 3.32701691e+02, 3.02603699e+02,
    3.33000092e+02, 3.16703857e+02, 3.33210022e+02, 3.30732452e+02,
    3.17853638e+02, 2.46122726e+02, 3.18094055e+02, 2.59942841e+02,
    3.18290741e+02, 2.73747406e+02, 3.18687378e+02, 2.87551086e+02,
    3.18995087e+02, 3.01345032e+02, 3.19191162e+02, 3.15145111e+02,
    3.19378784e+02, 3.29051178e+02 ]
