%YAML:1.0
---
points: [ 4.35289642e+02, 1.87407547e+02, 4.21910339e+02, 1.88069351e+02,
    4.08294403e+02, 1.88709473e+02, 3.95100708e+02, 1.89640656e+02,
    3.81665924e+02, 1.90397476e+02, 3.68324554e+02, 1.91163803e+02,
    3.54904724e+02, 1.92048889e+02, 4.37539734e+02, 1.75211502e+02,
    4.23967773e+02, 1.75731491e+02, 4.10139954e+02, 1.76623764e+02,
    3.96739166e+02, 1.77349136e+02, 3.83174438e+02, 1.78141678e+02,
    3.69515656e+02, 1.78949188e+02, 3.55952576e+02, 1.79901306e+02,
    4.39889343e+02, 1.62400269e+02, 4.26099884e+02, 1.63163101e+02,
    4.12263092e+02, 1.63787155e+02, 3.98485046e+02, 1.64632751e+02,
    3.84599274e+02, 1.65507019e+02, 3.70820190e+02, 1.66369171e+02,
    3.57049805e+02, 1.67285629e+02, 4.42256226e+02, 1.49257416e+02,
    4.28257080e+02, 1.49763107e+02, 4.14275726e+02, 1.50604218e+02,
    4.00196747e+02, 1.51413651e+02, 3.86161133e+02, 1.52315567e+02,
    3.72139343e+02, 1.53240036e+02, 3.58092163e+02, 1.54258575e+02,
    4.44641571e+02, 1.35560791e+02, 4.30462860e+02, 1.36225037e+02,
    4.16370361e+02, 1.36961227e+02, 4.02042847e+02, 1.37903503e+02,
    3.87808594e+02, 1.38728790e+02, 3.73570923e+02, 1.39681183e+02,
    3.59238312e+02, 1.40563950e+02, 4.47018768e+02, 1.21639473e+02,
    4.32721283e+02, 1.22185493e+02, 4.18432373e+02, 1.22974251e+02,
    4.04060425e+02, 1.23772400e+02, 3.89454956e+02, 1.24705292e+02,
    3.74953613e+02, 1.25520729e+02, 3.60453003e+02, 1.26550018e+02,
    4.49501709e+02, 1.07091629e+02, 4.35050262e+02, 1.07693993e+02,
    4.20562103e+02, 1.08218071e+02, 4.05916931e+02, 1.09316856e+02,
    3.91239166e+02, 1.10200356e+02, 3.76508667e+02, 1.11133316e+02,
    3.61759613e+02, 1.12039803e+02, 4.52013519e+02, 9.21990814e+01,
    4.37433044e+02, 9.25557785e+01, 4.22780701e+02, 9.33177795e+01,
    4.07940552e+02, 9.41443329e+01, 3.93068420e+02, 9.50024261e+01,
    3.78058502e+02, 9.58695450e+01, 3.63090149e+02, 9.68089371e+01,
    4.54485687e+02, 7.68171997e+01, 4.39791107e+02, 7.73151550e+01,
    4.24895264e+02, 7.78287964e+01, 4.09972351e+02, 7.85461807e+01,
    3.94873535e+02, 7.93532333e+01, 3.79557190e+02, 8.01954117e+01,
    3.64410187e+02, 8.11467819e+01 ]
