%YAML:1.0
---
points: [ 4.40347778e+02, 1.52948334e+02, 4.25652985e+02, 1.54112259e+02,
    4.10683990e+02, 1.55144165e+02, 3.95996368e+02, 1.56143585e+02,
    3.81163086e+02, 1.57129807e+02, 3.66523071e+02, 1.58052505e+02,
    3.51917084e+02, 1.58934845e+02, 4.36507202e+02, 1.41907867e+02,
    4.21928619e+02, 1.42991104e+02, 4.07459747e+02, 1.44075714e+02,
    3.92969940e+02, 1.45088211e+02, 3.78581726e+02, 1.46024368e+02,
    3.64148804e+02, 1.47039062e+02, 3.49798584e+02, 1.48038391e+02,
    4.32796997e+02, 1.31082214e+02, 4.18604828e+02, 1.32347122e+02,
    4.04292450e+02, 1.33301834e+02, 3.90120544e+02, 1.34393295e+02,
    3.75954529e+02, 1.35375336e+02, 3.61856445e+02, 1.36309586e+02,
    3.47797119e+02, 1.37293030e+02, 4.29201630e+02, 1.20850937e+02,
    4.15260803e+02, 1.22011101e+02, 4.01203491e+02, 1.23131561e+02,
    3.87333496e+02, 1.24036072e+02, 3.73442871e+02, 1.25073814e+02,
    3.59609222e+02, 1.26061920e+02, 3.45886993e+02, 1.27048203e+02,
    4.25662628e+02, 1.11037132e+02, 4.11957581e+02, 1.12136948e+02,
    3.98345734e+02, 1.13287315e+02, 3.84594940e+02, 1.14152359e+02,
    3.71017700e+02, 1.15160004e+02, 3.57525116e+02, 1.16114716e+02,
    3.43926392e+02, 1.17074921e+02, 4.22227509e+02, 1.01634201e+02,
    4.08783356e+02, 1.02536331e+02, 3.95518250e+02, 1.03619263e+02,
    3.82180359e+02, 1.04510017e+02, 3.68745941e+02, 1.05432610e+02,
    3.55476685e+02, 1.06394279e+02, 3.42176575e+02, 1.07440414e+02,
    4.18996246e+02, 9.22444534e+01, 4.05873657e+02, 9.33248444e+01,
    3.92762451e+02, 9.42391129e+01, 3.79637268e+02, 9.51715775e+01,
    3.66560028e+02, 9.61635971e+01, 3.53492432e+02, 9.71252289e+01,
    3.40465607e+02, 9.80705719e+01, 4.15830658e+02, 8.34104996e+01,
    4.03061646e+02, 8.42939377e+01, 3.90101532e+02, 8.52716217e+01,
    3.77317108e+02, 8.62724915e+01, 3.64376038e+02, 8.71706924e+01,
    3.51648193e+02, 8.81213379e+01, 3.38777496e+02, 8.90006714e+01,
    4.12957306e+02, 7.47292786e+01, 4.00145599e+02, 7.57897797e+01,
    3.87673401e+02, 7.65643234e+01, 3.74940247e+02, 7.74896698e+01,
    3.62241516e+02, 7.84085693e+01, 3.49699066e+02, 7.92936630e+01,
    3.37139923e+02, 8.02350082e+01 ]
