%YAML:1.0
---
points: [ 1.40547131e+03, 3.55256042e+02, 1.36068713e+03, 3.58953766e+02,
    1.31654028e+03, 3.62402557e+02, 1.27276025e+03, 3.65565094e+02,
    1.22924316e+03, 3.68637451e+02, 1.18641687e+03, 3.71392090e+02,
    1.14368872e+03, 3.74272003e+02, 1.39572937e+03, 3.22341492e+02,
    1.35188562e+03, 3.26253235e+02, 1.30856116e+03, 3.29650665e+02,
    1.26563220e+03, 3.33188263e+02, 1.22318079e+03, 3.35691650e+02,
    1.18095764e+03, 3.38876770e+02, 1.13927466e+03, 3.41560028e+02,
    1.38636755e+03, 2.90597992e+02, 1.34356726e+03, 2.94433502e+02,
    1.30099146e+03, 2.98111237e+02, 1.25924377e+03, 3.01392120e+02,
    1.21728162e+03, 3.04392365e+02, 1.17591565e+03, 3.07382843e+02,
    1.13482629e+03, 3.10287476e+02, 1.37754248e+03, 2.60113281e+02,
    1.33534546e+03, 2.64055542e+02, 1.29370471e+03, 2.67525085e+02,
    1.25266760e+03, 2.70784546e+02, 1.21164319e+03, 2.73927429e+02,
    1.17089258e+03, 2.76937775e+02, 1.13070947e+03, 2.79829254e+02,
    1.36874536e+03, 2.30993271e+02, 1.32757397e+03, 2.34765060e+02,
    1.28655664e+03, 2.38526321e+02, 1.24645459e+03, 2.41489136e+02,
    1.20624524e+03, 2.44726562e+02, 1.16632458e+03, 2.47691605e+02,
    1.12679761e+03, 2.50516388e+02, 1.36054407e+03, 2.02571640e+02,
    1.32010095e+03, 2.06460373e+02, 1.28014587e+03, 2.09684357e+02,
    1.24037671e+03, 2.13138077e+02, 1.20107300e+03, 2.16166534e+02,
    1.16163147e+03, 2.19174133e+02, 1.12287695e+03, 2.22270828e+02,
    1.35266748e+03, 1.75076187e+02, 1.31290613e+03, 1.78557312e+02,
    1.27365295e+03, 1.82191498e+02, 1.23472583e+03, 1.85379120e+02,
    1.19589758e+03, 1.88411621e+02, 1.15756702e+03, 1.91411087e+02,
    1.11921777e+03, 1.94360840e+02, 1.34491113e+03, 1.48310364e+02,
    1.30605151e+03, 1.51883438e+02, 1.26746216e+03, 1.55382690e+02,
    1.22900354e+03, 1.58602905e+02, 1.19106580e+03, 1.61515289e+02,
    1.15336804e+03, 1.64602570e+02, 1.11583838e+03, 1.67418381e+02,
    1.33756274e+03, 1.22507019e+02, 1.29934644e+03, 1.25861542e+02,
    1.26132397e+03, 1.29275543e+02, 1.22381006e+03, 1.32511688e+02,
    1.18638281e+03, 1.35598343e+02, 1.14929187e+03, 1.38615891e+02,
    1.11228992e+03, 1.41401901e+02 ]
