%YAML:1.0
---
points: [ 4.44458221e+02, 2.60826904e+02, 4.41775879e+02, 2.72548035e+02,
    4.39170013e+02, 2.84304138e+02, 4.36823242e+02, 2.95341309e+02,
    4.34544617e+02, 3.06357788e+02, 4.32321289e+02, 3.16663635e+02,
    4.30225800e+02, 3.26860504e+02, 4.28729736e+02, 2.61344025e+02,
    4.26247314e+02, 2.73409485e+02, 4.24122559e+02, 2.84810059e+02,
    4.21962585e+02, 2.96092499e+02, 4.19886169e+02, 3.06801056e+02,
    4.18061096e+02, 3.17252045e+02, 4.16204987e+02, 3.27291870e+02,
    4.12741089e+02, 2.61962921e+02, 4.10835602e+02, 2.73860748e+02,
    4.08933380e+02, 2.85561523e+02, 4.07194305e+02, 2.96664185e+02,
    4.05456757e+02, 3.07554077e+02, 4.03875488e+02, 3.17642181e+02,
    4.02315277e+02, 3.27776642e+02, 3.96950256e+02, 2.62693787e+02,
    3.95233307e+02, 2.74383667e+02, 3.93647919e+02, 2.85997467e+02,
    3.92348206e+02, 2.97200562e+02, 3.90935120e+02, 3.07874176e+02,
    3.89610901e+02, 3.18233154e+02, 3.88326294e+02, 3.28161346e+02,
    3.81012970e+02, 2.63124207e+02, 3.79769165e+02, 2.74980896e+02,
    3.78548401e+02, 2.86264557e+02, 3.77380463e+02, 2.97437958e+02,
    3.76426636e+02, 3.08219025e+02, 3.75321747e+02, 3.18581268e+02,
    3.74384796e+02, 3.28510803e+02, 3.65233002e+02, 2.63580902e+02,
    3.64367798e+02, 2.75551971e+02, 3.63582703e+02, 2.87004181e+02,
    3.62794159e+02, 2.97950867e+02, 3.61969177e+02, 3.08739838e+02,
    3.61195557e+02, 3.19169189e+02, 3.60439117e+02, 3.28933838e+02,
    3.49755005e+02, 2.64343201e+02, 3.49153168e+02, 2.76094543e+02,
    3.48487457e+02, 2.87543091e+02, 3.48206726e+02, 2.98571533e+02,
    3.47610229e+02, 3.09327789e+02, 3.47195282e+02, 3.19452789e+02,
    3.46749573e+02, 3.29480011e+02, 3.34206970e+02, 2.64891449e+02,
    3.34051605e+02, 2.76713440e+02, 3.33789520e+02, 2.88089020e+02,
    3.33571136e+02, 2.99143951e+02, 3.33333893e+02, 3.09619415e+02,
    3.33179718e+02, 3.19960266e+02, 3.33062561e+02, 3.29739899e+02,
    3.19069641e+02, 2.65495941e+02, 3.19099243e+02, 2.77313690e+02,
    3.19121216e+02, 2.88593567e+02, 3.19158661e+02, 2.99439178e+02,
    3.19228729e+02, 3.10140472e+02, 3.19317261e+02, 3.20357941e+02,
    3.19289246e+02, 3.30236755e+02 ]
