%YAML:1.0
---
points: [ 9.77580933e+02, 1.57283539e+02, 9.72873535e+02, 2.27264816e+02,
    9.68559570e+02, 2.93449615e+02, 9.64361206e+02, 3.56509308e+02,
    9.60216309e+02, 4.17120819e+02, 9.56477234e+02, 4.74846436e+02,
    9.52955933e+02, 5.30361816e+02, 9.11032043e+02, 1.52948380e+02,
    9.07914612e+02, 2.22815506e+02, 9.05240967e+02, 2.89441406e+02,
    9.02400208e+02, 3.52583160e+02, 8.99718750e+02, 4.13296936e+02,
    8.97240417e+02, 4.71286041e+02, 8.94661072e+02, 5.26810120e+02,
    8.44278748e+02, 1.48454941e+02, 8.42998230e+02, 2.18553772e+02,
    8.41726074e+02, 2.85452576e+02, 8.40405273e+02, 3.48758942e+02,
    8.39088684e+02, 4.09463379e+02, 8.37761719e+02, 4.67638062e+02,
    8.36506409e+02, 5.23498108e+02, 7.77046753e+02, 1.43638168e+02,
    7.77556702e+02, 2.14071594e+02, 7.78035461e+02, 2.81203552e+02,
    7.78148132e+02, 3.44739441e+02, 7.78155701e+02, 4.05786560e+02,
    7.78160828e+02, 4.64290558e+02, 7.78012024e+02, 5.19988525e+02,
    7.09818420e+02, 1.38813232e+02, 7.11815796e+02, 2.09295807e+02,
    7.13677185e+02, 2.76607452e+02, 7.15412537e+02, 3.40477570e+02,
    7.16817383e+02, 4.01914124e+02, 7.17987244e+02, 4.60465179e+02,
    7.19089905e+02, 5.16615906e+02, 6.42125977e+02, 1.33983566e+02,
    6.45575134e+02, 2.04545776e+02, 6.49186218e+02, 2.72196594e+02,
    6.52328125e+02, 3.36514801e+02, 6.54897949e+02, 3.98010925e+02,
    6.57544617e+02, 4.56750031e+02, 6.59785034e+02, 5.13170471e+02,
    5.74155029e+02, 1.29152603e+02, 5.79214294e+02, 2.00145508e+02,
    5.84254761e+02, 2.67758026e+02, 5.88506531e+02, 3.32457214e+02,
    5.92513916e+02, 3.94275116e+02, 5.96412964e+02, 4.53473938e+02,
    6.00040771e+02, 5.09969574e+02, 5.05747040e+02, 1.24382072e+02,
    5.12441528e+02, 1.95578354e+02, 5.18551636e+02, 2.63487183e+02,
    5.24324280e+02, 3.28395844e+02, 5.29779297e+02, 3.90384857e+02,
    5.34782471e+02, 4.49713959e+02, 5.39621887e+02, 5.06686340e+02,
    4.37275696e+02, 1.19704575e+02, 4.45152863e+02, 1.91167236e+02,
    4.52750305e+02, 2.59406372e+02, 4.59888580e+02, 3.24182678e+02,
    4.66609314e+02, 3.86483124e+02, 4.73021332e+02, 4.46005432e+02,
    4.79004211e+02, 5.03241730e+02 ]
