%YAML:1.0
---
points: [ 4.12536285e+02, 1.68975250e+02, 3.97407013e+02, 1.70758575e+02,
    3.82840607e+02, 1.72427994e+02, 3.68909241e+02, 1.74008942e+02,
    3.55336700e+02, 1.75668045e+02, 3.42526947e+02, 1.77133438e+02,
    3.30137268e+02, 1.78580109e+02, 4.11752472e+02, 1.54401398e+02,
    3.96603729e+02, 1.56446579e+02, 3.82075836e+02, 1.58569977e+02,
    3.68096191e+02, 1.60472870e+02, 3.54705963e+02, 1.62288208e+02,
    3.41819885e+02, 1.64129166e+02, 3.29432648e+02, 1.65856247e+02,
    4.10868591e+02, 1.39838333e+02, 3.95788940e+02, 1.42283630e+02,
    3.81230621e+02, 1.44652832e+02, 3.67271912e+02, 1.46935440e+02,
    3.53890472e+02, 1.49060059e+02, 3.41115356e+02, 1.51063049e+02,
    3.28790192e+02, 1.53072601e+02, 4.09943481e+02, 1.25282234e+02,
    3.94914185e+02, 1.27958641e+02, 3.80382172e+02, 1.30715881e+02,
    3.66482239e+02, 1.33239639e+02, 3.53132568e+02, 1.35695709e+02,
    3.40309387e+02, 1.38059128e+02, 3.28111389e+02, 1.40316360e+02,
    4.08934052e+02, 1.10857834e+02, 3.94019409e+02, 1.13811165e+02,
    3.79586182e+02, 1.16813263e+02, 3.65788879e+02, 1.19589104e+02,
    3.52316254e+02, 1.22494774e+02, 3.39670563e+02, 1.24964249e+02,
    3.27332489e+02, 1.27538757e+02, 4.08013092e+02, 9.63013763e+01,
    3.93086639e+02, 9.97019348e+01, 3.78716980e+02, 1.02936302e+02,
    3.64974915e+02, 1.06040855e+02, 3.51627533e+02, 1.09013733e+02,
    3.38905334e+02, 1.11930237e+02, 3.26732422e+02, 1.14695625e+02,
    4.06870026e+02, 8.19924011e+01, 3.92010559e+02, 8.55838699e+01,
    3.77844574e+02, 8.88732605e+01, 3.64015930e+02, 9.24580002e+01,
    3.50848022e+02, 9.57058868e+01, 3.38117340e+02, 9.88501740e+01,
    3.25961487e+02, 1.01925407e+02, 4.05622559e+02, 6.76783676e+01,
    3.91051392e+02, 7.15001831e+01, 3.76849945e+02, 7.52049713e+01,
    3.63118378e+02, 7.88386383e+01, 3.49977142e+02, 8.23339539e+01,
    3.37332733e+02, 8.57582550e+01, 3.25166229e+02, 8.90643616e+01,
    4.04652374e+02, 5.34440155e+01, 3.89842651e+02, 5.75518646e+01,
    3.75821686e+02, 6.14546318e+01, 3.62129456e+02, 6.53809509e+01,
    3.49174561e+02, 6.91042557e+01, 3.36417694e+02, 7.27856979e+01,
    3.24348846e+02, 7.62293015e+01 ]
