%YAML:1.0
---
points: [ 1.44089087e+03, 6.55990662e+02, 1.38067053e+03, 6.66162231e+02,
    1.32721423e+03, 6.75720886e+02, 1.27941040e+03, 6.84608826e+02,
    1.23620105e+03, 6.92885071e+02, 1.19737170e+03, 7.00670898e+02,
    1.16214209e+03, 7.07801514e+02, 1.39008472e+03, 5.98757263e+02,
    1.33271960e+03, 6.12679504e+02, 1.28159204e+03, 6.25382080e+02,
    1.23621960e+03, 6.37037598e+02, 1.19494385e+03, 6.48123779e+02,
    1.15808972e+03, 6.57930420e+02, 1.12439331e+03, 6.66948181e+02,
    1.33876343e+03, 5.41512817e+02, 1.28424573e+03, 5.58957825e+02,
    1.23570117e+03, 5.74978577e+02, 1.19251001e+03, 5.89626892e+02,
    1.15353040e+03, 6.03114319e+02, 1.11836523e+03, 6.15294373e+02,
    1.08661792e+03, 6.26336121e+02, 1.28695947e+03, 4.82805878e+02,
    1.23534021e+03, 5.04385345e+02, 1.18931885e+03, 5.23773132e+02,
    1.14841101e+03, 5.41498596e+02, 1.11159448e+03, 5.57482483e+02,
    1.07836719e+03, 5.72109253e+02, 1.04833899e+03, 5.85171387e+02,
    1.23499316e+03, 4.23295288e+02, 1.18624194e+03, 4.48693298e+02,
    1.14275000e+03, 4.71793091e+02, 1.10419531e+03, 4.92530426e+02,
    1.06950305e+03, 5.11161163e+02, 1.03814819e+03, 5.28190186e+02,
    1.00968335e+03, 5.43590271e+02, 1.18203247e+03, 3.63137299e+02,
    1.13605627e+03, 3.92929657e+02, 1.09529932e+03, 4.19533051e+02,
    1.05908313e+03, 4.43409119e+02, 1.02637939e+03, 4.64856201e+02,
    9.97045898e+02, 4.84263000e+02, 9.70682190e+02, 5.01576294e+02,
    1.12788745e+03, 3.02511627e+02, 1.08509644e+03, 3.36491394e+02,
    1.04705640e+03, 3.66763885e+02, 1.01319366e+03, 3.93819061e+02,
    9.82753784e+02, 4.18170105e+02, 9.55396179e+02, 4.40049011e+02,
    9.30538757e+02, 4.59733490e+02, 1.07303809e+03, 2.40231079e+02,
    1.03334558e+03, 2.78809662e+02, 9.98226257e+02, 3.12823273e+02,
    9.66767456e+02, 3.43220337e+02, 9.38565002e+02, 3.70409088e+02,
    9.13219788e+02, 3.94869629e+02, 8.90237671e+02, 4.16943481e+02,
    1.01718500e+03, 1.76711304e+02, 9.80486877e+02, 2.19871155e+02,
    9.48091797e+02, 2.58179504e+02, 9.19424927e+02, 2.91734406e+02,
    8.93576111e+02, 3.21944855e+02, 8.70310303e+02, 3.49085602e+02,
    8.49223572e+02, 3.73595825e+02 ]
