%YAML:1.0
---
points: [ 4.00099030e+02, 2.45867538e+02, 4.04701477e+02, 2.56105316e+02,
    4.09683594e+02, 2.66943146e+02, 4.14800751e+02, 2.77975189e+02,
    4.20371796e+02, 2.89962280e+02, 4.26128632e+02, 3.02143524e+02,
    4.32338226e+02, 3.15424957e+02, 3.87705811e+02, 2.45307617e+02,
    3.92141937e+02, 2.55827042e+02, 3.96815002e+02, 2.66602692e+02,
    4.01726685e+02, 2.77914093e+02, 4.06899475e+02, 2.89652100e+02,
    4.12424377e+02, 3.02254181e+02, 4.18252838e+02, 3.15336304e+02,
    3.75334473e+02, 2.44871887e+02, 3.79505707e+02, 2.55367508e+02,
    3.83781342e+02, 2.66145203e+02, 3.88473694e+02, 2.77508636e+02,
    3.93251709e+02, 2.89432983e+02, 3.98448273e+02, 3.02009369e+02,
    4.03946564e+02, 3.15355530e+02, 3.62758026e+02, 2.44431366e+02,
    3.66558136e+02, 2.54862976e+02, 3.70519562e+02, 2.65775330e+02,
    3.74744415e+02, 2.77124359e+02, 3.79391663e+02, 2.89173401e+02,
    3.84309509e+02, 3.01880432e+02, 3.89404083e+02, 3.15310974e+02,
    3.49976807e+02, 2.44011688e+02, 3.53512115e+02, 2.54441589e+02,
    3.57066132e+02, 2.65386078e+02, 3.61062439e+02, 2.76654480e+02,
    3.65438110e+02, 2.89046997e+02, 3.69861053e+02, 3.01608521e+02,
    3.74602234e+02, 3.15173279e+02, 3.37186005e+02, 2.43514053e+02,
    3.40346954e+02, 2.54038315e+02, 3.43724396e+02, 2.64837769e+02,
    3.47376038e+02, 2.76254181e+02, 3.51115326e+02, 2.88345032e+02,
    3.55174438e+02, 3.01391357e+02, 3.59608887e+02, 3.15164368e+02,
    3.24397827e+02, 2.43045197e+02, 3.27241058e+02, 2.53413940e+02,
    3.30106781e+02, 2.64263153e+02, 3.33537933e+02, 2.75910889e+02,
    3.36873535e+02, 2.88049927e+02, 3.40659729e+02, 3.00934174e+02,
    3.44423523e+02, 3.14605286e+02, 3.11402344e+02, 2.42446991e+02,
    3.13906708e+02, 2.52982330e+02, 3.16557281e+02, 2.63830322e+02,
    3.19492249e+02, 2.75370758e+02, 3.22475677e+02, 2.87596619e+02,
    3.25622894e+02, 3.00470947e+02, 3.29169922e+02, 3.14368713e+02,
    2.98456207e+02, 2.41832153e+02, 3.00591309e+02, 2.52275528e+02,
    3.02795105e+02, 2.63247711e+02, 3.05341156e+02, 2.74888489e+02,
    3.07820251e+02, 2.87168732e+02, 3.10660156e+02, 3.00188934e+02,
    3.13573578e+02, 3.14031311e+02 ]
