%YAML:1.0
---
points: [ 1.32131287e+03, 4.03257660e+02, 1.27834741e+03, 4.08504395e+02,
    1.23701794e+03, 4.13614075e+02, 1.19771582e+03, 4.18564423e+02,
    1.16015234e+03, 4.23335815e+02, 1.12401196e+03, 4.27628143e+02,
    1.08954419e+03, 4.31669403e+02, 1.31870813e+03, 3.60240845e+02,
    1.27578442e+03, 3.66573853e+02, 1.23471448e+03, 3.72677002e+02,
    1.19564331e+03, 3.78556152e+02, 1.15808264e+03, 3.83918213e+02,
    1.12199353e+03, 3.89328674e+02, 1.08753882e+03, 3.94198822e+02,
    1.31643481e+03, 3.17277435e+02, 1.27358386e+03, 3.24609406e+02,
    1.23252380e+03, 3.31792572e+02, 1.19341284e+03, 3.38566589e+02,
    1.15567749e+03, 3.44887848e+02, 1.11981201e+03, 3.50846405e+02,
    1.08549158e+03, 3.56640137e+02, 1.31407263e+03, 2.74128265e+02,
    1.27124451e+03, 2.82597412e+02, 1.23038379e+03, 2.90851746e+02,
    1.19119421e+03, 2.98320801e+02, 1.15362915e+03, 3.05605164e+02,
    1.11761584e+03, 3.12558441e+02, 1.08343481e+03, 3.19057617e+02,
    1.31177124e+03, 2.30925888e+02, 1.26925781e+03, 2.40402588e+02,
    1.22818616e+03, 2.49603333e+02, 1.18926196e+03, 2.58120117e+02,
    1.15154089e+03, 2.66327393e+02, 1.11577319e+03, 2.74136566e+02,
    1.08136084e+03, 2.81483856e+02, 1.30951025e+03, 1.87632843e+02,
    1.26670642e+03, 1.98299438e+02, 1.22596521e+03, 2.08301285e+02,
    1.18678662e+03, 2.17725082e+02, 1.14939832e+03, 2.26860641e+02,
    1.11348438e+03, 2.35430710e+02, 1.07946814e+03, 2.43690506e+02,
    1.30699719e+03, 1.44436279e+02, 1.26442371e+03, 1.55865204e+02,
    1.22345789e+03, 1.66991089e+02, 1.18454749e+03, 1.77257965e+02,
    1.14710083e+03, 1.87328201e+02, 1.11144922e+03, 1.96739197e+02,
    1.07684863e+03, 2.05690979e+02, 1.30467224e+03, 1.01133347e+02,
    1.26184802e+03, 1.13588409e+02, 1.22132532e+03, 1.25376083e+02,
    1.18214502e+03, 1.36800140e+02, 1.14471106e+03, 1.47574005e+02,
    1.10896472e+03, 1.57844162e+02, 1.07478052e+03, 1.67536362e+02,
    1.30198218e+03, 5.76652565e+01, 1.25955664e+03, 7.12090225e+01,
    1.21857019e+03, 8.39810867e+01, 1.17985657e+03, 9.62130432e+01,
    1.14258044e+03, 1.07670517e+02, 1.10693372e+03, 1.18917931e+02,
    1.07262244e+03, 1.29499802e+02 ]
