%YAML:1.0
---
points: [ 3.30046936e+02, 6.73473969e+01, 3.41268982e+02, 6.89239273e+01,
    3.52283356e+02, 7.04381790e+01, 3.62806763e+02, 7.19582443e+01,
    3.73196960e+02, 7.32915878e+01, 3.82995850e+02, 7.46184006e+01,
    3.92749817e+02, 7.58625259e+01, 3.30512909e+02, 8.18906555e+01,
    3.41914764e+02, 8.32175903e+01, 3.52747925e+02, 8.44070053e+01,
    3.63315186e+02, 8.57191086e+01, 3.73524200e+02, 8.68113098e+01,
    3.83428192e+02, 8.77789536e+01, 3.93174896e+02, 8.91155014e+01,
    3.31073517e+02, 9.64880371e+01, 3.42299164e+02, 9.74827728e+01,
    3.53237518e+02, 9.84060593e+01, 3.63776215e+02, 9.93250351e+01,
    3.74094452e+02, 1.00246666e+02, 3.83987823e+02, 1.01251495e+02,
    3.93719147e+02, 1.01946106e+02, 3.31434357e+02, 1.11003342e+02,
    3.42849823e+02, 1.11703377e+02, 3.53634064e+02, 1.12349251e+02,
    3.64219391e+02, 1.13159515e+02, 3.74396301e+02, 1.13784073e+02,
    3.84331390e+02, 1.14340096e+02, 3.94243378e+02, 1.15119354e+02,
    3.32076538e+02, 1.25325569e+02, 3.43199707e+02, 1.25871330e+02,
    3.54097321e+02, 1.26311226e+02, 3.64622162e+02, 1.26702858e+02,
    3.74835663e+02, 1.27215157e+02, 3.84883118e+02, 1.27652115e+02,
    3.94651733e+02, 1.27992432e+02, 3.32669403e+02, 1.39613556e+02,
    3.43847900e+02, 1.39924057e+02, 3.54659943e+02, 1.40134705e+02,
    3.65166260e+02, 1.40334717e+02, 3.75354279e+02, 1.40507111e+02,
    3.85391998e+02, 1.40740921e+02, 3.95227417e+02, 1.40958038e+02,
    3.33217804e+02, 1.53907822e+02, 3.44356720e+02, 1.53876053e+02,
    3.55158997e+02, 1.53887634e+02, 3.65724976e+02, 1.53918045e+02,
    3.75855927e+02, 1.53863815e+02, 3.85977386e+02, 1.53967758e+02,
    3.95760925e+02, 1.53797791e+02, 3.33736755e+02, 1.68162628e+02,
    3.44824432e+02, 1.67676559e+02, 3.55686798e+02, 1.67566910e+02,
    3.66125732e+02, 1.67463837e+02, 3.76362488e+02, 1.67231674e+02,
    3.86366516e+02, 1.66984894e+02, 3.96231995e+02, 1.66735596e+02,
    3.34327576e+02, 1.82134003e+02, 3.45509674e+02, 1.81550842e+02,
    3.56115173e+02, 1.81225281e+02, 3.66704681e+02, 1.80728897e+02,
    3.76778992e+02, 1.80375305e+02, 3.86897583e+02, 1.80042496e+02,
    3.96770203e+02, 1.79594345e+02 ]
