%YAML:1.0
---
points: [ 1.08004248e+03, 1.03037727e+02, 1.11481970e+03, 1.07637375e+02,
    1.14851367e+03, 1.12025040e+02, 1.18133057e+03, 1.15892044e+02,
    1.21299060e+03, 1.19704704e+02, 1.24402844e+03, 1.23556442e+02,
    1.27436841e+03, 1.27251587e+02, 1.08156421e+03, 1.46461899e+02,
    1.11638550e+03, 1.50296570e+02, 1.14984155e+03, 1.53848648e+02,
    1.18242639e+03, 1.57222855e+02, 1.21422229e+03, 1.60476517e+02,
    1.24493518e+03, 1.63480682e+02, 1.27534363e+03, 1.66329941e+02,
    1.08313550e+03, 1.89766190e+02, 1.11777307e+03, 1.92611145e+02,
    1.15113452e+03, 1.95594513e+02, 1.18387939e+03, 1.98179825e+02,
    1.21529248e+03, 2.00707489e+02, 1.24625122e+03, 2.03089264e+02,
    1.27644226e+03, 2.05394958e+02, 1.08468665e+03, 2.32677200e+02,
    1.11913623e+03, 2.34670120e+02, 1.15267297e+03, 2.36802017e+02,
    1.18507959e+03, 2.38883041e+02, 1.21647217e+03, 2.40569702e+02,
    1.24736597e+03, 2.42514481e+02, 1.27750928e+03, 2.44030457e+02,
    1.08642700e+03, 2.75235718e+02, 1.12070325e+03, 2.76580536e+02,
    1.15385986e+03, 2.77977081e+02, 1.18638318e+03, 2.79329926e+02,
    1.21759644e+03, 2.80582062e+02, 1.24854089e+03, 2.81617310e+02,
    1.27880774e+03, 2.82562927e+02, 1.08844739e+03, 3.17290710e+02,
    1.12249756e+03, 3.18073425e+02, 1.15561414e+03, 3.18637421e+02,
    1.18792761e+03, 3.19299744e+02, 1.21938086e+03, 3.20042206e+02,
    1.25007666e+03, 3.20384888e+02, 1.28037476e+03, 3.20831207e+02,
    1.09043005e+03, 3.59144653e+02, 1.12433362e+03, 3.59198029e+02,
    1.15737512e+03, 3.59275116e+02, 1.18957605e+03, 3.59230316e+02,
    1.22079041e+03, 3.59242767e+02, 1.25156897e+03, 3.59096466e+02,
    1.28173010e+03, 3.59067932e+02, 1.09224194e+03, 4.00816681e+02,
    1.12597681e+03, 4.00182159e+02, 1.15914966e+03, 3.99406769e+02,
    1.19093481e+03, 3.98905518e+02, 1.22231848e+03, 3.98283966e+02,
    1.25286072e+03, 3.97613281e+02, 1.28322791e+03, 3.96888916e+02,
    1.09417969e+03, 4.42183563e+02, 1.12794556e+03, 4.40737274e+02,
    1.16060352e+03, 4.39556885e+02, 1.19265186e+03, 4.38427551e+02,
    1.22367175e+03, 4.37214844e+02, 1.25442371e+03, 4.35780975e+02,
    1.28453809e+03, 4.34692108e+02 ]
