%YAML:1.0
---
points: [ 3.52359619e+02, 8.75502472e+01, 3.66173309e+02, 8.88957291e+01,
    3.80049622e+02, 9.01512833e+01, 3.93791687e+02, 9.14109726e+01,
    4.07620605e+02, 9.25828781e+01, 4.21354401e+02, 9.40150375e+01,
    4.35068207e+02, 9.52902908e+01, 3.50684814e+02, 1.01984985e+02,
    3.64456512e+02, 1.03204155e+02, 3.78344421e+02, 1.04373672e+02,
    3.92164246e+02, 1.05608490e+02, 4.05858429e+02, 1.06879990e+02,
    4.19712433e+02, 1.08102547e+02, 4.33230499e+02, 1.09406120e+02,
    3.49102875e+02, 1.16102768e+02, 3.62738647e+02, 1.17296120e+02,
    3.76621490e+02, 1.18415657e+02, 3.90375610e+02, 1.19603813e+02,
    4.04232300e+02, 1.20842232e+02, 4.17973907e+02, 1.22108467e+02,
    4.31486603e+02, 1.23397232e+02, 3.47366394e+02, 1.30280197e+02,
    3.61085815e+02, 1.31367889e+02, 3.74858521e+02, 1.32546814e+02,
    3.88725769e+02, 1.33667297e+02, 4.02401581e+02, 1.34987732e+02,
    4.16171265e+02, 1.36158295e+02, 4.29703949e+02, 1.37362305e+02,
    3.45715576e+02, 1.44189850e+02, 3.59405670e+02, 1.45307190e+02,
    3.73074860e+02, 1.46415543e+02, 3.86879181e+02, 1.47646927e+02,
    4.00712341e+02, 1.48781372e+02, 4.14399994e+02, 1.49960861e+02,
    4.27974609e+02, 1.51189941e+02, 3.44071960e+02, 1.58103119e+02,
    3.57796234e+02, 1.59224747e+02, 3.71494080e+02, 1.60226822e+02,
    3.85189026e+02, 1.61343399e+02, 3.98831818e+02, 1.62492966e+02,
    4.12531708e+02, 1.63689362e+02, 4.26065063e+02, 1.64896851e+02,
    3.42577606e+02, 1.71619736e+02, 3.56156281e+02, 1.72766479e+02,
    3.69798401e+02, 1.74004959e+02, 3.83502502e+02, 1.75107025e+02,
    3.97246552e+02, 1.76177658e+02, 4.10832123e+02, 1.77284485e+02,
    4.24337006e+02, 1.78467361e+02, 3.40963562e+02, 1.85306305e+02,
    3.54614380e+02, 1.86409882e+02, 3.68140472e+02, 1.87418854e+02,
    3.81793579e+02, 1.88527298e+02, 3.95375366e+02, 1.89761810e+02,
    4.09016663e+02, 1.90773727e+02, 4.22442078e+02, 1.92134079e+02,
    3.39481018e+02, 1.98565506e+02, 3.53028290e+02, 1.99709213e+02,
    3.66601501e+02, 2.00934265e+02, 3.80196014e+02, 2.02044968e+02,
    3.93706146e+02, 2.03203735e+02, 4.07270905e+02, 2.04487671e+02,
    4.20705505e+02, 2.05427521e+02 ]
