%YAML:1.0
---
points: [ 8.11524658e+02, 3.60342010e+02, 7.79991577e+02, 3.57432129e+02,
    7.48611938e+02, 3.54520477e+02, 7.17827209e+02, 3.51392609e+02,
    6.87374451e+02, 3.48548920e+02, 6.57611694e+02, 3.45475861e+02,
    6.28183472e+02, 3.42586456e+02, 8.16448486e+02, 3.24551208e+02,
    7.84600830e+02, 3.22122223e+02, 7.53381531e+02, 3.19393585e+02,
    7.22529663e+02, 3.16809204e+02, 6.91898499e+02, 3.14026947e+02,
    6.61989990e+02, 3.11506042e+02, 6.32679565e+02, 3.08771759e+02,
    8.21174744e+02, 2.88608612e+02, 7.89337036e+02, 2.86574860e+02,
    7.57759460e+02, 2.84271576e+02, 7.26974121e+02, 2.82030487e+02,
    6.96385986e+02, 2.79676483e+02, 6.66320129e+02, 2.77299683e+02,
    6.36949768e+02, 2.75070953e+02, 8.26022644e+02, 2.52624680e+02,
    7.93863037e+02, 2.50830276e+02, 7.62387878e+02, 2.49123917e+02,
    7.31453613e+02, 2.46940735e+02, 7.00860840e+02, 2.45020233e+02,
    6.70577576e+02, 2.43104660e+02, 6.41218323e+02, 2.40970261e+02,
    8.30689453e+02, 2.16655228e+02, 7.98686523e+02, 2.15210144e+02,
    7.66974243e+02, 2.13625717e+02, 7.35980652e+02, 2.12119827e+02,
    7.05361572e+02, 2.10353058e+02, 6.75221558e+02, 2.08636536e+02,
    6.45415527e+02, 2.07079025e+02, 8.35525085e+02, 1.80366791e+02,
    8.03227173e+02, 1.79285446e+02, 7.71439941e+02, 1.77905579e+02,
    7.40262512e+02, 1.76684708e+02, 7.09496948e+02, 1.75521545e+02,
    6.79356506e+02, 1.74227371e+02, 6.49724854e+02, 1.72711014e+02,
    8.40047913e+02, 1.43729233e+02, 8.07663330e+02, 1.43129562e+02,
    7.75779480e+02, 1.42307007e+02, 7.44509399e+02, 1.41309738e+02,
    7.13547974e+02, 1.40483643e+02, 6.83417847e+02, 1.39470474e+02,
    6.53697144e+02, 1.38591888e+02, 8.44794617e+02, 1.07126244e+02,
    8.12246094e+02, 1.06794731e+02, 7.80422058e+02, 1.06441887e+02,
    7.48868713e+02, 1.05852760e+02, 7.17914307e+02, 1.05309135e+02,
    6.87512390e+02, 1.04575958e+02, 6.57900940e+02, 1.04014732e+02,
    8.49474915e+02, 7.03209229e+01, 8.16808655e+02, 7.04361649e+01,
    7.84616028e+02, 7.03907547e+01, 7.53305725e+02, 7.03154831e+01,
    7.22287659e+02, 7.01422577e+01, 6.91744873e+02, 6.98743362e+01,
    6.61886719e+02, 6.95943756e+01 ]
