%YAML:1.0
---
points: [ 4.63691101e+02, 1.20659851e+02, 4.62072571e+02, 1.33223099e+02,
    4.60428650e+02, 1.46255890e+02, 4.58884064e+02, 1.58850662e+02,
    4.57114227e+02, 1.72018433e+02, 4.55584595e+02, 1.84732040e+02,
    4.53753510e+02, 1.98135300e+02, 4.50880127e+02, 1.18170456e+02,
    4.49225708e+02, 1.31129349e+02, 4.47576538e+02, 1.43881149e+02,
    4.45797760e+02, 1.56811600e+02, 4.44137146e+02, 1.69597321e+02,
    4.42357330e+02, 1.82764282e+02, 4.40720764e+02, 1.95769577e+02,
    4.38058990e+02, 1.16122498e+02, 4.36289917e+02, 1.28750626e+02,
    4.34543243e+02, 1.41779007e+02, 4.32756378e+02, 1.54467606e+02,
    4.30921234e+02, 1.67430908e+02, 4.29180573e+02, 1.80438904e+02,
    4.27266083e+02, 1.93566742e+02, 4.24983551e+02, 1.13768646e+02,
    4.23156464e+02, 1.26747147e+02, 4.21275604e+02, 1.39413010e+02,
    4.19457642e+02, 1.52437836e+02, 4.17594330e+02, 1.65306824e+02,
    4.15788666e+02, 1.78287186e+02, 4.13918518e+02, 1.91356262e+02,
    4.12033966e+02, 1.11701836e+02, 4.10042877e+02, 1.24585320e+02,
    4.08132111e+02, 1.37386581e+02, 4.06145630e+02, 1.50191696e+02,
    4.04320099e+02, 1.63223953e+02, 4.02389343e+02, 1.76094955e+02,
    4.00435547e+02, 1.89112061e+02, 3.98861420e+02, 1.09614227e+02,
    3.96928528e+02, 1.22465630e+02, 3.94946960e+02, 1.35226532e+02,
    3.93040405e+02, 1.48037445e+02, 3.91029846e+02, 1.60937561e+02,
    3.89007843e+02, 1.73944534e+02, 3.87019226e+02, 1.86910538e+02,
    3.85967529e+02, 1.07600807e+02, 3.83839264e+02, 1.20388069e+02,
    3.81774017e+02, 1.33109375e+02, 3.79813354e+02, 1.45944199e+02,
    3.77734283e+02, 1.58887589e+02, 3.75717712e+02, 1.71807693e+02,
    3.73659302e+02, 1.84784424e+02, 3.72748108e+02, 1.05506294e+02,
    3.70683624e+02, 1.18333786e+02, 3.68651428e+02, 1.31038116e+02,
    3.66663910e+02, 1.43961975e+02, 3.64524506e+02, 1.56803970e+02,
    3.62450775e+02, 1.69666656e+02, 3.60317261e+02, 1.82600952e+02,
    3.59748810e+02, 1.03496582e+02, 3.57670502e+02, 1.16213882e+02,
    3.55542877e+02, 1.29005264e+02, 3.53450745e+02, 1.41809723e+02,
    3.51395782e+02, 1.54686340e+02, 3.49184906e+02, 1.67582596e+02,
    3.47071533e+02, 1.80379181e+02 ]
