%YAML:1.0
---
points: [ 5.61023682e+02, 1.87946548e+01, 5.99727051e+02, 1.83894901e+01,
    6.38446167e+02, 1.77648506e+01, 6.76878723e+02, 1.72024708e+01,
    7.15377991e+02, 1.64626198e+01, 7.53714966e+02, 1.56593313e+01,
    7.91936401e+02, 1.47958241e+01, 5.62714172e+02, 5.75721970e+01,
    6.01416504e+02, 5.70742111e+01, 6.39990784e+02, 5.65672035e+01,
    6.78573669e+02, 5.61139450e+01, 7.17029724e+02, 5.54471970e+01,
    7.55338928e+02, 5.47494049e+01, 7.93512268e+02, 5.37292747e+01,
    5.64481750e+02, 9.64637833e+01, 6.03076050e+02, 9.58876724e+01,
    6.41660767e+02, 9.54449005e+01, 6.80397278e+02, 9.47855301e+01,
    7.18515137e+02, 9.42448502e+01, 7.56943787e+02, 9.35343170e+01,
    7.95041199e+02, 9.26330795e+01, 5.66374695e+02, 1.35262360e+02,
    6.05014954e+02, 1.34556259e+02, 6.43631653e+02, 1.34106979e+02,
    6.82122803e+02, 1.33555450e+02, 7.20384338e+02, 1.32986084e+02,
    7.58529541e+02, 1.32305313e+02, 7.96535034e+02, 1.31320923e+02,
    5.68164917e+02, 1.73713058e+02, 6.06767883e+02, 1.73141022e+02,
    6.45323792e+02, 1.72602707e+02, 6.83920959e+02, 1.72112411e+02,
    7.22049377e+02, 1.71433090e+02, 7.60114319e+02, 1.70665314e+02,
    7.97935120e+02, 1.69829773e+02, 5.69804749e+02, 2.12274551e+02,
    6.08455994e+02, 2.11643387e+02, 6.47135315e+02, 2.11111938e+02,
    6.85436035e+02, 2.10365768e+02, 7.23613831e+02, 2.09707977e+02,
    7.61479980e+02, 2.09031937e+02, 7.99543823e+02, 2.08155930e+02,
    5.71529541e+02, 2.50397568e+02, 6.10345703e+02, 2.49797806e+02,
    6.48665161e+02, 2.49338242e+02, 6.87108643e+02, 2.48658188e+02,
    7.25205261e+02, 2.47973434e+02, 7.63283386e+02, 2.47148453e+02,
    8.00918030e+02, 2.46134796e+02, 5.73422974e+02, 2.88593079e+02,
    6.12084167e+02, 2.87949799e+02, 6.50424988e+02, 2.87350403e+02,
    6.88798096e+02, 2.86746246e+02, 7.26892090e+02, 2.86014862e+02,
    7.64601135e+02, 2.85209991e+02, 8.02427429e+02, 2.84228149e+02,
    5.75059753e+02, 3.26780914e+02, 6.13587708e+02, 3.26039001e+02,
    6.52176697e+02, 3.25275330e+02, 6.90449463e+02, 3.24552246e+02,
    7.28413330e+02, 3.23785889e+02, 7.66142578e+02, 3.22973816e+02,
    8.03717285e+02, 3.22026245e+02 ]
