%YAML:1.0
---
points: [ 6.36397156e+02, 2.93750793e+02, 6.37083130e+02, 2.58366150e+02,
    6.37620972e+02, 2.22682251e+02, 6.38022400e+02, 1.87074249e+02,
    6.38327148e+02, 1.51122513e+02, 6.38430725e+02, 1.15139977e+02,
    6.38630920e+02, 7.91100235e+01, 6.70803650e+02, 2.93871033e+02,
    6.71512634e+02, 2.58426270e+02, 6.71986816e+02, 2.22703629e+02,
    6.72512573e+02, 1.86981384e+02, 6.72770142e+02, 1.50785767e+02,
    6.73168213e+02, 1.14670700e+02, 6.73365967e+02, 7.85971222e+01,
    7.05548401e+02, 2.94091461e+02, 7.06239136e+02, 2.58477081e+02,
    7.06676453e+02, 2.22629562e+02, 7.07120972e+02, 1.86701202e+02,
    7.07439880e+02, 1.50495697e+02, 7.07674561e+02, 1.14263756e+02,
    7.08057617e+02, 7.79371338e+01, 7.40252808e+02, 2.94291504e+02,
    7.40977417e+02, 2.58557037e+02, 7.41522461e+02, 2.22580444e+02,
    7.41987976e+02, 1.86522263e+02, 7.42329956e+02, 1.50147217e+02,
    7.42615479e+02, 1.13706512e+02, 7.42949707e+02, 7.72839355e+01,
    7.75461731e+02, 2.94479401e+02, 7.76025024e+02, 2.58636230e+02,
    7.76515320e+02, 2.22550522e+02, 7.76994568e+02, 1.86351852e+02,
    7.77376038e+02, 1.49786942e+02, 7.77688660e+02, 1.13346954e+02,
    7.78083862e+02, 7.66751556e+01, 8.10481018e+02, 2.94605286e+02,
    8.11189270e+02, 2.58599762e+02, 8.11587158e+02, 2.22383530e+02,
    8.12099731e+02, 1.86087128e+02, 8.12460510e+02, 1.49376785e+02,
    8.12815308e+02, 1.12662834e+02, 8.13234985e+02, 7.61263962e+01,
    8.45535278e+02, 2.94553833e+02, 8.46092285e+02, 2.58392578e+02,
    8.46798340e+02, 2.22041214e+02, 8.47337280e+02, 1.85582657e+02,
    8.47752808e+02, 1.48755997e+02, 8.48256042e+02, 1.12037933e+02,
    8.48661011e+02, 7.52658081e+01, 8.80982788e+02, 2.94521271e+02,
    8.81551941e+02, 2.58200256e+02, 8.82140869e+02, 2.21677429e+02,
    8.82657532e+02, 1.85162628e+02, 8.83293335e+02, 1.48239670e+02,
    8.83803955e+02, 1.11300049e+02, 8.84390198e+02, 7.42415695e+01,
    9.16621643e+02, 2.94435089e+02, 9.17331421e+02, 2.57902924e+02,
    9.17833252e+02, 2.21247772e+02, 9.18433411e+02, 1.84495071e+02,
    9.19095154e+02, 1.47538803e+02, 9.19642578e+02, 1.10458885e+02,
    9.20357544e+02, 7.33234863e+01 ]
