%YAML:1.0
---
points: [ 2.33069839e+02, 1.41471359e+02, 2.20322708e+02, 1.41776337e+02,
    2.07513077e+02, 1.42130249e+02, 1.94750885e+02, 1.42342209e+02,
    1.81850235e+02, 1.42732849e+02, 1.69006470e+02, 1.42895615e+02,
    1.55937149e+02, 1.43203979e+02, 2.32591995e+02, 1.28535446e+02,
    2.19851852e+02, 1.29204605e+02, 2.07023956e+02, 1.29365540e+02,
    1.94257751e+02, 1.29475357e+02, 1.81326431e+02, 1.29879303e+02,
    1.68416306e+02, 1.30171997e+02, 1.55469101e+02, 1.30401413e+02,
    2.32182144e+02, 1.15775742e+02, 2.19388641e+02, 1.16277481e+02,
    2.06522446e+02, 1.16393890e+02, 1.93721985e+02, 1.16683601e+02,
    1.80809479e+02, 1.17089279e+02, 1.67866287e+02, 1.17295837e+02,
    1.54917404e+02, 1.17464981e+02, 2.31709671e+02, 1.02903946e+02,
    2.18936890e+02, 1.03307121e+02, 2.06041733e+02, 1.03455872e+02,
    1.93237320e+02, 1.03768562e+02, 1.80324799e+02, 1.04153526e+02,
    1.67396988e+02, 1.04329178e+02, 1.54477570e+02, 1.04517517e+02,
    2.31304764e+02, 9.00961151e+01, 2.18519348e+02, 9.03394775e+01,
    2.05591980e+02, 9.05093613e+01, 1.92734558e+02, 9.09740219e+01,
    1.79759583e+02, 9.12546005e+01, 1.66879517e+02, 9.13780899e+01,
    1.53856094e+02, 9.17289352e+01, 2.30774338e+02, 7.69377670e+01,
    2.17977814e+02, 7.72577362e+01, 2.05070282e+02, 7.77208786e+01,
    1.92298706e+02, 7.80794601e+01, 1.79352951e+02, 7.81215134e+01,
    1.66408295e+02, 7.85059052e+01, 1.53479980e+02, 7.87006226e+01,
    2.30383194e+02, 6.41533127e+01, 2.17538620e+02, 6.44533157e+01,
    2.04754074e+02, 6.45871811e+01, 1.91696381e+02, 6.49349670e+01,
    1.78805145e+02, 6.53155518e+01, 1.65767563e+02, 6.54515991e+01,
    1.52856125e+02, 6.58420105e+01, 2.29795731e+02, 5.09640732e+01,
    2.17006165e+02, 5.13662300e+01, 2.04225540e+02, 5.18737907e+01,
    1.91367874e+02, 5.21025314e+01, 1.78352585e+02, 5.23224564e+01,
    1.65517731e+02, 5.27056656e+01, 1.52546677e+02, 5.27919083e+01,
    2.29656235e+02, 3.80922852e+01, 2.16600586e+02, 3.83721085e+01,
    2.03763885e+02, 3.88982773e+01, 1.90698090e+02, 3.91941490e+01,
    1.77919098e+02, 3.94715385e+01, 1.64830246e+02, 3.98847466e+01,
    1.52220856e+02, 4.01962433e+01 ]
