%YAML:1.0
---
points: [ 9.68131714e+02, 8.74626160e+01, 9.62521301e+02, 1.28235535e+02,
    9.57302856e+02, 1.67838974e+02, 9.52069946e+02, 2.06887772e+02,
    9.47129944e+02, 2.44509903e+02, 9.42283813e+02, 2.81499329e+02,
    9.37351868e+02, 3.17584839e+02, 9.30622986e+02, 8.18594360e+01,
    9.25805176e+02, 1.22698402e+02, 9.21129822e+02, 1.62323425e+02,
    9.16380676e+02, 2.01378754e+02, 9.11677551e+02, 2.39122986e+02,
    9.07260681e+02, 2.75864899e+02, 9.02581421e+02, 3.12095581e+02,
    8.93551147e+02, 7.64190445e+01, 8.89225220e+02, 1.17242790e+02,
    8.84828857e+02, 1.56728104e+02, 8.80539612e+02, 1.95768890e+02,
    8.76418213e+02, 2.33575119e+02, 8.72364075e+02, 2.70397675e+02,
    8.68409058e+02, 3.06600098e+02, 8.56646362e+02, 7.10481720e+01,
    8.52809082e+02, 1.11622528e+02, 8.48844666e+02, 1.51226135e+02,
    8.45013123e+02, 1.90317978e+02, 8.41351501e+02, 2.28071106e+02,
    8.37713501e+02, 2.64892181e+02, 8.33878662e+02, 3.01092285e+02,
    8.19748230e+02, 6.54944763e+01, 8.16369202e+02, 1.06201233e+02,
    8.12914917e+02, 1.45599274e+02, 8.09498169e+02, 1.84680023e+02,
    8.06286804e+02, 2.22437088e+02, 8.02906982e+02, 2.59400116e+02,
    7.99714111e+02, 2.95502777e+02, 7.82805542e+02, 6.00131378e+01,
    7.79962585e+02, 1.00485207e+02, 7.76868286e+02, 1.40182617e+02,
    7.74112976e+02, 1.79101715e+02, 7.71167725e+02, 2.16812393e+02,
    7.68375610e+02, 2.53754898e+02, 7.65348328e+02, 2.89931030e+02,
    7.46144165e+02, 5.44984474e+01, 7.43616394e+02, 9.50117645e+01,
    7.41068909e+02, 1.34561676e+02, 7.38562256e+02, 1.73400009e+02,
    7.36195190e+02, 2.11278534e+02, 7.33582825e+02, 2.48300537e+02,
    7.31039551e+02, 2.84400848e+02, 7.09566467e+02, 4.90069237e+01,
    7.07479431e+02, 8.94497757e+01, 7.05489014e+02, 1.29104233e+02,
    7.03302734e+02, 1.67698288e+02, 7.01397827e+02, 2.05587036e+02,
    6.99081787e+02, 2.42505341e+02, 6.96727417e+02, 2.78635162e+02,
    6.73101685e+02, 4.35025711e+01, 6.71274170e+02, 8.38060532e+01,
    6.69668396e+02, 1.23490829e+02, 6.68171692e+02, 1.62129700e+02,
    6.66277283e+02, 1.99854019e+02, 6.64565918e+02, 2.36955048e+02,
    6.62679321e+02, 2.73188843e+02 ]
