%YAML:1.0
---
points: [ 1.45630493e+02, 2.08254532e+02, 1.92272079e+02, 2.09366516e+02,
    2.39000549e+02, 2.10559311e+02, 2.86174896e+02, 2.11957245e+02,
    3.33336975e+02, 2.13296921e+02, 3.81054962e+02, 2.14627594e+02,
    4.28666901e+02, 2.16032669e+02, 1.44374374e+02, 2.55880539e+02,
    1.90861984e+02, 2.57153320e+02, 2.37819763e+02, 2.58582214e+02,
    2.85079834e+02, 2.60061829e+02, 3.32480530e+02, 2.61450745e+02,
    3.80135468e+02, 2.62735657e+02, 4.27677856e+02, 2.64442505e+02,
    1.43009155e+02, 3.03573029e+02, 1.89504242e+02, 3.04940735e+02,
    2.36520493e+02, 3.06554688e+02, 2.83929871e+02, 3.07968323e+02,
    3.31378815e+02, 3.09443787e+02, 3.79053772e+02, 3.11131744e+02,
    4.26618073e+02, 3.12552887e+02, 1.42108902e+02, 3.51340668e+02,
    1.88398148e+02, 3.52655151e+02, 2.35418625e+02, 3.54346954e+02,
    2.82742645e+02, 3.55694458e+02, 3.30332581e+02, 3.57418304e+02,
    3.77912933e+02, 3.58962372e+02, 4.25567749e+02, 3.60548615e+02,
    1.40410156e+02, 3.98760681e+02, 1.87197830e+02, 4.00482849e+02,
    2.34266418e+02, 4.02089386e+02, 2.81582001e+02, 4.03524933e+02,
    3.29043915e+02, 4.05215424e+02, 3.76646057e+02, 4.06819763e+02,
    4.24328156e+02, 4.08457184e+02, 1.38781387e+02, 4.46428741e+02,
    1.85541245e+02, 4.48119385e+02, 2.32680557e+02, 4.49644409e+02,
    2.80235565e+02, 4.51237701e+02, 3.27573608e+02, 4.52941406e+02,
    3.75269104e+02, 4.54543732e+02, 4.22684967e+02, 4.56212067e+02,
    1.37512802e+02, 4.93942596e+02, 1.84288193e+02, 4.95677429e+02,
    2.31378922e+02, 4.97375580e+02, 2.78728607e+02, 4.98880737e+02,
    3.26263397e+02, 5.00665863e+02, 3.73806244e+02, 5.02406677e+02,
    4.21409149e+02, 5.03937347e+02, 1.35952927e+02, 5.41509399e+02,
    1.82649521e+02, 5.43287292e+02, 2.29803741e+02, 5.44860291e+02,
    2.77487640e+02, 5.46480652e+02, 3.24711334e+02, 5.48429565e+02,
    3.72457733e+02, 5.49937805e+02, 4.19752594e+02, 5.51539246e+02,
    1.34482361e+02, 5.89022583e+02, 1.81353973e+02, 5.90841614e+02,
    2.28479248e+02, 5.92477783e+02, 2.75853027e+02, 5.94234131e+02,
    3.23327240e+02, 5.95926697e+02, 3.70713959e+02, 5.97563232e+02,
    4.18341553e+02, 5.99364014e+02 ]
