%YAML:1.0
---
points: [ 4.89586578e+02, 1.55021591e+02, 4.82935333e+02, 1.67327545e+02,
    4.76153534e+02, 1.79653671e+02, 4.69973846e+02, 1.90918915e+02,
    4.63832611e+02, 2.02141617e+02, 4.58166229e+02, 2.12420715e+02,
    4.52572815e+02, 2.22711792e+02, 4.74794403e+02, 1.53234680e+02,
    4.67938202e+02, 1.66132462e+02, 4.61738922e+02, 1.78133865e+02,
    4.55555969e+02, 1.89786652e+02, 4.49898712e+02, 2.00740417e+02,
    4.44340363e+02, 2.11480133e+02, 4.39190186e+02, 2.21293213e+02,
    4.59292297e+02, 1.52029953e+02, 4.53058411e+02, 1.64569504e+02,
    4.46904510e+02, 1.77052658e+02, 4.41103424e+02, 1.88658417e+02,
    4.35678284e+02, 1.99767944e+02, 4.30579620e+02, 2.10187714e+02,
    4.25602814e+02, 2.20360855e+02, 4.43778931e+02, 1.50517303e+02,
    4.37538879e+02, 1.63502365e+02, 4.31899353e+02, 1.75780655e+02,
    4.26636505e+02, 1.87437424e+02, 4.21357513e+02, 1.98475311e+02,
    4.16403992e+02, 2.09232086e+02, 4.11952881e+02, 2.19196640e+02,
    4.27750061e+02, 1.49209351e+02, 4.22160553e+02, 1.62136795e+02,
    4.16786224e+02, 1.74452316e+02, 4.11763214e+02, 1.86097885e+02,
    4.07055176e+02, 1.97353394e+02, 4.02566010e+02, 2.07850449e+02,
    3.98134033e+02, 2.18101669e+02, 4.11869598e+02, 1.47826721e+02,
    4.06568939e+02, 1.60930634e+02, 4.01691284e+02, 1.73221588e+02,
    3.97066376e+02, 1.85164200e+02, 3.92590118e+02, 1.96396576e+02,
    3.88439056e+02, 2.07037689e+02, 3.84577942e+02, 2.17027100e+02,
    3.95907104e+02, 1.46683517e+02, 3.91046722e+02, 1.59811218e+02,
    3.86462219e+02, 1.72235275e+02, 3.82258362e+02, 1.84064026e+02,
    3.78237732e+02, 1.95255875e+02, 3.74442810e+02, 2.05798401e+02,
    3.70860748e+02, 2.15947342e+02, 3.79741943e+02, 1.45475662e+02,
    3.75388824e+02, 1.58726227e+02, 3.71276184e+02, 1.71176544e+02,
    3.67592133e+02, 1.82949707e+02, 3.63869476e+02, 1.94284088e+02,
    3.60456116e+02, 2.04780182e+02, 3.57188934e+02, 2.14955322e+02,
    3.63742279e+02, 1.44427856e+02, 3.59795441e+02, 1.57651184e+02,
    3.56220795e+02, 1.70194443e+02, 3.52721527e+02, 1.81967606e+02,
    3.49555359e+02, 1.93178314e+02, 3.46554016e+02, 2.03759018e+02,
    3.43671600e+02, 2.13848602e+02 ]
