%YAML:1.0
---
points: [ 2.22341805e+01, 1.05497643e+02, 3.67962570e+01, 1.05270142e+02,
    5.16112404e+01, 1.05296143e+02, 6.68158722e+01, 1.05400475e+02,
    8.24446335e+01, 1.05673134e+02, 9.80712204e+01, 1.05852699e+02,
    1.14017326e+02, 1.06207825e+02, 2.12942696e+01, 1.20874184e+02,
    3.58460350e+01, 1.21000145e+02, 5.08146286e+01, 1.21184456e+02,
    6.63093948e+01, 1.21577667e+02, 8.18809814e+01, 1.21618042e+02,
    9.75903320e+01, 1.22013802e+02, 1.13641029e+02, 1.22559853e+02,
    2.05358200e+01, 1.36763870e+02, 3.51118317e+01, 1.36867905e+02,
    5.02728424e+01, 1.37136398e+02, 6.56635056e+01, 1.37542358e+02,
    8.13856430e+01, 1.37706772e+02, 9.71971893e+01, 1.38222427e+02,
    1.13120102e+02, 1.38673706e+02, 1.98238430e+01, 1.52546539e+02,
    3.46156235e+01, 1.52707596e+02, 4.96853867e+01, 1.52987427e+02,
    6.51917343e+01, 1.53527390e+02, 8.08575821e+01, 1.53890396e+02,
    9.67867432e+01, 1.54429520e+02, 1.12720825e+02, 1.54827866e+02,
    1.90097752e+01, 1.68473145e+02, 3.39721680e+01, 1.68619705e+02,
    4.91162491e+01, 1.68943573e+02, 6.46980820e+01, 1.69577988e+02,
    8.05146103e+01, 1.69891098e+02, 9.63580246e+01, 1.70577484e+02,
    1.12182579e+02, 1.70963867e+02, 1.86297436e+01, 1.84052628e+02,
    3.34979401e+01, 1.84722183e+02, 4.86261024e+01, 1.84940750e+02,
    6.41127548e+01, 1.85619247e+02, 7.98067627e+01, 1.85944458e+02,
    9.57893448e+01, 1.86608719e+02, 1.11694992e+02, 1.87122772e+02,
    1.78251114e+01, 1.99946136e+02, 3.28152580e+01, 2.00593414e+02,
    4.80042343e+01, 2.00851852e+02, 6.36644592e+01, 2.01643158e+02,
    7.94111938e+01, 2.02177292e+02, 9.52957687e+01, 2.02670105e+02,
    1.11141403e+02, 2.03281738e+02, 1.75241528e+01, 2.15735474e+02,
    3.24594917e+01, 2.16664062e+02, 4.76664200e+01, 2.17040161e+02,
    6.31392899e+01, 2.17549164e+02, 7.88142471e+01, 2.18174911e+02,
    9.48026581e+01, 2.18790100e+02, 1.10716370e+02, 2.19298630e+02,
    1.69958344e+01, 2.31799088e+02, 3.18951283e+01, 2.32342453e+02,
    4.72247658e+01, 2.33023407e+02, 6.27241745e+01, 2.33767456e+02,
    7.84777222e+01, 2.34040894e+02, 9.43143311e+01, 2.34798370e+02,
    1.10180351e+02, 2.35379654e+02 ]
