%YAML:1.0
---
points: [ 4.33214478e+02, 1.61255310e+02, 4.34614441e+02, 1.71652328e+02,
    4.36103790e+02, 1.82474564e+02, 4.37745880e+02, 1.93236053e+02,
    4.39525604e+02, 2.04753464e+02, 4.41340179e+02, 2.16099487e+02,
    4.43278778e+02, 2.28209305e+02, 4.21618622e+02, 1.59168564e+02,
    4.22924286e+02, 1.69830688e+02, 4.24300293e+02, 1.80404007e+02,
    4.25762634e+02, 1.91432922e+02, 4.27433472e+02, 2.02659515e+02,
    4.29032684e+02, 2.14164963e+02, 4.30825287e+02, 2.26318634e+02,
    4.10133118e+02, 1.57298737e+02, 4.11308594e+02, 1.67762939e+02,
    4.12435303e+02, 1.78537994e+02, 4.13760712e+02, 1.89401413e+02,
    4.15130371e+02, 2.00705444e+02, 4.16484222e+02, 2.12163239e+02,
    4.17985901e+02, 2.24326553e+02, 3.98410950e+02, 1.55275391e+02,
    3.99279633e+02, 1.65827789e+02, 4.00382660e+02, 1.76550568e+02,
    4.01429962e+02, 1.87498032e+02, 4.02559540e+02, 1.98723450e+02,
    4.03796234e+02, 2.10253845e+02, 4.05160980e+02, 2.22335831e+02,
    3.86551514e+02, 1.53391953e+02, 3.87312775e+02, 1.63882797e+02,
    3.88165802e+02, 1.74614090e+02, 3.89090729e+02, 1.85528366e+02,
    3.90043243e+02, 1.96901459e+02, 3.91088715e+02, 2.08402206e+02,
    3.92160004e+02, 2.20387863e+02, 3.74572998e+02, 1.51446625e+02,
    3.75238373e+02, 1.61911835e+02, 3.75898438e+02, 1.72526688e+02,
    3.76605591e+02, 1.83490158e+02, 3.77389893e+02, 1.94834717e+02,
    3.78338501e+02, 2.06382736e+02, 3.79104706e+02, 2.18411789e+02,
    3.62788330e+02, 1.49355164e+02, 3.63232330e+02, 1.59853668e+02,
    3.63444275e+02, 1.70470932e+02, 3.64201233e+02, 1.81467331e+02,
    3.64701904e+02, 1.92763535e+02, 3.65379211e+02, 2.04403885e+02,
    3.66028381e+02, 2.16291138e+02, 3.50699432e+02, 1.47368195e+02,
    3.50914825e+02, 1.57864410e+02, 3.51261658e+02, 1.68555740e+02,
    3.51560455e+02, 1.79400467e+02, 3.52030945e+02, 1.90762878e+02,
    3.52290741e+02, 2.02289993e+02, 3.52781769e+02, 2.14335907e+02,
    3.38705566e+02, 1.45274323e+02, 3.38781555e+02, 1.55713272e+02,
    3.38864838e+02, 1.66387329e+02, 3.39022614e+02, 1.77387299e+02,
    3.39147339e+02, 1.88674255e+02, 3.39284241e+02, 2.00212372e+02,
    3.39378937e+02, 2.12240189e+02 ]
