%YAML:1.0
---
points: [ 1.58493011e+02, 1.74372559e+02, 2.17702286e+02, 1.85242981e+02,
    2.74562195e+02, 1.95688751e+02, 3.28951019e+02, 2.05739380e+02,
    3.80947693e+02, 2.15417999e+02, 4.30815430e+02, 2.24761856e+02,
    4.78669556e+02, 2.33844696e+02, 1.55637497e+02, 2.24051483e+02,
    2.15223892e+02, 2.33766251e+02, 2.72201660e+02, 2.43151794e+02,
    3.26865662e+02, 2.52043945e+02, 3.79113342e+02, 2.60779388e+02,
    4.29030212e+02, 2.69163208e+02, 4.76970490e+02, 2.76981384e+02,
    1.53146164e+02, 2.73950500e+02, 2.12765381e+02, 2.82413422e+02,
    2.69971313e+02, 2.90652313e+02, 3.24709381e+02, 2.98424042e+02,
    3.77131073e+02, 3.06168976e+02, 4.27389099e+02, 3.13370728e+02,
    4.75410583e+02, 3.20181702e+02, 1.50552765e+02, 3.23895050e+02,
    2.10509491e+02, 3.31084229e+02, 2.67885345e+02, 3.38179749e+02,
    3.22845490e+02, 3.44742004e+02, 3.75303284e+02, 3.51230743e+02,
    4.25581299e+02, 3.57374542e+02, 4.73741852e+02, 3.63368805e+02,
    1.48242416e+02, 3.74039185e+02, 2.08198120e+02, 3.80070618e+02,
    2.65618652e+02, 3.85784882e+02, 3.20984192e+02, 3.91320526e+02,
    3.73475464e+02, 3.96596710e+02, 4.23749908e+02, 4.01651794e+02,
    4.72085938e+02, 4.06519867e+02, 1.45635162e+02, 4.24258514e+02,
    2.06092133e+02, 4.28871704e+02, 2.63706268e+02, 4.33406677e+02,
    3.18852661e+02, 4.37730438e+02, 3.71524963e+02, 4.41745453e+02,
    4.22277191e+02, 4.45732300e+02, 4.70525970e+02, 4.49585693e+02,
    1.43527267e+02, 4.74527344e+02, 2.03747147e+02, 4.77759064e+02,
    2.61547180e+02, 4.81125610e+02, 3.17148407e+02, 4.84304718e+02,
    3.69724915e+02, 4.87214722e+02, 4.20452484e+02, 4.90204437e+02,
    4.68932159e+02, 4.92667938e+02, 1.41125534e+02, 5.24741333e+02,
    2.01623001e+02, 5.26894714e+02, 2.59527771e+02, 5.28892151e+02,
    3.14958374e+02, 5.30723389e+02, 3.67781403e+02, 5.32651733e+02,
    4.18489197e+02, 5.34340210e+02, 4.66973572e+02, 5.35891296e+02,
    1.38776611e+02, 5.75459717e+02, 1.99477936e+02, 5.76221313e+02,
    2.57429260e+02, 5.76709351e+02, 3.12883270e+02, 5.77435425e+02,
    3.65727844e+02, 5.78074646e+02, 4.16689911e+02, 5.78711792e+02,
    4.65244232e+02, 5.79362000e+02 ]
