%YAML:1.0
---
points: [ 2.82120399e+01, 9.41539154e+01, 4.58433914e+01, 9.71459503e+01,
    6.32730446e+01, 1.00105545e+02, 8.01418915e+01, 1.03080193e+02,
    9.65576553e+01, 1.06175423e+02, 1.12276405e+02, 1.09218002e+02,
    1.27497757e+02, 1.12032486e+02, 2.68567715e+01, 1.10298325e+02,
    4.46938591e+01, 1.13140640e+02, 6.22230988e+01, 1.15822426e+02,
    7.93729935e+01, 1.18638977e+02, 9.57502747e+01, 1.21364914e+02,
    1.11610016e+02, 1.23985817e+02, 1.26901917e+02, 1.26531944e+02,
    2.56935444e+01, 1.26830154e+02, 4.37048073e+01, 1.29202286e+02,
    6.14097328e+01, 1.31640549e+02, 7.85785065e+01, 1.34127319e+02,
    9.49700394e+01, 1.36379013e+02, 1.10920502e+02, 1.38824539e+02,
    1.26348824e+02, 1.41209259e+02, 2.46470604e+01, 1.43327087e+02,
    4.26612930e+01, 1.45389832e+02, 6.05635986e+01, 1.47595871e+02,
    7.77298050e+01, 1.49664597e+02, 9.44402847e+01, 1.51816833e+02,
    1.10402550e+02, 1.53728836e+02, 1.25768692e+02, 1.55661133e+02,
    2.36048965e+01, 1.59996506e+02, 4.18730736e+01, 1.61665421e+02,
    5.96890717e+01, 1.63587341e+02, 7.70560913e+01, 1.65292847e+02,
    9.37245865e+01, 1.67012039e+02, 1.09808136e+02, 1.68628815e+02,
    1.25237183e+02, 1.70259323e+02, 2.27671738e+01, 1.76615723e+02,
    4.11420288e+01, 1.78241119e+02, 5.89929543e+01, 1.79435379e+02,
    7.65451355e+01, 1.80960617e+02, 9.30672226e+01, 1.82200897e+02,
    1.09262505e+02, 1.83486435e+02, 1.24715630e+02, 1.84698410e+02,
    2.19144535e+01, 1.93542648e+02, 4.05216484e+01, 1.94485962e+02,
    5.84089546e+01, 1.95741898e+02, 7.58267212e+01, 1.96579803e+02,
    9.25484848e+01, 1.97569626e+02, 1.08695160e+02, 1.98517242e+02,
    1.24152092e+02, 1.99466125e+02, 2.11856174e+01, 2.10324310e+02,
    3.96739273e+01, 2.10881714e+02, 5.76321259e+01, 2.11613495e+02,
    7.49099121e+01, 2.12239731e+02, 9.18859329e+01, 2.12826004e+02,
    1.08006805e+02, 2.13475388e+02, 1.23584991e+02, 2.13886246e+02,
    2.05537701e+01, 2.27187454e+02, 3.90339737e+01, 2.27727936e+02,
    5.69288483e+01, 2.27646179e+02, 7.46250534e+01, 2.27724243e+02,
    9.12695923e+01, 2.28072495e+02, 1.07404198e+02, 2.28523773e+02,
    1.22994026e+02, 2.28673874e+02 ]
