%YAML:1.0
---
points: [ 9.58877136e+02, 1.17578125e+02, 9.61432739e+02, 1.57204575e+02,
    9.64275635e+02, 1.96434204e+02, 9.66645752e+02, 2.34862244e+02,
    9.69348206e+02, 2.72630310e+02, 9.71643372e+02, 3.10010315e+02,
    9.74191406e+02, 3.46746155e+02, 9.22486938e+02, 1.21608322e+02,
    9.25435791e+02, 1.61115417e+02, 9.28272644e+02, 1.99830902e+02,
    9.31312500e+02, 2.38301025e+02, 9.33864990e+02, 2.75741058e+02,
    9.36641357e+02, 3.12830902e+02, 9.39226013e+02, 3.49404175e+02,
    8.86521118e+02, 1.25678452e+02, 8.89808411e+02, 1.64925323e+02,
    8.92868591e+02, 2.03428619e+02, 8.96083923e+02, 2.41354630e+02,
    8.99167603e+02, 2.78567017e+02, 9.01894226e+02, 3.15480255e+02,
    9.04752747e+02, 3.51626465e+02, 8.51246216e+02, 1.29679520e+02,
    8.54612305e+02, 1.68560669e+02, 8.58195435e+02, 2.06847443e+02,
    8.61446228e+02, 2.44541550e+02, 8.64730469e+02, 2.81574799e+02,
    8.67874634e+02, 3.18096283e+02, 8.70775513e+02, 3.54188660e+02,
    8.16330383e+02, 1.33652374e+02, 8.19956055e+02, 1.72147812e+02,
    8.23589905e+02, 2.10133270e+02, 8.27335693e+02, 2.47572800e+02,
    8.30636047e+02, 2.84304016e+02, 8.33836670e+02, 3.20518616e+02,
    8.37200562e+02, 3.56303864e+02, 7.81489502e+02, 1.37425201e+02,
    7.85553528e+02, 1.75681641e+02, 7.89547424e+02, 2.13395432e+02,
    7.93234375e+02, 2.50483383e+02, 7.96826599e+02, 2.86916870e+02,
    8.00501099e+02, 3.23098114e+02, 8.03578674e+02, 3.58598541e+02,
    7.47476746e+02, 1.41101257e+02, 7.51538391e+02, 1.79092285e+02,
    7.55613708e+02, 2.16554016e+02, 7.59602051e+02, 2.53474854e+02,
    7.63583496e+02, 2.89630920e+02, 7.67122559e+02, 3.25429504e+02,
    7.70546875e+02, 3.60712769e+02, 7.13470093e+02, 1.44690857e+02,
    7.17965271e+02, 1.82409622e+02, 7.22391602e+02, 2.19460327e+02,
    7.26627075e+02, 2.56218567e+02, 7.30554260e+02, 2.92211853e+02,
    7.34338013e+02, 3.27903198e+02, 7.38046509e+02, 3.62743591e+02,
    6.80184875e+02, 1.48320572e+02, 6.84710571e+02, 1.85680466e+02,
    6.89296814e+02, 2.22585007e+02, 6.93557129e+02, 2.59062500e+02,
    6.97704956e+02, 2.94753448e+02, 7.01795410e+02, 3.30077301e+02,
    7.05665466e+02, 3.65104156e+02 ]
