%YAML:1.0
---
points: [ 2.47841904e+02, 1.68834076e+02, 2.36405655e+02, 1.72429794e+02,
    2.24732864e+02, 1.76153259e+02, 2.13040024e+02, 1.79918335e+02,
    2.01078018e+02, 1.83791824e+02, 1.88972702e+02, 1.87659851e+02,
    1.76564163e+02, 1.91697311e+02, 2.44521210e+02, 1.56841812e+02,
    2.32899063e+02, 1.60548935e+02, 2.21163574e+02, 1.64175125e+02,
    2.09217178e+02, 1.67832825e+02, 1.97175293e+02, 1.71676468e+02,
    1.84873291e+02, 1.75549225e+02, 1.72428436e+02, 1.79527878e+02,
    2.41207855e+02, 1.44845825e+02, 2.29414322e+02, 1.48448318e+02,
    2.17517212e+02, 1.51999908e+02, 2.05513672e+02, 1.55666855e+02,
    1.93159698e+02, 1.59379059e+02, 1.80749191e+02, 1.63109985e+02,
    1.68054367e+02, 1.66863708e+02, 2.37724579e+02, 1.32359695e+02,
    2.25782639e+02, 1.35843430e+02, 2.13670242e+02, 1.39486572e+02,
    2.01537064e+02, 1.43042953e+02, 1.89028549e+02, 1.46673203e+02,
    1.76421982e+02, 1.50415573e+02, 1.63654922e+02, 1.54209518e+02,
    2.34156754e+02, 1.19820511e+02, 2.22071671e+02, 1.23224060e+02,
    2.09825272e+02, 1.26673569e+02, 1.97472748e+02, 1.30277817e+02,
    1.84893097e+02, 1.33922211e+02, 1.72151474e+02, 1.37549805e+02,
    1.59026886e+02, 1.41149551e+02, 2.30578751e+02, 1.06775597e+02,
    2.18276962e+02, 1.10271011e+02, 2.05941849e+02, 1.13745827e+02,
    1.93441223e+02, 1.17173996e+02, 1.80696503e+02, 1.20753799e+02,
    1.67672852e+02, 1.24252655e+02, 1.54546387e+02, 1.27966736e+02,
    2.26899414e+02, 9.37268066e+01, 2.14472916e+02, 9.70614624e+01,
    2.01895416e+02, 1.00330727e+02, 1.89287384e+02, 1.03815857e+02,
    1.76351410e+02, 1.07329498e+02, 1.63183899e+02, 1.10838806e+02,
    1.49818634e+02, 1.14311661e+02, 2.23088455e+02, 8.01910400e+01,
    2.10532761e+02, 8.34761658e+01, 1.97952362e+02, 8.68529358e+01,
    1.85066376e+02, 9.02039337e+01, 1.71926346e+02, 9.36432343e+01,
    1.58629654e+02, 9.70407715e+01, 1.45134872e+02, 1.00584297e+02,
    2.19310028e+02, 6.65532608e+01, 2.06668091e+02, 6.97959442e+01,
    1.93750259e+02, 7.29916382e+01, 1.80702667e+02, 7.63035355e+01,
    1.67443695e+02, 7.96526337e+01, 1.53994629e+02, 8.29886322e+01,
    1.40299026e+02, 8.63637619e+01 ]
