%YAML:1.0
---
points: [ 8.50352295e+02, 4.02589905e+02, 8.16018005e+02, 4.13296265e+02,
    7.81174683e+02, 4.24276093e+02, 7.45775940e+02, 4.35232208e+02,
    7.09659607e+02, 4.46621796e+02, 6.73195557e+02, 4.58258209e+02,
    6.35723633e+02, 4.69806061e+02, 8.39784119e+02, 3.67414185e+02,
    8.05077087e+02, 3.78021393e+02, 7.69609802e+02, 3.88741241e+02,
    7.33806152e+02, 3.99713684e+02, 6.97536194e+02, 4.10908203e+02,
    6.60284912e+02, 4.22182617e+02, 6.22513977e+02, 4.33719238e+02,
    8.29120361e+02, 3.31711914e+02, 7.93826233e+02, 3.42209656e+02,
    7.58194702e+02, 3.52629242e+02, 7.21756409e+02, 3.63527832e+02,
    6.84846008e+02, 3.74361389e+02, 6.47187317e+02, 3.85539307e+02,
    6.08736633e+02, 3.96702698e+02, 8.18260437e+02, 2.95157288e+02,
    7.82273621e+02, 3.05490082e+02, 7.46201111e+02, 3.15827545e+02,
    7.09371643e+02, 3.26375061e+02, 6.71880981e+02, 3.37218079e+02,
    6.33670227e+02, 3.47897034e+02, 5.94783203e+02, 3.59221161e+02,
    8.06733215e+02, 2.57709198e+02, 7.70592651e+02, 2.67776245e+02,
    7.33703369e+02, 2.78137512e+02, 6.96573730e+02, 2.88378906e+02,
    6.58560547e+02, 2.98873901e+02, 6.19849365e+02, 3.09609528e+02,
    5.80535156e+02, 3.20476807e+02, 7.95317627e+02, 2.19433807e+02,
    7.58638062e+02, 2.29427109e+02, 7.21409424e+02, 2.39578140e+02,
    6.83606567e+02, 2.49581421e+02, 6.45218445e+02, 2.60112640e+02,
    6.05923157e+02, 2.70356934e+02, 5.66029358e+02, 2.81243622e+02,
    7.83587402e+02, 1.80459259e+02, 7.46466675e+02, 1.90401413e+02,
    7.08515259e+02, 2.00194336e+02, 6.70363159e+02, 2.10070587e+02,
    6.31306519e+02, 2.20147644e+02, 5.91409485e+02, 2.30336243e+02,
    5.50954041e+02, 2.40743774e+02, 7.71544800e+02, 1.40439697e+02,
    7.33716858e+02, 1.50148346e+02, 6.95567871e+02, 1.59883926e+02,
    6.56655151e+02, 1.69527237e+02, 6.17067444e+02, 1.79394043e+02,
    5.76684570e+02, 1.89487595e+02, 5.35782959e+02, 1.99563293e+02,
    7.59334900e+02, 9.95607376e+01, 7.20996521e+02, 1.08886627e+02,
    6.82208069e+02, 1.18508904e+02, 6.42885498e+02, 1.28202896e+02,
    6.02631592e+02, 1.37746124e+02, 5.61963623e+02, 1.47583923e+02,
    5.20321716e+02, 1.57439865e+02 ]
