%YAML:1.0
---
points: [ 4.50086060e+02, 1.55220993e+02, 4.50212372e+02, 1.71061142e+02,
    4.50544952e+02, 1.86802658e+02, 4.50514801e+02, 2.02393265e+02,
    4.50450012e+02, 2.17905991e+02, 4.50511780e+02, 2.33175812e+02,
    4.50387268e+02, 2.48375687e+02, 4.33030579e+02, 1.56433121e+02,
    4.33368835e+02, 1.71812363e+02, 4.33439789e+02, 1.87180878e+02,
    4.33575684e+02, 2.02640762e+02, 4.33810364e+02, 2.17662781e+02,
    4.33865509e+02, 2.32590439e+02, 4.34086182e+02, 2.47351379e+02,
    4.16686523e+02, 1.57455490e+02, 4.17160797e+02, 1.72567047e+02,
    4.17310760e+02, 1.87626968e+02, 4.17510681e+02, 2.02690567e+02,
    4.17552032e+02, 2.17500793e+02, 4.17825287e+02, 2.31873001e+02,
    4.18018188e+02, 2.46508316e+02, 4.00916534e+02, 1.58571976e+02,
    4.01304993e+02, 1.73374359e+02, 4.01498596e+02, 1.88095474e+02,
    4.01821075e+02, 2.02772858e+02, 4.02177582e+02, 2.17175186e+02,
    4.02425354e+02, 2.31353958e+02, 4.02582092e+02, 2.45666626e+02,
    3.85993744e+02, 1.59676514e+02, 3.86314758e+02, 1.74103302e+02,
    3.86577423e+02, 1.88464355e+02, 3.86972626e+02, 2.02752594e+02,
    3.87233734e+02, 2.16915817e+02, 3.87413116e+02, 2.30708664e+02,
    3.87768005e+02, 2.44799911e+02, 3.71314972e+02, 1.60748627e+02,
    3.71819550e+02, 1.74909225e+02, 3.72225098e+02, 1.88881332e+02,
    3.72476501e+02, 2.02830490e+02, 3.72881622e+02, 2.16593857e+02,
    3.73214111e+02, 2.30332275e+02, 3.73623688e+02, 2.43881317e+02,
    3.57507202e+02, 1.61755676e+02, 3.58044861e+02, 1.75671158e+02,
    3.58275269e+02, 1.89307312e+02, 3.58791443e+02, 2.02962860e+02,
    3.59218048e+02, 2.16405365e+02, 3.59563995e+02, 2.29861938e+02,
    3.60066711e+02, 2.42998672e+02, 3.44157837e+02, 1.62788284e+02,
    3.44618622e+02, 1.76406174e+02, 3.45188721e+02, 1.89684128e+02,
    3.45574371e+02, 2.03073746e+02, 3.46141357e+02, 2.16245041e+02,
    3.46445251e+02, 2.29326157e+02, 3.46988495e+02, 2.42241730e+02,
    3.31436920e+02, 1.63665436e+02, 3.32022369e+02, 1.77048233e+02,
    3.32413666e+02, 1.90142578e+02, 3.33051636e+02, 2.03196106e+02,
    3.33413086e+02, 2.16016769e+02, 3.33987183e+02, 2.28889420e+02,
    3.34377106e+02, 2.41528564e+02 ]
