%YAML:1.0
---
points: [ 1.07718091e+03, 6.30633469e+01, 1.07472375e+03, 9.86679230e+01,
    1.07231873e+03, 1.34335938e+02, 1.06992102e+03, 1.69819519e+02,
    1.06768848e+03, 2.04844727e+02, 1.06528259e+03, 2.40073547e+02,
    1.06304370e+03, 2.75266205e+02, 1.04271301e+03, 6.01204033e+01,
    1.04026135e+03, 9.56346664e+01, 1.03796033e+03, 1.31312607e+02,
    1.03560950e+03, 1.66837784e+02, 1.03324414e+03, 2.02315308e+02,
    1.03105640e+03, 2.37561554e+02, 1.02860376e+03, 2.72504211e+02,
    1.00803137e+03, 5.67036324e+01, 1.00575055e+03, 9.26545486e+01,
    1.00330511e+03, 1.28479721e+02, 1.00119012e+03, 1.64247971e+02,
    9.98869934e+02, 1.99438583e+02, 9.96597900e+02, 2.34795532e+02,
    9.94467712e+02, 2.69974335e+02, 9.73445251e+02, 5.38982162e+01,
    9.71087769e+02, 8.96132278e+01, 9.68850769e+02, 1.25366112e+02,
    9.66541870e+02, 1.61227356e+02, 9.64397034e+02, 1.96728851e+02,
    9.62202393e+02, 2.32187408e+02, 9.59933777e+02, 2.67206604e+02,
    9.38512207e+02, 5.03546257e+01, 9.36384644e+02, 8.65125656e+01,
    9.33961243e+02, 1.22405739e+02, 9.31924988e+02, 1.58223267e+02,
    9.29669128e+02, 1.93630951e+02, 9.27509644e+02, 2.29220169e+02,
    9.25413818e+02, 2.64473389e+02, 9.03374207e+02, 4.69167252e+01,
    9.01354004e+02, 8.30683060e+01, 8.99205688e+02, 1.19057571e+02,
    8.96991272e+02, 1.55059586e+02, 8.94941040e+02, 1.90768204e+02,
    8.92714050e+02, 2.26178055e+02, 8.90676453e+02, 2.61445618e+02,
    8.68163940e+02, 4.35707970e+01, 8.65955383e+02, 7.97191086e+01,
    8.64047729e+02, 1.15721603e+02, 8.61752686e+02, 1.51724197e+02,
    8.59821106e+02, 1.87502350e+02, 8.57756104e+02, 2.23190002e+02,
    8.55635742e+02, 2.58484222e+02, 8.32660400e+02, 4.00553017e+01,
    8.30730164e+02, 7.63107681e+01, 8.28620544e+02, 1.12502251e+02,
    8.26744995e+02, 1.48653915e+02, 8.24543884e+02, 1.84366364e+02,
    8.22673279e+02, 2.19926529e+02, 8.20577881e+02, 2.55506897e+02,
    7.97016541e+02, 3.62754364e+01, 7.95112000e+02, 7.25561295e+01,
    7.93094604e+02, 1.08853989e+02, 7.91106262e+02, 1.45186295e+02,
    7.89274658e+02, 1.81215652e+02, 7.87190002e+02, 2.16955795e+02,
    7.85286438e+02, 2.52471756e+02 ]
