%YAML:1.0
---
points: [ 4.45355133e+02, 1.69568512e+02, 4.46217926e+02, 1.82544327e+02,
    4.47315979e+02, 1.95818161e+02, 4.48425018e+02, 2.08850113e+02,
    4.49571716e+02, 2.22355072e+02, 4.50825989e+02, 2.35633728e+02,
    4.51936310e+02, 2.49129074e+02, 4.34925446e+02, 1.69001633e+02,
    4.35938293e+02, 1.82557007e+02, 4.36879822e+02, 1.95715118e+02,
    4.37908020e+02, 2.09177414e+02, 4.39213226e+02, 2.22520248e+02,
    4.40361725e+02, 2.36143311e+02, 4.41638733e+02, 2.49569366e+02,
    4.24472717e+02, 1.68743225e+02, 4.25251190e+02, 1.82083023e+02,
    4.26279633e+02, 1.95853577e+02, 4.27467957e+02, 2.09035843e+02,
    4.28445221e+02, 2.22810455e+02, 4.29791046e+02, 2.36476654e+02,
    4.30951904e+02, 2.50266937e+02, 4.13484192e+02, 1.68311722e+02,
    4.14276672e+02, 1.81820770e+02, 4.15281433e+02, 1.95706314e+02,
    4.16495636e+02, 2.09320358e+02, 4.17367737e+02, 2.23024582e+02,
    4.18669098e+02, 2.36984802e+02, 4.19784424e+02, 2.50851822e+02,
    4.02179291e+02, 1.68010178e+02, 4.02915894e+02, 1.81637756e+02,
    4.03831299e+02, 1.95635727e+02, 4.04939575e+02, 2.09381348e+02,
    4.06069122e+02, 2.23455032e+02, 4.07308380e+02, 2.37344498e+02,
    4.08460876e+02, 2.51607147e+02, 3.90421112e+02, 1.67569244e+02,
    3.91324799e+02, 1.81676392e+02, 3.92298645e+02, 1.95497589e+02,
    3.93434998e+02, 2.09495316e+02, 3.94560272e+02, 2.23724045e+02,
    3.95691345e+02, 2.37782471e+02, 3.96835480e+02, 2.52153946e+02,
    3.78889832e+02, 1.67299286e+02, 3.79646057e+02, 1.81414825e+02,
    3.80466522e+02, 1.95437729e+02, 3.81482269e+02, 2.09550034e+02,
    3.82645020e+02, 2.24029861e+02, 3.83809814e+02, 2.38348557e+02,
    3.84881195e+02, 2.52832199e+02, 3.66519531e+02, 1.66851227e+02,
    3.67450195e+02, 1.81177963e+02, 3.68403595e+02, 1.95374054e+02,
    3.69365448e+02, 2.09658279e+02, 3.70402344e+02, 2.24190018e+02,
    3.71465820e+02, 2.38732727e+02, 3.72644409e+02, 2.53317123e+02,
    3.54361572e+02, 1.66455414e+02, 3.55067322e+02, 1.80825119e+02,
    3.55935883e+02, 1.95405594e+02, 3.56940582e+02, 2.09788635e+02,
    3.57872467e+02, 2.24430801e+02, 3.59013245e+02, 2.39192093e+02,
    3.59991455e+02, 2.54120209e+02 ]
