%YAML:1.0
---
points: [ 1.04345105e+03, 4.95205154e+01, 1.04348804e+03, 8.64213943e+01,
    1.04367065e+03, 1.22582321e+02, 1.04376978e+03, 1.58558960e+02,
    1.04404248e+03, 1.93590668e+02, 1.04414783e+03, 2.28561966e+02,
    1.04425732e+03, 2.62801971e+02, 1.00932977e+03, 5.13957062e+01,
    1.00974103e+03, 8.80668869e+01, 1.01020221e+03, 1.24238503e+02,
    1.01062506e+03, 1.60155136e+02, 1.01087219e+03, 1.95118027e+02,
    1.01131903e+03, 2.29621994e+02, 1.01161914e+03, 2.63882904e+02,
    9.75493347e+02, 5.34097290e+01, 9.76203796e+02, 8.97694168e+01,
    9.76764954e+02, 1.25750816e+02, 9.77486694e+02, 1.61478638e+02,
    9.78172852e+02, 1.96491470e+02, 9.78803284e+02, 2.30922562e+02,
    9.79386658e+02, 2.64796783e+02, 9.42094360e+02, 5.51716042e+01,
    9.43045410e+02, 9.15886002e+01, 9.43855896e+02, 1.27511734e+02,
    9.44795166e+02, 1.62810623e+02, 9.45634277e+02, 1.97729034e+02,
    9.46600952e+02, 2.32203110e+02, 9.47432068e+02, 2.65924805e+02,
    9.08674866e+02, 5.67480698e+01, 9.09962585e+02, 9.31907654e+01,
    9.11222046e+02, 1.28912598e+02, 9.12408447e+02, 1.64362183e+02,
    9.13375793e+02, 1.98811630e+02, 9.14491089e+02, 2.33234085e+02,
    9.15494141e+02, 2.66742981e+02, 8.75515076e+02, 5.86076851e+01,
    8.76987000e+02, 9.46608505e+01, 8.78548523e+02, 1.30363937e+02,
    8.79990601e+02, 1.65562317e+02, 8.81323303e+02, 2.00021545e+02,
    8.82494080e+02, 2.34364426e+02, 8.83662903e+02, 2.67774689e+02,
    8.42766235e+02, 6.03596153e+01, 8.44455078e+02, 9.62374878e+01,
    8.46099731e+02, 1.31669037e+02, 8.47718140e+02, 1.66751984e+02,
    8.49409302e+02, 2.01307404e+02, 8.50703674e+02, 2.35165268e+02,
    8.52239624e+02, 2.68598419e+02, 8.10050476e+02, 6.17322464e+01,
    8.11966125e+02, 9.75353775e+01, 8.13811096e+02, 1.33048782e+02,
    8.15908752e+02, 1.67871475e+02, 8.17573303e+02, 2.02344376e+02,
    8.19345215e+02, 2.36182526e+02, 8.20908813e+02, 2.69491608e+02,
    7.77476990e+02, 6.34007263e+01, 7.79619324e+02, 9.89297485e+01,
    7.81723511e+02, 1.34372803e+02, 7.83947266e+02, 1.69190704e+02,
    7.86031494e+02, 2.03349121e+02, 7.87767761e+02, 2.36974915e+02,
    7.89682556e+02, 2.70304321e+02 ]
