%YAML:1.0
---
points: [ 2.24356232e+02, 1.23932495e+02, 2.23852539e+02, 1.12601250e+02,
    2.23434280e+02, 1.01267815e+02, 2.22876572e+02, 8.97483749e+01,
    2.22410324e+02, 7.80223160e+01, 2.21822906e+02, 6.61706848e+01,
    2.21255234e+02, 5.42499619e+01, 2.34956451e+02, 1.23548698e+02,
    2.34599579e+02, 1.12307510e+02, 2.34133896e+02, 1.00861404e+02,
    2.33766510e+02, 8.92268524e+01, 2.33370605e+02, 7.73689499e+01,
    2.32816742e+02, 6.55011139e+01, 2.32422104e+02, 5.35475540e+01,
    2.45635971e+02, 1.23282585e+02, 2.45309586e+02, 1.12086082e+02,
    2.44891571e+02, 1.00327530e+02, 2.44611908e+02, 8.87844391e+01,
    2.44210449e+02, 7.69289322e+01, 2.43837814e+02, 6.50429916e+01,
    2.43538681e+02, 5.29524460e+01, 2.56419006e+02, 1.23099373e+02,
    2.56171936e+02, 1.11566132e+02, 2.55854843e+02, 1.00040176e+02,
    2.55636810e+02, 8.82100906e+01, 2.55477936e+02, 7.64188080e+01,
    2.54940033e+02, 6.45156174e+01, 2.54757339e+02, 5.24721718e+01,
    2.67205597e+02, 1.22630341e+02, 2.67055695e+02, 1.11282364e+02,
    2.66852264e+02, 9.95347290e+01, 2.66736786e+02, 8.78067322e+01,
    2.66457031e+02, 7.60382690e+01, 2.66241058e+02, 6.40305328e+01,
    2.66026794e+02, 5.18675652e+01, 2.78064606e+02, 1.22332199e+02,
    2.77935272e+02, 1.10816383e+02, 2.77849152e+02, 9.91615982e+01,
    2.77744873e+02, 8.73362579e+01, 2.77741089e+02, 7.54403152e+01,
    2.77581116e+02, 6.34575119e+01, 2.77405762e+02, 5.12894936e+01,
    2.88830017e+02, 1.21756302e+02, 2.89027618e+02, 1.10357262e+02,
    2.89127106e+02, 9.86512299e+01, 2.88987457e+02, 8.68519211e+01,
    2.88890961e+02, 7.49899521e+01, 2.88842834e+02, 6.29275703e+01,
    2.88776154e+02, 5.06402740e+01, 3.00263763e+02, 1.21451836e+02,
    3.00267120e+02, 1.10011627e+02, 3.00248627e+02, 9.82376480e+01,
    3.00190979e+02, 8.63062134e+01, 3.00327087e+02, 7.42931747e+01,
    3.00294983e+02, 6.22268944e+01, 3.00408905e+02, 5.00226212e+01,
    3.11322113e+02, 1.21199051e+02, 3.11490814e+02, 1.09425423e+02,
    3.11590210e+02, 9.76346130e+01, 3.11670044e+02, 8.58478775e+01,
    3.11808411e+02, 7.38177795e+01, 3.11900452e+02, 6.16622505e+01,
    3.11811401e+02, 4.94525223e+01 ]
