%YAML:1.0
---
points: [ 9.15258667e+02, 1.33317459e+02, 9.50057312e+02, 1.38243774e+02,
    9.84601501e+02, 1.43007034e+02, 1.01864160e+03, 1.47482040e+02,
    1.05218494e+03, 1.51886169e+02, 1.08529980e+03, 1.56403458e+02,
    1.11790112e+03, 1.60611572e+02, 9.12476562e+02, 1.71050980e+02,
    9.47413940e+02, 1.75672546e+02, 9.81485901e+02, 1.80172348e+02,
    1.01544672e+03, 1.84438553e+02, 1.04868433e+03, 1.88503265e+02,
    1.08160217e+03, 1.92525482e+02, 1.11432446e+03, 1.96579422e+02,
    9.09778198e+02, 2.08477203e+02, 9.44467163e+02, 2.12711349e+02,
    9.78577332e+02, 2.16857590e+02, 1.01229028e+03, 2.20690292e+02,
    1.04530115e+03, 2.24656769e+02, 1.07827673e+03, 2.28517654e+02,
    1.11075659e+03, 2.32238449e+02, 9.07179810e+02, 2.45355927e+02,
    9.41664246e+02, 2.49368637e+02, 9.75587402e+02, 2.53148132e+02,
    1.00916412e+03, 2.56687958e+02, 1.04219055e+03, 2.60437958e+02,
    1.07473376e+03, 2.63831238e+02, 1.10718115e+03, 2.67088745e+02,
    9.04677307e+02, 2.81771973e+02, 9.38969299e+02, 2.85476898e+02,
    9.72710876e+02, 2.88773621e+02, 1.00619965e+03, 2.92299316e+02,
    1.03881152e+03, 2.95610840e+02, 1.07136633e+03, 2.98700104e+02,
    1.10362671e+03, 3.01982544e+02, 9.02235291e+02, 3.17780182e+02,
    9.36462097e+02, 3.21076935e+02, 9.70052185e+02, 3.24258606e+02,
    1.00316663e+03, 3.27442535e+02, 1.03581030e+03, 3.30355927e+02,
    1.06838440e+03, 3.33462036e+02, 1.10047375e+03, 3.36241760e+02,
    8.99933838e+02, 3.53486786e+02, 9.33750549e+02, 3.56357025e+02,
    9.67350403e+02, 3.59261108e+02, 1.00035522e+03, 3.62009735e+02,
    1.03280115e+03, 3.64940674e+02, 1.06514868e+03, 3.67489014e+02,
    1.09706677e+03, 3.70310638e+02, 8.97418518e+02, 3.88456970e+02,
    9.31308838e+02, 3.91231079e+02, 9.64568176e+02, 3.93678619e+02,
    9.97374329e+02, 3.96421082e+02, 1.02969946e+03, 3.98743195e+02,
    1.06185449e+03, 4.01420135e+02, 1.09381897e+03, 4.03695129e+02,
    8.95198975e+02, 4.23487946e+02, 9.28620117e+02, 4.25636688e+02,
    9.61714722e+02, 4.28163605e+02, 9.94674316e+02, 4.30336426e+02,
    1.02684802e+03, 4.32691589e+02, 1.05893811e+03, 4.34797089e+02,
    1.09062585e+03, 4.37244415e+02 ]
