%YAML:1.0
---
points: [ 2.40717621e+02, 6.32382927e+01, 2.53254883e+02, 6.37138824e+01,
    2.65913025e+02, 6.40650635e+01, 2.78570465e+02, 6.41792374e+01,
    2.91153076e+02, 6.45062332e+01, 3.03845734e+02, 6.48680878e+01,
    3.16598175e+02, 6.53041611e+01, 2.40684738e+02, 7.66057816e+01,
    2.53085098e+02, 7.69831848e+01, 2.65465912e+02, 7.72842712e+01,
    2.77902039e+02, 7.75847397e+01, 2.90301147e+02, 7.78243484e+01,
    3.02743683e+02, 7.81995239e+01, 3.15264679e+02, 7.83408890e+01,
    2.40631943e+02, 8.95225525e+01, 2.52816055e+02, 8.99599686e+01,
    2.65022369e+02, 9.01549911e+01, 2.77234589e+02, 9.02921906e+01,
    2.89461731e+02, 9.06539459e+01, 3.01672821e+02, 9.10644760e+01,
    3.13927826e+02, 9.14263000e+01, 2.40679260e+02, 1.02029633e+02,
    2.52575241e+02, 1.02228439e+02, 2.64651184e+02, 1.02532898e+02,
    2.76618591e+02, 1.03022041e+02, 2.88665405e+02, 1.03144112e+02,
    3.00593353e+02, 1.03388077e+02, 3.12697815e+02, 1.03740601e+02,
    2.40661697e+02, 1.14187927e+02, 2.52518341e+02, 1.14321671e+02,
    2.64163300e+02, 1.14591934e+02, 2.75960114e+02, 1.14954948e+02,
    2.87766571e+02, 1.15253754e+02, 2.99648621e+02, 1.15384010e+02,
    3.11488464e+02, 1.15974609e+02, 2.40670975e+02, 1.25657127e+02,
    2.52248077e+02, 1.26061111e+02, 2.63784119e+02, 1.26283318e+02,
    2.75289276e+02, 1.26533043e+02, 2.87003082e+02, 1.26875488e+02,
    2.98621948e+02, 1.27249611e+02, 3.10354858e+02, 1.27554268e+02,
    2.40699509e+02, 1.37123978e+02, 2.52093613e+02, 1.37350906e+02,
    2.63414490e+02, 1.37644302e+02, 2.74811981e+02, 1.38079147e+02,
    2.86219727e+02, 1.38312561e+02, 2.97735901e+02, 1.38555679e+02,
    3.09135101e+02, 1.39050079e+02, 2.40693298e+02, 1.47920776e+02,
    2.51837067e+02, 1.48192902e+02, 2.63065887e+02, 1.48394867e+02,
    2.74227905e+02, 1.48785721e+02, 2.85408875e+02, 1.49225143e+02,
    2.96793854e+02, 1.49456787e+02, 3.08048401e+02, 1.49923325e+02,
    2.40599838e+02, 1.58381088e+02, 2.51768219e+02, 1.58627686e+02,
    2.62668030e+02, 1.59115616e+02, 2.73752319e+02, 1.59394318e+02,
    2.84731750e+02, 1.59655792e+02, 2.95941772e+02, 1.60151474e+02,
    3.06938263e+02, 1.60496078e+02 ]
