%YAML:1.0
---
points: [ 4.42875305e+02, 4.54662170e+01, 4.44113556e+02, 5.84389877e+01,
    4.44823395e+02, 7.18500595e+01, 4.45771149e+02, 8.52080612e+01,
    4.46524048e+02, 9.89584198e+01, 4.47353210e+02, 1.12605400e+02,
    4.48113312e+02, 1.26706177e+02, 4.29321930e+02, 4.53185539e+01,
    4.29984161e+02, 5.87034340e+01, 4.30876038e+02, 7.20740356e+01,
    4.31501068e+02, 8.55863190e+01, 4.32278229e+02, 9.92359085e+01,
    4.32875366e+02, 1.13065063e+02, 4.33574005e+02, 1.26835205e+02,
    4.15233185e+02, 4.57051849e+01, 4.16136780e+02, 5.88926086e+01,
    4.16496918e+02, 7.24647903e+01, 4.17309296e+02, 8.59449310e+01,
    4.17894318e+02, 9.97513809e+01, 4.18416779e+02, 1.13337250e+02,
    4.18994965e+02, 1.27373543e+02, 4.01372681e+02, 4.59202652e+01,
    4.01719543e+02, 5.93737335e+01, 4.02456604e+02, 7.28689041e+01,
    4.02926880e+02, 8.64500809e+01, 4.03356232e+02, 1.00117020e+02,
    4.03904816e+02, 1.13941681e+02, 4.04343353e+02, 1.27688889e+02,
    3.87110992e+02, 4.65457077e+01, 3.87840576e+02, 5.99077225e+01,
    3.88053467e+02, 7.33969116e+01, 3.88554047e+02, 8.69100952e+01,
    3.89095062e+02, 1.00688293e+02, 3.89340729e+02, 1.14303429e+02,
    3.89822266e+02, 1.28198959e+02, 3.73267151e+02, 4.70665436e+01,
    3.73512299e+02, 6.04556084e+01, 3.74130127e+02, 7.39630890e+01,
    3.74304291e+02, 8.74692841e+01, 3.74609283e+02, 1.01131165e+02,
    3.75069458e+02, 1.14917992e+02, 3.75264130e+02, 1.28694305e+02,
    3.59044586e+02, 4.75937309e+01, 3.59579742e+02, 6.10243073e+01,
    3.59751312e+02, 7.44042358e+01, 3.60153412e+02, 8.80586166e+01,
    3.60354462e+02, 1.01640717e+02, 3.60704468e+02, 1.15362564e+02,
    3.61024292e+02, 1.29279800e+02, 3.45214142e+02, 4.81261101e+01,
    3.45390381e+02, 6.16306648e+01, 3.45838806e+02, 7.50634460e+01,
    3.46034515e+02, 8.86555786e+01, 3.46238159e+02, 1.02304214e+02,
    3.46418243e+02, 1.15997917e+02, 3.46568604e+02, 1.29625061e+02,
    3.31323517e+02, 4.88269653e+01, 3.31625092e+02, 6.21516876e+01,
    3.31730164e+02, 7.57272186e+01, 3.32024353e+02, 8.92093277e+01,
    3.32118561e+02, 1.02775261e+02, 3.32254120e+02, 1.16426674e+02,
    3.32347046e+02, 1.30219681e+02 ]
