%YAML:1.0
---
points: [ 8.26459595e+02, 9.06081314e+01, 8.63797974e+02, 9.18079300e+01,
    9.01161438e+02, 9.26693878e+01, 9.38415161e+02, 9.37514038e+01,
    9.75553162e+02, 9.46702728e+01, 1.01280023e+03, 9.56801682e+01,
    1.05031177e+03, 9.66266327e+01, 8.27874634e+02, 1.30353165e+02,
    8.64497559e+02, 1.31472794e+02, 9.01237915e+02, 1.32490891e+02,
    9.37719360e+02, 1.33496979e+02, 9.74413391e+02, 1.34396332e+02,
    1.01099725e+03, 1.35398941e+02, 1.04776111e+03, 1.36165726e+02,
    8.29281189e+02, 1.68601059e+02, 8.65214294e+02, 1.69717834e+02,
    9.01321655e+02, 1.70634216e+02, 9.37312073e+02, 1.71571243e+02,
    9.73027344e+02, 1.72510559e+02, 1.00915735e+03, 1.73582932e+02,
    1.04510608e+03, 1.74583633e+02, 8.30652832e+02, 2.05432404e+02,
    8.65802002e+02, 2.06528214e+02, 9.01374695e+02, 2.07521057e+02,
    9.36731812e+02, 2.08444214e+02, 9.71786438e+02, 2.09375900e+02,
    1.00724713e+03, 2.10477142e+02, 1.04274194e+03, 2.11494965e+02,
    8.31933777e+02, 2.41066452e+02, 8.66644592e+02, 2.42074799e+02,
    9.01409668e+02, 2.43149918e+02, 9.36186279e+02, 2.44116440e+02,
    9.70649292e+02, 2.45117950e+02, 1.00558008e+03, 2.46039978e+02,
    1.04028479e+03, 2.47242523e+02, 8.33150879e+02, 2.75597260e+02,
    8.67291077e+02, 2.76550079e+02, 9.01506287e+02, 2.77489380e+02,
    9.35529846e+02, 2.78495331e+02, 9.69577576e+02, 2.79617371e+02,
    1.00362878e+03, 2.80653992e+02, 1.03814062e+03, 2.81753418e+02,
    8.34385498e+02, 3.08702271e+02, 8.68065491e+02, 3.09845032e+02,
    9.01486877e+02, 3.10784027e+02, 9.35013916e+02, 3.11854797e+02,
    9.68562134e+02, 3.12738831e+02, 1.00217230e+03, 3.13887512e+02,
    1.03565784e+03, 3.15237518e+02, 8.35549194e+02, 3.40942810e+02,
    8.68544128e+02, 3.41863373e+02, 9.01546021e+02, 3.42968781e+02,
    9.34455261e+02, 3.43830963e+02, 9.67477600e+02, 3.45021667e+02,
    1.00049506e+03, 3.46132812e+02, 1.03359839e+03, 3.47326141e+02,
    8.36601013e+02, 3.72219757e+02, 8.69142517e+02, 3.73137482e+02,
    9.01504395e+02, 3.74163574e+02, 9.34001404e+02, 3.75176575e+02,
    9.66338623e+02, 3.76295502e+02, 9.98975891e+02, 3.77302063e+02,
    1.03156982e+03, 3.78619476e+02 ]
