%YAML:1.0
---
points: [ 9.41264099e+02, 4.36260590e+02, 9.75636780e+02, 4.38284698e+02,
    1.00992529e+03, 4.39913116e+02, 1.04392871e+03, 4.41591980e+02,
    1.07743420e+03, 4.43485321e+02, 1.11101074e+03, 4.45125671e+02,
    1.14421619e+03, 4.46784271e+02, 9.38833618e+02, 4.71155243e+02,
    9.73214478e+02, 4.72691040e+02, 1.00703412e+03, 4.74413300e+02,
    1.04079187e+03, 4.75873535e+02, 1.07429749e+03, 4.77439911e+02,
    1.10746204e+03, 4.79007355e+02, 1.14051208e+03, 4.80588104e+02,
    9.36540649e+02, 5.05463501e+02, 9.70543945e+02, 5.06882080e+02,
    1.00438757e+03, 5.08274780e+02, 1.03798047e+03, 5.09544678e+02,
    1.07091467e+03, 5.11070557e+02, 1.10417542e+03, 5.12465820e+02,
    1.13723389e+03, 5.13880310e+02, 9.34113953e+02, 5.39188293e+02,
    9.68194031e+02, 5.40404358e+02, 1.00165759e+03, 5.41593567e+02,
    1.03490100e+03, 5.42856201e+02, 1.06801831e+03, 5.44206299e+02,
    1.10084485e+03, 5.45409241e+02, 1.13354675e+03, 5.46632141e+02,
    9.32067566e+02, 5.72619141e+02, 9.65620728e+02, 5.73692505e+02,
    9.99013000e+02, 5.74748840e+02, 1.03224927e+03, 5.75782776e+02,
    1.06493420e+03, 5.76729614e+02, 1.09755994e+03, 5.77908630e+02,
    1.13024365e+03, 5.79351074e+02, 9.29707275e+02, 6.05796509e+02,
    9.63424683e+02, 6.06663696e+02, 9.96519653e+02, 6.07478149e+02,
    1.02940735e+03, 6.08423767e+02, 1.06209827e+03, 6.09257019e+02,
    1.09464380e+03, 6.10396362e+02, 1.12713953e+03, 6.11646179e+02,
    9.27676025e+02, 6.38570679e+02, 9.60965820e+02, 6.39180847e+02,
    9.94098083e+02, 6.39838623e+02, 1.02688403e+03, 6.40603638e+02,
    1.05927966e+03, 6.41408020e+02, 1.09158643e+03, 6.42356323e+02,
    1.12375818e+03, 6.43524719e+02, 9.25586670e+02, 6.70786499e+02,
    9.58670288e+02, 6.71302063e+02, 9.91522217e+02, 6.71796082e+02,
    1.02400415e+03, 6.72388977e+02, 1.05633582e+03, 6.72921936e+02,
    1.08859851e+03, 6.73934631e+02, 1.12070288e+03, 6.74799011e+02,
    9.23509521e+02, 7.02817261e+02, 9.56377136e+02, 7.03199707e+02,
    9.89222656e+02, 7.03526245e+02, 1.02162860e+03, 7.04000183e+02,
    1.05358167e+03, 7.04487793e+02, 1.08571838e+03, 7.05215027e+02,
    1.11753271e+03, 7.06212891e+02 ]
