%YAML:1.0
---
points: [ 9.11569885e+02, 8.87619019e+01, 9.46049377e+02, 8.83350372e+01,
    9.79368225e+02, 8.76872635e+01, 1.01160474e+03, 8.72114105e+01,
    1.04275598e+03, 8.66214447e+01, 1.07311987e+03, 8.60936737e+01,
    1.10243799e+03, 8.55032959e+01, 9.09846375e+02, 1.32572357e+02,
    9.43754700e+02, 1.31276932e+02, 9.76397827e+02, 1.29775238e+02,
    1.00817889e+03, 1.28680038e+02, 1.03882190e+03, 1.27437393e+02,
    1.06883118e+03, 1.26107887e+02, 1.09786438e+03, 1.24819450e+02,
    9.08198975e+02, 1.74624359e+02, 9.41612915e+02, 1.72533264e+02,
    9.73846985e+02, 1.70656265e+02, 1.00520154e+03, 1.68651627e+02,
    1.03528870e+03, 1.66663010e+02, 1.06480078e+03, 1.65048691e+02,
    1.09358923e+03, 1.63320755e+02, 9.06585327e+02, 2.14915176e+02,
    9.39433594e+02, 2.12426559e+02, 9.71255737e+02, 2.09662476e+02,
    1.00188617e+03, 2.07324722e+02, 1.03188098e+03, 2.04623138e+02,
    1.06079932e+03, 2.02452957e+02, 1.08952979e+03, 2.00144730e+02,
    9.05328064e+02, 2.54113708e+02, 9.37554138e+02, 2.50661011e+02,
    9.68799255e+02, 2.47526917e+02, 9.99260193e+02, 2.44507858e+02,
    1.02847168e+03, 2.41439178e+02, 1.05736389e+03, 2.38685837e+02,
    1.08552502e+03, 2.35879608e+02, 9.04201050e+02, 2.91655731e+02,
    9.35882202e+02, 2.87691986e+02, 9.66603271e+02, 2.84182068e+02,
    9.96586121e+02, 2.80604218e+02, 1.02560034e+03, 2.77035095e+02,
    1.05399304e+03, 2.73729919e+02, 1.08180005e+03, 2.70682648e+02,
    9.02882507e+02, 3.28097168e+02, 9.34300842e+02, 3.23676025e+02,
    9.64572449e+02, 3.19434418e+02, 9.94226196e+02, 3.15343140e+02,
    1.02256512e+03, 3.11518585e+02, 1.05065576e+03, 3.07830322e+02,
    1.07840662e+03, 3.04296814e+02, 9.01697083e+02, 3.62857208e+02,
    9.32530945e+02, 3.58148529e+02, 9.62541748e+02, 3.53576996e+02,
    9.91463135e+02, 3.49154419e+02, 1.01972925e+03, 3.44717438e+02,
    1.04755042e+03, 3.40525238e+02, 1.07470459e+03, 3.36652924e+02,
    9.00820496e+02, 3.96858459e+02, 9.31192139e+02, 3.91643860e+02,
    9.60486267e+02, 3.86542725e+02, 9.89388550e+02, 3.81652496e+02,
    1.01716895e+03, 3.76897034e+02, 1.04448987e+03, 3.72426727e+02,
    1.07123071e+03, 3.68382416e+02 ]
