%YAML:1.0
---
points: [ 1.16887402e+03, 4.85406342e+02, 1.16253516e+03, 5.18468445e+02,
    1.15617102e+03, 5.51379456e+02, 1.14980420e+03, 5.84303040e+02,
    1.14376172e+03, 6.16808167e+02, 1.13787903e+03, 6.49392334e+02,
    1.13206433e+03, 6.81741028e+02, 1.13604614e+03, 4.79872345e+02,
    1.12959302e+03, 5.13033936e+02, 1.12346765e+03, 5.46026550e+02,
    1.11743530e+03, 5.78953979e+02, 1.11142395e+03, 6.11764404e+02,
    1.10552368e+03, 6.44426331e+02, 1.09959668e+03, 6.76727905e+02,
    1.10285950e+03, 4.74401031e+02, 1.09681165e+03, 5.07640747e+02,
    1.09081409e+03, 5.40656067e+02, 1.08476013e+03, 5.73828552e+02,
    1.07876062e+03, 6.06557617e+02, 1.07295020e+03, 6.39202332e+02,
    1.06719897e+03, 6.71587830e+02, 1.07005835e+03, 4.68906799e+02,
    1.06406689e+03, 5.02343872e+02, 1.05815759e+03, 5.35339966e+02,
    1.05213171e+03, 5.68559937e+02, 1.04620459e+03, 6.01327148e+02,
    1.04031836e+03, 6.34064209e+02, 1.03458154e+03, 6.66705933e+02,
    1.03694373e+03, 4.63387146e+02, 1.03090918e+03, 4.96899780e+02,
    1.02498267e+03, 5.30026855e+02, 1.01923602e+03, 5.63312134e+02,
    1.01334210e+03, 5.96252563e+02, 1.00757800e+03, 6.29002075e+02,
    1.00208954e+03, 6.61626160e+02, 1.00358063e+03, 4.57785919e+02,
    9.97658569e+02, 4.91463104e+02, 9.92050293e+02, 5.24689270e+02,
    9.86243652e+02, 5.58131287e+02, 9.80502747e+02, 5.91166382e+02,
    9.74965881e+02, 6.23855164e+02, 9.69460083e+02, 6.56826477e+02,
    9.70253723e+02, 4.52347809e+02, 9.64542908e+02, 4.86074005e+02,
    9.58859802e+02, 5.19413452e+02, 9.53191162e+02, 5.52823059e+02,
    9.47661865e+02, 5.85901978e+02, 9.42043579e+02, 6.18890198e+02,
    9.36543335e+02, 6.51758423e+02, 9.36728455e+02, 4.46561584e+02,
    9.31138306e+02, 4.80490082e+02, 9.25505188e+02, 5.13923828e+02,
    9.19803589e+02, 5.47471985e+02, 9.14340027e+02, 5.80697021e+02,
    9.08764648e+02, 6.13657288e+02, 9.03342712e+02, 6.46761292e+02,
    9.02775208e+02, 4.40841827e+02, 8.97400452e+02, 4.75076447e+02,
    8.91851074e+02, 5.08486420e+02, 8.86416687e+02, 5.42109741e+02,
    8.80993896e+02, 5.75521973e+02, 8.75541687e+02, 6.08617981e+02,
    8.70170776e+02, 6.41734741e+02 ]
