%YAML:1.0
---
points: [ 4.53520721e+02, 4.36816330e+01, 4.51885345e+02, 5.88752556e+01,
    4.49339539e+02, 7.44393158e+01, 4.47185913e+02, 8.94342499e+01,
    4.44895844e+02, 1.04522591e+02, 4.42563965e+02, 1.18988815e+02,
    4.40237854e+02, 1.33606735e+02, 4.39375153e+02, 4.24473305e+01,
    4.36900452e+02, 5.83747597e+01, 4.34954315e+02, 7.36018448e+01,
    4.32740143e+02, 8.89154587e+01, 4.30480560e+02, 1.03870140e+02,
    4.28260193e+02, 1.18703903e+02, 4.26044983e+02, 1.33002777e+02,
    4.24367828e+02, 4.17938843e+01, 4.22608856e+02, 5.75281754e+01,
    4.20256012e+02, 7.32349548e+01, 4.18266327e+02, 8.83624115e+01,
    4.16048920e+02, 1.03578659e+02, 4.13887268e+02, 1.18318382e+02,
    4.11792664e+02, 1.32643768e+02, 4.09634949e+02, 4.10742683e+01,
    4.07405212e+02, 5.70159569e+01, 4.05543243e+02, 7.26523895e+01,
    4.03612183e+02, 8.80669403e+01, 4.01456818e+02, 1.03183655e+02,
    3.99519806e+02, 1.17801651e+02, 3.97461182e+02, 1.32316208e+02,
    3.94393860e+02, 4.05502129e+01, 3.92643799e+02, 5.65589142e+01,
    3.90590820e+02, 7.22933578e+01, 3.88805511e+02, 8.76004791e+01,
    3.86885559e+02, 1.02924271e+02, 3.84966003e+02, 1.17501213e+02,
    3.83156586e+02, 1.32088104e+02, 3.79420380e+02, 4.01636047e+01,
    3.77617279e+02, 5.61608353e+01, 3.75972137e+02, 7.18254013e+01,
    3.74118988e+02, 8.74537506e+01, 3.72416779e+02, 1.02471298e+02,
    3.70730011e+02, 1.17308121e+02, 3.68968811e+02, 1.31682297e+02,
    3.64237976e+02, 3.97383003e+01, 3.62769257e+02, 5.58234749e+01,
    3.61011688e+02, 7.16244812e+01, 3.59539337e+02, 8.72125015e+01,
    3.57951508e+02, 1.02297707e+02, 3.56369171e+02, 1.17193756e+02,
    3.54883789e+02, 1.31387131e+02, 3.49158234e+02, 3.93497238e+01,
    3.47718292e+02, 5.55011177e+01, 3.46424744e+02, 7.14768829e+01,
    3.44932770e+02, 8.69132690e+01, 3.43484711e+02, 1.02139175e+02,
    3.42169708e+02, 1.16887253e+02, 3.40696655e+02, 1.31226685e+02,
    3.34097046e+02, 3.91131516e+01, 3.32914215e+02, 5.53054810e+01,
    3.31546356e+02, 7.13204269e+01, 3.30361938e+02, 8.66339417e+01,
    3.29154175e+02, 1.01970604e+02, 3.27882080e+02, 1.16558502e+02,
    3.26678864e+02, 1.31093582e+02 ]
