%YAML:1.0
---
points: [ 2.72239227e+02, 6.23223724e+01, 2.83248108e+02, 6.22631912e+01,
    2.94099945e+02, 6.21427727e+01, 3.04494354e+02, 6.18657074e+01,
    3.14669037e+02, 6.15713882e+01, 3.24350464e+02, 6.14717216e+01,
    3.34048981e+02, 6.14869576e+01, 2.71032990e+02, 7.71748505e+01,
    2.82002991e+02, 7.66242523e+01, 2.92572479e+02, 7.62601242e+01,
    3.02919983e+02, 7.58562469e+01, 3.12840057e+02, 7.53344269e+01,
    3.22611755e+02, 7.49050140e+01, 3.32099274e+02, 7.44790802e+01,
    2.69883575e+02, 9.13617020e+01, 2.80778534e+02, 9.06060486e+01,
    2.91202515e+02, 8.99172668e+01, 3.01406189e+02, 8.92039795e+01,
    3.11270874e+02, 8.83985748e+01, 3.20818817e+02, 8.79914093e+01,
    3.30268402e+02, 8.73507843e+01, 2.68801544e+02, 1.05041267e+02,
    2.79512024e+02, 1.04054047e+02, 2.89859253e+02, 1.03079315e+02,
    2.99913208e+02, 1.02229019e+02, 3.09626770e+02, 1.01368469e+02,
    3.19085022e+02, 1.00556633e+02, 3.28429535e+02, 9.98364334e+01,
    2.67873596e+02, 1.18257851e+02, 2.78370453e+02, 1.17066460e+02,
    2.88492432e+02, 1.15930229e+02, 2.98445068e+02, 1.14864761e+02,
    3.08037994e+02, 1.13854774e+02, 3.17530426e+02, 1.12824295e+02,
    3.26754303e+02, 1.11959419e+02, 2.66995209e+02, 1.30955109e+02,
    2.77281372e+02, 1.29610062e+02, 2.87408752e+02, 1.28331665e+02,
    2.97182587e+02, 1.27071472e+02, 3.06647491e+02, 1.25942612e+02,
    3.16000824e+02, 1.24809067e+02, 3.25210175e+02, 1.23682846e+02,
    2.66099884e+02, 1.43369263e+02, 2.76331696e+02, 1.41819244e+02,
    2.86209259e+02, 1.40422638e+02, 2.95929352e+02, 1.38973053e+02,
    3.05257782e+02, 1.37685196e+02, 3.14522461e+02, 1.36420792e+02,
    3.23582825e+02, 1.35133560e+02, 2.65262909e+02, 1.55250778e+02,
    2.75316742e+02, 1.53614685e+02, 2.85170776e+02, 1.51966568e+02,
    2.94609589e+02, 1.50385101e+02, 3.03862305e+02, 1.48910706e+02,
    3.12948425e+02, 1.47543274e+02, 3.21991638e+02, 1.46155624e+02,
    2.64478058e+02, 1.66770264e+02, 2.74414154e+02, 1.64930664e+02,
    2.84100433e+02, 1.63182495e+02, 2.93468109e+02, 1.61532318e+02,
    3.02542999e+02, 1.59849442e+02, 3.11704376e+02, 1.58369873e+02,
    3.20505341e+02, 1.56850037e+02 ]
