%YAML:1.0
---
points: [ 2.99177490e+02, 1.51051529e+02, 2.88191315e+02, 1.50331558e+02,
    2.77315186e+02, 1.49680756e+02, 2.66972565e+02, 1.49138992e+02,
    2.56675293e+02, 1.48300980e+02, 2.46905914e+02, 1.47830505e+02,
    2.37179596e+02, 1.47231613e+02, 3.00151886e+02, 1.38351196e+02,
    2.89038910e+02, 1.37962189e+02, 2.78113159e+02, 1.37454163e+02,
    2.67526733e+02, 1.37155212e+02, 2.57261444e+02, 1.36442505e+02,
    2.47312012e+02, 1.36158386e+02, 2.37587433e+02, 1.35682968e+02,
    3.01075073e+02, 1.25500107e+02, 2.89871399e+02, 1.25357651e+02,
    2.78817352e+02, 1.25119537e+02, 2.68205811e+02, 1.24839752e+02,
    2.57746735e+02, 1.24547516e+02, 2.47712509e+02, 1.24259438e+02,
    2.37901871e+02, 1.24033264e+02, 3.02181549e+02, 1.12380516e+02,
    2.90698853e+02, 1.12358444e+02, 2.79578461e+02, 1.12329155e+02,
    2.68815125e+02, 1.12322433e+02, 2.58331268e+02, 1.12289818e+02,
    2.48155701e+02, 1.12262390e+02, 2.38274857e+02, 1.12213593e+02,
    3.03158112e+02, 9.93364487e+01, 2.91636292e+02, 9.94084702e+01,
    2.80355164e+02, 9.94933319e+01, 2.69516205e+02, 9.95947342e+01,
    2.58839081e+02, 9.98779144e+01, 2.48672607e+02, 9.99297943e+01,
    2.38611786e+02, 1.00136742e+02, 3.04171661e+02, 8.57443848e+01,
    2.92446045e+02, 8.62458649e+01, 2.81123779e+02, 8.65954895e+01,
    2.70064972e+02, 8.70887909e+01, 2.59389618e+02, 8.72731628e+01,
    2.49020172e+02, 8.76142883e+01, 2.38968201e+02, 8.78549728e+01,
    3.05135071e+02, 7.21994705e+01, 2.93196594e+02, 7.28375320e+01,
    2.81847656e+02, 7.32785034e+01, 2.70659424e+02, 7.39548340e+01,
    2.59802704e+02, 7.44051895e+01, 2.49367477e+02, 7.50039520e+01,
    2.39230133e+02, 7.54277954e+01, 3.06002167e+02, 5.84759750e+01,
    2.94130432e+02, 5.93302612e+01, 2.82476868e+02, 6.01678696e+01,
    2.71321106e+02, 6.10448647e+01, 2.60324799e+02, 6.16480522e+01,
    2.49808868e+02, 6.22415352e+01, 2.39536163e+02, 6.28494568e+01,
    3.07069672e+02, 4.45667458e+01, 2.94771149e+02, 4.56078186e+01,
    2.83319427e+02, 4.65939751e+01, 2.71783417e+02, 4.74975700e+01,
    2.60877472e+02, 4.84086723e+01, 2.50135941e+02, 4.93976593e+01,
    2.39861847e+02, 5.02643166e+01 ]
