%YAML:1.0
---
points: [ 5.17777100e+02, 7.09042236e+02, 5.14656250e+02, 6.77016174e+02,
    5.11371368e+02, 6.44922058e+02, 5.07572510e+02, 6.12780334e+02,
    5.03628296e+02, 5.80413635e+02, 4.99596466e+02, 5.47699341e+02,
    4.95440491e+02, 5.14784851e+02, 5.47261597e+02, 7.08947021e+02,
    5.44128479e+02, 6.76601807e+02, 5.40690063e+02, 6.44475281e+02,
    5.37398621e+02, 6.12188904e+02, 5.33433716e+02, 5.79481079e+02,
    5.29414062e+02, 5.46559326e+02, 5.25416992e+02, 5.13507935e+02,
    5.76602417e+02, 7.08851807e+02, 5.73795288e+02, 6.76395813e+02,
    5.70502136e+02, 6.43953003e+02, 5.66865784e+02, 6.11446167e+02,
    5.63437866e+02, 5.78496338e+02, 5.59521851e+02, 5.45483826e+02,
    5.55528259e+02, 5.12328552e+02, 6.06867737e+02, 7.08666504e+02,
    6.03839478e+02, 6.76059814e+02, 6.00777222e+02, 6.43386292e+02,
    5.97253174e+02, 6.10615479e+02, 5.93628174e+02, 5.77511169e+02,
    5.90088989e+02, 5.44447144e+02, 5.86164612e+02, 5.10773438e+02,
    6.37460449e+02, 7.08479492e+02, 6.34481323e+02, 6.75679810e+02,
    6.31402832e+02, 6.42741028e+02, 6.27942871e+02, 6.09821350e+02,
    6.24424500e+02, 5.76519104e+02, 6.20913147e+02, 5.43255432e+02,
    6.17156433e+02, 5.09412140e+02, 6.68166382e+02, 7.08371643e+02,
    6.65256104e+02, 6.75474609e+02, 6.62136719e+02, 6.42275513e+02,
    6.58883850e+02, 6.09177429e+02, 6.55411865e+02, 5.75674194e+02,
    6.51946167e+02, 5.41961121e+02, 6.48463318e+02, 5.08073608e+02,
    6.98851501e+02, 7.08370667e+02, 6.96175049e+02, 6.75109863e+02,
    6.93102478e+02, 6.41821533e+02, 6.89914307e+02, 6.08457214e+02,
    6.86537476e+02, 5.74778687e+02, 6.83193176e+02, 5.40802551e+02,
    6.79822632e+02, 5.06722351e+02, 7.30286560e+02, 7.08287231e+02,
    7.27539001e+02, 6.74830139e+02, 7.24521790e+02, 6.41274353e+02,
    7.21528870e+02, 6.07690491e+02, 7.18242920e+02, 5.73960388e+02,
    7.15013611e+02, 5.39682251e+02, 7.11634460e+02, 5.05398712e+02,
    7.61933533e+02, 7.08316772e+02, 7.59281860e+02, 6.74706543e+02,
    7.56356628e+02, 6.40851501e+02, 7.53502319e+02, 6.07177246e+02,
    7.50327026e+02, 5.72996155e+02, 7.47295044e+02, 5.38648499e+02,
    7.44034607e+02, 5.04006287e+02 ]
