%YAML:1.0
---
points: [ 4.21714844e+02, 9.86131516e+01, 4.25126373e+02, 1.06324806e+02,
    4.28805634e+02, 1.14714119e+02, 4.32710114e+02, 1.23064316e+02,
    4.36759766e+02, 1.31934448e+02, 4.40898804e+02, 1.40933456e+02,
    4.45482971e+02, 1.50636490e+02, 4.09876862e+02, 9.74861069e+01,
    4.13010345e+02, 1.05381523e+02, 4.16403320e+02, 1.13614281e+02,
    4.19930786e+02, 1.22158340e+02, 4.23666840e+02, 1.30755997e+02,
    4.27749542e+02, 1.40083801e+02, 4.31858704e+02, 1.49488907e+02,
    3.97671051e+02, 9.63612595e+01, 4.00795654e+02, 1.04337677e+02,
    4.03866425e+02, 1.12551697e+02, 4.07237274e+02, 1.21042236e+02,
    4.10713715e+02, 1.29884567e+02, 4.14405914e+02, 1.39027145e+02,
    4.18260010e+02, 1.48529907e+02, 3.85664673e+02, 9.54156647e+01,
    3.88203278e+02, 1.03370461e+02, 3.91092712e+02, 1.11561447e+02,
    3.94171112e+02, 1.20096626e+02, 3.97402649e+02, 1.28895462e+02,
    4.00789642e+02, 1.38016678e+02, 4.04259369e+02, 1.47600891e+02,
    3.73197601e+02, 9.44447708e+01, 3.75679840e+02, 1.02514137e+02,
    3.78324432e+02, 1.10685173e+02, 3.81037323e+02, 1.19169067e+02,
    3.83965942e+02, 1.28025101e+02, 3.87046906e+02, 1.37178009e+02,
    3.90251373e+02, 1.46689499e+02, 3.60863586e+02, 9.35401154e+01,
    3.63102264e+02, 1.01508186e+02, 3.65385071e+02, 1.09659790e+02,
    3.67939545e+02, 1.18136169e+02, 3.70484894e+02, 1.26980705e+02,
    3.73196869e+02, 1.36108948e+02, 3.76083008e+02, 1.45788879e+02,
    3.48395325e+02, 9.24254761e+01, 3.50519623e+02, 1.00471664e+02,
    3.52490112e+02, 1.08641937e+02, 3.54727783e+02, 1.17114655e+02,
    3.56967438e+02, 1.25894722e+02, 3.59478577e+02, 1.35098801e+02,
    3.61875336e+02, 1.44662277e+02, 3.35997192e+02, 9.14563751e+01,
    3.37645813e+02, 9.94252319e+01, 3.39461670e+02, 1.07632195e+02,
    3.41381775e+02, 1.16158089e+02, 3.43395996e+02, 1.24961281e+02,
    3.45514587e+02, 1.34101410e+02, 3.47635437e+02, 1.43642029e+02,
    3.23421661e+02, 9.04856186e+01, 3.24865753e+02, 9.82952271e+01,
    3.26412415e+02, 1.06526649e+02, 3.28025177e+02, 1.15037506e+02,
    3.29655304e+02, 1.23833405e+02, 3.31449921e+02, 1.33056335e+02,
    3.33214081e+02, 1.42614838e+02 ]
