%YAML:1.0
---
points: [ 1.00114026e+03, 3.50551910e+02, 9.69707764e+02, 3.48653473e+02,
    9.39188843e+02, 3.46548035e+02, 9.09611206e+02, 3.44636688e+02,
    8.80587158e+02, 3.42720612e+02, 8.52602356e+02, 3.40729858e+02,
    8.25174377e+02, 3.39079987e+02, 1.00330206e+03, 3.13404938e+02,
    9.71576599e+02, 3.12026642e+02, 9.40778687e+02, 3.10547516e+02,
    9.11018311e+02, 3.09243225e+02, 8.81595581e+02, 3.07780151e+02,
    8.53340332e+02, 3.06538300e+02, 8.25814758e+02, 3.05106873e+02,
    1.00547540e+03, 2.75631653e+02, 9.73533020e+02, 2.74892242e+02,
    9.42440369e+02, 2.74059326e+02, 9.12279663e+02, 2.73143585e+02,
    8.82601196e+02, 2.72344116e+02, 8.54046021e+02, 2.71434021e+02,
    8.26257385e+02, 2.70560028e+02, 1.00768207e+03, 2.37155594e+02,
    9.75408508e+02, 2.37088150e+02, 9.44027893e+02, 2.36826141e+02,
    9.13403992e+02, 2.36520523e+02, 8.83615906e+02, 2.36170471e+02,
    8.54713074e+02, 2.35859283e+02, 8.26654846e+02, 2.35491302e+02,
    1.01032178e+03, 1.98032257e+02, 9.77508667e+02, 1.98499496e+02,
    9.45638428e+02, 1.98918289e+02, 9.14838135e+02, 1.99253448e+02,
    8.84796631e+02, 1.99546387e+02, 8.55475769e+02, 1.99707367e+02,
    8.27230286e+02, 1.99860611e+02, 1.01254834e+03, 1.58249161e+02,
    9.79441406e+02, 1.59442154e+02, 9.47405151e+02, 1.60501678e+02,
    9.16059143e+02, 1.61336502e+02, 8.85596924e+02, 1.62268677e+02,
    8.56047974e+02, 1.62959000e+02, 8.27658325e+02, 1.63732925e+02,
    1.01462177e+03, 1.17794479e+02, 9.81302612e+02, 1.19553032e+02,
    9.48751953e+02, 1.21293236e+02, 9.17237183e+02, 1.22772652e+02,
    8.86387390e+02, 1.24317123e+02, 8.56567139e+02, 1.25564507e+02,
    8.27759033e+02, 1.27053398e+02, 1.01716388e+03, 7.65206604e+01,
    9.82980164e+02, 7.91481781e+01, 9.50247070e+02, 8.15443954e+01,
    9.18279114e+02, 8.35870743e+01, 8.87315063e+02, 8.57955704e+01,
    8.57171448e+02, 8.76249466e+01, 8.28094299e+02, 8.95553284e+01,
    1.01926733e+03, 3.46991386e+01, 9.85003845e+02, 3.81399879e+01,
    9.51540161e+02, 4.09484520e+01, 9.19443542e+02, 4.40079002e+01,
    8.88137634e+02, 4.65516510e+01, 8.57832092e+02, 4.91834717e+01,
    8.28369141e+02, 5.15133591e+01 ]
