%YAML:1.0
---
points: [ 1.14631677e+03, 3.71770294e+02, 1.11668469e+03, 3.88699615e+02,
    1.08780725e+03, 4.05471893e+02, 1.05962708e+03, 4.21743469e+02,
    1.03200317e+03, 4.37854340e+02, 1.00511060e+03, 4.53650970e+02,
    9.78833130e+02, 4.69271545e+02, 1.12949109e+03, 3.45078613e+02,
    1.09949854e+03, 3.62524200e+02, 1.07052490e+03, 3.79707886e+02,
    1.04232910e+03, 3.96491272e+02, 1.01456238e+03, 4.13263428e+02,
    9.87430847e+02, 4.29501984e+02, 9.61052185e+02, 4.45422882e+02,
    1.11208521e+03, 3.17667786e+02, 1.08218860e+03, 3.35719604e+02,
    1.05281921e+03, 3.53507996e+02, 1.02445020e+03, 3.70805420e+02,
    9.96589233e+02, 3.87985382e+02, 9.69394592e+02, 4.04706635e+02,
    9.42729431e+02, 4.21125732e+02, 1.09436475e+03, 2.89411835e+02,
    1.06407324e+03, 3.08184113e+02, 1.03469580e+03, 3.26518982e+02,
    1.00613434e+03, 3.44444427e+02, 9.78063110e+02, 3.62070099e+02,
    9.50752930e+02, 3.79396271e+02, 9.24115356e+02, 3.96191132e+02,
    1.07588062e+03, 2.60512756e+02, 1.04574011e+03, 2.79696106e+02,
    1.01611371e+03, 2.98724060e+02, 9.87499329e+02, 3.17239258e+02,
    9.59235352e+02, 3.35442902e+02, 9.31713135e+02, 3.53212677e+02,
    9.04793945e+02, 3.70577576e+02, 1.05726208e+03, 2.30600418e+02,
    1.02665173e+03, 2.50659912e+02, 9.97165527e+02, 2.70256775e+02,
    9.68138184e+02, 2.89390350e+02, 9.39915283e+02, 3.08224731e+02,
    9.12146118e+02, 3.26500885e+02, 8.85235291e+02, 3.44331085e+02,
    1.03797864e+03, 2.00298874e+02, 1.00739435e+03, 2.20852203e+02,
    9.77450500e+02, 2.41188736e+02, 9.48459534e+02, 2.60883667e+02,
    9.19880798e+02, 2.80376709e+02, 8.92205750e+02, 2.99242126e+02,
    8.64892578e+02, 3.17579071e+02, 1.01824573e+03, 1.68611679e+02,
    9.87395874e+02, 1.90201370e+02, 9.57378540e+02, 2.11099838e+02,
    9.28019409e+02, 2.31562607e+02, 8.99439453e+02, 2.51466797e+02,
    8.71452148e+02, 2.70972412e+02, 8.44211243e+02, 2.89907196e+02,
    9.97799194e+02, 1.36414719e+02, 9.66852234e+02, 1.58530106e+02,
    9.36532166e+02, 1.80177490e+02, 9.07299255e+02, 2.01244965e+02,
    8.78306213e+02, 2.21743530e+02, 8.50279663e+02, 2.41873413e+02,
    8.22590942e+02, 2.61482361e+02 ]
