%YAML:1.0
---
points: [ 4.51480316e+02, 3.37963066e+01, 4.52573029e+02, 4.80144844e+01,
    4.52874146e+02, 6.30997963e+01, 4.53456360e+02, 7.78263702e+01,
    4.53709320e+02, 9.33150482e+01, 4.53753937e+02, 1.08826950e+02,
    4.53873047e+02, 1.24830078e+02, 4.35492767e+02, 3.58084030e+01,
    4.35578278e+02, 5.04046936e+01, 4.35987976e+02, 6.50530396e+01,
    4.36141296e+02, 8.00393753e+01, 4.36183258e+02, 9.50358810e+01,
    4.36169128e+02, 1.10719246e+02, 4.35995605e+02, 1.26225197e+02,
    4.18825775e+02, 3.84850616e+01, 4.19288055e+02, 5.26999588e+01,
    4.19238983e+02, 6.74413071e+01, 4.19316956e+02, 8.20822449e+01,
    4.19048676e+02, 9.72264557e+01, 4.18758423e+02, 1.12328857e+02,
    4.18434570e+02, 1.27680603e+02, 4.03118866e+02, 4.10056496e+01,
    4.02933289e+02, 5.54208870e+01, 4.02955872e+02, 6.97793350e+01,
    4.02604279e+02, 8.44079285e+01, 4.02280334e+02, 9.92050552e+01,
    4.02076080e+02, 1.14233017e+02, 4.01529755e+02, 1.29136536e+02,
    3.87367126e+02, 4.39563713e+01, 3.87385498e+02, 5.79195900e+01,
    3.87064270e+02, 7.22778549e+01, 3.86592346e+02, 8.66876755e+01,
    3.86222015e+02, 1.01420982e+02, 3.85778137e+02, 1.15867523e+02,
    3.85206024e+02, 1.30766159e+02, 3.72418274e+02, 4.66632309e+01,
    3.71978302e+02, 6.06667824e+01, 3.71777161e+02, 7.46178436e+01,
    3.71127380e+02, 8.88624496e+01, 3.70565979e+02, 1.03231369e+02,
    3.70083496e+02, 1.17675964e+02, 3.69415863e+02, 1.32321945e+02,
    3.57631073e+02, 4.92944641e+01, 3.57245270e+02, 6.31815414e+01,
    3.56702972e+02, 7.69269257e+01, 3.56236694e+02, 9.09195480e+01,
    3.55526215e+02, 1.05068069e+02, 3.54896912e+02, 1.19300026e+02,
    3.54196686e+02, 1.33639954e+02, 3.43466034e+02, 5.20242195e+01,
    3.42880676e+02, 6.56650085e+01, 3.42289246e+02, 7.93132324e+01,
    3.41785461e+02, 9.30541077e+01, 3.41105957e+02, 1.07029816e+02,
    3.40268463e+02, 1.20939644e+02, 3.39548218e+02, 1.35103897e+02,
    3.29684418e+02, 5.46493607e+01, 3.29123077e+02, 6.79751968e+01,
    3.28420471e+02, 8.15443573e+01, 3.27777100e+02, 9.51512909e+01,
    3.27085541e+02, 1.08774353e+02, 3.26183624e+02, 1.22556152e+02,
    3.25386871e+02, 1.36375534e+02 ]
