%YAML:1.0
---
points: [ 3.46859863e+02, 1.58149048e+02, 3.36571167e+02, 1.63866226e+02,
    3.26279053e+02, 1.69604065e+02, 3.16544525e+02, 1.75075531e+02,
    3.06860321e+02, 1.80647079e+02, 2.97494965e+02, 1.85969910e+02,
    2.88164215e+02, 1.91314835e+02, 3.41436676e+02, 1.49037506e+02,
    3.30962006e+02, 1.55000488e+02, 3.20731293e+02, 1.60906250e+02,
    3.10832794e+02, 1.66581802e+02, 3.01145142e+02, 1.72217026e+02,
    2.91684753e+02, 1.77812195e+02, 2.82479004e+02, 1.83220154e+02,
    3.35852905e+02, 1.39757370e+02, 3.25332214e+02, 1.45912918e+02,
    3.15066254e+02, 1.51957245e+02, 3.05083740e+02, 1.57865128e+02,
    2.95355743e+02, 1.63770279e+02, 2.85824829e+02, 1.69360641e+02,
    2.76545898e+02, 1.74953629e+02, 3.30011383e+02, 1.30074188e+02,
    3.19439941e+02, 1.36530029e+02, 3.09103485e+02, 1.42757797e+02,
    2.99112976e+02, 1.48881226e+02, 2.89324982e+02, 1.54856277e+02,
    2.79755157e+02, 1.60795593e+02, 2.70463898e+02, 1.66548645e+02,
    3.24146484e+02, 1.20359230e+02, 3.13549896e+02, 1.26881859e+02,
    3.03113098e+02, 1.33345825e+02, 2.93042328e+02, 1.39668137e+02,
    2.83201599e+02, 1.45902649e+02, 2.73652618e+02, 1.51903351e+02,
    2.64212952e+02, 1.57854095e+02, 3.18070251e+02, 1.10218399e+02,
    3.07406464e+02, 1.17091927e+02, 2.97008301e+02, 1.23730812e+02,
    2.86886749e+02, 1.30267548e+02, 2.76912201e+02, 1.36660538e+02,
    2.67343964e+02, 1.42887024e+02, 2.57877716e+02, 1.48922836e+02,
    3.11897308e+02, 9.99995193e+01, 3.01126465e+02, 1.06981590e+02,
    2.90611816e+02, 1.13784096e+02, 2.80518585e+02, 1.20618347e+02,
    2.70528900e+02, 1.27225761e+02, 2.60767365e+02, 1.33665451e+02,
    2.51306274e+02, 1.39852112e+02, 3.05458557e+02, 8.93170013e+01,
    2.94584503e+02, 9.66128311e+01, 2.84187347e+02, 1.03646965e+02,
    2.73910522e+02, 1.10682762e+02, 2.63890625e+02, 1.17457184e+02,
    2.54108353e+02, 1.24072021e+02, 2.44591873e+02, 1.30531815e+02,
    2.98965637e+02, 7.84199753e+01, 2.88113037e+02, 8.58780975e+01,
    2.77463623e+02, 9.32706833e+01, 2.67215698e+02, 1.00377945e+02,
    2.57149872e+02, 1.07361710e+02, 2.47256210e+02, 1.14203194e+02,
    2.37674744e+02, 1.20881691e+02 ]
