%YAML:1.0
---
points: [ 9.19520447e+02, 4.99095001e+02, 9.17188171e+02, 5.32835144e+02,
    9.14691589e+02, 5.66122803e+02, 9.12225891e+02, 5.99223816e+02,
    9.09783875e+02, 6.32394104e+02, 9.07380249e+02, 6.65248535e+02,
    9.04981506e+02, 6.97867920e+02, 8.85703674e+02, 4.96675842e+02,
    8.83433350e+02, 5.30180237e+02, 8.81062927e+02, 5.63705566e+02,
    8.78791748e+02, 5.97002625e+02, 8.76474854e+02, 6.29857178e+02,
    8.74249084e+02, 6.62772888e+02, 8.71620850e+02, 6.95849060e+02,
    8.51989197e+02, 4.94101776e+02, 8.49622559e+02, 5.27814270e+02,
    8.47600830e+02, 5.61289856e+02, 8.45283203e+02, 5.94592224e+02,
    8.43090210e+02, 6.27580261e+02, 8.40682434e+02, 6.60598450e+02,
    8.38505920e+02, 6.93531372e+02, 8.17933472e+02, 4.91564209e+02,
    8.15863281e+02, 5.25339233e+02, 8.13624451e+02, 5.58850525e+02,
    8.11727417e+02, 5.92306274e+02, 8.09523865e+02, 6.25292053e+02,
    8.07310181e+02, 6.58485962e+02, 8.05357544e+02, 6.91404785e+02,
    7.83813965e+02, 4.88992523e+02, 7.81722412e+02, 5.22921753e+02,
    7.80004272e+02, 5.56423035e+02, 7.77809509e+02, 5.90074402e+02,
    7.75875305e+02, 6.23067749e+02, 7.73818420e+02, 6.56075989e+02,
    7.71599915e+02, 6.89318542e+02, 7.49462341e+02, 4.86564484e+02,
    7.47738953e+02, 5.20450684e+02, 7.45662170e+02, 5.54144470e+02,
    7.43881714e+02, 5.87578369e+02, 7.42076843e+02, 6.20772400e+02,
    7.39987061e+02, 6.54175720e+02, 7.37928650e+02, 6.87207825e+02,
    7.14877502e+02, 4.84112579e+02, 7.13210510e+02, 5.18061829e+02,
    7.11545593e+02, 5.51635437e+02, 7.09663086e+02, 5.85404236e+02,
    7.07972168e+02, 6.18604553e+02, 7.06229187e+02, 6.51881836e+02,
    7.04078491e+02, 6.85325195e+02, 6.80289246e+02, 4.81465454e+02,
    6.78737122e+02, 5.15565369e+02, 6.77074890e+02, 5.49434082e+02,
    6.75559387e+02, 5.82944519e+02, 6.73883972e+02, 6.16425232e+02,
    6.71995605e+02, 6.49612122e+02, 6.70080627e+02, 6.82838562e+02,
    6.45218384e+02, 4.78962646e+02, 6.43879944e+02, 5.13076782e+02,
    6.42566528e+02, 5.46910278e+02, 6.40890930e+02, 5.80726929e+02,
    6.39294678e+02, 6.14121216e+02, 6.37682800e+02, 6.47605896e+02,
    6.35872314e+02, 6.80964050e+02 ]
