%YAML:1.0
---
points: [ 7.76403442e+02, 5.16588211e+01, 8.00977356e+02, 8.66549683e+01,
    8.24784546e+02, 1.20380890e+02, 8.47657837e+02, 1.52819672e+02,
    8.69676636e+02, 1.84177490e+02, 8.90897156e+02, 2.14461487e+02,
    9.11541382e+02, 2.43575638e+02, 7.45338257e+02, 7.59388199e+01,
    7.70447021e+02, 1.10230400e+02, 7.94593567e+02, 1.43137360e+02,
    8.18085815e+02, 1.75025848e+02, 8.40285095e+02, 2.05609314e+02,
    8.62022888e+02, 2.35277054e+02, 8.82879517e+02, 2.63981201e+02,
    7.14841614e+02, 9.96795731e+01, 7.40390259e+02, 1.33263535e+02,
    7.65086548e+02, 1.65523026e+02, 7.88653076e+02, 1.96676254e+02,
    8.11497498e+02, 2.26646530e+02, 8.33397461e+02, 2.55754105e+02,
    8.54781799e+02, 2.84026123e+02, 6.85070251e+02, 1.22858070e+02,
    7.10931824e+02, 1.55770523e+02, 7.35773682e+02, 1.87474991e+02,
    7.60076294e+02, 2.18060791e+02, 7.83072693e+02, 2.47411194e+02,
    8.05476929e+02, 2.76013641e+02, 8.27009155e+02, 3.03530640e+02,
    6.55618286e+02, 1.45846741e+02, 6.81786133e+02, 1.78121994e+02,
    7.07246948e+02, 2.09082214e+02, 7.31592163e+02, 2.39068069e+02,
    7.55145508e+02, 2.67855896e+02, 7.77675354e+02, 2.95766785e+02,
    7.99616821e+02, 3.23022003e+02, 6.26505493e+02, 1.68585831e+02,
    6.53194031e+02, 2.00127792e+02, 6.78746582e+02, 2.30482040e+02,
    7.03630249e+02, 2.59832092e+02, 7.27323364e+02, 2.88088348e+02,
    7.50426514e+02, 3.15521240e+02, 7.72533264e+02, 3.42278168e+02,
    5.97923645e+02, 1.90948380e+02, 6.24793701e+02, 2.21659607e+02,
    6.50875061e+02, 2.51443497e+02, 6.75869629e+02, 2.80307739e+02,
    7.00154541e+02, 3.08059601e+02, 7.23382263e+02, 3.34870239e+02,
    7.45834229e+02, 3.61258728e+02, 5.69638794e+02, 2.12786392e+02,
    5.97122498e+02, 2.42870560e+02, 6.23251526e+02, 2.72117584e+02,
    6.48655396e+02, 3.00344177e+02, 6.73000366e+02, 3.27455322e+02,
    6.96665833e+02, 3.53967316e+02, 7.19489258e+02, 3.79645233e+02,
    5.41806458e+02, 2.34457230e+02, 5.69346619e+02, 2.63866730e+02,
    5.96082214e+02, 2.92429810e+02, 6.21664734e+02, 3.20106415e+02,
    6.46349854e+02, 3.46794739e+02, 6.70246643e+02, 3.72764679e+02,
    6.93456238e+02, 3.98029114e+02 ]
