%YAML:1.0
---
points: [ 2.25328888e+02, 5.03970413e+01, 2.33168854e+02, 6.19978561e+01,
    2.40571869e+02, 7.32062607e+01, 2.47823822e+02, 8.41915283e+01,
    2.54837891e+02, 9.46799240e+01, 2.61509003e+02, 1.04856323e+02,
    2.68075989e+02, 1.14819511e+02, 2.14616730e+02, 5.84917221e+01,
    2.22532043e+02, 6.99452286e+01, 2.30170883e+02, 8.09186401e+01,
    2.37481094e+02, 9.16234665e+01, 2.44652603e+02, 1.02007759e+02,
    2.51572723e+02, 1.11859665e+02, 2.58202118e+02, 1.21714790e+02,
    2.04090820e+02, 6.64942322e+01, 2.12118164e+02, 7.77104263e+01,
    2.19925278e+02, 8.85458221e+01, 2.27442108e+02, 9.90722275e+01,
    2.34733856e+02, 1.09111832e+02, 2.41619293e+02, 1.18936729e+02,
    2.48421204e+02, 1.28544266e+02, 1.93720642e+02, 7.43873672e+01,
    2.01896057e+02, 8.53586197e+01, 2.09849808e+02, 9.59761963e+01,
    2.17437134e+02, 1.06335419e+02, 2.24788162e+02, 1.16205276e+02,
    2.31965591e+02, 1.25772903e+02, 2.38890656e+02, 1.35171341e+02,
    1.83614319e+02, 8.21398926e+01, 1.91863419e+02, 9.29459000e+01,
    1.99873001e+02, 1.03275246e+02, 2.07677551e+02, 1.13424179e+02,
    2.15150848e+02, 1.23096802e+02, 2.22372177e+02, 1.32639893e+02,
    2.29367416e+02, 1.41796387e+02, 1.73526245e+02, 8.98421555e+01,
    1.82005981e+02, 1.00359108e+02, 1.90134827e+02, 1.10566681e+02,
    1.98021957e+02, 1.20438591e+02, 2.05645844e+02, 1.29988556e+02,
    2.12998886e+02, 1.39236374e+02, 2.20172791e+02, 1.48354050e+02,
    1.63700897e+02, 9.73526077e+01, 1.72211929e+02, 1.07766815e+02,
    1.80483078e+02, 1.17706863e+02, 1.88466843e+02, 1.27466400e+02,
    1.96176407e+02, 1.36766953e+02, 2.03603363e+02, 1.45943115e+02,
    2.10867371e+02, 1.54751816e+02, 1.53924332e+02, 1.04820335e+02,
    1.62646500e+02, 1.14899460e+02, 1.70983734e+02, 1.24747955e+02,
    1.79098053e+02, 1.34188477e+02, 1.86886459e+02, 1.43383331e+02,
    1.94502197e+02, 1.52290131e+02, 2.01811966e+02, 1.61021332e+02,
    1.44359711e+02, 1.12148163e+02, 1.53102737e+02, 1.22060257e+02,
    1.61626968e+02, 1.31579559e+02, 1.69888168e+02, 1.40974838e+02,
    1.77717056e+02, 1.49872787e+02, 1.85427170e+02, 1.58738861e+02,
    1.92796219e+02, 1.67239075e+02 ]
