%YAML:1.0
---
points: [ 4.31349731e+02, 5.64528046e+01, 4.34263519e+02, 6.86933746e+01,
    4.36855682e+02, 8.13183517e+01, 4.39814117e+02, 9.38527603e+01,
    4.42850250e+02, 1.06924355e+02, 4.45878387e+02, 1.19819962e+02,
    4.48924530e+02, 1.33246964e+02, 4.21959534e+02, 5.40297241e+01,
    4.24471497e+02, 6.67407379e+01, 4.27363800e+02, 7.94479752e+01,
    4.30123352e+02, 9.23685226e+01, 4.33089874e+02, 1.05367790e+02,
    4.36099854e+02, 1.18805443e+02, 4.39105194e+02, 1.32162643e+02,
    4.11890717e+02, 5.18129578e+01, 4.14692810e+02, 6.45417175e+01,
    4.17297363e+02, 7.76346130e+01, 4.20218750e+02, 9.06292038e+01,
    4.23047363e+02, 1.04155296e+02, 4.25917389e+02, 1.17378792e+02,
    4.28995239e+02, 1.31306473e+02, 4.01775726e+02, 4.93697662e+01,
    4.04166901e+02, 6.25389023e+01, 4.07002655e+02, 7.56692657e+01,
    4.09683105e+02, 8.90154877e+01, 4.12591980e+02, 1.02614120e+02,
    4.15509674e+02, 1.16325188e+02, 4.18394684e+02, 1.30266663e+02,
    3.90659912e+02, 4.71684456e+01, 3.93439087e+02, 6.03526726e+01,
    3.95966919e+02, 7.37503128e+01, 3.98886383e+02, 8.74049988e+01,
    4.01659882e+02, 1.01225891e+02, 4.04488892e+02, 1.15079277e+02,
    4.07363861e+02, 1.29419846e+02, 3.79793427e+02, 4.46770248e+01,
    3.82202728e+02, 5.81456223e+01, 3.84868744e+02, 7.17065125e+01,
    3.87558136e+02, 8.55790863e+01, 3.90371704e+02, 9.96319962e+01,
    3.93155701e+02, 1.13937424e+02, 3.95976715e+02, 1.28433624e+02,
    3.68176392e+02, 4.21478386e+01, 3.70864777e+02, 5.57942352e+01,
    3.73200073e+02, 6.96460724e+01, 3.76082458e+02, 8.36747818e+01,
    3.78747620e+02, 9.80362091e+01, 3.81527771e+02, 1.12599487e+02,
    3.84248749e+02, 1.27336609e+02, 3.56470612e+02, 3.95567245e+01,
    3.58692993e+02, 5.33654213e+01, 3.61340942e+02, 6.75298920e+01,
    3.63921753e+02, 8.18419266e+01, 3.66650146e+02, 9.64161682e+01,
    3.69279419e+02, 1.11188072e+02, 3.71967407e+02, 1.26115845e+02,
    3.43875183e+02, 3.67571869e+01, 3.46465088e+02, 5.08470154e+01,
    3.48909149e+02, 6.51729507e+01, 3.51497711e+02, 7.97900925e+01,
    3.54004395e+02, 9.47307510e+01, 3.56644012e+02, 1.09788734e+02,
    3.59260376e+02, 1.25004753e+02 ]
