%YAML:1.0
---
points: [ 6.03933167e+02, 5.01371582e+02, 6.36904602e+02, 5.02472382e+02,
    6.69693787e+02, 5.03545074e+02, 7.02583191e+02, 5.04971008e+02,
    7.35819092e+02, 5.06494476e+02, 7.69287720e+02, 5.07917847e+02,
    8.02671265e+02, 5.09390839e+02, 6.07569763e+02, 5.33843933e+02,
    6.40151367e+02, 5.35079651e+02, 6.72733643e+02, 5.36473572e+02,
    7.05445801e+02, 5.37978821e+02, 7.38236450e+02, 5.39557068e+02,
    7.71215149e+02, 5.41150757e+02, 8.04534363e+02, 5.42743958e+02,
    6.11218201e+02, 5.65779419e+02, 6.43375061e+02, 5.67161194e+02,
    6.75653564e+02, 5.68679810e+02, 7.07807556e+02, 5.70357727e+02,
    7.40326599e+02, 5.71948730e+02, 7.73333130e+02, 5.73714417e+02,
    8.06252563e+02, 5.75541809e+02, 6.14505432e+02, 5.97259521e+02,
    6.46468872e+02, 5.98546021e+02, 6.78520630e+02, 6.00373413e+02,
    7.10442749e+02, 6.02109436e+02, 7.42668640e+02, 6.03718323e+02,
    7.75204590e+02, 6.05788025e+02, 8.07730225e+02, 6.07685608e+02,
    6.17972534e+02, 6.27839722e+02, 6.49575378e+02, 6.29449524e+02,
    6.81294312e+02, 6.31182434e+02, 7.12777954e+02, 6.33291748e+02,
    7.44872253e+02, 6.35120972e+02, 7.77000854e+02, 6.37306763e+02,
    8.09357117e+02, 6.39271973e+02, 6.21310303e+02, 6.58338013e+02,
    6.52573364e+02, 6.59957031e+02, 6.83808777e+02, 6.61731934e+02,
    7.15233826e+02, 6.63946655e+02, 7.46910706e+02, 6.65950317e+02,
    7.78817566e+02, 6.68131409e+02, 8.10976929e+02, 6.70421448e+02,
    6.24152222e+02, 6.87908936e+02, 6.55178040e+02, 6.90014526e+02,
    6.86208679e+02, 6.91925293e+02, 7.17398743e+02, 6.94155701e+02,
    7.48774170e+02, 6.96346497e+02, 7.80447449e+02, 6.98585022e+02,
    8.12316528e+02, 7.01121582e+02, 6.27274414e+02, 7.17503357e+02,
    6.57900208e+02, 7.19337463e+02, 6.88559143e+02, 7.21556152e+02,
    7.19476013e+02, 7.23873840e+02, 7.50543579e+02, 7.26273254e+02,
    7.81940918e+02, 7.28764038e+02, 8.13491089e+02, 7.31329224e+02,
    6.29865540e+02, 7.46285339e+02, 6.60446289e+02, 7.48566528e+02,
    6.90936646e+02, 7.50804871e+02, 7.21604553e+02, 7.53385803e+02,
    7.52527588e+02, 7.55680115e+02, 7.83533630e+02, 7.58423218e+02,
    8.14835693e+02, 7.61061401e+02 ]
