%YAML:1.0
---
points: [ 1.41249792e+03, 4.76261871e+02, 1.38195984e+03, 4.89097839e+02,
    1.35158972e+03, 5.01838684e+02, 1.32180017e+03, 5.14400208e+02,
    1.29228333e+03, 5.26947327e+02, 1.26310876e+03, 5.39379028e+02,
    1.23428833e+03, 5.51685913e+02, 1.39908923e+03, 4.47742310e+02,
    1.36854724e+03, 4.60900818e+02, 1.33844177e+03, 4.73699097e+02,
    1.30874280e+03, 4.86482483e+02, 1.27935754e+03, 4.99105804e+02,
    1.25025403e+03, 5.11554413e+02, 1.22145752e+03, 5.23843140e+02,
    1.38571863e+03, 4.19755676e+02, 1.35547363e+03, 4.32712646e+02,
    1.32539722e+03, 4.45961761e+02, 1.29587061e+03, 4.58662537e+02,
    1.26645288e+03, 4.71468353e+02, 1.23751465e+03, 4.83850708e+02,
    1.20884973e+03, 4.96450714e+02, 1.37256665e+03, 3.91520447e+02,
    1.34221204e+03, 4.04997314e+02, 1.31243567e+03, 4.18069183e+02,
    1.28284253e+03, 4.31098053e+02, 1.25365710e+03, 4.43745941e+02,
    1.22478821e+03, 4.56571136e+02, 1.19632153e+03, 4.68975739e+02,
    1.35932056e+03, 3.63603027e+02, 1.32927002e+03, 3.77001038e+02,
    1.29939746e+03, 3.90294159e+02, 1.27019788e+03, 4.03367126e+02,
    1.24090515e+03, 4.16362518e+02, 1.21235925e+03, 4.29056885e+02,
    1.18373926e+03, 4.41784760e+02, 1.34622534e+03, 3.35626801e+02,
    1.31621838e+03, 3.49316681e+02, 1.28663660e+03, 3.62642822e+02,
    1.25738440e+03, 3.75792145e+02, 1.22845471e+03, 3.88838715e+02,
    1.19966736e+03, 4.01806000e+02, 1.17145728e+03, 4.14466309e+02,
    1.33328552e+03, 3.08096649e+02, 1.30355457e+03, 3.21608704e+02,
    1.27383606e+03, 3.35301331e+02, 1.24486853e+03, 3.48406036e+02,
    1.21576965e+03, 3.61714722e+02, 1.18749255e+03, 3.74606018e+02,
    1.15920312e+03, 3.87472870e+02, 1.32045691e+03, 2.80228485e+02,
    1.29058301e+03, 2.94186707e+02, 1.26133862e+03, 3.07581329e+02,
    1.23227710e+03, 3.21127991e+02, 1.20355273e+03, 3.34321350e+02,
    1.17493884e+03, 3.47470398e+02, 1.14686023e+03, 3.60341095e+02,
    1.30756824e+03, 2.52570282e+02, 1.27791406e+03, 2.66376495e+02,
    1.24856641e+03, 2.80221313e+02, 1.21976245e+03, 2.93629700e+02,
    1.19102673e+03, 3.07185333e+02, 1.16274341e+03, 3.20332581e+02,
    1.13470264e+03, 3.33420441e+02 ]
