%YAML:1.0
---
points: [ 6.20872192e+02, 6.67369080e+02, 6.58421814e+02, 6.70870972e+02,
    6.95693359e+02, 6.74743408e+02, 7.32590637e+02, 6.78784485e+02,
    7.69423035e+02, 6.83106140e+02, 8.05973999e+02, 6.87693665e+02,
    8.42607483e+02, 6.92418152e+02, 6.26513000e+02, 6.86895935e+02,
    6.63138489e+02, 6.90351562e+02, 6.99263611e+02, 6.93841187e+02,
    7.35106140e+02, 6.97703247e+02, 7.71106201e+02, 7.02243225e+02,
    8.06862000e+02, 7.06602051e+02, 8.42547058e+02, 7.11008301e+02,
    6.31898010e+02, 7.05623169e+02, 6.67387817e+02, 7.08676880e+02,
    7.02641296e+02, 7.12449158e+02, 7.37759094e+02, 7.16326477e+02,
    7.72768799e+02, 7.20325134e+02, 8.07608337e+02, 7.24533325e+02,
    8.42543762e+02, 7.28985107e+02, 6.36824646e+02, 7.23257996e+02,
    6.71502197e+02, 7.26343750e+02, 7.06218872e+02, 7.29715515e+02,
    7.40170532e+02, 7.33635071e+02, 7.74541870e+02, 7.37700256e+02,
    8.08429260e+02, 7.41741272e+02, 8.42547668e+02, 7.45844604e+02,
    6.41751465e+02, 7.39747559e+02, 6.75606445e+02, 7.42904358e+02,
    7.09296204e+02, 7.46258057e+02, 7.42663086e+02, 7.50180725e+02,
    7.76027588e+02, 7.54121277e+02, 8.09214478e+02, 7.58131348e+02,
    8.42481506e+02, 7.62204529e+02, 6.46309387e+02, 7.55761841e+02,
    6.79466431e+02, 7.59145630e+02, 7.12257935e+02, 7.62461426e+02,
    7.44686523e+02, 7.66247131e+02, 7.77447876e+02, 7.70133301e+02,
    8.10087891e+02, 7.74010437e+02, 8.42471252e+02, 7.77665283e+02,
    6.50473511e+02, 7.71454651e+02, 6.82860107e+02, 7.74730591e+02,
    7.14965881e+02, 7.77880127e+02, 7.46846497e+02, 7.81661377e+02,
    7.78797852e+02, 7.85518738e+02, 8.10577026e+02, 7.89365967e+02,
    8.42309631e+02, 7.93053223e+02, 6.54719543e+02, 7.86462463e+02,
    6.86203918e+02, 7.89556091e+02, 7.17618530e+02, 7.92714661e+02,
    7.48892822e+02, 7.96477417e+02, 7.80147888e+02, 8.00058044e+02,
    8.11180115e+02, 8.03774231e+02, 8.42201965e+02, 8.07758301e+02,
    6.58652771e+02, 8.00771973e+02, 6.89484619e+02, 8.03707397e+02,
    7.20227478e+02, 8.07411316e+02, 7.50613647e+02, 8.10650757e+02,
    7.81243042e+02, 8.14024475e+02, 8.11677734e+02, 8.17806274e+02,
    8.42192932e+02, 8.24255005e+02 ]
