%YAML:1.0
---
points: [ 6.46781998e+01, 1.57728546e+02, 8.01865005e+01, 1.59414444e+02,
    9.58989563e+01, 1.60964386e+02, 1.11555176e+02, 1.62615448e+02,
    1.27263054e+02, 1.64244705e+02, 1.42985916e+02, 1.66013290e+02,
    1.58694809e+02, 1.67501068e+02, 6.30306053e+01, 1.73382233e+02,
    7.85854645e+01, 1.75009918e+02, 9.43033371e+01, 1.76637115e+02,
    1.10022903e+02, 1.78275925e+02, 1.25658157e+02, 1.79903671e+02,
    1.41445480e+02, 1.81557907e+02, 1.57196701e+02, 1.83137222e+02,
    6.13022881e+01, 1.88991959e+02, 7.70109482e+01, 1.90580444e+02,
    9.26999588e+01, 1.92212662e+02, 1.08316170e+02, 1.93802628e+02,
    1.24163223e+02, 1.95536469e+02, 1.39860992e+02, 1.97115219e+02,
    1.55553772e+02, 1.98767838e+02, 5.97228889e+01, 2.04482162e+02,
    7.52866440e+01, 2.06319504e+02, 9.11749115e+01, 2.07878113e+02,
    1.06796577e+02, 2.09407639e+02, 1.22512909e+02, 2.11177429e+02,
    1.38219421e+02, 2.12681107e+02, 1.53985641e+02, 2.14325394e+02,
    5.82481117e+01, 2.20132156e+02, 7.38244171e+01, 2.21732086e+02,
    8.95558929e+01, 2.23434601e+02, 1.05240517e+02, 2.25065277e+02,
    1.21072006e+02, 2.26704514e+02, 1.36676834e+02, 2.28296219e+02,
    1.52415421e+02, 2.29945724e+02, 5.65546684e+01, 2.35935318e+02,
    7.23379288e+01, 2.37638580e+02, 8.78647690e+01, 2.39004593e+02,
    1.03610718e+02, 2.40699860e+02, 1.19291718e+02, 2.42332825e+02,
    1.35076950e+02, 2.43910858e+02, 1.50762192e+02, 2.45458557e+02,
    5.52145081e+01, 2.51396408e+02, 7.06999817e+01, 2.52864563e+02,
    8.61897125e+01, 2.54674210e+02, 1.01910469e+02, 2.56249878e+02,
    1.17635277e+02, 2.57856934e+02, 1.33347626e+02, 2.59473511e+02,
    1.49095459e+02, 2.61108459e+02, 5.35996056e+01, 2.66883728e+02,
    6.90373383e+01, 2.68458130e+02, 8.45999832e+01, 2.70292603e+02,
    1.00241653e+02, 2.71989594e+02, 1.15910660e+02, 2.73586761e+02,
    1.31646896e+02, 2.75173828e+02, 1.47343353e+02, 2.76731842e+02,
    5.21766434e+01, 2.82343170e+02, 6.75034485e+01, 2.84229401e+02,
    8.29478683e+01, 2.86023468e+02, 9.85886841e+01, 2.87529236e+02,
    1.14257820e+02, 2.89111084e+02, 1.29917786e+02, 2.90804230e+02,
    1.45619507e+02, 2.92401184e+02 ]
