%YAML:1.0
---
points: [ 4.34683624e+02, 1.93541504e+02, 4.24518646e+02, 1.97999802e+02,
    4.14312042e+02, 2.02231140e+02, 4.04291077e+02, 2.06464386e+02,
    3.94134827e+02, 2.10793365e+02, 3.84166351e+02, 2.15110199e+02,
    3.74219086e+02, 2.19249527e+02, 4.30239624e+02, 1.84013596e+02,
    4.20004456e+02, 1.88394699e+02, 4.09814514e+02, 1.92815109e+02,
    3.99708496e+02, 1.97087570e+02, 3.89733521e+02, 2.01341904e+02,
    3.79727692e+02, 2.05560837e+02, 3.69897949e+02, 2.09818253e+02,
    4.25801666e+02, 1.74385300e+02, 4.15537933e+02, 1.78881516e+02,
    4.05324554e+02, 1.83203430e+02, 3.95301300e+02, 1.87577667e+02,
    3.85270020e+02, 1.91911072e+02, 3.75366821e+02, 1.96204147e+02,
    3.65530243e+02, 2.00373230e+02, 4.21250214e+02, 1.64845657e+02,
    4.10909515e+02, 1.69290222e+02, 4.00931213e+02, 1.73733780e+02,
    3.90819824e+02, 1.78116806e+02, 3.80829346e+02, 1.82381287e+02,
    3.70928864e+02, 1.86757965e+02, 3.61229034e+02, 1.90995621e+02,
    4.16686890e+02, 1.55357178e+02, 4.06544678e+02, 1.59868240e+02,
    3.96428802e+02, 1.64262772e+02, 3.86462921e+02, 1.68737854e+02,
    3.76499634e+02, 1.73146576e+02, 3.66658661e+02, 1.77536850e+02,
    3.56881805e+02, 1.81756516e+02, 4.12220612e+02, 1.45890549e+02,
    4.02040710e+02, 1.50383392e+02, 3.92086060e+02, 1.54914536e+02,
    3.82100891e+02, 1.59357147e+02, 3.72074371e+02, 1.63793915e+02,
    3.62311981e+02, 1.68085129e+02, 3.52618164e+02, 1.72475174e+02,
    4.07758789e+02, 1.36448029e+02, 3.97690460e+02, 1.41087646e+02,
    3.87612122e+02, 1.45472733e+02, 3.77721558e+02, 1.50042725e+02,
    3.67874054e+02, 1.54479706e+02, 3.58076508e+02, 1.58883057e+02,
    3.48336304e+02, 1.63269684e+02, 4.03354553e+02, 1.27006889e+02,
    3.93193787e+02, 1.31547745e+02, 3.83424561e+02, 1.36097122e+02,
    3.73418091e+02, 1.40789062e+02, 3.63581635e+02, 1.45183777e+02,
    3.53787842e+02, 1.49629761e+02, 3.44148438e+02, 1.54044037e+02,
    3.98892365e+02, 1.17648331e+02, 3.88920013e+02, 1.22219307e+02,
    3.78913422e+02, 1.26823853e+02, 3.69059387e+02, 1.31392029e+02,
    3.59264252e+02, 1.35932266e+02, 3.49587585e+02, 1.40382217e+02,
    3.39875488e+02, 1.44831665e+02 ]
