%YAML:1.0
---
points: [ 1.83621338e+02, 1.81152008e+02, 1.83476334e+02, 1.94693054e+02,
    1.83385757e+02, 2.08393265e+02, 1.83165604e+02, 2.22013611e+02,
    1.83037308e+02, 2.35839005e+02, 1.82588303e+02, 2.49754456e+02,
    1.82328552e+02, 2.63870758e+02, 1.69923920e+02, 1.81186707e+02,
    1.69819275e+02, 1.94733063e+02, 1.69541107e+02, 2.08525726e+02,
    1.69290359e+02, 2.22185120e+02, 1.69096329e+02, 2.35911636e+02,
    1.68738693e+02, 2.49885529e+02, 1.68429153e+02, 2.64015564e+02,
    1.56304199e+02, 1.81175583e+02, 1.56094498e+02, 1.94693787e+02,
    1.55870972e+02, 2.08604584e+02, 1.55552170e+02, 2.22232941e+02,
    1.55252914e+02, 2.36063965e+02, 1.54825989e+02, 2.50010666e+02,
    1.54386002e+02, 2.64121277e+02, 1.42411804e+02, 1.81212250e+02,
    1.42237717e+02, 1.94781708e+02, 1.41898270e+02, 2.08651505e+02,
    1.41556335e+02, 2.22420074e+02, 1.41087738e+02, 2.36127640e+02,
    1.40798981e+02, 2.50117142e+02, 1.40373978e+02, 2.64227661e+02,
    1.28865051e+02, 1.81362900e+02, 1.28570404e+02, 1.94857880e+02,
    1.28185715e+02, 2.08751236e+02, 1.27806122e+02, 2.22538467e+02,
    1.27342918e+02, 2.36376389e+02, 1.26841873e+02, 2.50309219e+02,
    1.26381874e+02, 2.64384979e+02, 1.15051048e+02, 1.81507248e+02,
    1.14786461e+02, 1.94991516e+02, 1.14426765e+02, 2.08733231e+02,
    1.13862427e+02, 2.22610062e+02, 1.13434105e+02, 2.36445648e+02,
    1.12837807e+02, 2.50442902e+02, 1.12385254e+02, 2.64509003e+02,
    1.01556671e+02, 1.81576645e+02, 1.00904190e+02, 1.95089035e+02,
    1.00497871e+02, 2.08710709e+02, 9.99805450e+01, 2.22730255e+02,
    9.95747910e+01, 2.36554321e+02, 9.88246613e+01, 2.50531158e+02,
    9.83841019e+01, 2.64532745e+02, 8.77328262e+01, 1.81699982e+02,
    8.73544693e+01, 1.95172348e+02, 8.67680893e+01, 2.08820572e+02,
    8.62131882e+01, 2.22746124e+02, 8.57347870e+01, 2.36649063e+02,
    8.50426025e+01, 2.50538620e+02, 8.45395432e+01, 2.64736755e+02,
    7.42944794e+01, 1.81603531e+02, 7.38145218e+01, 1.95327255e+02,
    7.30997620e+01, 2.08762482e+02, 7.26147690e+01, 2.22796341e+02,
    7.18743057e+01, 2.36672928e+02, 7.13087921e+01, 2.50701736e+02,
    7.07138748e+01, 2.64464752e+02 ]
