%YAML:1.0
---
points: [ 9.92625916e+02, 5.73082947e+02, 9.71161438e+02, 5.90699829e+02,
    9.49566711e+02, 6.08473572e+02, 9.28191528e+02, 6.26142700e+02,
    9.06630615e+02, 6.43852600e+02, 8.85140381e+02, 6.61667908e+02,
    8.63623840e+02, 6.79431580e+02, 9.74879700e+02, 5.51514038e+02,
    9.53364380e+02, 5.69270752e+02, 9.31863831e+02, 5.87050476e+02,
    9.10509766e+02, 6.04600647e+02, 8.88969238e+02, 6.22457336e+02,
    8.67543884e+02, 6.40261963e+02, 8.46080383e+02, 6.57998718e+02,
    9.57269226e+02, 5.30055054e+02, 9.35746460e+02, 5.47818481e+02,
    9.14287842e+02, 5.65606384e+02, 8.92876953e+02, 5.83288696e+02,
    8.71375549e+02, 6.01061584e+02, 8.49859192e+02, 6.18827515e+02,
    8.28414062e+02, 6.36580139e+02, 9.39610291e+02, 5.08568207e+02,
    9.18178528e+02, 5.26402832e+02, 8.96597839e+02, 5.44204651e+02,
    8.75209778e+02, 5.61841980e+02, 8.53621460e+02, 5.79579773e+02,
    8.32110291e+02, 5.97435120e+02, 8.10510986e+02, 6.15239868e+02,
    9.21888611e+02, 4.87226196e+02, 9.00403198e+02, 5.04857208e+02,
    8.78881531e+02, 5.22670654e+02, 8.57466980e+02, 5.40458862e+02,
    8.35913269e+02, 5.58206970e+02, 8.14414246e+02, 5.75925537e+02,
    7.92744263e+02, 5.93805115e+02, 9.04241394e+02, 4.65602112e+02,
    8.82677856e+02, 4.83530396e+02, 8.61334534e+02, 5.01321594e+02,
    8.39713257e+02, 5.19073669e+02, 8.18213806e+02, 5.36712585e+02,
    7.96615479e+02, 5.54487366e+02, 7.75058350e+02, 5.72363770e+02,
    8.86568481e+02, 4.44275879e+02, 8.65132874e+02, 4.62092865e+02,
    8.43523499e+02, 4.79794250e+02, 8.22046204e+02, 4.97547852e+02,
    8.00462402e+02, 5.15394348e+02, 7.78818726e+02, 5.33164612e+02,
    7.57180786e+02, 5.50842224e+02, 8.68758423e+02, 4.22741180e+02,
    8.47322449e+02, 4.40514679e+02, 8.25704895e+02, 4.58357086e+02,
    8.04290161e+02, 4.76061737e+02, 7.82568787e+02, 4.93881195e+02,
    7.60874878e+02, 5.11589447e+02, 7.39289978e+02, 5.29373230e+02,
    8.51036743e+02, 4.01227325e+02, 8.29522034e+02, 4.19024628e+02,
    8.07790955e+02, 4.36813721e+02, 7.86396545e+02, 4.54537781e+02,
    7.64717407e+02, 4.72394012e+02, 7.43083313e+02, 4.90139496e+02,
    7.21343018e+02, 5.07738495e+02 ]
