%YAML:1.0
---
points: [ 9.13656677e+02, 7.12443420e+02, 9.08676086e+02, 7.36782043e+02,
    9.03675476e+02, 7.60625305e+02, 8.99098022e+02, 7.83824097e+02,
    8.94408081e+02, 8.06569641e+02, 8.89739014e+02, 8.28606079e+02,
    8.85312378e+02, 8.50332275e+02, 8.81492249e+02, 7.04320557e+02,
    8.76850403e+02, 7.29024048e+02, 8.72542603e+02, 7.52884155e+02,
    8.68310303e+02, 7.76263306e+02, 8.64163086e+02, 7.98720032e+02,
    8.59702454e+02, 8.21090515e+02, 8.55620850e+02, 8.42872009e+02,
    8.49292542e+02, 6.96520020e+02, 8.45246643e+02, 7.21263245e+02,
    8.41343872e+02, 7.45286011e+02, 8.37522339e+02, 7.68656860e+02,
    8.33610596e+02, 7.91392395e+02, 8.29905579e+02, 8.13578674e+02,
    8.26347351e+02, 8.35703308e+02, 8.17358093e+02, 6.88506226e+02,
    8.13590088e+02, 7.13462036e+02, 8.10312744e+02, 7.37690247e+02,
    8.06811462e+02, 7.61158630e+02, 8.03513550e+02, 7.83852722e+02,
    8.00327148e+02, 8.06481018e+02, 7.96780640e+02, 8.28485352e+02,
    7.85203796e+02, 6.81052002e+02, 7.81970886e+02, 7.05888550e+02,
    7.79228638e+02, 7.30074219e+02, 7.76151917e+02, 7.53735474e+02,
    7.73385254e+02, 7.76553772e+02, 7.70386414e+02, 7.99062561e+02,
    7.67378784e+02, 8.21485107e+02, 7.53039246e+02, 6.73482056e+02,
    7.50310181e+02, 6.98428772e+02, 7.47948486e+02, 7.22845947e+02,
    7.45339661e+02, 7.46491760e+02, 7.43008240e+02, 7.69665100e+02,
    7.40366638e+02, 7.92289856e+02, 7.37903137e+02, 8.14563599e+02,
    7.20760986e+02, 6.66100342e+02, 7.18576111e+02, 6.91241882e+02,
    7.16721741e+02, 7.15535583e+02, 7.14621460e+02, 7.39409607e+02,
    7.12629150e+02, 7.62518005e+02, 7.10562500e+02, 7.85464478e+02,
    7.08364258e+02, 8.07790894e+02, 6.88570557e+02, 6.58565918e+02,
    6.87115723e+02, 6.83641602e+02, 6.85581238e+02, 7.08229370e+02,
    6.84217896e+02, 7.32226624e+02, 6.82483093e+02, 7.55357666e+02,
    6.80879089e+02, 7.78355957e+02, 6.79195374e+02, 8.00913269e+02,
    6.56341125e+02, 6.51124512e+02, 6.55362915e+02, 6.76371704e+02,
    6.54441467e+02, 7.01119995e+02, 6.53439636e+02, 7.24887817e+02,
    6.52243591e+02, 7.48486206e+02, 6.50888977e+02, 7.71320862e+02,
    6.49581848e+02, 7.93964783e+02 ]
