%YAML:1.0
---
points: [ 2.90444214e+02, 2.26561844e+02, 2.83126678e+02, 2.32598267e+02,
    2.75693726e+02, 2.38480347e+02, 2.68490356e+02, 2.44549622e+02,
    2.61191040e+02, 2.50556305e+02, 2.53919342e+02, 2.56538025e+02,
    2.46553741e+02, 2.62688232e+02, 2.84367920e+02, 2.19252136e+02,
    2.77019989e+02, 2.25296249e+02, 2.69838776e+02, 2.31330627e+02,
    2.62464417e+02, 2.37278778e+02, 2.55252792e+02, 2.43369202e+02,
    2.47875946e+02, 2.49401764e+02, 2.40658539e+02, 2.55319504e+02,
    2.78360413e+02, 2.12009277e+02, 2.71198914e+02, 2.17920410e+02,
    2.63733765e+02, 2.24017059e+02, 2.56573822e+02, 2.30103760e+02,
    2.49240982e+02, 2.36133820e+02, 2.41942154e+02, 2.42094925e+02,
    2.34617966e+02, 2.48101456e+02, 2.72381836e+02, 2.04740219e+02,
    2.65051910e+02, 2.10402588e+02, 2.57415619e+02, 2.16767090e+02,
    2.50370483e+02, 2.22774475e+02, 2.43143173e+02, 2.28732956e+02,
    2.35809479e+02, 2.34820312e+02, 2.28617264e+02, 2.40844086e+02,
    2.66450470e+02, 1.97356949e+02, 2.59012177e+02, 2.03473511e+02,
    2.51998550e+02, 2.09451752e+02, 2.44430389e+02, 2.15498917e+02,
    2.37263687e+02, 2.21679016e+02, 2.29869568e+02, 2.27418228e+02,
    2.22642548e+02, 2.33610641e+02, 2.60369995e+02, 1.90038147e+02,
    2.53067825e+02, 1.96143723e+02, 2.45753815e+02, 2.02186752e+02,
    2.38509171e+02, 2.08359207e+02, 2.31296158e+02, 2.14254242e+02,
    2.23912888e+02, 2.20296448e+02, 2.16587097e+02, 2.26244888e+02,
    2.54320999e+02, 1.82935944e+02, 2.47265106e+02, 1.88978714e+02,
    2.39794266e+02, 1.94910889e+02, 2.32422821e+02, 2.00930756e+02,
    2.25234909e+02, 2.06876541e+02, 2.17986176e+02, 2.13045898e+02,
    2.10516479e+02, 2.19136963e+02, 2.48394684e+02, 1.75536804e+02,
    2.41012817e+02, 1.81655502e+02, 2.33713242e+02, 1.87615738e+02,
    2.26414932e+02, 1.93723480e+02, 2.19219788e+02, 1.99667740e+02,
    2.11863785e+02, 2.05740509e+02, 2.04497208e+02, 2.11729675e+02,
    2.42386536e+02, 1.68223129e+02, 2.35057648e+02, 1.74264191e+02,
    2.27787979e+02, 1.80424927e+02, 2.20496399e+02, 1.86531403e+02,
    2.13076340e+02, 1.92343262e+02, 2.05773804e+02, 1.98339615e+02,
    1.98439835e+02, 2.04439896e+02 ]
