%YAML:1.0
---
points: [ 9.52378113e+02, 2.40118164e+02, 9.73381714e+02, 2.59372620e+02,
    9.94242126e+02, 2.78559326e+02, 1.01511963e+03, 2.97603424e+02,
    1.03574475e+03, 3.16588623e+02, 1.05665295e+03, 3.35691559e+02,
    1.07757117e+03, 3.54651672e+02, 9.33594482e+02, 2.61443756e+02,
    9.54491455e+02, 2.80590302e+02, 9.75367676e+02, 2.99749542e+02,
    9.96185791e+02, 3.18744171e+02, 1.01694177e+03, 3.37779785e+02,
    1.03773059e+03, 3.56633911e+02, 1.05863940e+03, 3.75566284e+02,
    9.14758240e+02, 2.82635620e+02, 9.35673828e+02, 3.01778900e+02,
    9.56612000e+02, 3.20827301e+02, 9.77457764e+02, 3.39842773e+02,
    9.98297119e+02, 3.58681396e+02, 1.01911823e+03, 3.77577942e+02,
    1.03977588e+03, 3.96468872e+02, 8.96270569e+02, 3.03756134e+02,
    9.17093628e+02, 3.22711609e+02, 9.38052979e+02, 3.41738953e+02,
    9.58757263e+02, 3.60793427e+02, 9.79530823e+02, 3.79682220e+02,
    1.00035840e+03, 3.98531219e+02, 1.02107886e+03, 4.17402069e+02,
    8.77534607e+02, 3.24778992e+02, 8.98434387e+02, 3.43778900e+02,
    9.19297485e+02, 3.62732849e+02, 9.40191528e+02, 3.81742737e+02,
    9.60903564e+02, 4.00514069e+02, 9.81706909e+02, 4.19336182e+02,
    1.00247321e+03, 4.38186096e+02, 8.58806396e+02, 3.45783417e+02,
    8.79702698e+02, 3.64619568e+02, 9.00623840e+02, 3.83536499e+02,
    9.21415161e+02, 4.02513672e+02, 9.42233643e+02, 4.21392456e+02,
    9.62925598e+02, 4.39998871e+02, 9.83720154e+02, 4.58776398e+02,
    8.40355286e+02, 3.66678528e+02, 8.61207031e+02, 3.85579193e+02,
    8.81928284e+02, 4.04473633e+02, 9.02794495e+02, 4.23404297e+02,
    9.23536865e+02, 4.41955658e+02, 9.44428284e+02, 4.60741425e+02,
    9.65072083e+02, 4.79466919e+02, 8.21619141e+02, 3.87548370e+02,
    8.42585693e+02, 4.06426270e+02, 8.63485718e+02, 4.25221313e+02,
    8.84314026e+02, 4.44061798e+02, 9.04894897e+02, 4.62764343e+02,
    9.25778625e+02, 4.81475800e+02, 9.46568909e+02, 5.00165924e+02,
    8.02976929e+02, 4.08317719e+02, 8.23874634e+02, 4.27246796e+02,
    8.44856018e+02, 4.45988647e+02, 8.65754761e+02, 4.64623077e+02,
    8.86457886e+02, 4.83470215e+02, 9.07148682e+02, 5.02264526e+02,
    9.27807190e+02, 5.20916016e+02 ]
