%YAML:1.0
---
points: [ 1.87207672e+02, 2.01092682e+02, 1.87202286e+02, 2.15340469e+02,
    1.87265015e+02, 2.29417801e+02, 1.87271713e+02, 2.43053696e+02,
    1.87353424e+02, 2.56475403e+02, 1.87372925e+02, 2.69573425e+02,
    1.87426056e+02, 2.82645844e+02, 1.71780838e+02, 2.00604797e+02,
    1.72228851e+02, 2.14884720e+02, 1.72310974e+02, 2.29048920e+02,
    1.72528137e+02, 2.42799179e+02, 1.72796356e+02, 2.56242737e+02,
    1.72949860e+02, 2.69510864e+02, 1.73206070e+02, 2.82455078e+02,
    1.56436905e+02, 2.00167770e+02, 1.56966080e+02, 2.14549927e+02,
    1.57347061e+02, 2.28659439e+02, 1.57735855e+02, 2.42479080e+02,
    1.58175522e+02, 2.56115509e+02, 1.58397995e+02, 2.69366211e+02,
    1.58734940e+02, 2.82403809e+02, 1.40835434e+02, 1.99675903e+02,
    1.41482010e+02, 2.14141434e+02, 1.42130722e+02, 2.28375259e+02,
    1.42754517e+02, 2.42266769e+02, 1.43233856e+02, 2.55900711e+02,
    1.43765762e+02, 2.69224243e+02, 1.44251724e+02, 2.82320831e+02,
    1.25232864e+02, 1.99150314e+02, 1.26117340e+02, 2.13731506e+02,
    1.26888420e+02, 2.27944199e+02, 1.27623131e+02, 2.41870590e+02,
    1.28394104e+02, 2.55713776e+02, 1.29045547e+02, 2.69030548e+02,
    1.29674881e+02, 2.82136139e+02, 1.09447304e+02, 1.98707550e+02,
    1.10571083e+02, 2.13460297e+02, 1.11514030e+02, 2.27605133e+02,
    1.12485931e+02, 2.41681168e+02, 1.13333977e+02, 2.55536606e+02,
    1.14167206e+02, 2.68886597e+02, 1.15005928e+02, 2.82019257e+02,
    9.36842575e+01, 1.98341293e+02, 9.48365097e+01, 2.12908188e+02,
    9.59691315e+01, 2.27453293e+02, 9.71677322e+01, 2.41609329e+02,
    9.82137222e+01, 2.55516541e+02, 9.92228699e+01, 2.68737793e+02,
    1.00286926e+02, 2.81852753e+02, 7.77097473e+01, 1.97827606e+02,
    7.93342285e+01, 2.12775253e+02, 8.05413208e+01, 2.27098297e+02,
    8.18178635e+01, 2.41296692e+02, 8.29981995e+01, 2.54898697e+02,
    8.43047638e+01, 2.68774658e+02, 8.54873428e+01, 2.81874512e+02,
    6.20170822e+01, 1.97653000e+02, 6.35756798e+01, 2.12500015e+02,
    6.50679474e+01, 2.26735825e+02, 6.65352020e+01, 2.40828369e+02,
    6.80312576e+01, 2.54895569e+02, 6.93299637e+01, 2.68381836e+02,
    7.07711411e+01, 2.81636536e+02 ]
