%YAML:1.0
---
points: [ 9.77088440e+02, 3.56463806e+02, 9.94555908e+02, 3.60525360e+02,
    1.01143854e+03, 3.64454315e+02, 1.02760498e+03, 3.67857971e+02,
    1.04344873e+03, 3.71351715e+02, 1.05865161e+03, 3.74555573e+02,
    1.07335095e+03, 3.77533997e+02, 9.77112976e+02, 3.88553192e+02,
    9.94517700e+02, 3.91873230e+02, 1.01138019e+03, 3.94973694e+02,
    1.02755212e+03, 3.97789673e+02, 1.04350696e+03, 4.00594055e+02,
    1.05858435e+03, 4.03260620e+02, 1.07323975e+03, 4.05683319e+02,
    9.77242188e+02, 4.20490112e+02, 9.94631897e+02, 4.23195526e+02,
    1.01147803e+03, 4.25373810e+02, 1.02771411e+03, 4.27670410e+02,
    1.04356616e+03, 4.29665588e+02, 1.05873950e+03, 4.31639069e+02,
    1.07331042e+03, 4.33629578e+02, 9.77148499e+02, 4.52532166e+02,
    9.94622925e+02, 4.54370575e+02, 1.01148553e+03, 4.55751740e+02,
    1.02775122e+03, 4.57380646e+02, 1.04359338e+03, 4.58855499e+02,
    1.05877283e+03, 4.60261841e+02, 1.07341772e+03, 4.61520752e+02,
    9.76953857e+02, 4.84421661e+02, 9.94492554e+02, 4.85443298e+02,
    1.01143707e+03, 4.86361542e+02, 1.02774463e+03, 4.87178192e+02,
    1.04355542e+03, 4.87884277e+02, 1.05874536e+03, 4.88618317e+02,
    1.07348132e+03, 4.89458160e+02, 9.76960449e+02, 5.16322998e+02,
    9.94625488e+02, 5.16538635e+02, 1.01162573e+03, 5.16808899e+02,
    1.02804968e+03, 5.16881592e+02, 1.04386975e+03, 5.17035950e+02,
    1.05904199e+03, 5.17277527e+02, 1.07355432e+03, 5.17440918e+02,
    9.77382263e+02, 5.48172668e+02, 9.94986877e+02, 5.47568726e+02,
    1.01197534e+03, 5.47005737e+02, 1.02839600e+03, 5.46458130e+02,
    1.04432886e+03, 5.46032898e+02, 1.05948962e+03, 5.45558655e+02,
    1.07406946e+03, 5.45155029e+02, 9.77624817e+02, 5.80090637e+02,
    9.95426575e+02, 5.78562012e+02, 1.01232178e+03, 5.77319946e+02,
    1.02865076e+03, 5.76238770e+02, 1.04456006e+03, 5.75208008e+02,
    1.05973938e+03, 5.74185669e+02, 1.07444666e+03, 5.73104736e+02,
    9.77931091e+02, 6.11865479e+02, 9.95729187e+02, 6.09604065e+02,
    1.01276752e+03, 6.07838501e+02, 1.02914661e+03, 6.06032776e+02,
    1.04499890e+03, 6.04169006e+02, 1.06016138e+03, 6.02505249e+02,
    1.07471118e+03, 6.01042236e+02 ]
