%YAML:1.0
---
points: [ 2.77016113e+02, 1.13511490e+02, 2.84100311e+02, 1.20076630e+02,
    2.91153046e+02, 1.26512421e+02, 2.98245728e+02, 1.33020569e+02,
    3.05262512e+02, 1.39448624e+02, 3.12375092e+02, 1.45853867e+02,
    3.19441528e+02, 1.52347595e+02, 2.70592560e+02, 1.20747162e+02,
    2.77687531e+02, 1.27250725e+02, 2.84706177e+02, 1.33746643e+02,
    2.91757507e+02, 1.40232620e+02, 2.98863220e+02, 1.46647705e+02,
    3.05907104e+02, 1.52972351e+02, 3.13019775e+02, 1.59447037e+02,
    2.64202118e+02, 1.27963196e+02, 2.71236023e+02, 1.34450897e+02,
    2.78363220e+02, 1.40901764e+02, 2.85391571e+02, 1.47295212e+02,
    2.92467987e+02, 1.53739685e+02, 2.99514557e+02, 1.60171356e+02,
    3.06584656e+02, 1.66643829e+02, 2.57814697e+02, 1.35161499e+02,
    2.64839203e+02, 1.41614166e+02, 2.71955170e+02, 1.48061356e+02,
    2.78997925e+02, 1.54557877e+02, 2.85976776e+02, 1.60936584e+02,
    2.93088043e+02, 1.67265137e+02, 3.00215851e+02, 1.73670547e+02,
    2.51466644e+02, 1.42305435e+02, 2.58498962e+02, 1.48811295e+02,
    2.65548584e+02, 1.55149231e+02, 2.72637451e+02, 1.61603226e+02,
    2.79652588e+02, 1.67962082e+02, 2.86725708e+02, 1.74362457e+02,
    2.93787079e+02, 1.80793900e+02, 2.45087799e+02, 1.49472946e+02,
    2.52199677e+02, 1.55807312e+02, 2.59180969e+02, 1.62257339e+02,
    2.66308319e+02, 1.68685898e+02, 2.73317200e+02, 1.74960617e+02,
    2.80420319e+02, 1.81429672e+02, 2.87461731e+02, 1.87751709e+02,
    2.38772232e+02, 1.56600998e+02, 2.45843933e+02, 1.62923218e+02,
    2.52893646e+02, 1.69308792e+02, 2.59872864e+02, 1.75749283e+02,
    2.66990082e+02, 1.82192245e+02, 2.73974426e+02, 1.88523254e+02,
    2.81100128e+02, 1.94856171e+02, 2.32506302e+02, 1.63614807e+02,
    2.39566010e+02, 1.70087006e+02, 2.46566940e+02, 1.76548981e+02,
    2.53519760e+02, 1.82947723e+02, 2.60621582e+02, 1.89175644e+02,
    2.67831573e+02, 1.95394821e+02, 2.74750519e+02, 2.01854782e+02,
    2.26097244e+02, 1.70673050e+02, 2.33212952e+02, 1.77078949e+02,
    2.40274292e+02, 1.83497192e+02, 2.47199844e+02, 1.89642944e+02,
    2.54475845e+02, 1.96436508e+02, 2.61216370e+02, 2.02409409e+02,
    2.68495667e+02, 2.09068695e+02 ]
