%YAML:1.0
---
points: [ 9.74498047e+02, 1.14339325e+02, 9.94132935e+02, 1.23632858e+02,
    1.01275439e+03, 1.32498489e+02, 1.03121289e+03, 1.41178482e+02,
    1.04874951e+03, 1.49033325e+02, 1.06595349e+03, 1.56659485e+02,
    1.08235840e+03, 1.64022095e+02, 9.73185913e+02, 1.47511658e+02,
    9.92450012e+02, 1.56152756e+02, 1.01147296e+03, 1.64340256e+02,
    1.02950073e+03, 1.72031952e+02, 1.04747937e+03, 1.79420853e+02,
    1.06445630e+03, 1.86498413e+02, 1.08076294e+03, 1.93185120e+02,
    9.71677490e+02, 1.80504059e+02, 9.91195557e+02, 1.88458664e+02,
    1.01009534e+03, 1.95883759e+02, 1.02834766e+03, 2.02796402e+02,
    1.04601624e+03, 2.09585342e+02, 1.06319287e+03, 2.16012436e+02,
    1.07943274e+03, 2.22225006e+02, 9.70342468e+02, 2.13486969e+02,
    9.89732300e+02, 2.20524551e+02, 1.00856989e+03, 2.27262527e+02,
    1.02695105e+03, 2.33659485e+02, 1.04462207e+03, 2.39607422e+02,
    1.06157251e+03, 2.45408081e+02, 1.07812329e+03, 2.51022064e+02,
    9.68696716e+02, 2.46255356e+02, 9.88120178e+02, 2.52533218e+02,
    1.00715533e+03, 2.58570343e+02, 1.02548108e+03, 2.64207306e+02,
    1.04319617e+03, 2.69683624e+02, 1.06025830e+03, 2.74667938e+02,
    1.07654443e+03, 2.79669128e+02, 9.67354431e+02, 2.78781219e+02,
    9.86828125e+02, 2.84369720e+02, 1.00593848e+03, 2.89549652e+02,
    1.02421655e+03, 2.94530060e+02, 1.04205066e+03, 2.99386566e+02,
    1.05902979e+03, 3.03786926e+02, 1.07529578e+03, 3.08311920e+02,
    9.66156372e+02, 3.11162323e+02, 9.85759827e+02, 3.15807922e+02,
    1.00486292e+03, 3.20403442e+02, 1.02323633e+03, 3.24636963e+02,
    1.04084436e+03, 3.28936768e+02, 1.05806946e+03, 3.32865906e+02,
    1.07433594e+03, 3.36565674e+02, 9.65098572e+02, 3.43417053e+02,
    9.84776794e+02, 3.47424438e+02, 1.00363928e+03, 3.51170868e+02,
    1.02210004e+03, 3.54950165e+02, 1.03970837e+03, 3.58361359e+02,
    1.05678638e+03, 3.61608398e+02, 1.07334094e+03, 3.65064575e+02,
    9.63959839e+02, 3.75496216e+02, 9.83703430e+02, 3.78642303e+02,
    1.00270135e+03, 3.81862152e+02, 1.02123096e+03, 3.84866425e+02,
    1.03871326e+03, 3.87644562e+02, 1.05567285e+03, 3.90558624e+02,
    1.07212048e+03, 3.93098236e+02 ]
