%YAML:1.0
---
points: [ 2.07027100e+02, 2.04493576e+02, 2.06325058e+02, 2.13588623e+02,
    2.05644882e+02, 2.23070251e+02, 2.05049988e+02, 2.32782089e+02,
    2.04176086e+02, 2.43119812e+02, 2.03391556e+02, 2.53628189e+02,
    2.02508072e+02, 2.64969604e+02, 1.95039459e+02, 2.04233276e+02,
    1.94118683e+02, 2.13507629e+02, 1.93256134e+02, 2.22838684e+02,
    1.92138687e+02, 2.32742920e+02, 1.91175308e+02, 2.42893753e+02,
    1.90001862e+02, 2.53636536e+02, 1.88843445e+02, 2.64994843e+02,
    1.82935852e+02, 2.03929916e+02, 1.81912064e+02, 2.13161087e+02,
    1.80665039e+02, 2.22647644e+02, 1.79394150e+02, 2.32589233e+02,
    1.77929184e+02, 2.42877670e+02, 1.76458435e+02, 2.53564941e+02,
    1.74941406e+02, 2.64910278e+02, 1.70810837e+02, 2.03770981e+02,
    1.69451401e+02, 2.12913528e+02, 1.67912796e+02, 2.22597549e+02,
    1.66248047e+02, 2.32506348e+02, 1.64593979e+02, 2.42767181e+02,
    1.62824829e+02, 2.53595230e+02, 1.60986404e+02, 2.64895416e+02,
    1.58615860e+02, 2.03708374e+02, 1.56925949e+02, 2.12782318e+02,
    1.55106277e+02, 2.22493149e+02, 1.53244095e+02, 2.32392365e+02,
    1.51257263e+02, 2.42744492e+02, 1.49163315e+02, 2.53554245e+02,
    1.46860291e+02, 2.64867065e+02, 1.46322968e+02, 2.03468567e+02,
    1.44398254e+02, 2.12718262e+02, 1.42317673e+02, 2.22219772e+02,
    1.40103241e+02, 2.32167343e+02, 1.37780136e+02, 2.42634644e+02,
    1.35263306e+02, 2.53508453e+02, 1.32785004e+02, 2.64890289e+02,
    1.33918900e+02, 2.03017731e+02, 1.31702087e+02, 2.12525192e+02,
    1.29303055e+02, 2.21906494e+02, 1.26870567e+02, 2.31864853e+02,
    1.24174553e+02, 2.42470016e+02, 1.21427193e+02, 2.53326202e+02,
    1.18487450e+02, 2.64740143e+02, 1.21543892e+02, 2.02811920e+02,
    1.19020615e+02, 2.12090790e+02, 1.16369667e+02, 2.21686127e+02,
    1.13564079e+02, 2.31747177e+02, 1.10581261e+02, 2.42116486e+02,
    1.07474129e+02, 2.53084702e+02, 1.04216034e+02, 2.64682800e+02,
    1.09037605e+02, 2.02645859e+02, 1.06205452e+02, 2.11812286e+02,
    1.03213814e+02, 2.21588394e+02, 1.00188843e+02, 2.31535812e+02,
    9.69299850e+01, 2.41857376e+02, 9.35623779e+01, 2.52763092e+02,
    8.98284378e+01, 2.64554993e+02 ]
