%YAML:1.0
---
points: [ 2.24215775e+02, 1.25056534e+02, 2.32132538e+02, 1.30842865e+02,
    2.40036423e+02, 1.36601303e+02, 2.47912094e+02, 1.42278503e+02,
    2.55721848e+02, 1.47944962e+02, 2.63629456e+02, 1.53481903e+02,
    2.71504578e+02, 1.59164948e+02, 2.18703232e+02, 1.33142899e+02,
    2.26608032e+02, 1.38901306e+02, 2.34503128e+02, 1.44575729e+02,
    2.42328506e+02, 1.50295822e+02, 2.50257172e+02, 1.55844666e+02,
    2.58088623e+02, 1.61407089e+02, 2.65914948e+02, 1.67041336e+02,
    2.13246643e+02, 1.41142044e+02, 2.21124222e+02, 1.46859512e+02,
    2.29039230e+02, 1.52496399e+02, 2.36908875e+02, 1.58118622e+02,
    2.44759933e+02, 1.63735641e+02, 2.52639542e+02, 1.69198105e+02,
    2.60252686e+02, 1.74889267e+02, 2.07845764e+02, 1.49099808e+02,
    2.15669846e+02, 1.54786209e+02, 2.23497314e+02, 1.60356323e+02,
    2.31400543e+02, 1.66104401e+02, 2.39056244e+02, 1.71492676e+02,
    2.46946777e+02, 1.77243500e+02, 2.54854980e+02, 1.82887802e+02,
    2.02371078e+02, 1.56996750e+02, 2.10243057e+02, 1.62605972e+02,
    2.18022903e+02, 1.68212143e+02, 2.25954468e+02, 1.73769226e+02,
    2.33658203e+02, 1.79415817e+02, 2.41557587e+02, 1.84936035e+02,
    2.49304153e+02, 1.90602264e+02, 1.96928558e+02, 1.64947281e+02,
    2.04745636e+02, 1.70362045e+02, 2.12674133e+02, 1.76042282e+02,
    2.20371857e+02, 1.81566544e+02, 2.28218781e+02, 1.87059311e+02,
    2.36079391e+02, 1.92717361e+02, 2.43809784e+02, 1.98280304e+02,
    1.91528503e+02, 1.72691940e+02, 1.99352737e+02, 1.78263733e+02,
    2.07165268e+02, 1.83892395e+02, 2.14943619e+02, 1.89428299e+02,
    2.22699966e+02, 1.94956314e+02, 2.30521790e+02, 2.00526489e+02,
    2.38203735e+02, 2.05890549e+02, 1.86131805e+02, 1.80453781e+02,
    1.93941498e+02, 1.86043030e+02, 2.01840210e+02, 1.91603195e+02,
    2.09637314e+02, 1.97055466e+02, 2.17340454e+02, 2.02684296e+02,
    2.25019974e+02, 2.08213486e+02, 2.32913681e+02, 2.13733063e+02,
    1.80639816e+02, 1.88217422e+02, 1.88544952e+02, 1.93786011e+02,
    1.96346497e+02, 1.99306686e+02, 2.04217819e+02, 2.04853973e+02,
    2.11903030e+02, 2.10354248e+02, 2.19697266e+02, 2.15901566e+02,
    2.27303162e+02, 2.21362320e+02 ]
