%YAML:1.0
---
points: [ 7.96373291e+02, 2.74005554e+02, 8.19770203e+02, 2.90875031e+02,
    8.43097961e+02, 3.07781677e+02, 8.66488525e+02, 3.24533569e+02,
    8.89574036e+02, 3.41142212e+02, 9.12810425e+02, 3.57771057e+02,
    9.35892151e+02, 3.74477692e+02, 7.80359680e+02, 2.97664612e+02,
    8.03619385e+02, 3.14377625e+02, 8.27060547e+02, 3.31342163e+02,
    8.50254517e+02, 3.47924225e+02, 8.73458679e+02, 3.64586304e+02,
    8.96468018e+02, 3.81246033e+02, 9.19700806e+02, 3.97699615e+02,
    7.64206238e+02, 3.21206635e+02, 7.87551880e+02, 3.37840576e+02,
    8.10742920e+02, 3.54674683e+02, 8.34125488e+02, 3.71305817e+02,
    8.57285278e+02, 3.87758667e+02, 8.80386475e+02, 4.04425568e+02,
    9.03434448e+02, 4.20778259e+02, 7.48385254e+02, 3.44580292e+02,
    7.71626160e+02, 3.61118286e+02, 7.94945007e+02, 3.77885651e+02,
    8.18162781e+02, 3.94383362e+02, 8.41174866e+02, 4.10877686e+02,
    8.64234985e+02, 4.27504517e+02, 8.87210632e+02, 4.43835571e+02,
    7.32346985e+02, 3.67828247e+02, 7.55608032e+02, 3.84450104e+02,
    7.78787476e+02, 4.01070099e+02, 8.02181152e+02, 4.17566376e+02,
    8.25112000e+02, 4.33935944e+02, 8.48225708e+02, 4.50510376e+02,
    8.71108582e+02, 4.66793427e+02, 7.16325867e+02, 3.91079041e+02,
    7.39547180e+02, 4.07593903e+02, 7.62822144e+02, 4.24099213e+02,
    7.85928711e+02, 4.40540894e+02, 8.08996460e+02, 4.56925720e+02,
    8.31935120e+02, 4.73310455e+02, 8.54845032e+02, 4.89627533e+02,
    7.00422180e+02, 4.14010803e+02, 7.23719788e+02, 4.30574005e+02,
    7.46780273e+02, 4.47021393e+02, 7.70004883e+02, 4.63450806e+02,
    7.92897583e+02, 4.79693756e+02, 8.15900391e+02, 4.96199341e+02,
    8.38702820e+02, 5.12410217e+02, 6.84548340e+02, 4.37102020e+02,
    7.07726440e+02, 4.53413452e+02, 7.30897949e+02, 4.69868835e+02,
    7.54049744e+02, 4.86214020e+02, 7.76954285e+02, 5.02508087e+02,
    7.99935791e+02, 5.18825439e+02, 8.22669006e+02, 5.35202698e+02,
    6.68543396e+02, 4.59934143e+02, 6.91716064e+02, 4.76390411e+02,
    7.14946777e+02, 4.92631012e+02, 7.38054810e+02, 5.09087219e+02,
    7.60893311e+02, 5.25229248e+02, 7.83867798e+02, 5.41645020e+02,
    8.06611633e+02, 5.57833130e+02 ]
