%YAML:1.0
---
points: [ 1.43170532e+03, 1.31659103e+02, 1.43134912e+03, 1.51557983e+02,
    1.43071753e+03, 1.71417709e+02, 1.43020581e+03, 1.91459534e+02,
    1.42958423e+03, 2.11255783e+02, 1.42928870e+03, 2.31037476e+02,
    1.42888306e+03, 2.50666656e+02, 1.41180261e+03, 1.31447571e+02,
    1.41144824e+03, 1.51230988e+02, 1.41087708e+03, 1.71225067e+02,
    1.41045874e+03, 1.91202240e+02, 1.40979761e+03, 2.11084381e+02,
    1.40948303e+03, 2.30599060e+02, 1.40906726e+03, 2.50499878e+02,
    1.39198169e+03, 1.31048904e+02, 1.39145947e+03, 1.50976685e+02,
    1.39099377e+03, 1.70883957e+02, 1.39052881e+03, 1.90949982e+02,
    1.39009790e+03, 2.10527771e+02, 1.38959607e+03, 2.30420547e+02,
    1.38938782e+03, 2.50212952e+02, 1.37225024e+03, 1.30909561e+02,
    1.37165857e+03, 1.50686264e+02, 1.37117358e+03, 1.70647079e+02,
    1.37060291e+03, 1.90537781e+02, 1.37029541e+03, 2.10379684e+02,
    1.36973828e+03, 2.30068497e+02, 1.36949866e+03, 2.49945145e+02,
    1.35252405e+03, 1.30522141e+02, 1.35200110e+03, 1.50532455e+02,
    1.35140356e+03, 1.70357925e+02, 1.35075745e+03, 1.90372650e+02,
    1.35043909e+03, 2.09966141e+02, 1.34994348e+03, 2.29780579e+02,
    1.34961938e+03, 2.49522278e+02, 1.33262683e+03, 1.30295197e+02,
    1.33232910e+03, 1.50155045e+02, 1.33173499e+03, 1.70086243e+02,
    1.33136108e+03, 1.89806320e+02, 1.33066809e+03, 2.09597519e+02,
    1.33037683e+03, 2.29419052e+02, 1.32998889e+03, 2.49303360e+02,
    1.31288306e+03, 1.29781128e+02, 1.31238220e+03, 1.49718277e+02,
    1.31187415e+03, 1.69667542e+02, 1.31146204e+03, 1.89582520e+02,
    1.31098169e+03, 2.09352905e+02, 1.31054102e+03, 2.29235886e+02,
    1.31040430e+03, 2.48766037e+02, 1.29330420e+03, 1.29544403e+02,
    1.29259229e+03, 1.49471024e+02, 1.29212122e+03, 1.69468521e+02,
    1.29155432e+03, 1.89324738e+02, 1.29125708e+03, 2.09013031e+02,
    1.29084033e+03, 2.28745087e+02, 1.29050879e+03, 2.48558182e+02,
    1.27354883e+03, 1.29254120e+02, 1.27310706e+03, 1.49275238e+02,
    1.27251306e+03, 1.69074661e+02, 1.27181226e+03, 1.88906326e+02,
    1.27148755e+03, 2.08607666e+02, 1.27106396e+03, 2.28504242e+02,
    1.27071338e+03, 2.48297699e+02 ]
