%YAML:1.0
---
points: [ 2.36522446e+02, 2.06068253e+02, 2.41250000e+02, 214.,
    2.48565720e+02, 2.20097687e+02, 2.54418701e+02, 2.27434525e+02,
    2.60830780e+02, 2.34619766e+02, 2.66923065e+02, 2.41787567e+02,
    2.73261383e+02, 2.48906143e+02, 2.28618683e+02, 2.12654099e+02,
    2.34884216e+02, 2.19538742e+02, 2.41182465e+02, 2.26754837e+02,
    2.47362152e+02, 2.33755966e+02, 2.53688263e+02, 2.40894821e+02,
    2.59927551e+02, 2.47921066e+02, 2.66231262e+02, 2.55108521e+02,
    2.21495667e+02, 2.18815414e+02, 2.27944717e+02, 2.25783707e+02,
    2.34171051e+02, 2.32947174e+02, 2.40388245e+02, 2.40124588e+02,
    2.46634491e+02, 2.47098267e+02, 2.52853928e+02, 2.54290512e+02,
    2.59160889e+02, 2.61497864e+02, 2.14458374e+02, 2.25127640e+02,
    2.20794891e+02, 2.32188370e+02, 2.27028595e+02, 2.39230240e+02,
    2.33244843e+02, 2.46330688e+02, 2.39521469e+02, 2.53465332e+02,
    2.45845673e+02, 2.60497253e+02, 2.52178009e+02, 2.67636292e+02,
    2.07396729e+02, 2.31283875e+02, 2.13704727e+02, 2.38385742e+02,
    2.19956726e+02, 2.45519821e+02, 2.26247528e+02, 2.52581360e+02,
    2.32494415e+02, 2.59622345e+02, 2.38745667e+02, 2.66773010e+02,
    2.45020798e+02, 2.73967468e+02, 2.00313232e+02, 2.37642014e+02,
    2.06605087e+02, 2.44668610e+02, 2.12870422e+02, 2.51786255e+02,
    2.19158524e+02, 2.58835663e+02, 2.25419250e+02, 2.65870758e+02,
    2.31703003e+02, 2.73090424e+02, 2.38031921e+02, 2.80221344e+02,
    1.93233719e+02, 2.43848068e+02, 1.99450150e+02, 2.51026672e+02,
    2.05726639e+02, 2.58024689e+02, 2.12042053e+02, 2.65173279e+02,
    2.18280655e+02, 2.72223206e+02, 2.24555908e+02, 2.79462708e+02,
    2.30792572e+02, 2.86594940e+02, 1.86065186e+02, 2.50234955e+02,
    1.92377548e+02, 2.57244324e+02, 1.98696320e+02, 2.64321747e+02,
    2.04995804e+02, 2.71433350e+02, 2.11173447e+02, 2.78542450e+02,
    2.17454056e+02, 2.85651886e+02, 2.23792801e+02, 2.92851746e+02,
    1.78881042e+02, 2.56460083e+02, 1.85226196e+02, 2.63586792e+02,
    1.91533203e+02, 2.70632019e+02, 1.97848465e+02, 2.77723114e+02,
    2.04142044e+02, 2.84854156e+02, 2.10347900e+02, 2.92008057e+02,
    2.16613510e+02, 2.99290588e+02 ]
