%YAML:1.0
---
points: [ 8.31438660e+02, 5.13362793e+02, 8.49925293e+02, 5.34249390e+02,
    8.68412170e+02, 5.55097961e+02, 8.86842102e+02, 5.76048157e+02,
    9.05335388e+02, 5.96869019e+02, 9.23787720e+02, 6.17808899e+02,
    9.42330322e+02, 6.38805664e+02, 8.10546448e+02, 5.31668457e+02,
    8.29205872e+02, 5.52587646e+02, 8.47581604e+02, 5.73455811e+02,
    8.66183716e+02, 5.94440002e+02, 8.84526794e+02, 6.15355225e+02,
    9.03040039e+02, 6.36315002e+02, 9.21523254e+02, 6.57269348e+02,
    7.89685730e+02, 5.50234192e+02, 8.08247498e+02, 5.71073975e+02,
    8.26755798e+02, 5.92013428e+02, 8.45304810e+02, 6.12849121e+02,
    8.63656677e+02, 6.33702026e+02, 8.82219177e+02, 6.54612305e+02,
    9.00587463e+02, 6.75695862e+02, 7.68836609e+02, 5.68614990e+02,
    7.87474915e+02, 5.89504211e+02, 8.05858459e+02, 6.10393372e+02,
    8.24517212e+02, 6.31342468e+02, 8.42875977e+02, 6.52156677e+02,
    8.61402039e+02, 6.73199402e+02, 8.79771973e+02, 6.94172852e+02,
    7.47888611e+02, 5.87148193e+02, 7.66490234e+02, 6.07949158e+02,
    7.84955933e+02, 6.28850342e+02, 8.03550232e+02, 6.49693787e+02,
    8.22006287e+02, 6.70618286e+02, 8.40477966e+02, 6.91640564e+02,
    8.58839844e+02, 7.12748779e+02, 7.26806335e+02, 6.05585083e+02,
    7.45532166e+02, 6.26508301e+02, 7.63960571e+02, 6.47383179e+02,
    7.82584412e+02, 6.68418579e+02, 8.01013428e+02, 6.89231567e+02,
    8.19528015e+02, 7.10311829e+02, 8.37880615e+02, 7.31335388e+02,
    7.05728210e+02, 6.24307678e+02, 7.24459290e+02, 6.45092651e+02,
    7.43027893e+02, 6.66088806e+02, 7.61515259e+02, 6.86969910e+02,
    7.80056396e+02, 7.07796326e+02, 7.98512146e+02, 7.28824402e+02,
    8.16913330e+02, 7.50048706e+02, 6.84584473e+02, 6.42770935e+02,
    7.03413208e+02, 6.63690613e+02, 7.21838989e+02, 6.84554321e+02,
    7.40608521e+02, 7.05519165e+02, 7.59025940e+02, 7.26433350e+02,
    7.77547180e+02, 7.47501587e+02, 7.95949341e+02, 7.68609741e+02,
    6.63246582e+02, 6.61570740e+02, 6.82092957e+02, 6.82375305e+02,
    7.00751831e+02, 7.03243958e+02, 7.19402405e+02, 7.24307312e+02,
    7.37883179e+02, 7.45190063e+02, 7.56480408e+02, 7.66263367e+02,
    7.74857544e+02, 7.87474854e+02 ]
