%YAML:1.0
---
points: [ 1.44135452e+02, 2.03977066e+02, 1.53442886e+02, 2.17175903e+02,
    1.62584122e+02, 2.30298294e+02, 1.71516037e+02, 2.43345840e+02,
    1.80439041e+02, 2.56562836e+02, 1.89210434e+02, 2.69642975e+02,
    1.98025986e+02, 2.82808380e+02, 1.34418518e+02, 2.11865768e+02,
    1.43631653e+02, 2.24735519e+02, 1.52624435e+02, 2.37629013e+02,
    1.61413101e+02, 2.50496658e+02, 1.70164505e+02, 2.63412781e+02,
    1.78895218e+02, 2.76193024e+02, 1.87613464e+02, 2.89091553e+02,
    1.25128441e+02, 2.19418503e+02, 1.34146698e+02, 2.32072632e+02,
    1.42962799e+02, 2.44748672e+02, 1.51699387e+02, 2.57345306e+02,
    1.60273972e+02, 2.69970673e+02, 1.68805099e+02, 2.82672211e+02,
    1.77323929e+02, 2.95296753e+02, 1.16116676e+02, 2.26801376e+02,
    1.24973282e+02, 2.39191193e+02, 1.33733429e+02, 2.51628448e+02,
    1.42226654e+02, 2.63963654e+02, 1.50680801e+02, 2.76470703e+02,
    1.59104172e+02, 2.88857178e+02, 1.67509689e+02, 3.01279816e+02,
    1.07578094e+02, 2.33815399e+02, 1.16250244e+02, 2.45997528e+02,
    1.24796936e+02, 2.58185364e+02, 1.33156448e+02, 2.70374359e+02,
    1.41541580e+02, 2.82636383e+02, 1.49779800e+02, 2.94776764e+02,
    1.58024094e+02, 3.07029633e+02, 9.92344666e+01, 2.40642822e+02,
    1.07748482e+02, 2.52557693e+02, 1.16139969e+02, 2.64621460e+02,
    1.24343346e+02, 2.76589264e+02, 1.32541641e+02, 2.88621765e+02,
    1.40692581e+02, 3.00578918e+02, 1.48884674e+02, 3.12554169e+02,
    9.11210632e+01, 2.47297241e+02, 9.94569473e+01, 2.59066833e+02,
    1.07636696e+02, 2.70832794e+02, 1.15775192e+02, 2.82649139e+02,
    1.23875282e+02, 2.94453369e+02, 1.31911194e+02, 3.06209381e+02,
    1.39932480e+02, 3.18029083e+02, 8.33590088e+01, 2.53620605e+02,
    9.15071411e+01, 2.65234619e+02, 9.96039963e+01, 2.76831085e+02,
    1.07600304e+02, 2.88381104e+02, 1.15534996e+02, 3.00069611e+02,
    1.23402321e+02, 3.11629272e+02, 1.31293045e+02, 3.23178497e+02,
    7.58158417e+01, 2.60032837e+02, 8.38275833e+01, 2.71267365e+02,
    9.17113571e+01, 2.82653412e+02, 9.96318512e+01, 2.94052704e+02,
    1.07450020e+02, 3.05306152e+02, 1.15327721e+02, 3.16793152e+02,
    1.23069305e+02, 3.28178925e+02 ]
