%YAML:1.0
---
points: [ 3.36077484e+02, 2.40511292e+02, 3.32128998e+02, 2.49119324e+02,
    3.28180573e+02, 2.57715271e+02, 3.24266205e+02, 2.66387299e+02,
    3.20320526e+02, 2.75055939e+02, 3.16436768e+02, 2.83728241e+02,
    3.12531860e+02, 2.92473694e+02, 3.27438873e+02, 2.36507217e+02,
    3.23442230e+02, 2.45127167e+02, 3.19521240e+02, 2.53720795e+02,
    3.15574554e+02, 2.62309723e+02, 3.11610931e+02, 2.71086914e+02,
    3.07848083e+02, 2.79671204e+02, 3.03888763e+02, 2.88519226e+02,
    3.18792389e+02, 2.32564850e+02, 3.14766693e+02, 2.41174072e+02,
    3.10853821e+02, 2.49773834e+02, 3.06919128e+02, 2.58414185e+02,
    3.03074829e+02, 2.67037903e+02, 2.99047974e+02, 2.75697205e+02,
    2.95154022e+02, 2.84411438e+02, 3.10067749e+02, 2.28654770e+02,
    3.06170319e+02, 2.37227890e+02, 3.02258240e+02, 2.45789551e+02,
    2.98311584e+02, 2.54481094e+02, 2.94412689e+02, 2.63032104e+02,
    2.90431335e+02, 2.71710419e+02, 2.86618134e+02, 2.80478699e+02,
    3.01526245e+02, 2.24728394e+02, 2.97540039e+02, 2.33219177e+02,
    2.93643219e+02, 2.41851715e+02, 2.89684204e+02, 2.50510681e+02,
    2.85833893e+02, 2.59051727e+02, 2.81813446e+02, 2.67746246e+02,
    2.77970886e+02, 2.76451660e+02, 2.92885803e+02, 2.20772537e+02,
    2.89034149e+02, 2.29360672e+02, 2.85118286e+02, 2.37910217e+02,
    2.81240845e+02, 2.46542740e+02, 2.77255249e+02, 2.55143478e+02,
    2.73317413e+02, 2.63812500e+02, 2.69397675e+02, 2.72503174e+02,
    2.84286163e+02, 2.16896912e+02, 2.80423004e+02, 2.25334503e+02,
    2.76452179e+02, 2.33989548e+02, 2.72548248e+02, 2.42515198e+02,
    2.68593933e+02, 2.51194977e+02, 2.64606171e+02, 2.59841125e+02,
    2.60773468e+02, 2.68545197e+02, 2.75731720e+02, 2.12803986e+02,
    2.71851837e+02, 2.21497849e+02, 2.67910309e+02, 2.30066360e+02,
    2.63965240e+02, 2.38626373e+02, 2.60023163e+02, 2.47208450e+02,
    2.56190826e+02, 2.55865982e+02, 2.52229340e+02, 2.64594208e+02,
    2.67346436e+02, 2.09041702e+02, 2.63309875e+02, 2.17717285e+02,
    2.59412476e+02, 2.26167282e+02, 2.55481476e+02, 2.34749191e+02,
    2.51466400e+02, 2.43368759e+02, 2.47611435e+02, 2.51917603e+02,
    2.43558441e+02, 2.60735291e+02 ]
