%YAML:1.0
---
points: [ 3.02675110e+02, 2.32263428e+02, 3.01634094e+02, 2.41728745e+02,
    3.00805939e+02, 2.51119568e+02, 2.99842377e+02, 2.60610687e+02,
    2.98934143e+02, 2.70050140e+02, 2.98126801e+02, 2.79510712e+02,
    2.97183990e+02, 2.89081573e+02, 2.93209259e+02, 2.31360077e+02,
    2.92276154e+02, 2.40779144e+02, 2.91277588e+02, 2.50159897e+02,
    2.90397614e+02, 2.59586365e+02, 2.89525818e+02, 2.69204041e+02,
    2.88694305e+02, 2.78564575e+02, 2.87796204e+02, 2.88203033e+02,
    2.83872162e+02, 2.30394638e+02, 2.82863434e+02, 2.39772461e+02,
    2.81987610e+02, 2.49270004e+02, 2.81071289e+02, 2.58741730e+02,
    2.80167358e+02, 2.68158295e+02, 2.79231262e+02, 2.77588501e+02,
    2.78313202e+02, 2.87258057e+02, 2.74393738e+02, 2.29459869e+02,
    2.73451355e+02, 2.38949432e+02, 2.72566772e+02, 2.48293182e+02,
    2.71701782e+02, 2.57785797e+02, 2.70739288e+02, 2.67194733e+02,
    2.69848572e+02, 2.76688812e+02, 2.68925629e+02, 2.86277283e+02,
    2.65030182e+02, 2.28563797e+02, 2.64028168e+02, 2.37927902e+02,
    2.63224701e+02, 2.47275177e+02, 2.62243256e+02, 2.56850342e+02,
    2.61323669e+02, 2.66237915e+02, 2.60396606e+02, 2.75755280e+02,
    2.59521332e+02, 2.85271240e+02, 2.55600296e+02, 2.27602402e+02,
    2.54737305e+02, 2.37167877e+02, 2.53838394e+02, 2.46524475e+02,
    2.53018707e+02, 2.55853607e+02, 2.52002426e+02, 2.65287018e+02,
    2.51090439e+02, 2.74848602e+02, 2.50111588e+02, 2.84420837e+02,
    2.45937576e+02, 2.26601654e+02, 2.45278931e+02, 2.36209137e+02,
    2.44346252e+02, 2.45540985e+02, 2.43448135e+02, 2.54931992e+02,
    2.42553375e+02, 2.64432312e+02, 2.41601425e+02, 2.73966370e+02,
    2.40683014e+02, 2.83424774e+02, 2.36823563e+02, 2.25738510e+02,
    2.36022049e+02, 2.35234360e+02, 2.35059662e+02, 2.44719772e+02,
    2.34146469e+02, 2.54072510e+02, 2.33158005e+02, 2.63401428e+02,
    2.32252396e+02, 2.72992493e+02, 2.31290741e+02, 2.82581268e+02,
    2.27703033e+02, 2.25063126e+02, 2.26499634e+02, 2.34381042e+02,
    2.25736588e+02, 2.43676392e+02, 2.24719177e+02, 2.53139267e+02,
    2.23836227e+02, 2.62593323e+02, 2.22832382e+02, 2.72151245e+02,
    2.21887100e+02, 2.81670197e+02 ]
