%YAML:1.0
---
points: [ 1.71616003e+03, 1.20859520e+02, 1.71544812e+03, 1.40562531e+02,
    1.71479468e+03, 1.60220093e+02, 1.71425159e+03, 1.79642838e+02,
    1.71361597e+03, 1.99267914e+02, 1.71320544e+03, 2.18755371e+02,
    1.71268347e+03, 2.38606934e+02, 1.69667175e+03, 1.19771645e+02,
    1.69621875e+03, 1.39526611e+02, 1.69544666e+03, 1.59307632e+02,
    1.69483997e+03, 1.78634506e+02, 1.69433362e+03, 1.98447021e+02,
    1.69377246e+03, 2.17895035e+02, 1.69334412e+03, 2.37595016e+02,
    1.67747241e+03, 1.18878853e+02, 1.67671167e+03, 1.38595520e+02,
    1.67614734e+03, 1.58178864e+02, 1.67550049e+03, 1.77661453e+02,
    1.67486792e+03, 1.97422501e+02, 1.67445288e+03, 2.17112686e+02,
    1.67410803e+03, 2.36575012e+02, 1.65806079e+03, 1.18266174e+02,
    1.65748169e+03, 1.37600754e+02, 1.65671094e+03, 1.57343094e+02,
    1.65613074e+03, 1.76805435e+02, 1.65543518e+03, 1.96538345e+02,
    1.65490063e+03, 2.16130356e+02, 1.65457947e+03, 2.35657364e+02,
    1.63863892e+03, 1.17134720e+02, 1.63803369e+03, 1.36649551e+02,
    1.63738684e+03, 1.56261307e+02, 1.63677100e+03, 1.76085922e+02,
    1.63624426e+03, 1.95567612e+02, 1.63554285e+03, 2.15277252e+02,
    1.63534717e+03, 2.34685547e+02, 1.61942139e+03, 1.16063095e+02,
    1.61868396e+03, 1.35602829e+02, 1.61799426e+03, 1.55397339e+02,
    1.61749890e+03, 1.74997116e+02, 1.61679602e+03, 1.94505096e+02,
    1.61645178e+03, 2.14242065e+02, 1.61607739e+03, 2.33630814e+02,
    1.59997559e+03, 1.15092064e+02, 1.59944922e+03, 1.34578522e+02,
    1.59862952e+03, 1.54451416e+02, 1.59788159e+03, 1.74136032e+02,
    1.59736084e+03, 1.93536224e+02, 1.59678564e+03, 2.13385895e+02,
    1.59657593e+03, 2.32833466e+02, 1.58053821e+03, 1.14231812e+02,
    1.57973926e+03, 1.33763748e+02, 1.57929443e+03, 1.53476013e+02,
    1.57852087e+03, 1.73091690e+02, 1.57796191e+03, 1.92579361e+02,
    1.57745642e+03, 2.12447083e+02, 1.57698425e+03, 2.31870987e+02,
    1.56105286e+03, 1.13245506e+02, 1.56042883e+03, 1.32774307e+02,
    1.55960034e+03, 1.52478485e+02, 1.55902832e+03, 1.72213226e+02,
    1.55850647e+03, 1.91734283e+02, 1.55784985e+03, 2.11530426e+02,
    1.55757642e+03, 2.30882843e+02 ]
