%YAML:1.0
---
points: [ 1.12665356e+03, 6.13891602e+02, 1.11518762e+03, 6.39325623e+02,
    1.10353979e+03, 6.64566833e+02, 1.09200122e+03, 6.90178650e+02,
    1.08043066e+03, 7.15560425e+02, 1.06876721e+03, 7.41307312e+02,
    1.05731702e+03, 7.66946655e+02, 1.10126636e+03, 6.02257263e+02,
    1.08964697e+03, 6.27427490e+02, 1.07807153e+03, 6.52897888e+02,
    1.06649048e+03, 6.78353882e+02, 1.05497119e+03, 7.03875427e+02,
    1.04342810e+03, 7.29400635e+02, 1.03166138e+03, 7.55201294e+02,
    1.07582446e+03, 5.90486145e+02, 1.06438745e+03, 6.15924561e+02,
    1.05263110e+03, 6.41327026e+02, 1.04125745e+03, 6.66738159e+02,
    1.02958167e+03, 6.92091858e+02, 1.01799268e+03, 7.17682800e+02,
    1.00645905e+03, 7.43355103e+02, 1.05058374e+03, 5.79039185e+02,
    1.03905322e+03, 6.04345032e+02, 1.02748499e+03, 6.29628662e+02,
    1.01581879e+03, 6.54919922e+02, 1.00430817e+03, 6.80481262e+02,
    9.92741577e+02, 7.05855957e+02, 9.81218445e+02, 7.31661316e+02,
    1.02537085e+03, 5.67527649e+02, 1.01381970e+03, 5.92731140e+02,
    1.00219653e+03, 6.17989868e+02, 9.90560608e+02, 6.43490967e+02,
    9.79101501e+02, 6.68770264e+02, 9.67454834e+02, 6.94407471e+02,
    9.55819336e+02, 7.19964905e+02, 1.00009210e+03, 5.55852539e+02,
    9.88552185e+02, 5.81153198e+02, 9.76993835e+02, 6.06505127e+02,
    9.65458008e+02, 6.31779846e+02, 9.53703186e+02, 6.57279602e+02,
    9.42287964e+02, 6.82758118e+02, 9.30557556e+02, 7.08391968e+02,
    9.74869751e+02, 5.44375977e+02, 9.63338379e+02, 5.69642151e+02,
    9.51711792e+02, 5.94913086e+02, 9.40272644e+02, 6.20429260e+02,
    9.28597290e+02, 6.45613953e+02, 9.16929565e+02, 6.71208313e+02,
    9.05276123e+02, 6.96655090e+02, 9.49716980e+02, 5.32768005e+02,
    9.38240112e+02, 5.58119446e+02, 9.26535400e+02, 5.83451294e+02,
    9.14992859e+02, 6.08759705e+02, 9.03439941e+02, 6.34138489e+02,
    8.91746338e+02, 6.59455811e+02, 8.79995850e+02, 6.85135986e+02,
    9.24516907e+02, 5.21313782e+02, 9.12999817e+02, 5.46578247e+02,
    9.01418762e+02, 5.71864014e+02, 8.89673157e+02, 5.97292603e+02,
    8.78241882e+02, 6.22488892e+02, 8.66591553e+02, 6.47937012e+02,
    8.54703674e+02, 6.73480591e+02 ]
