%YAML:1.0
---
points: [ 3.59805420e+02, 8.95085754e+01, 3.57326630e+02, 1.00389183e+02,
    3.55013763e+02, 1.10933876e+02, 3.52625549e+02, 1.21202057e+02,
    3.50444305e+02, 1.31150467e+02, 3.48184967e+02, 1.40841080e+02,
    3.45960602e+02, 1.50356384e+02, 3.48931427e+02, 8.82751236e+01,
    3.46697754e+02, 9.91728058e+01, 3.44459930e+02, 1.09744331e+02,
    3.42238800e+02, 1.19921021e+02, 3.40115967e+02, 1.29979874e+02,
    3.38246246e+02, 1.39557663e+02, 3.36095093e+02, 1.49091858e+02,
    3.38150879e+02, 8.70455704e+01, 3.35956360e+02, 9.78130188e+01,
    3.33912811e+02, 1.08484863e+02, 3.31875305e+02, 1.18698219e+02,
    3.30060516e+02, 1.28709351e+02, 3.28037689e+02, 1.38349777e+02,
    3.26211792e+02, 1.47868484e+02, 3.27401123e+02, 8.57816620e+01,
    3.25439148e+02, 9.66264725e+01, 3.23562866e+02, 1.07170876e+02,
    3.21708710e+02, 1.17481323e+02, 3.19858551e+02, 1.27432541e+02,
    3.18165710e+02, 1.37128281e+02, 3.16471802e+02, 1.46628662e+02,
    3.16715515e+02, 8.45888290e+01, 3.14864563e+02, 9.54044571e+01,
    3.13202423e+02, 1.05938286e+02, 3.11514832e+02, 1.16227791e+02,
    3.09887268e+02, 1.26225479e+02, 3.08280426e+02, 1.35969833e+02,
    3.06709747e+02, 1.45359451e+02, 3.06041138e+02, 8.33944778e+01,
    3.04454712e+02, 9.42587357e+01, 3.02929626e+02, 1.04719376e+02,
    3.01424683e+02, 1.15057022e+02, 2.99894531e+02, 1.25003082e+02,
    2.98473572e+02, 1.34766541e+02, 2.97090271e+02, 1.44284637e+02,
    2.95414917e+02, 8.21165543e+01, 2.93991730e+02, 9.31026993e+01,
    2.92635162e+02, 1.03609497e+02, 2.91216644e+02, 1.13840157e+02,
    2.89956848e+02, 1.23798843e+02, 2.88599335e+02, 1.33520706e+02,
    2.87379486e+02, 1.43015381e+02, 2.84954742e+02, 8.09557953e+01,
    2.83724823e+02, 9.18233490e+01, 2.82443970e+02, 1.02466011e+02,
    2.81309021e+02, 1.12664619e+02, 2.80078491e+02, 1.22590767e+02,
    2.79012878e+02, 1.32337250e+02, 2.77829315e+02, 1.41790222e+02,
    2.74510315e+02, 7.98171082e+01, 2.73368103e+02, 9.06536331e+01,
    2.72395111e+02, 1.01186821e+02, 2.71318146e+02, 1.11601173e+02,
    2.70316498e+02, 1.21340317e+02, 2.69312653e+02, 1.31149017e+02,
    2.68315857e+02, 1.40538406e+02 ]
