%YAML:1.0
---
points: [ 1.47684705e+03, 5.06718170e+02, 1.47609387e+03, 5.26428711e+02,
    1.47528967e+03, 5.46117859e+02, 1.47449573e+03, 5.65804321e+02,
    1.47355847e+03, 5.85586060e+02, 1.47286853e+03, 6.05378418e+02,
    1.47214636e+03, 6.25017944e+02, 1.45712402e+03, 5.05900421e+02,
    1.45617090e+03, 5.25561462e+02, 1.45522131e+03, 5.45375244e+02,
    1.45438074e+03, 5.65123291e+02, 1.45354102e+03, 5.84718689e+02,
    1.45292419e+03, 6.04447327e+02, 1.45238293e+03, 6.24365112e+02,
    1.43717908e+03, 5.05134705e+02, 1.43634094e+03, 5.24703735e+02,
    1.43534338e+03, 5.44528564e+02, 1.43440515e+03, 5.64374756e+02,
    1.43364929e+03, 5.83837219e+02, 1.43294958e+03, 6.03570679e+02,
    1.43243835e+03, 6.23378479e+02, 1.41720618e+03, 5.04308655e+02,
    1.41635791e+03, 5.24059753e+02, 1.41552710e+03, 5.43732605e+02,
    1.41451624e+03, 5.63444092e+02, 1.41374280e+03, 5.83125610e+02,
    1.41304260e+03, 6.02795532e+02, 1.41250562e+03, 6.22603577e+02,
    1.39728430e+03, 5.03529785e+02, 1.39637573e+03, 5.23403015e+02,
    1.39556592e+03, 5.42871277e+02, 1.39474524e+03, 5.62562683e+02,
    1.39409021e+03, 5.82258240e+02, 1.39334656e+03, 6.02024109e+02,
    1.39265149e+03, 6.21732727e+02, 1.37743213e+03, 5.02724792e+02,
    1.37650684e+03, 5.22512878e+02, 1.37565955e+03, 5.42235107e+02,
    1.37501062e+03, 5.61714539e+02, 1.37431555e+03, 5.81481201e+02,
    1.37361633e+03, 6.01223633e+02, 1.37314868e+03, 6.20869690e+02,
    1.35759729e+03, 5.02138031e+02, 1.35672729e+03, 5.21734863e+02,
    1.35584448e+03, 5.41324951e+02, 1.35523035e+03, 5.61051880e+02,
    1.35440454e+03, 5.80635620e+02, 1.35378442e+03, 6.00412292e+02,
    1.35338940e+03, 6.19938965e+02, 1.33774744e+03, 5.01440765e+02,
    1.33706494e+03, 5.20824707e+02, 1.33633984e+03, 5.40487793e+02,
    1.33536401e+03, 5.60261414e+02, 1.33457178e+03, 5.79760254e+02,
    1.33386865e+03, 5.99443054e+02, 1.33346619e+03, 6.19292725e+02,
    1.31805249e+03, 5.00522430e+02, 1.31724390e+03, 5.20154602e+02,
    1.31649365e+03, 5.39653442e+02, 1.31560913e+03, 5.59460266e+02,
    1.31503491e+03, 5.79011169e+02, 1.31431775e+03, 5.98570129e+02,
    1.31360803e+03, 6.18363525e+02 ]
