%YAML:1.0
---
points: [ 1.18925183e+03, 1.69100571e+02, 1.18258655e+03, 2.01502960e+02,
    1.17642151e+03, 2.32666275e+02, 1.17048181e+03, 2.62959381e+02,
    1.16474353e+03, 2.92404358e+02, 1.15928796e+03, 3.20989685e+02,
    1.15377002e+03, 3.48765411e+02, 1.15713806e+03, 1.65510330e+02,
    1.15134753e+03, 1.97669708e+02, 1.14559399e+03, 2.29038055e+02,
    1.14002979e+03, 2.59429291e+02, 1.13486121e+03, 2.88538208e+02,
    1.12963513e+03, 3.17334045e+02, 1.12474011e+03, 3.45044617e+02,
    1.12546411e+03, 1.61740860e+02, 1.12010071e+03, 1.94083328e+02,
    1.11503052e+03, 2.25373062e+02, 1.11006787e+03, 2.55757812e+02,
    1.10535083e+03, 2.85171539e+02, 1.10057507e+03, 3.13511780e+02,
    1.09604248e+03, 3.41421997e+02, 1.09383423e+03, 1.58281128e+02,
    1.08935364e+03, 1.90568085e+02, 1.08454895e+03, 2.21833954e+02,
    1.08018701e+03, 2.52159576e+02, 1.07565332e+03, 2.81478607e+02,
    1.07148999e+03, 3.09779327e+02, 1.06751294e+03, 3.37768494e+02,
    1.06261450e+03, 1.54660172e+02, 1.05846313e+03, 1.87008606e+02,
    1.05429224e+03, 2.18149414e+02, 1.05024731e+03, 2.48608368e+02,
    1.04653137e+03, 2.77582245e+02, 1.04273511e+03, 3.06456421e+02,
    1.03903662e+03, 3.34118500e+02, 1.03151599e+03, 1.51099380e+02,
    1.02777942e+03, 1.83355453e+02, 1.02414758e+03, 2.14582825e+02,
    1.02080835e+03, 2.44895905e+02, 1.01736920e+03, 2.74290924e+02,
    1.01394592e+03, 3.02707062e+02, 1.01080493e+03, 3.30523132e+02,
    1.00052814e+03, 1.47588715e+02, 9.97286072e+02, 1.79922073e+02,
    9.94364319e+02, 2.11115112e+02, 9.91253540e+02, 2.41335541e+02,
    9.88342957e+02, 2.70583649e+02, 9.85478821e+02, 2.99199524e+02,
    9.82475525e+02, 3.27019470e+02, 9.69674805e+02, 1.44196411e+02,
    9.67075317e+02, 1.76317551e+02, 9.64488403e+02, 2.07525055e+02,
    9.61995972e+02, 2.37711685e+02, 9.59490479e+02, 2.66900909e+02,
    9.57125488e+02, 2.95569977e+02, 9.54520386e+02, 3.23467896e+02,
    9.39135498e+02, 1.40479767e+02, 9.36961792e+02, 1.72601776e+02,
    9.34838562e+02, 2.03681854e+02, 9.32748657e+02, 2.34242905e+02,
    9.30740662e+02, 2.63383179e+02, 9.28647278e+02, 2.91912109e+02,
    9.26774963e+02, 3.19633911e+02 ]
