%YAML:1.0
---
points: [ 2.29520279e+02, 1.57807053e+02, 2.34138977e+02, 1.66164291e+02,
    2.38689743e+02, 1.74493973e+02, 2.43271439e+02, 1.82881653e+02,
    2.47741821e+02, 1.91234009e+02, 2.52646103e+02, 1.98945358e+02,
    2.56834229e+02, 2.07966644e+02, 2.21256729e+02, 1.62460297e+02,
    2.25804535e+02, 1.70751724e+02, 2.30421234e+02, 1.79088181e+02,
    2.34903030e+02, 1.87521072e+02, 2.39721161e+02, 1.95566681e+02,
    2.44149750e+02, 2.03925430e+02, 2.48718796e+02, 2.13560028e+02,
    2.12992325e+02, 1.66893250e+02, 2.17610443e+02, 1.75298035e+02,
    2.22172501e+02, 1.83640945e+02, 2.26759216e+02, 1.92022339e+02,
    2.31335831e+02, 2.00284882e+02, 2.36231598e+02, 2.08653488e+02,
    2.39524429e+02, 2.16476715e+02, 2.04686234e+02, 1.71511505e+02,
    2.09289917e+02, 1.79850754e+02, 2.13915375e+02, 1.88144928e+02,
    2.18529495e+02, 1.96426788e+02, 2.23112198e+02, 2.04771088e+02,
    2.27555374e+02, 2.13057312e+02, 2.32256699e+02, 2.21374908e+02,
    1.96434372e+02, 1.76034424e+02, 2.01043518e+02, 1.84376419e+02,
    2.05598557e+02, 1.92616776e+02, 2.10211288e+02, 2.00981445e+02,
    2.14755188e+02, 2.09341644e+02, 2.19364105e+02, 2.17608475e+02,
    2.23868195e+02, 2.25917984e+02, 1.88103958e+02, 1.80595917e+02,
    1.92702850e+02, 1.88885559e+02, 1.97320282e+02, 1.97247391e+02,
    2.01881149e+02, 2.05532104e+02, 2.06520828e+02, 2.13803925e+02,
    2.11041260e+02, 2.22123886e+02, 2.15643600e+02, 2.30497818e+02,
    1.79827866e+02, 1.85173676e+02, 1.84407440e+02, 1.93498306e+02,
    1.88988419e+02, 2.01782318e+02, 1.93545212e+02, 2.10125061e+02,
    1.98109955e+02, 2.18390182e+02, 2.02706665e+02, 2.26780853e+02,
    2.07191772e+02, 2.35025803e+02, 1.71453461e+02, 1.89734924e+02,
    1.76065094e+02, 1.98021973e+02, 1.80732864e+02, 2.06336517e+02,
    1.85326782e+02, 2.14678421e+02, 1.89856949e+02, 2.23014435e+02,
    1.94395447e+02, 2.31258484e+02, 1.99019638e+02, 2.39618774e+02,
    1.63102554e+02, 1.94182648e+02, 1.67719955e+02, 2.02524567e+02,
    1.72363998e+02, 2.10905838e+02, 1.77017624e+02, 2.19235977e+02,
    1.81553482e+02, 2.27453140e+02, 1.86052582e+02, 2.35877457e+02,
    1.90555389e+02, 2.44211487e+02 ]
