%YAML:1.0
---
points: [ 1.06482617e+03, 1.81190598e+02, 1.04941223e+03, 2.13089172e+02,
    1.03447314e+03, 2.44252701e+02, 1.01959595e+03, 2.75264282e+02,
    1.00532855e+03, 3.05564697e+02, 9.90992188e+02, 3.35504517e+02,
    9.77182495e+02, 3.65125702e+02, 1.04047021e+03, 1.66499847e+02,
    1.02514587e+03, 1.98953491e+02, 1.00981104e+03, 2.30879761e+02,
    9.95056152e+02, 2.62522034e+02, 9.80352966e+02, 2.93430084e+02,
    9.66326416e+02, 3.24075958e+02, 9.52035522e+02, 3.54271973e+02,
    1.01527716e+03, 1.51157013e+02, 9.99624084e+02, 1.84374908e+02,
    9.84439392e+02, 2.17048706e+02, 9.69435791e+02, 2.49281082e+02,
    9.54848450e+02, 2.80781281e+02, 9.40517273e+02, 3.12146088e+02,
    9.26468689e+02, 3.42893433e+02, 9.88799072e+02, 1.35277390e+02,
    9.73418884e+02, 1.69211853e+02, 9.57964417e+02, 2.02562332e+02,
    9.43047607e+02, 2.35587234e+02, 9.28290344e+02, 2.67841644e+02,
    9.13898804e+02, 2.99736603e+02, 8.99724426e+02, 3.31290771e+02,
    9.61852844e+02, 1.18612770e+02, 9.46163391e+02, 1.53445084e+02,
    9.30680908e+02, 1.87578781e+02, 9.15498108e+02, 2.21356674e+02,
    9.00824829e+02, 2.54264694e+02, 8.86298401e+02, 2.86967804e+02,
    8.72232056e+02, 3.19195892e+02, 9.33691711e+02, 1.01476860e+02,
    9.18015991e+02, 1.37130112e+02, 9.02456909e+02, 1.72063538e+02,
    8.87313110e+02, 2.06525253e+02, 8.72371765e+02, 2.40327606e+02,
    8.57781189e+02, 2.73622437e+02, 8.43619751e+02, 3.06585938e+02,
    9.04452881e+02, 8.36209106e+01, 8.88471375e+02, 1.20035675e+02,
    8.72902466e+02, 1.55753998e+02, 8.57395508e+02, 1.91128494e+02,
    8.42741028e+02, 2.25665726e+02, 8.28089355e+02, 2.59814819e+02,
    8.13893982e+02, 2.93518372e+02, 8.73700500e+02, 6.48159409e+01,
    8.57800720e+02, 1.02156670e+02, 8.42157715e+02, 1.38788315e+02,
    8.26765137e+02, 1.74982376e+02, 8.11671997e+02, 2.10380493e+02,
    7.97207397e+02, 2.45352005e+02, 7.82856323e+02, 2.79669556e+02,
    8.42123779e+02, 4.54487724e+01, 8.25791565e+02, 8.35493011e+01,
    8.10184570e+02, 1.21234924e+02, 7.94524048e+02, 1.58166428e+02,
    7.79666016e+02, 1.94464188e+02, 7.64756897e+02, 2.30237518e+02,
    7.50494629e+02, 2.65407562e+02 ]
