%YAML:1.0
---
points: [ 1.76420190e+03, 4.99982788e+02, 1.76349805e+03, 5.19581543e+02,
    1.76264673e+03, 5.39386902e+02, 1.76204114e+03, 5.59299805e+02,
    1.76137476e+03, 5.78748657e+02, 1.76058606e+03, 5.98527405e+02,
    1.76016199e+03, 6.18396667e+02, 1.74467334e+03, 4.99317566e+02,
    1.74400781e+03, 5.18952759e+02, 1.74335498e+03, 5.38659058e+02,
    1.74254700e+03, 5.58500671e+02, 1.74198267e+03, 5.78202209e+02,
    1.74142358e+03, 5.97900757e+02, 1.74081506e+03, 6.17703552e+02,
    1.72544299e+03, 4.98547882e+02, 1.72461572e+03, 5.18425293e+02,
    1.72374622e+03, 5.38083557e+02, 1.72323901e+03, 5.57740234e+02,
    1.72250867e+03, 5.77488770e+02, 1.72196851e+03, 5.97409668e+02,
    1.72160425e+03, 6.17134888e+02, 1.70576208e+03, 4.97883331e+02,
    1.70530481e+03, 5.17616516e+02, 1.70448511e+03, 5.37441528e+02,
    1.70370447e+03, 5.57145813e+02, 1.70315894e+03, 5.76756287e+02,
    1.70250684e+03, 5.96670410e+02, 1.70212756e+03, 6.16529419e+02,
    1.68642493e+03, 4.97315308e+02, 1.68560413e+03, 5.17126465e+02,
    1.68494287e+03, 5.36644287e+02, 1.68443726e+03, 5.56453430e+02,
    1.68369971e+03, 5.76195190e+02, 1.68327100e+03, 5.96170105e+02,
    1.68285840e+03, 6.15746094e+02, 1.66698193e+03, 4.96633972e+02,
    1.66631921e+03, 5.16394165e+02, 1.66547949e+03, 5.36030945e+02,
    1.66492297e+03, 5.55744080e+02, 1.66436499e+03, 5.75592712e+02,
    1.66391614e+03, 5.95425476e+02, 1.66359607e+03, 6.15202576e+02,
    1.64746765e+03, 4.95931671e+02, 1.64674353e+03, 5.15628479e+02,
    1.64616211e+03, 5.35388489e+02, 1.64534888e+03, 5.55322815e+02,
    1.64475623e+03, 5.74892883e+02, 1.64437024e+03, 5.94668091e+02,
    1.64419128e+03, 6.14459290e+02, 1.62786975e+03, 4.95394318e+02,
    1.62725195e+03, 5.14939209e+02, 1.62657507e+03, 5.34588806e+02,
    1.62581934e+03, 5.54493347e+02, 1.62536230e+03, 5.74360535e+02,
    1.62483752e+03, 5.93965820e+02, 1.62454956e+03, 6.13703674e+02,
    1.60837085e+03, 4.94545776e+02, 1.60752490e+03, 5.14356628e+02,
    1.60688013e+03, 5.33973328e+02, 1.60636157e+03, 5.53854858e+02,
    1.60573816e+03, 5.73537537e+02, 1.60538904e+03, 5.93422424e+02,
    1.60506177e+03, 6.13189148e+02 ]
