%YAML:1.0
---
points: [ 3.18875885e+02, 9.40641861e+01, 3.13494659e+02, 1.04793442e+02,
    3.08184967e+02, 1.15464035e+02, 3.02978333e+02, 1.25857353e+02,
    2.97915070e+02, 1.36245560e+02, 2.92917297e+02, 1.46424332e+02,
    2.88000824e+02, 1.56602264e+02, 3.11020081e+02, 8.91714325e+01,
    3.05577667e+02, 1.00154236e+02, 3.00223358e+02, 1.10975929e+02,
    2.95024231e+02, 1.21652016e+02, 2.89848755e+02, 1.32235397e+02,
    2.84933197e+02, 1.42673340e+02, 2.79947693e+02, 1.52868454e+02,
    3.02814087e+02, 8.41084290e+01, 2.97361298e+02, 9.52161255e+01,
    2.92097260e+02, 1.06352211e+02, 2.86759918e+02, 1.17229683e+02,
    2.81642853e+02, 1.28058243e+02, 2.76539886e+02, 1.38663406e+02,
    2.71600433e+02, 1.49145157e+02, 2.94373871e+02, 7.87731476e+01,
    2.88926483e+02, 9.02489700e+01, 2.83595398e+02, 1.01512810e+02,
    2.78215576e+02, 1.12721420e+02, 2.73015472e+02, 1.23724586e+02,
    2.68014252e+02, 1.34543198e+02, 2.63054962e+02, 1.45255157e+02,
    2.85637665e+02, 7.32701187e+01, 2.80106323e+02, 8.49354019e+01,
    2.74677338e+02, 9.65299683e+01, 2.69344818e+02, 1.07945663e+02,
    2.64166351e+02, 1.19138702e+02, 2.59042755e+02, 1.30235443e+02,
    2.54045364e+02, 1.41202759e+02, 2.76647430e+02, 6.76245499e+01,
    2.71099915e+02, 7.95763016e+01, 2.65643860e+02, 9.13488541e+01,
    2.60223511e+02, 1.03046341e+02, 2.55043030e+02, 1.14454224e+02,
    2.49875031e+02, 1.25868111e+02, 2.44910095e+02, 1.36989044e+02,
    2.67183746e+02, 6.16525154e+01, 2.61595001e+02, 7.39275818e+01,
    2.56059784e+02, 8.60360947e+01, 2.50640610e+02, 9.78323746e+01,
    2.45420715e+02, 1.09636543e+02, 2.40276352e+02, 1.21220177e+02,
    2.35309921e+02, 1.32645721e+02, 2.57415375e+02, 5.55425301e+01,
    2.51755005e+02, 6.80572510e+01, 2.46258682e+02, 8.03725510e+01,
    2.40796997e+02, 9.25549164e+01, 2.35456696e+02, 1.04474632e+02,
    2.30270309e+02, 1.16403542e+02, 2.25242615e+02, 1.28076691e+02,
    2.47195114e+02, 4.90669785e+01, 2.41560883e+02, 6.19472160e+01,
    2.35884644e+02, 7.45407715e+01, 2.30416412e+02, 8.69806061e+01,
    2.25117294e+02, 9.92641678e+01, 2.19949280e+02, 1.11374374e+02,
    2.14850708e+02, 1.23299667e+02 ]
