%YAML:1.0
---
points: [ 2.87804626e+02, 1.63368668e+02, 2.87439545e+02, 1.72746552e+02,
    2.87241089e+02, 1.81914047e+02, 2.87031769e+02, 1.90868607e+02,
    2.86907257e+02, 1.99403549e+02, 2.86652588e+02, 2.07973175e+02,
    2.86426819e+02, 2.16148529e+02, 2.77297455e+02, 1.63654572e+02,
    2.77222290e+02, 1.73162720e+02, 2.77049622e+02, 1.82228180e+02,
    2.76964813e+02, 1.91196854e+02, 2.77000549e+02, 1.99776550e+02,
    2.77049622e+02, 2.08212265e+02, 2.76897888e+02, 2.16499695e+02,
    2.66891632e+02, 1.63919327e+02, 2.66899994e+02, 1.73448471e+02,
    2.67063812e+02, 1.82518402e+02, 2.67157501e+02, 1.91423126e+02,
    2.67282104e+02, 2.00045547e+02, 2.67284058e+02, 2.08516571e+02,
    2.67331970e+02, 2.16694092e+02, 2.56482941e+02, 1.64213394e+02,
    2.56710449e+02, 1.73661270e+02, 2.56936859e+02, 1.82709641e+02,
    2.57193695e+02, 1.91667542e+02, 2.57467590e+02, 2.00361069e+02,
    2.57659210e+02, 2.08728500e+02, 2.57891937e+02, 2.16991959e+02,
    2.46138824e+02, 1.64445038e+02, 2.46459473e+02, 1.73982758e+02,
    2.46893112e+02, 1.83138779e+02, 2.47289291e+02, 1.91908768e+02,
    2.47703827e+02, 2.00606918e+02, 2.47965637e+02, 2.09017563e+02,
    2.48328934e+02, 2.17406296e+02, 2.35638275e+02, 1.64863480e+02,
    2.36277924e+02, 1.74256714e+02, 2.36800476e+02, 1.83449295e+02,
    2.37358093e+02, 1.92338593e+02, 2.37867050e+02, 2.00908997e+02,
    2.38371292e+02, 2.09392319e+02, 2.38879456e+02, 2.17781235e+02,
    2.25210022e+02, 1.65293320e+02, 2.26014374e+02, 1.74617828e+02,
    2.26679916e+02, 1.83773193e+02, 2.27345169e+02, 1.92723099e+02,
    2.27977936e+02, 2.01278687e+02, 2.28561981e+02, 2.09797592e+02,
    2.29285950e+02, 2.18106369e+02, 2.14770523e+02, 1.65525360e+02,
    2.15680557e+02, 1.74931305e+02, 2.16566635e+02, 1.84078812e+02,
    2.17408752e+02, 1.93014755e+02, 2.18232101e+02, 2.01606705e+02,
    2.19043671e+02, 2.10077209e+02, 2.19733566e+02, 2.18430756e+02,
    2.04354370e+02, 1.65789902e+02, 2.05403946e+02, 1.75304016e+02,
    2.06448456e+02, 1.84486023e+02, 2.07398712e+02, 1.93358963e+02,
    2.08369308e+02, 2.01912659e+02, 2.09279404e+02, 2.10453812e+02,
    2.10123688e+02, 2.18729919e+02 ]
