%YAML:1.0
---
points: [ 2.65205933e+02, 1.58886429e+02, 2.61934601e+02, 1.68622665e+02,
    2.58559631e+02, 1.78563217e+02, 2.55136688e+02, 1.88697662e+02,
    2.51622116e+02, 1.99248352e+02, 2.47930542e+02, 2.10009476e+02,
    2.44011856e+02, 2.21271561e+02, 2.53788879e+02, 1.55150452e+02,
    2.50285156e+02, 1.64802979e+02, 2.46769089e+02, 1.74695145e+02,
    2.43093719e+02, 1.84828964e+02, 2.39421005e+02, 1.95410049e+02,
    2.35642059e+02, 2.06045197e+02, 2.31661545e+02, 2.17208298e+02,
    2.42318604e+02, 1.51387421e+02, 2.38685028e+02, 1.60931381e+02,
    2.35045532e+02, 1.70823227e+02, 2.31159927e+02, 1.80912735e+02,
    2.27285843e+02, 1.91403259e+02, 2.23180237e+02, 2.02055328e+02,
    2.18933670e+02, 2.13154007e+02, 2.30868378e+02, 1.47670212e+02,
    2.27055557e+02, 1.57160767e+02, 2.23192947e+02, 1.66984192e+02,
    2.19186020e+02, 1.77072342e+02, 2.15104263e+02, 1.87460068e+02,
    2.10849518e+02, 1.98090210e+02, 2.06468948e+02, 2.09040222e+02,
    2.19382904e+02, 1.43786331e+02, 2.15399200e+02, 1.53305557e+02,
    2.11340225e+02, 1.63042313e+02, 2.07268845e+02, 1.73122116e+02,
    2.02911133e+02, 1.83518799e+02, 1.98452332e+02, 1.94028809e+02,
    1.93799789e+02, 2.04909103e+02, 2.07823593e+02, 1.39899384e+02,
    2.03743820e+02, 1.49391724e+02, 1.99603928e+02, 1.59103561e+02,
    1.95195999e+02, 1.69046936e+02, 1.90748230e+02, 1.79364868e+02,
    1.86031036e+02, 1.89965530e+02, 1.81240967e+02, 2.00726776e+02,
    1.96287018e+02, 1.36055344e+02, 1.92028046e+02, 1.45448593e+02,
    1.87609131e+02, 1.55075562e+02, 1.83085648e+02, 1.65063934e+02,
    1.78361664e+02, 1.75241867e+02, 1.73518555e+02, 1.85780640e+02,
    1.68451385e+02, 1.96479233e+02, 1.84727264e+02, 1.32085434e+02,
    1.80309845e+02, 1.41582718e+02, 1.75735107e+02, 1.51124298e+02,
    1.70954971e+02, 1.61127502e+02, 1.66106644e+02, 1.71214508e+02,
    1.61066742e+02, 1.81705597e+02, 1.55805130e+02, 1.92364609e+02,
    1.73203888e+02, 1.28123764e+02, 1.68552612e+02, 1.37580338e+02,
    1.63782684e+02, 1.47169983e+02, 1.58867081e+02, 1.57090881e+02,
    1.53758652e+02, 1.67176804e+02, 1.48528320e+02, 1.77513611e+02,
    1.43033585e+02, 1.88154495e+02 ]
