%YAML:1.0
---
points: [ 1.61014807e+03, 9.16424255e+02, 1.60967017e+03, 8.96416443e+02,
    1.60935120e+03, 8.76438904e+02, 1.60912109e+03, 8.56663574e+02,
    1.60901440e+03, 8.36795837e+02, 1.60889563e+03, 8.17160156e+02,
    1.60880676e+03, 7.97371521e+02, 1.62942993e+03, 9.16185547e+02,
    1.62901440e+03, 8.96149536e+02, 1.62870630e+03, 8.76266785e+02,
    1.62849670e+03, 8.56403564e+02, 1.62846143e+03, 8.36681824e+02,
    1.62833582e+03, 8.16888245e+02, 1.62823926e+03, 7.97251892e+02,
    1.64882141e+03, 9.15868469e+02, 1.64843445e+03, 8.95978088e+02,
    1.64817249e+03, 8.76014526e+02, 1.64793018e+03, 8.56262512e+02,
    1.64793262e+03, 8.36489380e+02, 1.64788306e+03, 8.16791992e+02,
    1.64772131e+03, 7.97024841e+02, 1.66823071e+03, 9.15480286e+02,
    1.66779895e+03, 8.95648499e+02, 1.66755688e+03, 8.75730164e+02,
    1.66748376e+03, 8.56010742e+02, 1.66734070e+03, 8.36212708e+02,
    1.66732373e+03, 8.16531860e+02, 1.66725732e+03, 7.96792236e+02,
    1.68719812e+03, 9.15081360e+02, 1.68678992e+03, 8.95380493e+02,
    1.68669373e+03, 8.75500061e+02, 1.68662451e+03, 8.55729553e+02,
    1.68654480e+03, 8.35905701e+02, 1.68662439e+03, 8.16336792e+02,
    1.68659961e+03, 7.96560547e+02, 1.70643835e+03, 9.14831116e+02,
    1.70626526e+03, 8.95046265e+02, 1.70608057e+03, 8.75283875e+02,
    1.70598401e+03, 8.55496765e+02, 1.70605176e+03, 8.35786255e+02,
    1.70609717e+03, 8.16120178e+02, 1.70595227e+03, 7.96434998e+02,
    1.72567688e+03, 9.14485107e+02, 1.72545654e+03, 8.94744934e+02,
    1.72533704e+03, 8.75003479e+02, 1.72536658e+03, 8.55339417e+02,
    1.72538916e+03, 8.35510925e+02, 1.72546069e+03, 8.15931580e+02,
    1.72551868e+03, 7.96325623e+02, 1.74466565e+03, 9.14149109e+02,
    1.74458362e+03, 8.94415527e+02, 1.74449463e+03, 8.74829712e+02,
    1.74456555e+03, 8.55082825e+02, 1.74461548e+03, 8.35302673e+02,
    1.74468127e+03, 8.15710815e+02, 1.74479150e+03, 7.96125427e+02,
    1.76391235e+03, 9.13787476e+02, 1.76380237e+03, 8.94137634e+02,
    1.76379321e+03, 8.74545044e+02, 1.76378125e+03, 8.54832214e+02,
    1.76385486e+03, 8.35083435e+02, 1.76395728e+03, 8.15536133e+02,
    1.76416541e+03, 7.95856140e+02 ]
