%YAML:1.0
---
points: [ 9.02366699e+02, 3.73636658e+02, 8.91620056e+02, 4.02338257e+02,
    8.80595215e+02, 4.31479309e+02, 8.69359192e+02, 4.61507538e+02,
    8.57652405e+02, 4.92595612e+02, 8.45623779e+02, 5.24509705e+02,
    8.33017883e+02, 5.57532043e+02, 8.68574768e+02, 3.62472656e+02,
    8.57447571e+02, 3.90883179e+02, 8.46010376e+02, 4.20086945e+02,
    8.33925232e+02, 4.50200195e+02, 8.21563660e+02, 4.81032562e+02,
    8.09043640e+02, 5.12665466e+02, 7.95945129e+02, 5.45478760e+02,
    8.34652039e+02, 3.51408234e+02, 8.23071899e+02, 3.79639343e+02,
    8.11116028e+02, 4.08695953e+02, 7.98562012e+02, 4.38638916e+02,
    7.85791931e+02, 4.69275024e+02, 7.72430359e+02, 5.01038147e+02,
    7.58672974e+02, 5.33399353e+02, 8.00876953e+02, 3.40329376e+02,
    7.88718872e+02, 3.68434509e+02, 7.76252136e+02, 3.97373016e+02,
    7.63250793e+02, 4.27212738e+02, 7.49839050e+02, 4.57559967e+02,
    7.35864441e+02, 4.89214752e+02, 7.21475403e+02, 5.21487732e+02,
    7.67024353e+02, 3.28906921e+02, 7.54349609e+02, 3.56902771e+02,
    7.41250854e+02, 3.85671448e+02, 7.27567261e+02, 4.15361267e+02,
    7.13704041e+02, 4.45787811e+02, 6.99250671e+02, 4.77078156e+02,
    6.84124023e+02, 5.09339996e+02, 7.32665649e+02, 3.17454773e+02,
    7.19635742e+02, 3.45367920e+02, 7.05971619e+02, 3.73948090e+02,
    6.91942993e+02, 4.03580719e+02, 6.77424133e+02, 4.33675629e+02,
    6.62357300e+02, 4.64745117e+02, 6.46516541e+02, 4.96735870e+02,
    6.98664917e+02, 3.05795929e+02, 6.84759949e+02, 3.33625732e+02,
    6.70716614e+02, 3.62293304e+02, 6.56105286e+02, 3.91572388e+02,
    6.41081604e+02, 4.21691864e+02, 6.25205017e+02, 4.52587616e+02,
    6.08868103e+02, 4.84370331e+02, 6.64274109e+02, 2.94248199e+02,
    6.50242615e+02, 3.21931000e+02, 6.35405090e+02, 3.50383209e+02,
    6.20291016e+02, 3.79744720e+02, 6.04505249e+02, 4.09498474e+02,
    5.88171997e+02, 4.40553802e+02, 5.71219299e+02, 4.71915009e+02,
    6.29827515e+02, 2.82552368e+02, 6.15053528e+02, 3.10039581e+02,
    5.99885986e+02, 3.38440216e+02, 5.84167297e+02, 3.67553864e+02,
    5.67739136e+02, 3.97469299e+02, 5.50641968e+02, 4.28259369e+02,
    5.33171509e+02, 4.59542145e+02 ]
