%YAML:1.0
---
points: [ 2.85981659e+02, 2.10555161e+02, 2.87205597e+02, 2.18551712e+02,
    2.88351959e+02, 2.26789322e+02, 2.89637238e+02, 2.35284317e+02,
    2.90863770e+02, 2.44002686e+02, 2.92285339e+02, 2.52996307e+02,
    2.93595093e+02, 2.62267242e+02, 2.76546844e+02, 2.11472000e+02,
    2.77547150e+02, 2.19589325e+02, 2.78584473e+02, 2.27755905e+02,
    2.79645325e+02, 2.36219330e+02, 2.80863831e+02, 2.45040878e+02,
    2.82054993e+02, 2.53909012e+02, 2.83300079e+02, 2.63291656e+02,
    2.67121826e+02, 2.12400162e+02, 2.67963135e+02, 2.20437866e+02,
    2.68901245e+02, 2.28730637e+02, 2.69893768e+02, 2.37282349e+02,
    2.70757690e+02, 2.45935959e+02, 2.71761383e+02, 2.55029678e+02,
    2.72781525e+02, 2.64310547e+02, 2.57702545e+02, 2.13505096e+02,
    2.58290710e+02, 2.21480667e+02, 2.59155090e+02, 2.29683090e+02,
    2.59891174e+02, 2.38221771e+02, 2.60791046e+02, 2.47024460e+02,
    2.61567963e+02, 2.55996368e+02, 2.62434296e+02, 2.65258636e+02,
    2.48176117e+02, 2.14355408e+02, 2.48795670e+02, 2.22351212e+02,
    2.49414062e+02, 2.30574707e+02, 2.50131042e+02, 2.39254944e+02,
    2.50683701e+02, 2.47905548e+02, 2.51379074e+02, 2.56980652e+02,
    2.52070099e+02, 2.66330872e+02, 2.38675308e+02, 2.15201401e+02,
    2.39225632e+02, 2.23218781e+02, 2.39703720e+02, 2.31542053e+02,
    2.40141846e+02, 2.39980957e+02, 2.40714432e+02, 2.48872925e+02,
    2.41201187e+02, 2.57938141e+02, 2.41721603e+02, 2.67166382e+02,
    2.29246201e+02, 2.16174835e+02, 2.29580597e+02, 2.24134888e+02,
    2.29853699e+02, 2.32419724e+02, 2.30243561e+02, 2.41055740e+02,
    2.30643860e+02, 2.49780197e+02, 2.30938049e+02, 2.58923401e+02,
    2.31339722e+02, 2.68269989e+02, 2.19794876e+02, 2.16888580e+02,
    2.19965393e+02, 2.25044846e+02, 2.20204453e+02, 2.33413345e+02,
    2.20446625e+02, 2.41986725e+02, 2.20605682e+02, 2.50813705e+02,
    2.20756424e+02, 2.59886658e+02, 2.20956802e+02, 2.69184326e+02,
    2.10223038e+02, 2.17818924e+02, 2.10412338e+02, 2.25875778e+02,
    2.10479996e+02, 2.34241318e+02, 2.10583954e+02, 2.42949524e+02,
    2.10558838e+02, 2.51650635e+02, 2.10619263e+02, 2.60869904e+02,
    2.10566940e+02, 2.70230682e+02 ]
