%YAML:1.0
---
points: [ 1.16023755e+03, 3.47230011e+02, 1.15736035e+03, 3.87517426e+02,
    1.15434155e+03, 4.27366516e+02, 1.15139099e+03, 4.66407379e+02,
    1.14859314e+03, 5.04677612e+02, 1.14574219e+03, 5.42859009e+02,
    1.14310266e+03, 5.80449463e+02, 1.12046167e+03, 3.45697937e+02,
    1.11763843e+03, 3.85658081e+02, 1.11533545e+03, 4.24798431e+02,
    1.11259070e+03, 4.63472107e+02, 1.11030981e+03, 5.01540192e+02,
    1.10759363e+03, 5.39040405e+02, 1.10533606e+03, 5.76213867e+02,
    1.08148328e+03, 3.44393066e+02, 1.07930444e+03, 3.83649994e+02,
    1.07699231e+03, 4.22544434e+02, 1.07486841e+03, 4.60709869e+02,
    1.07264575e+03, 4.98243530e+02, 1.07041321e+03, 5.35344238e+02,
    1.06837561e+03, 5.72181396e+02, 1.04378870e+03, 3.43053894e+02,
    1.04179785e+03, 3.81864349e+02, 1.03979895e+03, 4.20269501e+02,
    1.03810791e+03, 4.58043060e+02, 1.03621692e+03, 4.95220428e+02,
    1.03421252e+03, 5.31867188e+02, 1.03233447e+03, 5.68240295e+02,
    1.00659583e+03, 3.41444672e+02, 1.00511212e+03, 3.80263855e+02,
    1.00345660e+03, 4.17925232e+02, 1.00181610e+03, 4.55373627e+02,
    1.00038074e+03, 4.92038025e+02, 9.98606995e+02, 5.28435791e+02,
    9.96752930e+02, 5.64482300e+02, 9.70348633e+02, 3.40155670e+02,
    9.69145325e+02, 3.78236450e+02, 9.67815430e+02, 4.15666656e+02,
    9.66439514e+02, 4.52700287e+02, 9.65181458e+02, 4.89045990e+02,
    9.63660278e+02, 5.25097839e+02, 9.62228638e+02, 5.60724121e+02,
    9.34671814e+02, 3.38710083e+02, 9.33739319e+02, 3.76495422e+02,
    9.32712952e+02, 4.13502655e+02, 9.31837097e+02, 4.50298706e+02,
    9.30681763e+02, 4.86210938e+02, 9.29464478e+02, 5.21886475e+02,
    9.28255676e+02, 5.57171082e+02, 9.00087097e+02, 3.37391235e+02,
    8.99448669e+02, 3.74622162e+02, 8.98652954e+02, 4.11502502e+02,
    8.97952209e+02, 4.47625000e+02, 8.97123352e+02, 4.83219360e+02,
    8.96317322e+02, 5.18592590e+02, 8.95148682e+02, 5.53589050e+02,
    8.65693176e+02, 3.35743225e+02, 8.65416321e+02, 3.72706940e+02,
    8.65155090e+02, 4.09203827e+02, 8.64646118e+02, 4.45286499e+02,
    8.64119995e+02, 4.80491516e+02, 8.63382507e+02, 5.15437134e+02,
    8.62425964e+02, 5.50083008e+02 ]
