%YAML:1.0
---
points: [ 1.45422803e+03, 8.28598328e+02, 1.45322729e+03, 8.48497681e+02,
    1.45220044e+03, 8.68248657e+02, 1.45114807e+03, 8.88038208e+02,
    1.45009583e+03, 9.07847046e+02, 1.44928821e+03, 9.27826416e+02,
    1.44838708e+03, 9.47782166e+02, 1.43427771e+03, 8.27544739e+02,
    1.43329749e+03, 8.47230286e+02, 1.43235193e+03, 8.66889526e+02,
    1.43133276e+03, 8.86776550e+02, 1.43026721e+03, 9.06744080e+02,
    1.42940979e+03, 9.26631104e+02, 1.42842456e+03, 9.46584473e+02,
    1.41439819e+03, 8.26286438e+02, 1.41334399e+03, 8.45850159e+02,
    1.41244312e+03, 8.65667664e+02, 1.41144299e+03, 8.85659241e+02,
    1.41051965e+03, 9.05505432e+02, 1.40946912e+03, 9.25468079e+02,
    1.40863391e+03, 9.45483948e+02, 1.39451318e+03, 8.24791931e+02,
    1.39357251e+03, 8.44643127e+02, 1.39247412e+03, 8.64570618e+02,
    1.39150024e+03, 8.84504456e+02, 1.39065149e+03, 9.04316162e+02,
    1.38972302e+03, 9.24259766e+02, 1.38910168e+03, 9.44410767e+02,
    1.37462061e+03, 8.23643005e+02, 1.37372974e+03, 8.43555481e+02,
    1.37263843e+03, 8.63351929e+02, 1.37174170e+03, 8.83256714e+02,
    1.37073145e+03, 9.03077026e+02, 1.37005249e+03, 9.23208069e+02,
    1.36936633e+03, 9.43353882e+02, 1.35490405e+03, 8.22575806e+02,
    1.35395776e+03, 8.42423889e+02, 1.35313623e+03, 8.62149963e+02,
    1.35225085e+03, 8.82094482e+02, 1.35124719e+03, 9.01996094e+02,
    1.35036304e+03, 9.22138855e+02, 1.34958765e+03, 9.42247986e+02,
    1.33511047e+03, 8.21439331e+02, 1.33415112e+03, 8.41154602e+02,
    1.33329614e+03, 8.60964050e+02, 1.33235242e+03, 8.80970215e+02,
    1.33151062e+03, 9.00779724e+02, 1.33063684e+03, 9.20893127e+02,
    1.32989075e+03, 9.40908081e+02, 1.31547192e+03, 8.20148621e+02,
    1.31442896e+03, 8.39808716e+02, 1.31344739e+03, 8.59796265e+02,
    1.31247339e+03, 8.79680786e+02, 1.31173010e+03, 8.99588867e+02,
    1.31095544e+03, 9.19565186e+02, 1.31030652e+03, 9.39785522e+02,
    1.29564417e+03, 8.18837463e+02, 1.29476001e+03, 8.38744019e+02,
    1.29369995e+03, 8.58569214e+02, 1.29279944e+03, 8.78502014e+02,
    1.29193945e+03, 8.98384766e+02, 1.29126782e+03, 9.18523376e+02,
    1.29048279e+03, 9.38666016e+02 ]
