%YAML:1.0
---
points: [ 3.56313538e+02, 1.49499222e+02, 3.54914764e+02, 1.63488525e+02,
    3.53608887e+02, 1.76891296e+02, 3.52314178e+02, 1.90253220e+02,
    3.51157898e+02, 2.03319992e+02, 3.49942108e+02, 2.16271317e+02,
    3.48874146e+02, 2.29099457e+02, 3.42160614e+02, 1.49360718e+02,
    3.40952942e+02, 1.62684692e+02, 3.39808075e+02, 1.76133820e+02,
    3.38730225e+02, 1.89303223e+02, 3.37717285e+02, 2.02245285e+02,
    3.36710938e+02, 2.14980347e+02, 3.35709534e+02, 2.27683609e+02,
    3.28471313e+02, 1.48725464e+02, 3.27435486e+02, 1.62223755e+02,
    3.26431183e+02, 1.75356247e+02, 3.25481293e+02, 1.88308670e+02,
    3.24653625e+02, 2.01162643e+02, 3.23582642e+02, 2.13764420e+02,
    3.22612427e+02, 2.26279694e+02, 3.15248474e+02, 1.48293839e+02,
    3.14399109e+02, 1.61462723e+02, 3.13520264e+02, 1.74536896e+02,
    3.12645355e+02, 1.87401505e+02, 3.11805084e+02, 2.00097549e+02,
    3.11025604e+02, 2.12532486e+02, 3.10196747e+02, 2.24901520e+02,
    3.02355072e+02, 1.47849716e+02, 3.01556488e+02, 1.61040085e+02,
    3.00890350e+02, 1.73733215e+02, 3.00090271e+02, 1.86504242e+02,
    2.99332214e+02, 1.98990524e+02, 2.98569763e+02, 2.11369736e+02,
    2.97843719e+02, 2.23569641e+02, 2.89783875e+02, 1.47397690e+02,
    2.89106628e+02, 1.60285873e+02, 2.88425018e+02, 1.73128723e+02,
    2.87848450e+02, 1.85489746e+02, 2.87197357e+02, 1.98071930e+02,
    2.86427643e+02, 2.10220932e+02, 2.85867188e+02, 2.22396851e+02,
    2.77343842e+02, 1.47019577e+02, 2.76842133e+02, 1.59756775e+02,
    2.76266693e+02, 1.72256271e+02, 2.75649231e+02, 1.84796783e+02,
    2.75144287e+02, 1.97016876e+02, 2.74459564e+02, 2.09128067e+02,
    2.73986725e+02, 2.21141953e+02, 2.65262512e+02, 1.46347580e+02,
    2.64922668e+02, 1.59256104e+02, 2.64379517e+02, 1.71646332e+02,
    2.64012726e+02, 1.83954010e+02, 2.63483612e+02, 1.96020081e+02,
    2.63052002e+02, 2.08104782e+02, 2.62477478e+02, 2.19914230e+02,
    2.53493805e+02, 1.45979095e+02, 2.53128525e+02, 1.58460297e+02,
    2.52840424e+02, 1.70890610e+02, 2.52392960e+02, 1.83221558e+02,
    2.52073212e+02, 1.95111359e+02, 2.51631271e+02, 2.06980438e+02,
    2.51172699e+02, 2.18646637e+02 ]
