%YAML:1.0
---
points: [ 2.12876511e+02, 1.83253525e+02, 2.23848618e+02, 1.83784744e+02,
    2.34770874e+02, 1.84424362e+02, 2.45658340e+02, 1.85204865e+02,
    2.56480896e+02, 1.85760757e+02, 2.67352570e+02, 1.86486984e+02,
    2.78231110e+02, 1.87304321e+02, 2.13096466e+02, 1.92685913e+02,
    2.23847351e+02, 1.93253601e+02, 2.34653061e+02, 1.93732346e+02,
    2.45281876e+02, 1.94456223e+02, 2.55954926e+02, 1.95175507e+02,
    2.66611053e+02, 1.95860931e+02, 2.77310455e+02, 1.96598358e+02,
    2.13251816e+02, 2.01721832e+02, 2.23830170e+02, 2.02288651e+02,
    2.34387451e+02, 2.02854233e+02, 2.44934448e+02, 2.03430115e+02,
    2.55402847e+02, 2.04229858e+02, 2.65963226e+02, 2.04910721e+02,
    2.76373047e+02, 2.05539169e+02, 2.13409607e+02, 2.10630966e+02,
    2.23781967e+02, 2.11116272e+02, 2.34214340e+02, 2.11688980e+02,
    2.44578201e+02, 2.12402283e+02, 2.54941788e+02, 2.13045059e+02,
    2.65226959e+02, 2.13756180e+02, 2.75622345e+02, 2.14346863e+02,
    2.13537979e+02, 2.19131073e+02, 2.23800247e+02, 2.19631790e+02,
    2.34042114e+02, 2.20202530e+02, 2.44196060e+02, 2.20795334e+02,
    2.54420441e+02, 2.21431091e+02, 2.64636566e+02, 2.22143311e+02,
    2.74817169e+02, 2.22850937e+02, 2.13687073e+02, 2.27445190e+02,
    2.23797913e+02, 2.27871170e+02, 2.33820007e+02, 2.28448624e+02,
    2.43881592e+02, 2.29156555e+02, 2.53952118e+02, 2.29781891e+02,
    2.63975494e+02, 2.30375458e+02, 2.74050354e+02, 2.31106018e+02,
    2.13765991e+02, 2.35472534e+02, 2.23766174e+02, 2.35898605e+02,
    2.33686325e+02, 2.36671432e+02, 2.43587326e+02, 2.37242874e+02,
    2.53499191e+02, 2.37742050e+02, 2.63391052e+02, 2.38388687e+02,
    2.73275635e+02, 2.39213135e+02, 2.13850174e+02, 2.43395966e+02,
    2.23775192e+02, 2.43902817e+02, 2.33528214e+02, 2.44427429e+02,
    2.43300034e+02, 2.45027069e+02, 2.53076019e+02, 2.45587036e+02,
    2.62746521e+02, 2.46280350e+02, 2.72487000e+02, 2.47007675e+02,
    2.13954025e+02, 2.51011490e+02, 2.23690964e+02, 2.51500092e+02,
    2.33377792e+02, 2.52105835e+02, 2.42915878e+02, 2.52654938e+02,
    2.52644318e+02, 2.53209900e+02, 2.62160858e+02, 2.53849991e+02,
    2.71838593e+02, 2.54545670e+02 ]
