%YAML:1.0
---
points: [ 3.95906921e+02, 1.82336426e+02, 3.93977295e+02, 1.93580704e+02,
    3.92244812e+02, 2.04380264e+02, 3.90748077e+02, 2.14612717e+02,
    3.89407104e+02, 2.24532074e+02, 3.88006805e+02, 2.34000961e+02,
    3.86628235e+02, 2.43398361e+02, 3.83261047e+02, 1.85396698e+02,
    3.81829437e+02, 1.96638596e+02, 3.80386536e+02, 2.07344040e+02,
    3.79023163e+02, 2.17620804e+02, 3.77850281e+02, 2.27523132e+02,
    3.76756378e+02, 2.36938202e+02, 3.75594238e+02, 2.46252365e+02,
    3.70732941e+02, 1.88530441e+02, 3.69357819e+02, 1.99694565e+02,
    3.68290771e+02, 2.10368881e+02, 3.67222870e+02, 2.20621323e+02,
    3.66270081e+02, 2.30486633e+02, 3.65353088e+02, 2.39912811e+02,
    3.64509644e+02, 2.49243683e+02, 3.57869324e+02, 1.91548416e+02,
    3.57018860e+02, 2.02725189e+02, 3.56175812e+02, 2.13360870e+02,
    3.55306824e+02, 2.23663651e+02, 3.54453766e+02, 2.33402847e+02,
    3.53845612e+02, 2.42902740e+02, 3.53325562e+02, 2.52062256e+02,
    3.45208740e+02, 1.94754547e+02, 3.44444672e+02, 2.05870697e+02,
    3.43812866e+02, 2.16439667e+02, 3.43280609e+02, 2.26684845e+02,
    3.42752625e+02, 2.36471024e+02, 3.42269958e+02, 2.45978912e+02,
    3.42039337e+02, 2.55182404e+02, 3.32232361e+02, 1.97991104e+02,
    3.32033661e+02, 2.08982620e+02, 3.31561066e+02, 2.19721344e+02,
    3.31261536e+02, 2.29869476e+02, 3.31093018e+02, 2.39603653e+02,
    3.30916107e+02, 2.49067078e+02, 3.30733368e+02, 2.58347748e+02,
    3.19231750e+02, 2.01327682e+02, 3.19102325e+02, 2.12401108e+02,
    3.19146332e+02, 2.22957520e+02, 3.19135895e+02, 2.33052032e+02,
    3.19112244e+02, 2.42830170e+02, 3.19129578e+02, 2.52224380e+02,
    3.19233795e+02, 2.61492035e+02, 3.06069580e+02, 2.04519989e+02,
    3.06361053e+02, 2.15597961e+02, 3.06546295e+02, 2.26155807e+02,
    3.06840851e+02, 2.36196045e+02, 3.07116150e+02, 2.45911499e+02,
    3.07377167e+02, 2.55385162e+02, 3.07757385e+02, 2.64515656e+02,
    2.93060455e+02, 2.07833618e+02, 2.93509186e+02, 2.18945679e+02,
    2.94062073e+02, 2.29373978e+02, 2.94456268e+02, 2.39506531e+02,
    2.95074097e+02, 2.49114441e+02, 2.95552521e+02, 2.58622284e+02,
    2.96156158e+02, 2.67787781e+02 ]
