%YAML:1.0
---
points: [ 1.27729651e+03, 4.43214294e+02, 1.27391772e+03, 4.75955963e+02,
    1.27054553e+03, 5.07528351e+02, 1.26763879e+03, 5.37794739e+02,
    1.26491528e+03, 5.66728271e+02, 1.26242188e+03, 5.94917114e+02,
    1.26005200e+03, 6.22223206e+02, 1.24008447e+03, 4.52106415e+02,
    1.23751819e+03, 4.84834991e+02, 1.23505566e+03, 5.16348145e+02,
    1.23280554e+03, 5.46372925e+02, 1.23067432e+03, 5.75476013e+02,
    1.22875195e+03, 6.03431580e+02, 1.22731860e+03, 6.30591980e+02,
    1.20252539e+03, 4.61051086e+02, 1.20089978e+03, 4.93790405e+02,
    1.19928931e+03, 5.25087769e+02, 1.19764136e+03, 5.55399048e+02,
    1.19644116e+03, 5.84212280e+02, 1.19525867e+03, 6.12212585e+02,
    1.19440332e+03, 6.39292236e+02, 1.16480164e+03, 4.70101990e+02,
    1.16419910e+03, 5.02725922e+02, 1.16327515e+03, 5.34117737e+02,
    1.16251453e+03, 5.64304138e+02, 1.16188647e+03, 5.92958862e+02,
    1.16140930e+03, 6.20830994e+02, 1.16113379e+03, 6.47924683e+02,
    1.12704407e+03, 4.79435059e+02, 1.12694348e+03, 5.11980103e+02,
    1.12692969e+03, 5.43298645e+02, 1.12699231e+03, 5.73297729e+02,
    1.12711584e+03, 6.01949646e+02, 1.12740515e+03, 6.29756226e+02,
    1.12772314e+03, 6.56790894e+02, 1.08890674e+03, 4.88878235e+02,
    1.08972095e+03, 5.21504761e+02, 1.09054492e+03, 5.52549561e+02,
    1.09132104e+03, 5.82465576e+02, 1.09227124e+03, 6.11295288e+02,
    1.09321240e+03, 6.39175964e+02, 1.09437793e+03, 6.66271851e+02,
    1.05024158e+03, 4.98469543e+02, 1.05208496e+03, 5.30995789e+02,
    1.05359607e+03, 5.61915161e+02, 1.05528247e+03, 5.91976196e+02,
    1.05681946e+03, 6.20533142e+02, 1.05864417e+03, 6.48402100e+02,
    1.06043726e+03, 6.75553955e+02, 1.01147119e+03, 5.08219391e+02,
    1.01387653e+03, 5.40466125e+02, 1.01655237e+03, 5.71583862e+02,
    1.01879633e+03, 6.01446350e+02, 1.02136560e+03, 6.29828857e+02,
    1.02360626e+03, 6.57671570e+02, 1.02624146e+03, 6.84673645e+02,
    9.72162354e+02, 5.18121948e+02, 9.75508606e+02, 5.50445496e+02,
    9.79058350e+02, 5.81268555e+02, 9.82068115e+02, 6.11142090e+02,
    9.85424500e+02, 6.39515564e+02, 9.88532654e+02, 6.67267456e+02,
    9.91574890e+02, 6.94098694e+02 ]
