%YAML:1.0
---
points: [ 1.46798462e+03, 6.64706543e+02, 1.47567725e+03, 6.81642090e+02,
    1.48353552e+03, 6.98983948e+02, 1.49178174e+03, 7.17047546e+02,
    1.49997412e+03, 7.34960999e+02, 1.50868848e+03, 7.53841858e+02,
    1.51748950e+03, 7.72741455e+02, 1.44782703e+03, 6.66584900e+02,
    1.45546277e+03, 6.83477356e+02, 1.46315527e+03, 7.01108887e+02,
    1.47102881e+03, 7.18747375e+02, 1.47905237e+03, 7.37281006e+02,
    1.48748193e+03, 7.55721558e+02, 1.49602405e+03, 7.75031189e+02,
    1.42788257e+03, 6.68492065e+02, 1.43521814e+03, 6.85589233e+02,
    1.44255420e+03, 7.02955811e+02, 1.45028406e+03, 7.20804688e+02,
    1.45802502e+03, 7.39159180e+02, 1.46615649e+03, 7.57819275e+02,
    1.47451233e+03, 7.76831848e+02, 1.40784814e+03, 6.70570496e+02,
    1.41485632e+03, 6.87448975e+02, 1.42212280e+03, 7.04935791e+02,
    1.42962878e+03, 7.22823914e+02, 1.43711023e+03, 7.41145264e+02,
    1.44513489e+03, 7.59834839e+02, 1.45306055e+03, 7.79067444e+02,
    1.38791162e+03, 6.72221497e+02, 1.39470203e+03, 6.89424805e+02,
    1.40175305e+03, 7.06902405e+02, 1.40872412e+03, 7.24695679e+02,
    1.41624719e+03, 7.43083557e+02, 1.42367029e+03, 7.61761841e+02,
    1.43161340e+03, 7.80847961e+02, 1.36801807e+03, 6.74157227e+02,
    1.37454297e+03, 6.91200195e+02, 1.38118945e+03, 7.08606995e+02,
    1.38823462e+03, 7.26552795e+02, 1.39532361e+03, 7.44777954e+02,
    1.40273132e+03, 7.63614319e+02, 1.41028601e+03, 7.82596375e+02,
    1.34811316e+03, 6.75876831e+02, 1.35439612e+03, 6.92909973e+02,
    1.36087024e+03, 7.10453003e+02, 1.36758765e+03, 7.28472717e+02,
    1.37436926e+03, 7.46594116e+02, 1.38146143e+03, 7.65534851e+02,
    1.38877954e+03, 7.84545227e+02, 1.32820532e+03, 6.77594604e+02,
    1.33433423e+03, 6.94706787e+02, 1.34054041e+03, 7.12387756e+02,
    1.34687000e+03, 7.30240967e+02, 1.35358191e+03, 7.48605164e+02,
    1.36036133e+03, 7.67209290e+02, 1.36747253e+03, 7.86477356e+02,
    1.30845557e+03, 6.79405029e+02, 1.31415527e+03, 6.96557129e+02,
    1.32019006e+03, 7.13992737e+02, 1.32643665e+03, 7.32168152e+02,
    1.33262573e+03, 7.50278320e+02, 1.33925757e+03, 7.69284668e+02,
    1.34594653e+03, 7.88185486e+02 ]
