%YAML:1.0
---
points: [ 2.74593445e+02, 2.65528259e+02, 2.63529846e+02, 2.66463776e+02,
    2.52544434e+02, 2.67259125e+02, 2.41454620e+02, 2.68231537e+02,
    2.30313904e+02, 2.69063141e+02, 2.19211884e+02, 2.70041748e+02,
    2.07992157e+02, 2.70777496e+02, 2.73270294e+02, 2.55869629e+02,
    2.62508850e+02, 2.56698303e+02, 2.51716339e+02, 2.57451996e+02,
    2.40819794e+02, 2.58374603e+02, 2.29887833e+02, 2.59314209e+02,
    2.19016678e+02, 2.60280029e+02, 2.07906113e+02, 2.60994873e+02,
    2.72241302e+02, 2.46522339e+02, 2.61541168e+02, 2.47315216e+02,
    2.50977493e+02, 2.48236893e+02, 2.40170242e+02, 2.49098526e+02,
    2.29563843e+02, 2.49939331e+02, 2.18756638e+02, 2.50673615e+02,
    2.07835281e+02, 2.51334961e+02, 2.71094849e+02, 2.37516602e+02,
    2.60627655e+02, 2.38350327e+02, 2.50168686e+02, 2.39195068e+02,
    2.39669037e+02, 2.39950150e+02, 2.29113312e+02, 2.40821472e+02,
    2.18550354e+02, 2.41525421e+02, 2.07874069e+02, 2.42263641e+02,
    2.70034882e+02, 2.28781479e+02, 2.59740021e+02, 2.29600616e+02,
    2.49390610e+02, 2.30338745e+02, 2.39078369e+02, 2.31264694e+02,
    2.28742645e+02, 2.31933746e+02, 2.18323059e+02, 2.32706848e+02,
    2.07829254e+02, 2.33407898e+02, 2.68939972e+02, 2.20274078e+02,
    2.58840973e+02, 2.21122925e+02, 2.48724472e+02, 2.21912277e+02,
    2.38540207e+02, 2.22566650e+02, 2.28362778e+02, 2.23417435e+02,
    2.18109497e+02, 2.24059448e+02, 2.07775665e+02, 2.24578491e+02,
    2.67923492e+02, 2.12160172e+02, 2.57944214e+02, 2.12799255e+02,
    2.47987854e+02, 2.13573181e+02, 2.38008865e+02, 2.14331192e+02,
    2.27943237e+02, 2.14994919e+02, 2.17821808e+02, 2.15665192e+02,
    2.07813873e+02, 2.16275726e+02, 2.66905273e+02, 2.04163116e+02,
    2.57157959e+02, 2.04872223e+02, 2.47287842e+02, 2.05596558e+02,
    2.37423935e+02, 2.06395996e+02, 2.27606277e+02, 2.07012604e+02,
    2.17717407e+02, 2.07738861e+02, 2.07682434e+02, 2.08277756e+02,
    2.66040344e+02, 1.96486282e+02, 2.56296783e+02, 1.97122269e+02,
    2.46653702e+02, 1.97780640e+02, 2.36913940e+02, 1.98607742e+02,
    2.27300018e+02, 1.99213913e+02, 2.17524231e+02, 1.99685837e+02,
    2.07676910e+02, 2.00351822e+02 ]
