%YAML:1.0
---
points: [ 6.34512268e+02, 4.50634247e+02, 6.48492065e+02, 4.17018066e+02,
    6.62036072e+02, 3.84186646e+02, 6.74666809e+02, 3.52105469e+02,
    6.86966309e+02, 3.20882324e+02, 6.98590698e+02, 2.90364594e+02,
    7.09969910e+02, 2.60806763e+02, 6.70308533e+02, 4.52556396e+02,
    6.84104431e+02, 4.18515228e+02, 6.96857056e+02, 3.85276794e+02,
    7.09331665e+02, 3.52938904e+02, 7.20947205e+02, 3.20985016e+02,
    7.32478699e+02, 2.90461853e+02, 7.43226685e+02, 2.60514923e+02,
    7.06763916e+02, 4.54450928e+02, 7.20081116e+02, 4.19726501e+02,
    7.32563171e+02, 3.86206848e+02, 7.44305054e+02, 3.53434357e+02,
    7.55618835e+02, 3.21344574e+02, 7.66589050e+02, 2.90235291e+02,
    7.77175110e+02, 2.60141205e+02, 7.44335510e+02, 4.56343933e+02,
    7.56931213e+02, 4.21391144e+02, 7.68856628e+02, 3.87165527e+02,
    7.80372559e+02, 3.54023926e+02, 7.91200073e+02, 3.21560333e+02,
    8.01717041e+02, 2.90121124e+02, 8.11703125e+02, 2.59567749e+02,
    7.82602600e+02, 4.58542175e+02, 7.94714233e+02, 4.23023834e+02,
    8.06340271e+02, 3.88329468e+02, 8.16973267e+02, 3.54691467e+02,
    8.27618408e+02, 3.21969849e+02, 8.37495422e+02, 2.90024994e+02,
    8.47411804e+02, 2.59098328e+02, 8.21890930e+02, 4.60499268e+02,
    8.33409973e+02, 4.24394287e+02, 8.44267517e+02, 3.89207916e+02,
    8.54504089e+02, 3.55159637e+02, 8.64487854e+02, 3.21859039e+02,
    8.74329956e+02, 2.89571747e+02, 8.83467407e+02, 2.58398315e+02,
    8.61784607e+02, 4.62322662e+02, 8.72680481e+02, 4.25570435e+02,
    8.82972961e+02, 3.90061768e+02, 8.92722595e+02, 3.55396942e+02,
    9.02248962e+02, 3.21671295e+02, 9.11452271e+02, 2.88869263e+02,
    9.20390686e+02, 2.57291321e+02, 9.02932190e+02, 4.64362732e+02,
    9.13127502e+02, 4.26910645e+02, 9.22827515e+02, 3.90755524e+02,
    9.32312988e+02, 3.55668365e+02, 9.41170105e+02, 3.21540009e+02,
    9.49674316e+02, 2.88373840e+02, 9.58282593e+02, 2.56209412e+02,
    9.45079468e+02, 4.66011719e+02, 9.54576294e+02, 4.28315857e+02,
    9.63856689e+02, 3.91405884e+02, 9.72478333e+02, 3.55863525e+02,
    9.80888611e+02, 3.21347778e+02, 9.89173462e+02, 2.87821411e+02,
    9.96920166e+02, 2.55333359e+02 ]
