%YAML:1.0
---
points: [ 1.95143082e+02, 2.87178040e+02, 2.11214600e+02, 2.87129303e+02,
    2.26858215e+02, 2.87077606e+02, 2.42156464e+02, 2.87166718e+02,
    2.57213287e+02, 2.87186279e+02, 2.71915863e+02, 2.87291138e+02,
    2.86408997e+02, 2.87415405e+02, 1.94107803e+02, 3.03108429e+02,
    2.10120636e+02, 3.02611511e+02, 2.25726822e+02, 3.02405945e+02,
    2.41082184e+02, 3.02343689e+02, 2.56013885e+02, 3.02241608e+02,
    2.70789215e+02, 3.02191010e+02, 2.85199463e+02, 3.02161591e+02,
    1.93109497e+02, 3.18460358e+02, 2.09009964e+02, 3.18202301e+02,
    2.24667816e+02, 3.17722015e+02, 2.39901794e+02, 3.17364868e+02,
    2.54964722e+02, 3.17183411e+02, 2.69660889e+02, 3.17130188e+02,
    2.84128815e+02, 3.16953461e+02, 1.91941635e+02, 3.34153961e+02,
    2.07909943e+02, 3.33487396e+02, 2.23601730e+02, 3.33038483e+02,
    2.38845718e+02, 3.32347717e+02, 2.53821594e+02, 3.32240356e+02,
    2.68527039e+02, 3.31853607e+02, 2.82946228e+02, 3.31486267e+02,
    1.90968735e+02, 3.49333374e+02, 2.06902664e+02, 3.48469635e+02,
    2.22510269e+02, 3.47911530e+02, 2.37756958e+02, 3.47446716e+02,
    2.52721619e+02, 3.47005890e+02, 2.67387329e+02, 3.46408813e+02,
    2.81793182e+02, 3.46167206e+02, 1.90011673e+02, 3.64596252e+02,
    2.05850174e+02, 3.63756866e+02, 2.21482010e+02, 3.63045044e+02,
    2.36632568e+02, 3.62267822e+02, 2.51669876e+02, 3.61781830e+02,
    2.66268524e+02, 3.61183594e+02, 2.80707642e+02, 3.60523560e+02,
    1.89023071e+02, 3.79634430e+02, 2.04924057e+02, 3.78724823e+02,
    2.20410599e+02, 3.77878265e+02, 2.35653198e+02, 3.77061951e+02,
    2.50562424e+02, 3.76400208e+02, 2.65288391e+02, 3.75577148e+02,
    2.79519440e+02, 3.75043213e+02, 1.88337967e+02, 3.94466125e+02,
    2.03830154e+02, 3.93510864e+02, 2.19496246e+02, 3.92561340e+02,
    2.34612732e+02, 3.91568634e+02, 2.49672073e+02, 3.90737701e+02,
    2.63956909e+02, 3.90093109e+02, 2.78528870e+02, 3.89268402e+02,
    1.87353439e+02, 4.08959259e+02, 2.03210022e+02, 4.07952118e+02,
    2.18484131e+02, 4.06944946e+02, 2.33745605e+02, 4.06042053e+02,
    2.48386826e+02, 4.05075562e+02, 2.63076996e+02, 4.04156982e+02,
    2.77346039e+02, 4.03266876e+02 ]
