%YAML:1.0
---
points: [ 1.50763501e+03, 4.94900024e+02, 1.48455530e+03, 4.97254547e+02,
    1.46167480e+03, 4.99520508e+02, 1.43952930e+03, 5.01870911e+02,
    1.41773706e+03, 5.03869110e+02, 1.39660388e+03, 5.06237823e+02,
    1.37578979e+03, 5.08312988e+02, 1.50534082e+03, 4.73677917e+02,
    1.48191516e+03, 4.76404358e+02, 1.45927881e+03, 4.78840302e+02,
    1.43729382e+03, 4.81427246e+02, 1.41546033e+03, 4.83760651e+02,
    1.39433447e+03, 4.86355713e+02, 1.37365479e+03, 4.88531006e+02,
    1.50255164e+03, 4.52623199e+02, 1.47955237e+03, 4.55444611e+02,
    1.45679871e+03, 4.58424438e+02, 1.43464880e+03, 4.61115540e+02,
    1.41286755e+03, 4.63864197e+02, 1.39171106e+03, 4.66441956e+02,
    1.37110071e+03, 4.69238342e+02, 1.50033923e+03, 4.31339752e+02,
    1.47689417e+03, 4.34539581e+02, 1.45436902e+03, 4.37762909e+02,
    1.43230811e+03, 4.40644806e+02, 1.41063379e+03, 4.43796967e+02,
    1.38946472e+03, 4.46580597e+02, 1.36887988e+03, 4.49543304e+02,
    1.49768005e+03, 4.10314423e+02, 1.47466907e+03, 4.13603333e+02,
    1.45199316e+03, 4.17238159e+02, 1.42978796e+03, 4.20330536e+02,
    1.40808533e+03, 4.23691162e+02, 1.38701074e+03, 4.26825684e+02,
    1.36634033e+03, 4.29763092e+02, 1.49540088e+03, 3.88930878e+02,
    1.47203833e+03, 3.92686859e+02, 1.44949634e+03, 3.96534668e+02,
    1.42746326e+03, 4.00079987e+02, 1.40572290e+03, 4.03476135e+02,
    1.38466370e+03, 4.06983856e+02, 1.36422437e+03, 4.10182556e+02,
    1.49259167e+03, 3.67828583e+02, 1.46959424e+03, 3.71793976e+02,
    1.44706348e+03, 3.75833344e+02, 1.42493579e+03, 3.79701660e+02,
    1.40326038e+03, 3.83423798e+02, 1.38218237e+03, 3.87001190e+02,
    1.36161145e+03, 3.90646332e+02, 1.49029395e+03, 3.46488983e+02,
    1.46690991e+03, 3.50862823e+02, 1.44445569e+03, 3.55191803e+02,
    1.42245776e+03, 3.59310394e+02, 1.40087927e+03, 3.63215790e+02,
    1.37983521e+03, 3.67064728e+02, 1.35929907e+03, 3.70907135e+02,
    1.48756445e+03, 3.25405670e+02, 1.46450330e+03, 3.29826019e+02,
    1.44197058e+03, 3.34410797e+02, 1.42003113e+03, 3.38754852e+02,
    1.39839062e+03, 3.43152710e+02, 1.37748511e+03, 3.47148560e+02,
    1.35688464e+03, 3.51191742e+02 ]
