%YAML:1.0
---
points: [ 3.01298767e+02, 1.18594116e+02, 2.98996307e+02, 1.29672516e+02,
    2.96701019e+02, 1.41156677e+02, 2.94292419e+02, 1.52834457e+02,
    2.91830383e+02, 1.64870255e+02, 2.89315552e+02, 1.77377258e+02,
    2.86600739e+02, 1.90218475e+02, 2.87629272e+02, 1.19145767e+02,
    2.85288483e+02, 1.29970093e+02, 2.82748596e+02, 1.41262772e+02,
    2.80132935e+02, 1.52716827e+02, 2.77544617e+02, 1.64665909e+02,
    2.74759888e+02, 1.77034332e+02, 2.71927979e+02, 1.89554810e+02,
    2.74532410e+02, 1.19272690e+02, 2.71889923e+02, 1.30217667e+02,
    2.69255585e+02, 1.41265442e+02, 2.66444916e+02, 1.52700378e+02,
    2.63651276e+02, 1.64335938e+02, 2.60630981e+02, 1.76431961e+02,
    2.57455231e+02, 1.89055923e+02, 2.61602295e+02, 1.19759827e+02,
    2.58876404e+02, 1.30307861e+02, 2.55990005e+02, 1.41385376e+02,
    2.53104080e+02, 1.52466064e+02, 2.50025208e+02, 1.64225204e+02,
    2.46885513e+02, 1.76144333e+02, 2.43559479e+02, 1.88308594e+02,
    2.49041718e+02, 1.20136177e+02, 2.46093109e+02, 1.30430145e+02,
    2.43124863e+02, 1.41358948e+02, 2.40136429e+02, 1.52340729e+02,
    2.36835876e+02, 1.64031555e+02, 2.33471893e+02, 1.75688705e+02,
    2.29980530e+02, 1.87619339e+02, 2.36709702e+02, 1.20247276e+02,
    2.33746368e+02, 1.30480591e+02, 2.30558853e+02, 1.41368851e+02,
    2.27269135e+02, 1.52229218e+02, 2.23946075e+02, 1.63563080e+02,
    2.20294601e+02, 1.75248550e+02, 2.16535355e+02, 1.87048035e+02,
    2.24726379e+02, 1.20410767e+02, 2.21474289e+02, 1.30635788e+02,
    2.18177765e+02, 1.41266449e+02, 2.14714005e+02, 1.52129074e+02,
    2.11158554e+02, 1.63315765e+02, 2.07462769e+02, 1.74568787e+02,
    2.03619492e+02, 1.86267746e+02, 2.12865875e+02, 1.20679817e+02,
    2.09620056e+02, 1.30781525e+02, 2.06120529e+02, 1.41283020e+02,
    2.02615097e+02, 1.51962952e+02, 1.98810822e+02, 1.62917450e+02,
    1.94947510e+02, 1.74198624e+02, 1.90834320e+02, 1.85615433e+02,
    2.01390015e+02, 1.20690392e+02, 1.97804871e+02, 1.30883072e+02,
    1.94278107e+02, 1.41241928e+02, 1.90640808e+02, 1.51687149e+02,
    1.86743027e+02, 1.62487030e+02, 1.82702148e+02, 1.73642960e+02,
    1.78427124e+02, 1.85093475e+02 ]
