%YAML:1.0
---
points: [ 1.85916885e+02, 2.91493958e+02, 2.02485931e+02, 2.91344879e+02,
    2.19087448e+02, 2.91407684e+02, 2.35409546e+02, 2.91582428e+02,
    2.51976807e+02, 2.92000580e+02, 2.68340576e+02, 2.92284882e+02,
    2.84943085e+02, 2.92569977e+02, 1.87276199e+02, 3.04466034e+02,
    2.03475586e+02, 3.04291138e+02, 2.19731598e+02, 3.04348846e+02,
    2.35851028e+02, 3.04531677e+02, 2.51963394e+02, 3.04769653e+02,
    2.68151794e+02, 3.05096283e+02, 2.84290253e+02, 3.05332245e+02,
    1.88477341e+02, 3.16936340e+02, 2.04448730e+02, 3.16772491e+02,
    2.20310837e+02, 3.16731384e+02, 2.36228455e+02, 3.16978271e+02,
    2.52079819e+02, 3.17151550e+02, 2.67903046e+02, 3.17413818e+02,
    2.83859833e+02, 3.17774261e+02, 1.89777679e+02, 3.29034271e+02,
    2.05365524e+02, 3.28799530e+02, 2.21058105e+02, 3.28792114e+02,
    2.36618668e+02, 3.28963135e+02, 2.52159164e+02, 3.29234497e+02,
    2.67717926e+02, 3.29372192e+02, 2.83289703e+02, 3.29730072e+02,
    1.91000122e+02, 3.40323517e+02, 2.06298416e+02, 3.40288422e+02,
    2.21666092e+02, 3.40290741e+02, 2.36893097e+02, 3.40378601e+02,
    2.52223801e+02, 3.40555878e+02, 2.67585999e+02, 3.40821259e+02,
    2.82851105e+02, 3.41217896e+02, 1.92195740e+02, 3.51457764e+02,
    2.07227509e+02, 3.51418671e+02, 2.22216721e+02, 3.51489319e+02,
    2.37188095e+02, 3.51579315e+02, 2.52292709e+02, 3.51767822e+02,
    2.67285278e+02, 3.52063171e+02, 2.82334045e+02, 3.52269409e+02,
    1.93230682e+02, 3.62178741e+02, 2.08071930e+02, 3.62091003e+02,
    2.22696671e+02, 3.62088196e+02, 2.37661880e+02, 3.62253815e+02,
    2.52252411e+02, 3.62388123e+02, 2.67126038e+02, 3.62716553e+02,
    2.81782806e+02, 3.63127594e+02, 1.94432129e+02, 3.72509064e+02,
    2.08754578e+02, 3.72448303e+02, 2.23511185e+02, 3.72482117e+02,
    2.37748871e+02, 3.72604614e+02, 2.52605042e+02, 3.72756378e+02,
    2.66716583e+02, 3.73092407e+02, 2.81579102e+02, 3.73342743e+02,
    1.95249603e+02, 3.82456268e+02, 2.09738022e+02, 3.82525513e+02,
    2.23751266e+02, 3.82564911e+02, 2.38166260e+02, 3.82705292e+02,
    2.52371506e+02, 3.82744080e+02, 2.66804352e+02, 3.83001648e+02,
    2.80773315e+02, 3.83298462e+02 ]
