%YAML:1.0
---
points: [ 1.14992114e+03, 2.04401062e+02, 1.16245178e+03, 2.31142303e+02,
    1.17565491e+03, 2.58611694e+02, 1.18917700e+03, 2.86832916e+02,
    1.20342578e+03, 3.15788391e+02, 1.21795312e+03, 3.46055756e+02,
    1.23354907e+03, 3.76924042e+02, 1.11645496e+03, 2.05628937e+02,
    1.12877148e+03, 2.32624390e+02, 1.14134424e+03, 2.60505920e+02,
    1.15451685e+03, 2.88996490e+02, 1.16800073e+03, 3.18595062e+02,
    1.18249939e+03, 3.48993164e+02, 1.19739319e+03, 3.80363892e+02,
    1.08251965e+03, 2.06812073e+02, 1.09430798e+03, 2.34177353e+02,
    1.10643640e+03, 2.62291077e+02, 1.11917517e+03, 2.91355652e+02,
    1.13231091e+03, 3.21234772e+02, 1.14590210e+03, 3.51846313e+02,
    1.16056201e+03, 3.83413635e+02, 1.04766772e+03, 2.08359314e+02,
    1.05913477e+03, 2.35681091e+02, 1.07083655e+03, 2.64357422e+02,
    1.08315759e+03, 2.93505981e+02, 1.09568018e+03, 3.23852905e+02,
    1.10918079e+03, 3.55025330e+02, 1.12281653e+03, 3.86873810e+02,
    1.01244867e+03, 2.09297928e+02, 1.02331024e+03, 2.37354309e+02,
    1.03471570e+03, 2.66184723e+02, 1.04639429e+03, 2.95812653e+02,
    1.05844666e+03, 3.26396698e+02, 1.07110522e+03, 3.57768829e+02,
    1.08464661e+03, 3.90206421e+02, 9.76355713e+02, 2.10194534e+02,
    9.87075195e+02, 2.38467926e+02, 9.97585815e+02, 2.67535889e+02,
    1.00899103e+03, 2.97573608e+02, 1.02054523e+03, 3.28651886e+02,
    1.03269202e+03, 3.60392151e+02, 1.04548022e+03, 3.92916595e+02,
    9.39727844e+02, 2.11180267e+02, 9.49573608e+02, 2.39701721e+02,
    9.60089233e+02, 2.69333191e+02, 9.70546509e+02, 2.99629517e+02,
    9.81669006e+02, 3.30902374e+02, 9.93331116e+02, 3.63214294e+02,
    1.00547919e+03, 3.96233978e+02, 9.02048279e+02, 2.12153839e+02,
    9.11480530e+02, 2.40942245e+02, 9.21441772e+02, 2.70752533e+02,
    9.31390808e+02, 3.01824402e+02, 9.42010864e+02, 3.33510223e+02,
    9.52785400e+02, 3.66121002e+02, 9.64468445e+02, 3.99557709e+02,
    8.63616089e+02, 2.12679611e+02, 8.72541809e+02, 2.42026321e+02,
    8.81706726e+02, 2.72394348e+02, 8.91231384e+02, 3.03725983e+02,
    9.01192505e+02, 3.35633087e+02, 9.11547668e+02, 3.68857910e+02,
    9.22427979e+02, 4.02910645e+02 ]
