%YAML:1.0
---
points: [ 1.60604663e+03, 3.32910828e+02, 1.60551794e+03, 3.54708984e+02,
    1.60489465e+03, 3.76485779e+02, 1.60445496e+03, 3.98205139e+02,
    1.60397510e+03, 4.19628113e+02, 1.60349573e+03, 4.41325317e+02,
    1.60312646e+03, 4.62674866e+02, 1.58243042e+03, 3.34116425e+02,
    1.58183569e+03, 3.55767426e+02, 1.58138757e+03, 3.77539978e+02,
    1.58082263e+03, 3.99207245e+02, 1.58048193e+03, 4.20614502e+02,
    1.58022058e+03, 4.42133209e+02, 1.57986438e+03, 4.63515259e+02,
    1.55904395e+03, 3.35279083e+02, 1.55860864e+03, 3.56900391e+02,
    1.55821838e+03, 3.78531036e+02, 1.55770215e+03, 4.00163879e+02,
    1.55741003e+03, 4.21542175e+02, 1.55696570e+03, 4.42989227e+02,
    1.55673096e+03, 4.64352814e+02, 1.53571948e+03, 3.36503479e+02,
    1.53540051e+03, 3.58176392e+02, 1.53488782e+03, 3.79640015e+02,
    1.53454700e+03, 4.01263275e+02, 1.53418628e+03, 4.22559479e+02,
    1.53373584e+03, 4.43669647e+02, 1.53360071e+03, 4.65065796e+02,
    1.51263354e+03, 3.37657166e+02, 1.51230090e+03, 3.59361145e+02,
    1.51181287e+03, 3.80659851e+02, 1.51161450e+03, 4.02220856e+02,
    1.51138733e+03, 4.23395721e+02, 1.51107629e+03, 4.44611145e+02,
    1.51087671e+03, 4.65561707e+02, 1.48980933e+03, 3.38986938e+02,
    1.48954297e+03, 3.60421783e+02, 1.48923706e+03, 3.81742218e+02,
    1.48872717e+03, 4.03130127e+02, 1.48851038e+03, 4.24264587e+02,
    1.48842822e+03, 4.45354797e+02, 1.48830664e+03, 4.66381897e+02,
    1.46688696e+03, 3.40192078e+02, 1.46661267e+03, 3.61510468e+02,
    1.46639185e+03, 3.82669098e+02, 1.46610034e+03, 4.04070343e+02,
    1.46581409e+03, 4.25056976e+02, 1.46566663e+03, 4.46196320e+02,
    1.46570679e+03, 4.67107330e+02, 1.44438147e+03, 3.41397034e+02,
    1.44411743e+03, 3.62583527e+02, 1.44387036e+03, 3.83802246e+02,
    1.44364575e+03, 4.04944000e+02, 1.44346680e+03, 4.25960480e+02,
    1.44338953e+03, 4.46816254e+02, 1.44333508e+03, 4.67753967e+02,
    1.42178455e+03, 3.42545593e+02, 1.42165540e+03, 3.63801819e+02,
    1.42149939e+03, 3.84833130e+02, 1.42131018e+03, 4.06064636e+02,
    1.42117712e+03, 4.26817383e+02, 1.42113086e+03, 4.47758728e+02,
    1.42118835e+03, 4.68543671e+02 ]
