%YAML:1.0
---
points: [ 3.50122925e+02, 1.01351295e+02, 3.54938934e+02, 1.10428238e+02,
    3.59824829e+02, 1.19639542e+02, 3.64929993e+02, 1.29286041e+02,
    3.70277374e+02, 1.39232040e+02, 3.75774261e+02, 1.49377411e+02,
    3.81718597e+02, 1.59905884e+02, 3.39153717e+02, 1.01763763e+02,
    3.43778687e+02, 1.10908325e+02, 3.48514801e+02, 1.20361885e+02,
    3.53435364e+02, 1.30089630e+02, 3.58645264e+02, 1.40135956e+02,
    3.64007538e+02, 1.50421844e+02, 3.69523010e+02, 1.61030090e+02,
    3.27780182e+02, 1.02181435e+02, 3.32291260e+02, 1.11317261e+02,
    3.36949158e+02, 1.21000900e+02, 3.41746765e+02, 1.30820953e+02,
    3.46729309e+02, 1.41012695e+02, 3.51825775e+02, 1.51417923e+02,
    3.57365906e+02, 1.62158127e+02, 3.16314728e+02, 1.02745041e+02,
    3.20595612e+02, 1.12037842e+02, 3.25049316e+02, 1.21646255e+02,
    3.29691650e+02, 1.31622421e+02, 3.34494385e+02, 1.41873154e+02,
    3.39598846e+02, 1.52504669e+02, 3.44848785e+02, 1.63321213e+02,
    3.04608093e+02, 1.03147118e+02, 3.08725220e+02, 1.12439293e+02,
    3.12985870e+02, 1.22327347e+02, 3.17544373e+02, 1.32314163e+02,
    3.22159698e+02, 1.42722305e+02, 3.26994812e+02, 1.53465408e+02,
    3.32138519e+02, 1.64350433e+02, 2.92632050e+02, 1.03340004e+02,
    2.96685028e+02, 1.13037315e+02, 3.00785858e+02, 1.22917320e+02,
    3.05064453e+02, 1.33037598e+02, 3.09529175e+02, 1.43572449e+02,
    3.14240936e+02, 1.54378983e+02, 3.19170349e+02, 1.65434113e+02,
    2.80399261e+02, 1.03739464e+02, 2.84306366e+02, 1.13447533e+02,
    2.88179352e+02, 1.23412369e+02, 2.92344818e+02, 1.33833206e+02,
    2.96621368e+02, 1.44419846e+02, 3.01034332e+02, 1.55345062e+02,
    3.05785492e+02, 1.66610733e+02, 2.67936737e+02, 1.04107018e+02,
    2.71638885e+02, 1.14047951e+02, 2.75439728e+02, 1.24159470e+02,
    2.79347626e+02, 1.34627182e+02, 2.83407257e+02, 1.45309799e+02,
    2.87724548e+02, 1.56470749e+02, 2.92326813e+02, 1.67747101e+02,
    2.55248047e+02, 1.04304893e+02, 2.58751099e+02, 1.14351639e+02,
    2.62372742e+02, 1.24624474e+02, 2.66091003e+02, 1.35305618e+02,
    2.69958374e+02, 1.46121155e+02, 2.74124817e+02, 1.57425262e+02,
    2.78352173e+02, 1.69034210e+02 ]
