%YAML:1.0
---
points: [ 9.74682129e+02, 5.35786133e+02, 9.86222717e+02, 5.67828430e+02,
    9.97181702e+02, 5.98388184e+02, 1.00748645e+03, 6.27779785e+02,
    1.01744177e+03, 6.55604187e+02, 1.02679602e+03, 6.82446716e+02,
    1.03579089e+03, 7.08416016e+02, 9.32283691e+02, 5.40720093e+02,
    9.44725098e+02, 5.72314758e+02, 9.56485168e+02, 6.02466492e+02,
    9.67659912e+02, 6.31228455e+02, 9.78442444e+02, 6.58816589e+02,
    9.88661987e+02, 6.85534119e+02, 9.98382385e+02, 7.11259155e+02,
    8.90890564e+02, 5.45625854e+02, 9.04160339e+02, 5.76717896e+02,
    9.16819397e+02, 6.06643555e+02, 9.28771301e+02, 6.34859497e+02,
    9.40377869e+02, 6.62037842e+02, 9.51164551e+02, 6.88348328e+02,
    9.61653992e+02, 7.13875549e+02, 8.50641663e+02, 5.50234680e+02,
    8.64703064e+02, 5.81058777e+02, 8.78180542e+02, 6.10371704e+02,
    8.90942627e+02, 6.38530151e+02, 9.03094116e+02, 6.65351135e+02,
    9.14705505e+02, 6.91340698e+02, 9.25688660e+02, 7.16540405e+02,
    8.11017456e+02, 5.55195068e+02, 8.26027832e+02, 5.85468811e+02,
    8.40132019e+02, 6.14076538e+02, 8.53592651e+02, 6.42050415e+02,
    8.66571655e+02, 6.68566711e+02, 8.78681091e+02, 6.94259338e+02,
    8.90306885e+02, 7.19291931e+02, 7.72257690e+02, 5.60020996e+02,
    7.87848450e+02, 5.90043518e+02, 8.02827637e+02, 6.18467712e+02,
    8.16893372e+02, 6.45857300e+02, 8.30464355e+02, 6.71843750e+02,
    8.43348022e+02, 6.97522522e+02, 8.55621277e+02, 7.22457581e+02,
    7.34183350e+02, 5.64874756e+02, 7.50553101e+02, 5.94346313e+02,
    7.66217712e+02, 6.22497803e+02, 7.81164429e+02, 6.49533142e+02,
    7.95276611e+02, 6.75497803e+02, 8.08675720e+02, 7.00713501e+02,
    8.21391357e+02, 7.25234680e+02, 6.96818115e+02, 5.69470886e+02,
    7.13853577e+02, 5.98456116e+02, 7.30390259e+02, 6.26382568e+02,
    7.45884766e+02, 6.52962219e+02, 7.60620789e+02, 6.78644470e+02,
    7.74658997e+02, 7.03625854e+02, 7.88181824e+02, 7.28045959e+02,
    6.60135498e+02, 5.74284241e+02, 6.77799133e+02, 6.02722900e+02,
    6.94943909e+02, 6.30259766e+02, 7.11202454e+02, 6.56564026e+02,
    7.26510742e+02, 6.82043030e+02, 7.41281616e+02, 7.06735779e+02,
    7.55076233e+02, 7.30768616e+02 ]
