%YAML:1.0
---
points: [ 1.52585425e+03, 4.14723663e+01, 1.54196362e+03, 5.44562798e+01,
    1.55810718e+03, 6.77834320e+01, 1.57461511e+03, 8.11700363e+01,
    1.59128906e+03, 9.46762772e+01, 1.60815918e+03, 1.08390892e+02,
    1.62493713e+03, 1.22123489e+02, 1.50855786e+03, 5.85239029e+01,
    1.52442517e+03, 7.16313858e+01, 1.54050781e+03, 8.49686890e+01,
    1.55670715e+03, 9.83412933e+01, 1.57316687e+03, 1.11831200e+02,
    1.58974670e+03, 1.25454567e+02, 1.60656384e+03, 1.39261688e+02,
    1.49132800e+03, 7.55182266e+01, 1.50705774e+03, 8.86740875e+01,
    1.52281226e+03, 1.01807106e+02, 1.53909912e+03, 1.15415260e+02,
    1.55524915e+03, 1.28755219e+02, 1.57165637e+03, 1.42489365e+02,
    1.58835193e+03, 1.56184982e+02, 1.47439600e+03, 9.23928070e+01,
    1.48986853e+03, 1.05472420e+02, 1.50555408e+03, 1.18693970e+02,
    1.52145337e+03, 1.32063309e+02, 1.53754126e+03, 1.45597122e+02,
    1.55373291e+03, 1.59261993e+02, 1.57033374e+03, 1.72926392e+02,
    1.45741394e+03, 1.08948151e+02, 1.47283093e+03, 1.22064140e+02,
    1.48836426e+03, 1.35332962e+02, 1.50412524e+03, 1.48598404e+02,
    1.51990588e+03, 1.62221771e+02, 1.53601904e+03, 1.75693344e+02,
    1.55228955e+03, 1.89439484e+02, 1.44077405e+03, 1.25358902e+02,
    1.45588733e+03, 1.38450378e+02, 1.47137317e+03, 1.51675629e+02,
    1.48683264e+03, 1.65011841e+02, 1.50261011e+03, 1.78519882e+02,
    1.51840833e+03, 1.92022736e+02, 1.53456177e+03, 2.05677170e+02,
    1.42425110e+03, 1.41606400e+02, 1.43929993e+03, 1.54715927e+02,
    1.45446802e+03, 1.67893600e+02, 1.46985840e+03, 1.81315201e+02,
    1.48519666e+03, 1.94604706e+02, 1.50101514e+03, 2.08313446e+02,
    1.51681604e+03, 2.21777283e+02, 1.40788660e+03, 1.57694611e+02,
    1.42272522e+03, 1.70708206e+02, 1.43765820e+03, 1.83960220e+02,
    1.45286206e+03, 1.97310013e+02, 1.46826587e+03, 2.10689468e+02,
    1.48368970e+03, 2.24242462e+02, 1.49943884e+03, 2.37768982e+02,
    1.39158997e+03, 1.73573868e+02, 1.40633923e+03, 1.86584534e+02,
    1.42113440e+03, 1.99766830e+02, 1.43623059e+03, 2.13126755e+02,
    1.45130750e+03, 2.26521484e+02, 1.46667590e+03, 2.40072403e+02,
    1.48210059e+03, 2.53610641e+02 ]
