%YAML:1.0
---
points: [ 2.96347015e+02, 2.13919998e+02, 2.99374756e+02, 2.24749023e+02,
    3.02376038e+02, 2.35071106e+02, 3.05145691e+02, 2.45069229e+02,
    3.07878754e+02, 2.54535675e+02, 3.10518921e+02, 2.63736511e+02,
    3.12898895e+02, 2.72508728e+02, 2.81563690e+02, 2.15572754e+02,
    2.84971497e+02, 2.26240707e+02, 2.88208344e+02, 2.36398514e+02,
    2.91291931e+02, 2.46280472e+02, 2.94340454e+02, 2.55638580e+02,
    2.97207703e+02, 2.64629822e+02, 2.99858582e+02, 2.73380157e+02,
    2.67136292e+02, 2.17134995e+02, 2.70807922e+02, 2.27779419e+02,
    2.74437164e+02, 2.37806091e+02, 2.77820099e+02, 2.47497452e+02,
    2.81119232e+02, 2.56743927e+02, 2.84150543e+02, 2.65565216e+02,
    2.87134186e+02, 2.74348053e+02, 2.53038284e+02, 2.18674316e+02,
    2.57122742e+02, 2.29251877e+02, 2.60971039e+02, 2.39172211e+02,
    2.64662354e+02, 2.48688919e+02, 2.68122742e+02, 2.57774750e+02,
    2.71469391e+02, 2.66546478e+02, 2.74724365e+02, 2.75217560e+02,
    2.39405502e+02, 2.20373749e+02, 2.43620819e+02, 2.30653275e+02,
    2.47809814e+02, 2.40363144e+02, 2.51684433e+02, 2.49847198e+02,
    2.55468811e+02, 2.58823364e+02, 2.58995270e+02, 2.67535034e+02,
    2.62444733e+02, 2.76148163e+02, 2.25779999e+02, 2.22018616e+02,
    2.30439377e+02, 2.32128296e+02, 2.34849747e+02, 2.41741425e+02,
    2.39022308e+02, 2.51028030e+02, 2.43042816e+02, 2.60090210e+02,
    2.46788437e+02, 2.68689453e+02, 2.50377335e+02, 2.77149628e+02,
    2.12732285e+02, 2.23716034e+02, 2.17584320e+02, 2.33652954e+02,
    2.22158813e+02, 2.43176910e+02, 2.26576904e+02, 2.52412964e+02,
    2.30744461e+02, 2.61145874e+02, 2.34764389e+02, 2.69785126e+02,
    2.38667679e+02, 2.78212372e+02, 1.99798080e+02, 2.25262070e+02,
    2.04962463e+02, 2.35086334e+02, 2.09823578e+02, 2.44574829e+02,
    2.14406860e+02, 2.53455917e+02, 2.18895386e+02, 2.62295105e+02,
    2.23014130e+02, 2.70756317e+02, 2.26929108e+02, 2.78928558e+02,
    1.87142685e+02, 2.26793716e+02, 1.92443039e+02, 2.36517822e+02,
    1.97599182e+02, 2.45734421e+02, 2.02504257e+02, 2.54801605e+02,
    2.07015366e+02, 2.63294861e+02, 2.11528793e+02, 2.71798309e+02,
    2.15711380e+02, 2.79949677e+02 ]
