%YAML:1.0
---
points: [ 2.04569305e+02, 2.63931610e+02, 2.17154312e+02, 2.64204193e+02,
    2.29819382e+02, 2.64345337e+02, 2.42370560e+02, 2.64349396e+02,
    2.55110733e+02, 2.64392426e+02, 2.67692108e+02, 2.64371033e+02,
    2.80431915e+02, 2.64432281e+02, 2.02862259e+02, 2.74467499e+02,
    2.15976624e+02, 2.74655334e+02, 2.28815826e+02, 2.74859436e+02,
    2.41805695e+02, 2.74967285e+02, 2.54705200e+02, 2.74978210e+02,
    2.67796173e+02, 2.75075470e+02, 2.80763855e+02, 2.75033508e+02,
    2.01315277e+02, 2.85271210e+02, 2.14537064e+02, 2.85555420e+02,
    2.27864960e+02, 2.85819763e+02, 2.41123505e+02, 2.86023438e+02,
    2.54504822e+02, 2.86103027e+02, 2.67756836e+02, 2.86101685e+02,
    2.81170837e+02, 2.86150635e+02, 1.99452087e+02, 2.97116852e+02,
    2.13198593e+02, 2.97299957e+02, 2.26810181e+02, 2.97386139e+02,
    2.40523346e+02, 2.97543915e+02, 2.54133423e+02, 2.97663696e+02,
    2.67896454e+02, 2.97771729e+02, 2.81539856e+02, 2.97900970e+02,
    1.97644501e+02, 3.09357544e+02, 2.11679657e+02, 3.09632751e+02,
    2.25718109e+02, 3.09823669e+02, 2.39752365e+02, 3.09932220e+02,
    2.53844757e+02, 3.10087036e+02, 2.67874847e+02, 3.10156830e+02,
    2.82039734e+02, 3.10314667e+02, 1.95664612e+02, 3.22361969e+02,
    2.10106461e+02, 3.22627686e+02, 2.24500870e+02, 3.22722748e+02,
    2.38946304e+02, 3.22934052e+02, 2.53460724e+02, 3.23085388e+02,
    2.67991455e+02, 3.23182343e+02, 2.82482086e+02, 3.23292511e+02,
    1.93605392e+02, 3.36057922e+02, 2.08419205e+02, 3.36246399e+02,
    2.23343033e+02, 3.36440735e+02, 2.38165894e+02, 3.36420898e+02,
    2.53098068e+02, 3.36692108e+02, 2.67972748e+02, 3.36858643e+02,
    2.82958496e+02, 3.37159668e+02, 1.91287445e+02, 3.50554504e+02,
    2.06729431e+02, 3.50623596e+02, 2.21959122e+02, 3.51044250e+02,
    2.37278809e+02, 3.51188080e+02, 2.52690369e+02, 3.51288330e+02,
    2.68008270e+02, 3.51378418e+02, 2.83484192e+02, 3.51591797e+02,
    1.89097931e+02, 3.65735779e+02, 2.04852249e+02, 3.66174622e+02,
    2.20613983e+02, 3.66374359e+02, 2.36444504e+02, 3.66499237e+02,
    2.52216476e+02, 3.66801971e+02, 2.68058136e+02, 3.67055786e+02,
    2.83921936e+02, 3.67228790e+02 ]
