%YAML:1.0
---
points: [ 2.77477112e+02, 7.34928970e+01, 2.84579315e+02, 8.02882767e+01,
    2.91603699e+02, 8.70640640e+01, 2.98689026e+02, 9.39609451e+01,
    3.05628601e+02, 1.00627136e+02, 3.12578766e+02, 1.07331764e+02,
    3.19471100e+02, 1.14028770e+02, 2.71005951e+02, 8.06450958e+01,
    2.78111603e+02, 8.75097961e+01, 2.85069275e+02, 9.43467102e+01,
    2.92120544e+02, 1.01158264e+02, 2.99190857e+02, 1.07855782e+02,
    3.06125854e+02, 1.14466881e+02, 3.13108582e+02, 1.21171417e+02,
    2.64484985e+02, 8.78623428e+01, 2.71559906e+02, 9.47783813e+01,
    2.78653564e+02, 1.01569366e+02, 2.85725677e+02, 1.08324379e+02,
    2.92670746e+02, 1.14998077e+02, 2.99644684e+02, 1.21733597e+02,
    3.06596436e+02, 1.28333801e+02, 2.57953094e+02, 9.52290497e+01,
    2.65124390e+02, 1.02021149e+02, 2.72193390e+02, 1.08770912e+02,
    2.79250549e+02, 1.15547447e+02, 2.86244324e+02, 1.22260880e+02,
    2.93200226e+02, 1.28858887e+02, 3.00205994e+02, 1.35419556e+02,
    2.51539413e+02, 1.02407791e+02, 2.58640198e+02, 1.09236954e+02,
    2.65706177e+02, 1.15963882e+02, 2.72833588e+02, 1.22732506e+02,
    2.79814270e+02, 1.29347382e+02, 2.86828003e+02, 1.36012360e+02,
    2.93786377e+02, 1.42550751e+02, 2.45061478e+02, 1.09682030e+02,
    2.52232452e+02, 1.16384453e+02, 2.59267700e+02, 1.23147148e+02,
    2.66367737e+02, 1.29808929e+02, 2.73396698e+02, 1.36490570e+02,
    2.80455109e+02, 1.43074432e+02, 2.87434082e+02, 1.49613708e+02,
    2.38593979e+02, 1.16886673e+02, 2.45714340e+02, 1.23700233e+02,
    2.52920029e+02, 1.30386642e+02, 2.59925934e+02, 1.37033936e+02,
    2.66996338e+02, 1.43642517e+02, 2.74024780e+02, 1.50242676e+02,
    2.81031830e+02, 1.56742081e+02, 2.32120590e+02, 1.24048393e+02,
    2.39318848e+02, 1.30812775e+02, 2.46492874e+02, 1.37520737e+02,
    2.53593796e+02, 1.44151581e+02, 2.60598694e+02, 1.50761307e+02,
    2.67666321e+02, 1.57204468e+02, 2.74697205e+02, 1.63741364e+02,
    2.25674408e+02, 1.31191010e+02, 2.32899567e+02, 1.37982101e+02,
    2.40049454e+02, 1.44605225e+02, 2.47198242e+02, 1.51256622e+02,
    2.54257538e+02, 1.57792053e+02, 2.61349426e+02, 1.64343994e+02,
    2.68380249e+02, 1.70845932e+02 ]
