%YAML:1.0
---
points: [ 4.33821594e+02, 1.79533234e+01, 4.33724060e+02, 4.07483368e+01,
    4.33563873e+02, 6.38004532e+01, 4.33329376e+02, 8.65709305e+01,
    4.33070282e+02, 1.09343369e+02, 4.32568207e+02, 1.32164658e+02,
    4.32217834e+02, 1.54745087e+02, 4.12444641e+02, 1.88357639e+01,
    4.12398743e+02, 4.17662239e+01, 4.12202759e+02, 6.46904831e+01,
    4.11866608e+02, 8.73530350e+01, 4.11438995e+02, 1.10022003e+02,
    4.11187561e+02, 1.32760117e+02, 4.10604889e+02, 1.55423386e+02,
    3.91226288e+02, 1.98211975e+01, 3.91147705e+02, 4.27071381e+01,
    3.90889221e+02, 6.55423737e+01, 3.90505310e+02, 8.81124725e+01,
    3.90086761e+02, 1.10750557e+02, 3.89561432e+02, 1.33416321e+02,
    3.89240234e+02, 1.55973892e+02, 3.70108063e+02, 2.08533592e+01,
    3.69925598e+02, 4.37608871e+01, 3.69629303e+02, 6.64669952e+01,
    3.69273102e+02, 8.88435974e+01, 3.68681519e+02, 1.11544876e+02,
    3.68294891e+02, 1.34165848e+02, 3.67671936e+02, 1.56489990e+02,
    3.49238922e+02, 2.22134075e+01, 3.49023438e+02, 4.47592010e+01,
    3.48635895e+02, 6.73642654e+01, 3.48112518e+02, 8.97184982e+01,
    3.47667786e+02, 1.12452255e+02, 3.47071106e+02, 1.34696198e+02,
    3.46461212e+02, 1.57309052e+02, 3.28175995e+02, 2.33311634e+01,
    3.27882111e+02, 4.56553421e+01, 3.27502625e+02, 6.82937851e+01,
    3.27054993e+02, 9.06363602e+01, 3.26477325e+02, 1.13094048e+02,
    3.25857422e+02, 1.35442810e+02, 3.25332855e+02, 1.57810120e+02,
    3.07312561e+02, 2.41457386e+01, 3.07018524e+02, 4.65707169e+01,
    3.06552277e+02, 6.91001511e+01, 3.05902435e+02, 9.14296036e+01,
    3.05415863e+02, 1.13665535e+02, 3.04611084e+02, 1.35910522e+02,
    3.03990997e+02, 1.58411545e+02, 2.86582886e+02, 2.52132816e+01,
    2.86140747e+02, 4.75578880e+01, 2.85606689e+02, 6.99243011e+01,
    2.85141785e+02, 9.22590866e+01, 2.84466919e+02, 1.14411476e+02,
    2.83619293e+02, 1.36606857e+02, 2.82866180e+02, 1.58994629e+02,
    2.65809753e+02, 2.62447834e+01, 2.65412598e+02, 4.85362701e+01,
    2.64739502e+02, 7.07013092e+01, 2.64241547e+02, 9.28176346e+01,
    2.63576538e+02, 1.15163010e+02, 2.62708710e+02, 1.37378906e+02,
    2.61962585e+02, 1.59598099e+02 ]
