%YAML:1.0
---
points: [ 2.57429199e+02, 3.78889343e+02, 2.49833191e+02, 3.83138794e+02,
    2.41610214e+02, 3.87847778e+02, 2.33198578e+02, 3.92635529e+02,
    2.23941330e+02, 3.97965668e+02, 2.14858368e+02, 4.03060760e+02,
    2.04634018e+02, 4.09092010e+02, 2.57648865e+02, 3.66960815e+02,
    2.49717224e+02, 3.71135712e+02, 2.41774429e+02, 3.75297180e+02,
    2.33103348e+02, 3.79977570e+02, 2.24127151e+02, 3.84727234e+02,
    2.14693130e+02, 3.89915436e+02, 2.04787476e+02, 3.95196991e+02,
    2.57603180e+02, 3.54965210e+02, 2.49825577e+02, 3.58754730e+02,
    2.41741730e+02, 3.62851715e+02, 2.33230164e+02, 3.67028931e+02,
    2.24091797e+02, 3.71601166e+02, 2.14774338e+02, 3.76262146e+02,
    2.04710007e+02, 3.81443298e+02, 2.57584351e+02, 3.43020935e+02,
    2.49812286e+02, 3.46563660e+02, 2.41828049e+02, 3.50164551e+02,
    2.33332535e+02, 3.54066193e+02, 2.24307251e+02, 3.58236115e+02,
    2.14775925e+02, 3.62702240e+02, 2.04852982e+02, 3.67357788e+02,
    2.57739807e+02, 3.30861511e+02, 2.49974350e+02, 3.34144653e+02,
    2.41840607e+02, 3.37545654e+02, 2.33552856e+02, 3.41097351e+02,
    2.24524078e+02, 3.44796051e+02, 2.14896896e+02, 3.48977234e+02,
    2.05072128e+02, 3.53250397e+02, 2.57857452e+02, 3.19028320e+02,
    2.50271027e+02, 3.21903809e+02, 2.42107773e+02, 3.24906342e+02,
    2.33722794e+02, 3.28061432e+02, 2.24698761e+02, 3.31604584e+02,
    2.15289246e+02, 3.35234467e+02, 2.05526047e+02, 3.39224579e+02,
    2.57973419e+02, 3.06913696e+02, 2.50361816e+02, 3.09530212e+02,
    2.42334290e+02, 3.12243011e+02, 2.33804688e+02, 3.15096924e+02,
    2.24845596e+02, 3.18117065e+02, 2.15575638e+02, 3.21404510e+02,
    2.05678421e+02, 3.24907166e+02, 2.58120483e+02, 2.95040710e+02,
    2.50578110e+02, 2.97270721e+02, 2.42519852e+02, 2.99651245e+02,
    2.33931686e+02, 3.02173859e+02, 2.25085739e+02, 3.04834473e+02,
    2.15716736e+02, 3.07725433e+02, 2.05856583e+02, 3.10842407e+02,
    2.58360168e+02, 2.82970947e+02, 2.50692245e+02, 2.84962036e+02,
    2.42703262e+02, 2.86990143e+02, 2.34141403e+02, 2.89253479e+02,
    2.25341827e+02, 2.91454407e+02, 2.15961578e+02, 2.93919281e+02,
    2.06189468e+02, 2.96566833e+02 ]
