%YAML:1.0
---
points: [ 9.53021606e+02, 1.21445267e+02, 9.74019836e+02, 1.41962433e+02,
    9.94798401e+02, 1.62264923e+02, 1.01572418e+03, 1.82400528e+02,
    1.03636414e+03, 2.02382980e+02, 1.05693591e+03, 2.22304260e+02,
    1.07748401e+03, 2.41957932e+02, 9.33905945e+02, 1.42854874e+02,
    9.54846375e+02, 1.63408844e+02, 9.75799561e+02, 1.83597244e+02,
    9.96715393e+02, 2.03641571e+02, 1.01737219e+03, 2.23670273e+02,
    1.03805603e+03, 2.43356400e+02, 1.05852563e+03, 2.63058777e+02,
    9.14774475e+02, 1.64424179e+02, 9.35852356e+02, 1.84707596e+02,
    9.56769958e+02, 2.04942841e+02, 9.77667114e+02, 2.24968887e+02,
    9.98432373e+02, 2.44675812e+02, 1.01917426e+03, 2.64533539e+02,
    1.03971716e+03, 2.83819458e+02, 8.95702393e+02, 1.85952454e+02,
    9.16874451e+02, 2.06092728e+02, 9.37863708e+02, 2.26254501e+02,
    9.58754272e+02, 2.46248138e+02, 9.79577087e+02, 2.65786713e+02,
    1.00034149e+03, 2.85453186e+02, 1.02088275e+03, 3.04921570e+02,
    8.76695129e+02, 2.07267380e+02, 8.97914368e+02, 2.27399261e+02,
    9.19130005e+02, 2.47370392e+02, 9.39959717e+02, 2.67387238e+02,
    9.60703003e+02, 2.86861633e+02, 9.81589294e+02, 3.06326355e+02,
    1.00230511e+03, 3.25731262e+02, 8.57608948e+02, 2.28507629e+02,
    8.78867432e+02, 2.48521225e+02, 9.00137695e+02, 2.68476074e+02,
    9.21139160e+02, 2.88184326e+02, 9.41921021e+02, 3.07797455e+02,
    9.62627686e+02, 3.27232361e+02, 9.83479431e+02, 3.46575653e+02,
    8.38552673e+02, 2.49609131e+02, 8.59976013e+02, 2.69675934e+02,
    8.81133362e+02, 2.89508636e+02, 9.02354797e+02, 3.09312744e+02,
    9.23268555e+02, 3.28656860e+02, 9.44122925e+02, 3.48051544e+02,
    9.64716919e+02, 3.67232880e+02, 8.19687805e+02, 2.70846130e+02,
    8.41019775e+02, 2.90690277e+02, 8.62305847e+02, 3.10562622e+02,
    8.83486389e+02, 3.30316925e+02, 9.04371338e+02, 3.49639648e+02,
    9.25327942e+02, 3.68861206e+02, 9.46079956e+02, 3.88062286e+02,
    8.00623169e+02, 2.91956635e+02, 8.22201599e+02, 3.11755615e+02,
    8.43493286e+02, 3.31540497e+02, 8.64633423e+02, 3.51160278e+02,
    8.85559753e+02, 3.70398407e+02, 9.06553467e+02, 3.89598511e+02,
    9.27399353e+02, 4.08710449e+02 ]
