%YAML:1.0
---
points: [ 2.38424133e+02, 8.88651733e+01, 2.44363892e+02, 9.75272675e+01,
    2.50292114e+02, 1.06038902e+02, 2.56138428e+02, 1.14644684e+02,
    2.61947021e+02, 1.22943321e+02, 2.67739624e+02, 1.31092545e+02,
    2.73457703e+02, 1.39262115e+02, 2.30330948e+02, 9.51533585e+01,
    2.36283646e+02, 1.03727623e+02, 2.42318161e+02, 1.12218773e+02,
    2.48204819e+02, 1.20614182e+02, 2.54157501e+02, 1.28887131e+02,
    2.59908844e+02, 1.36968628e+02, 2.65607483e+02, 1.45139465e+02,
    2.22320892e+02, 1.01218681e+02, 2.28398727e+02, 1.09913284e+02,
    2.34539139e+02, 1.18244644e+02, 2.40310226e+02, 1.26509834e+02,
    2.46291870e+02, 1.34866547e+02, 2.52061386e+02, 1.43040512e+02,
    2.57762878e+02, 1.50980301e+02, 2.14296005e+02, 1.07566116e+02,
    2.20374969e+02, 1.15837151e+02, 2.26520752e+02, 1.24423462e+02,
    2.32792068e+02, 1.32672165e+02, 2.38396149e+02, 1.40844986e+02,
    2.44200790e+02, 1.48866653e+02, 2.50144791e+02, 1.56800476e+02,
    2.06397705e+02, 1.13542290e+02, 2.12484451e+02, 1.22020737e+02,
    2.18638306e+02, 1.30234589e+02, 2.24555267e+02, 1.38567383e+02,
    2.30650482e+02, 1.46785263e+02, 2.36405975e+02, 1.54684464e+02,
    2.42283371e+02, 1.62728317e+02, 1.98382095e+02, 1.19637413e+02,
    2.04644928e+02, 1.28095840e+02, 2.10784088e+02, 1.36092300e+02,
    2.17324738e+02, 1.44239334e+02, 2.22673096e+02, 1.52585663e+02,
    2.28871399e+02, 1.60314102e+02, 2.34540268e+02, 1.68304382e+02,
    1.90538971e+02, 1.25629410e+02, 1.96813293e+02, 1.34030243e+02,
    2.02994781e+02, 1.42161026e+02, 2.08953293e+02, 1.50366058e+02,
    2.14947571e+02, 1.58188980e+02, 2.20935059e+02, 1.66429565e+02,
    2.26856949e+02, 1.74019852e+02, 1.82715256e+02, 1.31719009e+02,
    1.88890518e+02, 1.39896530e+02, 1.95056915e+02, 1.48153351e+02,
    2.01328781e+02, 1.56106262e+02, 2.07298126e+02, 1.64161499e+02,
    2.13327362e+02, 1.71945435e+02, 2.19292526e+02, 1.79740631e+02,
    1.74781998e+02, 1.37624802e+02, 1.81191345e+02, 1.45892212e+02,
    1.87472076e+02, 1.53940201e+02, 1.93646530e+02, 1.62036850e+02,
    1.99667786e+02, 1.69739914e+02, 2.05678177e+02, 1.77774857e+02,
    2.11624786e+02, 1.85426193e+02 ]
