%YAML:1.0
---
points: [ 2.05824280e+02, 2.89126434e+02, 2.16118668e+02, 2.93314697e+02,
    2.26731628e+02, 2.97741425e+02, 2.37434006e+02, 3.02287415e+02,
    2.48750351e+02, 3.07070007e+02, 2.60193512e+02, 3.12049133e+02,
    2.72280426e+02, 3.17338715e+02, 2.03766556e+02, 3.01046143e+02,
    2.14071960e+02, 3.05428253e+02, 2.24498825e+02, 3.09979706e+02,
    2.35257401e+02, 3.14774811e+02, 2.46296021e+02, 3.19751678e+02,
    2.57769592e+02, 3.24936737e+02, 2.69723999e+02, 3.30316803e+02,
    2.01744568e+02, 3.12898926e+02, 2.11911957e+02, 3.17395752e+02,
    2.22304657e+02, 3.22163574e+02, 2.32954697e+02, 3.27084167e+02,
    2.43988861e+02, 3.32364960e+02, 2.55325836e+02, 3.37738464e+02,
    2.67160217e+02, 3.43380951e+02, 1.99761398e+02, 3.24634979e+02,
    2.09860641e+02, 3.29353912e+02, 2.20159851e+02, 3.34310913e+02,
    2.30731094e+02, 3.39505280e+02, 2.41629547e+02, 3.44860535e+02,
    2.52923767e+02, 3.50514221e+02, 2.64565979e+02, 3.56263977e+02,
    1.97880371e+02, 3.36150787e+02, 2.07876282e+02, 3.41074310e+02,
    2.18084518e+02, 3.46254974e+02, 2.28494446e+02, 3.51581543e+02,
    2.39337830e+02, 3.57043549e+02, 2.50470444e+02, 3.62897247e+02,
    2.62098145e+02, 3.68920563e+02, 1.95949280e+02, 3.47744293e+02,
    2.05814774e+02, 3.52787018e+02, 2.15910706e+02, 3.58061157e+02,
    2.26204178e+02, 3.63487305e+02, 2.37072098e+02, 3.69339996e+02,
    2.48005585e+02, 3.75237183e+02, 2.59612427e+02, 3.81472778e+02,
    1.93926758e+02, 3.58897736e+02, 2.03799377e+02, 3.64287994e+02,
    2.13665436e+02, 3.69678589e+02, 2.24136276e+02, 3.75449158e+02,
    2.34586426e+02, 3.81282837e+02, 2.45646530e+02, 3.87548889e+02,
    2.56936737e+02, 3.93690918e+02, 1.92081207e+02, 3.70344666e+02,
    2.01644699e+02, 3.75672455e+02, 2.11610931e+02, 3.81332520e+02,
    2.21764282e+02, 3.86945740e+02, 2.32425018e+02, 3.93155609e+02,
    2.43057022e+02, 3.99194458e+02, 2.54502365e+02, 4.05949493e+02,
    1.90105759e+02, 3.81242584e+02, 1.99792480e+02, 3.86957031e+02,
    2.09349258e+02, 3.92531647e+02, 2.19656174e+02, 3.98689697e+02,
    2.29935425e+02, 4.04547089e+02, 2.40979477e+02, 4.11228058e+02,
    2.51727005e+02, 4.17320129e+02 ]
