%YAML:1.0
---
points: [ 4.89413818e+02, 5.83328857e+02, 4.66809937e+02, 5.85458862e+02,
    4.44286957e+02, 5.87419739e+02, 4.21719025e+02, 5.89463074e+02,
    3.98744385e+02, 5.91532349e+02, 3.75904480e+02, 5.93542786e+02,
    3.53230560e+02, 5.95736084e+02, 4.86956390e+02, 5.61327515e+02,
    4.64692963e+02, 5.63340881e+02, 4.42126526e+02, 5.65415833e+02,
    4.19397827e+02, 5.67345276e+02, 3.96592651e+02, 5.69510437e+02,
    3.73838776e+02, 5.71458130e+02, 3.50880463e+02, 5.73537781e+02,
    4.84832733e+02, 5.39367554e+02, 4.62332428e+02, 5.41293884e+02,
    4.39639191e+02, 5.43405945e+02, 4.17160797e+02, 5.45326294e+02,
    3.94311554e+02, 5.47343079e+02, 3.71439880e+02, 5.49394897e+02,
    3.48726135e+02, 5.51264526e+02, 4.82417572e+02, 5.17324951e+02,
    4.60006165e+02, 5.19199219e+02, 4.37444580e+02, 5.21212341e+02,
    4.14638489e+02, 5.23286133e+02, 3.91876770e+02, 5.25133667e+02,
    3.69227844e+02, 5.27255432e+02, 3.46323395e+02, 5.29139709e+02,
    4.80299408e+02, 4.95184723e+02, 4.57710419e+02, 4.97149170e+02,
    4.35063995e+02, 4.98973267e+02, 4.12433167e+02, 5.01115356e+02,
    3.89674042e+02, 5.02898102e+02, 3.66749603e+02, 5.04910187e+02,
    3.44028046e+02, 5.07001282e+02, 4.77787323e+02, 4.73008850e+02,
    4.55281891e+02, 4.75018524e+02, 4.32649750e+02, 4.76884033e+02,
    4.09982086e+02, 4.78738007e+02, 3.87139618e+02, 4.80810944e+02,
    3.64402191e+02, 4.82584869e+02, 3.41671387e+02, 4.84728851e+02,
    4.75367950e+02, 4.50702728e+02, 4.52821594e+02, 4.52772308e+02,
    4.30125732e+02, 4.54636078e+02, 4.07390289e+02, 4.56527863e+02,
    3.84708649e+02, 4.58549377e+02, 3.61739075e+02, 4.60467468e+02,
    3.39133331e+02, 4.62360413e+02, 4.72919281e+02, 4.28661133e+02,
    4.50225769e+02, 4.30426270e+02, 4.27650879e+02, 4.32486847e+02,
    4.04971802e+02, 4.34338348e+02, 3.82043091e+02, 4.36221863e+02,
    3.59412323e+02, 4.38231354e+02, 3.36570831e+02, 4.40098480e+02,
    4.70417206e+02, 4.06363647e+02, 4.47748016e+02, 4.08183990e+02,
    4.24977692e+02, 4.10031677e+02, 4.02380188e+02, 4.12111572e+02,
    3.79647125e+02, 4.13787872e+02, 3.56813873e+02, 4.15856537e+02,
    3.34111786e+02, 4.17717529e+02 ]
