%YAML:1.0
---
points: [ 8.35675659e+02, 1.57910004e+02, 8.52928589e+02, 1.83756378e+02,
    8.70544617e+02, 2.09192978e+02, 8.87745544e+02, 2.34516937e+02,
    9.05101074e+02, 2.59356689e+02, 9.22205017e+02, 2.84282745e+02,
    9.39362427e+02, 3.08741516e+02, 8.11268738e+02, 1.75633850e+02,
    8.29071960e+02, 2.01166183e+02, 8.46467407e+02, 2.26637451e+02,
    8.63923523e+02, 2.51819077e+02, 8.81198608e+02, 2.76891296e+02,
    8.98541077e+02, 3.01448669e+02, 9.15516663e+02, 3.26095551e+02,
    7.87470215e+02, 1.93303162e+02, 8.04878357e+02, 2.18842072e+02,
    8.22648132e+02, 2.44070618e+02, 8.40098450e+02, 2.69137604e+02,
    8.57595886e+02, 2.94181244e+02, 8.74784363e+02, 3.18843842e+02,
    8.91898743e+02, 3.42961487e+02, 7.63214417e+02, 2.11359177e+02,
    7.81120667e+02, 2.36295700e+02, 7.98793030e+02, 2.61631165e+02,
    8.16382263e+02, 2.86505280e+02, 8.33908081e+02, 3.11436951e+02,
    8.51280273e+02, 3.35702972e+02, 8.68560608e+02, 3.60111786e+02,
    7.39336548e+02, 2.28408691e+02, 7.57224548e+02, 2.54191055e+02,
    7.74824341e+02, 2.78732574e+02, 7.92763794e+02, 3.04112183e+02,
    8.10479614e+02, 3.28596588e+02, 8.27814148e+02, 3.53170959e+02,
    8.45073853e+02, 3.77050049e+02, 7.15234924e+02, 2.46392014e+02,
    7.33431213e+02, 2.71203461e+02, 7.51247253e+02, 2.96138733e+02,
    7.69143311e+02, 3.20934601e+02, 7.86860046e+02, 3.45867065e+02,
    8.04279297e+02, 3.69865967e+02, 8.21604431e+02, 3.93938171e+02,
    6.91513489e+02, 2.63510559e+02, 7.09612671e+02, 2.89299438e+02,
    7.27492310e+02, 3.13196259e+02, 7.45457275e+02, 3.38255951e+02,
    7.63187134e+02, 3.62547729e+02, 7.80933044e+02, 3.86873383e+02,
    7.98400330e+02, 4.11041901e+02, 6.68001709e+02, 2.83280914e+02,
    6.86329773e+02, 3.06313812e+02, 7.03849182e+02, 3.30779755e+02,
    7.22221802e+02, 3.55614563e+02, 7.39698120e+02, 3.79559082e+02,
    7.57387573e+02, 4.03889923e+02, 7.75000549e+02, 4.27570099e+02,
    6.44347290e+02, 2.98878723e+02, 6.62998413e+02, 3.26226990e+02,
    6.81093506e+02, 3.48858795e+02, 6.98448853e+02, 3.72535645e+02,
    7.16134827e+02, 3.96627655e+02, 7.34093506e+02, 4.20556458e+02,
    7.51311401e+02, 4.44532684e+02 ]
