%YAML:1.0
---
points: [ 2.51252579e+02, 2.00842850e+02, 2.60063782e+02, 2.04226074e+02,
    2.68402496e+02, 2.07745789e+02, 2.77316528e+02, 2.11299881e+02,
    2.86093567e+02, 2.14852814e+02, 2.94816437e+02, 2.18366806e+02,
    3.03691101e+02, 2.21936539e+02, 2.47321884e+02, 2.09167847e+02,
    2.56250702e+02, 2.12814209e+02, 2.64991852e+02, 2.16418213e+02,
    2.73882874e+02, 2.20062592e+02, 2.82451782e+02, 2.23503098e+02,
    2.91295898e+02, 2.27130890e+02, 3.00066010e+02, 2.30684723e+02,
    2.44091690e+02, 2.18176666e+02, 2.52645905e+02, 2.21475922e+02,
    2.61580963e+02, 2.25040741e+02, 2.70336334e+02, 2.28705170e+02,
    2.78969482e+02, 2.32233688e+02, 2.87782471e+02, 2.35861542e+02,
    2.96532928e+02, 2.39403336e+02, 2.40469910e+02, 2.26791473e+02,
    2.49119217e+02, 2.30296753e+02, 2.57997040e+02, 2.34022873e+02,
    2.66783875e+02, 2.37465683e+02, 2.75450531e+02, 2.41020447e+02,
    2.84336609e+02, 2.44610748e+02, 2.93030853e+02, 2.48099899e+02,
    2.36848297e+02, 2.35521591e+02, 2.45673218e+02, 2.39091888e+02,
    2.54467285e+02, 2.42671753e+02, 2.63158905e+02, 2.46191284e+02,
    2.72014008e+02, 2.49776642e+02, 2.80687531e+02, 2.53285858e+02,
    2.89480469e+02, 2.56880066e+02, 2.33300903e+02, 2.44255432e+02,
    2.42144058e+02, 2.47748291e+02, 2.50947784e+02, 2.51349976e+02,
    2.59634216e+02, 2.54865143e+02, 2.68446106e+02, 2.58506195e+02,
    2.77197815e+02, 2.62019684e+02, 2.85971283e+02, 2.65641541e+02,
    2.29757324e+02, 2.52998627e+02, 2.38631729e+02, 2.56555542e+02,
    2.47287689e+02, 2.60171906e+02, 2.56151672e+02, 2.63703094e+02,
    2.64887360e+02, 2.67287964e+02, 2.73680023e+02, 2.70807587e+02,
    2.82505371e+02, 2.74466492e+02, 2.26192383e+02, 2.61848419e+02,
    2.35103119e+02, 2.65445190e+02, 2.43717682e+02, 2.68852081e+02,
    2.52647675e+02, 2.72452240e+02, 2.61386444e+02, 2.76036255e+02,
    2.70165924e+02, 2.79634857e+02, 2.78973328e+02, 2.83171661e+02,
    2.22638687e+02, 2.70561829e+02, 2.31453018e+02, 2.74197784e+02,
    2.40271408e+02, 2.77726715e+02, 2.49072403e+02, 2.81285065e+02,
    2.57859375e+02, 2.84825073e+02, 2.66616394e+02, 2.88434875e+02,
    2.75361725e+02, 2.92100861e+02 ]
