%YAML:1.0
---
points: [ 8.57278259e+02, 1.62527878e+02, 8.72890564e+02, 1.87629974e+02,
    8.88569763e+02, 2.12575592e+02, 9.04108826e+02, 2.37324020e+02,
    9.19557068e+02, 2.61759583e+02, 9.34855896e+02, 2.86216980e+02,
    9.50277588e+02, 3.10444275e+02, 8.33359314e+02, 1.78267151e+02,
    8.49259155e+02, 2.03241165e+02, 8.64849060e+02, 2.28111801e+02,
    8.80512024e+02, 2.52774185e+02, 8.95902283e+02, 2.77297455e+02,
    9.11433411e+02, 3.01538116e+02, 9.26669434e+02, 3.25696198e+02,
    8.09552795e+02, 1.93867950e+02, 8.25390747e+02, 2.18741486e+02,
    8.41291992e+02, 2.43596863e+02, 8.56812622e+02, 2.68250702e+02,
    8.72456726e+02, 2.92581268e+02, 8.87828674e+02, 3.16888184e+02,
    9.03357727e+02, 3.40944031e+02, 7.85708557e+02, 2.09535324e+02,
    8.01747681e+02, 2.34406174e+02, 8.17581787e+02, 2.59139923e+02,
    8.33325867e+02, 2.83640411e+02, 8.48907654e+02, 3.07941528e+02,
    8.64520752e+02, 3.32181458e+02, 8.79841125e+02, 3.56191437e+02,
    7.62022949e+02, 2.25063644e+02, 7.77958984e+02, 2.49821747e+02,
    7.93870667e+02, 2.74491272e+02, 8.09705811e+02, 2.99042419e+02,
    8.25485352e+02, 3.23262299e+02, 8.40953003e+02, 3.47442688e+02,
    8.56444092e+02, 3.71347412e+02, 7.38039856e+02, 2.40522964e+02,
    7.54250549e+02, 2.65260559e+02, 7.70232422e+02, 2.89777710e+02,
    7.86120667e+02, 3.14322144e+02, 8.01769104e+02, 3.38496857e+02,
    8.17463257e+02, 3.62546875e+02, 8.32917725e+02, 3.86474792e+02,
    7.14282043e+02, 2.56102966e+02, 7.30413635e+02, 2.80650055e+02,
    7.46503052e+02, 3.05299103e+02, 7.62371460e+02, 3.29567963e+02,
    7.78303162e+02, 3.53700195e+02, 7.93840942e+02, 3.77812286e+02,
    8.09504150e+02, 4.01624573e+02, 6.90322266e+02, 2.71429169e+02,
    7.06722900e+02, 2.96100891e+02, 7.22730469e+02, 3.20497528e+02,
    7.38805298e+02, 3.44943695e+02, 7.54615540e+02, 3.68885437e+02,
    7.70447021e+02, 3.92986389e+02, 7.86034058e+02, 4.16689240e+02,
    6.66411255e+02, 2.86844543e+02, 6.82667480e+02, 3.11375916e+02,
    6.98946716e+02, 3.35802216e+02, 7.15103210e+02, 3.60086029e+02,
    7.30980774e+02, 3.84188416e+02, 7.46718079e+02, 4.08205414e+02,
    7.62462097e+02, 4.31896698e+02 ]
