%YAML:1.0
---
points: [ 2.44941483e+02, 8.73365936e+01, 2.50232590e+02, 9.58108063e+01,
    2.55420074e+02, 1.04147774e+02, 2.60649384e+02, 1.12589500e+02,
    2.65763031e+02, 1.20915230e+02, 2.70969177e+02, 1.29082626e+02,
    2.76097961e+02, 1.37397751e+02, 2.36855042e+02, 9.26632309e+01,
    2.42130600e+02, 1.01005249e+02, 2.47330109e+02, 1.09511787e+02,
    2.52544250e+02, 1.17845940e+02, 2.57852142e+02, 1.26144424e+02,
    2.63006500e+02, 1.34343674e+02, 2.68175873e+02, 1.42617783e+02,
    2.28738129e+02, 9.79572601e+01, 2.34047943e+02, 1.06444710e+02,
    2.39332428e+02, 1.14767532e+02, 2.44596741e+02, 1.23101997e+02,
    2.49805603e+02, 1.31342422e+02, 2.54934845e+02, 1.39590637e+02,
    2.60192596e+02, 1.47778015e+02, 2.20654160e+02, 1.03283401e+02,
    2.25981552e+02, 1.11674301e+02, 2.31269760e+02, 1.19985588e+02,
    2.36533096e+02, 1.28398132e+02, 2.41784897e+02, 1.36625443e+02,
    2.47053665e+02, 1.44785675e+02, 2.52219116e+02, 1.53009979e+02,
    2.12594940e+02, 1.08515579e+02, 2.17938110e+02, 1.16970810e+02,
    2.23242096e+02, 1.25251602e+02, 2.28565186e+02, 1.33594070e+02,
    2.33834030e+02, 1.41759583e+02, 2.39065536e+02, 1.49954422e+02,
    2.44234436e+02, 1.58147278e+02, 2.04445328e+02, 1.13832153e+02,
    2.09869171e+02, 1.22142487e+02, 2.15209396e+02, 1.30483276e+02,
    2.20624649e+02, 1.38770035e+02, 2.25836884e+02, 1.46889084e+02,
    2.31157898e+02, 1.55151718e+02, 2.36329025e+02, 1.63220612e+02,
    1.96429718e+02, 1.19077248e+02, 2.01830154e+02, 1.27409874e+02,
    2.07179382e+02, 1.35806580e+02, 2.12436295e+02, 1.43990829e+02,
    2.17852600e+02, 1.52234039e+02, 2.23090149e+02, 1.60411591e+02,
    2.28362244e+02, 1.68390823e+02, 1.88306335e+02, 1.24318344e+02,
    1.93761307e+02, 1.32669830e+02, 1.99233948e+02, 1.40927094e+02,
    2.04545868e+02, 1.49120514e+02, 2.09872498e+02, 1.57364304e+02,
    2.15180801e+02, 1.65421982e+02, 2.20533951e+02, 1.73666229e+02,
    1.80224442e+02, 1.29457672e+02, 1.85703339e+02, 1.37866440e+02,
    1.91118774e+02, 1.46190811e+02, 1.96506821e+02, 1.54313812e+02,
    2.01874313e+02, 1.62611023e+02, 2.07114670e+02, 1.70672333e+02,
    2.12412567e+02, 1.78758255e+02 ]
