%YAML:1.0
---
points: [ 3.28745453e+02, 4.32898712e+02, 3.55555878e+02, 4.33170593e+02,
    3.81674866e+02, 4.33385254e+02, 4.07363708e+02, 4.33560425e+02,
    4.32106415e+02, 4.33659698e+02, 4.56163483e+02, 4.33894684e+02,
    4.79821747e+02, 4.34069550e+02, 3.30852081e+02, 4.56896027e+02,
    3.57765106e+02, 4.56735962e+02, 3.83867859e+02, 4.56605988e+02,
    4.09332520e+02, 4.56454132e+02, 4.34087921e+02, 4.56375854e+02,
    4.58324707e+02, 4.56183289e+02, 4.81679810e+02, 4.56055481e+02,
    3.32959045e+02, 4.81100922e+02, 3.59818268e+02, 4.80560181e+02,
    3.86080841e+02, 4.80007019e+02, 4.11495056e+02, 4.79567383e+02,
    4.36215149e+02, 4.79051727e+02, 4.60261932e+02, 4.78553925e+02,
    4.83843750e+02, 4.78102386e+02, 3.35023224e+02, 5.05196808e+02,
    3.61833221e+02, 5.04181000e+02, 3.88030212e+02, 5.03371399e+02,
    4.13477814e+02, 5.02548950e+02, 4.38292206e+02, 5.01750702e+02,
    4.62292267e+02, 5.00935883e+02, 4.85794769e+02, 5.00173401e+02,
    3.37373444e+02, 5.29252136e+02, 3.64177551e+02, 5.28069153e+02,
    3.90242432e+02, 5.26740784e+02, 4.15616852e+02, 5.25532532e+02,
    4.40177948e+02, 5.24412964e+02, 4.64453705e+02, 5.23381226e+02,
    4.87821381e+02, 5.22310242e+02, 3.39447449e+02, 5.53490112e+02,
    3.66219757e+02, 5.51586548e+02, 3.92379364e+02, 5.50237854e+02,
    4.17830658e+02, 5.48651855e+02, 4.42497925e+02, 5.47164001e+02,
    4.66456177e+02, 5.45606750e+02, 4.90173096e+02, 5.44253906e+02,
    3.41669281e+02, 5.77496094e+02, 3.68520935e+02, 5.75611450e+02,
    3.94589172e+02, 5.73592896e+02, 4.19824066e+02, 5.71748413e+02,
    4.44512878e+02, 5.69935486e+02, 4.68640869e+02, 5.68035095e+02,
    4.92107208e+02, 5.66279968e+02, 3.43852081e+02, 6.01868713e+02,
    3.70600067e+02, 5.99353760e+02, 3.96650391e+02, 5.97117004e+02,
    4.22044159e+02, 5.94761047e+02, 4.46526642e+02, 5.92568665e+02,
    4.70563049e+02, 5.90506714e+02, 4.94056213e+02, 5.88308228e+02,
    3.46077728e+02, 6.25988403e+02, 3.72730743e+02, 6.23279846e+02,
    3.98651642e+02, 6.20514648e+02, 4.23997742e+02, 6.18017822e+02,
    4.48604309e+02, 6.15362671e+02, 4.72619080e+02, 6.12929993e+02,
    4.96073853e+02, 6.10466858e+02 ]
