%YAML:1.0
---
points: [ 2.10313873e+02, 1.74373001e+02, 2.19770813e+02, 1.75792419e+02,
    2.29169601e+02, 1.77245621e+02, 2.38579391e+02, 1.78445267e+02,
    2.47803802e+02, 1.79868576e+02, 2.57219421e+02, 1.81056625e+02,
    2.66713074e+02, 1.82240326e+02, 2.09044022e+02, 1.83889709e+02,
    2.18527893e+02, 1.85186859e+02, 2.28042511e+02, 1.86388062e+02,
    2.37220551e+02, 1.87767288e+02, 2.46648254e+02, 1.88868469e+02,
    2.56026031e+02, 1.90442413e+02, 2.65309723e+02, 1.91581955e+02,
    2.07759171e+02, 1.93168533e+02, 2.17202667e+02, 1.94435577e+02,
    2.26787659e+02, 1.95758179e+02, 2.36092880e+02, 1.96964081e+02,
    2.45425827e+02, 1.98355469e+02, 2.54717621e+02, 1.99530518e+02,
    2.64109985e+02, 2.01097076e+02, 2.06531815e+02, 2.02632385e+02,
    2.15945175e+02, 2.03965271e+02, 2.25511856e+02, 2.05050400e+02,
    2.34698715e+02, 2.07139664e+02, 2.44288895e+02, 2.08108643e+02,
    2.53473770e+02, 2.09073975e+02, 2.62878967e+02, 2.10316971e+02,
    2.05114975e+02, 2.11889435e+02, 2.14743774e+02, 2.13215607e+02,
    2.24083832e+02, 2.14504837e+02, 2.33449005e+02, 2.15909714e+02,
    2.43044449e+02, 2.17159088e+02, 2.52182327e+02, 2.18332184e+02,
    2.61489899e+02, 2.19718536e+02, 2.03838440e+02, 2.21386459e+02,
    2.13455460e+02, 2.22444366e+02, 2.22745651e+02, 2.23832291e+02,
    2.31997208e+02, 2.25052399e+02, 2.41361969e+02, 2.26198563e+02,
    2.51055099e+02, 2.27654007e+02, 2.60205078e+02, 2.28958450e+02,
    2.02697418e+02, 2.30661377e+02, 2.12103775e+02, 2.31930023e+02,
    2.21504837e+02, 2.33324478e+02, 2.30919052e+02, 2.34496628e+02,
    2.40215622e+02, 2.35720703e+02, 2.49668900e+02, 2.37047729e+02,
    2.59048035e+02, 2.38300156e+02, 2.01331696e+02, 2.40070068e+02,
    2.10892563e+02, 2.41396729e+02, 2.20152954e+02, 2.42597473e+02,
    2.29709579e+02, 2.43699661e+02, 2.39131165e+02, 2.45141983e+02,
    2.48435104e+02, 2.46370895e+02, 2.57795532e+02, 2.47590012e+02,
    2.00075760e+02, 2.49397568e+02, 2.09517792e+02, 2.50708801e+02,
    2.19063004e+02, 2.51878006e+02, 2.28318130e+02, 2.53055008e+02,
    2.37835419e+02, 2.54462387e+02, 2.47171677e+02, 2.55723053e+02,
    2.56563385e+02, 2.57057159e+02 ]
