%YAML:1.0
---
points: [ 2.64668182e+02, 9.38428497e+01, 2.69373779e+02, 1.02850937e+02,
    2.74002197e+02, 1.11835930e+02, 2.78759613e+02, 1.20807213e+02,
    2.83435913e+02, 1.29689423e+02, 2.88203613e+02, 1.38635574e+02,
    2.92726929e+02, 1.47485275e+02, 2.55940079e+02, 9.92160110e+01,
    2.60662750e+02, 1.08129929e+02, 2.65352814e+02, 1.17058388e+02,
    2.69992462e+02, 1.25983101e+02, 2.74760529e+02, 1.34843185e+02,
    2.79399384e+02, 1.43564041e+02, 2.84109680e+02, 1.52472275e+02,
    2.47377411e+02, 1.04460739e+02, 2.52094284e+02, 1.13328438e+02,
    2.56806213e+02, 1.22173927e+02, 2.61454468e+02, 1.30959198e+02,
    2.66140656e+02, 1.39777893e+02, 2.70736267e+02, 1.48576996e+02,
    2.75284393e+02, 1.57385727e+02, 2.38916153e+02, 1.09636864e+02,
    2.43607269e+02, 1.18393127e+02, 2.48311188e+02, 1.27205849e+02,
    2.52960358e+02, 1.35970108e+02, 2.57580719e+02, 1.44753433e+02,
    2.62183868e+02, 1.53475861e+02, 2.66787750e+02, 1.62226059e+02,
    2.30595718e+02, 1.14719635e+02, 2.35218887e+02, 1.23493790e+02,
    2.39891083e+02, 1.32207184e+02, 2.44536896e+02, 1.40918701e+02,
    2.49137589e+02, 1.49638153e+02, 2.53744492e+02, 1.58292908e+02,
    2.58278198e+02, 1.66949219e+02, 2.22274139e+02, 1.19776176e+02,
    2.26943451e+02, 1.28357132e+02, 2.31567795e+02, 1.37073486e+02,
    2.36182068e+02, 1.45738388e+02, 2.40758911e+02, 1.54362396e+02,
    2.45378555e+02, 1.62989670e+02, 2.49878967e+02, 1.71654587e+02,
    2.14100082e+02, 1.24688850e+02, 2.18732620e+02, 1.33347168e+02,
    2.23277802e+02, 1.41987045e+02, 2.27911438e+02, 1.50652466e+02,
    2.32469330e+02, 1.59148712e+02, 2.37005157e+02, 1.67770355e+02,
    2.41539291e+02, 1.76322006e+02, 2.05968521e+02, 1.29585312e+02,
    2.10585831e+02, 1.38209427e+02, 2.15181015e+02, 1.46781723e+02,
    2.19800903e+02, 1.55357315e+02, 2.24309998e+02, 1.63887543e+02,
    2.28824966e+02, 1.72390961e+02, 2.33362457e+02, 1.80906113e+02,
    1.97868454e+02, 1.34348907e+02, 2.02512497e+02, 1.42981827e+02,
    2.07119415e+02, 1.51507355e+02, 2.11693359e+02, 1.60000381e+02,
    2.16217743e+02, 1.68462616e+02, 2.20704300e+02, 1.77032455e+02,
    2.25128586e+02, 1.85486969e+02 ]
