%YAML:1.0
---
points: [ 9.13270142e+02, 1.82247955e+02, 9.27009644e+02, 2.08739044e+02,
    9.41240356e+02, 2.35283310e+02, 9.54937500e+02, 2.61579498e+02,
    9.68846741e+02, 2.87809723e+02, 9.82725281e+02, 3.14178284e+02,
    9.96623474e+02, 3.40344086e+02, 8.87859619e+02, 1.97775192e+02,
    9.02005371e+02, 2.24155716e+02, 9.15802917e+02, 2.50440659e+02,
    9.29743774e+02, 2.76722168e+02, 9.43558472e+02, 3.02757751e+02,
    9.57373718e+02, 3.28809692e+02, 9.71123962e+02, 3.54831573e+02,
    8.63158508e+02, 2.13211075e+02, 8.77029236e+02, 2.39377731e+02,
    8.90888916e+02, 2.65459259e+02, 9.04699158e+02, 2.91550720e+02,
    9.18608521e+02, 3.17467590e+02, 9.32241150e+02, 3.43339905e+02,
    9.45970459e+02, 3.69245514e+02, 8.38575134e+02, 2.28362701e+02,
    8.52483398e+02, 2.54350983e+02, 8.66328491e+02, 2.80337311e+02,
    8.80185730e+02, 3.06246490e+02, 8.93744141e+02, 3.31962067e+02,
    9.07455383e+02, 3.57685425e+02, 9.20997437e+02, 3.83416199e+02,
    8.14307617e+02, 2.43281830e+02, 8.28067078e+02, 2.69137939e+02,
    8.41872009e+02, 2.95017456e+02, 8.55569458e+02, 3.20689056e+02,
    8.69291077e+02, 3.46295624e+02, 8.82756592e+02, 3.71867889e+02,
    8.96355530e+02, 3.97410980e+02, 7.90032043e+02, 2.58092285e+02,
    8.03832520e+02, 2.83787811e+02, 8.17615540e+02, 3.09435547e+02,
    8.31340942e+02, 3.34950867e+02, 8.44854187e+02, 3.60405060e+02,
    8.58356689e+02, 3.85720612e+02, 8.71786377e+02, 4.11217590e+02,
    7.66239746e+02, 2.72614716e+02, 7.79852844e+02, 2.98259521e+02,
    7.93585144e+02, 3.23673584e+02, 8.07269165e+02, 3.49144501e+02,
    8.20713440e+02, 3.74372009e+02, 8.34163574e+02, 3.99674896e+02,
    8.47489563e+02, 4.24908234e+02, 7.42489441e+02, 2.87007385e+02,
    7.56341064e+02, 3.12404205e+02, 7.69783630e+02, 3.37661316e+02,
    7.83521301e+02, 3.63051666e+02, 7.96872864e+02, 3.88173645e+02,
    8.10305115e+02, 4.13307861e+02, 8.23542480e+02, 4.38451782e+02,
    7.19000916e+02, 3.01360809e+02, 7.32555847e+02, 3.26526947e+02,
    7.46324890e+02, 3.51670166e+02, 7.59753052e+02, 3.76886871e+02,
    7.73237549e+02, 4.01751007e+02, 7.86525024e+02, 4.26790192e+02,
    7.99717590e+02, 4.51889801e+02 ]
