%YAML:1.0
---
points: [ 3.86188568e+02, 4.45743347e+02, 4.04825836e+02, 4.58195129e+02,
    4.23699585e+02, 4.70602570e+02, 4.42443085e+02, 4.82878021e+02,
    4.61057098e+02, 4.95142395e+02, 4.79532684e+02, 5.07254486e+02,
    4.98171722e+02, 5.19250916e+02, 3.70768768e+02, 4.61035126e+02,
    3.89752228e+02, 4.73567139e+02, 4.08670044e+02, 4.86017609e+02,
    4.27660278e+02, 4.98469543e+02, 4.46496063e+02, 5.10680695e+02,
    4.65343628e+02, 5.22892395e+02, 4.83917938e+02, 5.34988098e+02,
    3.55177673e+02, 4.76638214e+02, 3.74316589e+02, 4.89287598e+02,
    3.93585144e+02, 5.01697937e+02, 4.12617157e+02, 5.14273865e+02,
    4.31672211e+02, 5.26593018e+02, 4.50595306e+02, 5.38820312e+02,
    4.69578674e+02, 5.50907166e+02, 3.39307343e+02, 4.92597046e+02,
    3.58641998e+02, 5.05254761e+02, 3.78022888e+02, 5.17890625e+02,
    3.97514984e+02, 5.30414368e+02, 4.16590637e+02, 5.42794861e+02,
    4.35810577e+02, 5.55158691e+02, 4.54889221e+02, 5.67433838e+02,
    3.23090698e+02, 5.08667145e+02, 3.42606750e+02, 5.21546448e+02,
    3.62219269e+02, 5.34182373e+02, 3.81753448e+02, 5.46801147e+02,
    4.01141052e+02, 5.59315186e+02, 4.20591675e+02, 5.71763550e+02,
    4.39943665e+02, 5.83942444e+02, 3.06407043e+02, 5.25238220e+02,
    3.26325439e+02, 5.38007568e+02, 3.46146240e+02, 5.50772888e+02,
    3.65982391e+02, 5.63568848e+02, 3.85425018e+02, 5.76116699e+02,
    4.05117401e+02, 5.88581299e+02, 4.24534058e+02, 6.00839966e+02,
    2.89600464e+02, 5.42064697e+02, 3.09596008e+02, 5.54871765e+02,
    3.29712372e+02, 5.67818176e+02, 3.49575409e+02, 5.80541809e+02,
    3.69485229e+02, 5.93300110e+02, 3.89245117e+02, 6.05794250e+02,
    4.08994781e+02, 6.18254089e+02, 2.72479309e+02, 5.59157532e+02,
    2.92762939e+02, 5.72237183e+02, 3.12830505e+02, 5.85125305e+02,
    3.33147614e+02, 5.98114380e+02, 3.53100067e+02, 6.10688293e+02,
    3.73210052e+02, 6.23398743e+02, 3.92996521e+02, 6.35938477e+02,
    2.54960892e+02, 5.76594177e+02, 2.75447205e+02, 5.89708252e+02,
    2.95893738e+02, 6.02743103e+02, 3.16205780e+02, 6.15738953e+02,
    3.36504852e+02, 6.28588989e+02, 3.56646088e+02, 6.41400330e+02,
    3.76809906e+02, 6.53871887e+02 ]
