%YAML:1.0
---
points: [ 9.72302795e+02, 3.93443939e+02, 9.72593262e+02, 4.22697571e+02,
    9.72903198e+02, 4.51692535e+02, 9.73133606e+02, 4.80857880e+02,
    9.73346008e+02, 5.09866272e+02, 9.73605103e+02, 5.39196167e+02,
    9.73815491e+02, 5.68301392e+02, 9.43686829e+02, 3.94330566e+02,
    9.44066650e+02, 4.23460327e+02, 9.44360413e+02, 4.52318573e+02,
    9.44513000e+02, 4.81424866e+02, 9.44723755e+02, 5.10266052e+02,
    9.45009583e+02, 5.39379089e+02, 9.45222351e+02, 5.68340881e+02,
    9.15401733e+02, 3.95329559e+02, 9.15649841e+02, 4.24159851e+02,
    9.15914307e+02, 4.52999390e+02, 9.16326721e+02, 4.81782318e+02,
    9.16575623e+02, 5.10651642e+02, 9.16686523e+02, 5.39556091e+02,
    9.16826965e+02, 5.68520752e+02, 8.87293274e+02, 3.96127045e+02,
    8.87605103e+02, 4.24703033e+02, 8.87884888e+02, 4.53689362e+02,
    8.88190430e+02, 4.82350891e+02, 8.88461487e+02, 5.11118805e+02,
    8.88697815e+02, 5.39686218e+02, 8.88814819e+02, 5.68629761e+02,
    8.59445374e+02, 3.96816925e+02, 8.59685059e+02, 4.25506287e+02,
    8.60134949e+02, 4.54263367e+02, 8.60344116e+02, 4.82812744e+02,
    8.60518921e+02, 5.11436035e+02, 8.60662598e+02, 5.40014771e+02,
    8.60743225e+02, 5.68689941e+02, 8.31606873e+02, 3.97680176e+02,
    8.32074280e+02, 4.26214935e+02, 8.32396729e+02, 4.54750122e+02,
    8.32611816e+02, 4.83191864e+02, 8.32689148e+02, 5.11776306e+02,
    8.32952332e+02, 5.40214539e+02, 8.33038513e+02, 5.68822083e+02,
    8.04114319e+02, 3.98383972e+02, 8.04437073e+02, 4.26967743e+02,
    8.04926086e+02, 4.55289856e+02, 8.05225403e+02, 4.83689270e+02,
    8.05396790e+02, 5.11993011e+02, 8.05506226e+02, 5.40439819e+02,
    8.05503662e+02, 5.68922241e+02, 7.76719116e+02, 3.99170135e+02,
    7.77173523e+02, 4.27572266e+02, 7.77464783e+02, 4.55718445e+02,
    7.77859924e+02, 4.84177887e+02, 7.78100281e+02, 5.12337646e+02,
    7.78231140e+02, 5.40577087e+02, 7.78199585e+02, 5.69046570e+02,
    7.49463074e+02, 3.99786438e+02, 7.49779968e+02, 4.28176208e+02,
    7.50241821e+02, 4.56262604e+02, 7.50545898e+02, 4.84551422e+02,
    7.50775208e+02, 5.12615234e+02, 7.50902832e+02, 5.40801514e+02,
    7.50871582e+02, 5.69173035e+02 ]
