%YAML:1.0
---
points: [ 2.84373535e+02, 1.65523056e+02, 2.84406677e+02, 1.75507172e+02,
    2.84480591e+02, 1.85424698e+02, 2.84482758e+02, 1.95327057e+02,
    2.84583618e+02, 2.05181808e+02, 2.84836182e+02, 2.14853104e+02,
    2.84787384e+02, 2.24762161e+02, 2.74509827e+02, 1.65949310e+02,
    2.74668610e+02, 1.75702591e+02, 2.74680786e+02, 1.85553040e+02,
    2.74664307e+02, 1.95405838e+02, 2.74960236e+02, 2.05391479e+02,
    2.75083466e+02, 2.14940247e+02, 2.75106415e+02, 2.24992599e+02,
    2.64815186e+02, 1.66193573e+02, 2.64908813e+02, 1.75960510e+02,
    2.64999939e+02, 1.85790298e+02, 2.65108032e+02, 1.95596024e+02,
    2.65295776e+02, 2.05341705e+02, 2.65195740e+02, 2.15264389e+02,
    2.65226654e+02, 2.25061798e+02, 2.55206116e+02, 1.66427139e+02,
    2.55337631e+02, 1.76269882e+02, 2.55407715e+02, 1.86000717e+02,
    2.55517990e+02, 1.95707275e+02, 2.55626831e+02, 2.05455719e+02,
    2.55688110e+02, 2.15243546e+02, 2.55682617e+02, 2.25076324e+02,
    2.45700836e+02, 1.66743439e+02, 2.45795959e+02, 1.76465103e+02,
    2.45848328e+02, 1.86227737e+02, 2.45971466e+02, 1.95938751e+02,
    2.46067413e+02, 2.05551788e+02, 2.46097122e+02, 2.15353546e+02,
    2.46140564e+02, 2.25081467e+02, 2.36113892e+02, 1.67096313e+02,
    2.36316849e+02, 1.76668488e+02, 2.36502640e+02, 1.86396515e+02,
    2.36516098e+02, 1.96076233e+02, 2.36585709e+02, 2.05737610e+02,
    2.36689728e+02, 2.15502640e+02, 2.36687851e+02, 2.25195404e+02,
    2.26803604e+02, 1.67387497e+02, 2.26878326e+02, 1.77059357e+02,
    2.27004929e+02, 1.86603333e+02, 2.27061462e+02, 1.96302216e+02,
    2.27211151e+02, 2.05807449e+02, 2.27196243e+02, 2.15592789e+02,
    2.27267242e+02, 2.25160614e+02, 2.17461807e+02, 1.67638412e+02,
    2.17587021e+02, 1.77271713e+02, 2.17666534e+02, 1.86796127e+02,
    2.17814026e+02, 1.96430328e+02, 2.17774780e+02, 2.05985626e+02,
    2.17863724e+02, 2.15735413e+02, 2.17964645e+02, 2.25274536e+02,
    2.08183319e+02, 1.67762375e+02, 2.08276611e+02, 1.77434967e+02,
    2.08339020e+02, 1.87038208e+02, 2.08529251e+02, 1.96595779e+02,
    2.08578125e+02, 2.06117661e+02, 2.08590683e+02, 2.15697418e+02,
    2.08593536e+02, 2.25269012e+02 ]
