%YAML:1.0
---
points: [ 2.86216003e+02, 1.91609802e+02, 2.79822357e+02, 1.99248795e+02,
    2.73899780e+02, 2.07020370e+02, 2.67771637e+02, 2.14881882e+02,
    2.61917358e+02, 2.22674698e+02, 2.55861847e+02, 2.30366470e+02,
    2.49949280e+02, 2.38089752e+02, 2.77956024e+02, 1.85328262e+02,
    2.72113800e+02, 1.93106598e+02, 2.66070770e+02, 2.00996552e+02,
    2.60039307e+02, 2.08828934e+02, 2.54162964e+02, 2.16687714e+02,
    2.48350418e+02, 2.24410767e+02, 2.42383072e+02, 2.32138412e+02,
    2.70331726e+02, 1.79336731e+02, 2.64298981e+02, 1.87291107e+02,
    2.58366638e+02, 1.95110565e+02, 2.52417572e+02, 2.02944000e+02,
    2.46663437e+02, 2.10695969e+02, 2.40668304e+02, 2.18365158e+02,
    2.34789795e+02, 2.26133972e+02, 2.62580170e+02, 1.73493469e+02,
    2.56662231e+02, 1.81373688e+02, 2.50777863e+02, 1.89223633e+02,
    2.44851334e+02, 1.97008682e+02, 2.39017120e+02, 2.04753998e+02,
    2.33225357e+02, 2.12478256e+02, 2.27329163e+02, 2.20220901e+02,
    2.54947769e+02, 1.67627869e+02, 2.49011902e+02, 1.75501755e+02,
    2.43159668e+02, 1.83276932e+02, 2.37308060e+02, 1.91136887e+02,
    2.31504883e+02, 1.98785522e+02, 2.25643478e+02, 2.06476120e+02,
    2.19822021e+02, 2.14238205e+02, 2.47221588e+02, 1.61771088e+02,
    2.41426147e+02, 1.69638824e+02, 2.35579102e+02, 1.77475616e+02,
    2.29773407e+02, 1.85222641e+02, 2.24023560e+02, 1.92998840e+02,
    2.18185608e+02, 2.00659409e+02, 2.12335220e+02, 2.08376129e+02,
    2.39641556e+02, 1.55984604e+02, 2.33847916e+02, 1.63803757e+02,
    2.28050995e+02, 1.71629791e+02, 2.22220749e+02, 1.79385315e+02,
    2.16472244e+02, 1.87120300e+02, 2.10660782e+02, 1.94814117e+02,
    2.04881195e+02, 2.02450577e+02, 2.32055344e+02, 1.50175446e+02,
    2.26325272e+02, 1.58039993e+02, 2.20558960e+02, 1.65833862e+02,
    2.14801331e+02, 1.73635223e+02, 2.09028992e+02, 1.81303268e+02,
    2.03311325e+02, 1.88997681e+02, 1.97546036e+02, 1.96673737e+02,
    2.24559235e+02, 1.44331757e+02, 2.18769775e+02, 1.52229095e+02,
    2.13103485e+02, 1.60051651e+02, 2.07350830e+02, 1.67807129e+02,
    2.01637070e+02, 1.75513565e+02, 1.95866470e+02, 1.83172073e+02,
    1.90071396e+02, 1.90814575e+02 ]
