%YAML:1.0
---
points: [ 9.76511658e+02, 4.69167938e+02, 9.58835449e+02, 4.92399292e+02,
    9.41392883e+02, 5.15539673e+02, 9.23799805e+02, 5.38563599e+02,
    9.06430969e+02, 5.61475525e+02, 8.88977173e+02, 5.84339172e+02,
    8.71648743e+02, 6.07060425e+02, 9.53643677e+02, 4.51566498e+02,
    9.36212036e+02, 4.74718781e+02, 9.18736206e+02, 4.97909637e+02,
    9.01305847e+02, 5.20946716e+02, 8.83969482e+02, 5.43773804e+02,
    8.66734375e+02, 5.66623840e+02, 8.49471863e+02, 5.89398315e+02,
    9.31025146e+02, 4.34007935e+02, 9.13595154e+02, 4.57214813e+02,
    8.96319214e+02, 4.80370422e+02, 8.78946411e+02, 5.03355225e+02,
    8.61755127e+02, 5.26221863e+02, 8.44557983e+02, 5.48979370e+02,
    8.27328857e+02, 5.71715820e+02, 9.08491211e+02, 4.16662079e+02,
    8.91249695e+02, 4.39814270e+02, 8.73964539e+02, 4.62957306e+02,
    8.56748413e+02, 4.85850922e+02, 8.39641418e+02, 5.08691467e+02,
    8.22533203e+02, 5.31509827e+02, 8.05319275e+02, 5.54166565e+02,
    8.86035339e+02, 3.99421234e+02, 8.68747742e+02, 4.22571014e+02,
    8.51694214e+02, 4.45587463e+02, 8.34556946e+02, 4.68529083e+02,
    8.17582886e+02, 4.91382477e+02, 8.00484985e+02, 5.14118896e+02,
    7.83347229e+02, 5.36671082e+02, 8.63581482e+02, 3.82116913e+02,
    8.46538818e+02, 4.05300476e+02, 8.29505127e+02, 4.28372620e+02,
    8.12450684e+02, 4.51324677e+02, 7.95455566e+02, 4.74026489e+02,
    7.78512756e+02, 4.96680267e+02, 7.61381470e+02, 5.19390137e+02,
    8.41367737e+02, 3.64880524e+02, 8.24356323e+02, 3.88051605e+02,
    8.07340576e+02, 4.11057190e+02, 7.90349792e+02, 4.34049500e+02,
    7.73543823e+02, 4.56759003e+02, 7.56526672e+02, 4.79454315e+02,
    7.39464172e+02, 5.02006134e+02, 8.19136658e+02, 3.47787170e+02,
    8.02277893e+02, 3.70910767e+02, 7.85373169e+02, 3.93925507e+02,
    7.68521057e+02, 4.16933289e+02, 7.51687561e+02, 4.39573456e+02,
    7.34739502e+02, 4.62290619e+02, 7.17717712e+02, 4.84742126e+02,
    7.96982056e+02, 3.30669250e+02, 7.80171021e+02, 3.53790588e+02,
    7.63432068e+02, 3.76930908e+02, 7.46613037e+02, 3.99774994e+02,
    7.29905151e+02, 4.22473450e+02, 7.12982178e+02, 4.45155273e+02,
    6.96161255e+02, 4.67685547e+02 ]
