%YAML:1.0
---
points: [ 1.02220978e+03, 4.09291290e+02, 1.01834802e+03, 4.36739502e+02,
    1.01439813e+03, 4.64451538e+02, 1.01057422e+03, 4.92173584e+02,
    1.00674591e+03, 5.19877747e+02, 1.00266772e+03, 5.48125427e+02,
    9.99012451e+02, 5.76171265e+02, 9.94815552e+02, 4.04624023e+02,
    9.90879822e+02, 4.32320435e+02, 9.86796021e+02, 4.59963287e+02,
    9.83007141e+02, 4.87637604e+02, 9.79203491e+02, 5.15693848e+02,
    9.75179138e+02, 5.43793701e+02, 9.71279053e+02, 5.71907227e+02,
    9.67246704e+02, 4.00076508e+02, 9.63319946e+02, 4.27868500e+02,
    9.59305298e+02, 4.55457886e+02, 9.55294495e+02, 4.83317505e+02,
    9.51263794e+02, 5.11400085e+02, 9.47409241e+02, 5.39501038e+02,
    9.43406738e+02, 5.67677673e+02, 9.39500549e+02, 3.95524261e+02,
    9.35541199e+02, 4.23295624e+02, 9.31566162e+02, 4.50907074e+02,
    9.27520691e+02, 4.78945801e+02, 9.23391602e+02, 5.07087158e+02,
    9.19340088e+02, 5.35148132e+02, 9.15384888e+02, 5.63574951e+02,
    9.11770203e+02, 3.90704407e+02, 9.07579163e+02, 4.18511383e+02,
    9.03468079e+02, 4.46410400e+02, 8.99486755e+02, 4.74587280e+02,
    8.95425537e+02, 5.02606781e+02, 8.91203979e+02, 5.30712769e+02,
    8.86887390e+02, 5.59373474e+02, 8.83639771e+02, 3.85997284e+02,
    8.79663330e+02, 4.13660950e+02, 8.75504456e+02, 4.41730713e+02,
    8.71161926e+02, 4.69961731e+02, 8.67001343e+02, 4.97994171e+02,
    8.62843018e+02, 5.26472290e+02, 8.58540710e+02, 5.54984375e+02,
    8.55411499e+02, 3.81213623e+02, 8.51416626e+02, 4.08936279e+02,
    8.47199951e+02, 4.37174103e+02, 8.42753357e+02, 4.65430359e+02,
    8.38516602e+02, 4.93504547e+02, 8.34093201e+02, 5.22135437e+02,
    8.29708984e+02, 5.50497986e+02, 8.27193726e+02, 3.76334930e+02,
    8.22830200e+02, 4.04302338e+02, 8.18465637e+02, 4.32482208e+02,
    8.14125061e+02, 4.60639954e+02, 8.09714539e+02, 4.88873901e+02,
    8.05498352e+02, 5.17621826e+02, 8.01016479e+02, 5.46218262e+02,
    7.98371643e+02, 3.71245728e+02, 7.94121765e+02, 3.99292572e+02,
    7.89753540e+02, 4.27632233e+02, 7.85356445e+02, 4.55886597e+02,
    7.80834045e+02, 4.84436646e+02, 7.76269592e+02, 5.13058533e+02,
    7.71581970e+02, 5.41712769e+02 ]
