%YAML:1.0
---
points: [ 3.00651642e+02, 1.70869385e+02, 2.99365326e+02, 1.80299454e+02,
    2.97953491e+02, 1.89668488e+02, 2.96685150e+02, 1.99101013e+02,
    2.95467499e+02, 2.08665756e+02, 2.94208710e+02, 2.18079117e+02,
    2.92943329e+02, 2.27660187e+02, 2.91326630e+02, 1.69403076e+02,
    2.89984039e+02, 1.78758148e+02, 2.88693695e+02, 1.88084778e+02,
    2.87427338e+02, 1.97602005e+02, 2.86100830e+02, 2.07176544e+02,
    2.84919861e+02, 2.16602936e+02, 2.83620728e+02, 2.26286316e+02,
    2.82045044e+02, 1.67854446e+02, 2.80698517e+02, 1.77181732e+02,
    2.79456726e+02, 1.86678238e+02, 2.78113647e+02, 1.96163742e+02,
    2.76828430e+02, 2.05686386e+02, 2.75431213e+02, 2.15168488e+02,
    2.74117493e+02, 2.24823318e+02, 2.72688812e+02, 1.66279724e+02,
    2.71340240e+02, 1.75704041e+02, 2.70053375e+02, 1.85120804e+02,
    2.68622772e+02, 1.94723846e+02, 2.67312164e+02, 2.04147308e+02,
    2.66004333e+02, 2.13740097e+02, 2.64733612e+02, 2.23426956e+02,
    2.63320312e+02, 1.64663879e+02, 2.61972260e+02, 1.74083099e+02,
    2.60603058e+02, 1.83600632e+02, 2.59264343e+02, 1.93134201e+02,
    2.57928345e+02, 2.02671860e+02, 2.56497711e+02, 2.12206985e+02,
    2.55170563e+02, 2.21934982e+02, 2.53862015e+02, 1.63053101e+02,
    2.52560074e+02, 1.72472427e+02, 2.51177109e+02, 1.81991684e+02,
    2.49786865e+02, 1.91534363e+02, 2.48420914e+02, 2.01081207e+02,
    2.47038956e+02, 2.10711273e+02, 2.45656479e+02, 2.20431961e+02,
    2.44374481e+02, 1.61547180e+02, 2.42954865e+02, 1.70876221e+02,
    2.41553223e+02, 1.80448868e+02, 2.40111893e+02, 1.89949005e+02,
    2.38762299e+02, 1.99640442e+02, 2.37284378e+02, 2.09189774e+02,
    2.35955292e+02, 2.18946411e+02, 2.34812485e+02, 1.59798981e+02,
    2.33412506e+02, 1.69359344e+02, 2.31993790e+02, 1.78887177e+02,
    2.30540710e+02, 1.88560852e+02, 2.29136780e+02, 1.98037125e+02,
    2.27736618e+02, 2.07744629e+02, 2.26258438e+02, 2.17559814e+02,
    2.25170715e+02, 1.58061829e+02, 2.23765106e+02, 1.67727753e+02,
    2.22296707e+02, 1.77266312e+02, 2.20839676e+02, 1.86909943e+02,
    2.19333481e+02, 1.96581604e+02, 2.17866409e+02, 2.06283279e+02,
    2.16362793e+02, 2.16045578e+02 ]
