%YAML:1.0
---
points: [ 9.84253418e+02, 5.64613708e+02, 9.61187134e+02, 5.81484619e+02,
    9.37841858e+02, 5.98491760e+02, 9.14496765e+02, 6.15592041e+02,
    8.91044861e+02, 6.32695312e+02, 8.67335754e+02, 6.50076904e+02,
    8.43336060e+02, 6.67541748e+02, 9.67248596e+02, 5.41818726e+02,
    9.44217773e+02, 5.58523865e+02, 9.21009338e+02, 5.75385559e+02,
    8.97562317e+02, 5.92458496e+02, 8.74167419e+02, 6.09432861e+02,
    8.50458008e+02, 6.26597351e+02, 8.26541565e+02, 6.43957886e+02,
    9.50255249e+02, 5.19176453e+02, 9.27301514e+02, 5.35625061e+02,
    9.04125244e+02, 5.52474548e+02, 8.80784546e+02, 5.69357605e+02,
    8.57364258e+02, 5.86286926e+02, 8.33633362e+02, 6.03275391e+02,
    8.09683105e+02, 6.20489197e+02, 9.33539001e+02, 4.96625214e+02,
    9.10557251e+02, 5.13132141e+02, 8.87452209e+02, 5.29681702e+02,
    8.64198181e+02, 5.46497986e+02, 8.40720520e+02, 5.63322754e+02,
    8.17089661e+02, 5.80213867e+02, 7.93213440e+02, 5.97253967e+02,
    9.16910095e+02, 4.74152435e+02, 8.93942017e+02, 4.90622711e+02,
    8.70826416e+02, 5.07151611e+02, 8.47530518e+02, 5.23752686e+02,
    8.24159851e+02, 5.40429016e+02, 8.00498413e+02, 5.57197876e+02,
    7.76612183e+02, 5.74097168e+02, 9.00271851e+02, 4.51733429e+02,
    8.77324158e+02, 4.68201935e+02, 8.54334167e+02, 4.84534882e+02,
    8.30951843e+02, 5.01043091e+02, 8.07614807e+02, 5.17625061e+02,
    7.83914795e+02, 5.34261414e+02, 7.60011841e+02, 5.50922180e+02,
    8.83654175e+02, 4.29524780e+02, 8.60770752e+02, 4.45811523e+02,
    8.37734619e+02, 4.62127808e+02, 8.14497192e+02, 4.78506958e+02,
    7.91165039e+02, 4.94905365e+02, 7.67523315e+02, 5.11413757e+02,
    7.43664978e+02, 5.28008667e+02, 8.67385010e+02, 4.07483307e+02,
    8.44422180e+02, 4.23648865e+02, 8.21426819e+02, 4.39766235e+02,
    7.98167603e+02, 4.56190887e+02, 7.74772949e+02, 4.72453827e+02,
    7.51283325e+02, 4.88823853e+02, 7.27417114e+02, 5.05278503e+02,
    8.50925110e+02, 3.85387939e+02, 8.28147522e+02, 4.01474548e+02,
    8.05097595e+02, 4.17568695e+02, 7.81828369e+02, 4.33775635e+02,
    7.58478149e+02, 4.50021973e+02, 7.34936523e+02, 4.66355621e+02,
    7.11023987e+02, 4.82552887e+02 ]
