%YAML:1.0
---
points: [ 2.88104980e+02, 2.23722610e+02, 2.80299622e+02, 2.29475281e+02,
    2.72509399e+02, 2.35152588e+02, 2.64620789e+02, 2.40968216e+02,
    2.56612610e+02, 2.46742966e+02, 2.48844757e+02, 2.52670959e+02,
    2.40754837e+02, 2.58656647e+02, 2.82272491e+02, 2.15899567e+02,
    2.74477020e+02, 2.21641861e+02, 2.66677917e+02, 2.27349350e+02,
    2.58735291e+02, 2.33005402e+02, 2.50869858e+02, 2.38939972e+02,
    2.42948532e+02, 2.44758026e+02, 2.34941238e+02, 2.50729095e+02,
    2.76511780e+02, 2.08220032e+02, 2.68685516e+02, 2.13839417e+02,
    2.60932953e+02, 2.19574265e+02, 2.53046585e+02, 2.25318802e+02,
    2.45181107e+02, 2.31013794e+02, 2.37165894e+02, 2.36764160e+02,
    2.29159683e+02, 2.42514938e+02, 2.70679352e+02, 2.00599747e+02,
    2.62899170e+02, 2.06208847e+02, 2.55185104e+02, 2.11855560e+02,
    2.47326920e+02, 2.17512405e+02, 2.39422394e+02, 2.23244843e+02,
    2.31525681e+02, 2.28936661e+02, 2.23517822e+02, 2.34794724e+02,
    2.65041260e+02, 1.92967514e+02, 2.57208527e+02, 1.98531052e+02,
    2.49476944e+02, 2.04126389e+02, 2.41565506e+02, 2.09869110e+02,
    2.33771759e+02, 2.15424164e+02, 2.25832687e+02, 2.21138168e+02,
    2.17742218e+02, 2.26851852e+02, 2.59247345e+02, 1.85388168e+02,
    2.51618393e+02, 1.90916779e+02, 2.43813782e+02, 1.96514725e+02,
    2.35947174e+02, 2.02128281e+02, 2.28149261e+02, 2.07736588e+02,
    2.20236832e+02, 2.13428680e+02, 2.12131882e+02, 2.19087830e+02,
    2.53647812e+02, 1.77856720e+02, 2.45880447e+02, 1.83339966e+02,
    2.38146881e+02, 1.88863678e+02, 2.30306076e+02, 1.94523865e+02,
    2.22395599e+02, 2.00013077e+02, 2.14498138e+02, 2.05625824e+02,
    2.06535080e+02, 2.11268402e+02, 2.47988327e+02, 1.70404053e+02,
    2.40308060e+02, 1.75851746e+02, 2.32549835e+02, 1.81406525e+02,
    2.24762970e+02, 1.86943100e+02, 2.16899750e+02, 1.92448502e+02,
    2.08976471e+02, 1.98009750e+02, 2.00977631e+02, 2.03605530e+02,
    2.42443314e+02, 1.62873672e+02, 2.34727783e+02, 1.68393982e+02,
    2.27006607e+02, 1.73859665e+02, 2.19181015e+02, 1.79315933e+02,
    2.11291321e+02, 1.84833817e+02, 2.03378311e+02, 1.90356445e+02,
    1.95337265e+02, 1.95894623e+02 ]
