%YAML:1.0
---
points: [ 7.03395752e+02, 4.46753326e+02, 7.30847351e+02, 4.51223053e+02,
    7.58327759e+02, 4.55347931e+02, 7.85615845e+02, 4.59581635e+02,
    8.13159302e+02, 4.63782379e+02, 8.40736938e+02, 4.67802979e+02,
    8.68544373e+02, 4.71993347e+02, 6.98292603e+02, 4.74574249e+02,
    7.25728516e+02, 4.78829102e+02, 7.53418518e+02, 4.83204193e+02,
    7.80647766e+02, 4.87377380e+02, 8.08150269e+02, 4.91631287e+02,
    8.35823669e+02, 4.95977539e+02, 8.63721497e+02, 5.00281830e+02,
    6.93114197e+02, 5.02340240e+02, 7.20733765e+02, 5.06619995e+02,
    7.48291016e+02, 5.11125275e+02, 7.75606567e+02, 5.15315125e+02,
    8.03316956e+02, 5.19557556e+02, 8.30978943e+02, 5.23972961e+02,
    8.58746155e+02, 5.28369751e+02, 6.87975464e+02, 5.30029907e+02,
    7.15552856e+02, 5.34491150e+02, 7.43207092e+02, 5.39003845e+02,
    7.70502014e+02, 5.43440247e+02, 7.98195618e+02, 5.47727356e+02,
    8.26142456e+02, 5.52129333e+02, 8.53858521e+02, 5.56546875e+02,
    6.82814758e+02, 5.58098999e+02, 7.10558411e+02, 5.62557129e+02,
    7.38103394e+02, 5.66950317e+02, 7.65440125e+02, 5.71512329e+02,
    7.93293396e+02, 5.76052185e+02, 8.21161499e+02, 5.80630737e+02,
    8.48941284e+02, 5.85249512e+02, 6.77486694e+02, 5.86286743e+02,
    7.05250122e+02, 5.90827576e+02, 7.32815552e+02, 5.95356995e+02,
    7.60298340e+02, 5.99812622e+02, 7.88076172e+02, 6.04413208e+02,
    8.16054871e+02, 6.08955872e+02, 8.43948059e+02, 6.13633972e+02,
    6.72226074e+02, 6.14248474e+02, 6.99922302e+02, 6.19036377e+02,
    7.27523193e+02, 6.23569580e+02, 7.55002502e+02, 6.28311646e+02,
    7.82698669e+02, 6.33044678e+02, 8.10857666e+02, 6.37726746e+02,
    8.38715454e+02, 6.42494812e+02, 6.66655701e+02, 6.42711914e+02,
    6.94473572e+02, 6.47395874e+02, 7.22194885e+02, 6.52174927e+02,
    7.49730103e+02, 6.56686401e+02, 7.77606018e+02, 6.61587891e+02,
    8.05585449e+02, 6.66498840e+02, 8.33541931e+02, 6.71388977e+02,
    6.61280273e+02, 6.71192505e+02, 6.88961609e+02, 6.76069885e+02,
    7.16625793e+02, 6.80912964e+02, 7.44344482e+02, 6.85716370e+02,
    7.72315796e+02, 6.90669373e+02, 8.00434937e+02, 6.95560364e+02,
    8.28413818e+02, 7.00612915e+02 ]
