%YAML:1.0
---
points: [ 1.92560394e+02, 1.83772552e+02, 2.01898605e+02, 1.85225494e+02,
    2.11246414e+02, 1.86774918e+02, 2.20576096e+02, 1.88069168e+02,
    2.29963318e+02, 1.89560654e+02, 2.39331146e+02, 1.90943314e+02,
    2.48852982e+02, 1.92303253e+02, 1.90875519e+02, 1.93197952e+02,
    2.00223404e+02, 1.94713776e+02, 2.09601303e+02, 1.96081757e+02,
    2.18909775e+02, 1.97470795e+02, 2.28288315e+02, 1.98979584e+02,
    2.37798065e+02, 2.00400757e+02, 2.47268097e+02, 2.01824829e+02,
    1.89219070e+02, 2.02567291e+02, 1.98562698e+02, 2.03998245e+02,
    2.07879440e+02, 2.05431686e+02, 2.17314529e+02, 2.06929642e+02,
    2.26696899e+02, 2.08436096e+02, 2.36167358e+02, 2.09867294e+02,
    2.45631714e+02, 2.11431656e+02, 1.87524109e+02, 2.12079269e+02,
    1.96808670e+02, 2.13650375e+02, 2.06252045e+02, 2.15045441e+02,
    2.15678574e+02, 2.16489990e+02, 2.25004501e+02, 2.18014023e+02,
    2.34487717e+02, 2.19591324e+02, 2.43988159e+02, 2.20961884e+02,
    1.85813507e+02, 2.21454559e+02, 1.95166656e+02, 2.23015198e+02,
    2.04596268e+02, 2.24479156e+02, 2.13968033e+02, 2.25993225e+02,
    2.23443207e+02, 2.27603012e+02, 2.32820648e+02, 2.29120056e+02,
    2.42392822e+02, 2.30646637e+02, 1.84064056e+02, 2.31039810e+02,
    1.93491043e+02, 2.32494888e+02, 2.02855865e+02, 2.34054749e+02,
    2.12191315e+02, 2.35643265e+02, 2.21739426e+02, 2.37228943e+02,
    2.31172089e+02, 2.38800476e+02, 2.40759613e+02, 2.40293930e+02,
    1.82249680e+02, 2.40426102e+02, 1.91754440e+02, 2.42079010e+02,
    2.01080246e+02, 2.43705109e+02, 2.10545593e+02, 2.45209290e+02,
    2.19969971e+02, 2.46860306e+02, 2.29552994e+02, 2.48464355e+02,
    2.39076187e+02, 2.50113037e+02, 1.80547272e+02, 2.50160889e+02,
    1.89973053e+02, 2.51790237e+02, 1.99295792e+02, 2.53310913e+02,
    2.08803986e+02, 2.54855057e+02, 2.18280975e+02, 2.56565277e+02,
    2.27823578e+02, 2.58269104e+02, 2.37369705e+02, 2.59826782e+02,
    1.78707458e+02, 2.59741730e+02, 1.88159225e+02, 2.61416901e+02,
    1.97595749e+02, 2.63053741e+02, 2.06940018e+02, 2.64733765e+02,
    2.16540909e+02, 2.66429047e+02, 2.26095749e+02, 2.68065643e+02,
    2.35732758e+02, 2.69809204e+02 ]
