%YAML:1.0
---
points: [ 8.01999268e+02, 1.59692825e+02, 8.27074707e+02, 1.82197357e+02,
    8.51957092e+02, 2.04313644e+02, 8.76766968e+02, 2.26450790e+02,
    9.01750793e+02, 2.48606064e+02, 9.26697083e+02, 2.70827545e+02,
    9.51723328e+02, 2.92930145e+02, 7.80709167e+02, 1.86430954e+02,
    8.05474792e+02, 2.08602921e+02, 8.30432800e+02, 2.30810410e+02,
    8.55094604e+02, 2.52765228e+02, 8.79823364e+02, 2.74968872e+02,
    9.04618042e+02, 2.97056274e+02, 9.29466248e+02, 3.19259949e+02,
    7.59514221e+02, 2.12628189e+02, 7.84351013e+02, 2.34887695e+02,
    8.08903992e+02, 2.56919067e+02, 8.33481018e+02, 2.78999146e+02,
    8.58128174e+02, 3.00964752e+02, 8.82730591e+02, 3.23147919e+02,
    9.07456787e+02, 3.45159698e+02, 7.38610901e+02, 2.38807098e+02,
    7.63160522e+02, 2.60805969e+02, 7.87689514e+02, 2.82922089e+02,
    8.12065918e+02, 3.04760925e+02, 8.36495239e+02, 3.26850372e+02,
    8.61063782e+02, 3.48764954e+02, 8.85610291e+02, 3.70962494e+02,
    7.17892761e+02, 2.64599609e+02, 7.42353210e+02, 2.86715485e+02,
    7.66683105e+02, 3.08602509e+02, 7.90791138e+02, 3.30480652e+02,
    8.15270447e+02, 3.52426117e+02, 8.39572388e+02, 3.74289368e+02,
    8.63872131e+02, 3.96372284e+02, 6.97256653e+02, 2.90279999e+02,
    7.21477051e+02, 3.12064240e+02, 7.45637085e+02, 3.33986786e+02,
    7.69707153e+02, 3.55722107e+02, 7.93937317e+02, 3.77593903e+02,
    8.18127808e+02, 3.99588135e+02, 8.42339233e+02, 4.21589111e+02,
    6.76661011e+02, 3.15403564e+02, 7.00755493e+02, 3.37350159e+02,
    7.24794861e+02, 3.59038818e+02, 7.48708557e+02, 3.80775879e+02,
    7.72733582e+02, 4.02657288e+02, 7.96829651e+02, 4.24620789e+02,
    8.20901245e+02, 4.46567352e+02, 6.56246277e+02, 3.40505890e+02,
    6.80188293e+02, 3.62281128e+02, 7.04158203e+02, 3.84031372e+02,
    7.27812134e+02, 4.05668610e+02, 7.51723572e+02, 4.27557648e+02,
    7.75553467e+02, 4.49460571e+02, 7.99403076e+02, 4.71453308e+02,
    6.35825989e+02, 3.65329987e+02, 6.59560242e+02, 3.87200989e+02,
    6.83300598e+02, 4.08726257e+02, 7.07038391e+02, 4.30445221e+02,
    7.30671997e+02, 4.52244293e+02, 7.54473999e+02, 4.74041046e+02,
    7.78219482e+02, 4.96061981e+02 ]
