%YAML:1.0
---
points: [ 2.29854675e+02, 8.62841873e+01, 2.38351547e+02, 9.38092957e+01,
    2.46827118e+02, 1.01346931e+02, 2.55272171e+02, 1.08836639e+02,
    2.63803192e+02, 1.16292778e+02, 2.72366455e+02, 1.23812164e+02,
    2.80853424e+02, 1.31381638e+02, 2.22477570e+02, 9.54051666e+01,
    2.30969208e+02, 1.02878563e+02, 2.39385406e+02, 1.10348831e+02,
    2.47763550e+02, 1.17826820e+02, 2.56210175e+02, 1.25292702e+02,
    2.64713837e+02, 1.32796265e+02, 2.73289734e+02, 1.40275116e+02,
    2.15228165e+02, 1.04259933e+02, 2.23640564e+02, 1.11717293e+02,
    2.32019455e+02, 1.19205139e+02, 2.40382980e+02, 1.26637260e+02,
    2.48759827e+02, 1.34125519e+02, 2.57196716e+02, 1.41618240e+02,
    2.65619873e+02, 1.49111481e+02, 2.07975143e+02, 1.13171982e+02,
    2.16336746e+02, 1.20628502e+02, 2.24694412e+02, 1.28096191e+02,
    2.32997803e+02, 1.35504456e+02, 2.41282516e+02, 1.42941818e+02,
    2.49654602e+02, 1.50440262e+02, 2.58085327e+02, 1.57836746e+02,
    2.00882858e+02, 1.21896942e+02, 2.09164642e+02, 1.29323090e+02,
    2.17433243e+02, 1.36775253e+02, 2.25739166e+02, 1.44187775e+02,
    2.34030472e+02, 1.51618912e+02, 2.42288910e+02, 1.59030792e+02,
    2.50605301e+02, 1.66562149e+02, 1.93761002e+02, 1.30563843e+02,
    2.02036545e+02, 1.37969940e+02, 2.10236359e+02, 1.45383240e+02,
    2.18436676e+02, 1.52783783e+02, 2.26686646e+02, 1.60200943e+02,
    2.34909561e+02, 1.67625824e+02, 2.43215332e+02, 1.75082748e+02,
    1.86732208e+02, 1.39136993e+02, 1.94930084e+02, 1.46516693e+02,
    2.03061249e+02, 1.53928436e+02, 2.11202332e+02, 1.61247116e+02,
    2.19401550e+02, 1.68720230e+02, 2.27633194e+02, 1.76137039e+02,
    2.35795471e+02, 1.83620148e+02, 1.79723099e+02, 1.47665497e+02,
    1.87859650e+02, 1.55045944e+02, 1.95929230e+02, 1.62347977e+02,
    2.04119049e+02, 1.69681976e+02, 2.12258820e+02, 1.77119034e+02,
    2.20347763e+02, 1.84577423e+02, 2.28509918e+02, 1.91999130e+02,
    1.72761139e+02, 1.56000748e+02, 1.80840683e+02, 1.63424759e+02,
    1.88848312e+02, 1.70771347e+02, 1.96997589e+02, 1.78152390e+02,
    2.05016006e+02, 1.85533035e+02, 2.13162033e+02, 1.92878723e+02,
    2.21194305e+02, 2.00320084e+02 ]
