%YAML:1.0
---
cameraMatrix: !!opencv-matrix
   rows: 3
   cols: 3
   dt: d
   data: [ 3.7497804557311849e+02, 0., 2.5508393723365262e+02, 0.,
       3.7544091139054098e+02, 2.1388515981686069e+02, 0., 0., 1. ]
distortionCoefficients: !!opencv-matrix
   rows: 1
   cols: 5
   dt: d
   data: [ 1.5247432775415509e-01, -3.7015634301076800e-01,
       6.4187540485250816e-04, -1.9831872859442960e-03,
       1.4848260302124638e-01 ]
rotation: !!opencv-matrix
   rows: 3
   cols: 3
   dt: d
   data: [ 1., 0., 0., 0., 1., 0., 0., 0., 1. ]
projection: !!opencv-matrix
   rows: 4
   cols: 4
   dt: d
   data: [ 3.7497804557311849e+02, 0., 2.5508393723365262e+02, 0., 0.,
       3.7544091139054098e+02, 2.1388515981686069e+02, 0., 0., 0., 1.,
       0., 0., 0., 0., 1. ]
