%YAML:1.0
---
depthShift: -2.8504474471037373e+01
