%YAML:1.0
---
cameraMatrix: !!opencv-matrix
   rows: 3
   cols: 3
   dt: d
   data: [ 1.0894268384499951e+03, 0., 9.4846145605026379e+02, 0.,
       1.0887093908062179e+03, 5.4040201379059260e+02, 0., 0., 1. ]
distortionCoefficients: !!opencv-matrix
   rows: 1
   cols: 5
   dt: d
   data: [ 1.0443751185771373e-01, -1.3325566513310849e-01,
       1.1676642389045419e-03, -5.4225099968459702e-04,
       6.5025911881955403e-02 ]
rotation: !!opencv-matrix
   rows: 3
   cols: 3
   dt: d
   data: [ 1., 0., 0., 0., 1., 0., 0., 0., 1. ]
projection: !!opencv-matrix
   rows: 4
   cols: 4
   dt: d
   data: [ 1.0894268384499951e+03, 0., 9.4846145605026379e+02, 0., 0.,
       1.0887093908062179e+03, 5.4040201379059260e+02, 0., 0., 0., 1.,
       0., 0., 0., 0., 1. ]
