%YAML:1.0
---
rotation: !!opencv-matrix
   rows: 3
   cols: 3
   dt: d
   data: [ 9.9980493640975820e-01, 3.6290059981808581e-03,
       -1.9414413360814994e-02, -3.7650628149585147e-03,
       9.9996857884112333e-01, -6.9760757208809114e-03,
       1.9388487116813451e-02, 7.0478114283240309e-03,
       9.9978718481554463e-01 ]
translation: !!opencv-matrix
   rows: 3
   cols: 1
   dt: d
   data: [ -3.9773728831554771e-02, 1.6890542203303032e-03,
       -9.4454066600166593e-03 ]
essential: !!opencv-matrix
   rows: 3
   cols: 3
   dt: d
   data: [ -2.8143433973167574e-06, 9.4570140100304432e-03,
       1.6228028918700594e-03, -8.6724117760440325e-03,
       2.4604030318163485e-04, 3.9948641407375564e-02,
       -1.5389741599140423e-03, -3.9778608682798866e-02,
       3.1025654085303192e-04 ]
fundamental: !!opencv-matrix
   rows: 3
   cols: 3
   dt: d
   data: [ -1.4955295403137214e-09, 5.0192194737240039e-06,
       -7.4979267162737599e-04, -4.6115179114016165e-06,
       1.3066958401025560e-07, 9.1138542677843652e-03,
       1.6025543801837969e-03, -2.7831255014294887e-02, 1. ]
