%YAML:1.0
---
depthShift: 9.5794814382456845e+00
