%YAML:1.0
---
cameraMatrix: !!opencv-matrix
   rows: 3
   cols: 3
   dt: d
   data: [ 3.5969437080162919e+02, 0., 2.5544083282964672e+02, 0.,
       3.5972091316970722e+02, 2.1494378110303336e+02, 0., 0., 1. ]
distortionCoefficients: !!opencv-matrix
   rows: 1
   cols: 5
   dt: d
   data: [ 9.4855945767894828e-02, -2.9420210678863057e-01,
       7.2092795368142821e-04, -2.0066339388498063e-05,
       1.2651892948309321e-01 ]
rotation: !!opencv-matrix
   rows: 3
   cols: 3
   dt: d
   data: [ 1., 0., 0., 0., 1., 0., 0., 0., 1. ]
projection: !!opencv-matrix
   rows: 4
   cols: 4
   dt: d
   data: [ 3.5969437080162919e+02, 0., 2.5544083282964672e+02, 0., 0.,
       3.5972091316970722e+02, 2.1494378110303336e+02, 0., 0., 0., 1.,
       0., 0., 0., 0., 1. ]
