%YAML:1.0
---
rotation: !!opencv-matrix
   rows: 3
   cols: 3
   dt: d
   data: [ 9.9988107827826278e-01, -5.9309422117523802e-04,
       -1.5410306302711205e-02, 6.1924030152182927e-04,
       9.9999837692924043e-01, 1.6919457242115465e-03,
       1.5409277807462079e-02, -1.7012871978343688e-03,
       9.9987982266836595e-01 ]
translation: !!opencv-matrix
   rows: 3
   cols: 1
   dt: d
   data: [ -4.0874634519709227e-02, 1.3982841913969224e-04,
       -2.7999300285299357e-03 ]
essential: !!opencv-matrix
   rows: 3
   cols: 3
   dt: d
   data: [ 3.8884844710086671e-06, 2.7996875957460019e-03,
       1.4454894457325616e-04, -2.1697484574375201e-03,
       -6.7878870104923946e-05, 4.0912870094566942e-02,
       -1.6512301150791966e-04, -4.0874485245857781e-02,
       -6.7002864335565150e-05 ]
fundamental: !!opencv-matrix
   rows: 3
   cols: 3
   dt: d
   data: [ 2.3692887891723247e-09, 1.7047587946407664e-06,
       -3.3400501761480074e-04, -1.3204169727776845e-06,
       -4.1281175005689359e-08, 9.3753399004077691e-03,
       5.9695846144134149e-04, -2.8135868353673661e-02, 1. ]
