%YAML:1.0
---
rotation: !!opencv-matrix
   rows: 3
   cols: 3
   dt: d
   data: [ 9.9986175081970585e-01, -1.7907271803387413e-03,
       -1.6530957138594669e-02, 1.7879233427828131e-03,
       9.9999838466413493e-01, -1.8438883127595748e-04,
       1.6531260625638637e-02, 1.5480725552454968e-04,
       9.9986333739008593e-01 ]
translation: !!opencv-matrix
   rows: 3
   cols: 1
   dt: d
   data: [ -3.5600027180614863e-02, 1.3910620566261074e-03,
       9.7996622621221927e-03 ]
essential: !!opencv-matrix
   rows: 3
   cols: 3
   dt: d
   data: [ 5.4749644946869796e-06, -9.7994310858770250e-03,
       1.3926788987263083e-03, 1.0386820794449858e-02,
       -1.2037379066491688e-05, 3.5433164191159501e-02,
       -1.4545198630369644e-03, -3.5597478661979820e-02,
       2.9559834640437428e-05 ]
fundamental: !!opencv-matrix
   rows: 3
   cols: 3
   dt: d
   data: [ 7.8499605691981430e-09, -1.4049309671367595e-05,
       3.7360485543515500e-03, 1.4884324160091187e-05,
       -1.7248302969687699e-08, 1.4465397678321711e-02,
       -1.0231678056939973e-02, -4.1225821885739027e-02, 1. ]
