%YAML:1.0
---
depthShift: -1.3752497260834092e+01
