%YAML:1.0
---
cameraMatrix: !!opencv-matrix
   rows: 3
   cols: 3
   dt: d
   data: [ 3.6267443187814058e+02, 0., 2.5498259626274614e+02, 0.,
       3.6291189533338610e+02, 2.1430799176004649e+02, 0., 0., 1. ]
distortionCoefficients: !!opencv-matrix
   rows: 1
   cols: 5
   dt: d
   data: [ 1.0361225496707489e-01, -3.0032269654215465e-01,
       3.7940809482476260e-04, -1.9529762181542281e-04,
       1.2081906909907915e-01 ]
rotation: !!opencv-matrix
   rows: 3
   cols: 3
   dt: d
   data: [ 1., 0., 0., 0., 1., 0., 0., 0., 1. ]
projection: !!opencv-matrix
   rows: 4
   cols: 4
   dt: d
   data: [ 3.6267443187814058e+02, 0., 2.5498259626274614e+02, 0., 0.,
       3.6291189533338610e+02, 2.1430799176004649e+02, 0., 0., 0., 1.,
       0., 0., 0., 0., 1. ]
